first,second
s_box,[54.0 0.0 0.0 0.0; 0.0 0.0 0.0 0.0; 0.0 0.0 0.0 0.0; 0.0 21.0 0.0 21.0; 0.0 0.0 0.0 6.0; 0.0 0.0 13.0 0.0; 0.0 0.0 17.0 0.0; 0.0 0.0 0.0 0.0; 0.0 6.0 4.0 0.0; 13.0 39.0 32.0 39.0]
x_pb,"[-0.0, 73.0, 52.0, 24.0]"
s_bb,[-0.0 50.0 10.0 -0.0; -0.0 -0.0 30.0 -0.0; -0.0 -0.0 -0.0 -0.0; -0.0 -0.0 21.0 -0.0; -0.0 -0.0 -0.0 -0.0; -0.0 -0.0 -0.0 -0.0; -0.0 0.0 17.0 -0.0; -0.0 -0.0 -0.0 -0.0; -0.0 -0.0 -0.0 -0.0; 3.0 34.0 -0.0 -0.0]
partition_bb,"[[[54.0, 30.0, 22.0, 21.0, 8.0, 2.0, 0.0, 0.0, 0.0, 0.0], [6.0, 30.0, 21.0, 17.0, 8.0, 2.0, 0.0, 0.0, 0.0, 4.0], [53.0, 30.0, 22.0, 20.0, 8.0, 7.0, 0.0, 6.0, 0.0, 4.0]], [[32.0, 8.0, 0.0, 0.0, 8.0, 14.0, 17.0, 13.0, 19.0, 39.0], [50.0, 26.0, 22.0, 18.0, 8.0, 2.0, 0.0, 0.0, 2.0, 22.0], [6.0, 30.0, 21.0, 17.0, 8.0, 2.0, 0.0, 7.0, 13.0, 33.0], [6.0, 8.0, 17.0, 21.0, 8.0, 10.0, 17.0, 10.0, 16.0, 36.0]], [[0.0, 24.0, 22.0, 18.0, 8.0, 10.0, 17.0, 13.0, 9.0, 29.0], [6.0, 30.0, 22.0, 21.0, 8.0, 14.0, 7.0, 13.0, 19.0, 8.0], [54.0, 30.0, 22.0, 21.0, 8.0, 2.0, 0.0, 0.0, 4.0, 0.0]], Vector{Float64}[]]"
y_box,[0.0 0.0 0.0 0.0 0.0 0.0 0.0 0.0 0.0 0.0; 0.0 30.0 22.0 21.0 0.0 0.0 0.0 0.0 0.0 0.0; 0.0 0.0 0.0 0.0 8.0 14.0 17.0 13.0 0.0 0.0; 0.0 0.0 0.0 0.0 0.0 0.0 0.0 0.0 19.0 5.0;;; 0.0 0.0 0.0 0.0 0.0 0.0 0.0 0.0 0.0 0.0; 43.0 13.0 16.0 0.0 0.0 0.0 0.0 0.0 1.0 0.0; 0.0 12.0 0.0 0.0 8.0 14.0 17.0 0.0 1.0 0.0; 0.0 0.0 0.0 0.0 0.0 0.0 0.0 13.0 11.0 0.0;;; 0.0 0.0 0.0 0.0 0.0 0.0 0.0 0.0 0.0 0.0; 50.0 22.0 0.0 0.0 0.0 0.0 0.0 0.0 1.0 0.0; 0.0 5.0 22.0 17.0 8.0 0.0 0.0 0.0 0.0 0.0; 0.0 0.0 0.0 4.0 0.0 0.0 0.0 13.0 7.0 0.0;;; 0.0 0.0 0.0 0.0 0.0 0.0 0.0 0.0 0.0 0.0; 0.0 30.0 4.0 0.0 2.0 14.0 4.0 0.0 19.0 0.0; 34.0 0.0 18.0 0.0 0.0 0.0 0.0 0.0 0.0 0.0; 0.0 0.0 0.0 0.0 0.0 0.0 11.0 13.0 0.0 0.0]
evol_bb,"[[0.312, 8.304462229284663e6], [19.445, 8.210122417964097e6], [112.385, 8.210122417964096e6], [118.969, 8.021442795322965e6], [476.909, 8.021442795322964e6], [2297.543, 7.927102984002398e6]]"
y_bb,[0.0 -0.0 -0.0 0.0 -0.0 -0.0 -0.0 -0.0 -0.0 -0.0; 54.0 19.0 -0.0 -0.0 -0.0 -0.0 -0.0 -0.0 -0.0 -0.0; -0.0 11.0 20.0 21.0 -0.0 -0.0 -0.0 -0.0 -0.0 -0.0; -0.0 -0.0 2.0 -0.0 8.0 7.0 -0.0 6.0 -0.0 1.0;;; 0.0 0.0 -0.0 0.0 -0.0 -0.0 -0.0 -0.0 -0.0 -0.0; -0.0 30.0 22.0 21.0 0.0 0.0 -0.0 -0.0 -0.0 -0.0; -0.0 -0.0 -0.0 -0.0 8.0 14.0 17.0 13.0 -0.0 -0.0; -0.0 -0.0 -0.0 -0.0 -0.0 -0.0 -0.0 0.0 19.0 5.0;;; -0.0 0.0 -0.0 0.0 0.0 -0.0 -0.0 0.0 -0.0 -0.0; 44.0 -0.0 -0.0 -0.0 -0.0 -0.0 -0.0 0.0 0.0 29.0; -0.0 -0.0 22.0 -0.0 -0.0 11.0 0.0 -0.0 19.0 -0.0; -0.0 -0.0 -0.0 -0.0 8.0 3.0 -0.0 13.0 -0.0 -0.0;;; -0.0 -0.0 -0.0 -0.0 -0.0 -0.0 -0.0 -0.0 -0.0 -0.0; -0.0 -0.0 -0.0 -0.0 -0.0 -0.0 -0.0 -0.0 -0.0 -0.0; -0.0 -0.0 -0.0 -0.0 -0.0 -0.0 -0.0 -0.0 -0.0 -0.0; -0.0 -0.0 -0.0 -0.0 -0.0 -0.0 -0.0 -0.0 -0.0 -0.0]
evol_box,"[[0.412, 0.0], [2.079, 3384.9075729788747], [2.199, 97792.84270202773], [2.264, 97792.84270202773], [2.338, 97792.84270202773], [2.426, 1.1352805338145832e6], [2.792, 1.4183212573321864e6], [3.057, 2.456292439437088e6], [3.264, 3.022076760225921e6], [4.148, 3.116131787758568e6], [4.748, 3.116131787758568e6], [5.213, 3.6821700589256985e6], [5.632, 3.6823092883201526e6], [6.245, 3.871094409290816e6], [7.294, 4.342585168766374e6], [8.007, 4.3426655918333195e6], [9.307, 4.436767563217029e6], [10.647, 4.436767563217029e6], [11.851, 4.531178479638963e6], [12.756, 4.813999802041314e6], [13.694, 4.813999802041314e6], [15.751, 4.908546286836987e6], [17.603, 5.002857101446527e6], [21.088, 5.097138773912264e6], [25.869, 5.285837784128417e6], [37.097, 5.285809599466877e6], [39.116, 5.285864517343846e6], [48.57, 5.379989604090003e6], [53.753, 5.380000884044857e6], [57.078, 5.380143050928921e6], [60.81, 5.380144416413008e6], [68.335, 5.474360695790097e6], [73.405, 5.568672884244315e6], [76.419, 5.568684257061109e6], [79.72, 5.568700507110663e6], [87.73, 5.568828928712244e6], [90.995, 5.663029326248005e6], [116.641, 5.663242267677443e6], [142.935, 5.757341226930594e6], [170.751, 5.757341226930595e6], [195.633, 5.757348634818895e6], [442.492, 5.757357857613718e6], [448.451, 5.757525356680819e6], [471.996, 5.851667562425857e6], [496.252, 5.851667562425857e6], [502.104, 5.851776928530274e6], [521.806, 5.851821740167564e6], [529.114, 5.945994417595467e6], [566.846, 5.946193148633647e6], [574.489, 6.040320233416381e6], [679.853, 6.040334228916032e6], [717.815, 6.040360660892293e6], [746.134, 6.040465337478094e6], [768.844, 6.040563383947589e6], [913.343, 6.134765564357311e6], [946.075, 6.134790549394825e6], [1238.435, 6.134848292689016e6], [1290.855, 6.228986380232209e6], [1520.532, 6.228986380232209e6], [1675.609, 6.228986380232209e6], [1700.302, 6.229057682929807e6], [1930.162, 6.229089931171586e6], [1997.638, 6.229116882822193e6], [2249.079, 6.229137472519463e6], [3600.198, 6.323326191552776e6]]"
y_pb,[[-0.0 0.0 -0.0 -0.0 -0.0 -0.0 -0.0 -0.0 -0.0 -0.0; -0.0 30.0 22.0 21.0 -0.0 -0.0 -0.0 -0.0 -0.0 -0.0; -0.0 -0.0 -0.0 -0.0 8.0 14.0 17.0 13.0 -0.0 -0.0; -0.0 -0.0 -0.0 -0.0 -0.0 -0.0 -0.0 -0.0 19.0 5.0;;;]]
x_bb,"[0.0, 73.0, 52.0, 24.0]"
x_box,"[0.0, 73.0, 52.0, 24.0]"
evol_zeta,"[[2.159, 39.0], [2.207, 22.0], [2.268, 22.0], [2.346, 19.62500000000005], [2.433, 17.0], [2.798, 16.88888888888889], [3.066, 15.888888888888886], [3.268, 15.0], [4.156, 15.600000000000001], [4.755, 15.200000000000001], [5.219, 13.600000000000001], [5.641, 8.0], [6.255, 8.857142857142856], [7.301, 7.666666666666666], [8.017, 7.444444444444445], [9.315, 9.0], [10.654, 9.0], [11.861, 9.99999999999999], [12.764, 6.625000000000021], [13.704, 8.0], [15.759, 7.0], [17.612, 8.0], [21.1, 7.0], [25.881, 9.0], [37.109, 5.999999999999989], [39.129, 8.0], [48.582, 6.0], [53.762, 9.0], [57.086, 6.25], [60.817, 7.333333333333336], [68.343, 6.0], [73.414, 9.100000000000001], [76.431, 7.0], [79.733, 7.888888888888889], [87.738, 6.0], [91.006, 6.5000000000000355], [116.652, 8.0], [142.945, 7.888888888888889], [170.765, 6.888888888888886], [195.644, 7.49999999999999], [442.5, 5.0], [448.458, 6.111111111111111], [472.007, 6.000001436442793], [496.264, 7.0], [502.114, 5.0], [521.812, 7.000000000800014], [529.12, 6.111111111111114], [566.858, 5.25], [574.494, 6.0], [679.863, 6.600000000000001], [717.829, 5.125], [746.148, 5.299999999999997], [768.856, 4.0], [913.348, 4.111111111111111], [946.081, 6.0], [1238.449, 5.200000000000001], [1290.867, 4.299999999999997], [1520.544, 5.0], [1675.622, 6.0], [1700.317, 5.0], [1930.175, 4.400000000000001], [1997.648, 4.0], [2249.089, 4.5], [3600.215, 0.0]]"
ξ_box,[54.0 43.0 50.0 34.0; 30.0 25.0 27.0 30.0; 22.0 16.0 22.0 22.0; 21.0 21.0 21.0 21.0; 8.0 8.0 8.0 8.0; 14.0 14.0 13.0 14.0; 17.0 17.0 17.0 15.0; 13.0 13.0 13.0 13.0; 19.0 19.0 12.0 19.0; 18.0 39.0 32.0 39.0]
