first,second
s_box,[18.0 0.0 1.0 21.0 47.0; 18.0 0.0 0.0 16.0 41.0; 0.0 0.0 0.0 0.0 25.0; 0.0 23.0 27.0 28.0 0.0; 0.0 25.0 4.0 9.0 0.0; 0.0 0.0 40.0 0.0 0.0; 0.0 0.0 22.0 38.0 0.0; 0.0 0.0 0.0 0.0 0.0; 15.0 10.0 0.0 0.0 0.0; 61.0 54.0 18.0 0.0 0.0]
x_pb,"[0.0, 48.0, 51.0, 80.0]"
s_bb,[47.0 -0.0 -0.0 -0.0 -0.0; 42.0 -0.0 -0.0 -0.0 -0.0; 25.0 -0.0 -0.0 -0.0 -0.0; 39.0 -0.0 -0.0 -0.0 -0.0; 35.0 -0.0 -0.0 -0.0 -0.0; -0.0 -0.0 -0.0 -0.0 -0.0; -0.0 -0.0 -0.0 -0.0 -0.0; 34.0 -0.0 4.0 -0.0 -0.0; 54.0 -0.0 -0.0 -0.0 -0.0; -0.0 3.0 -0.0 -0.0 -0.0]
partition_bb,"[[[0.0, 0.0, 0.0, 0.0, 0.0, 4.0, 24.0, 44.0, 47.0, 61.0], [47.0, 42.0, 25.0, 14.0, 14.0, 20.0, 0.0, 0.0, 0.0, 14.0], [6.0, 11.0, 14.0, 28.0, 33.0, 48.0, 28.0, 8.0, 4.0, 0.0], [0.0, 0.0, 0.0, 11.0, 16.0, 31.0, 51.0, 31.0, 27.0, 14.0], [6.0, 11.0, 25.0, 39.0, 35.0, 32.0, 12.0, 0.0, 3.0, 17.0], [0.0, 0.0, 8.0, 0.0, 2.0, 12.0, 32.0, 52.0, 43.0, 35.0], [0.0, 0.0, 0.0, 0.0, 0.0, 10.0, 30.0, 45.0, 54.0, 40.0], [1.0, 0.0, 0.0, 0.0, 3.0, 13.0, 33.0, 53.0, 44.0, 36.0]], [[0.0, 0.0, 0.0, 0.0, 3.0, 13.0, 33.0, 53.0, 44.0, 36.0]], [[0.0, 1.0, 0.0, 0.0, 3.0, 13.0, 33.0, 53.0, 44.0, 36.0]], Vector{Float64}[], Vector{Float64}[]]"
y_box,[5.0 0.0 23.0 3.0 0.0 0.0 0.0 0.0 0.0 0.0; 0.0 0.0 0.0 18.0 17.0 7.0 0.0 0.0 0.0 0.0; 0.0 0.0 0.0 0.0 0.0 0.0 27.0 0.0 10.0 0.0; 0.0 0.0 0.0 0.0 0.0 0.0 0.0 47.0 22.0 0.0;;; 0.0 0.0 19.0 5.0 0.0 7.0 0.0 0.0 0.0 0.0; 0.0 0.0 0.0 0.0 0.0 24.0 18.0 0.0 0.0 0.0; 0.0 2.0 0.0 0.0 0.0 0.0 0.0 0.0 35.0 0.0; 0.0 0.0 0.0 0.0 0.0 0.0 26.0 43.0 0.0 0.0;;; 0.0 31.0 0.0 0.0 0.0 0.0 0.0 0.0 0.0 0.0; 0.0 0.0 14.0 0.0 23.0 2.0 0.0 3.0 0.0 0.0; 35.0 0.0 0.0 0.0 0.0 0.0 0.0 2.0 0.0 0.0; 0.0 0.0 0.0 0.0 0.0 0.0 0.0 19.0 27.0 23.0;;; 0.0 0.0 0.0 0.0 0.0 31.0 0.0 0.0 0.0 0.0; 0.0 0.0 11.0 0.0 24.0 0.0 0.0 0.0 7.0 0.0; 0.0 0.0 0.0 0.0 0.0 17.0 0.0 0.0 20.0 0.0; 0.0 0.0 13.0 0.0 0.0 0.0 0.0 36.0 0.0 20.0;;; 0.0 1.0 0.0 30.0 0.0 0.0 0.0 0.0 0.0 0.0; 0.0 0.0 0.0 0.0 25.0 17.0 0.0 0.0 0.0 0.0; 0.0 0.0 0.0 0.0 0.0 0.0 37.0 0.0 0.0 0.0; 0.0 0.0 0.0 0.0 0.0 0.0 0.0 17.0 19.0 33.0]
evol_bb,"[[7.17, 3.2937470784069937e7], [2813.495, 3.2937470784069933e7]]"
y_bb,[0.0 0.0 0.0 0.0 -0.0 -0.0 -0.0 -0.0 -0.0 -0.0; -0.0 -0.0 -0.0 -0.0 -0.0 48.0 -0.0 -0.0 -0.0 -0.0; -0.0 -0.0 -0.0 -0.0 -0.0 -0.0 51.0 -0.0 -0.0 -0.0; -0.0 -0.0 -0.0 -0.0 -0.0 -0.0 -0.0 19.0 -0.0 61.0;;; -0.0 -0.0 -0.0 -0.0 -0.0 -0.0 -0.0 0.0 -0.0 -0.0; -0.0 -0.0 -0.0 -0.0 3.0 -0.0 26.0 0.0 -0.0 19.0; -0.0 -0.0 -0.0 -0.0 -0.0 0.0 7.0 -0.0 44.0 -0.0; -0.0 -0.0 -0.0 -0.0 -0.0 13.0 -0.0 53.0 -0.0 14.0;;; -0.0 -0.0 -0.0 -0.0 -0.0 -0.0 -0.0 0.0 -0.0 -0.0; -0.0 -0.0 -0.0 -0.0 -0.0 13.0 -0.0 35.0 -0.0 -0.0; -0.0 -0.0 -0.0 -0.0 3.0 -0.0 33.0 14.0 0.0 1.0; -0.0 1.0 -0.0 -0.0 -0.0 0.0 -0.0 -0.0 44.0 35.0;;; -0.0 -0.0 -0.0 -0.0 -0.0 -0.0 -0.0 -0.0 -0.0 -0.0; -0.0 -0.0 -0.0 -0.0 -0.0 -0.0 -0.0 -0.0 -0.0 -0.0; -0.0 -0.0 -0.0 -0.0 -0.0 -0.0 -0.0 -0.0 -0.0 -0.0; -0.0 -0.0 -0.0 -0.0 -0.0 -0.0 -0.0 -0.0 -0.0 -0.0;;; -0.0 -0.0 -0.0 -0.0 -0.0 -0.0 -0.0 -0.0 -0.0 -0.0; -0.0 -0.0 -0.0 -0.0 -0.0 -0.0 -0.0 -0.0 -0.0 -0.0; -0.0 -0.0 -0.0 -0.0 -0.0 -0.0 -0.0 -0.0 -0.0 -0.0; -0.0 -0.0 -0.0 -0.0 -0.0 -0.0 -0.0 -0.0 -0.0 -0.0]
evol_box,"[[0.39, 0.0], [1.899, 121760.71432436022], [1.995, 244294.2516412634], [2.05, 244294.2516412634], [2.259, 481918.27491776936], [2.545, 481918.27491776936], [3.29, 6.925112688602248e6], [4.339, 6.925112688602248e6], [6.361, 7.162099371303029e6], [7.258, 7.758945290880021e6], [8.333, 7.75894529088002e6], [12.587, 8.236751846969285e6], [15.82, 9.190858469741624e6], [19.229, 9.190858469741622e6], [22.661, 1.026462544723809e7], [25.918, 1.0265638636163235e7], [30.459, 1.0265638636163235e7], [34.681, 1.0384274351764422e7], [48.455, 1.0980753359205265e7], [54.575, 1.1219492675083559e7], [64.109, 1.157739525206179e7], [81.601, 1.1696593581565382e7], [90.199, 1.1935299975018933e7], [104.593, 1.1935358216159444e7], [123.239, 1.2293260456302065e7], [142.45, 1.2412677958669363e7], [157.699, 1.2413295419344645e7], [183.846, 1.2413295419344645e7], [205.94, 1.2413309779506084e7], [304.18, 1.2532045549308073e7], [361.465, 1.2658258288426735e7], [395.755, 1.2652506046358105e7], [428.186, 1.2653453917351874e7], [461.713, 1.30104714214124e7], [515.311, 1.3009689383500095e7], [582.409, 1.3009689383500095e7], [3600.016, 1.3487047734413914e7]]"
y_pb,[[-0.0 -0.0 -0.0 -0.0 -0.0 -0.0 -0.0 -0.0 -0.0 -0.0; -0.0 -0.0 -0.0 -0.0 -0.0 48.0 -0.0 -0.0 -0.0 -0.0; -0.0 -0.0 -0.0 -0.0 -0.0 -0.0 51.0 -0.0 -0.0 -0.0; -0.0 -0.0 -0.0 -0.0 -0.0 -0.0 -0.0 19.0 -0.0 61.0;;;]]
x_bb,"[0.0, 48.0, 51.0, 80.0]"
x_box,"[31.0, 42.0, 37.0, 69.0]"
evol_zeta,"[[1.554, 60.8], [1.973, 46.999999999999964], [2.014, 42.888888888888886], [2.069, 35.55555555555556], [2.287, 34.0], [2.559, 32.22222222222222], [3.316, 27.875], [4.366, 25.22222222222223], [6.396, 24.75], [7.297, 25.28571428571429], [8.372, 23.0], [12.619, 23.49999999999993], [15.864, 21.125], [19.273, 20.77777777777778], [22.679, 22.299999999999997], [25.936, 20.714285714285715], [30.511, 18.999999999999943], [34.729, 19.714285714285715], [48.499, 18.88888889087778], [54.6, 20.0], [64.152, 19.14285714487143], [81.667, 17.299999999999994], [90.244, 18.4], [104.632, 17.428571428571423], [123.299, 17.57142857142857], [142.491, 16.888888888888886], [157.751, 18.0], [183.894, 17.555555555555554], [206.001, 16.500000001750003], [304.205, 17.333333333333332], [361.494, 17.666666666666668], [395.794, 15.250000001625006], [428.252, 16.42857142857143], [461.761, 15.666666668333335], [515.342, 16.5], [582.452, 16.0], [3600.032, 0.0]]"
ξ_box,[23.0 -0.0 36.0 21.0 47.0; 18.0 2.0 31.0 16.0 42.0; 23.0 19.0 14.0 24.0 25.0; 21.0 28.0 22.0 28.0 30.0; 17.0 25.0 27.0 33.0 25.0; 7.0 31.0 42.0 48.0 17.0; 27.0 44.0 22.0 38.0 37.0; 47.0 43.0 24.0 36.0 17.0; 47.0 45.0 27.0 27.0 19.0; 61.0 54.0 41.0 20.0 33.0]
