first,second
s_box,[0.0; 0.0; 0.0; 0.0; 1.0; 4.0; 0.0; 12.0; 2.0; 5.0;;]
x_pb,"[89.0, 28.0, -0.0, 11.0]"
s_bb,[0.0; 0.0; 0.0; 0.0; 1.0; 4.0; 0.0; 12.0; 2.0; 5.0;;]
partition_bb,"[[[34.0, 18.0, 17.0, 20.0, 1.0, 4.0, 28.0, 6.0, 0.0, 0.0], [10.0, 16.0, 17.0, 20.0, 1.0, 4.0, 4.0, 23.0, 2.0, 2.0], [10.0, 0.0, 0.0, 0.0, 0.0, 0.0, 4.0, 0.0, 2.0, 5.0]]]"
y_box,[34.0 18.0 17.0 20.0 -0.0 -0.0 -0.0 -0.0 -0.0 -0.0; -0.0 -0.0 -0.0 -0.0 0.0 0.0 28.0 -0.0 -0.0 -0.0; -0.0 -0.0 -0.0 -0.0 -0.0 -0.0 -0.0 -0.0 -0.0 -0.0; -0.0 -0.0 -0.0 -0.0 -0.0 -0.0 -0.0 11.0 0.0 0.0;;;]
evol_bb,"[[0.237, 2.83872729449525e6]]"
y_bb,[34.0 18.0 17.0 20.0 -0.0 -0.0 -0.0 -0.0 -0.0 -0.0; -0.0 -0.0 -0.0 -0.0 0.0 0.0 28.0 -0.0 -0.0 -0.0; -0.0 -0.0 -0.0 -0.0 -0.0 -0.0 -0.0 -0.0 -0.0 -0.0; -0.0 -0.0 -0.0 -0.0 -0.0 -0.0 -0.0 11.0 0.0 0.0;;;]
evol_box,"[[0.382, 0.0], [1.877, 2186.7410912003106], [1.945, 2.484155722030677e6], [1.947, 2.83872729449525e6]]"
y_pb,[[34.0 18.0 17.0 20.0 -0.0 -0.0 -0.0 -0.0 -0.0 -0.0; -0.0 -0.0 -0.0 -0.0 -0.0 -0.0 28.0 -0.0 -0.0 -0.0; -0.0 -0.0 -0.0 -0.0 -0.0 -0.0 -0.0 0.0 -0.0 -0.0; -0.0 -0.0 -0.0 -0.0 -0.0 -0.0 -0.0 11.0 -0.0 -0.0;;;]]
x_bb,"[89.0, 28.0, 0.0, 11.0]"
x_box,"[89.0, 28.0, 0.0, 11.0]"
evol_zeta,"[[1.548, 34.0], [1.944, 17.0], [1.946, 3.0], [1.949, 0.0]]"
ξ_box,[34.0; 18.0; 17.0; 20.0; 1.0; 4.0; 28.0; 23.0; 2.0; 5.0;;]
