first,second
s_box,[0.0 0.0 0.0; 0.0 3.0 0.0; 0.0 0.0 0.0; 7.0 0.0 0.0; 14.0 17.0 15.0; 6.0 11.0 16.0; 14.0 17.0 17.0; 0.0 0.0 0.0; 7.0 0.0 0.0; 0.0 0.0 0.0]
x_pb,"[-0.0, -0.0, 85.0, 38.0]"
s_bb,[-0.0 1.0 -0.0; -0.0 5.0 -0.0; 4.0 0.0 -0.0; -0.0 0.0 31.0; -0.0 17.0 16.0; 17.0 15.0 -0.0; 17.0 15.0 5.0; -0.0 0.0 -0.0; 11.0 -0.0 -0.0; -0.0 -0.0 -0.0]
partition_bb,"[[[1.0, 11.0, 28.0, 25.0, 1.0, 3.0, 3.0, 7.0, 11.0, 16.0], [0.0, 1.0, 18.0, 15.0, 17.0, 17.0, 17.0, 11.0, 11.0, 16.0], [1.0, 25.0, 8.0, 5.0, 17.0, 15.0, 15.0, 11.0, 11.0, 16.0], [0.0, 24.0, 27.0, 29.0, 5.0, 5.0, 5.0, 11.0, 11.0, 6.0]], [[1.0, 25.0, 8.0, 5.0, 12.0, 14.0, 14.0, 8.0, 9.0, 14.0], [0.0, 8.0, 25.0, 28.0, 17.0, 15.0, 15.0, 11.0, 4.0, 2.0], [0.0, 17.0, 34.0, 31.0, 6.0, 7.0, 7.0, 4.0, 11.0, 6.0], [0.0, 16.0, 33.0, 30.0, 5.0, 3.0, 3.0, 7.0, 11.0, 16.0]], [[1.0, 25.0, 34.0, 31.0, 10.0, 10.0, 10.0, 4.0, 0.0, 0.0], [1.0, 25.0, 16.0, 19.0, 0.0, 0.0, 0.0, 5.0, 9.0, 14.0], [0.0, 18.0, 15.0, 12.0, 15.0, 17.0, 17.0, 11.0, 4.0, 2.0], [0.0, 12.0, 29.0, 26.0, 16.0, 16.0, 16.0, 10.0, 3.0, 1.0]]]"
y_box,[1.0 0.0 0.0 0.0 0.0 0.0 0.0 0.0 0.0 0.0; 0.0 0.0 0.0 0.0 0.0 0.0 0.0 0.0 0.0 0.0; 0.0 25.0 34.0 24.0 0.0 0.0 0.0 0.0 0.0 0.0; 0.0 0.0 0.0 0.0 0.0 8.0 0.0 11.0 4.0 16.0;;; 1.0 0.0 0.0 0.0 0.0 0.0 0.0 0.0 0.0 0.0; 0.0 0.0 0.0 0.0 0.0 0.0 0.0 0.0 0.0 0.0; 0.0 20.0 32.0 31.0 0.0 0.0 0.0 0.0 0.0 0.0; 0.0 0.0 0.0 0.0 0.0 6.0 0.0 11.0 11.0 11.0;;; 1.0 0.0 0.0 0.0 0.0 0.0 0.0 0.0 0.0 0.0; 0.0 0.0 0.0 0.0 0.0 0.0 0.0 0.0 0.0 0.0; 0.0 25.0 28.0 28.0 2.0 0.0 0.0 0.0 0.0 0.0; 0.0 0.0 0.0 0.0 0.0 1.0 0.0 11.0 11.0 16.0]
evol_bb,"[[0.33, 6.308254005203323e6], [0.347, 6.3082540052033225e6], [42.125, 6.086984938228293e6], [63.356, 5.865734130039881e6], [201.787, 5.865715871253265e6], [537.754, 5.865715871253264e6]]"
y_bb,[0.0 -0.0 -0.0 -0.0 -0.0 -0.0 -0.0 -0.0 -0.0 -0.0; -0.0 -0.0 -0.0 -0.0 0.0 -0.0 -0.0 -0.0 -0.0 -0.0; 1.0 0.0 24.0 27.0 17.0 0.0 0.0 0.0 -0.0 16.0; -0.0 25.0 -0.0 2.0 -0.0 -0.0 -0.0 11.0 0.0 -0.0;;; 0.0 -0.0 -0.0 -0.0 -0.0 -0.0 -0.0 -0.0 -0.0 -0.0; -0.0 -0.0 -0.0 -0.0 -0.0 -0.0 -0.0 -0.0 -0.0 -0.0; -0.0 20.0 34.0 31.0 -0.0 -0.0 -0.0 -0.0 -0.0 -0.0; -0.0 -0.0 -0.0 -0.0 -0.0 -0.0 -0.0 11.0 11.0 16.0;;; -0.0 -0.0 -0.0 -0.0 -0.0 0.0 -0.0 -0.0 -0.0 -0.0; 0.0 -0.0 -0.0 -0.0 -0.0 -0.0 -0.0 -0.0 -0.0 -0.0; 1.0 13.0 34.0 -0.0 -0.0 0.0 12.0 11.0 0.0 14.0; -0.0 12.0 -0.0 -0.0 -0.0 17.0 -0.0 -0.0 9.0 -0.0]
evol_box,"[[0.397, 0.0], [1.951, 223726.79640948243], [2.045, 223726.79640948243], [2.066, 223726.79640948243], [2.199, 1.8831095442003896e6], [2.322, 2.436139902429809e6], [2.478, 3.321171924598118e6], [2.71, 3.3211719245981327e6], [2.88, 3.874295394563282e6], [3.046, 3.8744228381277537e6], [3.447, 3.8744228381277653e6], [3.832, 3.9849505505221495e6], [4.035, 3.9849505505221495e6], [4.331, 4.095736237657735e6], [4.743, 4.316915428209417e6], [5.281, 4.53819367948382e6], [5.767, 4.538193679483819e6], [6.356, 4.53819367948382e6], [7.183, 4.538193679483818e6], [7.708, 4.538193679483763e6], [9.371, 4.53819367948382e6], [10.324, 4.538193679483819e6], [10.768, 4.53819367948382e6], [11.107, 4.538225295365984e6], [11.93, 4.648737128975885e6], [14.034, 4.7593716624634e6], [16.27, 4.759383125255337e6], [17.82, 4.759439741884888e6], [18.774, 4.759439741884889e6], [20.913, 4.75943974188489e6], [24.434, 4.870005069865633e6], [25.729, 4.8700913497551e6], [28.244, 4.980647245214439e6], [29.726, 4.980696689003574e6], [32.742, 4.980696689003574e6], [35.106, 4.980696689003574e6], [36.531, 4.9807025099342195e6], [38.987, 4.980705231113624e6], [42.487, 4.980758690445581e6], [43.809, 4.980764115336908e6], [46.435, 5.091274136840662e6], [51.085, 5.091274136840662e6], [54.378, 5.091275262925943e6], [57.958, 5.091275262925943e6], [60.716, 5.091275262925943e6], [62.96, 5.091322038050383e6], [66.196, 5.091325162562916e6], [69.732, 5.091325147758098e6], [75.018, 5.091325162562915e6], [80.023, 5.091374405176138e6], [83.198, 5.09138688992276e6], [87.464, 5.201908670328177e6], [94.069, 5.201908670328177e6], [98.296, 5.201908670328161e6], [100.631, 5.201908645390464e6], [106.522, 5.201908670328177e6], [111.622, 5.201908670328176e6], [118.146, 5.201908670328177e6], [125.219, 5.201908670328177e6], [131.045, 5.201908670328177e6], [139.04, 5.201956345370533e6], [156.039, 5.2019567358735e6], [168.945, 5.201958357301662e6], [181.663, 5.201958357301662e6], [185.496, 5.201958281286167e6], [193.111, 5.201958357301662e6], [197.114, 5.201958357301662e6], [202.456, 5.201959457052904e6], [217.155, 5.2019756690132795e6], [227.048, 5.201986750525024e6], [231.864, 5.201990049637416e6], [244.111, 5.202014850522067e6], [252.456, 5.202014346053462e6], [276.909, 5.312543203815691e6], [291.397, 5.312543203815691e6], [296.493, 5.312543203815692e6], [303.607, 5.312543203815691e6], [308.589, 5.312543109013985e6], [343.876, 5.312543203815691e6], [357.25, 5.3125851215816885e6], [363.757, 5.312585209432842e6], [375.064, 5.312585209432842e6], [388.074, 5.312585111359193e6], [405.538, 5.312585209432842e6], [421.149, 5.312585209432842e6], [426.363, 5.312585209432843e6], [472.266, 5.312585209432842e6], [484.216, 5.3125879306122465e6], [511.911, 5.3125879306122465e6], [539.279, 5.3125879306122465e6], [548.22, 5.312587835788494e6], [590.104, 5.3125879306122465e6], [599.226, 5.312587857723438e6], [614.883, 5.3125879306122465e6], [625.741, 5.312587896619027e6], [631.09, 5.3125879306122465e6], [641.335, 5.3125879306122465e6], [647.152, 5.312614923680197e6], [674.426, 5.312629804210988e6], [683.532, 5.312628819486201e6], [704.506, 5.312629804210988e6]]"
y_pb,[[0.0 -0.0 -0.0 -0.0 -0.0 -0.0 -0.0 -0.0 -0.0 -0.0; -0.0 0.0 -0.0 -0.0 -0.0 -0.0 -0.0 -0.0 -0.0 -0.0; -0.0 20.0 34.0 31.0 -0.0 -0.0 -0.0 -0.0 -0.0 -0.0; -0.0 -0.0 -0.0 -0.0 -0.0 -0.0 -0.0 11.0 11.0 16.0;;;]]
x_bb,"[0.0, 0.0, 85.0, 38.0]"
x_box,"[1.0, 0.0, 83.0, 39.0]"
evol_zeta,"[[1.6, 34.0], [2.024, 16.0], [2.05, 16.000000000000004], [2.097, 16.0], [2.203, 11.222222222222221], [2.328, 10.999999999999968], [2.5, 7.0], [2.716, 6.222222222222221], [2.886, 5.000000000000028], [3.062, 5.333334666487062], [3.48, 4.555555555555557], [3.839, 6.0], [4.054, 5.555555555555558], [4.363, 5.111111111111111], [4.75, 7.000000000000003], [5.311, 3.7777777777777777], [5.802, 3.625000000000002], [6.361, 4.0], [7.197, 3.2222222222222214], [7.716, 4.0], [9.376, 3.0], [10.327, 3.0], [10.771, 3.0], [11.11, 5.0], [11.96, 3.444444444444443], [14.052, 2.500000000350001], [16.285, 3.0], [17.824, 4.0], [18.804, 3.1111111111111107], [20.92, 3.0], [24.461, 2.1250017248142434], [25.735, 2.2222224443526013], [28.264, 2.0], [29.732, 2.3333333333333326], [32.749, 2.666666666666667], [35.145, 1.7777777777777786], [36.568, 1.875], [39.006, 2.625], [42.527, 1.333333333333334], [43.817, 2.0000000002999734], [46.455, 2.25], [51.114, 1.0000000002000011], [54.412, 1.875], [57.978, 1.625], [60.753, 1.375], [62.965, 1.1250000002125002], [66.2, 1.2500000002250005], [69.74, 1.0000032710587674], [75.052, 0.999999999999992], [80.043, 0.9999999242771196], [83.233, 1.5555555555555554], [87.489, 1.0], [94.105, 1.5555555555555571], [98.335, 1.4444444444444446], [100.637, 1.7777777269467627], [106.558, 1.1111111111111107], [111.66, 1.0000000002000036], [118.168, 1.3333352495371678], [125.224, 0.7777777777777786], [131.052, 0.875], [139.047, 0.7499955906921123], [156.058, 2.0], [168.961, 1.4444444444444446], [181.668, 2.1111111111111107], [185.501, 1.0000017278197362], [193.138, 1.0], [197.134, 1.0], [202.497, 0.625], [217.175, 1.6666666666666679], [227.082, 2.125], [231.89, 0.7777777777777786], [244.131, 0.6666666666666661], [252.485, 0.4444488887128131], [276.946, 0.33333333333333215], [291.437, 1.0], [296.514, 1.0], [303.63, 1.1111111111111107], [308.595, 0.44444444444444386], [343.883, 0.25], [357.275, 1.0000015834656288], [363.771, 1.0], [375.102, 0.875], [388.112, 0.3750002211998762], [405.58, 0.3333333333333339], [421.191, 0.22222231942926385], [426.414, 0.44444444444444287], [472.282, 0.11111111111111094], [484.237, 0.7777777777777787], [511.928, 0.7777777777777806], [539.303, 0.5555555555555571], [548.242, 0.44444463455096184], [590.129, 0.5555555555555571], [599.233, 0.33333333333333215], [614.896, 1.0], [625.766, 0.11111111122222184], [631.125, 0.7777777777777786], [641.349, 0.5555555555555554], [647.164, 0.25], [674.439, 0.625], [683.547, 8.891804405664061e-6], [704.517, 0.0]]"
ξ_box,[1.0 1.0 1.0; 25.0 23.0 25.0; 34.0 32.0 28.0; 31.0 31.0 28.0; 14.0 17.0 17.0; 14.0 17.0 17.0; 14.0 17.0 17.0; 11.0 11.0 11.0; 11.0 11.0 11.0; 16.0 11.0 16.0]
