first,second
s_box,[-0.0 -0.0; -0.0 -0.0; 16.0 16.0; 37.0 37.0; 35.0 41.0; 16.0 19.0; -0.0 -0.0; -0.0 -0.0; -0.0 -0.0; 9.0 -0.0]
x_pb,"[20.000000000000004, 2.0, 100.0, 47.0]"
s_bb,[0.0 -0.0; 0.0 -0.0; 16.0 16.0; 37.0 37.0; 16.0 41.0; 35.0 19.0; 0.0 -0.0; -0.0 -0.0; 7.0 -0.0; 2.0 -0.0]
partition_bb,"[[[0.0, 0.0, 0.0, 18.0, 26.0, 28.0, 35.0, 51.0, 10.0, 7.0], [20.0, 2.0, 0.0, 21.0, 21.0, 23.0, 30.0, 46.0, 5.0, 2.0], [18.0, 0.0, 0.0, 21.0, 22.0, 20.0, 13.0, 29.0, 22.0, 25.0], [0.0, 2.0, 16.0, 37.0, 29.0, 27.0, 20.0, 4.0, 0.0, 0.0], [0.0, 0.0, 3.0, 24.0, 30.0, 34.0, 29.0, 45.0, 4.0, 1.0], [0.0, 0.0, 6.0, 27.0, 35.0, 31.0, 28.0, 44.0, 3.0, 0.0], [0.0, 0.0, 0.0, 21.0, 29.0, 31.0, 38.0, 46.0, 5.0, 2.0], [0.0, 0.0, 4.0, 25.0, 31.0, 35.0, 28.0, 44.0, 3.0, 0.0], [0.0, 0.0, 1.0, 22.0, 30.0, 32.0, 39.0, 44.0, 3.0, 0.0]], [[20.0, 2.0, 1.0, 22.0, 30.0, 32.0, 39.0, 23.0, 0.0, 0.0], [0.0, 2.0, 16.0, 13.0, 21.0, 17.0, 23.0, 39.0, 19.0, 19.0], [0.0, 0.0, 13.0, 34.0, 36.0, 40.0, 33.0, 17.0, 0.0, 0.0], [0.0, 0.0, 12.0, 33.0, 41.0, 37.0, 32.0, 16.0, 0.0, 0.0], [0.0, 0.0, 1.0, 22.0, 30.0, 32.0, 39.0, 43.0, 2.0, 0.0], [0.0, 0.0, 5.0, 26.0, 34.0, 36.0, 43.0, 27.0, 0.0, 0.0], [0.0, 2.0, 16.0, 37.0, 33.0, 37.0, 30.0, 14.0, 0.0, 0.0], [0.0, 0.0, 10.0, 31.0, 37.0, 41.0, 34.0, 18.0, 0.0, 0.0], [0.0, 0.0, 5.0, 26.0, 32.0, 36.0, 29.0, 44.0, 3.0, 0.0]]]"
y_box,[20.0 -0.0 -0.0 -0.0 -0.0 -0.0 -0.0 -0.0 -0.0 -0.0; -0.0 2.0 -0.0 0.0 -0.0 -0.0 -0.0 -0.0 -0.0 -0.0; -0.0 -0.0 -0.0 -0.0 -0.0 19.0 39.0 51.0 -0.0 -0.0; -0.0 -0.0 -0.0 -0.0 -0.0 -0.0 -0.0 -0.0 22.0 16.0;;; 20.0 -0.0 -0.0 -0.0 -0.0 -0.0 -0.0 -0.0 -0.0 -0.0; -0.0 2.0 -0.0 -0.0 -0.0 -0.0 -0.0 -0.0 -0.0 -0.0; -0.0 -0.0 -0.0 -0.0 -0.0 22.0 43.0 44.0 -0.0 -0.0; -0.0 -0.0 -0.0 -0.0 -0.0 -0.0 -0.0 -0.0 19.0 19.0]
evol_bb,"[[0.848, 1.4038511386836465e7], [16.646, 1.3929714039254421e7], [37.827, 1.3820902691672375e7], [70.733, 1.3385655635392843e7], [119.911, 1.3385655635392841e7], [119.925, 1.3288114359406557e7], [122.249, 1.3276858704298638e7], [123.078, 1.3168032107253075e7], [164.221, 1.3059220343183191e7], [167.799, 1.2950408579113308e7], [207.426, 1.295039374613763e7], [207.461, 1.2841740563433977e7], [208.665, 1.2841740563433975e7], [222.567, 1.284166189748262e7], [222.781, 1.262404335611402e7], [222.863, 1.2624016119879335e7], [242.116, 1.252181820000159e7], [246.244, 1.2515239963170957e7], [248.549, 1.2515176355809452e7], [251.166, 1.2406433579920067e7], [252.839, 1.2406372008227408e7], [258.559, 1.230617404854463e7], [258.598, 1.2297681475427615e7]]"
y_bb,[20.0 -0.0 -0.0 -0.0 -0.0 -0.0 -0.0 -0.0 -0.0 -0.0; 0.0 2.0 0.0 -0.0 -0.0 -0.0 -0.0 -0.0 -0.0 -0.0; -0.0 -0.0 -0.0 -0.0 19.0 0.0 39.0 51.0 -0.0 -0.0; -0.0 -0.0 -0.0 -0.0 -0.0 -0.0 -0.0 -0.0 15.0 23.0;;; 20.0 0.0 -0.0 -0.0 -0.0 -0.0 -0.0 -0.0 -0.0 -0.0; -0.0 2.0 -0.0 -0.0 -0.0 -0.0 -0.0 -0.0 -0.0 -0.0; -0.0 -0.0 -0.0 -0.0 0.0 22.0 43.0 44.0 -0.0 -0.0; -0.0 -0.0 -0.0 -0.0 -0.0 -0.0 -0.0 -0.0 19.0 19.0]
evol_box,"[[0.435, 0.0], [2.094, 655250.3353819115], [2.176, 655250.3353819116], [2.191, 5.9871968403732e6], [2.206, 6.312935469777445e6], [2.29, 7.945379595013093e6], [2.383, 8.489163334687125e6], [2.496, 8.489520954831893e6], [2.596, 9.033440068305634e6], [2.714, 9.46862779268246e6], [2.833, 9.46862779268243e6], [3.016, 1.0121426480808653e7], [3.158, 1.0230209225756772e7], [3.258, 1.033900657333881e7], [3.413, 1.0447782504433021e7], [3.525, 1.0556708350942098e7], [3.68, 1.0665398616084948e7], [3.836, 1.066539861608495e7], [4.028, 1.0774406081938881e7], [4.175, 1.0883188350927457e7], [4.359, 1.088322318884913e7], [4.666, 1.110064567236448e7], [4.967, 1.1100870209560607e7], [5.205, 1.1427148169867547e7], [5.499, 1.1535892728644017e7], [5.743, 1.1535892728644017e7], [6.032, 1.1644667410274705e7], [6.354, 1.164485565759229e7], [6.608, 1.164490212581507e7], [6.862, 1.1753523673271568e7], [7.196, 1.1753526755258864e7], [7.483, 1.17535595062473e7], [7.739, 1.175367128699071e7], [8.095, 1.1862328020853667e7], [8.367, 1.1862371270317186e7], [8.659, 1.1862378270317184e7], [8.904, 1.1862385686805025e7], [9.237, 1.1862403271990564e7], [9.515, 1.1971247909187099e7], [9.793, 1.1971261453096038e7], [10.058, 1.207989955681737e7], [10.343, 1.2079921883042078e7], [10.558, 1.2079951548993435e7], [10.863, 1.2079951548993435e7], [11.153, 1.2080012039656226e7], [11.497, 1.208006217284174e7], [11.885, 1.2188741043917041e7], [12.203, 1.21887410635998e7], [12.533, 1.2188741063599799e7], [12.866, 1.218874848008764e7], [13.25, 1.2188798729551155e7], [13.754, 1.2188823803726109e7], [14.284, 1.2188866056507874e7], [15.073, 1.2188873936911624e7], [15.393, 1.2188890173206588e7], [15.748, 1.2188893163514417e7], [17.623, 1.2297552827669684e7], [18.214, 1.2297552725897059e7], [18.926, 1.2297552788130943e7], [19.661, 1.2297560244157523e7], [20.285, 1.2297560244157467e7], [20.887, 1.2297593147857456e7], [21.326, 1.2297596077133201e7], [21.926, 1.2297596077133201e7], [22.433, 1.2297602683085378e7], [23.056, 1.229760349362104e7], [23.888, 1.229761049362104e7], [24.53, 1.229761049362104e7], [25.047, 1.229761788288794e7], [26.832, 1.229762719666917e7], [27.853, 1.2297627196669172e7], [28.428, 1.2297660349036735e7], [30.222, 1.2297660349037759e7], [30.889, 1.2297672439758768e7], [31.683, 1.2297675430066597e7], [32.533, 1.2297677703596668e7], [33.138, 1.2297681475427609e7]]"
y_pb,[[20.0 -0.0 -0.0 -0.0 -0.0 -0.0 -0.0 -0.0 -0.0 -0.0; -0.0 2.0 -0.0 -0.0 -0.0 -0.0 -0.0 -0.0 -0.0 -0.0; -0.0 -0.0 -0.0 -0.0 -0.0 6.0 43.0 51.0 -0.0 -0.0; -0.0 -0.0 -0.0 -0.0 -0.0 -0.0 -0.0 -0.0 22.0 24.999999999999996;;;]]
x_bb,"[20.0, 2.0, 109.0, 38.0]"
x_box,"[20.0, 2.0, 109.0, 38.0]"
evol_zeta,"[[1.747, 50.14285714285714], [2.167, 20.0], [2.18, 20.0], [2.195, 20.0], [2.211, 19.0], [2.299, 11.571428571428577], [2.389, 17.666666666666668], [2.503, 12.0], [2.602, 12.571428571428577], [2.723, 7.571428571428581], [2.84, 6.666666667433333], [3.026, 6.142857142857145], [3.164, 6.0], [3.266, 7.3750000000000036], [3.418, 9.333333333333329], [3.532, 8.874999999999996], [3.699, 6.125], [3.843, 6.714285714285708], [4.035, 7.749999999999997], [4.184, 5.125], [4.366, 5.999999999999999], [4.674, 7.0], [4.988, 8.0], [5.218, 4.999999999999993], [5.514, 3.625], [5.753, 5.000000000000005], [6.043, 5.0], [6.36, 6.0], [6.617, 3.833333333333337], [6.869, 4.714285714285715], [7.206, 5.5714285714285765], [7.492, 2.375], [7.748, 3.0], [8.104, 2.375], [8.377, 2.3749999999999996], [8.668, 3.0000000003999983], [8.914, 2.0], [9.255, 1.6666666666666714], [9.525, 1.2857142857142883], [9.803, 1.3750003599365446], [10.068, 4.250000439884111], [10.351, 3.4285714285714306], [10.568, 1.5714285714285765], [10.872, 1.1428571428571352], [11.163, 0.875], [11.507, 0.6666666668333505], [11.894, 2.0], [12.213, 1.0], [12.539, 0.8888888888888857], [12.876, 0.625], [13.26, 1.1428571428571441], [13.763, 0.12500229163144638], [14.292, 0.375], [15.083, 0.12500000011250023], [15.403, 0.666666666666669], [15.757, 1.8571428571428612], [17.633, 0.4285714285714235], [18.22, 0.1428571428571459], [18.935, 0.125], [19.671, 0.6250000000000013], [20.29, 0.37500000013750423], [20.896, 2.0], [21.336, 0.625], [21.933, 0.375], [22.441, 1.6666666666666643], [23.065, 0.125], [23.898, 0.5714285714285765], [24.541, 0.5], [25.058, 0.8571428573285687], [26.845, 0.125], [27.862, 0.12500000011250023], [28.437, 1.0], [30.229, 0.2857142857100925], [30.898, 0.125], [31.692, 0.125], [32.543, 0.12499914232036602], [33.148, 0.0]]"
ξ_box,[20.0 20.0; 2.0 2.0; 16.0 16.0; 37.0 37.0; 35.0 41.0; 35.0 41.0; 39.0 43.0; 51.0 44.0; 22.0 19.0; 25.0 19.0]
