first,second
s_box,[40.0 0.0; -0.0 34.0; 14.0 0.0; -0.0 0.0; -0.0 22.0; -0.0 0.0; 29.0 -0.0; -0.0 16.0; 36.0 34.0; -0.0 14.0]
x_pb,"[44.99999999999999, 38.0, 59.0, 22.000000000000007]"
s_bb,[-0.0 -0.0; 34.0 32.0; -0.0 23.0; -0.0 15.0; 22.0 22.0; 0.0 -0.0; 0.0 -0.0; 16.0 16.0; 34.0 11.0; 14.0 -0.0]
partition_bb,"[[[45.0, 24.0, 21.0, 15.0, 15.0, 6.0, 0.0, 0.0, 0.0, 0.0], [42.0, 34.0, 23.0, 15.0, 11.0, 2.0, 3.0, 16.0, 5.0, 13.0], [13.0, 34.0, 23.0, 15.0, 11.0, 2.0, 1.0, 7.0, 27.0, 31.0], [12.0, 33.0, 23.0, 15.0, 14.0, 23.0, 29.0, 16.0, 0.0, 0.0], [45.0, 24.0, 23.0, 15.0, 20.0, 11.0, 5.0, 0.0, 15.0, 7.0], [13.0, 34.0, 23.0, 15.0, 18.0, 27.0, 21.0, 13.0, 0.0, 0.0], [13.0, 34.0, 23.0, 15.0, 11.0, 2.0, 2.0, 11.0, 31.0, 23.0], [13.0, 34.0, 23.0, 15.0, 11.0, 2.0, 1.0, 11.0, 27.0, 35.0], [12.0, 33.0, 22.0, 14.0, 10.0, 1.0, 5.0, 14.0, 34.0, 26.0], [42.0, 21.0, 18.0, 15.0, 22.0, 22.0, 16.0, 8.0, 0.0, 0.0], [11.0, 32.0, 21.0, 13.0, 20.0, 29.0, 23.0, 15.0, 0.0, 0.0], [11.0, 32.0, 21.0, 13.0, 9.0, 0.0, 0.0, 13.0, 29.0, 37.0]], [[32.0, 21.0, 10.0, 2.0, 0.0, 2.0, 6.0, 16.0, 35.0, 40.0], [0.0, 0.0, 8.0, 14.0, 21.0, 30.0, 24.0, 16.0, 28.0, 20.0], [0.0, 12.0, 23.0, 15.0, 10.0, 11.0, 5.0, 16.0, 32.0, 40.0], [9.0, 30.0, 19.0, 11.0, 7.0, 3.0, 7.0, 16.0, 36.0, 28.0], [40.0, 19.0, 16.0, 10.0, 3.0, 2.0, 6.0, 15.0, 35.0, 27.0], [0.0, 0.0, 4.0, 10.0, 17.0, 26.0, 29.0, 16.0, 36.0, 28.0], [10.0, 31.0, 20.0, 12.0, 8.0, 0.0, 1.0, 14.0, 30.0, 38.0], [0.0, 16.0, 9.0, 15.0, 22.0, 13.0, 7.0, 14.0, 30.0, 38.0], [11.0, 32.0, 21.0, 13.0, 9.0, 0.0, 1.0, 14.0, 30.0, 38.0]]]"
y_box,[-0.0 33.0 9.0 0.0 3.0 -0.0 0.0 -0.0 -0.0 -0.0; -0.0 -0.0 -0.0 15.0 19.0 4.0 -0.0 -0.0 -0.0 -0.0; -0.0 -0.0 -0.0 -0.0 -0.0 25.0 -0.0 16.0 -0.0 18.0; -0.0 -0.0 -0.0 -0.0 -0.0 -0.0 -0.0 -0.0 -0.0 22.0;;; 45.0 0.0 -0.0 -0.0 -0.0 -0.0 -0.0 -0.0 -0.0 -0.0; -0.0 -0.0 23.0 15.0 -0.0 -0.0 -0.0 -0.0 -0.0 -0.0; -0.0 -0.0 -0.0 -0.0 -0.0 30.0 29.0 0.0 -0.0 -0.0; -0.0 -0.0 -0.0 -0.0 -0.0 -0.0 -0.0 -0.0 -0.0 22.0]
evol_bb,"[[0.538, 1.3661156775103537e7], [0.605, 1.3661156775103536e7], [1.331, 1.3661156775103534e7], [8.204, 1.3444348017478518e7], [24.237, 1.3335966255526638e7], [43.162, 1.3335961315997977e7], [59.339, 1.3227562829629455e7], [60.992, 1.311912356578883e7], [76.547, 1.3010764063816527e7], [77.521, 1.3010755701397995e7], [81.817, 1.301072307942031e7]]"
y_bb,[45.0 0.0 -0.0 -0.0 -0.0 -0.0 -0.0 -0.0 -0.0 -0.0; -0.0 -0.0 23.0 15.0 -0.0 -0.0 -0.0 -0.0 -0.0 -0.0; -0.0 -0.0 -0.0 -0.0 0.0 29.0 29.0 0.0 -0.0 -0.0; -0.0 -0.0 -0.0 -0.0 -0.0 -0.0 -0.0 -0.0 0.0 23.0;;; -0.0 -0.0 -0.0 -0.0 -0.0 7.0 -0.0 -0.0 25.0 13.0; -0.0 -0.0 0.0 -0.0 0.0 -0.0 29.0 -0.0 -0.0 9.0; 40.0 -0.0 -0.0 0.0 -0.0 -0.0 -0.0 -0.0 -0.0 18.0; -0.0 0.0 -0.0 -0.0 -0.0 23.0 -0.0 0.0 -0.0 -0.0]
evol_box,"[[0.446, 0.0], [2.222, 1658.9625455383211], [2.317, 3442.2317045839054], [2.333, 4.88054778682185e6], [2.351, 6.181360859338096e6], [2.373, 6.184904172452569e6], [2.47, 7.1568291185059585e6], [2.498, 8.891385243187798e6], [2.563, 9.541957598005876e6], [2.641, 1.0192191752678657e7], [2.725, 1.0300676016134353e7], [2.801, 1.0517484871131916e7], [2.894, 1.0625832800663434e7], [2.988, 1.0734245788899634e7], [3.076, 1.127627899821434e7], [3.164, 1.1276324831040729e7], [3.258, 1.1384624085133065e7], [3.367, 1.1493115959272189e7], [3.474, 1.1601473668168603e7], [3.578, 1.1926657294447772e7], [3.763, 1.2035117395378107e7], [3.888, 1.2143470578173654e7], [4.049, 1.2143538855827112e7], [4.173, 1.2251889531025438e7], [4.313, 1.2360352966395421e7], [4.45, 1.2468744958566556e7], [4.614, 1.2468750682129508e7], [4.765, 1.257715143154846e7], [4.95, 1.2685528331986312e7], [5.119, 1.2685545931303594e7], [5.299, 1.2685556313904159e7], [5.481, 1.2685558242292436e7], [5.633, 1.2793903640200004e7], [5.782, 1.2793903640200006e7], [5.947, 1.2793909795694428e7], [6.149, 1.2793956728660956e7], [6.44, 1.2902310282062948e7], [6.649, 1.2902310282062948e7], [6.917, 1.2902310282062948e7], [7.088, 1.2902316437557368e7], [7.328, 1.290231643755737e7], [7.501, 1.2902342904040635e7], [7.729, 1.2902349501183832e7], [8.809, 1.2902355999063743e7], [9.067, 1.2902357215029474e7], [9.316, 1.2902357215029474e7], [9.53, 1.2902359215029478e7], [9.772, 1.2902359215029474e7], [9.99, 1.2902365584888058e7], [10.228, 1.3010716923925888e7], [10.49, 1.3010716923925888e7], [10.802, 1.301071692392589e7]]"
y_pb,[[44.99999999999999 -0.0 -0.0 -0.0 -0.0 -0.0 -0.0 -0.0 -0.0 -0.0; -0.0 -0.0 23.0 15.0 -0.0 -0.0 -0.0 -0.0 -0.0 -0.0; -0.0 -0.0 -0.0 -0.0 -0.0 30.0 28.999999999999996 -0.0 -0.0 -0.0; -0.0 -0.0 -0.0 -0.0 -0.0 -0.0 -0.0 -0.0 -0.0 22.000000000000007;;;]]
x_bb,"[45.0, 38.0, 58.0, 23.0]"
x_box,"[45.0, 38.0, 59.0, 22.0]"
evol_zeta,"[[1.829, 45.0], [2.303, 40.0], [2.321, 38.3], [2.339, 26.0], [2.354, 26.0], [2.404, 22.125], [2.474, 18.0], [2.501, 14.700000000000003], [2.567, 10.0], [2.648, 13.0], [2.735, 8.0], [2.815, 8.0], [2.9, 8.0], [2.989, 10.0], [3.078, 8.000000000000009], [3.17, 7.625], [3.267, 6.375], [3.371, 6.625], [3.477, 7.000000000800014], [3.587, 6.0], [3.772, 6.0], [3.904, 4.625], [4.057, 5.0], [4.176, 5.0], [4.32, 3.999999999999993], [4.459, 2.200000000000003], [4.626, 3.0], [4.776, 2.5], [4.956, 5.999994830451328], [5.136, 1.2222222222222223], [5.306, 2.125], [5.491, 1.5555555555555571], [5.636, 4.625], [5.786, 1.0], [5.953, 1.0], [6.167, 0.6249999999999929], [6.449, 0.625], [6.659, 2.0000000002999982], [6.924, 0.375], [7.097, 0.8], [7.332, 0.5999999999999943], [7.509, 3.0], [7.738, 1.0000000000000213], [8.826, 0.29999999999999716], [9.076, 0.375], [9.323, 0.09999999999999432], [9.535, 1.0], [9.774, 0.5], [10.0, 0.22222222222221905], [10.232, 1.0], [10.5, 0.1250000000000373], [10.814, 0.0]]"
ξ_box,[40.0 45.0; 33.0 34.0; 23.0 23.0; 15.0 15.0; 22.0 22.0; 29.0 30.0; 29.0 29.0; 16.0 16.0; 36.0 34.0; 40.0 36.0]
