first,second
s_box,[-0.0 38.0; 15.0 24.0; -0.0 19.0; -0.0 -0.0; 13.0 -0.0; 40.0 7.0; -0.0 0.0; 9.0 -0.0; 10.0 -0.0; 17.0 17.0]
x_pb,"[59.0, 26.0, 37.0, 19.0]"
s_bb,[38.0 -0.0; 24.0 24.0; 19.0 19.0; -0.0 19.0; 0.0 33.0; 7.0 -0.0; -0.0 -0.0; -0.0 9.0; 0.0 -0.0; 17.0 -0.0]
partition_bb,"[[[38.0, 24.0, 19.0, 0.0, 2.0, 11.0, 30.0, 9.0, 8.0, 1.0], [30.0, 16.0, 11.0, 25.0, 32.0, 23.0, 4.0, 0.0, 0.0, 0.0], [34.0, 20.0, 15.0, 4.0, 11.0, 20.0, 1.0, 9.0, 10.0, 17.0], [35.0, 21.0, 16.0, 13.0, 20.0, 29.0, 10.0, 0.0, 0.0, 0.0], [35.0, 21.0, 16.0, 1.0, 8.0, 17.0, 36.0, 8.0, 7.0, 0.0], [32.0, 18.0, 13.0, 16.0, 23.0, 32.0, 13.0, 0.0, 0.0, 0.0], [38.0, 24.0, 19.0, 26.0, 22.0, 13.0, 0.0, 0.0, 0.0, 0.0], [30.0, 16.0, 11.0, 2.0, 9.0, 18.0, 37.0, 9.0, 8.0, 1.0], [30.0, 16.0, 11.0, 17.0, 24.0, 33.0, 14.0, 0.0, 0.0, 0.0], [30.0, 16.0, 11.0, 26.0, 33.0, 24.0, 5.0, 0.0, 0.0, 0.0]], [[0.0, 0.0, 5.0, 26.0, 33.0, 41.0, 22.0, 8.0, 7.0, 0.0], [18.0, 4.0, 5.0, 25.0, 32.0, 41.0, 22.0, 0.0, 0.0, 0.0], [0.0, 0.0, 1.0, 21.0, 28.0, 37.0, 18.0, 9.0, 10.0, 17.0], [0.0, 0.0, 2.0, 22.0, 29.0, 38.0, 37.0, 9.0, 8.0, 1.0], [5.0, 19.0, 14.0, 22.0, 29.0, 38.0, 19.0, 0.0, 0.0, 0.0], [29.0, 15.0, 10.0, 18.0, 25.0, 34.0, 15.0, 0.0, 0.0, 0.0], [16.0, 14.0, 19.0, 18.0, 25.0, 34.0, 15.0, 0.0, 0.0, 0.0], [10.0, 24.0, 19.0, 18.0, 25.0, 34.0, 15.0, 0.0, 0.0, 0.0]]]"
y_box,[29.0 9.0 19.0 1.0 -0.0 1.0 -0.0 -0.0 -0.0 -0.0; -0.0 -0.0 -0.0 25.0 -0.0 -0.0 1.0 -0.0 -0.0 -0.0; -0.0 -0.0 -0.0 -0.0 20.0 -0.0 17.0 0.0 -0.0 -0.0; -0.0 -0.0 -0.0 -0.0 -0.0 -0.0 19.0 -0.0 0.0 0.0;;; 0.0 0.0 0.0 26.0 33.0 -0.0 -0.0 -0.0 -0.0 -0.0; -0.0 -0.0 -0.0 -0.0 -0.0 26.0 -0.0 -0.0 -0.0 -0.0; -0.0 -0.0 -0.0 -0.0 -0.0 -0.0 37.0 -0.0 -0.0 -0.0; -0.0 -0.0 -0.0 -0.0 -0.0 -0.0 -0.0 9.0 10.0 0.0]
evol_bb,"[[0.308, 1.2558272247847315e7], [0.378, 1.2558272247847313e7], [4.565, 1.200264197509393e7], [4.586, 1.1891518283456571e7], [5.949, 1.1891515920543253e7], [6.978, 1.1780389865992578e7], [7.529, 1.16692638114419e7], [8.222, 1.1669263811441898e7]]"
y_bb,[0.0 0.0 0.0 26.0 33.0 -0.0 -0.0 -0.0 -0.0 -0.0; -0.0 -0.0 -0.0 -0.0 -0.0 26.0 -0.0 -0.0 -0.0 -0.0; -0.0 -0.0 -0.0 -0.0 -0.0 -0.0 37.0 -0.0 -0.0 -0.0; -0.0 -0.0 -0.0 -0.0 -0.0 -0.0 -0.0 9.0 10.0 -0.0;;; 29.0 0.0 0.0 -0.0 -0.0 30.0 0.0 -0.0 -0.0 -0.0; -0.0 -0.0 -0.0 -0.0 -0.0 11.0 -0.0 -0.0 10.0 5.0; -0.0 -0.0 -0.0 -0.0 -0.0 -0.0 37.0 -0.0 -0.0 0.0; -0.0 -0.0 -0.0 7.0 0.0 -0.0 -0.0 0.0 0.0 12.0]
evol_box,"[[0.421, 0.0], [2.272, 112281.838509581], [2.37, 225820.5131170249], [2.394, 5.335885254359128e6], [2.411, 5.335885254359115e6], [2.432, 5.7796295616432065e6], [2.455, 8.335697268069506e6], [2.526, 8.335697268069506e6], [2.587, 1.000237299318175e7], [2.678, 1.0224680397369213e7], [2.763, 1.0224684253307516e7], [2.847, 1.0224684253307516e7], [2.923, 1.0669141758189058e7], [3.003, 1.0669161495985892e7], [3.172, 1.0780255375036485e7], [3.27, 1.1113633538688518e7], [3.376, 1.1113642990341797e7], [3.481, 1.1224768175004136e7], [3.562, 1.122476817500414e7], [3.696, 1.133588564778987e7], [3.806, 1.1447011702340547e7], [3.943, 1.1447014065253865e7], [4.044, 1.144701406525386e7], [4.169, 1.1447014065253856e7], [4.297, 1.1447013259922445e7], [4.408, 1.1558137756891225e7], [4.543, 1.1558137751819089e7], [4.678, 1.1558140119804546e7], [4.801, 1.1558140119804543e7], [4.941, 1.1558140119804544e7], [5.068, 1.1558147208544504e7], [5.248, 1.155815019459447e7], [5.418, 1.1558150194594473e7], [5.531, 1.1558150194594473e7], [5.653, 1.16692638114419e7], [5.782, 1.1669263811441898e7], [5.927, 1.1669263811441898e7]]"
y_pb,[[-0.0 -0.0 -0.0 26.0 33.0 -0.0 -0.0 -0.0 -0.0 -0.0; -0.0 -0.0 -0.0 -0.0 -0.0 26.0 -0.0 -0.0 -0.0 -0.0; -0.0 -0.0 -0.0 -0.0 -0.0 -0.0 36.99999999999999 -0.0 -0.0 -0.0; -0.0 -0.0 -0.0 -0.0 -0.0 -0.0 -0.0 9.0 10.0 -0.0;;;]]
x_bb,"[59.0, 26.0, 37.0, 19.0]"
x_box,"[59.0, 26.0, 37.0, 19.0]"
evol_zeta,"[[1.828, 41.0], [2.363, 38.0], [2.386, 34.75], [2.4, 22.0], [2.414, 17.0], [2.435, 16.0], [2.458, 15.0], [2.536, 16.0], [2.591, 14.0], [2.691, 11.0], [2.775, 10.0], [2.85, 8.571428571428573], [2.929, 4.142857142857142], [3.009, 6.000000000000001], [3.176, 8.57142857142857], [3.28, 3.0], [3.391, 4.0], [3.486, 3.4285714285714306], [3.57, 2.0], [3.7, 2.0], [3.828, 3.0], [3.956, 1.7142857142857142], [4.058, 1.857142857142854], [4.176, 1.0000000000000098], [4.31, 0.8571443724168333], [4.417, 1.3999999999999986], [4.572, 0.4285714285714306], [4.682, 1.0], [4.83, 0.8571428571428557], [4.949, 0.4285714285714306], [5.071, 3.875], [5.259, 5.0], [5.421, 4.0], [5.535, 4.0], [5.656, 5.0], [5.787, 0.4285714287142879], [5.929, 0.0]]"
ξ_box,[29.0 38.0; 24.0 24.0; 19.0 19.0; 26.0 26.0; 33.0 33.0; 41.0 33.0; 37.0 37.0; 9.0 9.0; 10.0 10.0; 17.0 17.0]
