first,second
s_box,[2.0 0.0 4.0 0.0 0.0; 0.0 0.0 2.0 0.0 0.0; 16.0 16.0 16.0 0.0 0.0; 0.0 27.0 0.0 0.0 0.0; 0.0 0.0 20.0 0.0 0.0; 19.0 0.0 33.0 40.0 42.0; 40.0 35.0 1.0 17.0 35.0; 0.0 0.0 1.0 0.0 0.0; 0.0 0.0 0.0 19.0 0.0; 0.0 0.0 0.0 1.0 0.0]
x_pb,"[5.000000000000001, 78.0, 55.0, 60.0]"
s_bb,[-0.0 -0.0 -0.0 -0.0 -0.0; 2.0 -0.0 -0.0 -0.0 -0.0; 16.0 1.0 -0.0 -0.0 -0.0; 30.0 -0.0 -0.0 -0.0 -0.0; -0.0 -0.0 -0.0 -0.0 -0.0; 0.0 -0.0 -0.0 -0.0 -0.0; 54.0 -0.0 -0.0 -0.0 -0.0; 0.0 6.0 -0.0 -0.0 -0.0; 0.0 -0.0 -0.0 -0.0 -0.0; 57.0 -0.0 9.0 -0.0 -0.0]
partition_bb,"[[[2.0, 2.0, 16.0, 0.0, 0.0, 15.0, 29.0, 37.0, 36.0, 61.0], [0.0, 2.0, 16.0, 30.0, 36.0, 42.0, 19.0, 14.0, 7.0, 32.0], [0.0, 0.0, 5.0, 6.0, 14.0, 31.0, 54.0, 46.0, 35.0, 10.0], [0.0, 0.0, 0.0, 0.0, 4.0, 21.0, 38.0, 46.0, 57.0, 32.0], [0.0, 0.0, 8.0, 0.0, 8.0, 25.0, 45.0, 53.0, 42.0, 17.0], [5.0, 2.0, 16.0, 8.0, 0.0, 16.0, 33.0, 41.0, 52.0, 27.0], [0.0, 1.0, 0.0, 1.0, 9.0, 26.0, 46.0, 54.0, 43.0, 18.0]], [[0.0, 0.0, 1.0, 2.0, 10.0, 27.0, 47.0, 55.0, 44.0, 19.0]], [[0.0, 1.0, 1.0, 2.0, 10.0, 27.0, 47.0, 55.0, 44.0, 19.0], [1.0, 0.0, 1.0, 2.0, 10.0, 27.0, 47.0, 55.0, 44.0, 19.0]], Vector{Float64}[], Vector{Float64}[]]"
y_box,[0.0 0.0 0.0 0.0 2.0 0.0 0.0 0.0 0.0 0.0; 0.0 0.0 0.0 0.0 16.0 0.0 0.0 0.0 53.0 0.0; 0.0 2.0 0.0 15.0 0.0 0.0 0.0 12.0 0.0 0.0; 0.0 0.0 0.0 0.0 0.0 0.0 0.0 32.0 2.0 61.0;;; 0.0 2.0 0.0 0.0 0.0 0.0 0.0 0.0 0.0 0.0; 0.0 0.0 0.0 3.0 31.0 35.0 0.0 0.0 0.0 0.0; 0.0 0.0 0.0 0.0 0.0 0.0 0.0 29.0 0.0 0.0; 0.0 0.0 0.0 0.0 0.0 0.0 0.0 0.0 40.0 58.0;;; 0.0 0.0 0.0 0.0 0.0 0.0 0.0 0.0 2.0 0.0; 0.0 0.0 0.0 28.0 0.0 0.0 2.0 0.0 39.0 0.0; 1.0 0.0 0.0 0.0 0.0 0.0 0.0 28.0 0.0 0.0; 0.0 0.0 0.0 0.0 0.0 0.0 45.0 15.0 0.0 38.0;;; 0.0 0.0 2.0 0.0 0.0 0.0 0.0 0.0 0.0 0.0; 0.0 0.0 3.0 19.0 27.0 0.0 20.0 0.0 0.0 0.0; 0.0 0.0 0.0 0.0 0.0 0.0 16.0 0.0 13.0 0.0; 0.0 0.0 0.0 0.0 0.0 0.0 0.0 52.0 16.0 30.0;;; 0.0 0.0 0.0 2.0 0.0 0.0 0.0 0.0 0.0 0.0; 0.0 0.0 0.0 21.0 0.0 0.0 0.0 34.0 0.0 14.0; 0.0 0.0 0.0 5.0 0.0 0.0 0.0 0.0 13.0 11.0; 0.0 2.0 16.0 0.0 36.0 0.0 5.0 0.0 13.0 26.0]
evol_bb,"[[2.649, 2.0518084217506304e7], [276.813, 2.038986236566694e7], [3568.91, 2.0389862365666937e7]]"
y_bb,[5.0 0.0 0.0 -0.0 -0.0 -0.0 -0.0 -0.0 -0.0 -0.0; -0.0 -0.0 -0.0 -0.0 36.0 42.0 -0.0 -0.0 -0.0 -0.0; -0.0 -0.0 -0.0 -0.0 -0.0 -0.0 0.0 54.0 -0.0 -0.0; -0.0 -0.0 -0.0 -0.0 -0.0 -0.0 -0.0 -0.0 57.0 4.0;;; -0.0 -0.0 -0.0 -0.0 -0.0 -0.0 0.0 -0.0 5.0 -0.0; -0.0 -0.0 -0.0 2.0 -0.0 -0.0 47.0 -0.0 10.0 19.0; -0.0 -0.0 0.0 -0.0 10.0 15.0 -0.0 -0.0 29.0 0.0; -0.0 -0.0 -0.0 -0.0 0.0 12.0 -0.0 49.0 -0.0 -0.0;;; 1.0 -0.0 -0.0 2.0 -0.0 -0.0 -0.0 2.0 -0.0 -0.0; -0.0 -0.0 -0.0 -0.0 10.0 -0.0 30.0 38.0 -0.0 -0.0; -0.0 -0.0 -0.0 -0.0 -0.0 27.0 17.0 -0.0 -0.0 10.0; -0.0 1.0 1.0 -0.0 -0.0 -0.0 -0.0 15.0 44.0 -0.0;;; -0.0 -0.0 -0.0 -0.0 -0.0 -0.0 -0.0 -0.0 -0.0 -0.0; -0.0 -0.0 -0.0 -0.0 -0.0 -0.0 -0.0 -0.0 -0.0 -0.0; -0.0 -0.0 -0.0 -0.0 -0.0 -0.0 -0.0 -0.0 -0.0 -0.0; -0.0 -0.0 -0.0 -0.0 -0.0 -0.0 -0.0 -0.0 -0.0 -0.0;;; -0.0 -0.0 -0.0 -0.0 -0.0 -0.0 -0.0 -0.0 -0.0 -0.0; -0.0 -0.0 -0.0 -0.0 -0.0 -0.0 -0.0 -0.0 -0.0 -0.0; -0.0 -0.0 -0.0 -0.0 -0.0 -0.0 -0.0 -0.0 -0.0 -0.0; -0.0 -0.0 -0.0 -0.0 -0.0 -0.0 -0.0 -0.0 -0.0 -0.0]
evol_box,"[[0.476, 0.0], [2.308, 3127.832983871922], [2.464, 4101.51352613929], [2.617, 259303.08053574647], [2.841, 515812.93728154973], [3.129, 515812.9372815498], [3.548, 3.208251596131376e6], [4.027, 4.618758085994481e6], [5.011, 4.746819269488187e6], [6.069, 5.259850012258353e6], [7.297, 5.259850012258353e6], [8.908, 5.772614694235992e6], [9.983, 6.54204244307739e6], [11.209, 7.567854107423716e6], [14.637, 7.695895879047815e6], [24.706, 7.695895879047815e6], [36.063, 7.9523464858519e6], [37.83, 7.952443997064228e6], [39.862, 8.0806188463045675e6], [42.122, 8.080637405260092e6], [49.773, 8.208785730770385e6], [68.761, 8.593708877342094e6], [164.566, 8.593456284427078e6], [218.566, 8.84986805854123e6], [228.12, 8.849901210288364e6], [260.749, 8.849938808975162e6], [277.49, 8.850292259443384e6], [295.596, 8.850318422609724e6], [308.005, 9.106929741633594e6], [322.154, 9.362786312352233e6], [352.077, 9.362815254813518e6], [415.215, 9.362969520069709e6], [462.801, 9.491029992729705e6], [500.112, 9.61922462598662e6], [763.946, 9.61922462598662e6], [805.774, 9.747475422423763e6], [847.278, 9.747565317070873e6], [1096.142, 9.747583786998047e6], [1156.476, 9.747583786998047e6], [1192.837, 9.875663870905105e6], [1921.881, 9.875669551847905e6], [3600.127, 1.0003945058108516e7]]"
y_pb,[[5.0 -0.0 -0.0 -0.0 -0.0 -0.0 -0.0 -0.0 -0.0 -0.0; -0.0 -0.0 -0.0 -0.0 36.0 42.0 -0.0 -0.0 -0.0 -0.0; -0.0 -0.0 -0.0 -0.0 -0.0 -0.0 -0.0 54.99999999999999 -0.0 -0.0; -0.0 -0.0 -0.0 -0.0 -0.0 -0.0 -0.0 -0.0 57.0 3.0;;;]]
x_bb,"[5.0, 78.0, 54.0, 61.0]"
x_box,"[2.0, 69.0, 29.0, 98.0]"
evol_zeta,"[[1.881, 61.0], [2.396, 36.0], [2.472, 36.0], [2.638, 32.499999999999716], [2.863, 26.71428571428571], [3.155, 25.0], [3.56, 24.571428571428573], [4.052, 23.0], [5.039, 21.87499985445945], [6.088, 19.000000002000007], [7.321, 18.875], [8.932, 16.625], [10.0, 14.714285714285714], [11.241, 15.200000000000003], [14.676, 16.0], [24.74, 15.125], [36.087, 14.749999999999996], [37.844, 14.0], [39.885, 15.666666666666668], [42.148, 15.0], [49.797, 15.0], [68.784, 13.0], [164.601, 12.625000001362498], [218.594, 12.75], [228.16, 12.555555555555557], [260.799, 12.0], [277.521, 12.0], [295.625, 13.0], [308.041, 11.428571428571457], [322.172, 11.0], [352.154, 11.0], [415.243, 12.714285714285714], [462.832, 12.0], [500.152, 11.999999999999943], [764.018, 11.777777777777779], [805.824, 11.0], [847.319, 12.857142857142861], [1096.183, 11.0], [1156.53, 10.857142857142856], [1192.889, 10.714285714285735], [1921.922, 11.666666666666666], [3600.152, 0.0]]"
ξ_box,[2.0 -0.0 5.0 -0.0 -0.0; 2.0 2.0 2.0 0.0 2.0; 16.0 16.0 16.0 5.0 16.0; 15.0 30.0 28.0 19.0 28.0; 18.0 31.0 20.0 27.0 36.0; 19.0 35.0 33.0 39.0 42.0; 40.0 35.0 48.0 53.0 40.0; 44.0 29.0 44.0 52.0 34.0; 55.0 40.0 41.0 48.0 26.0; 61.0 58.0 38.0 30.0 51.0]
