first,second
s_box,[2.0 6.0 0.0; 0.0 2.0 0.0; 16.0 0.0 16.0; 24.0 0.0 37.0; 32.0 0.0 35.0; 22.0 0.0 8.0; 0.0 43.0 0.0; 0.0 44.0 0.0; 0.0 0.0 0.0; 0.0 0.0 0.0]
x_pb,"[20.000000000000004, 2.0, 100.0, 47.0]"
s_bb,[-0.0 -0.0 -0.0; -0.0 2.0 -0.0; 16.0 1.0 -0.0; 37.0 -0.0 -0.0; 41.0 30.0 -0.0; 34.0 -0.0 -0.0; 0.0 -0.0 -0.0; -0.0 12.0 -0.0; -0.0 -0.0 -0.0; 0.0 -0.0 -0.0]
partition_bb,"[[[20.0, 2.0, 16.0, 4.0, 12.0, 14.0, 21.0, 37.0, 22.0, 25.0], [0.0, 0.0, 1.0, 22.0, 27.0, 31.0, 24.0, 18.0, 22.0, 25.0], [0.0, 2.0, 16.0, 37.0, 29.0, 27.0, 20.0, 4.0, 19.0, 16.0], [0.0, 2.0, 16.0, 22.0, 30.0, 32.0, 39.0, 23.0, 1.0, 4.0], [0.0, 0.0, 13.0, 16.0, 24.0, 26.0, 33.0, 49.0, 8.0, 5.0], [0.0, 0.0, 12.0, 33.0, 41.0, 37.0, 32.0, 16.0, 0.0, 0.0], [0.0, 0.0, 5.0, 26.0, 34.0, 36.0, 43.0, 27.0, 0.0, 0.0], [0.0, 0.0, 10.0, 31.0, 37.0, 41.0, 34.0, 18.0, 0.0, 0.0], [0.0, 0.0, 2.0, 17.0, 25.0, 27.0, 34.0, 50.0, 9.0, 6.0]], [[0.0, 0.0, 0.0, 18.0, 26.0, 28.0, 35.0, 51.0, 10.0, 7.0], [20.0, 2.0, 1.0, 22.0, 30.0, 32.0, 39.0, 23.0, 0.0, 0.0]], Vector{Float64}[]]"
y_box,[18.0 0.0 0.0 0.0 0.0 0.0 0.0 0.0 0.0 0.0; 0.0 2.0 0.0 0.0 0.0 0.0 0.0 0.0 0.0 0.0; 0.0 0.0 0.0 0.0 0.0 12.0 39.0 51.0 0.0 0.0; 0.0 0.0 0.0 0.0 0.0 0.0 0.0 0.0 22.0 25.0;;; 12.0 0.0 6.0 0.0 0.0 0.0 0.0 0.0 0.0 0.0; 2.0 0.0 0.0 0.0 0.0 0.0 0.0 0.0 0.0 0.0; 0.0 0.0 10.0 37.0 40.0 15.0 0.0 0.0 0.0 0.0; 0.0 0.0 0.0 0.0 0.0 26.0 0.0 0.0 9.0 12.0;;; 18.0 0.0 0.0 0.0 0.0 0.0 0.0 0.0 0.0 0.0; 0.0 2.0 0.0 0.0 0.0 0.0 0.0 0.0 0.0 0.0; 0.0 0.0 0.0 0.0 0.0 28.0 34.0 40.0 0.0 0.0; 0.0 0.0 0.0 0.0 0.0 0.0 0.0 0.0 22.0 25.0]
evol_bb,"[[3.011, 1.4038511386836465e7], [1043.719, 1.3929714039254421e7]]"
y_bb,[20.0 -0.0 -0.0 -0.0 -0.0 -0.0 -0.0 -0.0 -0.0 -0.0; -0.0 2.0 0.0 -0.0 -0.0 -0.0 -0.0 -0.0 -0.0 -0.0; -0.0 -0.0 -0.0 0.0 -0.0 7.0 43.0 50.0 -0.0 -0.0; -0.0 -0.0 -0.0 -0.0 -0.0 -0.0 -0.0 -0.0 22.0 25.0;;; 0.0 -0.0 -0.0 20.0 -0.0 -0.0 -0.0 -0.0 -0.0 -0.0; -0.0 -0.0 -0.0 -0.0 -0.0 -0.0 -0.0 -0.0 2.0 -0.0; 20.0 0.0 -0.0 2.0 0.0 32.0 -0.0 39.0 -0.0 7.0; -0.0 -0.0 0.0 -0.0 -0.0 -0.0 39.0 0.0 8.0 -0.0;;; -0.0 -0.0 -0.0 -0.0 -0.0 -0.0 -0.0 -0.0 -0.0 -0.0; -0.0 -0.0 -0.0 -0.0 -0.0 -0.0 -0.0 -0.0 -0.0 -0.0; -0.0 -0.0 -0.0 -0.0 -0.0 -0.0 -0.0 -0.0 -0.0 -0.0; -0.0 -0.0 -0.0 -0.0 -0.0 -0.0 -0.0 -0.0 -0.0 -0.0]
evol_box,"[[0.449, 0.0], [2.207, 655250.3353819116], [2.305, 655250.3353819116], [2.336, 655250.3353815861], [2.623, 3.049338153449611e6], [2.784, 3.9193093320568884e6], [3.151, 4.898750699983388e6], [3.33, 4.898750699983388e6], [3.574, 4.898750699983388e6], [3.975, 6.422115396961756e6], [4.547, 6.7482579285073355e6], [4.9, 6.857690952932268e6], [5.257, 7.074683317193665e6], [5.626, 7.292494538903104e6], [5.964, 7.510357247018564e6], [6.703, 7.727674379301572e6], [8.11, 7.945409914197234e6], [9.169, 7.945480093940128e6], [10.341, 7.945480093940128e6], [11.634, 7.9456235887993965e6], [14.831, 8.054119806704352e6], [15.604, 8.38058798823661e6], [18.186, 8.59813553731275e6], [28.428, 8.706786862827044e6], [31.237, 8.707068192583824e6], [32.849, 8.815606043384768e6], [36.597, 8.816009683041045e6], [39.121, 9.033576674198404e6], [49.202, 9.03365826356449e6], [54.36, 9.142171916960645e6], [56.836, 9.142342660900969e6], [61.537, 9.250962264542691e6], [63.452, 9.25096226454269e6], [65.421, 9.251112179957563e6], [69.643, 9.25111791175334e6], [74.204, 9.359686933106035e6], [90.388, 9.359881736388285e6], [93.667, 9.359992443081804e6], [100.29, 9.360052260082452e6], [103.92, 9.468476620525539e6], [115.684, 9.469059444206294e6], [139.142, 9.577592162332254e6], [158.458, 9.57762566604084e6], [172.331, 9.686117253039792e6], [178.983, 9.686179654870868e6], [189.93, 9.686250809342565e6], [195.054, 9.686282273809679e6], [269.649, 9.686289205690943e6], [300.138, 9.68638004739204e6], [341.677, 9.79490450352588e6], [370.752, 9.794947752989398e6], [377.071, 9.794976585965075e6], [387.651, 9.794977418940753e6], [405.104, 9.79508992154274e6], [454.851, 9.795217304795802e6], [464.824, 9.903788350034958e6], [480.561, 9.903788350034958e6], [519.637, 9.903825432474153e6], [586.399, 9.903839848961992e6], [627.417, 9.903964452929724e6], [657.289, 1.0012694862495394e7], [728.337, 1.0012749328415379e7], [742.779, 1.0012800043601364e7], [817.721, 1.0012800043601364e7], [894.824, 1.012134721222337e7], [953.846, 1.012138105157297e7], [1034.923, 1.0121388242569016e7], [1069.672, 1.012155877769584e7], [1157.332, 1.012161216223268e7], [1204.079, 1.0121656074693456e7], [1284.342, 1.0230158976293253e7], [1451.119, 1.0230232368213743e7], [1535.622, 1.0230224475220287e7], [1545.945, 1.023031495600269e7], [1711.212, 1.0230333223610837e7], [1748.284, 1.0230335798711555e7], [1791.484, 1.0230347015971676e7], [1812.869, 1.0230347015971676e7], [1868.872, 1.0230377495675858e7], [1951.851, 1.0338963323875297e7], [2051.842, 1.0339042822802331e7], [2178.931, 1.0339079905241527e7], [2272.679, 1.0339079905241527e7], [2307.682, 1.0339126391176743e7], [2329.706, 1.0339186571192883e7], [2610.285, 1.033930712981177e7], [2690.057, 1.0339370663838077e7], [2794.455, 1.0447767671457343e7], [2862.671, 1.0447791776498042e7], [3115.387, 1.0447846340245957e7], [3213.168, 1.0447847170384375e7], [3485.659, 1.0447847170384375e7], [3583.886, 1.0447847170384375e7], [3600.016, 1.044795869962064e7]]"
y_pb,[[20.0 -0.0 -0.0 -0.0 -0.0 -0.0 -0.0 -0.0 -0.0 -0.0; -0.0 2.0 -0.0 -0.0 -0.0 -0.0 -0.0 -0.0 -0.0 -0.0; -0.0 -0.0 -0.0 -0.0 -0.0 6.0 43.0 51.0 -0.0 -0.0; -0.0 -0.0 -0.0 -0.0 -0.0 -0.0 -0.0 -0.0 22.0 24.999999999999996;;;]]
x_bb,"[20.0, 2.0, 100.0, 47.0]"
x_box,"[18.0, 2.0, 102.0, 47.0]"
evol_zeta,"[[1.824, 50.14285714285714], [2.289, 20.0], [2.312, 20.0], [2.344, 19.99999999999991], [2.637, 18.100005847141087], [2.818, 17.714285714285715], [3.163, 15.875000000000014], [3.341, 14.0], [3.591, 14.0], [3.992, 13.571428571428573], [4.555, 14.0], [4.92, 15.999999999999996], [5.277, 12.0], [5.644, 9.44444444444445], [6.004, 10.333333333333329], [6.72, 9.0], [8.121, 13.444444444444443], [9.181, 12.624999999999996], [10.35, 11.25], [11.652, 8.375], [14.845, 9.0], [15.617, 10.999999999999984], [18.202, 8.5], [28.439, 9.375], [31.254, 7.0], [32.865, 9.0], [36.626, 6.666666666666671], [39.133, 8.857142857142858], [49.212, 6.857142857142861], [54.386, 8.625], [56.851, 7.285714285714285], [61.558, 5.857142857142854], [63.464, 6.0], [65.448, 6.500000000000001], [69.662, 6.749999903934915], [74.221, 6.5], [90.407, 6.0], [93.688, 6.0], [100.309, 5.571428571428573], [103.936, 6.249999891927089], [115.695, 11.0], [139.168, 5.375], [158.498, 7.142857142857143], [172.345, 4.875000000000001], [179.004, 5.874999999999999], [189.952, 4.714285714285715], [195.064, 8.0], [269.667, 5.75], [300.158, 6.375], [341.699, 5.0], [370.785, 4.857142857142854], [377.082, 5.3333356644523935], [387.696, 5.666666666666663], [405.125, 6.333333333333332], [454.882, 6.100000000000001], [464.841, 4.625000000000002], [480.571, 5.0], [519.659, 3.6666666666666643], [586.416, 6.555555555555552], [627.441, 4.2857142857142865], [657.305, 7.625], [728.357, 5.222222222222222], [742.804, 6.25], [817.731, 5.25], [894.837, 4.374999999999995], [953.862, 3.285714285714287], [1034.94, 5.555555555555549], [1069.694, 3.5000000000000004], [1157.353, 4.875], [1204.094, 4.0000000000000036], [1284.358, 5.571428571428574], [1451.138, 4.5], [1535.643, 3.666666666666667], [1545.964, 6.125], [1711.226, 3.375], [1748.297, 6.142857142857143], [1791.495, 5.222222222222221], [1812.885, 3.8888888888888893], [1868.91, 3.6666666666666643], [1951.862, 4.0], [2051.861, 3.5], [2178.973, 4.142857142857146], [2272.694, 5.875], [2307.701, 5.0], [2329.747, 5.285714285714285], [2610.352, 3.125], [2690.078, 2.875], [2794.476, 3.25], [2862.686, 4.3749999999999964], [3115.432, 3.2857142857142847], [3213.187, 3.625], [3485.67, 3.2500000004250005], [3583.903, 2.999999999999997], [3600.032, 0.0]]"
ξ_box,[20.0 20.0 18.0; 2.0 2.0 2.0; 16.0 16.0 16.0; 24.0 37.0 37.0; 32.0 40.0 35.0; 34.0 41.0 36.0; 39.0 43.0 34.0; 51.0 44.0 40.0; 22.0 9.0 22.0; 25.0 12.0 25.0]
