first,second
s_box,[0.0; 5.0; 9.0; 16.0; 35.0; 0.0; 18.0; 0.0; 0.0; 5.0;;]
x_pb,"[32.0, -0.0, 27.0, 71.0]"
s_bb,[0.0; 5.0; 9.0; 16.0; 35.0; 0.0; 18.0; 0.0; 0.0; 5.0;;]
partition_bb,"[[[0.0, 0.0, 3.0, 10.0, 35.0, 27.0, 23.0, 18.0, 17.0, 0.0], [32.0, 5.0, 9.0, 16.0, 22.0, 14.0, 18.0, 5.0, 4.0, 5.0], [0.0, 5.0, 9.0, 13.0, 11.0, 15.0, 15.0, 28.0, 29.0, 5.0], [0.0, 0.0, 0.0, 0.0, 19.0, 27.0, 31.0, 26.0, 25.0, 2.0], [0.0, 5.0, 9.0, 12.0, 12.0, 15.0, 15.0, 29.0, 28.0, 5.0]]]"
y_box,[32.0 0.0 -0.0 -0.0 -0.0 -0.0 -0.0 -0.0 -0.0 -0.0; -0.0 -0.0 0.0 0.0 0.0 -0.0 -0.0 -0.0 -0.0 -0.0; -0.0 -0.0 -0.0 -0.0 -0.0 27.0 -0.0 -0.0 -0.0 -0.0; -0.0 -0.0 -0.0 -0.0 -0.0 -0.0 13.0 29.0 29.0 0.0;;;]
evol_bb,"[[0.432, 1.1029127725478334e7]]"
y_bb,[32.0 0.0 -0.0 -0.0 -0.0 -0.0 -0.0 -0.0 -0.0 -0.0; -0.0 -0.0 0.0 0.0 0.0 -0.0 -0.0 -0.0 -0.0 -0.0; -0.0 -0.0 -0.0 -0.0 -0.0 27.0 -0.0 -0.0 -0.0 -0.0; -0.0 -0.0 -0.0 -0.0 -0.0 -0.0 13.0 29.0 29.0 0.0;;;]
evol_box,"[[0.633, 0.0], [3.226, 377860.84298916796], [3.332, 7.269867073248247e6], [3.337, 9.901266462587936e6], [3.342, 1.0903823194149796e7], [3.347, 1.1029127725478334e7]]"
y_pb,[[32.0 -0.0 -0.0 -0.0 -0.0 -0.0 -0.0 -0.0 -0.0 -0.0; -0.0 -0.0 -0.0 -0.0 0.0 -0.0 -0.0 -0.0 -0.0 -0.0; -0.0 -0.0 -0.0 -0.0 -0.0 27.0 -0.0 -0.0 -0.0 -0.0; -0.0 -0.0 -0.0 -0.0 -0.0 -0.0 13.000000000000007 28.999999999999996 28.999999999999996 -0.0;;;]]
x_bb,"[32.0, 0.0, 27.0, 71.0]"
x_box,"[32.0, 0.0, 27.0, 71.0]"
evol_zeta,"[[2.683, 34.57142857142857], [3.33, 32.0], [3.335, 11.0], [3.341, 8.0], [3.345, 1.0], [3.35, 0.0]]"
ξ_box,[32.0; 5.0; 9.0; 16.0; 35.0; 27.0; 31.0; 29.0; 29.0; 5.0;;]
