first,second
s_box,[-0.0 -0.0; -0.0 32.0; 19.0 11.0; 6.0 6.0; 3.0 3.0; 16.0 16.0; 18.0 18.0; -0.0 -0.0; 0.0 -0.0; 54.0 30.0]
x_pb,"[75.0, -0.0, -0.0, 79.0]"
s_bb,[-0.0 -0.0; -0.0 32.0; 19.0 19.0; 6.0 6.0; 3.0 3.0; 16.0 -0.0; 18.0 -0.0; 0.0 45.0; 0.0 10.0; 54.0 -0.0]
partition_bb,"[[[0.0, 0.0, 0.0, 0.0, 1.0, 2.0, 4.0, 43.0, 53.0, 55.0], [18.0, 3.0, 0.0, 0.0, 3.0, 4.0, 6.0, 48.0, 38.0, 36.0], [0.0, 0.0, 18.0, 3.0, 3.0, 4.0, 6.0, 48.0, 38.0, 36.0], [5.0, 20.0, 0.0, 0.0, 2.0, 3.0, 5.0, 47.0, 37.0, 35.0], [9.0, 0.0, 0.0, 4.0, 3.0, 16.0, 18.0, 42.0, 32.0, 30.0], [23.0, 8.0, 0.0, 0.0, 0.0, 0.0, 0.0, 35.0, 45.0, 43.0], [9.0, 24.0, 2.0, 0.0, 0.0, 0.0, 0.0, 34.0, 44.0, 42.0], [26.0, 11.0, 2.0, 0.0, 0.0, 0.0, 0.0, 33.0, 43.0, 41.0], [0.0, 0.0, 0.0, 6.0, 3.0, 0.0, 2.0, 41.0, 51.0, 53.0], [0.0, 9.0, 19.0, 6.0, 3.0, 0.0, 0.0, 33.0, 43.0, 41.0], [10.0, 25.0, 3.0, 0.0, 0.0, 0.0, 0.0, 33.0, 43.0, 41.0], [0.0, 0.0, 0.0, 0.0, 1.0, 2.0, 4.0, 44.0, 54.0, 52.0]], [[43.0, 28.0, 19.0, 4.0, 3.0, 0.0, 1.0, 26.0, 16.0, 14.0], [28.0, 13.0, 4.0, 0.0, 0.0, 0.0, 0.0, 30.0, 40.0, 42.0], [41.0, 28.0, 17.0, 2.0, 3.0, 16.0, 18.0, 0.0, 10.0, 12.0], [30.0, 15.0, 6.0, 0.0, 0.0, 0.0, 0.0, 42.0, 32.0, 30.0], [17.0, 32.0, 10.0, 0.0, 3.0, 0.0, 2.0, 24.0, 34.0, 32.0], [26.0, 11.0, 2.0, 0.0, 0.0, 1.0, 3.0, 45.0, 35.0, 33.0], [43.0, 28.0, 19.0, 6.0, 3.0, 4.0, 6.0, 9.0, 19.0, 17.0], [11.0, 26.0, 4.0, 0.0, 0.0, 0.0, 0.0, 32.0, 42.0, 40.0], [11.0, 26.0, 4.0, 0.0, 0.0, 0.0, 0.0, 32.0, 42.0, 44.0], [11.0, 26.0, 4.0, 0.0, 0.0, 0.0, 0.0, 33.0, 43.0, 41.0]]]"
y_box,[26.0 25.0 -0.0 -0.0 -0.0 -0.0 -0.0 -0.0 -0.0 -0.0; -0.0 -0.0 0.0 0.0 0.0 -0.0 -0.0 -0.0 -0.0 -0.0; -0.0 -0.0 -0.0 -0.0 -0.0 -0.0 -0.0 -0.0 -0.0 -0.0; -0.0 -0.0 -0.0 -0.0 -0.0 0.0 -0.0 48.0 54.0 1.0;;; 43.0 -0.0 8.0 -0.0 -0.0 -0.0 -0.0 -0.0 -0.0 -0.0; -0.0 -0.0 -0.0 -0.0 0.0 -0.0 -0.0 -0.0 -0.0 -0.0; -0.0 -0.0 0.0 -0.0 -0.0 -0.0 -0.0 -0.0 -0.0 -0.0; -0.0 -0.0 -0.0 -0.0 -0.0 -0.0 0.0 45.0 43.0 15.0]
evol_bb,"[[0.387, 1.5860939912854102e7], [1.445, 1.58609399128541e7], [1.54, 1.5407865472299151e7], [3.801, 1.5407865472299147e7], [3.83, 1.5294596321495295e7], [6.141, 1.5294547822513847e7], [11.932, 1.461510370480521e7], [17.367, 1.4162072356423795e7], [23.625, 1.3822266526007583e7], [32.721, 1.382226652600758e7], [36.403, 1.3822234206877429e7], [36.543, 1.370896559673869e7], [36.603, 1.3595696986599954e7], [48.539, 1.3482460695591368e7], [48.563, 1.3369192298198212e7], [48.626, 1.3369192085452631e7], [48.714, 1.3368833249885386e7], [55.546, 1.336881471535699e7], [60.23, 1.325594502140066e7], [61.291, 1.314294231563384e7], [63.928, 1.314267808173451e7], [64.007, 1.3142678081734508e7]]"
y_bb,[26.0 25.0 -0.0 -0.0 -0.0 -0.0 -0.0 -0.0 -0.0 -0.0; -0.0 -0.0 0.0 -0.0 -0.0 -0.0 -0.0 -0.0 -0.0 -0.0; -0.0 -0.0 0.0 -0.0 0.0 -0.0 -0.0 -0.0 -0.0 -0.0; -0.0 -0.0 -0.0 -0.0 -0.0 0.0 0.0 48.0 54.0 1.0;;; -0.0 -0.0 -0.0 -0.0 0.0 16.0 18.0 -0.0 17.0 -0.0; 0.0 -0.0 -0.0 -0.0 -0.0 -0.0 -0.0 -0.0 -0.0 -0.0; 0.0 -0.0 -0.0 -0.0 -0.0 0.0 -0.0 -0.0 0.0 -0.0; 43.0 0.0 0.0 0.0 -0.0 -0.0 0.0 0.0 16.0 44.0]
evol_box,"[[0.438, 0.0], [2.12, 456440.14531312144], [2.212, 456440.1453131215], [2.229, 5.779257966143962e6], [2.247, 5.779257966143962e6], [2.27, 5.779257966143947e6], [2.295, 8.045231406066611e6], [2.318, 8.271400291080326e6], [2.394, 9.970513521054229e6], [2.436, 1.0084452556625418e7], [2.523, 1.1217014222853092e7], [2.606, 1.1329888758170323e7], [2.697, 1.1443526556098627e7], [2.787, 1.1783060882785013e7], [2.89, 1.2009482965804584e7], [3.007, 1.2009501500332981e7], [3.118, 1.2009928055350143e7], [3.212, 1.2236462593456049e7], [3.323, 1.2349775328621311e7], [3.451, 1.2462633707133578e7], [3.567, 1.2463106906547766e7], [3.699, 1.257589359067323e7], [3.859, 1.2689172008741282e7], [4.01, 1.2689172008741278e7], [4.147, 1.2689190543269679e7], [4.345, 1.2802450351670139e7], [4.457, 1.2802855976404846e7], [4.596, 1.2915710310348988e7], [4.713, 1.2915728844877383e7], [4.845, 1.2915747379405778e7], [5.011, 1.291574737940578e7], [5.175, 1.2916122916070996e7], [5.31, 1.2916134394472895e7], [5.49, 1.3029007100746304e7], [5.64, 1.3029007262945432e7], [5.791, 1.302941114206836e7], [6.0, 1.3029421915111743e7], [6.191, 1.3142285681013485e7], [6.353, 1.3142285681013484e7], [6.511, 1.3142678081734508e7], [6.737, 1.3142678081724865e7], [6.892, 1.314267808173451e7]]"
y_pb,[[43.0 32.0 -0.0 -0.0 -0.0 -0.0 -0.0 -0.0 -0.0 -0.0; -0.0 -0.0 0.0 -0.0 -0.0 -0.0 -0.0 -0.0 -0.0 -0.0; -0.0 -0.0 0.0 -0.0 -0.0 -0.0 -0.0 -0.0 -0.0 -0.0; -0.0 -0.0 -0.0 -0.0 -0.0 -0.0 -0.0 48.0 31.0 -0.0;;;]]
x_bb,"[51.0, -0.0, -0.0, 103.0]"
x_box,"[51.0, 0.0, 0.0, 103.0]"
evol_zeta,"[[1.767, 54.333333333333336], [2.202, 42.99999999999999], [2.218, 29.285714285714292], [2.235, 18.0], [2.254, 17.66666666666669], [2.276, 17.0], [2.298, 17.0], [2.332, 14.0], [2.409, 16.8], [2.438, 10.0], [2.53, 8.666666666666671], [2.612, 14.0], [2.705, 6.125], [2.79, 14.0], [2.902, 5.6], [3.013, 4.833333333333336], [3.127, 3.7142857142857153], [3.223, 5.0], [3.328, 3.000000000400007], [3.46, 3.4285714285714306], [3.581, 4.0], [3.708, 3.0], [3.869, 3.6666666671333417], [4.019, 2.0], [4.155, 3.0], [4.355, 1.1666669966065584], [4.464, 1.6666666666666643], [4.601, 2.5714285714285694], [4.722, 1.0], [4.852, 3.6000000000000014], [5.02, 2.444444444444443], [5.185, 1.0], [5.323, 0.6666666666666643], [5.495, 0.5], [5.651, 0.9999999999999982], [5.801, 0.3333333333333286], [6.012, 0.5000000000000017], [6.2, 0.22222222222222143], [6.363, 0.11111111111111427], [6.521, 0.3333333333333357], [6.744, 0.1666666666666643], [6.898, 0.0]]"
ξ_box,[26.0 43.0; 25.0 32.0; 19.0 19.0; 6.0 6.0; 3.0 3.0; 16.0 16.0; 18.0 18.0; 48.0 45.0; 54.0 43.0; 55.0 44.0]
