first,second
s_box,[-0.0 -0.0 19.0 -0.0; -0.0 8.0 -0.0 33.0; 12.999990068136091 14.0 -0.0 -0.0; 15.0 11.000005952452687 -0.0 15.0; 12.0 12.0 -0.0 -0.0; 20.0 20.0 20.0 10.0; 22.0 17.0 4.0 3.0; -0.0 -0.0 -0.0 20.0; -0.0 -0.0 -0.0 -0.0; -0.0 -0.0 38.0 -0.0]
x_pb,"[-0.0, 80.0, 43.0, 54.0]"
s_bb,[47.0 -0.0 -0.0 -0.0; -0.0 -0.0 -0.0 -0.0; -0.0 18.0 -0.0 -0.0; 15.0 15.0 -0.0 -0.0; -0.0 12.0 1.0 -0.0; -0.0 20.0 -0.0 -0.0; 15.0 23.0 -0.0 -0.0; 28.0 19.0 -0.0 -0.0; -0.0 0.0 -0.0 -0.0; -0.0 -0.0 -0.0 -0.0]
partition_bb,"[[[47.0, 23.0, 18.0, 15.0, 12.0, 9.0, 11.0, 15.0, 0.0, 4.0], [41.0, 17.0, 12.0, 9.0, 6.0, 8.0, 9.0, 13.0, 20.0, 45.0], [29.0, 5.0, 0.0, 3.0, 6.0, 13.0, 15.0, 20.0, 39.0, 47.0], [19.0, 33.0, 18.0, 15.0, 12.0, 10.0, 9.0, 12.0, 21.0, 10.0], [0.0, 0.0, 6.0, 10.0, 12.0, 20.0, 23.0, 28.0, 6.0, 0.0]], [[0.0, 0.0, 11.0, 15.0, 12.0, 17.0, 18.0, 22.0, 29.0, 54.0], [9.0, 33.0, 18.0, 15.0, 12.0, 10.0, 9.0, 13.0, 39.0, 19.0], [42.0, 18.0, 13.0, 10.0, 12.0, 20.0, 23.0, 18.0, 0.0, 8.0], [0.0, 0.0, 6.0, 10.0, 12.0, 20.0, 23.0, 28.0, 28.0, 53.0]], [[47.0, 33.0, 18.0, 15.0, 12.0, 14.0, 17.0, 22.0, 0.0, 0.0]], Vector{Float64}[]]"
y_box,[-0.0 -0.0 -0.0 -0.0 -0.0 -0.0 -0.0 -0.0 -0.0 -0.0; 37.0 12.999990068175782 5.000009926865614 -0.0 -0.0 -0.0 -0.0 -0.0 -0.0 -0.0; -0.0 -0.0 -0.0 -0.0 -0.0 -0.0 1.0 28.0 39.0 1.0; -0.0 -0.0 -0.0 -0.0 -0.0 -0.0 -0.0 -0.0 -0.0 53.0;;; -0.0 -0.0 -0.0 -0.0 -0.0 -0.0 -0.0 -0.0 -0.0 -0.0; 34.0 21.0 -0.0 -0.0 -0.0 -0.0 -0.0 -0.0 -0.0 -0.0; -0.0 -0.0 -0.0 -0.0 -0.0 -0.0 6.0 24.0 39.0 -0.0; -0.0 -0.0 -0.0 -0.0 -0.0 -0.0 -0.0 -0.0 -0.0 53.0;;; -0.0 -0.0 -0.0 -0.0 -0.0 -0.0 -0.0 -0.0 -0.0 -0.0; 28.0 -0.0 7.0 -0.0 -0.0 -0.0 -0.0 20.0 -0.0 -0.0; -0.0 33.0 -0.0 0.0 12.0 -0.0 -0.0 -0.0 24.0 -0.0; -0.0 -0.0 11.0 15.0 0.0 -0.0 19.0 8.0 -0.0 -0.0;;; -0.0 -0.0 -0.0 -0.0 -0.0 -0.0 -0.0 -0.0 -0.0 -0.0; 46.0 0.0 -0.0 -0.0 -0.0 9.0 -0.0 0.0 -0.0 -0.0; -0.0 -0.0 18.0 -0.0 12.0 -0.0 13.0 1.0 25.0 -0.0; -0.0 -0.0 -0.0 -0.0 -0.0 -0.0 -0.0 -0.0 10.0 43.0]
evol_bb,"[[0.543, 1.2150685083821248e7], [3451.934, 1.1608415078200847e7]]"
y_bb,[-0.0 -0.0 0.0 0.0 -0.0 -0.0 -0.0 -0.0 -0.0 -0.0; -0.0 -0.0 18.0 -0.0 0.0 -0.0 -0.0 -0.0 39.0 18.0; 0.0 -0.0 -0.0 0.0 12.0 -0.0 8.0 -0.0 -0.0 28.0; -0.0 33.0 -0.0 -0.0 -0.0 20.0 -0.0 0.0 0.0 1.0;;; 0.0 -0.0 -0.0 -0.0 -0.0 -0.0 -0.0 -0.0 -0.0 -0.0; 42.0 33.0 -0.0 0.0 -0.0 -0.0 -0.0 -0.0 -0.0 -0.0; -0.0 -0.0 -0.0 -0.0 0.0 -0.0 -0.0 9.0 39.0 0.0; -0.0 -0.0 -0.0 -0.0 -0.0 -0.0 -0.0 -0.0 -0.0 54.0;;; -0.0 -0.0 -0.0 -0.0 -0.0 -0.0 -0.0 -0.0 -0.0 -0.0; 10.0 11.0 18.0 -0.0 -0.0 14.0 -0.0 22.0 -0.0 -0.0; 37.0 -0.0 -0.0 0.0 11.0 -0.0 0.0 -0.0 -0.0 -0.0; -0.0 22.0 0.0 15.0 -0.0 0.0 17.0 -0.0 -0.0 -0.0;;; -0.0 -0.0 -0.0 -0.0 -0.0 -0.0 -0.0 -0.0 -0.0 -0.0; -0.0 -0.0 -0.0 -0.0 -0.0 -0.0 -0.0 -0.0 -0.0 -0.0; -0.0 -0.0 -0.0 -0.0 -0.0 -0.0 -0.0 -0.0 -0.0 -0.0; -0.0 -0.0 -0.0 -0.0 -0.0 -0.0 -0.0 -0.0 -0.0 -0.0]
evol_box,"[[0.434, 0.0], [2.124, 112491.49244823774], [2.232, 112491.49244823774], [2.412, 328919.3702146307], [2.647, 329222.22912130354], [3.144, 3.2568340343961827e6], [3.607, 3.257575151509787e6], [4.855, 4.667104729779283e6], [5.456, 4.667104729779283e6], [6.438, 4.667104729779283e6], [8.562, 4.66731426236726e6], [10.308, 5.534904414634727e6], [13.203, 5.75151571561536e6], [14.631, 5.968895655518832e6], [18.293, 6.293733545780997e6], [22.298, 6.293745588704634e6], [29.769, 6.510602365637777e6], [35.036, 6.511296950553415e6], [42.279, 6.836507695178047e6], [50.302, 6.8365937412277525e6], [54.894, 6.944969970836654e6], [60.99, 6.944969970836654e6], [70.519, 6.944969970836656e6], [75.4, 7.0529517385294195e6], [82.599, 7.0529517385294195e6], [101.049, 7.053263423965955e6], [110.807, 7.053364555423891e6], [133.718, 7.270065762889011e6], [142.476, 7.378473839095121e6], [155.903, 7.378473839095121e6], [170.312, 7.378473839095121e6], [174.907, 7.487271703279971e6], [197.144, 7.704008227493567e6], [226.176, 7.704229729166374e6], [277.755, 7.812613587877395e6], [312.184, 7.921202332295096e6], [343.924, 8.137702905055808e6], [407.461, 8.137789111378301e6], [448.431, 8.137818597210929e6], [504.758, 8.137818597210929e6], [603.174, 8.13812417510682e6], [656.996, 8.246298801460806e6], [696.275, 8.354577933816768e6], [841.502, 8.354649245129699e6], [955.908, 8.354676908911174e6], [1009.015, 8.354949605889594e6], [1147.748, 8.463016262780787e6], [1177.671, 8.463152033482898e6], [1203.365, 8.463434737417234e6], [1319.781, 8.571478915288e6], [1621.263, 8.571488822687713e6], [1739.451, 8.571491288449772e6], [1893.173, 8.571551482617512e6], [1930.164, 8.571844364217952e6], [2001.894, 8.680201436978545e6], [2272.239, 8.679937059051447e6], [2419.663, 8.680194366370618e6], [2450.849, 8.680210326468196e6], [2534.372, 8.68029840117685e6], [2860.957, 8.788385341686286e6], [3117.253, 8.896937646703102e6], [3378.106, 8.788752206773588e6], [3437.255, 8.897036720700245e6], [3600.025, 8.896934037962487e6]]"
y_pb,[[0.0 -0.0 -0.0 -0.0 -0.0 -0.0 -0.0 -0.0 -0.0 -0.0; 47.0 33.0 -0.0 -0.0 -0.0 -0.0 -0.0 -0.0 -0.0 -0.0; -0.0 -0.0 -0.0 -0.0 -0.0 -0.0 -0.0 4.0 39.0 -0.0; -0.0 -0.0 -0.0 -0.0 -0.0 -0.0 -0.0 -0.0 -0.0 54.0;;;]]
x_bb,"[0.0, 75.0, 48.0, 54.0]"
x_box,"[-0.0, 55.0, 69.0, 53.0]"
evol_zeta,"[[2.213, 47.0], [2.246, 42.7], [2.425, 21.0], [2.659, 21.0], [3.161, 15.0], [3.629, 15.0], [4.867, 10.88888888888889], [5.549, 10.888888888888886], [6.477, 10.0], [8.62, 14.599999999999994], [10.337, 13.900000000000006], [13.213, 11.0], [14.663, 10.333333333333439], [18.32, 11.0], [22.36, 12.399999999999999], [29.792, 10.0], [35.057, 11.0], [42.33, 10.799999999999997], [50.362, 10.0], [54.984, 11.777777777777779], [61.006, 14.0], [70.549, 12.700000000000003], [75.533, 10.399999999999999], [82.726, 10.0], [101.171, 10.0], [110.864, 9.222222222222221], [133.827, 10.111111111111093], [142.493, 10.11111111111111], [155.911, 10.0], [170.338, 10.0], [174.946, 15.799999999999999], [197.163, 9.88888888888889], [226.28, 9.099999999999998], [277.786, 9.777777777777773], [312.265, 9.5], [343.941, 11.0], [407.523, 9.799999999999997], [448.563, 7.999999999999998], [504.807, 8.0], [603.217, 9.099999999999994], [657.051, 10.59999999999999], [696.409, 8.7], [841.514, 7.0], [956.049, 7.0], [1009.064, 8.599999999999962], [1147.831, 7.600000000000001], [1177.79, 9.099999999999998], [1203.486, 7.6000000000000005], [1319.88, 10.0], [1621.315, 7.799999999999997], [1739.471, 7.200000000000003], [1893.189, 6.5], [1930.233, 6.999999999999999], [2001.971, 9.0], [2272.302, 8.0], [2419.673, 6.400000000000004], [2450.862, 7.0], [2534.386, 7.666666666666668], [2861.009, 5.600000000000042], [3117.293, 5.500000000650001], [3378.115, 6.100000000000001], [3437.309, 5.3], [3600.04, 0.0]]"
ξ_box,[37.0 34.0 47.0 46.0; 12.999990071509115 29.0 33.0 33.0; 18.0 14.0 18.0 18.0; 15.0 11.000005954119354 15.0 15.0; 12.0 12.0 12.0 12.0; 20.0 20.0 20.0 19.0; 23.0 23.0 23.0 16.0; 28.0 24.0 28.0 21.0; 39.0 39.0 24.0 35.0; 54.0 53.0 38.0 43.0]
