first,second
s_box,[-0.0 4.0; -0.0 -0.0; -0.0 0.0; 19.0 19.0; 27.0 17.0; 29.0 29.0; 33.0 22.0; 33.0 2.0; 3.0 42.0; -0.0 8.0]
x_pb,"[62.0, 41.0, -0.0, 75.0]"
s_bb,[-0.0 -0.0; 37.0 -0.0; 41.0 -0.0; -0.0 19.0; -0.0 27.0; 29.0 29.0; -0.0 38.0; -0.0 31.0; 36.0 0.0; -0.0 0.0]
partition_bb,"[[[2.0, 14.0, 41.0, 19.0, 12.0, 10.0, 11.0, 18.0, 21.0, 31.0], [25.0, 27.0, 0.0, 3.0, 11.0, 13.0, 24.0, 17.0, 24.0, 34.0], [21.0, 33.0, 6.0, 19.0, 27.0, 29.0, 18.0, 16.0, 9.0, 0.0], [18.0, 30.0, 3.0, 8.0, 16.0, 18.0, 24.0, 31.0, 21.0, 14.0], [17.0, 29.0, 2.0, 3.0, 11.0, 13.0, 24.0, 26.0, 36.0, 26.0], [0.0, 6.0, 33.0, 12.0, 20.0, 22.0, 33.0, 26.0, 21.0, 13.0], [19.0, 31.0, 4.0, 0.0, 8.0, 10.0, 20.0, 23.0, 30.0, 40.0], [25.0, 37.0, 10.0, 19.0, 11.0, 9.0, 9.0, 12.0, 19.0, 29.0], [0.0, 6.0, 33.0, 11.0, 18.0, 20.0, 26.0, 33.0, 23.0, 16.0], [14.0, 26.0, 0.0, 1.0, 9.0, 11.0, 21.0, 24.0, 31.0, 41.0]], [[0.0, 0.0, 0.0, 7.0, 15.0, 17.0, 27.0, 30.0, 37.0, 47.0], [0.0, 0.0, 24.0, 14.0, 22.0, 24.0, 35.0, 28.0, 23.0, 15.0], [5.0, 17.0, 0.0, 12.0, 20.0, 22.0, 28.0, 35.0, 25.0, 18.0], [25.0, 13.0, 0.0, 19.0, 27.0, 29.0, 18.0, 16.0, 21.0, 11.0], [13.0, 25.0, 0.0, 2.0, 10.0, 12.0, 22.0, 25.0, 32.0, 42.0], [0.0, 4.0, 31.0, 9.0, 9.0, 11.0, 21.0, 24.0, 31.0, 41.0], [0.0, 0.0, 0.0, 9.0, 17.0, 19.0, 30.0, 32.0, 42.0, 32.0], [0.0, 0.0, 0.0, 15.0, 23.0, 25.0, 31.0, 38.0, 28.0, 21.0], [0.0, 0.0, 3.0, 17.0, 25.0, 27.0, 38.0, 31.0, 26.0, 18.0], [14.0, 26.0, 0.0, 2.0, 10.0, 12.0, 22.0, 25.0, 32.0, 42.0]]]"
y_box,[25.0 37.0 -0.0 -0.0 -0.0 -0.0 -0.0 -0.0 -0.0 -0.0; -0.0 -0.0 41.0 -0.0 -0.0 -0.0 -0.0 -0.0 -0.0 -0.0; -0.0 -0.0 -0.0 -0.0 -0.0 -0.0 -0.0 -0.0 -0.0 -0.0; -0.0 -0.0 -0.0 -0.0 -0.0 -0.0 -0.0 0.0 34.0 41.0;;; 21.0 25.0 -0.0 -0.0 -0.0 -0.0 16.0 -0.0 -0.0 -0.0; -0.0 1.0 30.0 0.0 10.0 -0.0 -0.0 0.0 0.0 -0.0; -0.0 -0.0 -0.0 -0.0 -0.0 -0.0 -0.0 -0.0 -0.0 -0.0; -0.0 -0.0 -0.0 -0.0 -0.0 -0.0 -0.0 36.0 0.0 39.0]
evol_bb,"[[1.594, 2.0082361344249733e7], [1.746, 2.008236134424973e7], [6.336, 1.9960665000837125e7], [6.998, 1.996066500083712e7], [14.191, 1.984189316831088e7], [28.104, 1.9838968657424513e7], [28.434, 1.9359282358227186e7], [50.416, 1.935645727871088e7], [50.525, 1.935218328377407e7], [72.955, 1.911379394184518e7], [239.896, 1.8865412519208416e7], [293.047, 1.8865397910123628e7], [302.46, 1.8743708871253412e7], [452.498, 1.8743701566711016e7], [536.064, 1.8622131449623656e7], [667.292, 1.8622041746010367e7], [667.305, 1.8500345402597763e7], [934.136, 1.850033809805537e7], [1043.518, 1.8378612536473185e7], [1047.094, 1.826131920969222e7], [1116.78, 1.825718470286079e7], [1238.152, 1.8256952715772543e7], [1284.657, 1.8256916193060577e7], [1285.493, 1.8144859235588897e7], [1292.21, 1.814397977703484e7], [1296.66, 1.813524906781754e7], [1319.335, 1.801385471972577e7], [1319.407, 1.8013854719725765e7], [1323.573, 1.753475843026474e7], [1323.625, 1.7527190550945956e7]]"
y_bb,[-0.0 -0.0 -0.0 19.0 27.0 0.0 5.0 -0.0 -0.0 -0.0; 25.0 -0.0 -0.0 -0.0 -0.0 -0.0 -0.0 0.0 -0.0 6.0; 0.0 -0.0 -0.0 -0.0 0.0 -0.0 -0.0 -0.0 -0.0 -0.0; -0.0 0.0 0.0 -0.0 -0.0 -0.0 28.0 33.0 0.0 35.0;;; 25.0 26.0 -0.0 -0.0 -0.0 -0.0 -0.0 -0.0 -0.0 -0.0; -0.0 -0.0 31.0 -0.0 -0.0 -0.0 -0.0 -0.0 -0.0 -0.0; -0.0 -0.0 -0.0 0.0 0.0 0.0 -0.0 -0.0 -0.0 -0.0; -0.0 -0.0 -0.0 -0.0 -0.0 -0.0 0.0 7.0 42.0 47.0]
evol_box,"[[0.391, 0.0], [1.926, 248506.84554591536], [2.01, 491012.21741725394], [2.026, 4.385174731096398e6], [2.073, 6.818535493088963e6], [2.091, 9.129774495995805e6], [2.115, 1.0225362536095535e7], [2.213, 1.1320279426885514e7], [2.328, 1.132027942688551e7], [2.466, 1.3997628232500222e7], [2.647, 1.3998009304998033e7], [2.792, 1.4363021398336137e7], [2.922, 1.4363086987421224e7], [3.115, 1.4606400889789958e7], [3.306, 1.497128671522909e7], [3.481, 1.5092909948482355e7], [3.685, 1.5336649490579797e7], [3.874, 1.545845592652557e7], [4.102, 1.5579680696864152e7], [4.365, 1.5823066046779273e7], [4.643, 1.5944751425286368e7], [4.919, 1.5945105897776514e7], [5.131, 1.6188122182300558e7], [5.534, 1.6188122182300558e7], [5.759, 1.6188539236186234e7], [5.985, 1.6431529478210561e7], [6.246, 1.6431529478210555e7], [6.554, 1.6431996186522888e7], [6.821, 1.6553691211839376e7], [7.109, 1.6796625435913518e7], [7.58, 1.6796802991682373e7], [8.027, 1.679706535196349e7], [8.391, 1.679711080698781e7], [8.717, 1.691830024277622e7], [9.015, 1.6918535818906747e7], [9.466, 1.6918742851413846e7], [9.828, 1.7040011195273615e7], [10.182, 1.7040011195273615e7], [10.672, 1.7040467784188684e7], [11.032, 1.7161649102347083e7], [11.422, 1.716168562505905e7], [11.753, 1.7161747786496624e7], [12.332, 1.7161935881648146e7], [12.773, 1.716213179110926e7], [13.283, 1.728338196847166e7], [13.776, 1.728338927301405e7], [14.242, 1.728357149967072e7], [14.632, 1.728380171261502e7], [15.221, 1.7283823454347827e7], [15.776, 1.7405078311884265e7], [16.228, 1.740507831188427e7], [16.742, 1.7405078311884265e7], [17.222, 1.740508561642666e7], [17.862, 1.7405100225511443e7], [18.386, 1.7405118511143208e7], [18.986, 1.740512217150633e7], [19.571, 1.7405490834400926e7], [20.056, 1.7405494207533345e7], [20.418, 1.7526738132584915e7], [20.826, 1.752677465529688e7], [21.265, 1.7526774655296877e7], [21.814, 1.752677465529688e7], [22.432, 1.7526774655296877e7], [22.826, 1.752678195983927e7]]"
y_pb,[[24.999999999999996 36.99999999999999 -0.0 -0.0 -0.0 -0.0 -0.0 -0.0 -0.0 -0.0; -0.0 -0.0 41.0 -0.0 -0.0 -0.0 -0.0 -0.0 -0.0 -0.0; -0.0 -0.0 -0.0 0.0 -0.0 -0.0 -0.0 -0.0 -0.0 -0.0; -0.0 -0.0 -0.0 -0.0 -0.0 -0.0 -0.0 -0.0 28.0 47.0;;;]]
x_bb,"[51.0, 31.0, 0.0, 96.0]"
x_box,"[62.0, 41.0, -0.0, 75.0]"
evol_zeta,"[[1.586, 46.714285714285715], [2.0, 41.0], [2.017, 30.0], [2.055, 27.888888888888886], [2.076, 23.0], [2.097, 19.0], [2.12, 12.0], [2.218, 14.375], [2.334, 14.0], [2.475, 11.300000000000022], [2.656, 8.222222222222218], [2.801, 8.999999999999998], [2.928, 11.0], [3.124, 9.0], [3.315, 7.5714285714285765], [3.488, 6.0], [3.696, 4.777777777777779], [3.883, 7.9999999999999964], [4.112, 6.099999999999999], [4.374, 4.57142857142857], [4.652, 4.555555555555557], [4.926, 4.0], [5.18, 6.5], [5.544, 5.555555555555557], [5.769, 4.111111111111109], [5.993, 6.4444444444444455], [6.254, 4.0], [6.567, 4.0], [6.831, 3.555555555555557], [7.118, 4.000000000500002], [7.619, 4.124999999999998], [8.037, 2.555556710827807], [8.401, 4.111111111111114], [8.727, 3.444444444444443], [9.025, 4.555555555555557], [9.473, 2.6666666666666643], [9.834, 5.374999999999998], [10.192, 2.444444444444443], [10.683, 1.7777777780555652], [11.04, 5.857142857142861], [11.432, 4.000000000500002], [11.791, 4.285714285714285], [12.34, 4.0], [12.783, 2.555555555555556], [13.293, 2.444444444444443], [13.788, 0.44444444444444287], [14.25, 5.888888888888891], [14.662, 2.1111111111111143], [15.231, 0.3333333333333412], [15.782, 0.7777777777777786], [16.233, 0.3333333333333357], [16.75, 0.33333333333333215], [17.245, 0.22222222222222143], [17.868, 2.857142857142854], [18.4, 1.7142857142857117], [19.004, 2.7142857142857153], [19.58, 1.3333333333333321], [20.067, 0.125], [20.428, 2.428571428571426], [20.836, 0.22222222222222143], [21.275, 0.44444444444444287], [21.818, 0.22222222222222143], [22.442, 0.11111111111111427], [22.836, 0.0]]"
ξ_box,[25.0 25.0; 37.0 26.0; 41.0 30.0; 19.0 19.0; 27.0 27.0; 29.0 29.0; 33.0 38.0; 33.0 38.0; 37.0 42.0; 41.0 47.0]
