first,second
s_box,[-0.0 -0.0 -0.0 -0.0; 34.0 26.0 24.0 -0.0; -0.0 -0.0 -0.0 22.0; -0.0 -0.0 -0.0 -0.0; 9.999999022775887 -0.0 20.0 20.0; -0.0 -0.0 -0.0 9.0; -0.0 -0.0 11.0 -0.0; 16.0 16.0 16.0 -0.0; 27.999999999999996 36.0 17.0 36.0; -0.0 9.0 -0.0 -0.0]
x_pb,"[44.99999999999999, 38.0, 59.0, 22.000000000000007]"
s_bb,[-0.0 -0.0 -0.0 -0.0; 34.0 32.0 -0.0 -0.0; -0.0 21.0 -0.0 -0.0; -0.0 -0.0 -0.0 -0.0; 22.0 14.0 -0.0 -0.0; 0.0 -0.0 -0.0 -0.0; 0.0 -0.0 -0.0 -0.0; 16.0 8.0 -0.0 -0.0; 36.0 -0.0 -0.0 -0.0; 18.0 -0.0 -0.0 -0.0]
partition_bb,"[[[45.0, 24.0, 23.0, 15.0, 22.0, 13.0, 7.0, 16.0, 0.0, 0.0], [0.0, 0.0, 0.0, 0.0, 7.0, 16.0, 22.0, 16.0, 32.0, 40.0], [1.0, 3.0, 14.0, 14.0, 21.0, 30.0, 24.0, 16.0, 3.0, 3.0], [45.0, 34.0, 23.0, 15.0, 22.0, 13.0, 7.0, 0.0, 0.0, 0.0], [16.0, 0.0, 1.0, 7.0, 14.0, 23.0, 29.0, 16.0, 25.0, 33.0], [19.0, 11.0, 22.0, 15.0, 9.0, 3.0, 7.0, 16.0, 36.0, 28.0]], [[11.0, 32.0, 21.0, 13.0, 14.0, 23.0, 29.0, 16.0, 5.0, 0.0], [15.0, 0.0, 0.0, 8.0, 13.0, 15.0, 21.0, 16.0, 36.0, 40.0]], Vector{Float64}[], Vector{Float64}[]]"
y_box,[45.0 -0.0 -0.0 -0.0 -0.0 -0.0 -0.0 -0.0 -0.0 -0.0; -0.0 -0.0 23.0 15.0 -0.0 -0.0 -0.0 -0.0 -0.0 -0.0; -0.0 0.0 -0.0 -0.0 12.000000972224269 14.999999029775733 21.0 -0.0 -0.0 -0.0; -0.0 -0.0 -0.0 -0.0 -0.0 -0.0 -0.0 -0.0 0.0 33.0;;; 39.0 -0.0 6.0 -0.0 -0.0 -0.0 -0.0 -0.0 -0.0 -0.0; -0.0 -0.0 9.0 15.0 14.0 -0.0 -0.0 -0.0 -0.0 -0.0; -0.0 -0.0 -0.0 -0.0 6.0 19.0 23.0 -0.0 -0.0 -0.0; -0.0 -0.0 -0.0 -0.0 -0.0 -0.0 2.0 -0.0 -0.0 31.0;;; 41.0 4.0 -0.0 -0.0 -0.0 -0.0 -0.0 -0.0 -0.0 -0.0; -0.0 -0.0 21.0 15.0 2.0 -0.0 -0.0 -0.0 -0.0 -0.0; -0.0 -0.0 -0.0 -0.0 -0.0 30.0 18.0 -0.0 -0.0 -0.0; -0.0 -0.0 -0.0 -0.0 -0.0 -0.0 -0.0 -0.0 6.0 27.0;;; 17.0 7.0 0.0 -0.0 -0.0 -0.0 21.0 -0.0 -0.0 -0.0; -0.0 22.0 -0.0 14.0 -0.0 2.0 -0.0 -0.0 -0.0 -0.0; -0.0 -0.0 -0.0 -0.0 -0.0 1.0 8.0 -0.0 -0.0 39.0; -0.0 -0.0 -0.0 -0.0 -0.0 17.0 -0.0 16.0 -0.0 -0.0]
evol_bb,"[[2.899, 1.3661156775103537e7], [12.56, 1.3661156775103536e7], [44.99, 1.3661156775103534e7]]"
y_bb,[45.0 0.0 -0.0 -0.0 -0.0 -0.0 -0.0 -0.0 -0.0 -0.0; -0.0 -0.0 23.0 15.0 -0.0 -0.0 -0.0 -0.0 -0.0 -0.0; -0.0 -0.0 -0.0 -0.0 0.0 30.0 29.0 0.0 -0.0 -0.0; -0.0 -0.0 -0.0 -0.0 -0.0 -0.0 -0.0 -0.0 0.0 22.0;;; 0.0 -0.0 -0.0 -0.0 -0.0 -0.0 -0.0 -0.0 36.0 9.0; -0.0 -0.0 -0.0 -0.0 0.0 -0.0 15.0 -0.0 -0.0 23.0; 15.0 -0.0 -0.0 13.0 -0.0 23.0 -0.0 -0.0 0.0 8.0; -0.0 0.0 0.0 -0.0 -0.0 -0.0 14.0 8.0 -0.0 -0.0;;; -0.0 -0.0 -0.0 -0.0 -0.0 -0.0 -0.0 -0.0 -0.0 -0.0; -0.0 -0.0 -0.0 -0.0 -0.0 -0.0 -0.0 -0.0 -0.0 -0.0; -0.0 -0.0 -0.0 -0.0 -0.0 -0.0 -0.0 -0.0 -0.0 -0.0; -0.0 -0.0 -0.0 -0.0 -0.0 -0.0 -0.0 -0.0 -0.0 -0.0;;; -0.0 -0.0 -0.0 -0.0 -0.0 -0.0 -0.0 -0.0 -0.0 -0.0; -0.0 -0.0 -0.0 -0.0 -0.0 -0.0 -0.0 -0.0 -0.0 -0.0; -0.0 -0.0 -0.0 -0.0 -0.0 -0.0 -0.0 -0.0 -0.0 -0.0; -0.0 -0.0 -0.0 -0.0 -0.0 -0.0 -0.0 -0.0 -0.0 -0.0]
evol_box,"[[0.44, 0.0], [2.156, 110679.24974692892], [2.249, 110679.24974692892], [2.366, 761301.7131072208], [2.563, 761635.4000723021], [3.264, 3.5796835305239446e6], [3.538, 4.013059481319451e6], [4.557, 4.01305948131945e6], [5.611, 5.205740844775863e6], [6.825, 5.205740844775862e6], [8.348, 5.856140428368089e6], [10.344, 5.964535965257855e6], [13.994, 6.614865747795405e6], [19.802, 6.614865747795406e6], [23.293, 6.614865747795407e6], [26.063, 6.615040559373189e6], [30.853, 7.590596054053586e6], [36.382, 7.9158230745245125e6], [44.01, 7.9158230745245125e6], [49.032, 7.915849107517098e6], [53.923, 8.0242998742868295e6], [62.264, 8.132562277699575e6], [83.649, 8.132629272880251e6], [91.757, 8.132731646442577e6], [103.425, 8.349446776452867e6], [124.543, 8.457844235394355e6], [141.784, 8.674481407296328e6], [161.582, 8.674481407296328e6], [177.133, 8.674647734801192e6], [197.105, 8.783001056615582e6], [231.588, 8.783030129614636e6], [278.435, 8.78317823254017e6], [331.136, 8.891327625296472e6], [398.981, 8.891327625296472e6], [427.046, 8.999728294745248e6], [475.071, 8.999728294745248e6], [524.663, 8.99982597897484e6], [580.898, 8.99985394567979e6], [632.095, 8.999877687862748e6], [683.995, 9.108322405453175e6], [732.409, 9.10830594384732e6], [943.954, 9.216588677929137e6], [1090.648, 9.216724014071267e6], [1244.765, 9.216686388534281e6], [1304.931, 9.325056845833946e6], [1395.167, 9.325130157661162e6], [1481.152, 9.433494992243297e6], [1677.094, 9.433460153408661e6], [1883.295, 9.433461537851233e6], [2070.779, 9.43347542378718e6], [2453.863, 9.433494992243297e6], [2693.819, 9.541734542199858e6], [2908.896, 9.541738970928177e6], [3223.056, 9.541742567683823e6], [3600.05, 9.541828001386005e6]]"
y_pb,[[44.99999999999999 -0.0 -0.0 -0.0 -0.0 -0.0 -0.0 -0.0 -0.0 -0.0; -0.0 -0.0 23.0 15.0 -0.0 -0.0 -0.0 -0.0 -0.0 -0.0; -0.0 -0.0 -0.0 -0.0 -0.0 30.0 28.999999999999996 -0.0 -0.0 -0.0; -0.0 -0.0 -0.0 -0.0 -0.0 -0.0 -0.0 -0.0 -0.0 22.000000000000007;;;]]
x_bb,"[45.0, 38.0, 59.0, 22.0]"
x_box,"[45.0, 38.0, 48.0, 33.0]"
evol_zeta,"[[2.236, 40.0], [2.254, 38.3], [2.395, 26.300000002730002], [2.638, 22.5], [3.302, 21.75], [3.567, 20.200000000000003], [4.606, 17.8888890275418], [5.649, 17.0], [6.831, 16.6], [8.386, 16.0], [10.352, 14.0], [14.006, 13.0], [19.819, 12.0], [23.302, 13.0], [26.082, 12.599999999999994], [30.871, 11.75], [36.392, 11.0], [44.073, 10.600000000000001], [49.066, 9.5], [53.94, 9.0], [62.303, 11.625000000000103], [83.675, 13.299999999999997], [91.789, 11.099999999999994], [103.437, 10.625], [124.568, 7.700000000000003], [141.837, 9.444444444444443], [161.621, 9.200000000000005], [177.171, 8.599999999999998], [197.128, 8.900000000000006], [231.644, 9.0], [278.45, 8.899999999999999], [331.173, 8.500000000000007], [398.994, 8.000000000000014], [427.065, 7.999999999999998], [475.096, 7.625], [524.722, 6.200000000000003], [580.928, 9.555555555555557], [632.125, 9.444444444444425], [684.051, 7.5], [732.43, 7.222222222222221], [943.987, 6.199999999999999], [1090.7, 6.0], [1244.825, 8.888888888888886], [1304.953, 7.999999999999999], [1395.232, 7.899999999999999], [1481.259, 6.0], [1677.122, 8.0], [1883.349, 6.999999999999993], [2070.819, 8.0], [2453.887, 7.700000000000003], [2693.87, 5.7], [2908.905, 8.2], [3223.082, 8.799999999999997], [3600.068, 0.0]]"
ξ_box,[45.0 39.0 41.0 17.0; 34.0 26.0 28.0 29.0; 23.0 15.0 21.0 22.0; 15.0 15.0 15.0 14.0; 22.0 20.0 22.0 20.0; 14.999999034775731 19.0 30.0 29.0; 21.0 25.0 29.0 29.0; 16.0 16.0 16.0 16.0; 28.0 36.0 23.0 36.0; 33.0 40.0 27.0 39.0]
