first,second
s_box,[0.0 8.0 0.0 0.0 0.0; 0.0 0.0 22.0 0.0 8.0; 15.0 0.0 23.0 0.0 20.0; 0.0 13.0 0.0 13.0 0.0; 0.0 8.0 0.0 8.0 8.0; 0.0 1.0 0.0 0.0 0.0; 16.0 0.0 0.0 0.0 0.0; 4.0 5.0 0.0 5.0 5.0; 10.0 10.0 0.0 0.0 5.0; 0.0 0.0 0.0 19.0 0.0]
x_pb,"[40.0, 13.0, 41.0, 22.0]"
s_bb,[-0.0 11.0 -0.0 -0.0 -0.0; 24.0 -0.0 -0.0 -0.0 -0.0; 23.0 -0.0 -0.0 -0.0 -0.0; 0.0 -0.0 -0.0 -0.0 -0.0; 8.0 -0.0 -0.0 -0.0 -0.0; -0.0 -0.0 -0.0 -0.0 -0.0; 0.0 -0.0 -0.0 -0.0 -0.0; 5.0 5.0 -0.0 -0.0 -0.0; 10.0 9.0 -0.0 -0.0 -0.0; 0.0 -0.0 -0.0 -0.0 -0.0]
partition_bb,"[[[33.0, 24.0, 11.0, 5.0, 8.0, 0.0, 0.0, 5.0, 10.0, 22.0], [13.0, 27.0, 14.0, 8.0, 8.0, 25.0, 16.0, 5.0, 0.0, 0.0], [26.0, 12.0, 23.0, 13.0, 8.0, 9.0, 0.0, 0.0, 0.0, 0.0], [17.0, 31.0, 18.0, 12.0, 8.0, 0.0, 0.0, 4.0, 5.0, 21.0]], [[0.0, 10.0, 23.0, 10.0, 8.0, 0.0, 2.0, 5.0, 9.0, 16.0], [17.0, 31.0, 23.0, 13.0, 8.0, 5.0, 14.0, 5.0, 0.0, 0.0]], [[33.0, 31.0, 18.0, 13.0, 8.0, 0.0, 0.0, 4.0, 9.0, 0.0]], [[17.0, 31.0, 23.0, 12.0, 8.0, 9.0, 0.0, 0.0, 0.0, 0.0]], Vector{Float64}[]]"
y_box,[33.0 4.0 0.0 0.0 8.0 0.0 0.0 0.0 0.0 0.0; 0.0 9.0 0.0 0.0 0.0 0.0 0.0 0.0 0.0 0.0; 0.0 11.0 0.0 5.0 0.0 3.0 0.0 0.0 0.0 22.0; 0.0 0.0 0.0 0.0 0.0 20.0 0.0 1.0 0.0 0.0;;; 0.0 0.0 0.0 0.0 0.0 23.0 0.0 0.0 0.0 22.0; 6.0 3.0 0.0 0.0 0.0 0.0 0.0 0.0 0.0 0.0; 0.0 22.0 2.0 0.0 0.0 1.0 16.0 0.0 0.0 0.0; 0.0 0.0 21.0 0.0 0.0 0.0 0.0 0.0 0.0 0.0;;; 13.0 9.0 0.0 13.0 0.0 0.0 0.0 0.0 0.0 10.0; 0.0 0.0 0.0 0.0 8.0 1.0 0.0 0.0 0.0 0.0; 17.0 0.0 0.0 0.0 0.0 19.0 0.0 5.0 0.0 0.0; 0.0 0.0 0.0 0.0 0.0 0.0 11.0 0.0 10.0 0.0;;; 33.0 0.0 12.0 0.0 0.0 0.0 0.0 0.0 0.0 0.0; 0.0 0.0 9.0 0.0 0.0 0.0 0.0 0.0 0.0 0.0; 0.0 26.0 2.0 0.0 0.0 9.0 4.0 0.0 0.0 0.0; 0.0 0.0 0.0 0.0 0.0 0.0 10.0 0.0 10.0 1.0;;; 26.0 19.0 0.0 0.0 0.0 0.0 0.0 0.0 0.0 0.0; 0.0 0.0 0.0 9.0 0.0 0.0 0.0 0.0 0.0 0.0; 0.0 0.0 0.0 0.0 0.0 25.0 16.0 0.0 0.0 0.0; 0.0 0.0 0.0 0.0 0.0 0.0 0.0 0.0 0.0 21.0]
evol_bb,"[[0.399, 8.202373489974412e6], [0.42, 8.202373489974411e6], [19.126, 8.20237348997441e6], [21.294, 8.202373489974409e6]]"
y_bb,[33.0 7.0 -0.0 -0.0 -0.0 -0.0 -0.0 -0.0 -0.0 -0.0; -0.0 -0.0 -0.0 13.0 0.0 -0.0 -0.0 -0.0 -0.0 -0.0; -0.0 -0.0 -0.0 -0.0 -0.0 25.0 16.0 -0.0 -0.0 -0.0; -0.0 -0.0 -0.0 -0.0 -0.0 -0.0 -0.0 -0.0 -0.0 22.0;;; -0.0 -0.0 23.0 0.0 -0.0 -0.0 13.0 -0.0 -0.0 4.0; -0.0 -0.0 -0.0 -0.0 -0.0 1.0 -0.0 -0.0 -0.0 12.0; 6.0 31.0 -0.0 -0.0 0.0 4.0 -0.0 0.0 0.0 -0.0; -0.0 -0.0 -0.0 13.0 8.0 -0.0 1.0 -0.0 -0.0 -0.0;;; -0.0 1.0 18.0 13.0 8.0 -0.0 -0.0 -0.0 -0.0 -0.0; 4.0 -0.0 -0.0 -0.0 -0.0 -0.0 -0.0 -0.0 9.0 -0.0; 7.0 30.0 -0.0 -0.0 -0.0 -0.0 -0.0 4.0 0.0 -0.0; 22.0 -0.0 -0.0 -0.0 0.0 -0.0 -0.0 -0.0 -0.0 -0.0;;; -0.0 23.0 10.0 7.0 -0.0 -0.0 -0.0 -0.0 -0.0 -0.0; -0.0 -0.0 13.0 -0.0 -0.0 -0.0 -0.0 -0.0 -0.0 -0.0; 0.0 8.0 -0.0 -0.0 8.0 9.0 -0.0 -0.0 -0.0 -0.0; 17.0 -0.0 -0.0 5.0 -0.0 -0.0 -0.0 -0.0 -0.0 -0.0;;; -0.0 -0.0 -0.0 -0.0 -0.0 -0.0 -0.0 -0.0 -0.0 -0.0; -0.0 -0.0 -0.0 -0.0 -0.0 -0.0 -0.0 -0.0 -0.0 -0.0; -0.0 -0.0 -0.0 -0.0 -0.0 -0.0 -0.0 -0.0 -0.0 -0.0; -0.0 -0.0 -0.0 -0.0 -0.0 -0.0 -0.0 -0.0 -0.0 -0.0]
evol_box,"[[0.481, 0.0], [2.417, 236399.34741609223], [2.53, 236399.34741609223], [2.567, 236399.34741609223], [2.629, 236399.34741609223], [2.728, 236399.34741609223], [3.369, 2.2277642310813097e6], [5.227, 2.5795383424516954e6], [8.982, 2.6964710982962647e6], [12.665, 2.8134441450333167e6], [15.655, 2.8134442397067305e6], [17.94, 3.7507654924469907e6], [20.474, 3.8678098803146975e6], [23.705, 3.8678098803146975e6], [26.079, 3.8678098803146975e6], [29.37, 3.98499560582175e6], [33.376, 4.336557413743302e6], [37.214, 4.45355763637534e6], [42.494, 4.4537124287607465e6], [48.933, 4.45376440172583e6], [54.155, 4.570741688087202e6], [62.282, 4.570774172519282e6], [70.515, 4.922258352323914e6], [94.443, 4.922258352323914e6], [112.108, 4.922369844033538e6], [128.262, 4.922606053034876e6], [163.644, 5.039334858478528e6], [190.69, 5.039300117071814e6], [359.461, 5.039353941114612e6], [390.152, 5.156412504897588e6], [421.366, 5.273589666001414e6], [475.368, 5.1565945328318905e6], [513.857, 5.156738208754672e6], [597.153, 5.157006422885489e6], [694.411, 5.2736587204658585e6], [811.277, 5.273666258571864e6], [980.915, 5.273760123360431e6], [1182.187, 5.274058465919609e6], [1255.137, 5.3907281741492115e6], [1463.862, 5.3907434111400135e6], [3600.061, 5.390797363227421e6]]"
y_pb,[[33.0 7.0 -0.0 -0.0 -0.0 -0.0 -0.0 -0.0 -0.0 -0.0; -0.0 -0.0 -0.0 13.0 -0.0 -0.0 -0.0 -0.0 -0.0 -0.0; -0.0 -0.0 -0.0 -0.0 -0.0 24.999999999999996 16.0 -0.0 -0.0 -0.0; -0.0 -0.0 -0.0 -0.0 -0.0 -0.0 -0.0 -0.0 -0.0 22.0;;;]]
x_bb,"[40.0, 13.0, 41.0, 22.0]"
x_box,"[45.0, 9.0, 41.0, 21.0]"
evol_zeta,"[[1.936, 33.0], [2.504, 25.0], [2.536, 25.0], [2.582, 22.0], [2.639, 21.0], [2.738, 19.500000000000043], [3.375, 18.714285714285715], [5.239, 17.600000000000062], [8.989, 12.999999999999998], [12.672, 12.99999719539295], [15.69, 12.0], [17.947, 8.000000000900002], [20.495, 10.0], [23.714, 9.444444444444445], [26.093, 9.0], [29.379, 8.0], [33.396, 9.0], [37.228, 9.0], [42.504, 9.0], [48.939, 9.0], [54.18, 8.000000000000002], [62.321, 8.0], [70.537, 8.0], [94.46, 8.0], [112.118, 8.999999999999995], [128.282, 9.0], [163.662, 8.0], [190.707, 8.0], [359.48, 8.0], [390.163, 7.999999999999979], [421.385, 7.999999999999998], [475.407, 7.777777777777775], [513.878, 8.0], [597.166, 8.0], [694.432, 8.0], [811.297, 7.333333333333333], [980.939, 7.699999999999999], [1182.198, 8.0], [1255.149, 8.0], [1463.9, 9.0], [3600.083, 0.0]]"
ξ_box,[33.0 11.0 30.0 33.0 26.0; 24.0 25.0 31.0 26.0 27.0; 15.0 23.0 23.0 23.0 20.0; 5.0 13.0 13.0 13.0 9.0; 8.0 8.0 8.0 8.0 8.0; 23.0 25.0 20.0 9.0 25.0; 16.0 16.0 11.000000000000002 14.0 16.0; 5.0 5.0 5.0 5.0 5.0; 10.0 10.0 10.0 10.0 5.0; 22.0 22.0 10.000000000000032 20.0 21.0]
