first,second
s_box,[20.0 -0.0 18.0 -0.0; -0.0 1.0 20.0 -0.0; -0.0 -0.0 -0.0 -0.0; -0.0 1.0 -0.0 8.0; -0.0 -0.0 1.0 8.0; 8.0 -0.0 15.0 16.0; 3.0 30.0 -0.0 -0.0; 41.0 35.0 22.0 42.0; 4.0 8.0 -0.0 -0.0; 0.0 -0.0 0.0 -0.0]
x_pb,"[39.0, 8.0, 30.0, 85.0]"
s_bb,[29.0 -0.0 -0.0 -0.0; 24.0 -0.0 -0.0 -0.0; 0.0 9.0 -0.0 -0.0; -0.0 -0.0 -0.0 -0.0; -0.0 -0.0 -0.0 -0.0; 16.0 -0.0 -0.0 -0.0; -0.0 -0.0 -0.0 -0.0; 46.0 -0.0 -0.0 -0.0; 13.0 22.0 -0.0 -0.0; 0.0 -0.0 -0.0 -0.0]
partition_bb,"[[[0.0, 0.0, 0.0, 0.0, 4.0, 5.0, 24.0, 41.0, 43.0, 50.0], [29.0, 10.0, 13.0, 17.0, 8.0, 9.0, 30.0, 11.0, 15.0, 20.0], [0.0, 24.0, 21.0, 17.0, 8.0, 14.0, 30.0, 16.0, 20.0, 13.0], [0.0, 0.0, 0.0, 0.0, 5.0, 6.0, 27.0, 46.0, 42.0, 37.0], [0.0, 0.0, 0.0, 0.0, 3.0, 4.0, 25.0, 44.0, 48.0, 41.0], [0.0, 18.0, 21.0, 18.0, 8.0, 16.0, 6.0, 25.0, 29.0, 22.0]], [[29.0, 2.0, 5.0, 9.0, 0.0, 0.0, 3.0, 22.0, 22.0, 29.0], [0.0, 24.0, 21.0, 17.0, 8.0, 4.0, 17.0, 20.0, 22.0, 29.0]], Vector{Float64}[], Vector{Float64}[]]"
y_box,[0.0 9.0 8.0 12.0 8.0 -0.0 -0.0 -0.0 -0.0 -0.0; -0.0 -0.0 -0.0 -0.0 0.0 7.0 -0.0 -0.0 -0.0 -0.0; -0.0 -0.0 -0.0 -0.0 -0.0 -0.0 27.0 -0.0 -0.0 -0.0; -0.0 -0.0 -0.0 -0.0 -0.0 -0.0 -0.0 -0.0 41.0 50.0;;; 29.0 5.0 0.0 -0.0 -0.0 -0.0 -0.0 -0.0 -0.0 2.0; -0.0 7.0 -0.0 -0.0 0.0 -0.0 -0.0 -0.0 -0.0 -0.0; -0.0 11.0 -0.0 -0.0 -0.0 16.0 -0.0 -0.0 -0.0 -0.0; -0.0 -0.0 21.0 16.0 8.0 -0.0 -0.0 -0.0 21.0 25.0;;; 0.0 -0.0 19.0 18.0 -0.0 -0.0 -0.0 -0.0 -0.0 -0.0; -0.0 -0.0 -0.0 -0.0 7.0 -0.0 -0.0 -0.0 -0.0 -0.0; -0.0 -0.0 -0.0 -0.0 -0.0 1.0 26.0 -0.0 -0.0 -0.0; -0.0 -0.0 -0.0 -0.0 -0.0 -0.0 -0.0 14.0 35.0 42.0;;; 15.0 -0.0 3.0 1.0 -0.0 -0.0 18.0 -0.0 -0.0 -0.0; -0.0 -0.0 7.0 -0.0 -0.0 -0.0 -0.0 -0.0 -0.0 -0.0; 14.0 13.0 -0.0 -0.0 -0.0 -0.0 -0.0 -0.0 -0.0 0.0; -0.0 0.0 -0.0 -0.0 -0.0 -0.0 10.0 -0.0 42.0 39.0]
evol_bb,"[[8.895, 1.3416987983328864e7], [62.896, 1.3416987983328862e7]]"
y_bb,[0.0 0.0 21.0 18.0 -0.0 -0.0 -0.0 -0.0 -0.0 -0.0; -0.0 -0.0 -0.0 -0.0 8.0 -0.0 -0.0 -0.0 -0.0 -0.0; -0.0 -0.0 -0.0 -0.0 -0.0 -0.0 30.0 -0.0 -0.0 -0.0; -0.0 -0.0 -0.0 -0.0 -0.0 -0.0 -0.0 -0.0 35.0 50.0;;; 29.0 0.0 -0.0 4.0 0.0 0.0 -0.0 6.0 0.0 -0.0; -0.0 -0.0 -0.0 -0.0 -0.0 4.0 -0.0 -0.0 -0.0 4.0; -0.0 -0.0 -0.0 13.0 -0.0 -0.0 17.0 -0.0 -0.0 -0.0; -0.0 24.0 12.0 -0.0 8.0 -0.0 -0.0 16.0 -0.0 25.0;;; -0.0 -0.0 -0.0 -0.0 -0.0 -0.0 -0.0 -0.0 -0.0 -0.0; -0.0 -0.0 -0.0 -0.0 -0.0 -0.0 -0.0 -0.0 -0.0 -0.0; -0.0 -0.0 -0.0 -0.0 -0.0 -0.0 -0.0 -0.0 -0.0 -0.0; -0.0 -0.0 -0.0 -0.0 -0.0 -0.0 -0.0 -0.0 -0.0 -0.0;;; -0.0 -0.0 -0.0 -0.0 -0.0 -0.0 -0.0 -0.0 -0.0 -0.0; -0.0 -0.0 -0.0 -0.0 -0.0 -0.0 -0.0 -0.0 -0.0 -0.0; -0.0 -0.0 -0.0 -0.0 -0.0 -0.0 -0.0 -0.0 -0.0 -0.0; -0.0 -0.0 -0.0 -0.0 -0.0 -0.0 -0.0 -0.0 -0.0 -0.0]
evol_box,"[[0.592, 0.0], [2.927, 525780.3108487886], [3.06, 525780.3108487886], [3.119, 525780.3108487886], [3.196, 525780.3108487017], [3.529, 2.936361167850123e6], [4.089, 3.565217376544486e6], [4.49, 3.565217376544486e6], [5.7, 4.298780570778289e6], [6.799, 4.299079526315463e6], [8.238, 4.403826946408464e6], [9.568, 5.137362846156766e6], [10.332, 5.347010913053974e6], [13.668, 5.870940184474172e6], [18.933, 5.871058759928161e6], [25.575, 5.975717720311875e6], [29.802, 5.975762151068847e6], [33.243, 6.080616630011748e6], [37.32, 6.185363754978805e6], [42.842, 6.290126381430928e6], [49.99, 6.709320913699856e6], [54.926, 6.709428519369314e6], [68.289, 6.814079935007592e6], [77.98, 6.814171211477314e6], [90.965, 6.814304189576208e6], [107.348, 6.814172586754904e6], [137.929, 7.128615701894826e6], [179.484, 7.128624354937492e6], [210.089, 7.128632868447924e6], [249.603, 7.2333884567562975e6], [276.432, 7.233515812271707e6], [355.784, 7.338277318813868e6], [466.773, 7.442953706277186e6], [568.228, 7.442972899273446e6], [639.903, 7.443054122619893e6], [717.109, 7.443062123462057e6], [800.188, 7.443090629228239e6], [911.193, 7.443098026519457e6], [985.547, 7.547848011540083e6], [1165.609, 7.547848011540083e6], [1256.235, 7.547896853972767e6], [1461.555, 7.652680154458633e6], [1704.82, 7.757366006426383e6], [1821.266, 7.757413437887835e6], [2015.225, 7.75744588039967e6], [2477.338, 7.757454250883332e6], [2498.176, 7.862205535595582e6], [2768.901, 7.862198322392147e6], [3013.395, 7.862205535595582e6], [3588.671, 7.862198322392147e6], [3600.054, 7.967056698836468e6]]"
y_pb,[[-0.0 -0.0 21.0 18.0 -0.0 -0.0 -0.0 -0.0 -0.0 -0.0; -0.0 -0.0 -0.0 -0.0 8.0 -0.0 -0.0 -0.0 -0.0 -0.0; -0.0 -0.0 -0.0 -0.0 -0.0 -0.0 30.0 -0.0 -0.0 -0.0; -0.0 -0.0 -0.0 -0.0 -0.0 -0.0 -0.0 -0.0 35.0 49.99999999999999;;;]]
x_bb,"[39.0, 8.0, 30.0, 85.0]"
x_box,"[37.0, 7.0, 27.0, 91.0]"
evol_zeta,"[[3.039, 29.0], [3.085, 22.0], [3.141, 22.0], [3.214, 20.77777777777778], [3.587, 20.0], [4.107, 17.500000000000007], [4.515, 17.111111111111114], [5.73, 14.888888888888886], [6.839, 14.250000000000005], [8.277, 14.399999999999999], [9.628, 13.0], [10.376, 11.444444444444443], [13.695, 12.500000000000039], [18.99, 10.899999999999999], [25.62, 9.499999999999993], [29.825, 11.285714285714286], [33.263, 9.714285714285708], [37.368, 9.875], [42.866, 9.666666666666666], [50.01, 10.777777777777779], [54.941, 8.222222222222216], [68.316, 9.399999999999984], [78.01, 9.0], [91.009, 8.8], [107.405, 9.222222222222221], [137.954, 8.5], [179.534, 8.555555555555557], [210.132, 7.777777777777778], [249.633, 7.875], [276.474, 8.700000094549011], [355.814, 7.833333333333329], [466.803, 7.375000000000012], [568.28, 8.125000000000004], [639.929, 7.0999999999999925], [717.158, 7.5], [800.221, 7.8571437141459715], [911.211, 7.0], [985.604, 7.333333333333333], [1165.643, 7.888888888888889], [1256.32, 6.9999999999999405], [1461.608, 7.0], [1704.857, 7.333333333333336], [1821.325, 6.999999999999995], [2015.352, 7.0], [2477.373, 7.0], [2498.206, 6.750000000000009], [2768.936, 6.800000000000001], [3013.421, 7.0], [3588.714, 6.0], [3600.075, 0.0]]"
ξ_box,[20.0 29.0 18.0 29.0; 9.0 24.0 20.0 13.0; 8.0 21.0 19.0 10.0; 12.0 17.0 18.0 9.0; 8.0 8.0 8.0 8.0; 15.0 16.0 16.0 16.0; 30.0 30.0 26.0 28.0; 41.0 33.0 36.0 42.0; 45.0 29.0 35.0 42.0; 50.0 27.0 42.0 39.0]
