first,second
s_box,[40.0 20.0 37.0 19.0 39.0; 0.0 0.0 0.0 0.0 0.0; 0.0 0.0 1.0 9.0 0.0; 0.0 0.0 0.0 0.0 0.0; 0.0 0.0 0.0 0.0 0.0; 19.0 28.0 20.0 32.0 26.0; 18.0 30.0 18.0 18.0 0.0; 0.0 0.0 1.0 0.0 0.0; 0.0 0.0 0.0 0.0 0.0; 0.0 0.0 1.0 0.0 12.0]
x_pb,"[51.0, 73.0, 26.0, 35.0]"
s_bb,[54.0 -0.0 -0.0 -0.0 -0.0; -0.0 -0.0 -0.0 -0.0 -0.0; 43.0 -0.0 -0.0 -0.0 -0.0; -0.0 -0.0 -0.0 -0.0 -0.0; -0.0 2.0 -0.0 -0.0 -0.0; 32.0 -0.0 -0.0 -0.0 -0.0; 31.0 -0.0 -0.0 -0.0 -0.0; -0.0 -0.0 -0.0 -0.0 -0.0; -0.0 -0.0 -0.0 -0.0 -0.0; -0.0 -0.0 -0.0 -0.0 -0.0]
partition_bb,"[[[54.0, 40.0, 31.0, 21.0, 20.0, 10.0, 9.0, 0.0, 0.0, 0.0], [36.0, 25.0, 19.0, 3.0, 2.0, 21.0, 22.0, 16.0, 10.0, 35.0], [31.0, 17.0, 21.0, 37.0, 36.0, 18.0, 17.0, 2.0, 0.0, 0.0], [20.0, 22.0, 43.0, 27.0, 26.0, 22.0, 21.0, 6.0, 0.0, 0.0], [37.0, 51.0, 30.0, 28.0, 28.0, 9.0, 8.0, 0.0, 0.0, 0.0], [13.0, 8.0, 29.0, 13.0, 13.0, 32.0, 30.0, 16.0, 0.0, 0.0], [42.0, 28.0, 19.0, 11.0, 11.0, 29.0, 31.0, 16.0, 0.0, 0.0]], [[3.0, 13.0, 20.0, 36.0, 36.0, 17.0, 16.0, 1.0, 10.0, 35.0]], [[15.0, 29.0, 19.0, 35.0, 36.0, 17.0, 16.0, 16.0, 0.0, 0.0]], Vector{Float64}[], Vector{Float64}[]]"
y_box,[0.0 44.0 2.0 21.0 28.0 0.0 0.0 0.0 0.0 0.0; 0.0 0.0 29.0 0.0 0.0 0.0 2.0 0.0 0.0 0.0; 14.0 0.0 0.0 6.0 0.0 0.0 0.0 0.0 0.0 5.0; 0.0 0.0 0.0 0.0 0.0 0.0 0.0 14.0 0.0 20.0;;; 29.0 35.0 31.0 0.0 0.0 0.0 0.0 0.0 0.0 0.0; 0.0 0.0 0.0 16.0 15.0 0.0 0.0 0.0 0.0 0.0; 0.0 0.0 0.0 0.0 0.0 0.0 0.0 16.0 9.0 0.0; 0.0 0.0 0.0 0.0 0.0 0.0 0.0 0.0 0.0 34.0;;; 0.0 23.0 34.0 4.0 34.0 0.0 0.0 0.0 0.0 0.0; 0.0 0.0 0.0 31.0 0.0 0.0 0.0 0.0 0.0 0.0; 0.0 0.0 0.0 0.0 0.0 0.0 0.0 15.0 10.0 0.0; 0.0 0.0 0.0 0.0 0.0 0.0 0.0 0.0 0.0 34.0;;; 1.0 31.0 22.0 29.0 12.0 0.0 0.0 0.0 0.0 0.0; 0.0 0.0 0.0 0.0 18.0 0.0 13.0 0.0 0.0 0.0; 0.0 0.0 0.0 0.0 0.0 0.0 0.0 16.0 9.0 0.0; 0.0 0.0 0.0 0.0 0.0 0.0 0.0 0.0 0.0 34.0;;; 0.0 36.0 3.0 23.0 33.0 0.0 0.0 0.0 0.0 0.0; 0.0 0.0 31.0 0.0 0.0 0.0 0.0 0.0 0.0 0.0; 0.0 0.0 0.0 0.0 0.0 3.0 6.0 16.0 0.0 0.0; 0.0 0.0 0.0 9.0 0.0 0.0 25.0 0.0 0.0 0.0]
evol_bb,"[[10.755, 1.7521244413036365e7], [514.104, 1.752124441303636e7]]"
y_bb,[0.0 51.0 0.0 0.0 0.0 -0.0 -0.0 -0.0 -0.0 -0.0; -0.0 -0.0 -0.0 37.0 36.0 -0.0 -0.0 -0.0 -0.0 -0.0; -0.0 -0.0 -0.0 -0.0 -0.0 0.0 0.0 16.0 10.0 -0.0; -0.0 -0.0 -0.0 -0.0 -0.0 -0.0 -0.0 -0.0 -0.0 35.0;;; -0.0 -0.0 20.0 -0.0 -0.0 15.0 16.0 -0.0 -0.0 -0.0; 3.0 0.0 -0.0 25.0 34.0 -0.0 -0.0 1.0 10.0 -0.0; -0.0 -0.0 -0.0 11.0 -0.0 2.0 -0.0 -0.0 -0.0 13.0; -0.0 13.0 -0.0 -0.0 -0.0 -0.0 -0.0 -0.0 -0.0 22.0;;; 0.0 -0.0 18.0 -0.0 -0.0 17.0 16.0 -0.0 -0.0 -0.0; 15.0 4.0 -0.0 -0.0 36.0 -0.0 -0.0 16.0 -0.0 -0.0; -0.0 25.0 1.0 -0.0 -0.0 -0.0 -0.0 -0.0 -0.0 -0.0; -0.0 0.0 -0.0 35.0 -0.0 -0.0 -0.0 -0.0 -0.0 -0.0;;; -0.0 -0.0 -0.0 -0.0 -0.0 -0.0 -0.0 -0.0 -0.0 -0.0; -0.0 -0.0 -0.0 -0.0 -0.0 -0.0 -0.0 -0.0 -0.0 -0.0; -0.0 -0.0 -0.0 -0.0 -0.0 -0.0 -0.0 -0.0 -0.0 -0.0; -0.0 -0.0 -0.0 -0.0 -0.0 -0.0 -0.0 -0.0 -0.0 -0.0;;; -0.0 -0.0 -0.0 -0.0 -0.0 -0.0 -0.0 -0.0 -0.0 -0.0; -0.0 -0.0 -0.0 -0.0 -0.0 -0.0 -0.0 -0.0 -0.0 -0.0; -0.0 -0.0 -0.0 -0.0 -0.0 -0.0 -0.0 -0.0 -0.0 -0.0; -0.0 -0.0 -0.0 -0.0 -0.0 -0.0 -0.0 -0.0 -0.0 -0.0]
evol_box,"[[0.58, 0.0], [2.838, 5958.355373583967], [3.036, 6442.742986488262], [3.219, 6442.742986488262], [3.623, 224507.53532722592], [4.187, 334045.11026562087], [4.896, 2.96109665616333e6], [7.128, 2.96109665616333e6], [8.476, 3.6180113677052064e6], [11.574, 4.60355271278982e6], [14.153, 4.60355271278982e6], [16.491, 4.822800690752572e6], [19.664, 5.260510418525295e6], [22.12, 5.588359882481057e6], [26.614, 5.588359882481057e6], [29.586, 5.588359882481057e6], [36.943, 6.355026164888444e6], [50.42, 6.355026164888444e6], [61.064, 6.355094422941285e6], [70.933, 6.463949234708667e6], [82.739, 6.46419152611226e6], [142.413, 6.683553790408317e6], [161.583, 6.902306240869427e6], [187.926, 6.9029135186558105e6], [214.087, 7.011554582387555e6], [252.09, 7.011671835413958e6], [272.606, 7.120880446622258e6], [334.623, 7.230567587697392e6], [387.778, 7.230567587697392e6], [479.326, 7.450015072654896e6], [601.376, 7.668473641860821e6], [748.08, 7.777807333521312e6], [885.919, 7.887307775487548e6], [1077.053, 7.996609448915067e6], [1202.197, 8.325171412105071e6], [1790.496, 8.21608718694742e6], [1895.993, 8.544151696805948e6], [3536.238, 8.325277669944897e6], [3600.049, 8.544318164750963e6]]"
y_pb,[[-0.0 51.0 0.0 -0.0 -0.0 -0.0 -0.0 -0.0 -0.0 -0.0; -0.0 -0.0 -0.0 36.99999999999999 36.0 -0.0 -0.0 -0.0 -0.0 -0.0; -0.0 -0.0 -0.0 -0.0 -0.0 -0.0 -0.0 16.0 10.0 -0.0; -0.0 -0.0 -0.0 -0.0 -0.0 -0.0 -0.0 -0.0 -0.0 35.0;;;]]
x_bb,"[51.0, 73.0, 26.0, 35.0]"
x_box,"[95.0, 31.0, 25.0, 34.0]"
evol_zeta,"[[2.342, 54.0], [2.951, 35.0], [3.05, 35.0], [3.27, 29.8], [3.667, 25.666666666666668], [4.211, 24.25], [4.963, 19.750000002075012], [7.184, 18.999999999999996], [8.512, 17.888888888888893], [11.614, 18.0], [14.175, 17.25], [16.515, 16.88888888888889], [19.698, 16.375], [22.149, 16.125000000000004], [26.643, 15.999999999999979], [29.635, 16.0], [36.969, 16.0], [50.472, 16.0], [61.091, 16.0], [70.98, 15.999999999999991], [82.766, 16.0], [142.465, 14.555555555555557], [161.683, 14.333333333333318], [187.956, 15.88888888888889], [214.122, 14.0], [252.161, 14.874999999999982], [272.63, 13.25], [334.646, 15.333333333333334], [387.804, 12.0], [479.357, 12.299999999999997], [601.397, 10.75], [748.098, 16.0], [885.953, 13.33333333333333], [1077.082, 13.11111111111111], [1202.219, 10.25], [1790.526, 14.799999999999997], [1896.034, 9.999999999999996], [3536.272, 11.0], [3600.067, 0.0]]"
ξ_box,[54.0 49.0 37.0 20.0 38.0; 44.0 35.0 23.0 31.0 36.0; 31.0 31.0 35.0 31.0 34.0; 27.0 16.0 35.0 29.0 32.0; 28.0 15.0 34.0 30.0 33.0; 19.0 28.0 20.0 32.0 29.0; 20.0 30.0 18.0 31.0 31.0; 14.0 16.0 16.0 16.0 16.0; -0.0 9.0 10.0 9.0 0.0; 25.0 34.0 35.0 34.0 12.0]
