first,second
s_box,[0.0; 0.0; 19.0; 6.0; 3.0; 16.0; 18.0; 0.0; 23.0; 55.0;;]
x_pb,"[75.0, -0.0, -0.0, 79.0]"
s_bb,[0.0; 0.0; 19.0; 6.0; 3.0; 16.0; 18.0; 0.0; 23.0; 55.0;;]
partition_bb,"[[[0.0, 0.0, 0.0, 0.0, 1.0, 2.0, 4.0, 43.0, 53.0, 55.0], [43.0, 28.0, 19.0, 6.0, 3.0, 16.0, 18.0, 0.0, 10.0, 12.0], [0.0, 0.0, 0.0, 0.0, 3.0, 4.0, 6.0, 48.0, 48.0, 46.0], [17.0, 32.0, 19.0, 6.0, 3.0, 16.0, 18.0, 9.0, 19.0, 17.0], [0.0, 0.0, 0.0, 0.0, 1.0, 2.0, 4.0, 44.0, 54.0, 52.0]]]"
y_box,[43.0 32.0 -0.0 -0.0 -0.0 -0.0 -0.0 -0.0 -0.0 -0.0; -0.0 -0.0 0.0 0.0 0.0 -0.0 -0.0 -0.0 -0.0 -0.0; -0.0 -0.0 -0.0 -0.0 -0.0 -0.0 -0.0 -0.0 -0.0 -0.0; -0.0 -0.0 -0.0 -0.0 -0.0 0.0 0.0 48.0 31.0 0.0;;;]
evol_bb,"[[0.306, 1.5860939912854102e7]]"
y_bb,[43.0 32.0 -0.0 -0.0 -0.0 -0.0 -0.0 -0.0 -0.0 -0.0; -0.0 -0.0 0.0 0.0 0.0 -0.0 -0.0 -0.0 -0.0 -0.0; -0.0 -0.0 -0.0 -0.0 -0.0 -0.0 -0.0 -0.0 -0.0 -0.0; -0.0 -0.0 -0.0 -0.0 -0.0 0.0 0.0 48.0 31.0 0.0;;;]
evol_box,"[[0.433, 0.0], [2.136, 456440.1453131215], [2.23, 1.1556445594306424e7], [2.233, 1.5181315740766786e7], [2.236, 1.574766149478605e7], [2.238, 1.5860939912854102e7]]"
y_pb,[[43.0 32.0 -0.0 -0.0 -0.0 -0.0 -0.0 -0.0 -0.0 -0.0; -0.0 -0.0 0.0 -0.0 -0.0 -0.0 -0.0 -0.0 -0.0 -0.0; -0.0 -0.0 0.0 -0.0 -0.0 -0.0 -0.0 -0.0 -0.0 -0.0; -0.0 -0.0 -0.0 -0.0 -0.0 -0.0 -0.0 48.0 31.0 -0.0;;;]]
x_bb,"[75.0, 0.0, 0.0, 79.0]"
x_box,"[75.0, 0.0, 0.0, 79.0]"
evol_zeta,"[[1.733, 54.333333333333336], [2.228, 43.0], [2.232, 14.0], [2.235, 5.0], [2.237, 0.5], [2.242, 0.0]]"
ξ_box,[43.0; 32.0; 19.0; 6.0; 3.0; 16.0; 18.0; 48.0; 54.0; 55.0;;]
