first,second
s_box,[0.0 0.0 46.0 0.0; 0.0 0.0 0.0 0.0; 38.0 47.0 0.0 0.0; 0.0 45.0 3.0 0.0; 41.0 0.0 0.0 40.0; 0.0 0.0 44.0 54.0; 0.0 0.0 27.0 3.0; 11.0 8.0 0.0 0.0; 12.0 19.0 0.0 22.0; 17.0 0.0 0.0 0.0]
x_pb,"[104.0, 50.0, -0.0, 29.0]"
s_bb,[37.0 43.0 59.0 1.0; -0.0 -0.0 -0.0 -0.0; -0.0 -0.0 -0.0 -0.0; 36.0 10.0 28.0 -0.0; 39.0 46.0 -0.0 -0.0; -0.0 -0.0 29.0 -0.0; -0.0 -0.0 26.0 28.0; -0.0 -0.0 -0.0 -0.0; -0.0 -0.0 -0.0 15.0; -0.0 18.0 -0.0 -0.0]
partition_bb,"[[[15.0, 19.0, 39.0, 46.0, 50.0, 11.0, 6.0, 1.0, 0.0, 0.0], [37.0, 18.0, 35.0, 42.0, 46.0, 7.0, 2.0, 0.0, 0.0, 0.0], [21.0, 40.0, 34.0, 41.0, 45.0, 6.0, 1.0, 0.0, 0.0, 0.0]], [[11.0, 15.0, 35.0, 42.0, 46.0, 33.0, 7.0, 1.0, 0.0, 0.0], [30.0, 11.0, 6.0, 0.0, 0.0, 0.0, 10.0, 16.0, 23.0, 18.0], [43.0, 34.0, 19.0, 12.0, 8.0, 0.0, 10.0, 16.0, 23.0, 18.0]], [[59.0, 40.0, 35.0, 28.0, 24.0, 0.0, 0.0, 0.0, 0.0, 0.0], [44.0, 25.0, 20.0, 13.0, 9.0, 43.0, 17.0, 11.0, 4.0, 0.0], [20.0, 3.0, 4.0, 9.0, 13.0, 52.0, 26.0, 20.0, 23.0, 18.0]], [[1.0, 20.0, 6.0, 13.0, 15.0, 54.0, 28.0, 22.0, 15.0, 10.0]]]"
y_box,[59.0 21.0 0.0 0.0 0.0 0.0 0.0 0.0 0.0 0.0; 0.0 31.0 0.0 0.0 0.0 28.0 0.0 0.0 0.0 0.0; 0.0 0.0 0.0 0.0 0.0 0.0 0.0 0.0 0.0 0.0; 0.0 2.0 0.0 37.0 0.0 0.0 5.0 0.0 0.0 0.0;;; 42.0 30.0 0.0 0.0 0.0 1.0 0.0 7.0 0.0 0.0; 0.0 0.0 0.0 0.0 46.0 13.0 0.0 0.0 0.0 0.0; 0.0 0.0 0.0 0.0 0.0 0.0 0.0 0.0 0.0 0.0; 0.0 0.0 0.0 0.0 0.0 5.0 21.0 0.0 0.0 18.0;;; 0.0 44.0 36.0 0.0 0.0 0.0 0.0 0.0 0.0 0.0; 0.0 0.0 0.0 28.0 31.0 0.0 0.0 0.0 0.0 0.0; 0.0 0.0 0.0 0.0 0.0 0.0 0.0 0.0 0.0 0.0; 0.0 0.0 0.0 0.0 0.0 0.0 0.0 21.0 14.0 9.0;;; 31.0 15.0 34.0 0.0 0.0 0.0 0.0 0.0 0.0 0.0; 0.0 0.0 0.0 15.0 0.0 0.0 25.0 0.0 1.0 18.0; 0.0 0.0 0.0 0.0 0.0 0.0 0.0 0.0 0.0 0.0; 0.0 0.0 1.0 21.0 0.0 0.0 0.0 22.0 0.0 0.0]
evol_bb,"[[5.594, 2.415264607287557e7], [22.313, 2.4152646072875567e7], [3600.0, 1.531706101390323e7]]"
y_bb,[-0.0 -0.0 -0.0 -0.0 -0.0 11.0 -0.0 1.0 -0.0 -0.0; -0.0 -0.0 39.0 -0.0 11.0 -0.0 6.0 -0.0 -0.0 -0.0; -0.0 -0.0 -0.0 -0.0 -0.0 -0.0 -0.0 -0.0 -0.0 -0.0; -0.0 40.0 -0.0 10.0 -0.0 -0.0 -0.0 -0.0 -0.0 -0.0;;; -0.0 -0.0 35.0 32.0 -0.0 -0.0 10.0 -0.0 -0.0 -0.0; -0.0 -0.0 -0.0 -0.0 -0.0 33.0 -0.0 -0.0 23.0 -0.0; -0.0 -0.0 -0.0 -0.0 -0.0 -0.0 -0.0 -0.0 -0.0 -0.0; -0.0 34.0 -0.0 -0.0 -0.0 -0.0 -0.0 16.0 -0.0 -0.0;;; -0.0 -0.0 33.0 -0.0 24.0 -0.0 -0.0 20.0 -0.0 -0.0; -0.0 31.0 2.0 -0.0 -0.0 -0.0 -0.0 -0.0 23.0 -0.0; -0.0 -0.0 -0.0 -0.0 -0.0 -0.0 -0.0 -0.0 -0.0 -0.0; -0.0 9.0 -0.0 -0.0 -0.0 23.0 -0.0 -0.0 -0.0 18.0;;; -0.0 20.0 -0.0 13.0 -0.0 44.0 -0.0 -0.0 -0.0 -0.0; -0.0 -0.0 6.0 -0.0 -0.0 -0.0 -0.0 22.0 -0.0 10.0; -0.0 -0.0 -0.0 -0.0 -0.0 -0.0 -0.0 -0.0 -0.0 -0.0; -0.0 -0.0 -0.0 -0.0 15.0 35.0 -0.0 -0.0 -0.0 -0.0]
evol_box,"[[0.43, 0.0], [2.109, 326234.6890456523], [2.208, 326234.6890456523], [2.332, 758060.549074084], [2.491, 758060.5490740802], [2.708, 3.1293185378681347e6], [3.115, 6.794837957943127e6], [3.637, 6.794943518346232e6], [4.451, 6.794943518346234e6], [5.398, 6.902842623337306e6], [6.085, 7.5493784326272495e6], [7.841, 7.54937843262719e6], [9.34, 8.088829697604234e6], [12.252, 8.304115089582028e6], [14.781, 8.51980078272005e6], [16.302, 8.519918337540645e6], [17.222, 9.05885784520209e6], [21.672, 9.597830574805573e6], [26.532, 9.597936864121305e6], [39.491, 9.813622988181215e6], [50.448, 1.0352649090544978e7], [58.184, 1.0352649090544978e7], [67.81, 1.0568367704386547e7], [78.16, 1.0676121194417246e7], [128.485, 1.0783979190967506e7], [145.877, 1.0891647128086912e7], [163.933, 1.0999345362551749e7], [205.624, 1.0999464162950197e7], [238.805, 1.1107246359867482e7], [264.596, 1.1107390838718804e7], [305.502, 1.121501341894704e7], [342.311, 1.1322884389370719e7], [406.711, 1.1323146612430315e7], [439.875, 1.153850515549066e7], [575.633, 1.1538571877465626e7], [586.654, 1.1754117549015373e7], [664.949, 1.2077625045029983e7], [763.059, 1.2077686828634866e7], [913.148, 1.2077744713606799e7], [989.999, 1.2077744713606799e7], [1044.829, 1.2077744713606799e7], [1084.614, 1.2293212492202524e7], [1256.231, 1.2293358292074531e7], [1287.595, 1.2293384763100054e7], [1334.358, 1.2400980773779238e7], [1847.773, 1.240108783348567e7], [1885.548, 1.2509008360679084e7], [2327.919, 1.261668120946221e7], [2420.595, 1.2724401109914629e7], [2877.226, 1.2616796848676275e7], [3246.319, 1.2832217120979648e7], [3304.715, 1.2832413720953837e7], [3600.014, 1.2940151149961479e7]]"
y_pb,[[-0.0 54.99999999999999 49.0 -0.0 -0.0 -0.0 -0.0 -0.0 -0.0 -0.0; -0.0 -0.0 -0.0 -0.0 49.99999999999999 -0.0 -0.0 -0.0 -0.0 -0.0; -0.0 -0.0 -0.0 -0.0 0.0 -0.0 -0.0 -0.0 -0.0 -0.0; -0.0 -0.0 -0.0 -0.0 -0.0 -0.0 -0.0 6.0 23.0 -0.0;;;]]
x_bb,"[77.0, 56.0, -0.0, 50.0]"
x_box,"[80.0, 59.0, 0.0, 44.0]"
evol_zeta,"[[2.192, 54.000000000000014], [2.224, 43.22222222222222], [2.344, 30.857142857142858], [2.514, 27.42857142857143], [2.731, 23.000000000000025], [3.158, 21.666666666666664], [3.675, 20.700000002170004], [4.47, 19.500000000000004], [5.432, 18.333333333333336], [6.141, 18.66666666666666], [7.857, 18.111115969838302], [9.362, 17.444444444444443], [12.298, 17.5], [14.821, 15.700000000000001], [16.327, 16.375], [17.242, 22.666666666666664], [21.712, 14.88888888888889], [26.579, 14.875], [39.516, 14.0], [50.493, 13.5], [58.232, 12.75], [67.843, 15.0], [78.216, 12.600000000000001], [128.53, 14.111111111111114], [145.906, 11.88888888888889], [163.972, 14.0], [205.646, 12.666666666666666], [238.878, 13.0], [264.616, 11.899999999999999], [305.529, 15.100000000000001], [342.334, 14.125], [406.799, 12.777777777777779], [439.907, 13.2], [575.663, 11.666666666666664], [586.688, 11.777777777777779], [664.97, 12.599999999999994], [763.12, 12.88888888888889], [913.208, 10.714285714285603], [990.049, 12.0], [1044.893, 10.600000000000001], [1084.661, 12.222222222222221], [1256.254, 12.0], [1287.623, 11.0], [1334.387, 10.375], [1847.798, 12.166666666666666], [1885.603, 10.000000001100002], [2327.938, 14.900000000000002], [2420.624, 10.25], [2877.266, 11.666666666666666], [3246.345, 12.888888888888891], [3304.737, 10.0], [3600.029, 0.0]]"
ξ_box,[59.0 42.0 46.0 31.0; 54.0 30.0 44.0 15.0; 38.0 47.0 36.0 35.0; 37.0 45.0 31.0 36.0; 41.0 46.0 31.0 40.0; 28.0 19.0 44.0 54.0; 5.0 21.0 27.0 28.0; 11.0 15.0 21.0 22.0; 12.0 19.0 14.0 23.0; 17.0 18.0 9.0 18.0]
