first,second
s_box,[-0.0 -0.0 -0.0 -0.0; 0.0 -0.0 -0.0 -0.0; 0.0 6.0 -0.0 6.0; 0.0 -0.0 13.0 -0.0; 23.0 -0.0 -0.0 29.0; 40.0 35.0 -0.0 -0.0; 6.999999109586759 -0.0 28.0 11.0; -0.0 28.0 28.0 23.0; -0.0 -0.0 0.0 -0.0; -0.0 -0.0 -0.0 -0.0]
x_pb,"[27.0, 13.0, -0.0, 106.0]"
s_bb,[-0.0 13.0 -0.0 -0.0; -0.0 8.0 -0.0 -0.0; -0.0 6.0 -0.0 -0.0; -0.0 13.0 -0.0 -0.0; 29.0 -0.0 -0.0 -0.0; 38.0 -0.0 -0.0 -0.0; 21.0 -0.0 -0.0 -0.0; 0.0 -0.0 -0.0 -0.0; -0.0 25.0 -0.0 -0.0; -0.0 22.0 -0.0 -0.0]
partition_bb,"[[[0.0, 0.0, 0.0, 0.0, 4.0, 35.0, 23.0, 20.0, 25.0, 40.0], [13.0, 8.0, 6.0, 13.0, 29.0, 0.0, 11.0, 14.0, 19.0, 34.0], [0.0, 0.0, 0.0, 0.0, 15.0, 10.0, 22.0, 34.0, 25.0, 40.0], [13.0, 8.0, 6.0, 12.0, 0.0, 16.0, 28.0, 16.0, 16.0, 31.0], [0.0, 0.0, 0.0, 0.0, 7.0, 38.0, 26.0, 17.0, 22.0, 37.0]], [[13.0, 8.0, 6.0, 13.0, 10.0, 40.0, 28.0, 16.0, 7.0, 5.0], [0.0, 0.0, 0.0, 0.0, 29.0, 10.0, 22.0, 34.0, 25.0, 26.0], [0.0, 0.0, 0.0, 0.0, 9.0, 40.0, 28.0, 16.0, 19.0, 34.0], [0.0, 0.0, 0.0, 0.0, 9.0, 40.0, 28.0, 16.0, 21.0, 36.0], [0.0, 0.0, 0.0, 0.0, 8.0, 39.0, 27.0, 17.0, 22.0, 37.0]], Vector{Float64}[], Vector{Float64}[]]"
y_box,[13.0 8.0 6.0 -0.0 -0.0 -0.0 -0.0 -0.0 -0.0 -0.0; -0.0 -0.0 -0.0 13.0 -0.0 -0.0 -0.0 -0.0 -0.0 -0.0; -0.0 -0.0 -0.0 -0.0 -0.0 -0.0 -0.0 -0.0 -0.0 -0.0; -0.0 -0.0 -0.0 -0.0 -0.0 0.0 21.000000885413243 33.99999911619952 25.0 26.0;;; 10.0 8.0 0.0 -0.0 9.0 -0.0 -0.0 -0.0 -0.0 -0.0; -0.0 -0.0 -0.0 9.0 4.0 -0.0 -0.0 -0.0 -0.0 -0.0; -0.0 -0.0 -0.0 -0.0 -0.0 -0.0 -0.0 -0.0 -0.0 -0.0; -0.0 -0.0 -0.0 -0.0 11.0 -0.0 28.0 2.0 25.0 40.0;;; -0.0 8.0 6.0 -0.0 13.0 -0.0 -0.0 -0.0 -0.0 -0.0; -0.0 -0.0 -0.0 -0.0 -0.0 13.0 -0.0 -0.0 -0.0 -0.0; -0.0 -0.0 -0.0 -0.0 -0.0 -0.0 -0.0 -0.0 -0.0 -0.0; -0.0 -0.0 -0.0 -0.0 16.0 27.0 -0.0 -0.0 25.0 37.0;;; 13.0 -0.0 -0.0 -0.0 -0.0 14.0 -0.0 -0.0 0.0 -0.0; -0.0 8.0 0.0 -0.0 -0.0 5.0 -0.0 -0.0 -0.0 -0.0; -0.0 -0.0 -0.0 -0.0 -0.0 -0.0 -0.0 -0.0 -0.0 -0.0; -0.0 -0.0 -0.0 13.0 -0.0 6.0 11.0 11.0 25.0 40.0]
evol_bb,"[[0.272, 1.1330163304495908e7], [5.489, 1.1330163304495906e7], [1403.52, 1.1204298297444703e7], [1403.529, 1.1078433290393498e7]]"
y_bb,[13.0 8.0 6.0 -0.0 -0.0 -0.0 -0.0 -0.0 -0.0 -0.0; -0.0 -0.0 -0.0 13.0 -0.0 -0.0 -0.0 -0.0 -0.0 -0.0; -0.0 -0.0 -0.0 -0.0 0.0 0.0 -0.0 -0.0 -0.0 -0.0; -0.0 -0.0 -0.0 -0.0 -0.0 -0.0 7.0 34.0 25.0 40.0;;; -0.0 -0.0 -0.0 0.0 -0.0 -0.0 0.0 12.0 -0.0 15.0; -0.0 -0.0 -0.0 -0.0 13.0 -0.0 -0.0 -0.0 -0.0 -0.0; -0.0 -0.0 -0.0 -0.0 0.0 -0.0 -0.0 -0.0 -0.0 -0.0; -0.0 -0.0 -0.0 -0.0 16.0 40.0 28.0 22.0 -0.0 -0.0;;; -0.0 -0.0 -0.0 -0.0 -0.0 -0.0 -0.0 -0.0 -0.0 -0.0; -0.0 -0.0 -0.0 -0.0 -0.0 -0.0 -0.0 -0.0 -0.0 -0.0; -0.0 -0.0 -0.0 -0.0 -0.0 -0.0 -0.0 -0.0 -0.0 -0.0; -0.0 -0.0 -0.0 -0.0 -0.0 -0.0 -0.0 -0.0 -0.0 -0.0;;; -0.0 -0.0 -0.0 -0.0 -0.0 -0.0 -0.0 -0.0 -0.0 -0.0; -0.0 -0.0 -0.0 -0.0 -0.0 -0.0 -0.0 -0.0 -0.0 -0.0; -0.0 -0.0 -0.0 -0.0 -0.0 -0.0 -0.0 -0.0 -0.0 -0.0; -0.0 -0.0 -0.0 -0.0 -0.0 -0.0 -0.0 -0.0 -0.0 -0.0]
evol_box,"[[0.418, 0.0], [2.073, 4244.775860981084], [2.169, 4244.775860849768], [2.198, 255352.83463095693], [2.236, 255352.83463095693], [2.357, 2.017235340581765e6], [2.467, 3.149230706434222e6], [2.599, 3.276043666409654e6], [2.741, 4.0305108041791734e6], [3.076, 4.1569943073374387e6], [3.221, 4.282371757153071e6], [3.464, 4.282371757153071e6], [3.732, 4.2823717571530705e6], [4.039, 4.282371757153072e6], [4.356, 5.037007844220593e6], [4.845, 5.5409479887976255e6], [5.567, 5.666770663618345e6], [6.461, 5.918485909947256e6], [7.053, 5.918485909947256e6], [7.829, 5.918529934143905e6], [8.69, 6.296123263331363e6], [10.234, 6.673164821621662e6], [11.704, 6.673252935886264e6], [13.266, 6.673252935886264e6], [14.89, 6.673388769530212e6], [16.566, 6.799105460480567e6], [17.963, 6.799681753495202e6], [20.108, 6.799681753495202e6], [21.767, 6.925413478021213e6], [24.04, 7.050759842775279e6], [26.555, 7.302512716080743e6], [34.328, 7.4283480859085405e6], [36.991, 7.429107215624802e6], [41.157, 7.5542359521627985e6], [45.36, 7.5542359521627985e6], [48.699, 7.554235952162799e6], [51.968, 7.554611698412692e6], [87.99, 7.680100959214004e6], [101.657, 7.680304642980498e6], [107.267, 7.680540732982375e6], [178.382, 7.806343586884039e6], [237.069, 7.806343586884039e6], [244.093, 7.931814892133716e6], [261.006, 7.931849912341919e6], [268.854, 8.057673121164567e6], [281.605, 8.057714919393124e6], [292.831, 8.05814963133602e6], [306.006, 8.058336084499733e6], [331.959, 8.183640934750123e6], [353.793, 8.183640934750123e6], [368.98, 8.183938784377346e6], [397.161, 8.309403135266978e6], [409.176, 8.309409913287332e6], [428.818, 8.309409913287332e6], [444.919, 8.309417571920705e6], [475.318, 8.309503775775781e6], [527.391, 8.309822931023737e6], [607.463, 8.435268142318184e6], [641.897, 8.435274920338538e6], [690.553, 8.4352952543996e6], [749.921, 8.561139927389743e6], [912.424, 8.561139927389743e6], [946.461, 8.56114080800276e6], [980.803, 8.561432775045661e6], [1138.585, 8.561408004646277e6], [1204.079, 8.561563451952431e6], [1264.841, 8.687004934440948e6], [1311.092, 8.687018649962781e6], [2145.068, 8.687032927135384e6], [2205.71, 8.687062363930255e6], [2289.177, 8.687275123463495e6], [2930.648, 8.8128631634718e6], [3053.54, 8.81298091495981e6], [3600.037, 8.813180272273172e6]]"
y_pb,[[13.0 8.0 6.0 -0.0 -0.0 -0.0 -0.0 -0.0 -0.0 -0.0; -0.0 -0.0 -0.0 13.0 -0.0 -0.0 -0.0 -0.0 -0.0 -0.0; -0.0 -0.0 -0.0 -0.0 -0.0 0.0 -0.0 -0.0 -0.0 -0.0; -0.0 -0.0 -0.0 -0.0 -0.0 -0.0 7.0 34.0 24.999999999999996 40.0;;;]]
x_bb,"[27.0, 13.0, -0.0, 106.0]"
x_box,"[27.0, 13.0, -0.0, 106.0]"
evol_zeta,"[[2.15, 35.0], [2.173, 29.66666666672539], [2.202, 20.0], [2.24, 15.0], [2.362, 14.000000000000014], [2.477, 15.0], [2.608, 13.833333333333329], [2.746, 14.166666666666664], [3.08, 14.0], [3.224, 13.0], [3.468, 13.0], [3.736, 13.0], [4.042, 13.0], [4.36, 13.0], [4.85, 13.0], [5.573, 13.000000000000004], [6.469, 13.0], [7.061, 13.0], [7.836, 12.555555555555555], [8.698, 13.0], [10.242, 13.0], [11.715, 12.777777777777779], [13.27, 12.25], [14.9, 12.222222222222221], [16.569, 14.0], [17.973, 11.444444444444445], [20.116, 11.0], [21.777, 13.0], [24.052, 12.666666666666666], [26.562, 10.0], [34.339, 12.8], [37.001, 9.166666666666696], [41.17, 11.299999999999997], [45.371, 10.800001465881474], [48.709, 9.222222222222221], [51.973, 11.0], [88.001, 8.0], [101.664, 8.666666666666714], [107.272, 11.0], [178.394, 13.000000000000105], [237.077, 9.833333333333329], [244.104, 8.333333333333336], [261.018, 8.666666666666668], [268.866, 8.555555555555557], [281.613, 10.777777777777779], [292.849, 9.0], [306.011, 13.0], [331.965, 5.0], [353.804, 5.0], [368.989, 8.11111111111111], [397.167, 8.0], [409.184, 7.666666666666666], [428.827, 8.555555555555555], [444.928, 7.799999999999997], [475.327, 5.0], [527.399, 6.428571428571431], [607.472, 6.0], [641.91, 5.0], [690.562, 6.25], [749.924, 5.0], [912.435, 6.0], [946.47, 6.0], [980.811, 5.0], [1138.594, 10.700000000000006], [1204.092, 5.0], [1264.85, 8.0], [1311.102, 5.888888888888889], [2145.074, 8.0], [2205.719, 6.0], [2289.188, 5.0], [2930.656, 10.333333416525086], [3053.549, 6.0], [3600.052, 0.0]]"
ξ_box,[13.0 10.0 0.0 13.0; 8.0 8.0 8.0 8.0; 6.0 6.0 6.0 6.0; 13.0 9.0 13.0 13.0; 23.0 24.0 29.0 29.0; 40.0 32.0 40.0 25.0; 28.0 28.0 28.0 22.0; 33.99999911953285 30.0 28.0 34.0; 25.0 25.0 25.0 25.0; 26.0 40.0 37.0 40.0]
