first,second
s_box,[42.0; 37.0; 36.0; 28.0; 34.0; 0.0; 0.0; 6.0; 0.0; 0.0;;]
x_pb,"[-0.0, 76.0, 14.0, 37.0]"
s_bb,[42.0; 37.0; 36.0; 28.0; 34.0; 0.0; 0.0; 6.0; 0.0; 0.0;;]
partition_bb,"[[[42.0, 33.0, 30.0, 16.0, 7.0, 0.0, 0.0, 0.0, 0.0, 0.0], [0.0, 1.0, 4.0, 13.0, 27.0, 41.0, 32.0, 5.0, 4.0, 0.0], [0.0, 9.0, 12.0, 10.0, 24.0, 10.0, 8.0, 7.0, 12.0, 37.0], [2.0, 10.0, 11.0, 28.0, 14.0, 0.0, 0.0, 0.0, 0.0, 0.0], [0.0, 8.0, 11.0, 20.0, 34.0, 20.0, 18.0, 0.0, 0.0, 0.0], [24.0, 33.0, 36.0, 19.0, 13.0, 0.0, 0.0, 0.0, 0.0, 0.0], [28.0, 37.0, 34.0, 19.0, 11.0, 0.0, 0.0, 0.0, 0.0, 0.0], [0.0, 0.0, 0.0, 17.0, 19.0, 26.0, 35.0, 8.0, 12.0, 10.0]]]"
y_box,[0.0 0.0 0.0 0.0 -0.0 -0.0 -0.0 -0.0 -0.0 -0.0; -0.0 -0.0 -0.0 -0.0 0.0 41.0 35.0 -0.0 -0.0 -0.0; -0.0 -0.0 -0.0 -0.0 -0.0 -0.0 -0.0 2.0 12.0 -0.0; -0.0 -0.0 -0.0 -0.0 -0.0 -0.0 -0.0 -0.0 -0.0 37.0;;;]
evol_bb,"[[0.546, 2.1872721338061206e7]]"
y_bb,[0.0 0.0 0.0 0.0 -0.0 -0.0 -0.0 -0.0 -0.0 -0.0; -0.0 -0.0 -0.0 -0.0 0.0 41.0 35.0 -0.0 -0.0 -0.0; -0.0 -0.0 -0.0 -0.0 -0.0 -0.0 -0.0 2.0 12.0 -0.0; -0.0 -0.0 -0.0 -0.0 -0.0 -0.0 -0.0 -0.0 -0.0 37.0;;;]
evol_box,"[[0.546, 0.0], [2.666, 123348.42180015442], [2.78, 1.231195182899575e7], [2.801, 1.8406660239352282e7], [2.822, 1.9362819221948795e7], [2.842, 2.0199458331720747e7], [2.867, 2.0916577568668127e7], [2.904, 2.1394657059966385e7], [2.929, 2.1872721338061206e7]]"
y_pb,[[-0.0 -0.0 0.0 -0.0 -0.0 -0.0 -0.0 -0.0 -0.0 -0.0; -0.0 -0.0 -0.0 -0.0 -0.0 41.0 35.0 -0.0 -0.0 -0.0; -0.0 -0.0 -0.0 -0.0 -0.0 -0.0 -0.0 2.0 12.0 -0.0; -0.0 -0.0 -0.0 -0.0 -0.0 -0.0 -0.0 -0.0 -0.0 36.99999999999999;;;]]
x_bb,"[0.0, 76.0, 14.0, 37.0]"
x_box,"[0.0, 76.0, 14.0, 37.0]"
evol_zeta,"[[2.203, 41.8], [2.778, 41.00000000000004], [2.8, 37.0], [2.82, 8.0], [2.841, 7.0], [2.865, 6.0], [2.902, 3.6000000000000014], [2.927, 3.0], [2.96, 0.0]]"
ξ_box,[42.0; 37.0; 36.0; 28.0; 34.0; 41.0; 35.0; 8.0; 12.0; 37.0;;]
