first,second
s_box,[-0.0 -0.0 21.0 -0.0; 12.0 0.0 0.0 17.0; 23.0 18.0 23.0 20.0; -0.0 13.0 -0.0 -0.0; 8.0 0.0 8.0 8.0; -0.0 -0.0 -0.0 7.0; 0.0 16.0 -0.0 0.0; 5.0 -0.0 5.0 5.0; 10.0 10.0 0.0 0.0; -0.0 -0.0 -0.0 -0.0]
x_pb,"[40.0, 13.0, 41.0, 22.0]"
s_bb,[-0.0 5.0 -0.0 -0.0; 19.0 -0.0 -0.0 -0.0; 18.0 -0.0 -0.0 -0.0; 0.0 13.0 -0.0 -0.0; 8.0 8.0 8.0 -0.0; 0.0 -0.0 -0.0 -0.0; 0.0 -0.0 -0.0 -0.0; 5.0 5.0 -0.0 -0.0; 10.0 6.0 -0.0 -0.0; -0.0 -0.0 20.0 -0.0]
partition_bb,"[[[33.0, 19.0, 15.0, 2.0, 0.0, 18.0, 9.0, 0.0, 0.0, 16.0], [17.0, 31.0, 18.0, 12.0, 8.0, 6.0, 15.0, 4.0, 0.0, 12.0], [26.0, 12.0, 10.0, 10.0, 8.0, 22.0, 13.0, 5.0, 10.0, 0.0], [26.0, 12.0, 6.0, 6.0, 6.0, 18.0, 9.0, 5.0, 6.0, 22.0]], [[17.0, 31.0, 18.0, 13.0, 8.0, 0.0, 0.0, 5.0, 6.0, 14.0], [33.0, 31.0, 18.0, 12.0, 8.0, 12.0, 3.0, 0.0, 0.0, 0.0], [0.0, 10.0, 23.0, 10.0, 8.0, 0.0, 8.0, 0.0, 0.0, 0.0]], [[20.0, 31.0, 18.0, 13.0, 8.0, 6.0, 15.0, 5.0, 0.0, 0.0], [0.0, 6.0, 0.0, 0.0, 0.0, 0.0, 0.0, 5.0, 6.0, 22.0]], [[6.0, 0.0, 0.0, 0.0, 0.0, 0.0, 0.0, 5.0, 6.0, 22.0]]]"
y_box,[33.0 7.0 -0.0 -0.0 -0.0 -0.0 -0.0 -0.0 -0.0 -0.0; -0.0 0.0 0.0 13.0 -0.0 -0.0 0.0 -0.0 -0.0 -0.0; -0.0 -0.0 -0.0 0.0 -0.0 25.0 16.0 -0.0 -0.0 -0.0; -0.0 -0.0 -0.0 -0.0 -0.0 -0.0 -0.0 -0.0 -0.0 22.0;;; 31.0 9.0 0.0 -0.0 -0.0 -0.0 -0.0 -0.0 -0.0 -0.0; -0.0 9.0 4.0 -0.0 0.0 0.0 -0.0 -0.0 -0.0 -0.0; -0.0 9.0 1.0 -0.0 -0.0 25.0 -0.0 4.0 0.0 2.0; -0.0 -0.0 -0.0 -0.0 8.0 -0.0 -0.0 1.0 0.0 12.0;;; 7.0 31.0 0.0 2.0 0.0 -0.0 -0.0 0.0 -0.0 -0.0; 0.0 0.0 0.0 11.0 -0.0 2.0 0.0 -0.0 -0.0 -0.0; 0.0 0.0 -0.0 -0.0 -0.0 15.0 16.0 0.0 10.0 0.0; -0.0 -0.0 0.0 -0.0 -0.0 -0.0 -0.0 -0.0 -0.0 22.0;;; 33.0 7.0 -0.0 -0.0 -0.0 -0.0 -0.0 -0.0 -0.0 0.0; -0.0 -0.0 0.0 13.0 -0.0 -0.0 -0.0 -0.0 -0.0 -0.0; -0.0 7.0 -0.0 -0.0 0.0 14.0 12.0 -0.0 6.0 0.0; -0.0 -0.0 -0.0 -0.0 -0.0 -0.0 -0.0 -0.0 4.0 18.0]
evol_bb,"[[0.559, 8.202373489974412e6], [0.723, 8.202373489974411e6], [4.82, 8.20237348997441e6], [204.159, 8.202373489974409e6], [3600.007, 7.03087093879416e6]]"
y_bb,[33.0 12.0 -0.0 -0.0 -0.0 -0.0 -0.0 -0.0 -0.0 -0.0; -0.0 -0.0 -0.0 12.0 0.0 -0.0 -0.0 -0.0 -0.0 -0.0; -0.0 -0.0 -0.0 -0.0 -0.0 22.0 15.0 0.0 -0.0 -0.0; -0.0 -0.0 -0.0 -0.0 -0.0 -0.0 -0.0 -0.0 0.0 22.0;;; -0.0 8.0 23.0 -0.0 0.0 -0.0 -0.0 -0.0 -0.0 14.0; -0.0 12.0 -0.0 0.0 -0.0 -0.0 -0.0 -0.0 -0.0 -0.0; 25.0 -0.0 -0.0 -0.0 -0.0 12.0 -0.0 0.0 0.0 -0.0; 3.0 11.0 -0.0 -0.0 -0.0 -0.0 8.0 -0.0 -0.0 -0.0;;; -0.0 -0.0 11.0 13.0 -0.0 -0.0 15.0 -0.0 6.0 -0.0; 0.0 5.0 -0.0 -0.0 -0.0 -0.0 -0.0 5.0 -0.0 2.0; -0.0 26.0 7.0 -0.0 -0.0 4.0 -0.0 0.0 -0.0 -0.0; 20.0 -0.0 -0.0 -0.0 0.0 2.0 -0.0 -0.0 0.0 -0.0;;; -0.0 -0.0 -0.0 -0.0 -0.0 -0.0 -0.0 -0.0 -0.0 22.0; -0.0 -0.0 -0.0 -0.0 -0.0 -0.0 -0.0 5.0 -0.0 -0.0; 6.0 -0.0 -0.0 -0.0 -0.0 -0.0 -0.0 -0.0 -0.0 -0.0; -0.0 -0.0 -0.0 -0.0 -0.0 -0.0 -0.0 -0.0 6.0 -0.0]
evol_box,"[[0.436, 0.0], [2.14, 1715.2330596424677], [2.231, 2283.310345434883], [2.258, 2283.310345434883], [2.298, 2283.4225216462637], [2.435, 2389.696853495945], [2.558, 1.2908581349777547e6], [3.328, 1.5250856368094555e6], [3.523, 2.1107672901079124e6], [4.403, 2.1107672901079124e6], [4.956, 2.9307779674562793e6], [5.482, 3.516504842229847e6], [6.099, 3.5165048422298464e6], [7.035, 4.1022354188422775e6], [7.796, 4.1022354188422775e6], [8.35, 4.1022354188422775e6], [9.555, 4.2191757767798165e6], [10.816, 4.336374179569277e6], [12.421, 4.687912022658277e6], [13.499, 4.805053957112309e6], [14.751, 4.805053957112309e6], [17.142, 4.922095408640852e6], [18.792, 4.922198928988988e6], [20.27, 5.039517279693449e6], [22.729, 5.156542630965786e6], [25.471, 5.273572995265285e6], [27.712, 5.273623352637146e6], [30.877, 5.390917517953122e6], [34.459, 5.508001007151101e6], [37.286, 5.508001007151075e6], [48.521, 5.625010308884285e6], [54.827, 5.62506297183976e6], [57.364, 5.625065376093874e6], [59.96, 5.625226336081934e6], [71.015, 5.742207187778755e6], [74.13, 5.742288150546938e6], [79.938, 5.859536280542125e6], [130.485, 5.859565878299014e6], [134.067, 5.976611002631819e6], [160.199, 6.093711163588749e6], [171.138, 6.093739779983201e6], [178.125, 6.093739779983201e6], [185.807, 6.093756696135621e6], [195.126, 6.093758991942272e6], [226.229, 6.093769263829514e6], [239.507, 6.21087866928807e6], [250.268, 6.21087866928807e6], [263.34, 6.2109223035495e6], [286.067, 6.32795597091768e6], [338.115, 6.327987619104323e6], [360.393, 6.328066482219471e6], [414.163, 6.328085109423226e6], [451.955, 6.328091603820881e6], [480.774, 6.328128946329419e6], [511.742, 6.445098645516631e6], [578.818, 6.445114287910137e6], [735.95, 6.445117857475701e6], [825.322, 6.445141592064074e6], [896.942, 6.445187704443522e6], [947.179, 6.562221058034015e6], [994.448, 6.562255125826816e6], [1042.755, 6.5622402699930845e6], [1101.705, 6.5622402699930845e6], [1181.107, 6.562255125826816e6], [1204.887, 6.56225742478091e6], [1240.851, 6.562287294231087e6], [1366.756, 6.562316250153565e6], [1408.292, 6.562328305889744e6], [1565.857, 6.5623311521135215e6], [2006.732, 6.5623507431492815e6], [2348.844, 6.562363071369756e6], [2404.145, 6.562365045871017e6], [2529.149, 6.562403187116827e6], [2749.832, 6.679384409152149e6], [2880.646, 6.679405378929932e6], [2995.606, 6.679422400222906e6], [3112.906, 6.679460473686795e6], [3394.609, 6.679464505636152e6], [3584.692, 6.679474257305866e6], [3600.096, 6.796528548311213e6]]"
y_pb,[[33.0 7.0 -0.0 -0.0 -0.0 -0.0 -0.0 -0.0 -0.0 -0.0; -0.0 -0.0 -0.0 13.0 -0.0 -0.0 -0.0 -0.0 -0.0 -0.0; -0.0 -0.0 -0.0 -0.0 -0.0 24.999999999999996 16.0 -0.0 -0.0 -0.0; -0.0 -0.0 -0.0 -0.0 -0.0 -0.0 -0.0 -0.0 -0.0 22.0;;;]]
x_bb,"[45.0, 12.0, 37.0, 22.0]"
x_box,"[40.0, 13.0, 41.0, 22.0]"
evol_zeta,"[[2.22, 12.000000001300009], [2.238, 12.0], [2.271, 12.0], [2.302, 12.0], [2.439, 12.0], [2.562, 11.0], [3.347, 11.0], [3.527, 11.0], [4.438, 11.0], [4.962, 11.0], [5.486, 10.0], [6.105, 10.0], [7.06, 11.0], [7.831, 10.625000000000002], [8.355, 11.0], [9.575, 10.11111111111111], [10.84, 10.0], [12.435, 10.0], [13.529, 7.0], [14.786, 7.0], [17.18, 8.0], [18.832, 8.125], [20.304, 10.0], [22.737, 10.000000000000009], [25.489, 8.0], [27.748, 8.0], [30.885, 7.0], [34.49, 9.666666666666666], [37.293, 9.11111111111111], [48.529, 8.222222222222221], [54.865, 7.799999999999997], [57.398, 7.375], [59.994, 6.857142857142858], [71.02, 8.0], [74.152, 8.88888888888889], [79.945, 6.0], [130.514, 7.111111111111111], [134.076, 6.000000000000039], [160.223, 7.0], [171.152, 6.699999999999999], [178.158, 6.200000000000003], [185.827, 7.555555555555555], [195.135, 5.875], [226.26, 5.375], [239.512, 6.0], [250.288, 6.0], [263.348, 4.888888888888888], [286.079, 4.875], [338.152, 7.857142857142858], [360.429, 6.666666666666668], [414.178, 4.0], [451.965, 6.333333333333333], [480.79, 6.875], [511.752, 3.999999999999989], [578.857, 5.875], [735.96, 4.000000000000013], [825.327, 4.0], [896.977, 4.999999999999999], [947.203, 4.200000000000003], [994.456, 4.555555555555557], [1042.776, 5.300000000000001], [1101.723, 4.0], [1181.115, 5.000000000000003], [1204.912, 4.0], [1240.873, 2.9999999999999964], [1366.799, 2.999999999999943], [1408.31, 4.0], [1565.878, 6.0], [2006.742, 4.0], [2348.883, 3.000000000400007], [2404.192, 5.000000333267003], [2529.159, 6.0], [2749.839, 5.899999999999999], [2880.651, 6.0], [2995.644, 3.0], [3112.941, 5.0], [3394.655, 4.0], [3584.732, 4.0], [3600.11, 0.0]]"
ξ_box,[33.0 31.0 28.0 33.0; 19.0 27.0 31.0 31.0; 23.0 23.0 23.0 20.0; 13.0 13.0 13.0 13.0; 8.0 8.0 8.0 8.0; 25.0 25.0 17.0 21.0; 16.0 16.0 16.0 12.0; 5.0 5.0 5.0 5.0; 10.0 10.0 10.0 10.0; 22.0 14.0 22.0 18.0]
