first,second
s_box,[54.0; 0.0; 0.0; 0.0; 0.0; 0.0; 0.0; 0.0; 0.0; 34.0;;]
x_pb,"[-0.0, 73.0, 52.0, 24.0]"
s_bb,[54.0; 0.0; 0.0; 0.0; 0.0; 0.0; 0.0; 0.0; 0.0; 34.0;;]
partition_bb,"[[[54.0, 30.0, 22.0, 21.0, 8.0, 2.0, 0.0, 6.0, 0.0, 0.0], [33.0, 13.0, 4.0, 0.0, 5.0, 11.0, 14.0, 13.0, 19.0, 39.0], [53.0, 29.0, 21.0, 20.0, 8.0, 14.0, 7.0, 0.0, 0.0, 0.0], [33.0, 9.0, 1.0, 0.0, 8.0, 10.0, 17.0, 13.0, 19.0, 39.0]]]"
y_box,[0.0 -0.0 -0.0 -0.0 -0.0 -0.0 -0.0 -0.0 -0.0 -0.0; -0.0 30.0 22.0 21.0 -0.0 -0.0 -0.0 -0.0 -0.0 -0.0; -0.0 -0.0 -0.0 -0.0 8.0 14.0 17.0 13.0 -0.0 -0.0; -0.0 -0.0 -0.0 -0.0 -0.0 -0.0 -0.0 -0.0 19.0 5.0;;;]
evol_bb,"[[0.275, 8.304462229284663e6]]"
y_bb,[0.0 -0.0 -0.0 -0.0 -0.0 -0.0 -0.0 -0.0 -0.0 -0.0; -0.0 30.0 22.0 21.0 -0.0 -0.0 -0.0 -0.0 -0.0 -0.0; -0.0 -0.0 -0.0 -0.0 8.0 14.0 17.0 13.0 -0.0 -0.0; -0.0 -0.0 -0.0 -0.0 -0.0 -0.0 -0.0 -0.0 19.0 5.0;;;]
evol_box,"[[0.436, 0.0], [2.156, 3470.8144993695246], [2.233, 7.738513680886547e6], [2.237, 8.021492687372334e6], [2.24, 8.304462229284663e6]]"
y_pb,[[-0.0 0.0 -0.0 -0.0 -0.0 -0.0 -0.0 -0.0 -0.0 -0.0; -0.0 30.0 22.0 21.0 -0.0 -0.0 -0.0 -0.0 -0.0 -0.0; -0.0 -0.0 -0.0 -0.0 8.0 14.0 17.0 13.0 -0.0 -0.0; -0.0 -0.0 -0.0 -0.0 -0.0 -0.0 -0.0 -0.0 19.0 5.0;;;]]
x_bb,"[0.0, 73.0, 52.0, 24.0]"
x_box,"[0.0, 73.0, 52.0, 24.0]"
evol_zeta,"[[1.764, 54.0], [2.232, 39.0], [2.236, 3.0], [2.239, 3.0], [2.242, 0.0]]"
ξ_box,[54.0; 30.0; 22.0; 21.0; 8.0; 14.0; 17.0; 13.0; 19.0; 39.0;;]
