first,second
s_box,[31.0 13.0; -0.0 -0.0; -0.0 -0.0; -0.0 -0.0; 15.0 -0.0; 23.0 23.0; 7.0 7.0; -0.0 25.0; 45.0 27.0; -0.0 27.0]
x_pb,"[24.0, 110.0, -0.0, 0.0]"
s_bb,[13.0 -0.0; -0.0 24.0; -0.0 24.0; -0.0 24.0; 0.0 24.0; 23.0 -0.0; 7.0 -0.0; 25.0 25.0; 27.0 -0.0; 27.0 -0.0]
partition_bb,"[[[37.0, 27.0, 26.0, 21.0, 16.0, 10.0, 3.0, 0.0, 0.0, 0.0], [21.0, 18.0, 19.0, 10.0, 18.0, 23.0, 7.0, 0.0, 18.0, 0.0], [9.0, 17.0, 18.0, 25.0, 17.0, 11.0, 7.0, 25.0, 5.0, 0.0], [18.0, 28.0, 29.0, 20.0, 19.0, 13.0, 2.0, 0.0, 0.0, 11.0], [16.0, 26.0, 27.0, 18.0, 17.0, 11.0, 0.0, 0.0, 0.0, 20.0], [5.0, 13.0, 14.0, 21.0, 24.0, 18.0, 7.0, 5.0, 25.0, 3.0], [14.0, 24.0, 25.0, 16.0, 15.0, 9.0, 0.0, 0.0, 5.0, 27.0], [21.0, 31.0, 30.0, 21.0, 20.0, 14.0, 3.0, 0.0, 0.0, 0.0], [14.0, 24.0, 25.0, 16.0, 15.0, 9.0, 0.0, 7.0, 27.0, 5.0]], [[0.0, 4.0, 5.0, 14.0, 6.0, 5.0, 7.0, 25.0, 45.0, 23.0], [29.0, 19.0, 18.0, 13.0, 8.0, 2.0, 0.0, 9.0, 29.0, 7.0], [0.0, 6.0, 7.0, 9.0, 17.0, 23.0, 7.0, 9.0, 29.0, 27.0], [9.0, 17.0, 16.0, 25.0, 17.0, 11.0, 7.0, 0.0, 5.0, 27.0], [3.0, 13.0, 14.0, 16.0, 24.0, 18.0, 7.0, 7.0, 5.0, 27.0], [12.0, 22.0, 23.0, 14.0, 13.0, 7.0, 0.0, 10.0, 30.0, 8.0], [14.0, 24.0, 23.0, 14.0, 13.0, 7.0, 0.0, 7.0, 27.0, 5.0], [31.0, 21.0, 20.0, 15.0, 10.0, 4.0, 0.0, 7.0, 27.0, 5.0], [13.0, 23.0, 24.0, 15.0, 14.0, 8.0, 0.0, 8.0, 28.0, 6.0]]]"
y_box,[-0.0 24.0 0.0 -0.0 -0.0 -0.0 -0.0 -0.0 -0.0 -0.0; -0.0 -0.0 24.0 25.0 9.0 0.0 -0.0 25.0 -0.0 27.0; -0.0 -0.0 -0.0 -0.0 -0.0 -0.0 -0.0 0.0 -0.0 -0.0; -0.0 -0.0 -0.0 -0.0 -0.0 -0.0 -0.0 -0.0 -0.0 -0.0;;; 24.0 0.0 -0.0 -0.0 -0.0 -0.0 -0.0 -0.0 -0.0 -0.0; -0.0 31.0 30.0 25.0 24.0 0.0 -0.0 -0.0 -0.0 -0.0; -0.0 -0.0 -0.0 -0.0 -0.0 -0.0 -0.0 -0.0 -0.0 -0.0; -0.0 -0.0 -0.0 -0.0 -0.0 -0.0 0.0 0.0 -0.0 -0.0]
evol_bb,"[[1.077, 1.3748288426559601e7], [3.835, 1.37482884265596e7], [6.9, 1.3655408583225554e7], [7.144, 1.365010844616245e7], [7.226, 1.3650108446162447e7], [17.505, 1.3650104924890531e7], [26.759, 1.3551928465765296e7], [34.232, 1.3459392335251458e7], [64.203, 1.3459392335251436e7], [66.88, 1.3453744964096226e7], [74.489, 1.345374144282431e7], [77.049, 1.2870383379023314e7], [112.143, 1.2673542311230555e7], [150.235, 1.2673537307090897e7], [151.787, 1.2570108938674511e7], [151.806, 1.257010893867451e7], [172.513, 1.2570086406530777e7], [172.921, 1.227553590152357e7], [184.014, 1.2177386463808402e7], [184.519, 1.2177352399854502e7], [197.336, 1.1980985396516366e7], [201.976, 1.1980985396516364e7]]"
y_bb,[24.0 -0.0 0.0 -0.0 -0.0 -0.0 -0.0 -0.0 -0.0 -0.0; -0.0 31.0 30.0 25.0 24.0 0.0 -0.0 -0.0 -0.0 -0.0; -0.0 -0.0 -0.0 -0.0 -0.0 -0.0 0.0 0.0 -0.0 -0.0; -0.0 -0.0 -0.0 -0.0 -0.0 -0.0 -0.0 0.0 -0.0 -0.0;;; -0.0 -0.0 -0.0 -0.0 -0.0 -0.0 -0.0 -0.0 24.0 -0.0; 31.0 0.0 0.0 1.0 0.0 23.0 7.0 0.0 21.0 27.0; -0.0 -0.0 -0.0 -0.0 -0.0 -0.0 -0.0 -0.0 0.0 0.0; 0.0 -0.0 -0.0 -0.0 -0.0 -0.0 0.0 -0.0 -0.0 0.0]
evol_box,"[[0.5, 0.0], [2.63, 6646.807775225025], [2.73, 591812.0284664731], [2.794, 5.010069603574559e6], [2.811, 5.796763812296916e6], [2.835, 7.0718831972127445e6], [2.859, 7.366473643632206e6], [2.888, 7.857351210565295e6], [3.015, 8.937409670337304e6], [3.152, 8.937616789198315e6], [3.31, 9.330092189225372e6], [3.466, 9.428387564594442e6], [3.621, 9.526557006254597e6], [3.763, 9.722903755003802e6], [3.928, 1.0017387000693241e7], [4.095, 1.0017406979559474e7], [4.257, 1.0213796861048354e7], [4.406, 1.060643860226316e7], [4.66, 1.0606479866681563e7], [4.818, 1.0606523874046452e7], [5.048, 1.0704622103932226e7], [5.206, 1.08028468700197e7], [5.485, 1.0802958433062749e7], [5.728, 1.0802958433062749e7], [5.917, 1.0901030371688768e7], [6.167, 1.0999172608939433e7], [6.436, 1.09991970410177e7], [6.626, 1.1097409941771787e7], [6.889, 1.1391915297428261e7], [7.182, 1.139194806119772e7], [7.489, 1.1490067888171023e7], [7.768, 1.1490126811323518e7], [8.026, 1.1588282338153895e7], [8.271, 1.1588300428707063e7], [8.484, 1.158832728057499e7], [8.744, 1.158833569674506e7], [9.018, 1.1686434891509159e7], [9.338, 1.1686434801100235e7], [9.63, 1.1686493814661657e7], [9.922, 1.1686505479959663e7], [10.158, 1.1686506030700792e7], [10.437, 1.168650603070079e7], [10.719, 1.1686506030700793e7], [11.014, 1.1784679607331293e7], [11.286, 1.178467960733129e7], [11.518, 1.1882801894847296e7], [11.795, 1.1882801894847294e7], [12.071, 1.1882801894847227e7], [12.373, 1.1882801894847296e7], [12.767, 1.1882801894847294e7], [13.137, 1.1882801894847298e7], [13.528, 1.1882818147856435e7], [13.769, 1.188285835745709e7], [14.117, 1.1882862756932948e7], [14.483, 1.1980985396516366e7], [14.942, 1.1980985396516366e7], [15.28, 1.1980985396516366e7]]"
y_pb,[[24.0 -0.0 -0.0 -0.0 -0.0 -0.0 -0.0 -0.0 -0.0 -0.0; -0.0 31.0 30.0 24.999999999999996 24.0 -0.0 -0.0 -0.0 -0.0 -0.0; -0.0 -0.0 -0.0 -0.0 -0.0 -0.0 0.0 -0.0 -0.0 -0.0; -0.0 -0.0 -0.0 -0.0 -0.0 -0.0 -0.0 -0.0 -0.0 -0.0;;;]]
x_bb,"[24.0, 110.0, -0.0, -0.0]"
x_box,"[24.0, 110.0, 0.0, 0.0]"
evol_zeta,"[[2.121, 45.0], [2.722, 36.14285714285713], [2.784, 29.0], [2.798, 20.0], [2.815, 18.0], [2.84, 17.875], [2.863, 16.0], [2.891, 18.0], [3.024, 12.999999999999998], [3.163, 11.0], [3.315, 8.0], [3.497, 9.625], [3.631, 7.777777777777779], [3.77, 9.875], [3.934, 6.099999999999998], [4.107, 5.999999999999998], [4.268, 6.0], [4.415, 7.0], [4.672, 5.111111111111107], [4.828, 7.375], [5.052, 10.555555555555557], [5.218, 5.0], [5.493, 8.999999999999996], [5.731, 9.0], [5.925, 4.0], [6.183, 4.0], [6.465, 6.0], [6.638, 3.1428571428571423], [6.902, 3.0], [7.195, 2.222222222222224], [7.501, 2.0], [7.773, 2.0], [8.057, 4.0], [8.29, 4.0], [8.497, 3.0], [8.76, 2.0000000003000005], [9.024, 1.5], [9.35, 1.3333333333333321], [9.642, 2.0], [9.934, 2.8888888888888893], [10.166, 3.0], [10.451, 4.125], [10.723, 3.375], [11.045, 2.0], [11.299, 1.3333333333333321], [11.529, 2.9999999999999964], [11.822, 1.0], [12.083, 1.0], [12.388, 0.9999999999999969], [12.794, 2.0], [13.169, 0.5555555555555571], [13.548, 3.0], [13.803, 0.5555555555555571], [14.128, 2.3333333333333397], [14.488, 0.6666666666666679], [14.969, 0.6666666666666679], [15.301, 0.0]]"
ξ_box,[30.0 37.0; 24.0 31.0; 24.0 30.0; 25.0 25.0; 24.0 24.0; 23.0 23.0; 7.0 7.0; 25.0 25.0; 45.0 27.0; 27.0 27.0]
