first,second
s_box,[13.0 0.0 2.0 0.0 13.0; 0.0 0.0 0.0 0.0 0.0; 6.0 0.0 0.0 0.0 0.0; 7.0 0.0 0.0 0.0 0.0; 0.0 29.0 0.0 0.0 0.0; 0.0 30.0 0.0 40.0 25.0; 0.0 0.0 0.0 0.0 0.0; 32.0 0.0 28.0 0.0 0.0; 0.0 0.0 21.0 0.0 0.0; 0.0 0.0 7.0 18.0 20.0]
x_pb,"[27.0, 13.0, -0.0, 106.0]"
s_bb,[-0.0 -0.0 -0.0 -0.0 -0.0; -0.0 8.0 -0.0 -0.0 -0.0; -0.0 -0.0 -0.0 -0.0 -0.0; -0.0 -0.0 -0.0 -0.0 -0.0; 29.0 29.0 -0.0 -0.0 -0.0; 40.0 31.0 -0.0 -0.0 -0.0; 21.0 -0.0 1.0 -0.0 -0.0; 0.0 -0.0 -0.0 -0.0 -0.0; -0.0 7.0 -0.0 -0.0 -0.0; -0.0 -0.0 -0.0 -0.0 -0.0]
partition_bb,"[[[13.0, 8.0, 6.0, 13.0, 10.0, 40.0, 28.0, 16.0, 7.0, 5.0], [0.0, 0.0, 0.0, 0.0, 29.0, 25.0, 13.0, 25.0, 16.0, 30.0], [0.0, 0.0, 0.0, 0.0, 14.0, 10.0, 17.0, 20.0, 25.0, 40.0], [0.0, 0.0, 0.0, 0.0, 9.0, 40.0, 28.0, 34.0, 25.0, 14.0]], [[13.0, 8.0, 6.0, 13.0, 29.0, 0.0, 11.0, 14.0, 19.0, 34.0], [0.0, 1.0, 2.0, 9.0, 0.0, 31.0, 28.0, 34.0, 25.0, 16.0]], [[0.0, 0.0, 0.0, 0.0, 4.0, 35.0, 23.0, 20.0, 25.0, 40.0]], Vector{Float64}[], Vector{Float64}[]]"
y_box,[0.0 8.0 0.0 0.0 0.0 0.0 18.0 0.0 0.0 0.0; 0.0 0.0 0.0 6.0 0.0 0.0 7.0 0.0 0.0 0.0; 0.0 0.0 0.0 0.0 0.0 0.0 0.0 0.0 0.0 0.0; 0.0 0.0 0.0 0.0 29.0 40.0 3.0 0.0 23.0 12.0;;; 13.0 7.0 6.0 0.0 0.0 0.0 0.0 0.0 0.0 0.0; 0.0 0.0 0.0 13.0 0.0 0.0 0.0 0.0 0.0 0.0; 0.0 0.0 0.0 0.0 0.0 0.0 0.0 0.0 0.0 0.0; 0.0 0.0 0.0 0.0 0.0 8.0 26.0 16.0 25.0 32.0;;; 0.0 0.0 0.0 0.0 0.0 26.0 0.0 0.0 0.0 0.0; 0.0 0.0 0.0 12.0 0.0 1.0 0.0 0.0 0.0 0.0; 0.0 0.0 0.0 0.0 0.0 0.0 0.0 0.0 0.0 0.0; 0.0 8.0 6.0 0.0 29.0 7.0 28.0 0.0 0.0 29.0;;; 0.0 0.0 0.0 0.0 0.0 0.0 0.0 9.0 0.0 17.0; 0.0 0.0 0.0 0.0 0.0 0.0 0.0 0.0 0.0 13.0; 0.0 0.0 0.0 0.0 0.0 0.0 0.0 0.0 0.0 0.0; 0.0 0.0 0.0 0.0 29.0 0.0 28.0 25.0 25.0 0.0;;; 0.0 0.0 0.0 0.0 18.0 0.0 0.0 0.0 8.0 0.0; 0.0 0.0 0.0 0.0 0.0 0.0 0.0 0.0 13.0 0.0; 0.0 0.0 0.0 0.0 0.0 0.0 0.0 0.0 0.0 0.0; 0.0 8.0 6.0 13.0 0.0 0.0 22.0 34.0 4.0 20.0]
evol_bb,"[[0.322, 1.1330163304495908e7], [10.125, 1.1330163304495906e7]]"
y_bb,[13.0 8.0 6.0 0.0 -0.0 -0.0 -0.0 -0.0 -0.0 -0.0; -0.0 -0.0 -0.0 13.0 -0.0 -0.0 -0.0 -0.0 -0.0 -0.0; -0.0 -0.0 -0.0 -0.0 -0.0 0.0 -0.0 -0.0 -0.0 -0.0; -0.0 -0.0 -0.0 -0.0 -0.0 0.0 7.0 34.0 25.0 40.0;;; 13.0 -0.0 -0.0 -0.0 0.0 0.0 0.0 14.0 -0.0 -0.0; -0.0 -0.0 0.0 13.0 -0.0 -0.0 -0.0 0.0 -0.0 -0.0; -0.0 -0.0 -0.0 -0.0 -0.0 -0.0 -0.0 -0.0 -0.0 -0.0; -0.0 -0.0 6.0 -0.0 -0.0 -0.0 28.0 20.0 18.0 34.0;;; -0.0 -0.0 -0.0 -0.0 -0.0 27.0 -0.0 0.0 -0.0 -0.0; -0.0 -0.0 -0.0 -0.0 4.0 -0.0 -0.0 -0.0 0.0 9.0; -0.0 -0.0 -0.0 -0.0 -0.0 -0.0 -0.0 -0.0 -0.0 0.0; -0.0 -0.0 -0.0 -0.0 -0.0 8.0 22.0 20.0 25.0 31.0;;; -0.0 -0.0 -0.0 -0.0 -0.0 -0.0 -0.0 -0.0 -0.0 -0.0; -0.0 -0.0 -0.0 -0.0 -0.0 -0.0 -0.0 -0.0 -0.0 -0.0; -0.0 -0.0 -0.0 -0.0 -0.0 -0.0 -0.0 -0.0 -0.0 -0.0; -0.0 -0.0 -0.0 -0.0 -0.0 -0.0 -0.0 -0.0 -0.0 -0.0;;; -0.0 -0.0 -0.0 -0.0 -0.0 -0.0 -0.0 -0.0 -0.0 -0.0; -0.0 -0.0 -0.0 -0.0 -0.0 -0.0 -0.0 -0.0 -0.0 -0.0; -0.0 -0.0 -0.0 -0.0 -0.0 -0.0 -0.0 -0.0 -0.0 -0.0; -0.0 -0.0 -0.0 -0.0 -0.0 -0.0 -0.0 -0.0 -0.0 -0.0]
evol_box,"[[0.432, 0.0], [2.127, 4244.775860925205], [2.227, 4244.775860999339], [2.296, 255352.83463095693], [2.379, 255352.83463095693], [2.455, 255352.83463095693], [2.549, 255352.83463095693], [2.815, 1.3881796885490587e6], [4.151, 1.63861482982016e6], [4.779, 1.640124259953941e6], [7.232, 3.4022030878309924e6], [9.766, 3.779350923243391e6], [11.978, 3.9051876303752335e6], [15.492, 3.9052083295169347e6], [19.767, 4.533951612303542e6], [23.675, 4.533951612303542e6], [30.48, 4.7854533372948915e6], [35.262, 4.7854533372948915e6], [41.541, 5.162996114793649e6], [43.694, 5.414684362875078e6], [55.173, 5.414684362875078e6], [65.328, 5.6672193871840015e6], [70.207, 5.6672193871840015e6], [81.709, 5.918144391079901e6], [95.623, 5.918592879559307e6], [100.423, 6.1699022690221565e6], [103.569, 6.295895418876362e6], [106.703, 6.296123263331363e6], [111.94, 6.296151339539996e6], [121.35, 6.547481964250448e6], [127.003, 6.673252935886264e6], [137.649, 6.673252935886264e6], [147.205, 6.673994488216789e6], [217.547, 6.799385588786463e6], [282.92, 6.799525765722891e6], [363.744, 6.799114305742999e6], [527.642, 6.924979312794204e6], [609.923, 6.925042703909145e6], [898.171, 7.050918229741355e6], [928.616, 7.177279503172981e6], [1315.438, 7.302603638999128e6], [2078.873, 7.428529354975515e6], [3600.073, 7.428777160163255e6]]"
y_pb,[[13.0 8.0 6.0 -0.0 -0.0 -0.0 -0.0 -0.0 -0.0 -0.0; -0.0 -0.0 -0.0 13.0 -0.0 -0.0 -0.0 -0.0 -0.0 -0.0; -0.0 -0.0 -0.0 -0.0 -0.0 0.0 -0.0 -0.0 -0.0 -0.0; -0.0 -0.0 -0.0 -0.0 -0.0 -0.0 7.0 34.0 24.999999999999996 40.0;;;]]
x_bb,"[27.0, 13.0, 0.0, 106.0]"
x_box,"[26.0, 13.0, 0.0, 107.0]"
evol_zeta,"[[1.724, 40.0], [2.203, 35.0], [2.234, 29.666666666666664], [2.3, 20.0], [2.382, 20.0], [2.461, 20.0], [2.556, 19.333333333333332], [2.824, 13.000000000000053], [4.158, 13.0], [4.783, 13.0], [7.259, 12.999999999999979], [9.809, 13.0], [12.032, 14.333333333333334], [15.496, 14.0], [19.812, 13.000000000000004], [23.727, 13.0], [30.535, 13.0], [35.308, 13.0], [41.562, 13.0], [43.712, 12.88888888888889], [55.197, 12.555555555555557], [65.334, 13.0], [70.225, 13.000000000000007], [81.718, 13.0], [95.653, 13.0], [100.44, 13.0], [103.596, 12.833333333333325], [106.719, 12.250000000000043], [111.962, 11.88888888888889], [121.371, 11.0], [127.024, 11.000000000000002], [137.659, 11.0], [147.226, 11.0], [217.561, 11.444444444444443], [282.957, 11.0], [363.764, 11.0], [527.676, 11.222222222222221], [609.948, 11.0], [898.183, 10.3], [928.641, 9.0], [1315.466, 10.777777777777779], [2078.918, 11.222222222222221], [3600.088, 0.0]]"
ξ_box,[13.0 13.0 1.9999999999999996 0.0 13.0; 8.0 7.0 8.0 0.0 8.0; 6.0 6.0 6.0 0.0 6.0; 13.0 13.0 12.0 0.0 13.0; 29.0 29.0 29.0 29.0 18.0; 40.0 37.99999999999999 34.0 40.0 25.0; 28.0 26.0 28.0 28.0 22.0; 32.0 16.0 28.0 34.0 34.0; 23.0 25.0 20.999999999999996 25.0 25.0; 12.0 32.0 36.0 40.0 40.0]
