first,second
s_box,[0.0 41.0 0.0 41.0 0.0; 0.0 0.0 0.0 0.0 27.0; 0.0 0.0 0.0 0.0 0.0; 14.0 0.0 14.0 0.0 14.0; 1.0 0.0 11.0 0.0 0.0; 10.0 0.0 0.0 0.0 0.0; 17.0 0.0 0.0 0.0 0.0; 0.0 0.0 0.0 0.0 0.0; 0.0 0.0 9.0 0.0 0.0; 0.0 0.0 7.0 0.0 0.0]
x_pb,"[93.00000000000001, 21.0, 10.999999999999986, 42.00000000000001]"
s_bb,[-0.0 -0.0 -0.0 -0.0 -0.0; -0.0 -0.0 -0.0 -0.0 -0.0; 0.0 -0.0 -0.0 -0.0 -0.0; 14.0 -0.0 -0.0 -0.0 -0.0; 1.0 -0.0 -0.0 -0.0 -0.0; 15.0 -0.0 -0.0 -0.0 -0.0; 25.0 2.0 -0.0 -0.0 -0.0; 0.0 -0.0 -0.0 -0.0 -0.0; 0.0 -0.0 -0.0 -0.0 -0.0; -0.0 -0.0 -0.0 -0.0 -0.0]
partition_bb,"[[[53.0, 40.0, 21.0, 14.0, 12.0, 0.0, 0.0, 12.0, 10.0, 0.0], [32.0, 19.0, 21.0, 13.0, 12.0, 15.0, 13.0, 2.0, 4.0, 14.0], [31.0, 29.0, 20.0, 12.0, 12.0, 15.0, 25.0, 12.0, 10.0, 1.0], [21.0, 34.0, 21.0, 14.0, 12.0, 9.0, 19.0, 8.0, 10.0, 20.0]], [[44.0, 31.0, 8.0, 5.0, 3.0, 15.0, 25.0, 8.0, 10.0, 20.0]], [[19.0, 32.0, 21.0, 13.0, 12.0, 13.0, 13.0, 2.0, 4.0, 13.0]], Vector{Float64}[], Vector{Float64}[]]"
y_box,[53.0 40.0 0.0 0.0 0.0 0.0 0.0 0.0 0.0 0.0; 0.0 0.0 21.0 0.0 0.0 0.0 0.0 0.0 0.0 0.0; 0.0 0.0 0.0 0.0 11.0 0.0 0.0 0.0 0.0 0.0; 0.0 0.0 0.0 0.0 0.0 0.0 0.0 12.0 10.0 20.0;;; 8.0 36.0 0.0 11.0 0.0 15.0 0.0 12.0 10.0 1.0; 0.0 0.0 10.0 0.0 0.0 0.0 11.0 0.0 0.0 0.0; 0.0 0.0 10.0 0.0 1.0 0.0 0.0 0.0 0.0 0.0; 0.0 0.0 0.0 0.0 9.0 0.0 14.0 0.0 0.0 19.0;;; 32.0 40.0 21.0 0.0 0.0 0.0 0.0 0.0 0.0 0.0; 19.0 0.0 0.0 0.0 0.0 2.0 0.0 0.0 0.0 0.0; 0.0 0.0 0.0 0.0 1.0 9.0 0.0 0.0 1.0 0.0; 0.0 0.0 0.0 0.0 0.0 4.0 23.0 12.0 0.0 3.0;;; 12.0 40.0 2.0 13.0 12.0 14.0 0.0 0.0 0.0 0.0; 0.0 0.0 16.0 1.0 0.0 0.0 4.0 0.0 0.0 0.0; 0.0 0.0 3.0 0.0 0.0 0.0 0.0 0.0 8.0 0.0; 0.0 0.0 0.0 0.0 0.0 0.0 18.0 6.0 0.0 18.0;;; 40.0 12.0 21.0 0.0 12.0 8.0 0.0 0.0 0.0 0.0; 0.0 0.0 0.0 0.0 0.0 0.0 0.0 11.0 10.0 0.0; 0.0 0.0 0.0 0.0 0.0 7.0 4.0 0.0 0.0 0.0; 0.0 0.0 0.0 0.0 0.0 0.0 21.0 1.0 0.0 20.0]
evol_bb,"[[0.389, 6.433397708512965e6], [2.145, 6.433397708512964e6]]"
y_bb,[53.0 40.0 -0.0 -0.0 -0.0 -0.0 -0.0 -0.0 -0.0 -0.0; -0.0 -0.0 21.0 0.0 -0.0 -0.0 -0.0 -0.0 -0.0 -0.0; -0.0 -0.0 -0.0 -0.0 11.0 0.0 -0.0 -0.0 -0.0 -0.0; -0.0 -0.0 -0.0 -0.0 -0.0 -0.0 -0.0 12.0 10.0 20.0;;; 39.0 31.0 -0.0 -0.0 0.0 0.0 23.0 -0.0 0.0 -0.0; -0.0 -0.0 1.0 5.0 -0.0 15.0 -0.0 -0.0 -0.0 -0.0; -0.0 -0.0 3.0 -0.0 -0.0 -0.0 -0.0 8.0 -0.0 -0.0; 5.0 -0.0 4.0 -0.0 3.0 -0.0 -0.0 -0.0 10.0 20.0;;; 1.0 32.0 21.0 13.0 -0.0 13.0 13.0 -0.0 -0.0 -0.0; 7.0 -0.0 -0.0 -0.0 12.0 -0.0 -0.0 2.0 -0.0 -0.0; 11.0 -0.0 -0.0 -0.0 -0.0 -0.0 0.0 -0.0 -0.0 -0.0; -0.0 -0.0 -0.0 0.0 -0.0 0.0 -0.0 -0.0 4.0 13.0;;; -0.0 -0.0 -0.0 -0.0 -0.0 -0.0 -0.0 -0.0 -0.0 -0.0; -0.0 -0.0 -0.0 -0.0 -0.0 -0.0 -0.0 -0.0 -0.0 -0.0; -0.0 -0.0 -0.0 -0.0 -0.0 -0.0 -0.0 -0.0 -0.0 -0.0; -0.0 -0.0 -0.0 -0.0 -0.0 -0.0 -0.0 -0.0 -0.0 -0.0;;; -0.0 -0.0 -0.0 -0.0 -0.0 -0.0 -0.0 -0.0 -0.0 -0.0; -0.0 -0.0 -0.0 -0.0 -0.0 -0.0 -0.0 -0.0 -0.0 -0.0; -0.0 -0.0 -0.0 -0.0 -0.0 -0.0 -0.0 -0.0 -0.0 -0.0; -0.0 -0.0 -0.0 -0.0 -0.0 -0.0 -0.0 -0.0 -0.0 -0.0]
evol_box,"[[0.475, 0.0], [2.33, 2522.892095769057], [2.483, 236560.15870939856], [2.554, 236560.15870939856], [2.591, 236560.15870939856], [2.644, 236560.15870939856], [2.695, 236560.15870939856], [2.765, 236560.15870939856], [2.843, 236718.12606980003], [3.085, 1.1716879141197978e6], [3.642, 1.7567208959837868e6], [4.168, 1.7567208959837868e6], [4.672, 2.341285886661303e6], [5.495, 2.57481247765068e6], [7.84, 2.5747799827323905e6], [9.174, 2.6921018517809e6], [10.867, 2.6921018517808993e6], [11.802, 2.6921018517809e6], [13.241, 3.0426800542393755e6], [15.624, 3.276834131840253e6], [19.572, 3.6272723443921013e6], [21.047, 3.6274246086204476e6], [23.54, 3.6272723443921013e6], [25.316, 3.627621708132892e6], [29.184, 3.627621708132892e6], [32.157, 3.744386440930423e6], [71.413, 3.744386440930424e6], [74.015, 3.861027626073283e6], [77.553, 4.0948908339534453e6], [88.62, 4.0948990641408125e6], [100.874, 4.095036381633265e6], [106.177, 4.0952683680984476e6], [110.094, 4.212005867918615e6], [116.232, 4.212083068579058e6], [121.991, 4.212149397403794e6], [149.557, 4.212149397403794e6], [160.229, 4.212342686366288e6], [164.963, 4.212149397403793e6], [172.131, 4.328800010229128e6], [178.338, 4.329018241342959e6], [188.224, 4.329018241342959e6], [202.399, 4.329216354095019e6], [214.452, 4.445660326169172e6], [238.587, 4.445776805460384e6], [260.307, 4.445896998639306e6], [274.501, 4.445958900764279e6], [286.817, 4.562492045471666e6], [360.427, 4.562661803213018e6], [379.724, 4.56274895084626e6], [434.329, 4.56274895084626e6], [451.015, 4.562794486945389e6], [469.97, 4.562804958903711e6], [513.894, 4.5628606523137055e6], [552.686, 4.679423649411747e6], [596.841, 4.679454972744801e6], [654.365, 4.679454972744801e6], [681.233, 4.679454972744801e6], [1227.34, 4.679561443126047e6], [1257.059, 4.679561443126047e6], [1300.26, 4.679561443126047e6], [1333.855, 4.679561443126047e6], [1378.542, 4.679661224870897e6], [1499.808, 4.6797453252350055e6], [1572.453, 4.679784965226522e6], [1692.165, 4.796355253351828e6], [1768.925, 4.796355253351828e6], [2171.936, 4.796446256037148e6], [2234.664, 4.796455137989415e6], [2358.637, 4.796480457593933e6], [2429.068, 4.796522237573184e6], [2528.25, 4.796601046744867e6], [2725.833, 4.796630956297761e6], [2821.208, 4.796676934671579e6], [2953.945, 4.796665931373123e6], [3022.995, 4.796672834734322e6], [3130.479, 4.796676934671579e6], [3203.647, 4.796676934671579e6], [3452.259, 4.91328685729191e6], [3600.012, 4.913286857291909e6]]"
y_pb,[[53.0 40.0 -0.0 -0.0 -0.0 -0.0 -0.0 -0.0 -0.0 -0.0; -0.0 -0.0 21.0 -0.0 -0.0 -0.0 -0.0 -0.0 -0.0 -0.0; -0.0 -0.0 -0.0 -0.0 10.999999999999986 -0.0 -0.0 -0.0 -0.0 -0.0; -0.0 -0.0 -0.0 -0.0 -0.0 -0.0 -0.0 12.0 10.0 20.0;;;]]
x_bb,"[93.0, 21.0, 11.0, 42.0]"
x_box,"[93.0, 21.0, 11.0, 42.0]"
evol_zeta,"[[1.903, 53.0], [2.417, 25.0], [2.487, 13.0], [2.559, 13.0], [2.603, 13.0], [2.65, 13.0], [2.701, 13.0], [2.778, 13.0], [2.851, 13.0], [3.106, 12.400000149665155], [3.654, 10.0], [4.187, 12.0], [4.679, 11.0], [5.502, 9.0], [7.849, 11.0], [9.19, 11.0], [10.876, 11.000000000000007], [11.821, 10.299999999999997], [13.256, 9.499999999999998], [15.637, 8.100000000000001], [19.592, 7.4], [21.062, 7.300000077685632], [23.555, 6.899999999999999], [25.341, 5.9], [29.203, 6.4], [32.17, 8.0], [71.43, 7.0], [74.032, 5.222222222222221], [77.565, 5.8000003995471054], [88.628, 5.0], [100.89, 4.444444444444445], [106.191, 5.600000000000083], [110.106, 5.000000000000001], [116.246, 5.0], [122.001, 7.0], [149.562, 6.300000000000001], [160.242, 4.899999999999997], [164.985, 4.299999999999997], [172.152, 5.0], [178.361, 4.0], [188.235, 4.4], [202.419, 4.0], [214.468, 5.0], [238.604, 4.599999999999994], [260.325, 4.100000000000002], [274.518, 5.8888888888889035], [286.833, 5.100000000000001], [360.445, 5.0], [379.742, 3.599999999999998], [434.339, 3.0], [451.033, 3.9999999999999685], [469.989, 3.0], [513.908, 2.999999999999993], [552.708, 3.0], [596.855, 5.0], [654.384, 3.999999999999944], [681.26, 3.6999999999999997], [1227.361, 4.0], [1257.067, 3.2222222222222214], [1300.284, 3.0], [1333.878, 3.0000019992020257], [1378.575, 2.1111111111111107], [1499.819, 3.5999999999999943], [1572.481, 3.200000000000003], [1692.171, 3.0], [1768.949, 2.7000000000000006], [2171.96, 4.000000000000002], [2234.69, 3.0], [2358.664, 2.9000000000000044], [2429.092, 3.5], [2528.274, 3.5999999999999996], [2725.853, 3.0], [2821.234, 3.555555555555556], [2953.968, 3.0999999999999996], [3023.007, 4.5], [3130.49, 3.1111111111111303], [3203.665, 3.0000000000000018], [3452.275, 3.0000000000000018], [3600.03, 0.0]]"
ξ_box,[53.0 49.0 51.0 53.0 40.0; 40.0 36.0 40.0 40.0 39.0; 21.0 19.0 20.0 21.0 21.0; 14.0 11.0 14.0 14.0 14.0; 12.0 10.0 12.0 12.0 12.0; 10.0 15.0 15.0 13.0 15.0; 17.0 25.0 23.0 22.0 25.0; 12.0 12.0 12.0 6.0 12.0; 10.0 10.0 10.0 8.0 10.0; 20.0 20.0 10.0 18.0 20.0]
