first,second
s_box,[-0.0 -0.0 -0.0; -0.0 -0.0 -0.0; -0.0 4.0 -0.0; -0.0 19.0 -0.0; -0.0 -0.0 1.0; -0.0 -0.0 4.0; -0.0 -0.0 -0.0; -0.0 -0.0 12.0; -0.0 -0.0 2.0; -0.0 -0.0 5.0]
x_pb,"[89.0, 28.0, -0.0, 11.0]"
s_bb,[-0.0 -0.0 -0.0; 18.0 -0.0 -0.0; -0.0 -0.0 -0.0; -0.0 -0.0 -0.0; -0.0 1.0 -0.0; 1.0 4.0 -0.0; -0.0 -0.0 -0.0; -0.0 12.0 -0.0; 2.0 2.0 -0.0; -0.0 5.0 -0.0]
partition_bb,"[[[34.0, 18.0, 17.0, 20.0, 1.0, 4.0, 28.0, 6.0, 0.0, 0.0], [24.0, 18.0, 17.0, 12.0, 0.0, 3.0, 27.0, 23.0, 2.0, 2.0]], [[24.0, 0.0, 0.0, 5.0, 0.0, 3.0, 27.0, 23.0, 2.0, 2.0], [34.0, 18.0, 17.0, 20.0, 1.0, 4.0, 4.0, 23.0, 2.0, 5.0], [34.0, 16.0, 17.0, 12.0, 1.0, 4.0, 28.0, 9.0, 2.0, 5.0]], Vector{Float64}[]]"
y_box,[34.0 16.0 15.0 20.0 -0.0 4.0 -0.0 -0.0 -0.0 -0.0; -0.0 -0.0 -0.0 -0.0 1.0 0.0 8.0 19.0 0.0 0.0; -0.0 -0.0 -0.0 -0.0 -0.0 -0.0 0.0 -0.0 -0.0 -0.0; -0.0 -0.0 -0.0 -0.0 -0.0 -0.0 -0.0 4.0 2.0 5.0;;; 34.0 7.0 13.0 7.0 -0.0 -0.0 28.0 -0.0 -0.0 -0.0; -0.0 -0.0 -0.0 -0.0 1.0 4.0 0.0 16.0 2.0 5.0; -0.0 -0.0 -0.0 -0.0 -0.0 -0.0 -0.0 -0.0 -0.0 -0.0; -0.0 11.0 -0.0 -0.0 -0.0 -0.0 -0.0 -0.0 0.0 0.0;;; 34.0 18.0 17.0 20.0 -0.0 -0.0 -0.0 -0.0 -0.0 -0.0; -0.0 -0.0 -0.0 -0.0 0.0 0.0 28.0 -0.0 -0.0 -0.0; -0.0 -0.0 -0.0 -0.0 -0.0 -0.0 -0.0 0.0 -0.0 -0.0; -0.0 -0.0 -0.0 -0.0 -0.0 -0.0 -0.0 11.0 0.0 0.0]
evol_bb,"[[0.315, 2.83872729449525e6], [0.49, 2.8387272944952496e6]]"
y_bb,[8.0 0.0 17.0 20.0 0.0 -0.0 21.0 23.0 0.0 -0.0; 26.0 -0.0 -0.0 -0.0 -0.0 -0.0 -0.0 -0.0 -0.0 2.0; 0.0 -0.0 -0.0 -0.0 -0.0 -0.0 -0.0 0.0 -0.0 -0.0; -0.0 -0.0 0.0 0.0 1.0 3.0 7.0 -0.0 -0.0 -0.0;;; 34.0 18.0 17.0 20.0 -0.0 -0.0 -0.0 -0.0 -0.0 -0.0; -0.0 -0.0 -0.0 -0.0 0.0 0.0 28.0 -0.0 -0.0 -0.0; -0.0 -0.0 -0.0 -0.0 -0.0 -0.0 -0.0 0.0 -0.0 -0.0; -0.0 -0.0 -0.0 -0.0 -0.0 -0.0 -0.0 11.0 0.0 0.0;;; -0.0 -0.0 -0.0 -0.0 -0.0 -0.0 -0.0 -0.0 -0.0 -0.0; -0.0 -0.0 -0.0 -0.0 -0.0 -0.0 -0.0 -0.0 -0.0 -0.0; -0.0 -0.0 -0.0 -0.0 -0.0 -0.0 -0.0 -0.0 -0.0 -0.0; -0.0 -0.0 -0.0 -0.0 -0.0 -0.0 -0.0 -0.0 -0.0 -0.0]
evol_box,"[[0.822, 0.0], [4.019, 2186.7410912002906], [4.217, 2619.456656202674], [4.275, 2619.456656365338], [4.369, 2632.2971407767677], [4.515, 356945.4378736633], [4.636, 711630.4029071161], [4.916, 829488.3838626693], [5.022, 1.5386393285942636e6], [5.124, 1.5386393285942639e6], [5.38, 1.8932109010588368e6], [5.576, 2.1296296836579917e6], [5.707, 2.1296296836579917e6], [5.878, 2.4841557220306764e6], [6.06, 2.484155722030677e6], [6.378, 2.484155722030677e6], [6.703, 2.484155722030677e6], [6.924, 2.6023609966878463e6], [7.259, 2.602360996687846e6], [7.43, 2.6023609966878463e6], [7.783, 2.6023720300790593e6], [8.165, 2.602372030079053e6], [8.726, 2.602395864021972e6], [9.022, 2.7205377453156915e6], [9.528, 2.8387272944952496e6]]"
y_pb,[[34.0 18.0 17.0 20.0 -0.0 -0.0 -0.0 -0.0 -0.0 -0.0; -0.0 -0.0 -0.0 -0.0 -0.0 -0.0 28.0 -0.0 -0.0 -0.0; -0.0 -0.0 -0.0 -0.0 -0.0 -0.0 -0.0 0.0 -0.0 -0.0; -0.0 -0.0 -0.0 -0.0 -0.0 -0.0 -0.0 11.0 -0.0 -0.0;;;]]
x_bb,"[89.0, 28.0, -0.0, 11.0]"
x_box,"[89.0, 28.0, 0.0, 11.0]"
evol_zeta,"[[3.286, 34.0], [4.155, 17.0], [4.224, 17.0], [4.287, 13.0], [4.384, 8.0], [4.52, 8.0], [4.653, 7.0], [4.92, 7.0], [5.027, 8.0], [5.126, 5.0], [5.383, 5.0], [5.58, 4.0], [5.709, 3.0], [5.881, 3.0], [6.061, 3.0], [6.381, 2.0], [6.706, 2.0], [6.928, 1.0], [7.263, 1.0000000002000036], [7.442, 1.0000000002000036], [7.795, 1.0], [8.177, 1.0000000002000036], [8.73, 2.0], [9.027, 1.0], [9.532, 0.0]]"
ξ_box,[34.0 34.0 34.0; 16.0 18.0 18.0; 15.0 17.0 17.0; 20.0 20.0 20.0; 1.0 1.0 1.0; 4.0 4.0 4.0; 8.0 28.0 28.0; 23.0 6.0 23.0; 2.0 2.0 2.0; 5.0 5.0 5.0]
