first,second
s_box,[30.0 42.0; -0.0 17.0; -0.0 -0.0; 8.0 8.0; -0.0 -0.0; -0.0 -0.0; 25.0 25.0; 21.0 -0.0; 7.0 -0.0; -0.0 -0.0]
x_pb,"[28.0, -0.0, 90.0, 37.0]"
s_bb,[42.0 -0.0; 17.0 27.0; -0.0 28.0; 8.0 -0.0; 0.0 36.0; 0.0 -0.0; 25.0 -0.0; 0.0 -0.0; -0.0 -0.0; 0.0 -0.0]
partition_bb,"[[[42.0, 34.0, 25.0, 8.0, 18.0, 22.0, 0.0, 0.0, 0.0, 0.0], [31.0, 23.0, 28.0, 8.0, 7.0, 7.0, 25.0, 13.0, 7.0, 7.0], [25.0, 33.0, 24.0, 4.0, 32.0, 28.0, 6.0, 5.0, 0.0, 0.0], [22.0, 30.0, 21.0, 1.0, 14.0, 18.0, 12.0, 24.0, 7.0, 7.0], [31.0, 23.0, 14.0, 0.0, 30.0, 34.0, 12.0, 11.0, 0.0, 0.0], [22.0, 30.0, 21.0, 1.0, 35.0, 31.0, 9.0, 8.0, 0.0, 0.0], [21.0, 29.0, 20.0, 1.0, 37.0, 33.0, 11.0, 10.0, 0.0, 0.0], [20.0, 28.0, 19.0, 0.0, 31.0, 35.0, 13.0, 12.0, 0.0, 0.0]], [[0.0, 0.0, 4.0, 6.0, 42.0, 46.0, 24.0, 23.0, 6.0, 6.0], [25.0, 17.0, 8.0, 0.0, 29.0, 25.0, 25.0, 13.0, 7.0, 7.0], [11.0, 19.0, 28.0, 8.0, 38.0, 34.0, 12.0, 11.0, 0.0, 0.0], [19.0, 27.0, 18.0, 0.0, 32.0, 36.0, 14.0, 13.0, 0.0, 0.0], [30.0, 22.0, 13.0, 1.0, 37.0, 33.0, 11.0, 10.0, 0.0, 0.0], [7.0, 15.0, 6.0, 8.0, 44.0, 40.0, 18.0, 17.0, 0.0, 0.0], [16.0, 8.0, 0.0, 0.0, 36.0, 40.0, 18.0, 24.0, 7.0, 7.0]]]"
y_box,[-0.0 27.0 18.0 -0.0 -0.0 -0.0 -0.0 -0.0 -0.0 -0.0; -0.0 -0.0 0.0 -0.0 -0.0 -0.0 -0.0 -0.0 -0.0 -0.0; -0.0 -0.0 10.0 -0.0 16.0 46.0 -0.0 -0.0 -0.0 -0.0; -0.0 -0.0 -0.0 -0.0 28.0 -0.0 0.0 3.0 -0.0 7.0;;; 0.0 17.0 28.0 -0.0 -0.0 -0.0 -0.0 -0.0 -0.0 -0.0; -0.0 -0.0 -0.0 0.0 -0.0 -0.0 -0.0 -0.0 -0.0 -0.0; -0.0 -0.0 -0.0 -0.0 37.0 35.0 -0.0 -0.0 -0.0 -0.0; -0.0 -0.0 -0.0 -0.0 -0.0 -0.0 0.0 24.0 7.0 7.0]
evol_bb,"[[0.401, 1.1694462028270382e7], [3.562, 1.1588161417465027e7], [3.65, 1.1375564788460407e7], [4.998, 1.1269266473958097e7], [5.036, 1.1269256195760997e7], [6.698, 1.1162957297713293e7], [8.855, 1.095036409422398e7], [10.493, 1.084405036325161e7], [10.593, 1.0418844530742224e7], [12.799, 1.0099940156360185e7], [12.863, 9.993638698232837e6], [14.115, 9.896139956529688e6], [14.189, 9.789838498402346e6], [14.199, 9.781117185311712e6]]"
y_bb,[0.0 17.0 28.0 -0.0 -0.0 -0.0 -0.0 -0.0 -0.0 -0.0; -0.0 -0.0 -0.0 0.0 -0.0 -0.0 -0.0 -0.0 -0.0 -0.0; -0.0 -0.0 -0.0 -0.0 37.0 35.0 -0.0 -0.0 -0.0 -0.0; -0.0 -0.0 -0.0 -0.0 -0.0 -0.0 0.0 24.0 7.0 7.0;;; 30.0 -0.0 0.0 -0.0 -0.0 13.0 2.0 0.0 -0.0 -0.0; -0.0 -0.0 -0.0 0.0 -0.0 -0.0 -0.0 -0.0 0.0 -0.0; -0.0 -0.0 -0.0 -0.0 8.0 33.0 -0.0 24.0 -0.0 7.0; -0.0 0.0 -0.0 8.0 -0.0 -0.0 23.0 -0.0 7.0 -0.0]
evol_box,"[[0.476, 0.0], [2.12, 214189.14017048996], [2.207, 214189.14017048996], [2.225, 6.804983564872716e6], [2.239, 6.804739957468522e6], [2.266, 8.292886656880838e6], [2.297, 8.292886656880839e6], [2.33, 8.293027837683763e6], [2.423, 8.718151634612689e6], [2.463, 8.718151634612689e6], [2.49, 8.718151634612689e6], [2.519, 8.824359952838741e6], [2.611, 8.930748263617309e6], [2.703, 9.143352639589341e6], [2.811, 9.249551216200057e6], [2.892, 9.355941521626547e6], [3.016, 9.355941521626549e6], [3.11, 9.462232089161443e6], [3.214, 9.568520556307092e6], [3.318, 9.568532176758215e6], [3.488, 9.67482274429311e6], [3.603, 9.674822744293109e6], [3.729, 9.674822744293109e6], [3.846, 9.781035781978147e6], [3.969, 9.781044208842706e6], [4.101, 9.781113311828004e6], [4.261, 9.781113311828006e6], [4.385, 9.781117185311666e6], [4.537, 9.781117185311712e6], [4.674, 9.781117185311664e6], [4.805, 9.781117185311712e6]]"
y_pb,[[-0.0 -0.0 28.0 -0.0 -0.0 -0.0 -0.0 -0.0 -0.0 -0.0; -0.0 -0.0 0.0 -0.0 -0.0 -0.0 -0.0 -0.0 -0.0 -0.0; -0.0 -0.0 -0.0 -0.0 44.0 46.0 -0.0 -0.0 -0.0 -0.0; -0.0 -0.0 -0.0 -0.0 -0.0 -0.0 -0.0 24.0 6.0 7.0;;;]]
x_bb,"[45.0, 0.0, 72.0, 38.0]"
x_box,"[45.0, 0.0, 72.0, 38.0]"
evol_zeta,"[[1.71, 45.75], [2.198, 42.0], [2.215, 33.85714285714286], [2.231, 15.0], [2.241, 15.0], [2.271, 11.0], [2.299, 11.0], [2.353, 9.75], [2.437, 9.999999999999998], [2.465, 5.857142857142858], [2.493, 5.714285714285715], [2.523, 11.0], [2.626, 2.142857142857139], [2.711, 3.249999999999998], [2.818, 2.0], [2.912, 4.249999999999998], [3.019, 2.375], [3.116, 2.0], [3.223, 1.4285714285714306], [3.324, 1.1428571428571388], [3.496, 1.0], [3.612, 0.875], [3.733, 0.75], [3.854, 0.5000000000000016], [3.976, 3.0], [4.125, 4.25], [4.264, 1.75], [4.389, 0.2857142857142847], [4.545, 0.4285714285714296], [4.681, 0.25000000000000033], [4.813, 0.0]]"
ξ_box,[30.0 42.0; 27.0 34.0; 28.0 28.0; 8.0 8.0; 44.0 37.0; 46.0 35.0; 25.0 25.0; 24.0 24.0; 7.0 7.0; 7.0 7.0]
