first,second
s_box,[36.0; 6.0; 0.0; 0.0; 0.0; 31.0; 18.0; 2.0; 0.0; 0.0;;]
x_pb,"[119.0, -0.0, -0.0, 47.0]"
s_bb,[36.0; 6.0; 0.0; 0.0; 0.0; 31.0; 18.0; 2.0; 0.0; 0.0;;]
partition_bb,"[[[10.0, 23.0, 23.0, 32.0, 44.0, 22.0, 13.0, 0.0, 0.0, 0.0], [23.0, 10.0, 11.0, 21.0, 9.0, 31.0, 13.0, 2.0, 13.0, 34.0], [36.0, 23.0, 22.0, 12.0, 2.0, 0.0, 0.0, 0.0, 0.0, 0.0], [0.0, 11.0, 11.0, 0.0, 0.0, 0.0, 18.0, 2.0, 13.0, 34.0], [10.0, 23.0, 23.0, 34.0, 25.0, 3.0, 0.0, 2.0, 13.0, 34.0], [10.0, 23.0, 24.0, 14.0, 26.0, 27.0, 0.0, 0.0, 11.0, 32.0]]]"
y_box,[0.0 17.0 24.0 34.0 44.0 0.0 -0.0 -0.0 -0.0 -0.0; -0.0 -0.0 -0.0 -0.0 -0.0 -0.0 -0.0 -0.0 -0.0 -0.0; -0.0 -0.0 -0.0 -0.0 -0.0 -0.0 0.0 -0.0 -0.0 -0.0; -0.0 -0.0 -0.0 -0.0 -0.0 -0.0 -0.0 0.0 13.0 34.0;;;]
evol_bb,"[[0.281, 1.1237326671617452e7]]"
y_bb,[0.0 17.0 24.0 34.0 44.0 0.0 -0.0 -0.0 -0.0 -0.0; -0.0 -0.0 -0.0 -0.0 -0.0 -0.0 -0.0 -0.0 -0.0 -0.0; -0.0 -0.0 -0.0 -0.0 -0.0 -0.0 0.0 -0.0 -0.0 -0.0; -0.0 -0.0 -0.0 -0.0 -0.0 -0.0 -0.0 0.0 13.0 34.0;;;]
evol_box,"[[0.411, 0.0], [1.969, 124513.22886771502], [2.041, 6.284465639159406e6], [2.044, 1.075412071138931e7], [2.048, 1.1237326671617452e7]]"
y_pb,[[-0.0 17.0 24.0 34.0 44.0 -0.0 -0.0 -0.0 -0.0 -0.0; -0.0 -0.0 -0.0 -0.0 -0.0 -0.0 0.0 -0.0 -0.0 -0.0; -0.0 -0.0 -0.0 -0.0 -0.0 -0.0 0.0 -0.0 -0.0 -0.0; -0.0 -0.0 -0.0 -0.0 -0.0 -0.0 -0.0 -0.0 13.0 34.0;;;]]
x_bb,"[119.0, 0.0, 0.0, 47.0]"
x_box,"[119.0, 0.0, 0.0, 47.0]"
evol_zeta,"[[1.619, 43.85714285714286], [2.039, 34.0], [2.043, 26.0], [2.047, 2.0], [2.049, 0.0]]"
ξ_box,[36.0; 23.0; 24.0; 34.0; 44.0; 31.0; 18.0; 2.0; 13.0; 34.0;;]
