first,second
s_box,[20.0 26.0 -0.0 -0.0; -0.0 -0.0 -0.0 -0.0; -0.0 -0.0 -0.0 -0.0; -0.0 -0.0 24.0 -0.0; -0.0 -0.0 -0.0 -0.0; -0.0 -0.0 -0.0 -0.0; -0.0 -0.0 -0.0 4.0; -0.0 -0.0 6.0 22.0; 41.0 -0.0 -0.0 34.0; -0.0 35.0 31.0 1.999999272894173]
x_pb,"[125.0, 20.0, -0.0, 28.0]"
s_bb,[-0.0 -0.0 -0.0 -0.0; -0.0 -0.0 -0.0 -0.0; -0.0 -0.0 -0.0 -0.0; -0.0 24.0 -0.0 -0.0; -0.0 15.0 -0.0 -0.0; -0.0 5.0 -0.0 -0.0; 9.0 9.0 -0.0 -0.0; 27.0 27.0 -0.0 -0.0; 37.0 -0.0 -0.0 -0.0; 18.0 4.0 -0.0 -0.0]
partition_bb,"[[[36.0, 31.0, 28.0, 23.0, 10.0, 5.0, 0.0, 0.0, 16.0, 25.0], [31.0, 26.0, 23.0, 18.0, 5.0, 0.0, 9.0, 27.0, 22.0, 13.0], [23.0, 18.0, 15.0, 10.0, 0.0, 0.0, 8.0, 20.0, 37.0, 46.0], [22.0, 19.0, 18.0, 9.0, 15.0, 5.0, 0.0, 18.0, 32.0, 38.0], [28.0, 33.0, 32.0, 23.0, 10.0, 5.0, 0.0, 0.0, 17.0, 25.0], [28.0, 33.0, 30.0, 24.0, 11.0, 5.0, 0.0, 0.0, 17.0, 26.0]], [[2.0, 7.0, 10.0, 15.0, 15.0, 5.0, 9.0, 27.0, 38.0, 47.0], [23.0, 18.0, 15.0, 10.0, 4.0, 0.0, 9.0, 24.0, 41.0, 32.0], [28.0, 29.0, 32.0, 23.0, 10.0, 5.0, 6.0, 24.0, 7.0, 0.0], [11.0, 14.0, 15.0, 24.0, 11.0, 5.0, 6.0, 21.0, 38.0, 29.0]], Vector{Float64}[], Vector{Float64}[]]"
y_box,[5.0 0.0 23.0 16.0 15.0 -0.0 9.0 0.0 -0.0 47.0; -0.0 20.0 -0.0 -0.0 -0.0 -0.0 0.0 -0.0 -0.0 -0.0; -0.0 -0.0 -0.0 -0.0 -0.0 -0.0 -0.0 -0.0 -0.0 -0.0; -0.0 -0.0 -0.0 6.0 -0.0 5.0 -0.0 27.0 -0.0 -0.0;;; -0.0 13.0 26.0 24.0 13.0 -0.0 -0.0 4.0 35.0 0.0; -0.0 15.0 -0.0 0.0 0.0 5.0 -0.0 -0.0 -0.0 -0.0; -0.0 -0.0 -0.0 -0.0 -0.0 -0.0 -0.0 -0.0 -0.0 -0.0; 6.0 -0.0 -0.0 -0.0 -0.0 -0.0 9.0 23.0 0.0 -0.0;;; 36.0 33.0 1.0 0.0 15.0 -0.0 9.0 21.0 -0.0 -0.0; -0.0 0.0 -0.0 -0.0 -0.0 5.0 -0.0 -0.0 15.0 -0.0; -0.0 -0.0 -0.0 -0.0 -0.0 -0.0 -0.0 -0.0 -0.0 -0.0; -0.0 -0.0 31.0 -0.0 -0.0 0.0 -0.0 -0.0 7.0 -0.0;;; 31.0 29.0 31.0 24.0 -0.0 -0.0 -0.0 -0.0 -0.0 -0.0; -0.0 -0.0 -0.0 -0.0 15.0 5.0 -0.0 -0.0 -0.0 -0.0; -0.0 -0.0 -0.0 -0.0 -0.0 -0.0 -0.0 -0.0 -0.0 -0.0; -0.0 -0.0 -0.0 -0.0 -0.0 -0.0 -0.0 -0.0 -0.0 38.00000072377346]
evol_bb,"[[1.162, 1.1416845426716378e7], [2.779, 1.1410033689255724e7], [12.264, 1.1410033689255722e7], [13.724, 1.1291222915333489e7], [52.644, 1.117914314460668e7], [52.697, 1.1053601367489023e7], [66.574, 1.1053601367489021e7], [2241.405, 1.0815979819644555e7]]"
y_bb,[36.0 33.0 32.0 24.0 -0.0 -0.0 -0.0 -0.0 -0.0 -0.0; -0.0 -0.0 -0.0 0.0 15.0 5.0 -0.0 -0.0 -0.0 -0.0; -0.0 -0.0 -0.0 -0.0 -0.0 -0.0 0.0 0.0 -0.0 -0.0; -0.0 -0.0 -0.0 -0.0 -0.0 -0.0 -0.0 -0.0 -0.0 28.0;;; 28.0 24.0 32.0 -0.0 -0.0 -0.0 -0.0 -0.0 41.0 -0.0; -0.0 -0.0 -0.0 -0.0 0.0 -0.0 -0.0 -0.0 -0.0 20.0; -0.0 0.0 -0.0 -0.0 -0.0 -0.0 -0.0 -0.0 -0.0 -0.0; -0.0 5.0 -0.0 -0.0 -0.0 -0.0 -0.0 -0.0 0.0 23.0;;; -0.0 -0.0 -0.0 -0.0 -0.0 -0.0 -0.0 -0.0 -0.0 -0.0; -0.0 -0.0 -0.0 -0.0 -0.0 -0.0 -0.0 -0.0 -0.0 -0.0; -0.0 -0.0 -0.0 -0.0 -0.0 -0.0 -0.0 -0.0 -0.0 -0.0; -0.0 -0.0 -0.0 -0.0 -0.0 -0.0 -0.0 -0.0 -0.0 -0.0;;; -0.0 -0.0 -0.0 -0.0 -0.0 -0.0 -0.0 -0.0 -0.0 -0.0; -0.0 -0.0 -0.0 -0.0 -0.0 -0.0 -0.0 -0.0 -0.0 -0.0; -0.0 -0.0 -0.0 -0.0 -0.0 -0.0 -0.0 -0.0 -0.0 -0.0; -0.0 -0.0 -0.0 -0.0 -0.0 -0.0 -0.0 -0.0 -0.0 -0.0]
evol_box,"[[0.482, 0.0], [2.15, 243253.14026550765], [2.254, 243253.14026550765], [2.33, 243253.14026550713], [2.479, 243914.26039555442], [3.105, 2.618199529906906e6], [4.09, 3.3316373785189013e6], [6.133, 3.3316373785189013e6], [6.842, 3.3316373785189013e6], [8.334, 4.1633408320494927e6], [12.21, 4.282188450162622e6], [15.668, 4.994716604627614e6], [17.972, 4.994716604627612e6], [21.467, 5.113125873617437e6], [26.147, 5.113125873617439e6], [29.353, 5.46982208608414e6], [32.155, 5.470106262329371e6], [37.928, 5.945108948926851e6], [42.841, 5.945108948926831e6], [53.372, 5.945120582406473e6], [58.781, 6.182443372276984e6], [65.486, 6.182443399926893e6], [70.785, 6.301170410599696e6], [80.667, 6.3011704105996955e6], [108.373, 6.301174624082367e6], [133.462, 6.301671776345249e6], [139.162, 6.301720707089677e6], [150.06, 6.420351710501654e6], [158.292, 6.658009231020048e6], [170.037, 6.658121444965469e6], [221.413, 6.7764177197712995e6], [249.506, 6.776878219159638e6], [266.256, 6.776925556573257e6], [306.681, 6.895286828200566e6], [344.442, 7.014035054133093e6], [362.423, 7.014114603899852e6], [373.699, 7.014453010465987e6], [444.077, 7.014466053444205e6], [504.112, 7.13301059875203e6], [576.327, 7.014474591341481e6], [667.815, 7.132845828055328e6], [703.38, 7.251660815460232e6], [800.69, 7.133270697195932e6], [905.533, 7.251656601977561e6], [992.694, 7.251738637289292e6], [1129.981, 7.252057185094593e6], [1287.347, 7.251895494114779e6], [1467.674, 7.251896004255604e6], [1626.47, 7.252057185094593e6], [1860.802, 7.370467375899794e6], [1935.879, 7.370487703164179e6], [2176.199, 7.252064940747675e6], [2292.109, 7.370853581901962e6], [2493.021, 7.2520651026598215e6], [3090.633, 7.3704673758997945e6], [3600.017, 7.370543634341341e6]]"
y_pb,[[36.0 33.0 32.0 24.0 -0.0 -0.0 -0.0 -0.0 -0.0 -0.0; -0.0 -0.0 -0.0 -0.0 15.0 5.0 -0.0 -0.0 -0.0 -0.0; -0.0 -0.0 -0.0 -0.0 -0.0 -0.0 0.0 -0.0 -0.0 -0.0; -0.0 -0.0 -0.0 -0.0 -0.0 -0.0 -0.0 -0.0 -0.0 28.0;;;]]
x_bb,"[125.0, 20.0, -0.0, 28.0]"
x_box,"[115.0, 20.0, -0.0, 38.0]"
evol_zeta,"[[2.235, 34.0], [2.305, 31.000000000000128], [2.335, 22.0], [2.529, 22.0], [3.117, 15.0], [4.135, 15.0], [6.145, 13.499999999999998], [6.85, 12.0], [8.34, 12.299999999999997], [12.218, 10.0], [15.678, 8.777777777777777], [18.016, 8.000000000900002], [21.518, 9.400000000000004], [26.158, 9.0], [29.405, 8.000000000000004], [32.211, 9.0], [37.976, 7.5], [42.886, 7.000000000800014], [53.379, 7.0], [58.837, 7.800000022847016], [65.495, 7.0], [70.837, 7.0], [80.81, 6.666666666666668], [108.45, 8.0], [133.587, 7.500000299490303], [139.216, 6.222222222222221], [150.12, 7.666666666666668], [158.327, 6.0000000007], [170.049, 8.600000000000001], [221.421, 6.0], [249.607, 5.222222222222221], [266.306, 7.0], [306.731, 6.000000000700002], [344.556, 6.0], [362.446, 7.200000000000003], [373.817, 5.099999999999994], [444.138, 7.111111111111111], [504.231, 4.75], [576.34, 4.600000000000001], [667.843, 5.700000000000003], [703.508, 4.222222222222221], [800.719, 6.0], [905.562, 4.555555555555557], [992.704, 6.0], [1130.044, 5.0], [1287.456, 5.000000000600011], [1467.703, 3.399999999999995], [1626.559, 5.099999999999998], [1860.951, 4.444444444444443], [1935.956, 5.777777777777779], [2176.293, 6.444444444444443], [2292.232, 3.9999999999999147], [2493.041, 3.799999999999997], [3090.694, 7.333333333333333], [3600.032, 0.0]]"
ξ_box,[25.0 32.0 36.0 31.0; 20.0 28.0 33.0 29.0; 23.0 26.0 32.0 31.0; 22.0 24.0 24.0 24.0; 15.0 13.0 15.0 15.0; 5.0 5.0 5.0 5.0; 9.0 9.0 9.0 4.0; 27.0 27.0 27.0 22.0; 41.0 35.0 22.0 34.0; 47.0 35.0 31.0 40.0]
