first,second
s_box,[0.0 0.0; 0.0 8.0; 0.0 6.0; 0.0 13.0; 29.0 0.0; 38.0 0.0; 21.0 0.0; 0.0 34.0; 0.0 25.0; 0.0 1.0]
x_pb,"[27.0, 13.0, -0.0, 106.0]"
s_bb,[0.0 0.0; 0.0 0.0; 0.0 0.0; 0.0 0.0; 29.0 29.0; 0.0 38.0; 28.0 21.0; 30.0 0.0; 0.0 0.0; 0.0 0.0]
partition_bb,"[[[13.0, 8.0, 6.0, 13.0, 10.0, 40.0, 28.0, 16.0, 7.0, 5.0], [13.0, 8.0, 6.0, 2.0, 0.0, 16.0, 28.0, 34.0, 25.0, 14.0], [0.0, 0.0, 0.0, 0.0, 9.0, 40.0, 28.0, 16.0, 19.0, 34.0], [2.0, 0.0, 0.0, 0.0, 15.0, 40.0, 28.0, 22.0, 13.0, 28.0], [2.0, 0.0, 0.0, 0.0, 20.0, 40.0, 28.0, 20.0, 11.0, 26.0], [2.0, 0.0, 0.0, 0.0, 25.0, 40.0, 28.0, 16.0, 25.0, 10.0], [0.0, 0.0, 0.0, 0.0, 29.0, 40.0, 28.0, 16.0, 9.0, 24.0], [0.0, 0.0, 0.0, 0.0, 7.0, 38.0, 26.0, 17.0, 22.0, 37.0]], [[0.0, 0.0, 0.0, 0.0, 4.0, 35.0, 23.0, 20.0, 25.0, 40.0], [13.0, 8.0, 6.0, 13.0, 29.0, 0.0, 11.0, 14.0, 19.0, 34.0], [0.0, 0.0, 0.0, 0.0, 0.0, 16.0, 28.0, 34.0, 25.0, 40.0], [0.0, 0.0, 0.0, 0.0, 6.0, 37.0, 25.0, 19.0, 24.0, 39.0], [0.0, 0.0, 0.0, 0.0, 7.0, 38.0, 26.0, 18.0, 23.0, 38.0]]]"
y_box,[13.0 8.0 6.0 0.0 0.0 0.0 0.0 0.0 0.0 0.0; 0.0 0.0 0.0 13.0 0.0 0.0 0.0 0.0 0.0 0.0; 0.0 0.0 0.0 0.0 0.0 0.0 0.0 0.0 0.0 0.0; 0.0 0.0 0.0 0.0 0.0 0.0 7.0 34.0 25.0 40.0;;; 0.0 0.0 0.0 0.0 0.0 27.0 0.0 0.0 0.0 0.0; 13.0 0.0 0.0 0.0 0.0 0.0 0.0 0.0 0.0 0.0; 0.0 0.0 0.0 0.0 0.0 0.0 0.0 0.0 0.0 0.0; 0.0 0.0 0.0 0.0 29.0 13.0 28.0 0.0 0.0 36.0]
evol_bb,"[[0.283, 1.1330163304495908e7], [1.267, 1.1330163304495906e7], [1.98, 1.1204320956078075e7], [2.964, 1.1204298297444705e7], [2.973, 1.10784332903935e7], [3.016, 1.1078433290393498e7]]"
y_bb,[13.0 8.0 0.0 6.0 0.0 0.0 0.0 0.0 0.0 0.0; 0.0 0.0 6.0 0.0 0.0 0.0 0.0 1.0 0.0 6.0; 0.0 0.0 0.0 0.0 0.0 0.0 0.0 0.0 0.0 0.0; 0.0 0.0 0.0 7.0 0.0 40.0 0.0 3.0 25.0 31.0;;; 13.0 8.0 6.0 0.0 0.0 0.0 0.0 0.0 0.0 0.0; 0.0 0.0 0.0 13.0 0.0 0.0 0.0 0.0 0.0 0.0; 0.0 0.0 0.0 0.0 0.0 0.0 0.0 0.0 0.0 0.0; 0.0 0.0 0.0 0.0 0.0 0.0 7.0 34.0 25.0 40.0]
evol_box,"[[0.437, 0.0], [2.187, 4244.775860981084], [2.274, 4244.775860999339], [2.288, 5.414908452911136e6], [2.327, 5.6664422408173345e6], [2.371, 6.799117942937469e6], [2.416, 8.057805553926611e6], [2.475, 8.561620229405511e6], [2.536, 9.56814809806399e6], [2.596, 9.56814809806399e6], [2.697, 1.0323297472249098e7], [2.772, 1.0449140258021746e7], [2.845, 1.0449140258021744e7], [2.927, 1.0449240687899513e7], [2.988, 1.0449240687899515e7], [3.047, 1.0449240687899513e7], [3.143, 1.0449251865571072e7], [3.218, 1.0449251865571072e7], [3.288, 1.0574973262188677e7], [3.376, 1.0700951562406741e7], [3.466, 1.0826767733153015e7], [3.542, 1.0826767733153015e7], [3.636, 1.0952568283342293e7], [3.716, 1.0952568283342293e7], [3.812, 1.0952636259242408e7], [3.927, 1.095263625924241e7], [4.034, 1.1078433290393498e7], [4.133, 1.1078433290393498e7]]"
y_pb,[[13.0 8.0 6.0 -0.0 -0.0 -0.0 -0.0 -0.0 -0.0 -0.0; -0.0 -0.0 -0.0 13.0 -0.0 -0.0 -0.0 -0.0 -0.0 -0.0; -0.0 -0.0 -0.0 -0.0 -0.0 0.0 -0.0 -0.0 -0.0 -0.0; -0.0 -0.0 -0.0 -0.0 -0.0 -0.0 7.0 34.0 24.999999999999996 40.0;;;]]
x_bb,"[27.0, 13.0, 0.0, 106.0]"
x_box,"[27.0, 13.0, 0.0, 106.0]"
evol_zeta,"[[1.79, 40.0], [2.267, 35.0], [2.277, 29.666666666666664], [2.291, 19.0], [2.331, 20.0], [2.374, 16.0], [2.43, 16.0], [2.481, 14.0], [2.539, 13.0], [2.601, 7.0], [2.701, 8.0], [2.776, 7.0], [2.849, 7.0], [2.931, 5.0], [2.993, 5.0], [3.052, 5.0], [3.149, 6.0], [3.22, 6.0], [3.292, 2.8333333333333286], [3.379, 2.0], [3.47, 1.3333333333333286], [3.545, 1.0], [3.639, 1.3333333333333286], [3.721, 1.0], [3.815, 0.3333333333333286], [3.934, 1.0], [4.037, 0.8333333333333286], [4.136, -0.0]]"
ξ_box,[13.0 13.0; 8.0 8.0; 6.0 6.0; 13.0 13.0; 29.0 29.0; 38.0 40.0; 28.0 28.0; 34.0 34.0; 25.0 25.0; 40.0 37.0]
