first,second
s_box,[32.0 31.0 36.0 10.0 0.0; 0.0 0.0 0.0 0.0 22.0; 24.0 24.0 0.0 0.0 0.0; 0.0 0.0 0.0 0.0 0.0; 0.0 0.0 0.0 0.0 0.0; 0.0 0.0 2.0 27.0 0.0; 0.0 0.0 18.0 18.0 0.0; 0.0 0.0 0.0 2.0 0.0; 0.0 0.0 0.0 0.0 0.0; 0.0 0.0 0.0 0.0 34.0]
x_pb,"[119.0, -0.0, -0.0, 47.0]"
s_bb,[34.0 36.0 -0.0 -0.0 -0.0; 6.0 4.0 -0.0 -0.0 -0.0; -0.0 -0.0 -0.0 -0.0 -0.0; -0.0 0.0 -0.0 -0.0 -0.0; 0.0 -0.0 -0.0 -0.0 -0.0; 31.0 31.0 -0.0 -0.0 -0.0; 17.0 18.0 -0.0 -0.0 -0.0; 2.0 2.0 -0.0 -0.0 -0.0; 1.0 -0.0 -0.0 -0.0 -0.0; -0.0 0.0 -0.0 -0.0 -0.0]
partition_bb,"[[[10.0, 23.0, 23.0, 32.0, 44.0, 22.0, 13.0, 0.0, 0.0, 0.0], [34.0, 21.0, 20.0, 10.0, 3.0, 25.0, 5.0, 2.0, 13.0, 34.0], [7.0, 20.0, 20.0, 26.0, 38.0, 31.0, 10.0, 2.0, 6.0, 6.0], [10.0, 23.0, 24.0, 13.0, 4.0, 26.0, 18.0, 2.0, 13.0, 34.0], [10.0, 23.0, 23.0, 34.0, 44.0, 22.0, 13.0, 0.0, 0.0, 0.0]], [[0.0, 13.0, 14.0, 22.0, 34.0, 31.0, 4.0, 2.0, 13.0, 34.0], [36.0, 23.0, 24.0, 13.0, 3.0, 0.0, 18.0, 2.0, 13.0, 34.0], [10.0, 23.0, 24.0, 34.0, 42.0, 20.0, 11.0, 2.0, 0.0, 0.0]], Vector{Float64}[], Vector{Float64}[], Vector{Float64}[]]"
y_box,[4.0 0.0 0.0 34.0 44.0 27.0 3.0 2.0 0.0 5.0; 0.0 0.0 0.0 0.0 0.0 0.0 0.0 0.0 0.0 0.0; 0.0 0.0 0.0 0.0 0.0 0.0 0.0 0.0 0.0 0.0; 0.0 23.0 0.0 0.0 0.0 0.0 12.0 0.0 12.0 0.0;;; 0.0 23.0 0.0 23.0 35.0 23.0 0.0 2.0 13.0 0.0; 0.0 0.0 0.0 0.0 0.0 0.0 0.0 0.0 0.0 0.0; 0.0 0.0 0.0 0.0 0.0 0.0 0.0 0.0 0.0 0.0; 5.0 0.0 0.0 0.0 1.0 3.0 4.0 0.0 0.0 34.0;;; 0.0 23.0 24.0 0.0 36.0 1.0 0.0 0.0 7.0 28.0; 0.0 0.0 0.0 0.0 0.0 0.0 0.0 0.0 0.0 0.0; 0.0 0.0 0.0 0.0 0.0 0.0 0.0 0.0 0.0 0.0; 0.0 0.0 0.0 34.0 0.0 11.0 0.0 2.0 0.0 0.0;;; 0.0 23.0 24.0 30.0 39.0 3.0 0.0 0.0 0.0 0.0; 0.0 0.0 0.0 0.0 0.0 0.0 0.0 0.0 0.0 0.0; 0.0 0.0 0.0 0.0 0.0 0.0 0.0 0.0 0.0 0.0; 0.0 0.0 0.0 0.0 0.0 0.0 0.0 0.0 13.0 34.0;;; 36.0 0.0 24.0 0.0 15.0 11.0 18.0 2.0 13.0 0.0; 0.0 0.0 0.0 0.0 0.0 0.0 0.0 0.0 0.0 0.0; 0.0 0.0 0.0 0.0 0.0 0.0 0.0 0.0 0.0 0.0; 0.0 1.0 0.0 26.0 0.0 20.0 0.0 0.0 0.0 0.0]
evol_bb,"[[1.478, 1.1237326671617452e7], [27.751, 1.123732667161745e7], [48.972, 1.0995740866403192e7]]"
y_bb,[0.0 17.0 24.0 34.0 44.0 -0.0 -0.0 -0.0 -0.0 -0.0; -0.0 -0.0 -0.0 -0.0 -0.0 -0.0 0.0 -0.0 -0.0 -0.0; -0.0 -0.0 -0.0 -0.0 -0.0 -0.0 0.0 -0.0 -0.0 -0.0; -0.0 -0.0 -0.0 -0.0 -0.0 -0.0 1.0 0.0 12.0 34.0;;; 0.0 19.0 24.0 34.0 42.0 -0.0 -0.0 -0.0 -0.0 -0.0; -0.0 -0.0 -0.0 -0.0 -0.0 -0.0 0.0 -0.0 -0.0 -0.0; -0.0 -0.0 -0.0 -0.0 -0.0 -0.0 0.0 -0.0 -0.0 -0.0; -0.0 -0.0 -0.0 -0.0 -0.0 -0.0 -0.0 -0.0 13.0 34.0;;; -0.0 -0.0 -0.0 -0.0 -0.0 -0.0 -0.0 -0.0 -0.0 -0.0; -0.0 -0.0 -0.0 -0.0 -0.0 -0.0 -0.0 -0.0 -0.0 -0.0; -0.0 -0.0 -0.0 -0.0 -0.0 -0.0 -0.0 -0.0 -0.0 -0.0; -0.0 -0.0 -0.0 -0.0 -0.0 -0.0 -0.0 -0.0 -0.0 -0.0;;; -0.0 -0.0 -0.0 -0.0 -0.0 -0.0 -0.0 -0.0 -0.0 -0.0; -0.0 -0.0 -0.0 -0.0 -0.0 -0.0 -0.0 -0.0 -0.0 -0.0; -0.0 -0.0 -0.0 -0.0 -0.0 -0.0 -0.0 -0.0 -0.0 -0.0; -0.0 -0.0 -0.0 -0.0 -0.0 -0.0 -0.0 -0.0 -0.0 -0.0;;; -0.0 -0.0 -0.0 -0.0 -0.0 -0.0 -0.0 -0.0 -0.0 -0.0; -0.0 -0.0 -0.0 -0.0 -0.0 -0.0 -0.0 -0.0 -0.0 -0.0; -0.0 -0.0 -0.0 -0.0 -0.0 -0.0 -0.0 -0.0 -0.0 -0.0; -0.0 -0.0 -0.0 -0.0 -0.0 -0.0 -0.0 -0.0 -0.0 -0.0]
evol_box,"[[0.469, 0.0], [2.282, 124513.22886771502], [2.4, 124513.22886771502], [2.449, 124513.22886771502], [2.521, 124513.22886771502], [2.616, 124513.22886771502], [3.568, 3.8692773428658065e6], [5.18, 3.989803918782826e6], [5.698, 3.989803918782868e6], [7.211, 3.989803918782868e6], [9.587, 3.989803918782869e6], [12.027, 3.989803918782869e6], [14.15, 4.1105178425608957e6], [17.06, 4.110517842560896e6], [20.025, 4.1105178425608957e6], [22.615, 4.231290650336692e6], [26.593, 4.714287556879132e6], [31.456, 4.835303657610402e6], [35.396, 5.07673174806134e6], [40.613, 5.077014171995608e6], [45.358, 5.439062377156019e6], [53.305, 5.439062377156019e6], [61.053, 5.439727592978451e6], [64.513, 5.560343786079062e6], [74.353, 5.680914888070665e6], [79.338, 5.801863420344384e6], [88.639, 5.9222728307730025e6], [108.225, 5.9225462555691935e6], [113.101, 6.043367009001512e6], [131.246, 6.043404820039495e6], [164.405, 6.1638668241093885e6], [168.581, 6.1638668241093885e6], [187.253, 6.1638668241093885e6], [208.159, 6.163977177012593e6], [240.667, 6.285120116554061e6], [249.719, 6.40553385099453e6], [335.251, 6.405850556945538e6], [490.09, 6.526104577002266e6], [625.259, 6.526104577002266e6], [689.774, 6.526215651036363e6], [937.364, 6.526215651036363e6], [1021.858, 6.526425709460015e6], [1156.337, 6.526454397521917e6], [1286.265, 6.647236195230141e6], [1407.771, 6.767764723508945e6], [1582.3, 6.767808315014035e6], [1608.969, 6.768015103901925e6], [1843.526, 6.768027561207119e6], [2090.842, 6.768252812282845e6], [2296.22, 6.7682866261029495e6], [3600.056, 6.888563527551284e6]]"
y_pb,[[-0.0 17.0 24.0 34.0 44.0 -0.0 -0.0 -0.0 -0.0 -0.0; -0.0 -0.0 -0.0 -0.0 -0.0 -0.0 0.0 -0.0 -0.0 -0.0; -0.0 -0.0 -0.0 -0.0 -0.0 -0.0 0.0 -0.0 -0.0 -0.0; -0.0 -0.0 -0.0 -0.0 -0.0 -0.0 -0.0 -0.0 13.0 34.0;;;]]
x_bb,"[119.0, -0.0, -0.0, 47.0]"
x_box,"[119.0, 0.0, 0.0, 47.0]"
evol_zeta,"[[1.873, 43.85714285714286], [2.372, 34.0], [2.404, 34.0], [2.455, 31.0], [2.533, 25.999999999999996], [2.65, 25.222222222222225], [3.573, 14.0], [5.198, 14.0], [5.705, 14.0], [7.23, 14.0], [9.592, 14.0], [12.031, 10.0], [14.183, 9.0], [17.091, 9.0], [20.062, 9.0], [22.655, 9.0], [26.6, 9.0], [31.493, 11.0], [35.403, 9.0], [40.619, 11.0], [45.365, 10.0], [53.315, 10.0], [61.118, 10.0], [64.534, 10.0], [74.371, 9.0], [79.345, 14.0], [88.657, 10.0], [108.263, 14.0], [113.126, 10.0], [131.268, 8.0], [164.437, 9.000000000000002], [168.601, 9.0], [187.27, 9.0], [208.181, 9.0], [240.678, 9.000000000000002], [249.731, 7.999999999999972], [335.294, 9.0], [490.131, 10.0], [625.283, 9.0], [689.797, 9.0], [937.396, 9.0], [1021.869, 8.0], [1156.376, 8.0], [1286.297, 8.0], [1407.779, 8.000000000900002], [1582.359, 10.0], [1609.01, 8.0], [1843.532, 8.000000000900002], [2090.864, 8.0], [2296.256, 7.999999999999993], [3600.074, 0.0]]"
ξ_box,[36.0 36.0 36.0 10.0 36.0; 23.0 23.0 23.0 23.0 23.0; 24.0 24.0 24.0 24.0 24.0; 34.0 23.0 34.0 30.0 26.0; 44.0 35.0 36.0 39.0 15.0; 26.0 26.0 14.0 30.0 31.0; 15.0 4.0 18.0 18.0 18.0; 2.0 2.0 2.0 2.0 2.0; 12.0 13.0 7.0 13.0 13.0; 5.0 34.0 28.0 34.0 34.0]
