first,second
s_box,[-0.0 9.0 -0.0 -0.0 -0.0; -0.0 5.0 -0.0 -0.0 -0.0; 2.0 0.0 -0.0 -0.0 -0.0; -0.0 0.0 -0.0 -0.0 -0.0; -0.0 0.0 16.0 -0.0 -0.0; 2.0 0.0 -0.0 -0.0 -0.0; -0.0 21.0 -0.0 20.0 -0.0; -0.0 -0.0 34.0 -0.0 36.0; 46.0 -0.0 -0.0 -0.0 14.000000331331792; -0.0 15.999999373856369 -0.0 30.0 -0.0]
x_pb,"[48.0, 37.0, -0.0, 54.0]"
s_bb,[9.0 -0.0 -0.0 -0.0 -0.0; 5.0 -0.0 -0.0 -0.0 -0.0; -0.0 -0.0 -0.0 -0.0 -0.0; -0.0 1.0 -0.0 -0.0 -0.0; -0.0 17.0 -0.0 -0.0 -0.0; 4.0 -0.0 -0.0 -0.0 -0.0; 21.0 20.0 -0.0 -0.0 -0.0; 0.0 -0.0 -0.0 -0.0 -0.0; -0.0 -0.0 -0.0 -0.0 -0.0; 57.0 47.0 -0.0 -0.0 -0.0]
partition_bb,"[[[0.0, 0.0, 0.0, 0.0, 0.0, 0.0, 16.0, 25.0, 44.0, 57.0], [0.0, 0.0, 0.0, 0.0, 11.0, 23.0, 6.0, 22.0, 46.0, 33.0], [9.0, 5.0, 8.0, 5.0, 0.0, 12.0, 21.0, 37.0, 15.0, 28.0], [0.0, 0.0, 0.0, 0.0, 0.0, 7.0, 13.0, 29.0, 53.0, 40.0], [0.0, 0.0, 0.0, 3.0, 15.0, 3.0, 10.0, 19.0, 38.0, 51.0], [2.0, 0.0, 2.0, 5.0, 17.0, 5.0, 8.0, 17.0, 36.0, 49.0]], [[0.0, 0.0, 0.0, 0.0, 0.0, 0.0, 14.0, 30.0, 54.0, 41.0], [9.0, 5.0, 8.0, 5.0, 17.0, 23.0, 20.0, 36.0, 12.0, 4.0], [6.0, 2.0, 2.0, 5.0, 17.0, 5.0, 6.0, 15.0, 34.0, 47.0]], [[0.0, 0.0, 2.0, 5.0, 17.0, 5.0, 8.0, 17.0, 36.0, 49.0]], Vector{Float64}[], Vector{Float64}[]]"
y_box,[9.0 -0.0 -0.0 -0.0 3.0 -0.0 16.0 -0.0 0.0 25.0; -0.0 5.0 0.0 -0.0 -0.0 -0.0 -0.0 -0.0 -0.0 32.0; -0.0 -0.0 -0.0 -0.0 -0.0 -0.0 -0.0 -0.0 -0.0 -0.0; -0.0 -0.0 -0.0 5.0 14.0 3.0 -0.0 27.0 -0.0 -0.0;;; 0.0 -0.0 8.0 5.0 17.0 23.0 -0.0 -0.0 -0.0 -0.0; -0.0 -0.0 -0.0 -0.0 -0.0 -0.0 0.0 37.0 -0.0 -0.0; -0.0 -0.0 -0.0 -0.0 -0.0 -0.0 -0.0 -0.0 -0.0 -0.0; -0.0 -0.0 -0.0 -0.0 -0.0 -0.0 -0.0 -0.0 38.99999937389225 10.000000623644096;;; 9.0 5.0 2.0 -0.0 0.0 -0.0 21.0 3.0 -0.0 13.0; -0.0 -0.0 -0.0 -0.0 -0.0 5.0 -0.0 -0.0 -0.0 32.0; -0.0 -0.0 -0.0 -0.0 -0.0 -0.0 -0.0 -0.0 -0.0 -0.0; -0.0 -0.0 -0.0 5.0 -0.0 9.0 -0.0 -0.0 35.0 -0.0;;; 2.0 5.0 3.0 4.0 16.0 23.0 -0.0 -0.0 -0.0 -0.0; -0.0 -0.0 -0.0 -0.0 -0.0 -0.0 -0.0 16.0 -0.0 21.0; -0.0 -0.0 -0.0 -0.0 -0.0 -0.0 -0.0 -0.0 -0.0 -0.0; 7.0 -0.0 -0.0 -0.0 -0.0 -0.0 -0.0 3.0 39.0 -0.0;;; -0.0 -0.0 4.778064779807551e-8 1.2945161949518876e-7 11.000000156675275 23.0 -0.0 -0.0 18.999999667001543 -0.0; -0.0 -0.0 -0.0 -0.0 -0.0 -0.0 21.0 -0.0 16.0 -0.0; -0.0 -0.0 -0.0 -0.0 -0.0 -0.0 -0.0 -0.0 -0.0 -0.0; -0.0 -0.0 -0.0 -0.0 0.0 -0.0 -0.0 0.0 -0.0 49.0]
evol_bb,"[[0.909, 1.0132674400174737e7], [2.028, 1.0132674400174735e7], [217.947, 1.00282386508352e7], [3049.049, 1.0028238650835197e7]]"
y_bb,[0.0 -0.0 8.0 5.0 17.0 19.0 -0.0 -0.0 -0.0 -0.0; -0.0 -0.0 -0.0 -0.0 -0.0 -0.0 0.0 37.0 -0.0 -0.0; -0.0 -0.0 -0.0 -0.0 -0.0 -0.0 -0.0 0.0 -0.0 0.0; -0.0 -0.0 -0.0 -0.0 -0.0 -0.0 -0.0 -0.0 53.0 -0.0;;; 9.0 5.0 0.0 -0.0 -0.0 -0.0 0.0 35.0 -0.0 -0.0; -0.0 -0.0 8.0 4.0 0.0 23.0 -0.0 1.0 1.0 0.0; -0.0 -0.0 -0.0 -0.0 -0.0 0.0 -0.0 -0.0 -0.0 -0.0; -0.0 -0.0 -0.0 -0.0 -0.0 -0.0 -0.0 -0.0 53.0 -0.0;;; -0.0 -0.0 -0.0 -0.0 -0.0 -0.0 8.0 -0.0 -0.0 41.0; -0.0 -0.0 -0.0 5.0 -0.0 -0.0 -0.0 -0.0 24.0 8.0; -0.0 -0.0 -0.0 -0.0 -0.0 -0.0 0.0 -0.0 -0.0 -0.0; -0.0 -0.0 2.0 -0.0 17.0 5.0 -0.0 17.0 12.0 -0.0;;; -0.0 -0.0 -0.0 -0.0 -0.0 -0.0 -0.0 -0.0 -0.0 -0.0; -0.0 -0.0 -0.0 -0.0 -0.0 -0.0 -0.0 -0.0 -0.0 -0.0; -0.0 -0.0 -0.0 -0.0 -0.0 -0.0 -0.0 -0.0 -0.0 -0.0; -0.0 -0.0 -0.0 -0.0 -0.0 -0.0 -0.0 -0.0 -0.0 -0.0;;; -0.0 -0.0 -0.0 -0.0 -0.0 -0.0 -0.0 -0.0 -0.0 -0.0; -0.0 -0.0 -0.0 -0.0 -0.0 -0.0 -0.0 -0.0 -0.0 -0.0; -0.0 -0.0 -0.0 -0.0 -0.0 -0.0 -0.0 -0.0 -0.0 -0.0; -0.0 -0.0 -0.0 -0.0 -0.0 -0.0 -0.0 -0.0 -0.0 -0.0]
evol_box,"[[0.555, 0.0], [2.69, 315418.2093556353], [2.818, 315418.2093556353], [2.863, 315418.2093556353], [2.917, 315536.2760392793], [2.966, 315563.6711867892], [3.543, 1.6730751726604924e6], [3.879, 1.7773194979385552e6], [4.518, 2.195020480672682e6], [5.762, 2.5084743630328365e6], [6.607, 2.5084743630328365e6], [8.307, 2.5084743630328365e6], [10.45, 2.612779697618358e6], [13.034, 2.8218978479227456e6], [15.513, 3.239541824857475e6], [18.467, 3.239541824857475e6], [21.225, 3.2396347705395184e6], [24.755, 3.4484572702002167e6], [29.123, 3.448514645059441e6], [33.578, 3.4485196864873553e6], [40.014, 3.7617237944946215e6], [46.698, 3.7617237944946215e6], [50.154, 3.7617237944946215e6], [64.096, 3.8662158728293264e6], [78.865, 3.9707299300163966e6], [103.337, 4.075122624271556e6], [128.944, 4.388288140347246e6], [186.619, 4.492904850052155e6], [245.801, 4.806062364821899e6], [288.706, 4.806062364821899e6], [313.526, 4.806270434383573e6], [362.018, 4.910506223955201e6], [3059.094, 4.910678050165584e6], [3143.627, 5.015068230676323e6], [3383.519, 5.119609443836507e6], [3600.071, 5.328330177412473e6]]"
y_pb,[[-0.0 -0.0 8.0 5.0 17.0 18.0 -0.0 -0.0 -0.0 -0.0; -0.0 -0.0 -0.0 -0.0 -0.0 -0.0 -0.0 36.99999999999999 -0.0 -0.0; -0.0 -0.0 -0.0 -0.0 -0.0 -0.0 -0.0 -0.0 0.0 -0.0; -0.0 -0.0 -0.0 -0.0 -0.0 -0.0 -0.0 -0.0 54.0 -0.0;;;]]
x_bb,"[49.0, 37.0, -0.0, 53.0]"
x_box,"[53.0, 37.0, -0.0, 49.0]"
evol_zeta,"[[2.132, 56.25], [2.797, 23.0], [2.834, 22.666666666666668], [2.871, 17.5], [2.924, 15.0], [3.015, 14.5], [3.598, 13.125], [3.902, 12.0], [4.542, 12.0], [5.775, 11.285714285714285], [6.626, 10.99999999999999], [8.328, 11.0], [10.466, 11.0], [13.056, 9.75], [15.537, 10.6], [18.488, 10.0], [21.241, 9.0], [24.77, 10.166666666666668], [29.151, 9.5], [33.61, 9.0], [40.036, 9.0], [46.72, 9.0], [50.196, 9.375], [64.115, 9.125], [78.893, 9.166666666666664], [103.352, 9.0], [128.96, 9.285714285714285], [186.639, 9.0], [245.817, 9.0], [288.728, 9.0], [313.545, 9.0], [362.033, 9.0], [3059.111, 8.333333333333332], [3143.645, 9.0], [3383.533, 9.0], [3600.093, 0.0]]"
ξ_box,[9.0 9.0 9.0 9.0 0.0; 5.0 5.0 5.0 5.0 0.0; 2.0 8.0 2.0 3.0 4.9447314464742176e-8; 5.0 5.0 5.0 4.0 1.3111828616185542e-7; 17.0 17.0 16.0 16.0 11.000000158341942; 5.0 23.0 14.0 23.0 23.0; 16.0 21.0 21.0 20.0 21.0; 27.0 37.0 37.0 19.0 36.0; 46.0 38.99999937589225 35.0 39.0 49.0; 57.0 26.0 45.0 51.0 49.0]
