first,second
s_box,[-0.0 -0.0 -0.0 -0.0 -0.0; -0.0 -0.0 -0.0 10.0 -0.0; 13.0 -0.0 -0.0 -0.0 -0.0; -0.0 -0.0 -0.0 -0.0 18.0; -0.0 -0.0 30.0 -0.0 -0.0; 34.0 20.0 -0.0 28.0 33.0; -0.0 24.0 -0.0 -0.0 -0.0; -0.0 4.0 4.0 -0.0 -0.0; 4.0 3.9999997504660474 5.0 13.0 -0.0; -0.0 0.0 12.0 -0.0 -0.0]
x_pb,"[30.0, 73.0, -0.0, 35.0]"
s_bb,[-0.0 -0.0 -0.0 -0.0 -0.0; -0.0 13.0 -0.0 -0.0 -0.0; -0.0 13.0 -0.0 -0.0 -0.0; -0.0 4.0 -0.0 -0.0 -0.0; 5.0 39.0 -0.0 -0.0 -0.0; 34.0 -0.0 -0.0 -0.0 -0.0; 24.0 -0.0 -0.0 -0.0 -0.0; 4.0 4.0 -0.0 -0.0 -0.0; 13.0 -0.0 -0.0 -0.0 -0.0; -0.0 -0.0 -0.0 -0.0 -0.0]
partition_bb,"[[[6.0, 7.0, 13.0, 27.0, 13.0, 22.0, 0.0, 4.0, 13.0, 35.0], [3.0, 4.0, 10.0, 24.0, 38.0, 29.0, 7.0, 1.0, 3.0, 25.0], [0.0, 0.0, 0.0, 14.0, 28.0, 19.0, 24.0, 4.0, 0.0, 22.0], [17.0, 13.0, 13.0, 0.0, 14.0, 5.0, 24.0, 4.0, 13.0, 35.0], [0.0, 0.0, 0.0, 11.0, 25.0, 34.0, 22.0, 4.0, 10.0, 32.0]], [[8.0, 12.0, 13.0, 27.0, 39.0, 30.0, 8.0, 2.0, 0.0, 0.0], [17.0, 13.0, 11.0, 13.0, 11.0, 16.0, 19.0, 0.0, 13.0, 11.0], [17.0, 13.0, 10.0, 4.0, 18.0, 27.0, 24.0, 4.0, 0.0, 22.0], [2.0, 4.0, 9.0, 11.0, 25.0, 34.0, 12.0, 4.0, 5.0, 27.0]], Vector{Float64}[], Vector{Float64}[], Vector{Float64}[]]"
y_box,[-0.0 12.0 -0.0 0.0 -0.0 -0.0 -0.0 4.0 3.0 11.0; 16.0 -0.0 -0.0 27.0 -0.0 -0.0 20.0 -0.0 1.0 0.0; -0.0 0.0 0.0 -0.0 -0.0 0.0 0.0 -0.0 -0.0 -0.0; -0.0 -0.0 -0.0 -0.0 39.0 -0.0 -0.0 0.0 5.0 -0.0;;; 17.0 13.0 0.0 -0.0 -0.0 -0.0 -0.0 -0.0 -0.0 -0.0; -0.0 0.0 13.0 26.99999975053007 24.0 0.0 -0.0 -0.0 -0.0 -0.0; -0.0 -0.0 -0.0 -0.0 -0.0 -0.0 0.0 -0.0 -0.0 -0.0; -0.0 -0.0 -0.0 -0.0 -0.0 -0.0 -0.0 -0.0 9.000000247534398 35.0;;; -0.0 12.0 -0.0 18.0 0.0 -0.0 -0.0 -0.0 -0.0 -0.0; 16.0 -0.0 12.0 8.0 -0.0 4.999999754783792 23.0 0.0 -0.0 -0.0; -0.0 -0.0 -0.0 0.0 -0.0 -0.0 -0.0 -0.0 -0.0 -0.0; -0.0 0.0 -0.0 -0.0 -0.0 29.00000024354954 -0.0 -0.0 0.0 15.0;;; 11.0 -0.0 13.0 -0.0 -0.0 0.0 6.0 -0.0 -0.0 0.0; -0.0 2.0 -0.0 25.0 -0.0 -0.0 -0.0 -0.0 0.0 35.0; 0.0 -0.0 -0.0 -0.0 -0.0 -0.0 0.0 -0.0 -0.0 -0.0; 6.0 1.0 -0.0 -0.0 37.0 -0.0 -0.0 -0.0 -0.0 -0.0;;; -0.0 -0.0 -0.0 -0.0 29.0 1.0 -0.0 -0.0 -0.0 -0.0; 14.0 10.0 7.0 -0.0 -0.0 -0.0 24.0 -0.0 -0.0 8.999999754783794; -0.0 -0.0 -0.0 -0.0 0.0 -0.0 -0.0 -0.0 -0.0 -0.0; -0.0 -0.0 -0.0 -0.0 1.0 -0.0 0.0 4.0 13.0 26.00000024354954]
evol_bb,"[[0.479, 9.464700832772734e6], [470.894, 9.464700832772732e6], [551.063, 9.347871898000564e6]]"
y_bb,[17.0 13.0 -0.0 -0.0 -0.0 -0.0 -0.0 -0.0 -0.0 -0.0; -0.0 0.0 13.0 27.0 33.0 -0.0 -0.0 -0.0 -0.0 -0.0; -0.0 -0.0 -0.0 -0.0 -0.0 -0.0 -0.0 -0.0 -0.0 -0.0; -0.0 -0.0 -0.0 -0.0 -0.0 -0.0 -0.0 -0.0 -0.0 35.0;;; -0.0 -0.0 -0.0 -0.0 -0.0 30.0 -0.0 -0.0 -0.0 -0.0; 17.0 -0.0 -0.0 -0.0 0.0 -0.0 24.0 0.0 13.0 19.0; -0.0 -0.0 -0.0 -0.0 -0.0 0.0 -0.0 -0.0 -0.0 -0.0; 0.0 0.0 0.0 23.0 -0.0 4.0 0.0 -0.0 0.0 8.0;;; -0.0 -0.0 -0.0 -0.0 -0.0 -0.0 -0.0 -0.0 -0.0 -0.0; -0.0 -0.0 -0.0 -0.0 -0.0 -0.0 -0.0 -0.0 -0.0 -0.0; -0.0 -0.0 -0.0 -0.0 -0.0 -0.0 -0.0 -0.0 -0.0 -0.0; -0.0 -0.0 -0.0 -0.0 -0.0 -0.0 -0.0 -0.0 -0.0 -0.0;;; -0.0 -0.0 -0.0 -0.0 -0.0 -0.0 -0.0 -0.0 -0.0 -0.0; -0.0 -0.0 -0.0 -0.0 -0.0 -0.0 -0.0 -0.0 -0.0 -0.0; -0.0 -0.0 -0.0 -0.0 -0.0 -0.0 -0.0 -0.0 -0.0 -0.0; -0.0 -0.0 -0.0 -0.0 -0.0 -0.0 -0.0 -0.0 -0.0 -0.0;;; -0.0 -0.0 -0.0 -0.0 -0.0 -0.0 -0.0 -0.0 -0.0 -0.0; -0.0 -0.0 -0.0 -0.0 -0.0 -0.0 -0.0 -0.0 -0.0 -0.0; -0.0 -0.0 -0.0 -0.0 -0.0 -0.0 -0.0 -0.0 -0.0 -0.0; -0.0 -0.0 -0.0 -0.0 -0.0 -0.0 -0.0 -0.0 -0.0 -0.0]
evol_box,"[[0.422, 0.0], [2.072, 119541.5721538082], [2.173, 119541.5721538082], [2.285, 469606.5748031474], [2.388, 469606.5748031474], [2.702, 469606.5748031474], [3.534, 2.222209203663554e6], [5.116, 2.805976729216199e6], [6.709, 3.1563346367459414e6], [8.735, 3.1563346367459414e6], [11.172, 3.8571205106961657e6], [12.992, 3.974259502872182e6], [15.565, 4.3244007967306655e6], [19.218, 4.558058666275008e6], [21.134, 4.558316572641803e6], [23.035, 4.558316572641803e6], [27.929, 4.675517393583935e6], [29.681, 4.908833255063088e6], [32.921, 5.142152895418456e6], [35.853, 5.142207002905363e6], [44.857, 5.142853043709927e6], [48.662, 5.259306058200055e6], [51.979, 5.376178131212285e6], [63.833, 5.3765748268787395e6], [68.593, 5.49294624846567e6], [131.598, 5.492971800924415e6], [143.327, 5.609704599306863e6], [169.879, 5.726629670468755e6], [176.218, 5.8434348551356755e6], [201.424, 5.8434348551356755e6], [245.003, 5.843477397622639e6], [339.454, 5.959972510068765e6], [411.856, 5.959889596923292e6], [537.94, 5.9601630932541955e6], [780.848, 5.9601630932541955e6], [796.73, 5.9601630932541955e6], [951.097, 5.960377718540962e6], [1207.03, 6.076701489500763e6], [3600.028, 6.076712821816047e6]]"
y_pb,[[17.0 13.0 -0.0 -0.0 -0.0 -0.0 -0.0 -0.0 -0.0 -0.0; -0.0 -0.0 13.0 27.0 33.0 -0.0 -0.0 -0.0 -0.0 -0.0; -0.0 -0.0 -0.0 -0.0 -0.0 -0.0 -0.0 -0.0 0.0 -0.0; -0.0 -0.0 -0.0 -0.0 -0.0 -0.0 -0.0 -0.0 -0.0 35.0;;;]]
x_bb,"[30.0, 73.0, 0.0, 35.0]"
x_box,"[30.0, 63.999999753874704, 0.0, 44.000000246625305]"
evol_zeta,"[[1.684, 39.0], [2.147, 35.0], [2.178, 27.555555555555557], [2.289, 18.0], [2.402, 17.0], [2.738, 17.0], [3.542, 17.0], [5.13, 13.875000674108197], [6.715, 15.0], [8.749, 15.875], [11.207, 15.333333333333334], [12.997, 13.0], [15.595, 12.500000000000057], [19.225, 11.0], [21.152, 11.0], [23.041, 11.0], [27.936, 13.0], [29.687, 13.125], [32.934, 11.0], [35.862, 13.0], [44.877, 10.8], [48.685, 12.875], [51.997, 8.888888888889053], [63.843, 9.0], [68.607, 11.0], [131.621, 10.0], [143.334, 10.0], [169.922, 8.0], [176.247, 8.88888888888889], [201.437, 7.600000000000001], [245.019, 8.333333333333332], [339.471, 6.8], [411.881, 7.125], [537.966, 10.0], [780.871, 10.666666666666666], [796.772, 8.25], [951.133, 7.0], [1207.04, 7.0], [3600.049, 0.0]]"
ξ_box,[16.0 17.0 16.0 17.0 14.0; 12.0 13.0 12.0 13.0 10.0; 13.0 13.0 12.0 13.0 7.0; 27.0 26.999999752164502 26.0 25.0 18.0; 39.0 24.0 30.0 37.0 30.0; 34.0 20.0 34.0 28.0 34.0; 20.0 24.0 23.0 6.0 24.0; 4.0 4.0 4.0 0.0 4.0; 13.0 13.0 5.0 13.0 13.0; 11.0 35.0 27.0 35.0 35.0]
