first,second
s_box,[29.0; 24.0; 0.0; 0.0; 0.0; 16.0; 0.0; 46.0; 13.0; 0.0;;]
x_pb,"[39.0, 8.0, 30.0, 85.0]"
s_bb,[29.0; 24.0; 0.0; 0.0; 0.0; 16.0; 0.0; 46.0; 13.0; 0.0;;]
partition_bb,"[[[0.0, 0.0, 0.0, 0.0, 4.0, 5.0, 24.0, 41.0, 43.0, 50.0], [29.0, 20.0, 17.0, 14.0, 4.0, 0.0, 4.0, 21.0, 23.0, 30.0], [0.0, 0.0, 0.0, 0.0, 8.0, 16.0, 0.0, 19.0, 23.0, 26.0], [0.0, 0.0, 0.0, 0.0, 8.0, 9.0, 30.0, 43.0, 39.0, 34.0], [0.0, 0.0, 0.0, 0.0, 3.0, 4.0, 25.0, 44.0, 48.0, 41.0], [29.0, 24.0, 21.0, 18.0, 8.0, 4.0, 4.0, 23.0, 19.0, 14.0], [0.0, 0.0, 0.0, 0.0, 5.0, 6.0, 27.0, 46.0, 42.0, 37.0]]]"
y_box,[0.0 0.0 21.0 18.0 -0.0 -0.0 -0.0 -0.0 -0.0 -0.0; -0.0 -0.0 -0.0 -0.0 8.0 0.0 -0.0 -0.0 -0.0 -0.0; -0.0 -0.0 -0.0 -0.0 -0.0 -0.0 30.0 -0.0 -0.0 -0.0; -0.0 -0.0 -0.0 -0.0 -0.0 -0.0 -0.0 0.0 35.0 50.0;;;]
evol_bb,"[[0.291, 1.3416987983328864e7]]"
y_bb,[0.0 0.0 21.0 18.0 -0.0 -0.0 -0.0 -0.0 -0.0 -0.0; -0.0 -0.0 -0.0 -0.0 8.0 0.0 -0.0 -0.0 -0.0 -0.0; -0.0 -0.0 -0.0 -0.0 -0.0 -0.0 30.0 -0.0 -0.0 -0.0; -0.0 -0.0 -0.0 -0.0 -0.0 -0.0 -0.0 0.0 35.0 50.0;;;]
evol_box,"[[0.417, 0.0], [2.038, 525780.3108487886], [2.143, 8.91029653849948e6], [2.146, 1.2264091063064422e7], [2.152, 1.2788137816703828e7], [2.155, 1.3312184570343234e7], [2.16, 1.3416987983328864e7]]"
y_pb,[[-0.0 -0.0 21.0 18.0 -0.0 -0.0 -0.0 -0.0 -0.0 -0.0; -0.0 -0.0 -0.0 -0.0 8.0 -0.0 -0.0 -0.0 -0.0 -0.0; -0.0 -0.0 -0.0 -0.0 -0.0 -0.0 30.0 -0.0 -0.0 -0.0; -0.0 -0.0 -0.0 -0.0 -0.0 -0.0 -0.0 -0.0 35.0 49.99999999999999;;;]]
x_bb,"[39.0, 8.0, 30.0, 85.0]"
x_box,"[39.0, 8.0, 30.0, 85.0]"
evol_zeta,"[[1.677, 49.16666666666667], [2.141, 29.0], [2.145, 11.0], [2.151, 4.833333333333329], [2.154, 4.5], [2.159, 1.0], [2.163, 0.0]]"
ξ_box,[29.0; 24.0; 21.0; 18.0; 8.0; 16.0; 30.0; 46.0; 48.0; 50.0;;]
