first,second
s_box,[38.0; 24.0; 19.0; 0.0; 0.0; 15.0; 0.0; 0.0; 0.0; 17.0;;]
x_pb,"[59.0, 26.0, 37.0, 19.0]"
s_bb,[38.0; 24.0; 19.0; 0.0; 0.0; 15.0; 0.0; 0.0; 0.0; 17.0;;]
partition_bb,"[[[0.0, 0.0, 5.0, 26.0, 33.0, 41.0, 22.0, 8.0, 7.0, 0.0], [38.0, 24.0, 19.0, 2.0, 9.0, 0.0, 19.0, 0.0, 0.0, 0.0], [38.0, 24.0, 19.0, 7.0, 14.0, 5.0, 0.0, 9.0, 10.0, 17.0], [0.0, 0.0, 3.0, 26.0, 21.0, 18.0, 37.0, 9.0, 10.0, 17.0]]]"
y_box,[0.0 0.0 0.0 26.0 33.0 -0.0 -0.0 -0.0 -0.0 -0.0; -0.0 -0.0 -0.0 -0.0 -0.0 26.0 -0.0 -0.0 -0.0 -0.0; -0.0 -0.0 -0.0 -0.0 -0.0 -0.0 37.0 -0.0 -0.0 -0.0; -0.0 -0.0 -0.0 -0.0 -0.0 -0.0 -0.0 9.0 10.0 0.0;;;]
evol_bb,"[[0.326, 1.2558272247847315e7]]"
y_bb,[0.0 0.0 0.0 26.0 33.0 -0.0 -0.0 -0.0 -0.0 -0.0; -0.0 -0.0 -0.0 -0.0 -0.0 26.0 -0.0 -0.0 -0.0 -0.0; -0.0 -0.0 -0.0 -0.0 -0.0 -0.0 37.0 -0.0 -0.0 -0.0; -0.0 -0.0 -0.0 -0.0 -0.0 -0.0 -0.0 9.0 10.0 0.0;;;]
evol_box,"[[0.494, 0.0], [2.346, 112281.8385095812], [2.434, 8.557861984361019e6], [2.437, 1.0891428070974339e7], [2.44, 1.2558272247847315e7]]"
y_pb,[[-0.0 -0.0 -0.0 26.0 33.0 -0.0 -0.0 -0.0 -0.0 -0.0; -0.0 -0.0 -0.0 -0.0 -0.0 26.0 -0.0 -0.0 -0.0 -0.0; -0.0 -0.0 -0.0 -0.0 -0.0 -0.0 36.99999999999999 -0.0 -0.0 -0.0; -0.0 -0.0 -0.0 -0.0 -0.0 -0.0 -0.0 9.0 10.0 -0.0;;;]]
x_bb,"[59.0, 26.0, 37.0, 19.0]"
x_box,"[59.0, 26.0, 37.0, 19.0]"
evol_zeta,"[[1.951, 41.0], [2.433, 38.0], [2.436, 17.0], [2.439, 15.0], [2.442, 0.0]]"
ξ_box,[38.0; 24.0; 19.0; 26.0; 33.0; 41.0; 37.0; 9.0; 10.0; 17.0;;]
