first,second
s_box,[0.0 33.0 0.0 0.0 0.0; 0.0 0.0 32.0 0.0 8.0; 2.0 18.0 0.0 12.0 17.0; 0.0 0.0 15.0 10.0 14.0; 12.0 0.0 12.0 12.0 2.0; 20.0 14.0 4.0 20.0 20.0; 23.0 0.0 0.0 12.0 5.0; 8.0 0.0 0.0 0.0 0.0; 0.0 0.0 0.0 0.0 0.0; 0.0 0.0 0.0 0.0 0.0]
x_pb,"[-0.0, 80.0, 43.0, 54.0]"
s_bb,[0.0 -0.0 -0.0 -0.0 -0.0; 0.0 -0.0 -0.0 -0.0 -0.0; 18.0 -0.0 -0.0 -0.0 -0.0; 15.0 -0.0 -0.0 -0.0 -0.0; 12.0 -0.0 -0.0 -0.0 -0.0; 20.0 -0.0 -0.0 -0.0 -0.0; 23.0 -0.0 -0.0 -0.0 -0.0; 24.0 -0.0 -0.0 -0.0 -0.0; 0.0 -0.0 -0.0 -0.0 -0.0; 0.0 -0.0 -0.0 -0.0 -0.0]
partition_bb,"[[[0.0, 0.0, 11.0, 15.0, 12.0, 17.0, 18.0, 22.0, 29.0, 54.0], [47.0, 23.0, 18.0, 15.0, 12.0, 9.0, 11.0, 15.0, 0.0, 4.0], [0.0, 0.0, 6.0, 10.0, 12.0, 17.0, 18.0, 22.0, 39.0, 54.0], [47.0, 33.0, 18.0, 15.0, 12.0, 20.0, 19.0, 14.0, 0.0, 0.0], [0.0, 3.0, 18.0, 15.0, 12.0, 20.0, 23.0, 28.0, 39.0, 19.0]], Vector{Float64}[], Vector{Float64}[], Vector{Float64}[], Vector{Float64}[]]"
y_box,[0.0 0.0 0.0 0.0 0.0 0.0 0.0 0.0 0.0 0.0; 5.0 29.0 13.0 15.0 0.0 0.0 0.0 0.0 0.0 0.0; 0.0 0.0 0.0 0.0 0.0 0.0 0.0 20.0 39.0 14.0; 0.0 0.0 0.0 0.0 0.0 0.0 0.0 0.0 0.0 40.0;;; 0.0 0.0 0.0 0.0 0.0 0.0 0.0 0.0 0.0 0.0; 0.0 5.0 0.0 0.0 12.0 6.0 0.0 0.0 39.0 0.0; 0.0 0.0 0.0 0.0 0.0 0.0 23.0 28.0 0.0 22.0; 0.0 0.0 0.0 14.0 0.0 0.0 0.0 0.0 0.0 28.0;;; 0.0 0.0 0.0 0.0 0.0 0.0 0.0 0.0 0.0 0.0; 21.0 0.0 18.0 0.0 0.0 0.0 23.0 0.0 0.0 0.0; 0.0 0.0 0.0 0.0 0.0 16.0 0.0 27.0 30.0 0.0; 26.0 0.0 0.0 0.0 0.0 0.0 0.0 1.0 0.0 15.0;;; 0.0 0.0 0.0 0.0 0.0 0.0 0.0 0.0 0.0 0.0; 35.0 27.0 0.0 0.0 0.0 0.0 0.0 0.0 0.0 0.0; 0.0 0.0 0.0 0.0 0.0 0.0 11.0 24.0 38.0 0.0; 0.0 0.0 0.0 0.0 0.0 0.0 0.0 0.0 0.0 42.0;;; 0.0 0.0 0.0 0.0 0.0 0.0 0.0 0.0 0.0 0.0; 46.0 16.0 0.0 0.0 0.0 0.0 0.0 0.0 0.0 0.0; 0.0 0.0 0.0 0.0 9.0 0.0 11.0 13.0 39.0 1.0; 0.0 0.0 0.0 0.0 0.0 0.0 0.0 0.0 0.0 42.0]
evol_bb,"[[0.624, 1.2150685083821248e7]]"
y_bb,[-0.0 -0.0 -0.0 -0.0 -0.0 -0.0 -0.0 -0.0 -0.0 -0.0; 47.0 33.0 0.0 0.0 -0.0 -0.0 -0.0 -0.0 -0.0 -0.0; -0.0 -0.0 -0.0 -0.0 0.0 0.0 0.0 4.0 39.0 -0.0; -0.0 -0.0 -0.0 -0.0 -0.0 -0.0 -0.0 -0.0 -0.0 54.0;;; -0.0 -0.0 -0.0 -0.0 -0.0 -0.0 -0.0 -0.0 -0.0 -0.0; -0.0 -0.0 -0.0 -0.0 -0.0 -0.0 -0.0 -0.0 -0.0 -0.0; -0.0 -0.0 -0.0 -0.0 -0.0 -0.0 -0.0 -0.0 -0.0 -0.0; -0.0 -0.0 -0.0 -0.0 -0.0 -0.0 -0.0 -0.0 -0.0 -0.0;;; -0.0 -0.0 -0.0 -0.0 -0.0 -0.0 -0.0 -0.0 -0.0 -0.0; -0.0 -0.0 -0.0 -0.0 -0.0 -0.0 -0.0 -0.0 -0.0 -0.0; -0.0 -0.0 -0.0 -0.0 -0.0 -0.0 -0.0 -0.0 -0.0 -0.0; -0.0 -0.0 -0.0 -0.0 -0.0 -0.0 -0.0 -0.0 -0.0 -0.0;;; -0.0 -0.0 -0.0 -0.0 -0.0 -0.0 -0.0 -0.0 -0.0 -0.0; -0.0 -0.0 -0.0 -0.0 -0.0 -0.0 -0.0 -0.0 -0.0 -0.0; -0.0 -0.0 -0.0 -0.0 -0.0 -0.0 -0.0 -0.0 -0.0 -0.0; -0.0 -0.0 -0.0 -0.0 -0.0 -0.0 -0.0 -0.0 -0.0 -0.0;;; -0.0 -0.0 -0.0 -0.0 -0.0 -0.0 -0.0 -0.0 -0.0 -0.0; -0.0 -0.0 -0.0 -0.0 -0.0 -0.0 -0.0 -0.0 -0.0 -0.0; -0.0 -0.0 -0.0 -0.0 -0.0 -0.0 -0.0 -0.0 -0.0 -0.0; -0.0 -0.0 -0.0 -0.0 -0.0 -0.0 -0.0 -0.0 -0.0 -0.0]
evol_box,"[[0.565, 0.0], [2.498, 112491.49244823774], [2.606, 112491.49244823774], [2.705, 328919.3702146307], [2.973, 328919.3702146307], [3.266, 328919.3702146307], [3.875, 2.4975968708904656e6], [4.848, 3.3658787784692887e6], [5.709, 3.365878760986502e6], [8.97, 3.7991043128224947e6], [11.033, 3.7991043128224947e6], [13.162, 3.7991043128224947e6], [15.501, 3.7991043128224947e6], [18.788, 3.7991043128224947e6], [21.05, 4.342029146033533e6], [25.521, 4.450664750299985e6], [30.55, 4.992722537706785e6], [35.933, 4.9934018144369535e6], [40.427, 4.993054362634537e6], [45.493, 4.993308753436265e6], [53.117, 4.993322975701276e6], [69.595, 5.209755234688322e6], [74.194, 5.860126789817916e6], [98.361, 5.8604960978189865e6], [121.5, 6.077427550726532e6], [127.049, 6.077427550726531e6], [210.621, 6.186081781759769e6], [240.204, 6.186284313447976e6], [311.252, 6.294089235618393e6], [323.371, 6.402191689544444e6], [370.008, 6.402767171043029e6], [381.573, 6.402767171043029e6], [494.411, 6.40277461928034e6], [672.314, 6.51106934177063e6], [682.763, 6.61988243779365e6], [1075.769, 6.727662573286112e6], [1424.157, 6.836074979573952e6], [1717.913, 6.836074979573952e6], [2052.93, 6.836390789511935e6], [2847.441, 6.945044095165705e6], [2911.152, 7.161451642912878e6], [2975.008, 7.053690122430051e6], [3126.985, 7.378733799735513e6], [3600.026, 7.161656156276738e6]]"
y_pb,[[0.0 -0.0 -0.0 -0.0 -0.0 -0.0 -0.0 -0.0 -0.0 -0.0; 47.0 33.0 -0.0 -0.0 -0.0 -0.0 -0.0 -0.0 -0.0 -0.0; -0.0 -0.0 -0.0 -0.0 -0.0 -0.0 -0.0 4.0 39.0 -0.0; -0.0 -0.0 -0.0 -0.0 -0.0 -0.0 -0.0 -0.0 -0.0 54.0;;;]]
x_bb,"[0.0, 80.0, 43.0, 54.0]"
x_box,"[0.0, 62.0, 73.0, 42.0]"
evol_zeta,"[[2.093, 54.0], [2.58, 47.0], [2.611, 42.7], [2.71, 21.0], [2.978, 21.0], [3.283, 21.0], [3.889, 15.0], [4.868, 15.0], [5.719, 15.0], [8.984, 15.000000000000004], [11.051, 15.0], [13.193, 14.66666932080328], [15.535, 14.666666666666668], [18.817, 13.999999999999998], [21.094, 13.444444444448461], [25.556, 14.0], [30.588, 13.099999999999994], [35.965, 14.0], [40.463, 13.88888888888889], [45.572, 13.399999999999999], [53.135, 13.0], [69.63, 13.7], [74.24, 12.000001999135376], [98.388, 11.700000000000003], [121.529, 12.5], [127.135, 12.0], [210.669, 11.2], [240.232, 13.099999999999994], [311.3, 10.799999999999997], [323.402, 11.0], [370.047, 10.4], [381.602, 11.0], [494.45, 10.222222222222225], [672.327, 10.0], [682.79, 11.5], [1075.795, 10.8], [1424.194, 10.0], [1717.936, 9.399999999999999], [2052.957, 9.600000000000032], [2847.466, 12.0], [2911.169, 8.666666666666629], [2975.067, 10.0], [3127.039, 10.700000000000003], [3600.045, 0.0]]"
ξ_box,[5.0 29.0 47.0 35.0 46.0; 29.0 5.0 32.0 27.0 24.0; 15.0 18.0 18.0 12.0 17.0; 15.0 14.0 15.0 10.0 14.0; 12.0 12.0 12.0 12.0 11.0; 20.0 20.0 20.0 20.0 20.0; 23.0 23.0 23.0 23.0 16.0; 28.0 28.0 28.0 24.0 13.0; 39.0 39.0 30.0 38.0 39.0; 54.0 50.0 15.0 42.0 43.0]
