first,second
s_box,[34.0 0.0 42.0; 0.0 0.0 0.0; 0.0 29.0 0.0; 37.0 36.0 49.0; 37.0 1.0 0.0; 31.0 0.0 46.0; 17.0 28.0 21.0; 0.0 22.0 0.0; 0.0 23.0 0.0; 0.0 18.0 0.0]
x_pb,"[104.0, 50.0, -0.0, 29.0]"
s_bb,[59.0 -0.0 -0.0; -0.0 -0.0 -0.0; 0.0 -0.0 -0.0; 49.0 -0.0 -0.0; 0.0 -0.0 -0.0; 54.0 -0.0 -0.0; 28.0 -0.0 -0.0; 16.0 -0.0 -0.0; -0.0 -0.0 -0.0; 18.0 -0.0 -0.0]
partition_bb,"[[[59.0, 40.0, 35.0, 28.0, 24.0, 0.0, 0.0, 0.0, 0.0, 0.0], [1.0, 20.0, 6.0, 13.0, 15.0, 54.0, 28.0, 22.0, 15.0, 10.0], [15.0, 19.0, 39.0, 46.0, 50.0, 11.0, 6.0, 1.0, 0.0, 0.0], [36.0, 55.0, 35.0, 28.0, 24.0, 6.0, 0.0, 0.0, 0.0, 0.0], [25.0, 29.0, 49.0, 42.0, 38.0, 1.0, 0.0, 0.0, 0.0, 0.0], [0.0, 19.0, 0.0, 4.0, 0.0, 2.0, 28.0, 22.0, 23.0, 18.0], [18.0, 22.0, 42.0, 49.0, 45.0, 6.0, 1.0, 0.0, 0.0, 3.0]], [[18.0, 22.0, 42.0, 49.0, 45.0, 6.0, 1.0, 0.0, 0.0, 0.0]], Vector{Float64}[]]"
y_box,[18.0 53.0 0.0 0.0 0.0 0.0 0.0 22.0 0.0 0.0; 0.0 0.0 44.0 0.0 0.0 0.0 0.0 0.0 0.0 3.0; 0.0 0.0 0.0 0.0 0.0 0.0 0.0 0.0 0.0 0.0; 7.0 0.0 0.0 0.0 0.0 0.0 0.0 0.0 21.0 15.0;;; 47.0 1.0 0.0 0.0 38.0 7.0 0.0 0.0 0.0 0.0; 0.0 0.0 0.0 0.0 0.0 47.0 0.0 0.0 0.0 0.0; 0.0 0.0 0.0 0.0 0.0 0.0 0.0 0.0 0.0 0.0; 0.0 43.0 0.0 0.0 0.0 0.0 0.0 0.0 0.0 0.0;;; 0.0 45.0 48.0 0.0 0.0 0.0 0.0 0.0 0.0 0.0; 0.0 0.0 0.0 0.0 47.0 0.0 0.0 0.0 0.0 0.0; 0.0 0.0 0.0 0.0 0.0 0.0 0.0 0.0 0.0 0.0; 0.0 0.0 0.0 0.0 0.0 0.0 0.0 15.0 16.0 12.0]
evol_bb,"[[3.234, 2.415264607287557e7], [9.097, 2.4152646072875567e7]]"
y_bb,[0.0 55.0 49.0 -0.0 -0.0 -0.0 -0.0 -0.0 -0.0 -0.0; -0.0 -0.0 -0.0 0.0 50.0 -0.0 -0.0 -0.0 -0.0 -0.0; -0.0 -0.0 -0.0 -0.0 0.0 0.0 -0.0 -0.0 -0.0 -0.0; -0.0 -0.0 -0.0 -0.0 -0.0 -0.0 -0.0 6.0 23.0 0.0;;; 18.0 -0.0 42.0 38.0 -0.0 6.0 -0.0 -0.0 -0.0 -0.0; -0.0 -0.0 -0.0 11.0 38.0 -0.0 1.0 -0.0 -0.0 -0.0; -0.0 -0.0 -0.0 0.0 -0.0 -0.0 -0.0 -0.0 -0.0 -0.0; -0.0 22.0 -0.0 -0.0 7.0 -0.0 -0.0 -0.0 -0.0 -0.0;;; -0.0 -0.0 -0.0 -0.0 -0.0 -0.0 -0.0 -0.0 -0.0 -0.0; -0.0 -0.0 -0.0 -0.0 -0.0 -0.0 -0.0 -0.0 -0.0 -0.0; -0.0 -0.0 -0.0 -0.0 -0.0 -0.0 -0.0 -0.0 -0.0 -0.0; -0.0 -0.0 -0.0 -0.0 -0.0 -0.0 -0.0 -0.0 -0.0 -0.0]
evol_box,"[[0.411, 0.0], [2.047, 326234.6890456523], [2.138, 326234.6890456523], [2.254, 758060.5490740802], [2.355, 6.794943518346234e6], [2.811, 8.088829697604289e6], [3.08, 8.088829697604289e6], [3.522, 8.088829697604289e6], [3.74, 8.196263533264334e6], [3.978, 9.705646423277246e6], [4.206, 1.0136927337224206e7], [4.967, 1.0137145595930927e7], [5.241, 1.046054826744249e7], [5.557, 1.1215243249614496e7], [5.937, 1.143079759645681e7], [7.644, 1.1861922694572859e7], [7.971, 1.1862103822898969e7], [8.377, 1.1969817569411853e7], [8.788, 1.2401146443186676e7], [9.485, 1.2401146443186674e7], [10.354, 1.240131795482437e7], [11.633, 1.29401653565798e7], [12.239, 1.29401653565798e7], [12.821, 1.3371231405890398e7], [14.955, 1.3479122699191269e7], [15.761, 1.347931132904896e7], [16.558, 1.3479313599045897e7], [17.526, 1.3587053635474212e7], [19.039, 1.3694802339649681e7], [21.032, 1.380253572634331e7], [22.758, 1.3802654326241888e7], [25.267, 1.391030121799875e7], [27.182, 1.3910421592891539e7], [28.582, 1.3910481373371726e7], [30.044, 1.4018229611369815e7], [32.077, 1.412615361915939e7], [33.894, 1.4126144065932116e7], [35.894, 1.4233748652094781e7], [38.455, 1.423375798075176e7], [40.332, 1.4233879114322893e7], [43.585, 1.455732515337111e7], [48.19, 1.4557373095424015e7], [51.843, 1.4773021525207104e7], [57.109, 1.4880834914590506e7], [60.55, 1.4880841590792362e7], [64.067, 1.4988496371091232e7], [68.955, 1.498864381631522e7], [71.867, 1.5096283977818228e7], [75.392, 1.50964642261416e7], [84.738, 1.520412895984308e7], [92.051, 1.520417390698947e7], [97.955, 1.5311888192372885e7], [101.744, 1.5312011933235202e7], [106.399, 1.5312012390547033e7], [110.811, 1.54197034819024e7], [119.01, 1.5419737717011254e7], [123.577, 1.5419755218735414e7], [133.776, 1.541988241081184e7], [142.62, 1.552762981564292e7], [149.15, 1.5527709531600859e7], [159.046, 1.563550762079589e7], [164.572, 1.5743198961520072e7], [178.345, 1.5850973139066732e7], [207.934, 1.5958820216824222e7], [219.644, 1.6066730866163885e7], [233.088, 1.6066730866163885e7], [247.201, 1.6066730866163885e7], [280.337, 1.6066743296416575e7], [296.614, 1.6174397293489626e7], [315.154, 1.6174443694467265e7], [332.018, 1.6174467980143346e7], [352.17, 1.6174484407110855e7], [370.921, 1.6174507075361552e7], [410.317, 1.6174545521939432e7], [440.433, 1.6282213654670332e7], [464.567, 1.6282232395922894e7], [492.914, 1.628224507464403e7], [530.658, 1.6282311628122777e7], [559.368, 1.6282339187029772e7], [597.272, 1.639003359453857e7], [636.439, 1.6390036511492599e7], [671.146, 1.6390097940334769e7], [710.323, 1.6390113188922893e7], [757.821, 1.6390131665585184e7], [811.465, 1.6497861073720025e7], [867.598, 1.6497895942582842e7], [896.501, 1.6497933565968927e7], [921.701, 1.6497945016033346e7], [942.24, 1.6497945977119608e7], [1003.695, 1.6605675729495572e7], [1111.919, 1.6605707980217058e7], [1185.693, 1.6605798198062861e7], [1255.142, 1.6713474644911189e7], [1320.546, 1.6713475800500985e7], [1425.118, 1.6713575288670706e7], [1537.501, 1.6713569534619873e7], [1613.199, 1.6713643233243242e7], [1678.851, 1.6821290456276536e7], [1779.268, 1.6821291090030506e7], [1932.667, 1.6821341074511077e7], [2024.164, 1.682137428873512e7], [2101.319, 1.6821377514193565e7], [2204.465, 1.6821401841423057e7], [2341.239, 1.692910103950826e7], [2472.649, 1.6929102828852028e7], [2640.353, 1.6929128023585953e7], [2791.686, 1.692914622711554e7], [2908.261, 1.6929201378955264e7], [3123.483, 1.7036920401581604e7], [3266.926, 1.703692323459702e7], [3413.607, 1.703692323459702e7], [3518.635, 1.703692444614589e7], [3600.016, 1.7036936113961983e7]]"
y_pb,[[-0.0 54.99999999999999 49.0 -0.0 -0.0 -0.0 -0.0 -0.0 -0.0 -0.0; -0.0 -0.0 -0.0 -0.0 49.99999999999999 -0.0 -0.0 -0.0 -0.0 -0.0; -0.0 -0.0 -0.0 -0.0 0.0 -0.0 -0.0 -0.0 -0.0 -0.0; -0.0 -0.0 -0.0 -0.0 -0.0 -0.0 -0.0 6.0 23.0 -0.0;;;]]
x_bb,"[104.0, 50.0, -0.0, 29.0]"
x_box,"[93.0, 47.0, 0.0, 43.0]"
evol_zeta,"[[1.683, 58.4], [2.126, 54.000000000000014], [2.157, 43.22222222222223], [2.269, 30.857142857142865], [2.364, 23.0], [2.832, 20.0], [3.097, 18.700000000000006], [3.559, 25.83333333333333], [3.759, 18.0], [3.999, 20.000000000000004], [4.221, 17.499999999999996], [4.98, 18.0], [5.257, 18.222222222222225], [5.573, 16.700000000000003], [5.946, 18.0], [7.653, 18.0], [7.992, 16.444444444444443], [8.389, 17.49999999999999], [8.806, 15.000000000000004], [9.497, 14.888888888888898], [10.372, 14.75], [11.648, 14.0], [12.273, 12.444444444444445], [12.843, 11.999999999999996], [14.969, 14.222222222222218], [15.774, 13.99999999999998], [16.573, 11.444444444444445], [17.538, 15.50000000000002], [19.062, 13.0], [21.071, 12.222222222222221], [22.779, 12.777777777777779], [25.286, 11.0], [27.204, 12.333333125819578], [28.598, 12.125], [30.059, 12.75], [32.088, 14.499999999999973], [33.915, 11.199999999999994], [35.909, 12.444444444444443], [38.49, 10.857142857142847], [40.351, 11.88888888888889], [43.606, 11.0], [48.203, 10.111111111111114], [51.866, 8.0], [57.135, 9.374999999999991], [60.566, 13.5], [64.103, 9.666666666666671], [68.977, 9.444444444444443], [71.882, 10.555555555555557], [75.413, 10.100000000000003], [84.754, 10.700000000000003], [92.074, 9.44444444444444], [97.967, 10.0], [101.766, 7.5714285714285765], [106.419, 10.0], [110.834, 9.3], [119.029, 7.999999999999995], [123.594, 12.249999999999996], [133.799, 8.0], [142.661, 8.200000000000003], [149.173, 8.100000000000003], [159.07, 7.625], [164.591, 6.5], [178.367, 6.0], [207.955, 7.571428571428572], [219.664, 8.200000000000003], [233.108, 8.142857142857146], [247.223, 8.777777777777779], [280.356, 8.71428571428572], [296.632, 6.999999999999993], [315.176, 6.333333333333336], [332.039, 6.5], [352.192, 7.874999999999987], [370.939, 7.75], [410.358, 7.500000000000003], [440.46, 5.444444444444445], [464.587, 8.222222222222221], [492.936, 6.400000000000006], [530.681, 8.0], [559.39, 9.0], [597.293, 7.0], [636.46, 6.11111111111111], [671.168, 9.0], [710.366, 6.000000000000003], [757.841, 8.44444444444444], [811.559, 6.100000000000004], [867.717, 5.666666666666668], [896.52, 5.800000000000004], [921.719, 8.000000000000005], [942.275, 6.285714285714285], [1003.716, 5.111111111111111], [1111.947, 7.399999999999999], [1185.716, 6.374999999999993], [1255.177, 4.833333333916649], [1320.571, 5.0], [1425.141, 6.333333333333336], [1537.538, 4.666666666666671], [1613.215, 9.88888888888889], [1678.891, 5.000000000600004], [1779.289, 6.375], [1932.686, 4.75], [2024.216, 6.200000000000003], [2101.342, 5.333333333333331], [2204.489, 6.111111111111111], [2341.26, 8.0], [2472.666, 9.0], [2640.377, 4.888888888888886], [2791.741, 4.857142857142861], [2908.297, 4.0], [3123.502, 6.222222222222217], [3266.971, 5.666666666666666], [3413.62, 5.599999999999994], [3518.68, 3.5555555560111145], [3600.031, 0.0]]"
ξ_box,[59.0 47.0 42.0; 53.0 44.0 45.0; 44.0 29.0 48.0; 37.0 36.0 49.0; 37.0 39.0 47.0; 31.0 54.0 46.0; 17.0 28.0 21.0; 22.0 22.0 15.0; 21.0 23.0 16.0; 18.0 18.0 12.0]
