first,second
s_box,[65.0 -0.0 -0.0 42.0; 51.0 40.0 -0.0 42.0; 8.999999944539088 -0.0 -0.0 28.0; 0.0 39.0 -0.0 2.0000003209473; 0.0 32.0 22.0 0.0; 0.0 -0.0 40.0 0.0; 0.0 -0.0 -0.0 0.0; -0.0 -0.0 -0.0 0.0; -0.0 -0.0 34.0 -0.0; 0.0 13.0 23.0 11.0]
x_pb,"[0.0, 114.0, 37.0, 26.0]"
s_bb,[65.0 -0.0 -0.0 -0.0; 55.0 -0.0 -0.0 -0.0; 34.0 -0.0 -0.0 -0.0; 39.0 -0.0 -0.0 -0.0; 8.0 -0.0 -0.0 -0.0; -0.0 -0.0 -0.0 -0.0; -0.0 -0.0 -0.0 -0.0; 35.0 -0.0 -0.0 -0.0; -0.0 -0.0 -0.0 -0.0; -0.0 -0.0 -0.0 -0.0]
partition_bb,"[[[65.0, 51.0, 22.0, 21.0, 16.0, 3.0, 1.0, 0.0, 0.0, 0.0], [0.0, 0.0, 21.0, 22.0, 27.0, 40.0, 42.0, 30.0, 1.0, 0.0], [36.0, 38.0, 9.0, 8.0, 13.0, 2.0, 0.0, 8.0, 37.0, 26.0], [5.0, 9.0, 34.0, 39.0, 34.0, 21.0, 19.0, 16.0, 0.0, 0.0], [5.0, 5.0, 11.0, 12.0, 17.0, 22.0, 23.0, 35.0, 6.0, 2.0], [0.0, 4.0, 32.0, 34.0, 39.0, 26.0, 24.0, 21.0, 0.0, 0.0], [41.0, 55.0, 26.0, 25.0, 20.0, 7.0, 5.0, 2.0, 0.0, 0.0], [0.0, 0.0, 22.0, 23.0, 28.0, 41.0, 39.0, 28.0, 0.0, 0.0]], [[0.0, 0.0, 11.0, 12.0, 17.0, 22.0, 23.0, 35.0, 34.0, 23.0]], [[0.0, 0.0, 11.0, 12.0, 17.0, 27.0, 25.0, 35.0, 6.0, 2.0]], Vector{Float64}[]]"
y_box,[0.0 0.0 0.0 -0.0 -0.0 -0.0 -0.0 -0.0 -0.0 -0.0; -0.0 -0.0 13.000000053794247 21.0 16.0 26.0 24.0 24.99999994714824 -0.0 -0.0; -0.0 -0.0 -0.0 -0.0 -0.0 -0.0 -0.0 -0.0 30.0 -0.0; -0.0 -0.0 -0.0 -0.0 -0.0 -0.0 -0.0 -0.0 -0.0 22.0;;; -0.0 -0.0 0.0 -0.0 -0.0 -0.0 0.0 -0.0 0.0 -0.0; 2.0 0.0 34.0 -0.0 2.0 10.0 34.0 26.0 17.0 0.0; 30.0 -0.0 -0.0 -0.0 -0.0 -0.0 -0.0 -0.0 -0.0 -0.0; -0.0 -0.0 -0.0 0.0 -0.0 22.0 -0.0 0.0 0.0 -0.0;;; -0.0 -0.0 -0.0 -0.0 -0.0 -0.0 -0.0 -0.0 -0.0 -0.0; 18.0 4.0 33.0 30.0 12.0 -0.0 28.0 -0.0 -0.0 -0.0; -0.0 -0.0 -0.0 -0.0 -0.0 -0.0 -0.0 30.0 -0.0 -0.0; -0.0 -0.0 -0.0 -0.0 -0.0 -0.0 14.0 5.0 -0.0 3.0;;; -0.0 3.2609882555203436e-7 -3.2518973464294343e-7 -0.0 -0.0 -0.0 -0.0 -0.0 -0.0 -0.0; -0.0 -0.0 3.235230681141774e-7 22.999999677386032 28.0 20.0 21.0 33.0 -0.0 -0.0; -0.0 -0.0 -0.0 -0.0 -0.0 -0.0 -0.0 -0.0 30.0 -0.0; -0.0 -0.0 -0.0 -0.0 -0.0 -0.0 -0.0 -0.0 7.0 15.0]
evol_bb,"[[25.675, 2.2853466725793995e7], [891.756, 2.285346672579399e7]]"
y_bb,[0.0 -0.0 -0.0 -0.0 -0.0 -0.0 -0.0 -0.0 -0.0 -0.0; -0.0 0.0 -0.0 0.0 31.0 41.0 42.0 -0.0 -0.0 -0.0; -0.0 -0.0 -0.0 -0.0 -0.0 -0.0 -0.0 -0.0 37.0 -0.0; -0.0 -0.0 -0.0 -0.0 -0.0 -0.0 -0.0 -0.0 -0.0 26.0;;; -0.0 -0.0 -0.0 0.0 -0.0 -0.0 -0.0 -0.0 -0.0 -0.0; -0.0 -0.0 -0.0 12.0 17.0 22.0 23.0 -0.0 17.0 23.0; -0.0 -0.0 -0.0 -0.0 -0.0 -0.0 -0.0 35.0 2.0 -0.0; -0.0 -0.0 11.0 -0.0 -0.0 -0.0 -0.0 -0.0 15.0 -0.0;;; -0.0 -0.0 -0.0 0.0 -0.0 -0.0 -0.0 -0.0 -0.0 -0.0; -0.0 -0.0 -0.0 12.0 17.0 27.0 25.0 -0.0 -0.0 -0.0; -0.0 -0.0 -0.0 -0.0 -0.0 -0.0 -0.0 20.0 6.0 2.0; -0.0 -0.0 11.0 -0.0 -0.0 -0.0 -0.0 15.0 -0.0 -0.0;;; -0.0 -0.0 -0.0 -0.0 -0.0 -0.0 -0.0 -0.0 -0.0 -0.0; -0.0 -0.0 -0.0 -0.0 -0.0 -0.0 -0.0 -0.0 -0.0 -0.0; -0.0 -0.0 -0.0 -0.0 -0.0 -0.0 -0.0 -0.0 -0.0 -0.0; -0.0 -0.0 -0.0 -0.0 -0.0 -0.0 -0.0 -0.0 -0.0 -0.0]
evol_box,"[[0.447, 0.0], [2.128, 200651.17816652852], [2.265, 583125.0882163106], [2.332, 583125.0882160813], [2.468, 583919.2353463342], [2.656, 5.424612462980392e6], [3.181, 5.424612462980378e6], [3.493, 5.424612462980393e6], [4.193, 5.424612462980392e6], [5.48, 6.586547174971742e6], [7.696, 8.135379524443929e6], [10.96, 8.135744689595628e6], [12.325, 8.425970250979377e6], [14.913, 8.910158397515267e6], [16.049, 8.910158397515267e6], [19.083, 8.910158397515267e6], [23.776, 9.588003228013257e6], [26.319, 9.781758126258187e6], [28.569, 9.878392339448784e6], [33.473, 1.0072341152676515e7], [39.466, 1.0265735453389728e7], [44.398, 1.026573584591845e7], [55.958, 1.0362944995483406e7], [63.207, 1.0459285566861844e7], [88.692, 1.0750355091949433e7], [107.513, 1.0750355091949433e7], [116.025, 1.0750355091949433e7], [148.638, 1.084671433089014e7], [171.755, 1.0943599763947297e7], [204.425, 1.1040460116110664e7], [231.062, 1.1234013387353392e7], [236.638, 1.1234013387353392e7], [271.514, 1.14276670605838e7], [374.82, 1.1524489704761265e7], [424.388, 1.1524489704761265e7], [476.176, 1.1524849365319438e7], [556.797, 1.1621293101516416e7], [722.01, 1.171829958317251e7], [817.855, 1.1718538143482614e7], [852.067, 1.1815229584732907e7], [907.49, 1.1815216246636173e7], [956.78, 1.2008589403662648e7], [2810.102, 1.200877098658922e7], [3005.142, 1.200925780452323e7], [3215.145, 1.2105477213545155e7], [3600.028, 1.2105713630408173e7]]"
y_pb,[[-0.0 -0.0 -0.0 -0.0 -0.0 -0.0 -0.0 -0.0 -0.0 -0.0; -0.0 -0.0 -0.0 -0.0 31.0 41.0 42.0 -0.0 -0.0 -0.0; -0.0 -0.0 -0.0 -0.0 -0.0 -0.0 -0.0 -0.0 36.99999999999999 -0.0; -0.0 -0.0 -0.0 -0.0 -0.0 -0.0 -0.0 -0.0 -0.0 26.0;;;]]
x_bb,"[0.0, 114.0, 37.0, 26.0]"
x_box,"[-0.0, 125.0, 30.0, 22.0]"
evol_zeta,"[[2.214, 40.14285714285713], [2.297, 37.0], [2.354, 32.333333333333336], [2.483, 31.875], [2.673, 27.6], [3.22, 26.0], [3.517, 25.75], [4.208, 24.400000000000006], [5.503, 24.375], [7.73, 23.0], [10.975, 19.375], [12.383, 16.285714285714285], [14.96, 15.375], [16.09, 13.624999999999996], [19.102, 21.857142857142854], [23.799, 16.555555555555564], [26.379, 16.125], [28.644, 13.25], [33.497, 13.625], [39.492, 18.299999999999997], [44.421, 14.100000000000001], [55.981, 18.625], [63.225, 14.0], [88.712, 14.0], [107.558, 13.5], [116.059, 14.5], [148.659, 18.700000000000003], [171.78, 14.100000000000001], [204.489, 11.375], [231.14, 12.399999999999991], [236.689, 12.600000000000001], [271.553, 15.75], [374.876, 11.0], [424.416, 14.000000000000057], [476.23, 10.0], [556.887, 9.42857142857143], [722.06, 9.875], [817.891, 12.700000000000003], [852.108, 9.700000000000003], [907.542, 10.600000000000001], [956.825, 11.75], [2810.127, 12.2], [3005.172, 13.0], [3215.192, 11.0], [3600.041, 0.0]]"
ξ_box,[65.0 32.0 17.0 42.0; 51.0 40.0 4.0 42.00000032776549; 22.0 34.0 33.0 28.0; 21.0 39.0 30.0 25.0; 16.0 34.0 34.0 28.0; 26.0 32.0 40.0 20.0; 24.0 34.0 42.0 21.0; 24.999999948814907 26.0 35.0 33.0; 30.0 17.0 34.0 37.0; 22.0 13.0 26.0 26.0]
