first,second
s_box,[0.0 39.0 50.0 31.0 0.0; 0.0 0.0 4.0 0.0 1.0; 22.0 0.0 0.0 0.0 0.0; 21.0 0.0 0.0 12.0 0.0; 0.0 0.0 0.0 2.0 8.0; 0.0 0.0 0.0 0.0 0.0; 14.0 0.0 0.0 0.0 17.0; 0.0 0.0 0.0 0.0 0.0; 0.0 0.0 0.0 0.0 0.0; 0.0 19.0 0.0 13.0 31.0]
x_pb,"[-0.0, 73.0, 52.0, 24.0]"
s_bb,[54.0 45.0 -0.0 -0.0 -0.0; -0.0 -0.0 -0.0 -0.0 -0.0; -0.0 -0.0 -0.0 -0.0 -0.0; -0.0 -0.0 -0.0 -0.0 -0.0; -0.0 -0.0 -0.0 -0.0 -0.0; -0.0 -0.0 -0.0 -0.0 -0.0; -0.0 17.0 -0.0 -0.0 -0.0; -0.0 -0.0 -0.0 -0.0 -0.0; -0.0 -0.0 -0.0 -0.0 -0.0; 31.0 17.0 -0.0 -0.0 -0.0]
partition_bb,"[[[54.0, 30.0, 22.0, 21.0, 8.0, 2.0, 0.0, 6.0, 0.0, 0.0], [0.0, 13.0, 22.0, 18.0, 8.0, 10.0, 17.0, 10.0, 16.0, 36.0], [52.0, 28.0, 20.0, 19.0, 8.0, 14.0, 7.0, 4.0, 0.0, 0.0], [51.0, 27.0, 19.0, 18.0, 5.0, 0.0, 1.0, 13.0, 19.0, 0.0]], [[32.0, 8.0, 0.0, 0.0, 8.0, 14.0, 17.0, 13.0, 19.0, 39.0], [45.0, 21.0, 22.0, 21.0, 8.0, 14.0, 17.0, 2.0, 0.0, 0.0], [4.0, 28.0, 19.0, 15.0, 6.0, 0.0, 1.0, 13.0, 19.0, 0.0], [6.0, 30.0, 21.0, 17.0, 8.0, 2.0, 1.0, 12.0, 18.0, 38.0]], [[33.0, 13.0, 4.0, 0.0, 8.0, 14.0, 7.0, 0.0, 0.0, 20.0]], [[36.0, 13.0, 22.0, 18.0, 8.0, 14.0, 10.0, 0.0, 4.0, 24.0]], Vector{Float64}[]]"
y_box,[0.0 0.0 0.0 0.0 0.0 0.0 0.0 0.0 0.0 0.0; 48.0 0.0 0.0 0.0 8.0 0.0 0.0 0.0 2.0 0.0; 6.0 0.0 0.0 0.0 0.0 10.0 3.0 9.0 0.0 24.0; 0.0 30.0 0.0 0.0 0.0 0.0 0.0 4.0 5.0 0.0;;; 0.0 0.0 0.0 0.0 0.0 0.0 0.0 0.0 0.0 0.0; 0.0 15.0 22.0 21.0 0.0 0.0 0.0 0.0 0.0 0.0; 0.0 0.0 0.0 0.0 8.0 14.0 17.0 13.0 0.0 0.0; 0.0 0.0 0.0 0.0 0.0 0.0 0.0 0.0 19.0 20.0;;; 0.0 0.0 0.0 0.0 0.0 0.0 0.0 0.0 0.0 0.0; 0.0 22.0 18.0 3.0 0.0 2.0 0.0 13.0 0.0 0.0; 0.0 0.0 0.0 17.0 7.0 0.0 9.0 0.0 19.0 0.0; 0.0 0.0 0.0 0.0 0.0 0.0 0.0 0.0 0.0 39.0;;; 0.0 0.0 0.0 0.0 0.0 0.0 0.0 0.0 0.0 0.0; 0.0 30.0 22.0 6.0 0.0 0.0 0.0 0.0 0.0 0.0; 0.0 0.0 0.0 0.0 6.0 10.0 17.0 13.0 6.0 0.0; 0.0 0.0 0.0 0.0 0.0 0.0 0.0 0.0 13.0 26.0;;; 0.0 0.0 0.0 0.0 0.0 0.0 0.0 0.0 0.0 0.0; 49.0 0.0 9.0 0.0 0.0 0.0 0.0 0.0 0.0 0.0; 0.0 24.0 7.0 21.0 0.0 0.0 0.0 0.0 0.0 0.0; 0.0 0.0 1.0 0.0 0.0 14.0 0.0 9.0 15.0 0.0]
evol_bb,"[[0.273, 8.304462229284663e6], [184.894, 8.304462229284662e6], [209.135, 8.115782606643531e6], [2727.884, 8.021442795322965e6]]"
y_bb,[-0.0 0.0 -0.0 0.0 -0.0 -0.0 -0.0 -0.0 -0.0 -0.0; -0.0 30.0 22.0 21.0 -0.0 -0.0 -0.0 -0.0 -0.0 -0.0; -0.0 -0.0 -0.0 -0.0 8.0 14.0 17.0 13.0 0.0 -0.0; -0.0 -0.0 -0.0 -0.0 -0.0 -0.0 -0.0 -0.0 19.0 5.0;;; -0.0 -0.0 -0.0 -0.0 0.0 -0.0 -0.0 -0.0 -0.0 -0.0; -0.0 30.0 -0.0 21.0 0.0 -0.0 -0.0 0.0 -0.0 22.0; -0.0 -0.0 6.0 0.0 -0.0 14.0 -0.0 13.0 19.0 -0.0; 0.0 0.0 16.0 -0.0 8.0 -0.0 0.0 -0.0 0.0 -0.0;;; 0.0 -0.0 -0.0 -0.0 -0.0 -0.0 -0.0 -0.0 -0.0 0.0; -0.0 2.0 4.0 -0.0 -0.0 14.0 3.0 -0.0 -0.0 0.0; 33.0 11.0 -0.0 -0.0 8.0 -0.0 -0.0 -0.0 -0.0 -0.0; -0.0 -0.0 -0.0 -0.0 -0.0 -0.0 4.0 -0.0 -0.0 20.0;;; 0.0 -0.0 -0.0 0.0 -0.0 -0.0 -0.0 -0.0 -0.0 -0.0; 12.0 13.0 12.0 -0.0 8.0 14.0 10.0 -0.0 4.0 -0.0; -0.0 -0.0 10.0 18.0 -0.0 0.0 -0.0 -0.0 -0.0 24.0; 24.0 -0.0 -0.0 -0.0 -0.0 -0.0 -0.0 -0.0 0.0 -0.0;;; -0.0 -0.0 -0.0 -0.0 -0.0 -0.0 -0.0 -0.0 -0.0 -0.0; -0.0 -0.0 -0.0 -0.0 -0.0 -0.0 -0.0 -0.0 -0.0 -0.0; -0.0 -0.0 -0.0 -0.0 -0.0 -0.0 -0.0 -0.0 -0.0 -0.0; -0.0 -0.0 -0.0 -0.0 -0.0 -0.0 -0.0 -0.0 -0.0 -0.0]
evol_box,"[[0.388, 0.0], [1.923, 3470.81449936633], [2.08, 97792.84270202773], [2.203, 97792.84270202773], [2.331, 97792.84270200506], [2.495, 381104.7395449546], [2.754, 381104.7395449546], [3.924, 1.5129754325098204e6], [4.497, 1.512975432509821e6], [5.736, 2.7387414237547987e6], [6.988, 2.7390074303926844e6], [7.681, 2.9275331064456706e6], [8.769, 3.3992260780907404e6], [9.994, 3.399226078090741e6], [11.152, 3.399226078090741e6], [12.21, 3.399374362247509e6], [14.379, 3.6822943157127006e6], [18.841, 3.8709319748486197e6], [20.466, 3.8709319748486197e6], [22.872, 3.9649076791648595e6], [25.964, 3.96490767916486e6], [28.384, 4.248064440529522e6], [30.341, 4.342266924447124e6], [33.057, 4.436591137145678e6], [36.374, 4.530965449484783e6], [40.544, 4.530965449484783e6], [46.648, 4.625709851114542e6], [59.373, 4.719626169729389e6], [63.919, 4.719626169729388e6], [94.501, 4.814294804521614e6], [106.851, 4.908520382866836e6], [119.228, 4.908520382866836e6], [165.937, 4.908528005308509e6], [172.103, 5.002645603691086e6], [233.656, 5.002657110835402e6], [284.257, 5.097161752717342e6], [291.283, 5.097215802330036e6], [317.472, 5.097246906358182e6], [331.735, 5.097228624354959e6], [348.715, 5.285599546981402e6], [384.928, 5.285599546981402e6], [752.358, 5.286007059618715e6], [785.243, 5.379969848068663e6], [864.561, 5.379969848068663e6], [898.349, 5.380201300799798e6], [965.809, 5.380201300799798e6], [1009.165, 5.380260637869875e6], [1943.75, 5.474290756992701e6], [2011.808, 5.474340695365423e6], [2065.743, 5.474434737475883e6], [3341.213, 5.474444444392656e6], [3410.41, 5.474462460875555e6], [3600.029, 5.474473924604844e6]]"
y_pb,[[-0.0 0.0 -0.0 -0.0 -0.0 -0.0 -0.0 -0.0 -0.0 -0.0; -0.0 30.0 22.0 21.0 -0.0 -0.0 -0.0 -0.0 -0.0 -0.0; -0.0 -0.0 -0.0 -0.0 8.0 14.0 17.0 13.0 -0.0 -0.0; -0.0 -0.0 -0.0 -0.0 -0.0 -0.0 -0.0 -0.0 19.0 5.0;;;]]
x_bb,"[-0.0, 73.0, 52.0, 24.0]"
x_box,"[0.0, 58.0, 52.0, 39.0]"
evol_zeta,"[[1.56, 54.0], [1.999, 39.0], [2.112, 22.00000000000001], [2.22, 22.0], [2.336, 20.5], [2.509, 18.0], [2.763, 17.0], [3.949, 17.0], [4.527, 17.0], [5.77, 16.666666666666668], [6.994, 16.200000000000003], [7.706, 16.0], [8.8, 16.0], [10.025, 15.666666666666666], [11.16, 16.0], [12.222, 15.0], [14.395, 16.1], [18.854, 13.700000000000001], [20.472, 13.857142857142861], [22.877, 12.0], [25.972, 11.88888888888889], [28.408, 13.100000000000001], [30.351, 11.0], [33.094, 10.2], [36.382, 8.0], [40.559, 7.999999999999993], [46.667, 10.8], [59.396, 6.555555555555556], [63.935, 6.099999999999994], [94.517, 6.700000000000003], [106.86, 6.444444444444443], [119.248, 6.555555555555557], [165.948, 4.999999999999991], [172.127, 7.0], [233.698, 9.0], [284.269, 8.0], [291.306, 6.100000000000001], [317.485, 8.0], [331.762, 7.2222222222222285], [348.738, 8.0], [384.958, 6.888888888888875], [752.385, 5.799999999999994], [785.251, 7.899999999999999], [864.589, 6.777777841047685], [898.371, 6.000000000000023], [965.825, 6.0], [1009.178, 5.8], [1943.775, 7.500000000850001], [2011.843, 7.222222222222222], [2065.761, 5.555555555555555], [3341.235, 6.0], [3410.473, 7.100000000000004], [3600.042, 0.0]]"
ξ_box,[54.0 39.0 50.0 31.0 49.0; 30.0 15.0 26.0 30.0 25.0; 22.0 22.0 18.0 22.0 17.0; 21.0 21.0 20.0 18.0 21.0; 8.0 8.0 7.0 8.0 8.0; 10.0 14.0 2.0 10.0 14.0; 17.0 17.0 9.0 17.0 17.0; 13.0 13.0 13.0 13.0 9.0; 7.0 19.0 19.0 19.0 15.0; 24.0 39.0 39.0 39.0 30.0]
