first,second
s_box,[-0.0 13.0; -0.0 -0.0; -0.0 -0.0; -0.0 -0.0; 4.0 4.0; 11.0 11.0; 17.0 17.0; 32.0 28.0; 31.0 22.0; -0.0 -0.0]
x_pb,"[76.0, 37.0, -0.0, 22.0]"
s_bb,[0.0 0.0; -0.0 -0.0; -0.0 9.999999999999998; -0.0 3.0; 4.0 4.0; 11.0 11.0; 17.0 17.0; 32.0 28.0; 31.0 22.0; -0.0 -0.0]
partition_bb,"[[[0.0, 0.0, 0.0, 18.0, 4.0, 11.0, 13.0, 32.0, 38.0, 19.0], [19.0, 9.0, 10.0, 0.0, 4.0, 11.0, 13.0, 32.0, 26.0, 11.0], [3.0, 8.0, 10.0, 28.0, 4.0, 0.0, 13.0, 32.0, 26.0, 11.0], [13.0, 18.0, 20.0, 2.0, 0.0, 0.0, 13.0, 32.0, 26.0, 11.0], [15.0, 25.0, 23.0, 5.0, 0.0, 0.0, 10.0, 29.0, 23.0, 8.0], [0.0, 0.0, 0.0, 0.0, 4.0, 11.0, 17.0, 32.0, 38.0, 22.0], [2.0, 12.0, 14.0, 32.0, 0.0, 0.0, 7.0, 26.0, 32.0, 13.0], [13.0, 23.0, 25.0, 7.0, 0.0, 0.0, 5.0, 24.0, 30.0, 11.0], [4.0, 14.0, 16.0, 34.0, 1.0, 0.0, 5.0, 24.0, 30.0, 11.0], [20.0, 10.0, 8.0, 0.0, 4.0, 11.0, 13.0, 32.0, 26.0, 11.0], [16.0, 26.0, 24.0, 6.0, 0.0, 0.0, 4.0, 23.0, 29.0, 10.0], [14.0, 24.0, 26.0, 8.0, 0.0, 0.0, 4.0, 23.0, 29.0, 10.0]], [[20.0, 30.0, 32.0, 14.0, 0.0, 0.0, 0.0, 0.0, 0.0, 0.0], [16.0, 26.0, 28.0, 10.0, 0.0, 0.0, 3.0, 22.0, 28.0, 9.0], [20.0, 30.0, 28.0, 37.0, 4.0, 0.0, 1.0, 8.0, 7.0, 0.0], [12.0, 22.0, 24.0, 37.0, 4.0, 0.0, 17.0, 0.0, 0.0, 19.0], [20.0, 20.0, 18.0, 0.0, 4.0, 11.0, 17.0, 15.0, 9.0, 22.0], [4.0, 14.0, 16.0, 34.0, 1.0, 0.0, 9.0, 28.0, 22.0, 7.0], [5.0, 15.0, 17.0, 35.0, 2.0, 0.0, 4.0, 23.0, 29.0, 10.0]]]"
y_box,[20.0 26.0 26.0 -0.0 -0.0 -0.0 -0.0 -0.0 -0.0 -0.0; -0.0 -0.0 -0.0 34.0 -0.0 -0.0 0.0 -0.0 -0.0 -0.0; -0.0 -0.0 -0.0 -0.0 -0.0 -0.0 -0.0 -0.0 -0.0 -0.0; -0.0 -0.0 -0.0 -0.0 -0.0 -0.0 -0.0 -0.0 7.0 22.0;;; 7.0 30.0 32.0 3.0 -0.0 -0.0 -0.0 -0.0 -0.0 -0.0; -0.0 -0.0 -0.0 34.0 -0.0 -0.0 -0.0 -0.0 -0.0 -0.0; -0.0 -0.0 -0.0 -0.0 -0.0 -0.0 -0.0 -0.0 -0.0 -0.0; -0.0 -0.0 -0.0 -0.0 -0.0 -0.0 -0.0 -0.0 7.0 22.0]
evol_bb,"[[0.554, 1.2701093919528965e7], [4.048, 1.246591610775407e7], [7.938, 1.2230723852454117e7], [9.082, 1.1995538818916691e7], [11.116, 1.1760353785379266e7], [12.506, 1.1407679642159786e7], [14.161, 1.1407576235073125e7], [14.991, 1.1297424900210468e7], [15.062, 1.1289983718304416e7], [15.206, 1.1179832383441707e7], [15.674, 1.1172518221991641e7]]"
y_bb,[20.0 26.0 26.0 -0.0 -0.0 -0.0 -0.0 -0.0 -0.0 -0.0; -0.0 -0.0 -0.0 34.0 -0.0 -0.0 -0.0 -0.0 -0.0 -0.0; -0.0 -0.0 -0.0 -0.0 0.0 0.0 0.0 -0.0 -0.0 -0.0; -0.0 -0.0 -0.0 -0.0 -0.0 -0.0 0.0 -0.0 7.0 22.0;;; 20.0 30.0 22.0 -0.0 -0.0 -0.0 -0.0 -0.0 -0.0 -0.0; -0.0 -0.0 -0.0 34.0 -0.0 -0.0 -0.0 -0.0 -0.0 -0.0; -0.0 -0.0 -0.0 -0.0 0.0 0.0 0.0 0.0 -0.0 -0.0; -0.0 -0.0 -0.0 -0.0 -0.0 -0.0 -0.0 -0.0 7.0 22.0]
evol_box,"[[0.565, 0.0], [2.582, 2877.8997782221995], [2.701, 4542.806839094115], [2.743, 6.116135149640014e6], [2.789, 8.467962767379869e6], [2.83, 8.46796276737987e6], [2.879, 8.822482670681057e6], [2.962, 9.173559811957447e6], [3.029, 9.173559811957503e6], [3.149, 9.761299054717466e6], [3.256, 9.878959746118408e6], [3.356, 1.0231886825773137e7], [3.445, 1.0349243584154712e7], [3.541, 1.0466854155329742e7], [3.729, 1.0466970741368221e7], [3.864, 1.0702179388274927e7], [4.085, 1.0819613651229564e7], [4.201, 1.105479868476699e7], [4.366, 1.105479868476699e7], [4.523, 1.105479868476699e7], [4.671, 1.105479868476699e7], [4.778, 1.1054798684766987e7], [4.927, 1.105479868476699e7], [5.084, 1.1054929942448944e7], [5.208, 1.105493751190757e7], [5.42, 1.1172391201535702e7], [5.591, 1.11723912015357e7], [5.787, 1.1172391201535702e7], [5.953, 1.1172518221991641e7]]"
y_pb,[[14.0 30.0 32.0 -0.0 -0.0 -0.0 -0.0 -0.0 -0.0 -0.0; -0.0 -0.0 -0.0 36.99999999999999 -0.0 -0.0 -0.0 -0.0 -0.0 -0.0; -0.0 -0.0 -0.0 0.0 -0.0 -0.0 -0.0 -0.0 -0.0 -0.0; -0.0 -0.0 -0.0 -0.0 -0.0 -0.0 -0.0 -0.0 -0.0 22.0;;;]]
x_bb,"[72.0, 34.0, -0.0, 29.0]"
x_box,"[72.0, 34.0, -0.0, 29.0]"
evol_zeta,"[[2.129, 38.0], [2.687, 32.0], [2.717, 27.125], [2.76, 23.0], [2.802, 19.0], [2.834, 14.625], [2.886, 12.999999999999973], [2.978, 8.999999999999996], [3.032, 9.0], [3.182, 9.0], [3.272, 10.0], [3.36, 5.125], [3.449, 4.0], [3.64, 5.0], [3.743, 4.0], [3.955, 3.2222222222222214], [4.09, 3.0], [4.268, 6.5714285714285765], [4.386, 4.124999999999999], [4.527, 2.625], [4.675, 1.625], [4.785, 1.125], [4.931, 1.0], [5.087, 1.4444444444444429], [5.242, 0.6250000001625002], [5.427, 3.0], [5.607, 0.5555555557111234], [5.808, 0.12500000011249313], [5.963, 3.749878748626756e-7]]"
ξ_box,[20.0 20.0; 26.0 30.0; 26.0 32.0; 34.0 37.0; 4.0 4.0; 11.0 11.0; 17.0 17.0; 32.0 28.0; 38.0 29.0; 22.0 22.0]
