first,second
s_box,[21.0 18.0 28.0 11.0 0.0; 7.0 0.0 17.0 24.0 0.0; 5.0 0.0 19.0 0.0 19.0; 0.0 0.0 0.0 0.0 26.0; 0.0 0.0 0.0 0.0 0.0; 15.0 18.0 0.0 29.0 0.0; 0.0 0.0 0.0 0.0 9.0; 0.0 9.0 0.0 0.0 0.0; 0.0 0.0 0.0 0.0 10.0; 17.0 17.0 0.0 0.0 0.0]
x_pb,"[59.0, 26.0, 37.0, 19.0]"
s_bb,[38.0 -0.0 -0.0 -0.0 -0.0; 24.0 -0.0 -0.0 -0.0 -0.0; 19.0 -0.0 -0.0 -0.0 -0.0; -0.0 -0.0 -0.0 -0.0 -0.0; -0.0 -0.0 -0.0 -0.0 -0.0; 15.0 -0.0 -0.0 -0.0 -0.0; -0.0 -0.0 -0.0 -0.0 -0.0; -0.0 -0.0 -0.0 -0.0 -0.0; -0.0 -0.0 -0.0 -0.0 -0.0; 17.0 -0.0 -0.0 -0.0 -0.0]
partition_bb,"[[[0.0, 0.0, 5.0, 26.0, 33.0, 41.0, 22.0, 8.0, 7.0, 0.0], [38.0, 24.0, 19.0, 0.0, 2.0, 11.0, 30.0, 9.0, 8.0, 1.0], [24.0, 10.0, 15.0, 0.0, 7.0, 16.0, 35.0, 9.0, 10.0, 17.0], [0.0, 0.0, 0.0, 20.0, 27.0, 36.0, 37.0, 9.0, 10.0, 3.0]], [[10.0, 24.0, 19.0, 6.0, 9.0, 18.0, 37.0, 9.0, 8.0, 1.0]], Vector{Float64}[], Vector{Float64}[], Vector{Float64}[]]"
y_box,[0.0 0.0 0.0 26.0 33.0 0.0 0.0 0.0 0.0 0.0; 0.0 0.0 0.0 0.0 0.0 26.0 0.0 0.0 0.0 0.0; 0.0 0.0 0.0 0.0 0.0 0.0 37.0 0.0 0.0 0.0; 0.0 0.0 0.0 0.0 0.0 0.0 0.0 9.0 10.0 0.0;;; 0.0 24.0 19.0 0.0 0.0 0.0 11.0 0.0 5.0 0.0; 0.0 0.0 0.0 0.0 0.0 0.0 26.0 0.0 0.0 0.0; 0.0 0.0 0.0 20.0 12.0 0.0 0.0 0.0 5.0 0.0; 17.0 0.0 0.0 0.0 2.0 0.0 0.0 0.0 0.0 0.0;;; 0.0 0.0 0.0 0.0 20.0 0.0 30.0 8.0 1.0 0.0; 0.0 0.0 0.0 0.0 0.0 26.0 0.0 0.0 0.0 0.0; 0.0 0.0 0.0 26.0 9.0 1.0 0.0 0.0 0.0 0.0; 0.0 7.0 0.0 0.0 0.0 12.0 0.0 0.0 0.0 0.0;;; 0.0 0.0 19.0 0.0 0.0 4.0 36.0 0.0 0.0 0.0; 0.0 0.0 0.0 0.0 25.0 0.0 1.0 0.0 0.0 0.0; 0.0 0.0 0.0 10.0 2.0 0.0 0.0 0.0 8.0 17.0; 0.0 0.0 0.0 10.0 0.0 0.0 0.0 9.0 0.0 0.0;;; 0.0 0.0 0.0 0.0 9.0 24.0 0.0 9.0 0.0 17.0; 0.0 24.0 0.0 0.0 2.0 0.0 0.0 0.0 0.0 0.0; 37.0 0.0 0.0 0.0 0.0 0.0 0.0 0.0 0.0 0.0; 1.0 0.0 0.0 0.0 18.0 0.0 0.0 0.0 0.0 0.0]
evol_bb,"[[0.362, 1.2558272247847315e7], [0.534, 1.2558272247847313e7]]"
y_bb,[0.0 0.0 0.0 26.0 33.0 -0.0 -0.0 -0.0 -0.0 -0.0; -0.0 -0.0 -0.0 -0.0 -0.0 26.0 -0.0 -0.0 -0.0 -0.0; -0.0 -0.0 -0.0 -0.0 -0.0 -0.0 37.0 -0.0 -0.0 -0.0; -0.0 -0.0 -0.0 -0.0 -0.0 -0.0 -0.0 9.0 10.0 0.0;;; 10.0 24.0 2.0 -0.0 -0.0 17.0 6.0 0.0 -0.0 -0.0; -0.0 -0.0 17.0 -0.0 -0.0 -0.0 -0.0 -0.0 8.0 1.0; -0.0 -0.0 -0.0 6.0 -0.0 -0.0 31.0 -0.0 -0.0 -0.0; -0.0 -0.0 -0.0 -0.0 9.0 1.0 -0.0 9.0 -0.0 -0.0;;; -0.0 -0.0 -0.0 -0.0 -0.0 -0.0 -0.0 -0.0 -0.0 -0.0; -0.0 -0.0 -0.0 -0.0 -0.0 -0.0 -0.0 -0.0 -0.0 -0.0; -0.0 -0.0 -0.0 -0.0 -0.0 -0.0 -0.0 -0.0 -0.0 -0.0; -0.0 -0.0 -0.0 -0.0 -0.0 -0.0 -0.0 -0.0 -0.0 -0.0;;; -0.0 -0.0 -0.0 -0.0 -0.0 -0.0 -0.0 -0.0 -0.0 -0.0; -0.0 -0.0 -0.0 -0.0 -0.0 -0.0 -0.0 -0.0 -0.0 -0.0; -0.0 -0.0 -0.0 -0.0 -0.0 -0.0 -0.0 -0.0 -0.0 -0.0; -0.0 -0.0 -0.0 -0.0 -0.0 -0.0 -0.0 -0.0 -0.0 -0.0;;; -0.0 -0.0 -0.0 -0.0 -0.0 -0.0 -0.0 -0.0 -0.0 -0.0; -0.0 -0.0 -0.0 -0.0 -0.0 -0.0 -0.0 -0.0 -0.0 -0.0; -0.0 -0.0 -0.0 -0.0 -0.0 -0.0 -0.0 -0.0 -0.0 -0.0; -0.0 -0.0 -0.0 -0.0 -0.0 -0.0 -0.0 -0.0 -0.0 -0.0]
evol_box,"[[0.4, 0.0], [1.965, 112281.8385095812], [2.057, 225820.5131170249], [2.171, 226057.28907681865], [2.297, 226057.28907681865], [2.568, 226057.25715572957], [3.145, 2.779732218477832e6], [3.549, 3.6691992038091146e6], [4.235, 3.6691992038091146e6], [5.221, 3.780593690654815e6], [6.741, 3.780593690654815e6], [7.92, 4.668322374749249e6], [9.445, 4.668322374749262e6], [11.373, 4.779665412798384e6], [13.323, 5.335885254359127e6], [16.2, 5.335885254359128e6], [18.985, 5.66922285521701e6], [22.207, 5.66922285521701e6], [24.516, 5.66922285521701e6], [27.673, 5.779679490961619e6], [32.808, 5.780338629969625e6], [38.752, 6.113079960725235e6], [45.313, 6.22447469675873e6], [53.054, 6.3353242197492e6], [84.223, 6.446355787953332e6], [141.409, 6.557506604464039e6], [288.276, 6.668635662754714e6], [308.001, 6.669716484978581e6], [464.106, 6.779754470552139e6], [561.217, 6.779754470552139e6], [681.877, 6.7803577975357175e6], [869.525, 7.002395404698318e6], [1320.001, 7.113374054662973e6], [3600.04, 7.2242216294148285e6]]"
y_pb,[[-0.0 -0.0 -0.0 26.0 33.0 -0.0 -0.0 -0.0 -0.0 -0.0; -0.0 -0.0 -0.0 -0.0 -0.0 26.0 -0.0 -0.0 -0.0 -0.0; -0.0 -0.0 -0.0 -0.0 -0.0 -0.0 36.99999999999999 -0.0 -0.0 -0.0; -0.0 -0.0 -0.0 -0.0 -0.0 -0.0 -0.0 9.0 10.0 -0.0;;;]]
x_bb,"[59.0, 26.0, 37.0, 19.0]"
x_box,"[59.0, 26.0, 37.0, 19.0]"
evol_zeta,"[[1.623, 41.0], [2.037, 38.0], [2.073, 34.75], [2.188, 26.0], [2.313, 20.714285714285715], [2.573, 17.0], [3.149, 17.0], [3.585, 17.0], [4.24, 17.0], [5.246, 17.0], [6.763, 16.799999999999997], [7.94, 17.0], [9.46, 16.666666666666668], [11.39, 14.0], [13.334, 13.0], [16.227, 14.0], [19.011, 12.555555555555555], [22.22, 13.666666666666668], [24.532, 13.777777777777779], [27.694, 12.666666666666668], [32.833, 14.555555555555555], [38.779, 11.714285714285714], [45.335, 12.200000000000003], [53.07, 11.0], [84.241, 12.0], [141.431, 11.8571428571429], [288.303, 11.142857142857121], [308.013, 10.0], [464.126, 11.600000000000001], [561.244, 11.100000000000001], [681.907, 10.299999999999997], [869.552, 9.249999999999996], [1320.04, 9.600000000000001], [3600.055, 0.0]]"
ξ_box,[21.0 35.0 28.0 11.0 38.0; 7.0 24.0 24.0 24.0 24.0; 5.0 19.0 19.0 19.0 19.0; 26.0 20.0 26.0 20.0 26.0; 33.0 14.0 29.0 27.0 29.0; 41.0 18.0 39.0 33.0 22.0; 37.0 37.0 30.0 37.0 3.0; 9.0 9.0 2.0 9.0 9.0; 10.0 10.0 1.0 8.0 10.0; 17.0 17.0 -0.0 17.0 17.0]
