first,second
s_box,[-0.0 -0.0; -0.0 -0.0; -0.0 -0.0; -0.0 -0.0; -0.0 -0.0; -0.0 -0.0; -0.0 -0.0; 4.0 -0.0; 0.0 -0.0; 6.0 0.0]
x_pb,"[-0.0, 58.0, 61.0, 26.0]"
s_bb,[-0.0 -0.0; -0.0 -0.0; -0.0 -0.0; -0.0 -0.0; -0.0 -0.0; 0.0 -0.0; 0.0 -0.0; 4.0 -0.0; -0.0 -0.0; 6.0 -0.0]
partition_bb,"[[[9.0, 13.0, 18.0, 26.0, 16.0, 12.0, 3.0, 11.0, 19.0, 6.0], [18.0, 14.0, 18.0, 26.0, 20.0, 12.0, 3.0, 11.0, 18.0, 5.0], [18.0, 22.0, 18.0, 16.0, 13.0, 2.0, 0.0, 1.0, 13.0, 0.0]], [[9.0, 13.0, 18.0, 26.0, 16.0, 12.0, 3.0, 11.0, 9.0, 0.0]]]"
y_box,[-0.0 -0.0 -0.0 -0.0 -0.0 -0.0 -0.0 -0.0 -0.0 -0.0; 18.0 22.0 18.0 0.0 -0.0 -0.0 -0.0 -0.0 -0.0 -0.0; -0.0 -0.0 -0.0 26.0 20.0 12.0 3.0 0.0 -0.0 -0.0; -0.0 -0.0 -0.0 -0.0 -0.0 -0.0 -0.0 7.0 19.0 -0.0;;; 0.0 0.0 0.0 -0.0 -0.0 -0.0 -0.0 -0.0 -0.0 -0.0; 18.0 22.0 18.0 0.0 -0.0 -0.0 -0.0 -0.0 -0.0 -0.0; -0.0 -0.0 -0.0 26.0 20.0 12.0 3.0 -0.0 -0.0 -0.0; -0.0 -0.0 -0.0 -0.0 -0.0 -0.0 -0.0 1.0 19.0 6.0]
evol_bb,"[[0.33, 1.0536551895544806e6], [0.372, 1.0536551895544804e6]]"
y_bb,[0.0 0.0 0.0 -0.0 -0.0 -0.0 -0.0 -0.0 -0.0 -0.0; 18.0 22.0 18.0 0.0 -0.0 -0.0 -0.0 -0.0 -0.0 -0.0; -0.0 -0.0 -0.0 26.0 20.0 12.0 3.0 -0.0 -0.0 -0.0; -0.0 -0.0 -0.0 -0.0 -0.0 -0.0 -0.0 7.0 19.0 0.0;;; -0.0 -0.0 -0.0 -0.0 -0.0 -0.0 -0.0 -0.0 -0.0 -0.0; 9.0 -0.0 8.0 26.0 -0.0 -0.0 -0.0 -0.0 9.0 -0.0; 0.0 13.0 -0.0 -0.0 -0.0 12.0 3.0 11.0 -0.0 -0.0; -0.0 -0.0 10.0 -0.0 16.0 -0.0 -0.0 -0.0 -0.0 -0.0]
evol_box,"[[0.464, 0.0], [2.289, 1377.821104390258], [2.377, 1607.0080789167857], [2.388, 1727.0758122187108], [2.405, 1778.163971234113], [2.483, 1784.7819644837236], [2.53, 527693.6298455213], [2.593, 527693.6298455213], [2.679, 632888.9582839854], [2.703, 1.0536551895544804e6]]"
y_pb,[[0.0 -0.0 -0.0 -0.0 -0.0 -0.0 -0.0 -0.0 -0.0 -0.0; 18.0 22.0 18.0 -0.0 -0.0 -0.0 -0.0 -0.0 -0.0 -0.0; -0.0 -0.0 -0.0 26.0 20.0 12.0 3.0 -0.0 -0.0 -0.0; -0.0 -0.0 -0.0 -0.0 -0.0 -0.0 -0.0 7.0 19.0 -0.0;;;]]
x_bb,"[0.0, 58.0, 61.0, 26.0]"
x_box,"[0.0, 58.0, 61.0, 26.0]"
evol_zeta,"[[1.888, 26.0], [2.369, 10.0], [2.38, 10.0], [2.39, 8.0], [2.407, 8.0], [2.486, 5.0], [2.533, 4.0], [2.596, 4.0], [2.682, 4.0], [2.705, 0.0]]"
ξ_box,[18.0 18.0; 22.0 22.0; 18.0 18.0; 26.0 26.0; 20.0 20.0; 12.0 12.0; 3.0 3.0; 11.0 1.0; 19.0 19.0; 6.0 6.0]
