first,second
s_box,[-0.0 32.0 30.0 46.0; 38.0 -0.0 1.0 -0.0; 31.0 4.999990760236977 29.0 -0.0; -0.0 -0.0 -0.0 -0.0; 6.0 -0.0 -0.0 -0.0; 23.0 32.0 11.0 27.0; -0.0 30.0 21.0 23.0; -0.0 -0.0 -0.0 -0.0; -0.0 -0.0 -0.0 -0.0; -0.0 -0.0 7.0 3.0]
x_pb,"[51.0, 73.0, 26.0, 35.0]"
s_bb,[54.0 -0.0 -0.0 -0.0; -0.0 -0.0 -0.0 -0.0; 43.0 -0.0 -0.0 -0.0; -0.0 -0.0 -0.0 -0.0; -0.0 2.0 -0.0 -0.0; 32.0 -0.0 -0.0 -0.0; 31.0 -0.0 -0.0 -0.0; -0.0 -0.0 -0.0 -0.0; -0.0 -0.0 -0.0 -0.0; -0.0 -0.0 -0.0 -0.0]
partition_bb,"[[[54.0, 40.0, 31.0, 21.0, 20.0, 10.0, 9.0, 0.0, 0.0, 0.0], [36.0, 25.0, 19.0, 3.0, 2.0, 21.0, 22.0, 16.0, 10.0, 35.0], [31.0, 17.0, 21.0, 37.0, 36.0, 18.0, 17.0, 2.0, 0.0, 0.0], [20.0, 22.0, 43.0, 27.0, 26.0, 22.0, 21.0, 6.0, 0.0, 0.0], [37.0, 51.0, 30.0, 28.0, 28.0, 9.0, 8.0, 0.0, 0.0, 0.0], [13.0, 8.0, 29.0, 13.0, 13.0, 32.0, 30.0, 16.0, 0.0, 0.0], [42.0, 28.0, 19.0, 11.0, 11.0, 29.0, 31.0, 16.0, 0.0, 0.0]], [[3.0, 13.0, 20.0, 36.0, 36.0, 17.0, 16.0, 1.0, 10.0, 35.0]], [[15.0, 29.0, 19.0, 35.0, 36.0, 17.0, 16.0, 16.0, 0.0, 0.0]], Vector{Float64}[]]"
y_box,[53.0 -0.0 -0.0 -0.0 25.0 -0.0 -0.0 -0.0 -0.0 -0.0; -0.0 8.0 0.0 -0.0 -0.0 -0.0 22.0 9.0 10.0 -0.0; -0.0 -0.0 -0.0 0.0 -0.0 -0.0 -0.0 7.0 -0.0 19.0; 1.0 -0.0 -0.0 31.0 -0.0 0.0 -0.0 -0.0 -0.0 -0.0;;; -0.0 27.99999076027864 36.00000923643074 14.0 -0.0 -0.0 -0.0 -0.0 -0.0 -0.0; -0.0 -0.0 -0.0 17.0 32.0 -0.0 -0.0 -0.0 -0.0 -0.0; -0.0 -0.0 -0.0 -0.0 -0.0 -0.0 -0.0 16.0 10.0 -0.0; -0.0 -0.0 -0.0 -0.0 -0.0 -0.0 -0.0 -0.0 -0.0 32.0;;; -0.0 42.0 8.0 28.0 -0.0 -0.0 -0.0 -0.0 -0.0 -0.0; -0.0 -0.0 -0.0 9.0 36.0 4.0 0.0 -0.0 0.0 -0.0; -0.0 -0.0 -0.0 -0.0 -0.0 4.0 -0.0 12.0 10.0 -0.0; -0.0 -0.0 -0.0 -0.0 -0.0 -0.0 -0.0 4.0 -0.0 28.0;;; 2.0 40.0 36.0 0.0 -0.0 -0.0 -0.0 -0.0 -0.0 -0.0; -0.0 -0.0 -0.0 21.0 22.0 -0.0 6.0 -0.0 -0.0 -0.0; -0.0 -0.0 -0.0 -0.0 -0.0 -0.0 -0.0 16.0 10.0 -0.0; -0.0 -0.0 -0.0 -0.0 -0.0 -0.0 -0.0 -0.0 -0.0 32.0]
evol_bb,"[[5.451, 1.7521244413036365e7], [224.27, 1.752124441303636e7]]"
y_bb,[0.0 51.0 0.0 0.0 0.0 -0.0 -0.0 -0.0 -0.0 -0.0; -0.0 -0.0 -0.0 37.0 36.0 -0.0 -0.0 -0.0 -0.0 -0.0; -0.0 -0.0 -0.0 -0.0 -0.0 0.0 0.0 16.0 10.0 -0.0; -0.0 -0.0 -0.0 -0.0 -0.0 -0.0 -0.0 -0.0 -0.0 35.0;;; -0.0 -0.0 20.0 -0.0 -0.0 15.0 16.0 -0.0 -0.0 -0.0; 3.0 0.0 -0.0 25.0 34.0 -0.0 -0.0 1.0 10.0 -0.0; -0.0 -0.0 -0.0 11.0 -0.0 2.0 -0.0 -0.0 -0.0 13.0; -0.0 13.0 -0.0 -0.0 -0.0 -0.0 -0.0 -0.0 -0.0 22.0;;; 0.0 -0.0 18.0 -0.0 -0.0 17.0 16.0 -0.0 -0.0 -0.0; 15.0 4.0 -0.0 -0.0 36.0 -0.0 -0.0 16.0 -0.0 -0.0; -0.0 25.0 1.0 -0.0 -0.0 -0.0 -0.0 -0.0 -0.0 -0.0; -0.0 0.0 -0.0 35.0 -0.0 -0.0 -0.0 -0.0 -0.0 -0.0;;; -0.0 -0.0 -0.0 -0.0 -0.0 -0.0 -0.0 -0.0 -0.0 -0.0; -0.0 -0.0 -0.0 -0.0 -0.0 -0.0 -0.0 -0.0 -0.0 -0.0; -0.0 -0.0 -0.0 -0.0 -0.0 -0.0 -0.0 -0.0 -0.0 -0.0; -0.0 -0.0 -0.0 -0.0 -0.0 -0.0 -0.0 -0.0 -0.0 -0.0]
evol_box,"[[0.534, 0.0], [2.417, 5958.355373590486], [2.538, 443146.5291679837], [2.612, 443146.529168327], [2.718, 443146.529168327], [3.231, 3.836759557351836e6], [3.444, 4.384458690343034e6], [3.633, 4.384458690343034e6], [3.935, 5.698627644551784e6], [4.302, 6.792517894895241e6], [5.112, 6.792604479326978e6], [5.691, 7.340035643405023e6], [6.34, 7.340035643405024e6], [7.072, 7.340035643405023e6], [7.792, 7.559425814074427e6], [8.7, 7.668309230653444e6], [11.111, 7.668309230653444e6], [12.307, 7.996781503889887e6], [14.784, 8.216032012981675e6], [17.017, 8.325255164948382e6], [19.566, 8.325710976135586e6], [22.786, 8.544245575979603e6], [26.203, 8.87242713642117e6], [28.994, 9.09143680233602e6], [31.441, 9.091443917164229e6], [33.483, 9.20085717396354e6], [37.175, 9.310531582110867e6], [51.534, 9.310802446589395e6], [64.138, 9.419878577998009e6], [69.79, 9.419878577998009e6], [73.933, 9.419985758172523e6], [79.378, 9.419986926974095e6], [96.827, 9.638909662878085e6], [115.567, 9.638934760913648e6], [127.002, 9.638947994801968e6], [134.992, 9.857960930427346e6], [143.293, 9.857970966718327e6], [172.828, 9.85812475402067e6], [287.869, 9.967303024921253e6], [319.63, 9.967693986267272e6], [344.163, 1.0186166665326627e7], [405.406, 1.0186419926153423e7], [424.709, 1.0295770693258412e7], [719.124, 1.0295826995617537e7], [754.443, 1.0296206323364388e7], [891.825, 1.0405297386976462e7], [944.415, 1.0405341438235775e7], [1025.268, 1.0405666542282932e7], [1117.14, 1.0514809610557191e7], [1208.073, 1.0514988753585601e7], [1262.977, 1.0624289069439877e7], [1370.556, 1.0624601210382259e7], [1488.487, 1.0733680076591086e7], [1815.559, 1.0733929839856151e7], [1977.308, 1.0734298952776127e7], [2348.466, 1.0842984610268392e7], [2610.114, 1.0842984610268392e7], [2978.302, 1.0843187923091877e7], [3172.813, 1.084327215355297e7], [3600.062, 1.0843306436487073e7]]"
y_pb,[[-0.0 51.0 0.0 -0.0 -0.0 -0.0 -0.0 -0.0 -0.0 -0.0; -0.0 -0.0 -0.0 36.99999999999999 36.0 -0.0 -0.0 -0.0 -0.0 -0.0; -0.0 -0.0 -0.0 -0.0 -0.0 -0.0 -0.0 16.0 10.0 -0.0; -0.0 -0.0 -0.0 -0.0 -0.0 -0.0 -0.0 -0.0 -0.0 35.0;;;]]
x_bb,"[51.0, 73.0, 26.0, 35.0]"
x_box,"[78.0, 49.0, 26.0, 32.0]"
evol_zeta,"[[2.501, 35.0], [2.545, 34.0], [2.628, 29.666666666666668], [2.733, 24.75], [3.282, 19.0], [3.459, 19.625000000000004], [3.649, 19.125], [3.95, 17.444444444444457], [4.348, 19.0], [5.124, 16.0], [5.726, 14.777777777777779], [6.385, 16.0], [7.088, 14.555555555555557], [7.831, 13.875], [8.714, 15.25], [11.152, 14.599999999999994], [12.33, 13.444444444444443], [14.823, 14.111111111111114], [17.043, 14.099999999999998], [19.582, 12.7], [22.803, 12.125000000000002], [26.239, 12.11111111111111], [29.01, 13.444444444444448], [31.483, 13.444444444444445], [33.509, 11.0], [37.221, 10.600000000000001], [51.552, 11.25], [64.156, 12.099999999999996], [69.804, 11.300000000000004], [73.974, 11.75], [79.398, 11.375], [96.843, 11.444444444444443], [115.612, 9.000000001000004], [127.022, 11.799999999999999], [135.044, 10.0], [143.333, 10.0], [172.852, 9.625], [287.884, 10.0], [319.65, 11.666666666666668], [344.185, 10.0], [405.432, 10.0], [424.73, 10.0], [719.146, 9.333333333333336], [754.463, 9.0], [891.851, 9.0], [944.439, 9.0], [1025.293, 9.0], [1117.164, 9.11111111111111], [1208.088, 9.111114218686394], [1263.006, 10.0], [1370.589, 7.4285714285714235], [1488.512, 10.25], [1815.571, 9.999999999999972], [1977.333, 9.88888888888889], [2348.493, 9.0], [2610.152, 9.000000001000004], [2978.344, 6.875], [3172.839, 9.111111111111114], [3600.077, 0.0]]"
ξ_box,[54.0 32.0 30.0 48.0; 46.0 27.99999076527864 43.0 40.0; 31.0 41.0 37.0 36.0; 31.0 31.0 37.0 21.0; 31.0 32.0 36.0 22.0; 23.0 32.0 19.0 27.0; 22.0 30.0 21.0 29.0; 16.0 16.0 16.0 16.0; 10.0 10.0 10.0 10.0; 19.0 32.0 35.0 35.0]
