first,second
s_box,[0.0 9.0 9.0; 0.0 5.0 5.0; 0.0 0.0 0.0; 0.0 0.0 0.0; 0.0 0.0 0.0; 0.0 0.0 0.0; 0.0 21.0 11.0; 24.0 0.0 0.0; 53.0 0.0 0.0; 0.0 43.0 53.0]
x_pb,"[48.0, 37.0, -0.0, 54.0]"
s_bb,[9.0 -0.0 -0.0; 5.0 5.0 -0.0; -0.0 -0.0 -0.0; -0.0 -0.0 -0.0; -0.0 17.0 -0.0; 5.0 23.0 -0.0; 21.0 -0.0 5.0; 0.0 -0.0 -0.0; -0.0 45.0 -0.0; 51.0 -0.0 -0.0]
partition_bb,"[[[0.0, 0.0, 0.0, 0.0, 11.0, 23.0, 6.0, 22.0, 46.0, 33.0], [0.0, 0.0, 0.0, 0.0, 6.0, 18.0, 10.0, 19.0, 38.0, 51.0], [0.0, 0.0, 0.0, 3.0, 15.0, 3.0, 21.0, 37.0, 15.0, 5.0], [9.0, 5.0, 0.0, 0.0, 12.0, 3.0, 21.0, 18.0, 42.0, 29.0], [0.0, 0.0, 0.0, 0.0, 0.0, 0.0, 14.0, 30.0, 54.0, 41.0], [9.0, 5.0, 8.0, 5.0, 17.0, 19.0, 21.0, 37.0, 13.0, 5.0]], [[0.0, 0.0, 0.0, 0.0, 0.0, 0.0, 16.0, 25.0, 44.0, 57.0], [9.0, 5.0, 8.0, 5.0, 17.0, 23.0, 5.0, 6.0, 25.0, 38.0], [9.0, 5.0, 8.0, 5.0, 11.0, 23.0, 21.0, 33.0, 16.0, 8.0], [0.0, 0.0, 7.0, 4.0, 7.0, 0.0, 11.0, 27.0, 51.0, 38.0]], [[0.0, 0.0, 8.0, 5.0, 0.0, 0.0, 12.0, 28.0, 52.0, 39.0]]]"
y_box,[7.0 4.0 6.0 0.0 14.0 1.0 21.0 0.0 0.0 0.0; 0.0 0.0 0.0 0.0 0.0 0.0 0.0 0.0 0.0 37.0; 0.0 0.0 0.0 0.0 0.0 0.0 0.0 0.0 0.0 0.0; 0.0 0.0 0.0 3.0 0.0 15.0 0.0 11.0 0.0 20.0;;; 0.0 0.0 8.0 5.0 17.0 23.0 0.0 0.0 0.0 0.0; 0.0 0.0 0.0 0.0 0.0 0.0 0.0 37.0 0.0 0.0; 0.0 0.0 0.0 0.0 0.0 0.0 0.0 0.0 0.0 0.0; 0.0 0.0 0.0 0.0 0.0 0.0 0.0 0.0 42.0 7.0;;; 0.0 0.0 8.0 5.0 17.0 23.0 0.0 0.0 0.0 0.0; 0.0 0.0 0.0 0.0 0.0 0.0 3.0 30.0 4.0 0.0; 0.0 0.0 0.0 0.0 0.0 0.0 0.0 0.0 0.0 0.0; 0.0 0.0 0.0 0.0 0.0 0.0 0.0 0.0 49.0 0.0]
evol_bb,"[[0.465, 1.0132674400174737e7], [0.818, 1.0132674400174735e7], [18.397, 1.00282386508352e7], [73.661, 1.0028238650835197e7], [225.535, 1.0028228241796363e7], [413.022, 9.81933592503962e6], [1248.564, 9.506044167647261e6], [1248.584, 9.506037811204419e6], [1248.857, 9.505997449904501e6]]"
y_bb,[0.0 0.0 8.0 5.0 17.0 18.0 -0.0 -0.0 -0.0 -0.0; -0.0 -0.0 -0.0 -0.0 -0.0 -0.0 0.0 37.0 -0.0 -0.0; -0.0 -0.0 -0.0 -0.0 -0.0 -0.0 -0.0 -0.0 0.0 -0.0; -0.0 -0.0 -0.0 -0.0 -0.0 -0.0 -0.0 -0.0 54.0 -0.0;;; 9.0 -0.0 -0.0 5.0 -0.0 -0.0 21.0 -0.0 -0.0 13.0; 0.0 -0.0 0.0 -0.0 -0.0 -0.0 0.0 31.0 6.0 -0.0; -0.0 0.0 -0.0 -0.0 -0.0 -0.0 -0.0 -0.0 -0.0 0.0; -0.0 -0.0 8.0 -0.0 0.0 0.0 -0.0 2.0 -0.0 44.0;;; -0.0 -0.0 -0.0 -0.0 -0.0 -0.0 7.0 -0.0 2.0 39.0; -0.0 -0.0 -0.0 -0.0 -0.0 -0.0 -0.0 -0.0 37.0 -0.0; -0.0 -0.0 -0.0 -0.0 -0.0 -0.0 -0.0 -0.0 0.0 -0.0; -0.0 -0.0 8.0 5.0 -0.0 -0.0 -0.0 28.0 13.0 0.0]
evol_box,"[[0.423, 0.0], [1.847, 315418.2093556352], [1.927, 315418.2093556353], [1.946, 524181.779314965], [2.009, 1.672906291399636e6], [2.099, 2.4041235310478527e6], [2.23, 3.135200368020909e6], [2.353, 3.135200368020909e6], [2.494, 3.6572147776477514e6], [2.737, 3.761869613745599e6], [2.909, 4.283963904132051e6], [3.059, 4.91058247365864e6], [3.261, 5.119497290700118e6], [3.874, 5.4326861827114355e6], [4.118, 5.537215039263675e6], [4.763, 6.059476420350311e6], [5.435, 6.164020297009155e6], [6.239, 6.26836027251785e6], [7.344, 6.268432082517065e6], [8.287, 6.2684954170569815e6], [10.555, 6.372784306290653e6], [11.481, 6.372814895485427e6], [13.309, 6.581603121853812e6], [14.894, 6.5817040104563935e6], [16.768, 6.686127954052731e6], [17.393, 6.686170052684385e6], [19.437, 6.686233705918387e6], [21.603, 6.790617936162729e6], [23.706, 6.790650362134541e6], [25.841, 6.790729310083949e6], [28.313, 6.999532318276348e6], [30.843, 6.99954031796257e6], [33.149, 6.999598697922722e6], [34.499, 7.103950901092993e6], [43.219, 7.312747101487876e6], [44.833, 7.312769127140172e6], [47.279, 7.417123979862272e6], [51.476, 7.417162104713991e6], [56.958, 7.417172069951994e6], [59.642, 7.41720786301247e6], [62.539, 7.41720786301247e6], [67.872, 7.417235116236677e6], [70.365, 7.417270652052004e6], [74.219, 7.417248701772622e6], [79.397, 7.417277461945239e6], [84.954, 7.417311031133599e6], [88.923, 7.521562076870776e6], [100.964, 7.521681274615049e6], [113.601, 7.521707404725969e6], [137.864, 7.626008235249148e6], [143.584, 7.626008235249149e6], [148.94, 7.626016296619016e6], [152.889, 7.626072256317329e6], [157.215, 7.626098137769292e6], [166.135, 7.626122079390015e6], [171.505, 7.626133018843142e6], [182.478, 7.626158310538916e6], [192.952, 7.626180550997265e6], [204.437, 7.730454393627521e6], [241.888, 7.730519532132915e6], [248.67, 7.730524130623056e6], [265.759, 7.730525919968778e6], [272.778, 7.730527132027334e6], [292.157, 7.730558359143842e6], [298.179, 7.83495847502953e6], [314.779, 7.834997794879833e6], [322.686, 7.834999919032074e6], [333.015, 7.835004517522214e6], [356.851, 7.835011127761578e6], [397.659, 7.835043029696715e6], [406.906, 7.939374058844457e6], [466.619, 7.939382535990913e6], [486.29, 7.939408115181869e6], [520.402, 7.939400742282566e6], [557.448, 7.939490500428815e6], [608.064, 8.043792868762637e6], [642.724, 8.043803277801473e6], [657.97, 8.043803277801473e6], [697.662, 8.04383023095375e6], [736.394, 8.043835816803472e6], [776.688, 8.043841402653193e6], [796.881, 8.043867494038967e6], [810.855, 8.043871352618799e6], [821.228, 8.043877103387801e6], [832.857, 8.043881926576917e6], [866.825, 8.043906317839289e6], [900.509, 8.0439100172422305e6], [1049.141, 8.043924496753416e6], [1096.548, 8.043942944052404e6], [1172.531, 8.148218209063336e6], [1195.783, 8.148268078799362e6], [1247.696, 8.148241713708861e6], [1283.802, 8.148273273336412e6], [1606.406, 8.148286448799944e6], [2040.181, 8.148297557702514e6], [2221.85, 8.148300269315471e6], [2464.265, 8.148300269315471e6], [2530.653, 8.148300269315471e6], [2592.571, 8.148300269315471e6], [2652.312, 8.148300269315471e6], [2829.455, 8.148300269315471e6], [2927.404, 8.148310778181242e6], [3029.745, 8.148318663276033e6], [3387.629, 8.148320962521103e6], [3466.652, 8.148323261766173e6], [3543.931, 8.148325561011244e6], [3600.022, 8.14833839416719e6]]"
y_pb,[[-0.0 -0.0 8.0 5.0 17.0 18.0 -0.0 -0.0 -0.0 -0.0; -0.0 -0.0 -0.0 -0.0 -0.0 -0.0 -0.0 36.99999999999999 -0.0 -0.0; -0.0 -0.0 -0.0 -0.0 -0.0 -0.0 -0.0 -0.0 0.0 -0.0; -0.0 -0.0 -0.0 -0.0 -0.0 -0.0 -0.0 -0.0 54.0 -0.0;;;]]
x_bb,"[48.0, 37.0, 0.0, 54.0]"
x_box,"[53.0, 37.0, 0.0, 49.0]"
evol_zeta,"[[1.916, 23.0], [1.935, 22.166666666666664], [1.954, 16.66666666666667], [2.015, 15.0], [2.107, 12.0], [2.236, 13.000000000000002], [2.357, 12.428571428571429], [2.5, 12.000000000000027], [2.742, 12.0], [2.915, 9.000000000000002], [3.067, 9.000000000000004], [3.266, 9.400000000000015], [3.881, 9.0], [4.125, 9.0], [4.77, 9.0], [5.441, 7.249999987581502], [6.247, 7.666666666666667], [7.352, 7.625], [8.296, 8.0], [10.56, 9.0], [11.486, 9.142857142857146], [13.32, 7.3333333333333], [14.901, 8.0], [16.773, 6.8], [17.402, 8.0], [19.446, 6.500000754358733], [21.611, 6.199999999999996], [23.714, 9.857142857142861], [25.848, 8.000000000900002], [28.322, 8.0], [30.853, 6.0], [33.158, 9.2], [34.505, 6.0], [43.229, 5.750000000000013], [44.843, 5.285714285714283], [47.289, 4.5], [51.484, 5.857142857142857], [56.967, 5.0], [59.649, 6.0], [62.548, 6.0], [67.947, 6.857142857142858], [70.373, 6.0], [74.224, 4.125], [79.406, 5.833333333333333], [84.962, 5.333333333333331], [88.932, 5.333333333333333], [100.97, 6.875], [113.609, 4.5], [137.87, 6.444444444444444], [143.594, 8.0], [148.951, 4.000000000500001], [152.898, 4.399999999999999], [157.228, 4.0], [166.147, 4.375], [171.514, 5.0], [182.487, 5.833333333333329], [192.966, 4.0], [204.443, 4.000000000500002], [241.896, 4.333333333333329], [248.679, 4.333333333333334], [265.769, 4.0], [272.785, 6.0], [292.167, 3.0], [298.189, 3.0], [314.789, 3.0], [322.7, 3.4000000000000004], [333.026, 3.3333333333333397], [356.86, 2.799999999999997], [397.666, 2.333333333333332], [406.917, 3.499999999999997], [466.626, 4.0], [486.296, 3.444444444444443], [520.412, 4.0], [557.456, 4.142857142857144], [608.075, 3.5714285714285716], [642.737, 2.4999999999999942], [657.976, 3.2857142857142865], [697.672, 2.0], [736.405, 3.5714285714285765], [776.698, 3.3749999999999964], [796.894, 3.4444444444444446], [810.861, 4.0], [821.237, 2.75], [832.866, 2.9999999999999916], [866.835, 2.200000000000003], [900.523, 2.0], [1049.152, 2.124999999999993], [1096.562, 2.2857142857142843], [1172.536, 3.0], [1195.795, 4.125], [1247.711, 2.0], [1283.816, 2.2499999999999996], [1606.418, 3.0], [2040.194, 2.0], [2221.859, 2.6249999999999964], [2464.274, 3.3333333333333286], [2530.659, 4.285714285714285], [2592.583, 1.9999999999999951], [2652.323, 2.0000000003000005], [2829.465, 3.249999999999975], [2927.409, 4.0], [3029.757, 2.500000000000001], [3387.641, 1.9999999999999936], [3466.663, 1.6666666666666643], [3543.944, 2.0], [3600.035, 0.0]]"
ξ_box,[7.0 9.0 9.0; 4.0 5.0 5.0; 6.0 8.0 8.0; 3.0 5.0 5.0; 14.0 17.0 17.0; 16.0 23.0 23.0; 21.0 21.0 14.0; 35.0 37.0 30.0; 53.0 42.0 53.0; 57.0 50.0 53.0]
