first,second
s_box,[17.0 -0.0; -0.0 -0.0; -0.0 18.0; -0.0 15.0; 12.0 12.0; 20.0 20.0; -0.0 23.0; -0.0 16.0; -0.0 -0.0; 54.0 -0.0]
x_pb,"[-0.0, 80.0, 43.0, 54.0]"
s_bb,[-0.0 -0.0; 31.0 -0.0; 13.0 18.0; -0.0 15.0; -0.0 12.0; 20.0 20.0; -0.0 23.0; -0.0 16.0; 39.0 0.0; -0.0 -0.0]
partition_bb,"[[[0.0, 0.0, 11.0, 15.0, 12.0, 17.0, 18.0, 22.0, 29.0, 54.0], [40.0, 16.0, 11.0, 15.0, 12.0, 8.0, 9.0, 13.0, 39.0, 14.0], [0.0, 3.0, 18.0, 14.0, 12.0, 15.0, 16.0, 20.0, 27.0, 52.0], [0.0, 23.0, 8.0, 8.0, 10.0, 15.0, 16.0, 20.0, 27.0, 52.0], [0.0, 0.0, 6.0, 10.0, 12.0, 20.0, 23.0, 28.0, 26.0, 51.0], [4.0, 28.0, 13.0, 10.0, 8.0, 13.0, 14.0, 18.0, 25.0, 50.0], [6.0, 30.0, 15.0, 12.0, 9.0, 10.0, 11.0, 15.0, 22.0, 47.0], [7.0, 31.0, 16.0, 13.0, 10.0, 9.0, 10.0, 14.0, 21.0, 46.0]], [[47.0, 23.0, 18.0, 15.0, 12.0, 9.0, 11.0, 15.0, 0.0, 4.0], [41.0, 17.0, 12.0, 9.0, 6.0, 8.0, 9.0, 13.0, 20.0, 45.0], [9.0, 33.0, 18.0, 15.0, 12.0, 10.0, 9.0, 13.0, 39.0, 14.0], [9.0, 33.0, 18.0, 15.0, 12.0, 20.0, 23.0, 28.0, 15.0, 4.0], [8.0, 32.0, 17.0, 14.0, 11.0, 9.0, 10.0, 14.0, 21.0, 46.0]]]"
y_box,[-0.0 -0.0 -0.0 -0.0 -0.0 -0.0 -0.0 -0.0 -0.0 -0.0; 10.0 31.0 -0.0 -0.0 -0.0 -0.0 -0.0 -0.0 39.0 -0.0; 13.0 -0.0 18.0 15.0 -0.0 -0.0 5.0 -0.0 0.0 -0.0; -0.0 -0.0 -0.0 -0.0 -0.0 -0.0 18.0 28.0 -0.0 -0.0;;; 0.0 -0.0 -0.0 -0.0 -0.0 -0.0 -0.0 -0.0 -0.0 -0.0; 47.0 33.0 -0.0 -0.0 -0.0 -0.0 -0.0 -0.0 -0.0 -0.0; -0.0 -0.0 -0.0 -0.0 0.0 0.0 0.0 12.0 39.0 -0.0; -0.0 -0.0 -0.0 -0.0 -0.0 -0.0 -0.0 -0.0 -0.0 46.0]
evol_bb,"[[0.387, 1.2150685083821248e7], [4.122, 1.1500005766500631e7], [4.364, 1.1391507075952685e7], [5.156, 1.1283076883639455e7]]"
y_bb,[-0.0 -0.0 -0.0 -0.0 -0.0 -0.0 -0.0 -0.0 -0.0 -0.0; -0.0 -0.0 -0.0 9.0 -0.0 -0.0 -0.0 17.0 -0.0 54.0; 40.0 0.0 5.0 6.0 -0.0 0.0 -0.0 -0.0 -0.0 -0.0; -0.0 -0.0 -0.0 -0.0 12.0 -0.0 23.0 11.0 0.0 0.0;;; 0.0 -0.0 -0.0 -0.0 -0.0 -0.0 -0.0 -0.0 -0.0 -0.0; 47.0 33.0 0.0 0.0 -0.0 -0.0 -0.0 -0.0 -0.0 -0.0; -0.0 -0.0 -0.0 -0.0 0.0 -0.0 -0.0 12.0 39.0 -0.0; -0.0 -0.0 -0.0 -0.0 -0.0 -0.0 -0.0 -0.0 -0.0 46.0]
evol_box,"[[0.447, 0.0], [2.228, 112491.49244823774], [2.319, 112491.49244823774], [2.334, 4.667104729779283e6], [2.351, 4.667104729779283e6], [2.367, 7.052940552125123e6], [2.427, 7.812369947759641e6], [2.498, 8.35485087604774e6], [2.553, 8.463027299470218e6], [2.612, 8.788720950882848e6], [2.675, 9.113791868395612e6], [2.754, 9.22251181898766e6], [2.833, 9.439432313682206e6], [2.917, 9.87318379733047e6], [3.005, 1.0090125374485895e7], [3.08, 1.041525084774878e7], [3.156, 1.0849214579340385e7], [3.243, 1.0957623598480815e7], [3.335, 1.0957623598480815e7], [3.429, 1.095762359848079e7], [3.536, 1.095772380857128e7], [3.635, 1.0957723808571279e7], [3.74, 1.0957723808571279e7], [3.856, 1.0957753246687906e7], [3.973, 1.128302335262946e7], [4.098, 1.1283033260029176e7], [4.265, 1.1283033260029176e7], [4.384, 1.1283076883639453e7], [4.521, 1.1283076883639446e7], [4.664, 1.1283076883639453e7], [4.802, 1.1283076883639453e7]]"
y_pb,[[0.0 -0.0 -0.0 -0.0 -0.0 -0.0 -0.0 -0.0 -0.0 -0.0; 47.0 33.0 -0.0 -0.0 -0.0 -0.0 -0.0 -0.0 -0.0 -0.0; -0.0 -0.0 -0.0 -0.0 -0.0 -0.0 -0.0 4.0 39.0 -0.0; -0.0 -0.0 -0.0 -0.0 -0.0 -0.0 -0.0 -0.0 -0.0 54.0;;;]]
x_bb,"[0.0, 80.0, 51.0, 46.0]"
x_box,"[0.0, 80.0, 51.0, 46.0]"
evol_zeta,"[[1.835, 54.0], [2.309, 47.0], [2.323, 42.7], [2.34, 15.0], [2.353, 15.0], [2.37, 11.0], [2.431, 11.0], [2.505, 14.0], [2.557, 10.0], [2.619, 11.0], [2.678, 11.0], [2.757, 10.0], [2.841, 6.0], [2.92, 10.0], [3.009, 6.0], [3.084, 8.0], [3.164, 7.666666666666664], [3.251, 5.0], [3.338, 3.200000000000003], [3.438, 3.000000000000001], [3.539, 4.0], [3.642, 6.800000000000023], [3.747, 3.5], [3.863, 2.1999999999999957], [3.983, 2.0], [4.103, 1.2999999999999972], [4.268, 0.5], [4.389, 0.5999999999999943], [4.528, 1.0], [4.67, 0.20000000000000284], [4.811, 0.0]]"
ξ_box,[40.0 47.0; 31.0 33.0; 18.0 18.0; 15.0 15.0; 12.0 12.0; 20.0 20.0; 23.0 23.0; 28.0 28.0; 39.0 39.0; 54.0 46.0]
