first,second
s_box,[20.0 18.999990099453836 -0.0 1.000007419500526; 6.0 24.0 24.0 -0.0; 8.0 18.0 30.0 27.0; -0.0 -0.0 0.0 -0.0; -0.0 9.999999999999996 -0.0 16.0; -0.0 -0.0 2.0 -0.0; 23.0 -0.0 -0.0 12.0; -0.0 -0.0 -0.0 -0.0; -0.0 -0.0 -0.0 -0.0; 14.0 -0.0 15.0 14.0]
x_pb,"[26.0, 56.0, 5.000000000000001, 30.0]"
s_bb,[20.0 -0.0 -0.0 -0.0; 24.0 24.0 -0.0 -0.0; 29.0 30.0 -0.0 -0.0; -0.0 -0.0 -0.0 -0.0; 24.0 7.0 -0.0 -0.0; 20.0 -0.0 -0.0 -0.0; -0.0 -0.0 -0.0 -0.0; -0.0 -0.0 -0.0 -0.0; -0.0 -0.0 -0.0 -0.0; -0.0 -0.0 -0.0 -0.0]
partition_bb,"[[[0.0, 2.0, 6.0, 16.0, 18.0, 21.0, 23.0, 33.0, 1.0, 0.0], [0.0, 0.0, 1.0, 11.0, 13.0, 16.0, 18.0, 28.0, 3.0, 28.0], [0.0, 24.0, 18.0, 10.0, 8.0, 10.0, 12.0, 22.0, 0.0, 0.0], [20.0, 2.0, 6.0, 16.0, 18.0, 15.0, 17.0, 27.0, 0.0, 0.0], [0.0, 23.0, 29.0, 19.0, 17.0, 14.0, 13.0, 3.0, 0.0, 0.0], [0.0, 8.0, 12.0, 22.0, 24.0, 21.0, 19.0, 11.0, 0.0, 0.0], [0.0, 11.0, 15.0, 25.0, 23.0, 20.0, 18.0, 8.0, 0.0, 0.0], [0.0, 1.0, 0.0, 10.0, 12.0, 15.0, 17.0, 27.0, 5.0, 30.0]], [[20.0, 23.0, 19.0, 9.0, 7.0, 4.0, 2.0, 0.0, 5.0, 30.0], [0.0, 24.0, 30.0, 20.0, 18.0, 15.0, 13.0, 3.0, 0.0, 0.0]], Vector{Float64}[], Vector{Float64}[]]"
y_box,[-0.0 -0.0 2.0 20.0 18.0 0.0 -0.0 -0.0 -0.0 -0.0; -0.0 -0.0 -0.0 -0.0 4.0 21.0 -0.0 33.0 3.0 -0.0; -0.0 -0.0 -0.0 -0.0 0.0 -0.0 -0.0 -0.0 1.0 -0.0; -0.0 -0.0 -0.0 -0.0 -0.0 -0.0 -0.0 -0.0 -0.0 15.0;;; -0.0 -0.0 -0.0 20.0 11.0 9.0 -0.0 -0.0 -0.0 -0.0; -0.0 -0.0 -0.0 -0.0 -0.0 12.0 23.0 26.0 -0.0 -0.0; -0.0 -0.0 -0.0 -0.0 -0.0 -0.0 -0.0 -0.0 1.0 -0.0; -0.0 -0.0 -0.0 -0.0 -0.0 -0.0 -0.0 -0.0 -0.0 15.0;;; 0.0 -0.0 -0.0 20.0 20.0 -0.0 -0.0 -0.0 -0.0 -0.0; -0.0 -0.0 -0.0 -0.0 -0.0 15.0 16.0 26.0 4.0 -0.0; -0.0 -0.0 -0.0 -0.0 -0.0 -0.0 -0.0 -0.0 1.0 -0.0; -0.0 -0.0 -0.0 -0.0 -0.0 -0.0 -0.0 -0.0 -0.0 15.0;;; -0.0 2.0 1.0 -0.0 -0.0 14.0 -0.0 18.0 5.0 -0.0; 18.999992577499476 22.0 -0.0 18.999999999999996 1.0 -0.0 0.0 0.0 0.0 0.0; -0.0 -0.0 -0.0 -0.0 -0.0 -0.0 0.0 -0.0 -0.0 1.0; -0.0 -0.0 -0.0 -0.0 -0.0 -0.0 -0.0 -0.0 -0.0 15.0]
evol_bb,"[[0.59, 1.5189656634888463e7], [4.285, 1.5189656634888459e7], [2547.53, 1.506095543054289e7]]"
y_bb,[0.0 0.0 0.0 25.0 0.0 1.0 0.0 -0.0 -0.0 -0.0; -0.0 -0.0 -0.0 -0.0 -0.0 -0.0 23.0 33.0 0.0 -0.0; -0.0 -0.0 -0.0 -0.0 -0.0 -0.0 -0.0 -0.0 5.0 -0.0; -0.0 -0.0 -0.0 -0.0 -0.0 -0.0 -0.0 -0.0 -0.0 30.0;;; 18.0 0.0 -0.0 -0.0 -0.0 0.0 8.0 0.0 -0.0 -0.0; 2.0 -0.0 0.0 20.0 11.0 15.0 -0.0 -0.0 5.0 3.0; -0.0 -0.0 -0.0 -0.0 -0.0 -0.0 5.0 -0.0 -0.0 -0.0; -0.0 -0.0 -0.0 0.0 -0.0 -0.0 -0.0 3.0 -0.0 27.0;;; -0.0 -0.0 -0.0 -0.0 -0.0 -0.0 -0.0 -0.0 -0.0 -0.0; -0.0 -0.0 -0.0 -0.0 -0.0 -0.0 -0.0 -0.0 -0.0 -0.0; -0.0 -0.0 -0.0 -0.0 -0.0 -0.0 -0.0 -0.0 -0.0 -0.0; -0.0 -0.0 -0.0 -0.0 -0.0 -0.0 -0.0 -0.0 -0.0 -0.0;;; -0.0 -0.0 -0.0 -0.0 -0.0 -0.0 -0.0 -0.0 -0.0 -0.0; -0.0 -0.0 -0.0 -0.0 -0.0 -0.0 -0.0 -0.0 -0.0 -0.0; -0.0 -0.0 -0.0 -0.0 -0.0 -0.0 -0.0 -0.0 -0.0 -0.0; -0.0 -0.0 -0.0 -0.0 -0.0 -0.0 -0.0 -0.0 -0.0 -0.0]
evol_box,"[[0.396, 0.0], [1.951, 389696.97592512675], [2.046, 389696.9759251267], [2.087, 389904.0848159881], [2.178, 390466.8747124897], [2.368, 2.83483428805091e6], [2.813, 3.6068791814153153e6], [3.487, 3.735724432489549e6], [3.827, 4.765224402790598e6], [4.436, 4.765263793921495e6], [6.83, 5.280242775223535e6], [7.902, 5.280242775223535e6], [9.8, 5.280242775223535e6], [11.138, 5.794799655289994e6], [13.028, 6.180970354310541e6], [14.27, 6.438059769459159e6], [16.953, 6.438768064056546e6], [19.881, 6.695824366607251e6], [21.632, 6.824908276111531e6], [29.193, 7.081770822665128e6], [32.184, 7.210226490522645e6], [35.692, 7.210933657447334e6], [40.548, 7.210949797199651e6], [42.286, 7.339013073816797e6], [45.793, 7.467639739591438e6], [48.88, 7.596373723510638e6], [59.547, 7.72543236771526e6], [71.246, 7.725461767202181e6], [78.922, 7.853743352628146e6], [87.938, 7.853764715604709e6], [120.976, 8.111130927121954e6], [135.035, 8.111130927121954e6], [151.616, 8.239827958868492e6], [157.592, 8.240004961591655e6], [163.983, 8.3684948761559175e6], [175.342, 8.369001002290418e6], [205.127, 8.49722448146618e6], [222.451, 8.497558034779305e6], [296.845, 8.497558034779305e6], [339.138, 8.497701464161156e6], [389.418, 8.625938083409995e6], [401.707, 8.626023563769942e6], [453.904, 8.625980086839467e6], [531.627, 8.754675112566601e6], [629.627, 8.754684562620763e6], [690.236, 8.75534274050958e6], [709.513, 8.883328390443264e6], [734.372, 8.883390809182804e6], [753.574, 8.883680225169167e6], [853.532, 8.883875609663831e6], [885.193, 9.012031249702744e6], [914.75, 9.012039193256442e6], [962.535, 9.012935783265997e6], [1323.387, 9.140701510348583e6], [1352.231, 9.140735719888015e6], [1388.691, 9.140735719888015e6], [1711.31, 9.140735719888015e6], [2334.857, 9.140735719888015e6], [2890.417, 9.14074039760201e6], [3154.505, 9.140755587805625e6], [3216.898, 9.141305476863623e6], [3600.029, 9.14110034424179e6]]"
y_pb,[[-0.0 -0.0 -0.0 24.999999999999996 -0.0 1.0 -0.0 -0.0 -0.0 -0.0; -0.0 -0.0 -0.0 -0.0 -0.0 -0.0 23.0 33.0 -0.0 -0.0; -0.0 -0.0 -0.0 -0.0 -0.0 -0.0 -0.0 -0.0 5.0 -0.0; -0.0 -0.0 -0.0 -0.0 -0.0 -0.0 -0.0 -0.0 -0.0 30.0;;;]]
x_bb,"[26.0, 56.0, 5.0, 30.0]"
x_box,"[40.0, 61.0, 1.0, 15.0]"
evol_zeta,"[[2.028, 30.0], [2.059, 18.625], [2.096, 18.625000000000004], [2.19, 17.28571428571429], [2.382, 16.249999999999982], [2.825, 16.25], [3.502, 16.555555555555557], [3.839, 15.125000000000007], [4.451, 15.0], [6.843, 15.0], [7.917, 11.857142857142858], [9.816, 11.142857142857139], [11.157, 11.11111111111111], [13.037, 11.0], [14.281, 14.75], [16.972, 11.11111111111111], [19.893, 14.000000000000018], [21.645, 11.222222222222221], [29.209, 9.875], [32.201, 10.25], [35.706, 10.222222222222221], [40.564, 11.125], [42.299, 13.0], [45.811, 10.0], [48.894, 9.75], [59.564, 8.428571428571413], [71.261, 8.000000000000009], [78.937, 9.75], [87.951, 8.0], [120.997, 8.75], [135.048, 8.625], [151.637, 8.5], [157.606, 8.142857142857142], [163.991, 6.999999999999999], [175.356, 8.0], [205.14, 7.75], [222.462, 7.000000000800014], [296.869, 6.5], [339.158, 7.625], [389.439, 6.428571428571431], [401.723, 7.375], [453.926, 6.777777777777759], [531.652, 6.375], [629.643, 6.5], [690.246, 8.625], [709.528, 8.0], [734.391, 6.25], [753.588, 6.428571428571431], [853.553, 6.888888888888889], [885.203, 9.0], [914.768, 6.75], [962.552, 6.111111111111111], [1323.402, 6.625], [1352.256, 6.199999999999998], [1388.711, 6.5], [1711.326, 6.33333333333333], [2334.886, 6.333333333333333], [2890.426, 6.285714286442868], [3154.521, 5.375], [3216.922, 4.999999999999943], [3600.046, 0.0]]"
ξ_box,[20.0 18.999990104453836 0.0 20.0; 6.0 24.0 24.0 24.0; 10.0 18.0 30.0 28.0; 20.0 20.0 20.0 19.0; 22.0 21.0 20.0 17.0; 21.0 21.0 17.0 14.0; 23.0 23.0 16.0 12.0; 33.0 26.0 26.0 18.0; 4.0 1.0 5.0 5.0; 29.0 15.0 30.0 30.0]
