first,second
s_box,[11.0 0.0 42.0 0.0 0.0; 0.0 49.0 0.0 35.0 29.0; 43.0 29.0 0.0 36.0 40.0; 43.0 0.0 0.0 0.0 0.0; 0.0 19.0 0.0 0.0 0.0; 0.0 0.0 38.0 0.0 0.0; 0.0 0.0 18.0 0.0 0.0; 0.0 0.0 0.0 22.0 16.0; 0.0 0.0 0.0 0.0 0.0; 0.0 0.0 0.0 4.0 12.0]
x_pb,"[104.0, 50.0, -0.0, 29.0]"
s_bb,[59.0 -0.0 -0.0 -0.0 -0.0; -0.0 -0.0 -0.0 -0.0 -0.0; 0.0 -0.0 -0.0 -0.0 -0.0; 49.0 -0.0 -0.0 -0.0 -0.0; 0.0 -0.0 -0.0 -0.0 -0.0; 54.0 -0.0 -0.0 -0.0 -0.0; 28.0 -0.0 -0.0 -0.0 -0.0; 16.0 -0.0 -0.0 -0.0 -0.0; -0.0 -0.0 -0.0 -0.0 -0.0; 18.0 -0.0 -0.0 -0.0 -0.0]
partition_bb,"[[[59.0, 40.0, 35.0, 28.0, 24.0, 0.0, 0.0, 0.0, 0.0, 0.0], [1.0, 20.0, 6.0, 13.0, 15.0, 54.0, 28.0, 22.0, 15.0, 10.0], [15.0, 19.0, 39.0, 46.0, 50.0, 11.0, 6.0, 1.0, 0.0, 0.0], [36.0, 55.0, 35.0, 28.0, 24.0, 6.0, 0.0, 0.0, 0.0, 0.0], [25.0, 29.0, 49.0, 42.0, 38.0, 1.0, 0.0, 0.0, 0.0, 0.0], [0.0, 19.0, 0.0, 4.0, 0.0, 2.0, 28.0, 22.0, 23.0, 18.0], [18.0, 22.0, 42.0, 49.0, 45.0, 6.0, 1.0, 0.0, 0.0, 3.0]], [[18.0, 22.0, 42.0, 49.0, 45.0, 6.0, 1.0, 0.0, 0.0, 0.0]], Vector{Float64}[], Vector{Float64}[], Vector{Float64}[]]"
y_box,[0.0 44.0 0.0 0.0 16.0 0.0 0.0 8.0 0.0 0.0; 0.0 0.0 0.0 0.0 23.0 0.0 0.0 0.0 11.0 18.0; 0.0 0.0 0.0 0.0 0.0 0.0 0.0 0.0 0.0 0.0; 48.0 0.0 0.0 0.0 0.0 0.0 0.0 0.0 0.0 0.0;;; 45.0 0.0 0.0 0.0 20.0 3.0 0.0 0.0 0.0 0.0; 0.0 0.0 0.0 0.0 0.0 41.0 0.0 11.0 0.0 0.0; 0.0 0.0 0.0 0.0 0.0 0.0 0.0 0.0 0.0 0.0; 0.0 0.0 0.0 38.0 1.0 0.0 18.0 1.0 5.0 0.0;;; 0.0 44.0 24.0 0.0 0.0 0.0 0.0 0.0 0.0 0.0; 0.0 0.0 0.0 24.0 28.0 0.0 0.0 0.0 0.0 0.0; 0.0 0.0 0.0 0.0 0.0 0.0 0.0 0.0 0.0 0.0; 0.0 0.0 0.0 0.0 0.0 0.0 9.0 21.0 15.0 18.0;;; 20.0 0.0 0.0 29.0 19.0 0.0 0.0 0.0 0.0 0.0; 0.0 0.0 0.0 0.0 12.0 40.0 0.0 0.0 0.0 0.0; 0.0 0.0 0.0 0.0 0.0 0.0 0.0 0.0 0.0 0.0; 0.0 0.0 0.0 0.0 0.0 14.0 28.0 0.0 15.0 6.0;;; 23.0 0.0 0.0 43.0 2.0 0.0 0.0 0.0 0.0 0.0; 0.0 0.0 0.0 0.0 44.0 8.0 0.0 0.0 0.0 0.0; 0.0 0.0 0.0 0.0 0.0 0.0 0.0 0.0 0.0 0.0; 0.0 0.0 0.0 0.0 0.0 14.0 20.0 0.0 23.0 6.0]
evol_bb,"[[6.9, 2.4152646072875574e7], [33.213, 2.4152646072875567e7]]"
y_bb,[0.0 55.0 49.0 -0.0 -0.0 -0.0 -0.0 -0.0 -0.0 -0.0; -0.0 -0.0 -0.0 0.0 50.0 -0.0 -0.0 -0.0 -0.0 -0.0; -0.0 -0.0 -0.0 -0.0 0.0 0.0 -0.0 -0.0 -0.0 -0.0; -0.0 -0.0 -0.0 -0.0 -0.0 -0.0 -0.0 6.0 23.0 0.0;;; 18.0 -0.0 42.0 38.0 -0.0 6.0 -0.0 -0.0 -0.0 -0.0; -0.0 -0.0 -0.0 11.0 38.0 -0.0 1.0 -0.0 -0.0 -0.0; -0.0 -0.0 -0.0 0.0 -0.0 -0.0 -0.0 -0.0 -0.0 -0.0; -0.0 22.0 -0.0 -0.0 7.0 -0.0 -0.0 -0.0 -0.0 -0.0;;; -0.0 -0.0 -0.0 -0.0 -0.0 -0.0 -0.0 -0.0 -0.0 -0.0; -0.0 -0.0 -0.0 -0.0 -0.0 -0.0 -0.0 -0.0 -0.0 -0.0; -0.0 -0.0 -0.0 -0.0 -0.0 -0.0 -0.0 -0.0 -0.0 -0.0; -0.0 -0.0 -0.0 -0.0 -0.0 -0.0 -0.0 -0.0 -0.0 -0.0;;; -0.0 -0.0 -0.0 -0.0 -0.0 -0.0 -0.0 -0.0 -0.0 -0.0; -0.0 -0.0 -0.0 -0.0 -0.0 -0.0 -0.0 -0.0 -0.0 -0.0; -0.0 -0.0 -0.0 -0.0 -0.0 -0.0 -0.0 -0.0 -0.0 -0.0; -0.0 -0.0 -0.0 -0.0 -0.0 -0.0 -0.0 -0.0 -0.0 -0.0;;; -0.0 -0.0 -0.0 -0.0 -0.0 -0.0 -0.0 -0.0 -0.0 -0.0; -0.0 -0.0 -0.0 -0.0 -0.0 -0.0 -0.0 -0.0 -0.0 -0.0; -0.0 -0.0 -0.0 -0.0 -0.0 -0.0 -0.0 -0.0 -0.0 -0.0; -0.0 -0.0 -0.0 -0.0 -0.0 -0.0 -0.0 -0.0 -0.0 -0.0]
evol_box,"[[0.403, 0.0], [2.077, 326234.6890456523], [2.184, 326234.6890456523], [2.34, 758060.549074081], [2.535, 758060.5490740802], [2.806, 758060.5490740802], [3.298, 3.1293185378681347e6], [5.544, 3.8840424124917546e6], [7.732, 3.8840424124917546e6], [9.358, 6.040091594162079e6], [10.657, 6.040091594162079e6], [13.774, 6.255721829422932e6], [16.426, 6.255994634192482e6], [19.293, 6.471464825865604e6], [22.875, 6.794943518346234e6], [29.455, 7.549667571982465e6], [35.75, 7.657459190535435e6], [41.529, 7.765284221524292e6], [49.428, 7.87312777771051e6], [60.142, 7.873127777710512e6], [70.503, 8.304128103675814e6], [99.922, 8.520007318645766e6], [124.316, 8.62766917413288e6], [147.266, 8.627702933342898e6], [224.144, 9.058941028093303e6], [288.987, 9.274503960770743e6], [393.189, 9.274507100897975e6], [777.18, 9.70569095605469e6], [938.339, 9.921332260838587e6], [1174.901, 9.921346044359315e6], [1396.762, 1.002912165676603e7], [1975.457, 1.0029155473966053e7], [2811.516, 1.013710694967169e7], [3344.481, 1.0244773179534681e7], [3600.061, 1.056830402012717e7]]"
y_pb,[[-0.0 54.99999999999999 49.0 -0.0 -0.0 -0.0 -0.0 -0.0 -0.0 -0.0; -0.0 -0.0 -0.0 -0.0 49.99999999999999 -0.0 -0.0 -0.0 -0.0 -0.0; -0.0 -0.0 -0.0 -0.0 0.0 -0.0 -0.0 -0.0 -0.0 -0.0; -0.0 -0.0 -0.0 -0.0 -0.0 -0.0 -0.0 6.0 23.0 -0.0;;;]]
x_bb,"[104.0, 50.0, -0.0, 29.0]"
x_box,"[68.0, 52.0, 0.0, 63.0]"
evol_zeta,"[[1.635, 58.4], [2.163, 54.000000000000014], [2.217, 43.22222222222222], [2.362, 30.857142857142858], [2.555, 27.428571428571427], [2.852, 23.333333333333332], [3.333, 23.0], [5.587, 21.222222443809745], [7.777, 21.5], [9.426, 19.1], [10.704, 18.666666666666664], [13.824, 18.1], [16.495, 18.333333333333332], [19.324, 18.555555555555557], [22.91, 18.0], [29.5, 16.888888888888893], [35.812, 15.0], [41.564, 17.77777777777778], [49.463, 17.22222222222222], [60.237, 15.875], [70.537, 15.100003898394043], [100.004, 15.599999999999994], [124.368, 15.0], [147.363, 14.799999999999983], [224.18, 14.099999999999982], [289.019, 14.400000000000006], [393.224, 13.999999999999993], [777.235, 15.5], [938.4, 15.125], [1174.978, 14.5], [1396.816, 12.875], [1975.517, 13.60000000000001], [2811.6, 12.125], [3344.543, 13.333333333333336], [3600.076, 0.0]]"
ξ_box,[59.0 45.0 42.0 20.0 23.0; 44.0 49.0 44.0 34.0 29.0; 43.0 29.0 24.0 36.0 40.0; 43.0 36.0 24.0 29.0 43.0; 39.0 40.0 28.0 31.000000000000004 46.0; 0.0 44.0 38.00000000000001 54.0 22.0; 0.0 18.0 27.0 28.0 20.0; 8.0 12.0 21.0 22.0 16.0; 11.0 5.0 15.0 15.0 23.0; 18.0 0.0 18.0 10.0 18.0]
