first,second
s_box,[-0.0 -0.0; -0.0 3.0; -0.0 1.0; -0.0 -0.0; -0.0 -0.0; -0.0 11.0; 10.0 -0.0; 6.0 -0.0; -0.0 -0.0; -0.0 -0.0]
x_pb,"[67.0, -0.0, 15.0, 41.0]"
s_bb,[0.0 -0.0; 0.0 -0.0; 0.0 -0.0; 0.0 -0.0; 0.0 -0.0; 0.0 -0.0; 10.0 -0.0; 6.0 -0.0; 0.0 -0.0; 0.0 -0.0]
partition_bb,"[[[0.0, 0.0, 1.0, 10.0, 17.0, 27.0, 10.0, 21.0, 7.0, 2.0], [2.0, 4.0, 1.0, 16.0, 17.0, 11.0, 10.0, 21.0, 23.0, 18.0]], Vector{Float64}[]]"
y_box,[2.0 4.0 1.0 16.0 17.0 27.0 -0.0 -0.0 -0.0 -0.0; -0.0 -0.0 -0.0 -0.0 -0.0 -0.0 0.0 0.0 -0.0 -0.0; -0.0 -0.0 -0.0 -0.0 -0.0 -0.0 -0.0 15.0 0.0 -0.0; -0.0 -0.0 -0.0 -0.0 -0.0 -0.0 -0.0 -0.0 23.0 18.0;;; 0.0 -0.0 -0.0 16.0 0.0 16.0 10.0 21.0 4.0 -0.0; -0.0 -0.0 -0.0 -0.0 -0.0 -0.0 -0.0 -0.0 -0.0 -0.0; -0.0 -0.0 -0.0 -0.0 -0.0 -0.0 0.0 -0.0 8.0 7.0; -0.0 4.0 1.0 -0.0 17.0 -0.0 -0.0 8.0 -0.0 11.0]
evol_bb,"[[0.352, 2.0399654948373833e6]]"
y_bb,[2.0 4.0 1.0 16.0 17.0 27.0 -0.0 -0.0 -0.0 -0.0; -0.0 -0.0 -0.0 -0.0 -0.0 -0.0 -0.0 -0.0 -0.0 -0.0; -0.0 -0.0 -0.0 -0.0 -0.0 -0.0 -0.0 15.0 -0.0 -0.0; -0.0 -0.0 -0.0 -0.0 -0.0 -0.0 -0.0 -0.0 23.0 18.0;;; -0.0 -0.0 -0.0 -0.0 -0.0 -0.0 -0.0 -0.0 -0.0 -0.0; -0.0 -0.0 -0.0 -0.0 -0.0 -0.0 -0.0 -0.0 -0.0 -0.0; -0.0 -0.0 -0.0 -0.0 -0.0 -0.0 -0.0 -0.0 -0.0 -0.0; -0.0 -0.0 -0.0 -0.0 -0.0 -0.0 -0.0 -0.0 -0.0 -0.0]
evol_box,"[[0.597, 0.0], [2.81, 2674.440982008636], [2.914, 2674.440982008636], [2.924, 2674.440982008636], [2.958, 384708.0233362372], [2.977, 639284.0042817612], [3.029, 1.4033206614528256e6], [3.056, 1.5306676309450916e6], [3.078, 1.7852913260039627e6], [3.167, 1.785315539397128e6], [3.201, 1.9126286874974389e6], [3.228, 1.9126286874976098e6], [3.372, 1.9126286874976086e6], [3.485, 1.9126286874976098e6], [3.537, 1.9126357472348725e6], [3.599, 1.9126367233918714e6], [3.841, 2.0399654948373837e6]]"
y_pb,[[2.0 4.0 1.0 16.0 17.0 27.0 -0.0 -0.0 -0.0 -0.0; -0.0 -0.0 -0.0 -0.0 -0.0 -0.0 -0.0 0.0 -0.0 -0.0; -0.0 -0.0 -0.0 -0.0 -0.0 -0.0 -0.0 15.0 -0.0 -0.0; -0.0 -0.0 -0.0 -0.0 -0.0 -0.0 -0.0 -0.0 23.0 18.0;;;]]
x_bb,"[67.0, 0.0, 15.0, 41.0]"
x_box,"[67.0, 0.0, 15.0, 41.0]"
evol_zeta,"[[2.29, 27.0], [2.906, 16.0], [2.917, 10.0], [2.944, 6.0], [2.961, 6.0], [2.979, 5.0], [3.037, 4.0], [3.059, 2.0], [3.09, 1.0000000002000036], [3.181, 1.0], [3.204, 1.0], [3.23, 1.0], [3.375, 1.0], [3.488, 1.0], [3.547, 1.0], [3.612, 1.0], [3.845, 0.0]]"
ξ_box,[2.0 0.0; 4.0 4.0; 1.0 1.0; 16.0 16.0; 17.0 17.0; 27.0 27.0; 10.0 10.0; 21.0 18.0; 23.0 12.0; 18.0 18.0]
