first,second
s_box,[-0.0 -0.0 11.0 8.000000926016071; 5.0 5.0 -0.0 5.0; 9.0 9.0 9.0 -0.0; 11.0 16.0 3.0 16.0; 34.99999993776054 -0.0 28.0 -0.0; 0.0 -0.0 -0.0 -0.0; -0.0 -0.0 5.000000483748965 25.0; -0.0 -0.0 -0.0 -0.0; -0.0 29.0 -0.0 -0.0; -0.0 0.0 4.0 5.0]
x_pb,"[32.0, -0.0, 27.0, 71.0]"
s_bb,[-0.0 -0.0 -0.0 -0.0; 5.0 5.0 -0.0 -0.0; 9.0 9.0 -0.0 -0.0; 16.0 -0.0 -0.0 -0.0; 34.0 35.0 -0.0 -0.0; -0.0 -0.0 -0.0 -0.0; 18.0 -0.0 -0.0 -0.0; -0.0 2.0 -0.0 -0.0; -0.0 -0.0 -0.0 -0.0; 5.0 -0.0 -0.0 -0.0]
partition_bb,"[[[32.0, 5.0, 9.0, 2.0, 13.0, 21.0, 25.0, 11.0, 12.0, 0.0], [19.0, 0.0, 0.0, 7.0, 32.0, 24.0, 20.0, 15.0, 14.0, 0.0], [15.0, 0.0, 0.0, 0.0, 23.0, 15.0, 15.0, 28.0, 29.0, 5.0], [18.0, 5.0, 9.0, 16.0, 19.0, 19.0, 23.0, 9.0, 9.0, 5.0], [15.0, 0.0, 0.0, 0.0, 23.0, 27.0, 31.0, 17.0, 17.0, 0.0], [11.0, 0.0, 2.0, 9.0, 34.0, 26.0, 22.0, 17.0, 16.0, 0.0], [0.0, 5.0, 9.0, 2.0, 14.0, 22.0, 18.0, 29.0, 28.0, 5.0]], [[0.0, 0.0, 3.0, 10.0, 35.0, 27.0, 23.0, 18.0, 17.0, 0.0], [9.0, 5.0, 9.0, 16.0, 8.0, 0.0, 0.0, 0.0, 0.0, 4.0], [0.0, 2.0, 6.0, 0.0, 19.0, 27.0, 31.0, 22.0, 23.0, 0.0]], Vector{Float64}[], Vector{Float64}[]]"
y_box,[25.0 0.0 -0.0 -0.0 -0.0 -0.0 -0.0 -0.0 -0.0 -0.0; -0.0 -0.0 -0.0 -0.0 5.8906123153893864e-8 -0.0 -0.0 -0.0 -0.0 -0.0; -0.0 -0.0 -0.0 -0.0 -0.0 27.0 -0.0 -0.0 -0.0 -0.0; -0.0 -0.0 -0.0 -0.0 -0.0 -0.0 30.99999994114643 24.0 23.0 -0.0;;; 10.0 0.0 -0.0 0.0 10.00000005357278 -0.0 -0.0 -0.0 -0.0 5.0; -0.0 -0.0 -0.0 -0.0 -0.0 -0.0 0.0 -0.0 -0.0 -0.0; -0.0 -0.0 -0.0 -0.0 -0.0 -0.0 27.0 -0.0 -0.0 -0.0; -0.0 -0.0 -0.0 -0.0 22.99999994476055 26.0 -0.0 29.0 0.0 -0.0;;; 20.0 5.0 0.0 -0.0 -0.0 -0.0 -0.0 -0.0 -0.0 -0.0; -0.0 -0.0 -0.0 0.0 -0.0 -0.0 -0.0 -0.0 -0.0 -0.0; -0.0 -0.0 -0.0 -0.0 -0.0 27.0 -0.0 0.0 -0.0 -0.0; -0.0 -0.0 -0.0 -0.0 -0.0 0.0 18.999999945260548 29.0 29.0 1.0;;; 23.999999072317262 0.0 -0.0 0.0 -0.0 -0.0 -0.0 -0.0 1.000000920258494 -0.0; -0.0 -0.0 -0.0 -0.0 -0.0 5.5572775171125e-8 -0.0 -0.0 -0.0 -0.0; -0.0 -0.0 -0.0 -0.0 -0.0 -0.0 -0.0 21.0 6.0 -0.0; -0.0 -0.0 9.0 -0.0 27.000000180051696 21.000000311197283 3.6677005822496845e-7 3.0 17.999999086559708 -0.0]
evol_bb,"[[1.174, 1.1029127725478332e7], [3591.446, 1.0903808134033103e7]]"
y_bb,[32.0 0.0 -0.0 -0.0 -0.0 -0.0 -0.0 -0.0 -0.0 -0.0; -0.0 -0.0 0.0 0.0 0.0 -0.0 -0.0 -0.0 -0.0 -0.0; -0.0 -0.0 -0.0 -0.0 -0.0 27.0 -0.0 0.0 -0.0 -0.0; -0.0 -0.0 -0.0 -0.0 -0.0 -0.0 13.0 29.0 29.0 0.0;;; -0.0 0.0 0.0 16.0 -0.0 8.0 8.0 -0.0 -0.0 -0.0; -0.0 -0.0 -0.0 -0.0 -0.0 -0.0 -0.0 -0.0 -0.0 0.0; -0.0 -0.0 -0.0 -0.0 -0.0 -0.0 23.0 -0.0 -0.0 4.0; 9.0 -0.0 -0.0 0.0 0.0 19.0 -0.0 20.0 23.0 -0.0;;; -0.0 -0.0 -0.0 -0.0 -0.0 -0.0 -0.0 -0.0 -0.0 -0.0; -0.0 -0.0 -0.0 -0.0 -0.0 -0.0 -0.0 -0.0 -0.0 -0.0; -0.0 -0.0 -0.0 -0.0 -0.0 -0.0 -0.0 -0.0 -0.0 -0.0; -0.0 -0.0 -0.0 -0.0 -0.0 -0.0 -0.0 -0.0 -0.0 -0.0;;; -0.0 -0.0 -0.0 -0.0 -0.0 -0.0 -0.0 -0.0 -0.0 -0.0; -0.0 -0.0 -0.0 -0.0 -0.0 -0.0 -0.0 -0.0 -0.0 -0.0; -0.0 -0.0 -0.0 -0.0 -0.0 -0.0 -0.0 -0.0 -0.0 -0.0; -0.0 -0.0 -0.0 -0.0 -0.0 -0.0 -0.0 -0.0 -0.0 -0.0]
evol_box,"[[0.479, 0.0], [2.077, 377860.84298916796], [2.18, 502667.05246829404], [2.235, 502667.0524681434], [2.346, 502667.0524682941], [2.584, 1.8815132066910362e6], [3.05, 2.132033497129553e6], [3.646, 4.011692936179265e6], [4.579, 4.137031080847384e6], [5.544, 4.137031080847384e6], [6.818, 4.387215995996923e6], [9.235, 4.387215995996924e6], [12.102, 5.013794089042406e6], [13.598, 5.139138673596897e6], [16.186, 5.765969785907218e6], [19.371, 5.766021110552533e6], [21.733, 5.891157028374324e6], [23.909, 5.891429003639357e6], [28.48, 6.016806759046756e6], [34.488, 6.141690276230176e6], [39.788, 6.267093374065053e6], [44.562, 6.267154645729077e6], [51.263, 6.267261437273553e6], [60.276, 6.392331617583269e6], [70.487, 6.392671293015884e6], [79.912, 6.517783791732477e6], [87.622, 6.642962543268623e6], [94.299, 6.642962543268623e6], [106.264, 6.643038382962555e6], [114.301, 6.768386022838527e6], [127.025, 6.768561348492427e6], [140.831, 6.768602950705165e6], [157.693, 6.768603407840241e6], [187.758, 6.893616009151633e6], [212.874, 6.893616009151632e6], [239.126, 6.893777515209222e6], [260.764, 6.893838202772149e6], [310.25, 7.019010922736447e6], [421.452, 7.019042131803691e6], [462.813, 7.01904213180369e6], [492.635, 7.019040286826944e6], [561.732, 7.019061797769636e6], [599.77, 7.019099570563413e6], [765.116, 7.144361723248923e6], [842.994, 7.144496936481904e6], [937.802, 7.144597251730745e6], [1020.78, 7.144689717167169e6], [1084.54, 7.269564754260525e6], [1170.556, 7.269707720081339e6], [1422.207, 7.269867073248246e6], [1514.588, 7.269965387845041e6], [1670.566, 7.394999061162641e6], [1711.227, 7.394999061162641e6], [1896.036, 7.394999061162641e6], [2103.911, 7.395200070387902e6], [2274.548, 7.394999061162641e6], [2686.283, 7.520193448004367e6], [3068.894, 7.520203937150991e6], [3538.287, 7.520340163550566e6], [3600.058, 7.520437290942276e6]]"
y_pb,[[32.0 -0.0 -0.0 -0.0 -0.0 -0.0 -0.0 -0.0 -0.0 -0.0; -0.0 -0.0 -0.0 -0.0 0.0 -0.0 -0.0 -0.0 -0.0 -0.0; -0.0 -0.0 -0.0 -0.0 -0.0 27.0 -0.0 -0.0 -0.0 -0.0; -0.0 -0.0 -0.0 -0.0 -0.0 -0.0 13.000000000000007 28.999999999999996 28.999999999999996 -0.0;;;]]
x_bb,"[32.0, 0.0, 27.0, 71.0]"
x_box,"[25.0, 5.883035291190853e-8, 27.0, 77.99999994366965]"
evol_zeta,"[[2.156, 32.0], [2.186, 21.5], [2.253, 16.0], [2.385, 14.55555555555555], [2.604, 13.624999999999998], [3.076, 12.0], [3.653, 12.0], [4.595, 12.0], [5.559, 11.285714285714288], [6.838, 10.0], [9.26, 9.0], [12.126, 10.125], [13.603, 9.0], [16.196, 10.571428613923636], [19.39, 8.75], [21.741, 10.000000000000007], [23.925, 9.0], [28.501, 9.0], [34.506, 8.0], [39.818, 6.857142857142854], [44.572, 7.0], [51.277, 7.625], [60.288, 8.222222222222221], [70.504, 7.100000000000001], [79.932, 7.0], [87.631, 9.0], [94.315, 7.0], [106.273, 6.0], [114.321, 7.875], [127.044, 8.11111111111111], [140.845, 7.125], [157.704, 6.222222222222222], [187.777, 7.428571428571428], [212.901, 6.166666666666661], [239.159, 4.999999999999998], [260.782, 6.0], [310.264, 6.750000000000001], [421.472, 5.000001499701504], [462.836, 6.125], [492.664, 5.625], [561.749, 6.0], [599.781, 5.833332810451317], [765.13, 7.0], [843.008, 5.166667583025909], [937.827, 5.750000000000012], [1020.794, 6.0], [1084.563, 5.0], [1170.574, 5.000000000600002], [1422.227, 5.125], [1514.601, 5.428571428571431], [1670.592, 5.0], [1711.243, 5.0], [1896.049, 5.000000000600002], [2103.927, 5.375], [2274.577, 5.0000002498502525], [2686.299, 5.0], [3068.917, 5.0], [3538.311, 5.666666666666664], [3600.072, 0.0]]"
ξ_box,[25.0 10.0 31.0 32.0; 5.0 5.0 5.0 5.0; 9.0 9.0 9.0 9.0; 11.0 16.0 3.0 16.0; 35.0 33.0 28.0 27.000000181718363; 27.0 26.0 27.0 21.000000368436726; 30.99999994313547 27.0 24.00000043067618 25.000000368436726; 24.0 29.0 29.0 24.0; 23.0 29.0 29.0 25.0; 0.0 5.0 5.0 5.0]
