first,second
s_box,[-0.0 -0.0 -0.0 -0.0 -0.0; -0.0 -0.0 -0.0 22.0 -0.0; -0.0 15.0 -0.0 -0.0 10.999991920395777; -0.0 3.0 -0.0 -0.0 3.0; -0.0 2.0 -0.0 -0.0 -0.0; -0.0 -0.0 -0.0 -0.0 -0.0; -0.0 0.0 -0.0 -0.0 -0.0; 23.0 -0.0 7.0 -0.0 -0.0; 37.0 31.0 28.0 25.0 9.0; -0.0 10.0 26.0 13.0 37.999995960197865]
x_pb,"[-0.0, -0.0, 63.0, 111.0]"
s_bb,[-0.0 -0.0 -0.0 -0.0 -0.0; -0.0 -0.0 -0.0 -0.0 -0.0; -0.0 -0.0 -0.0 -0.0 -0.0; -0.0 -0.0 -0.0 -0.0 -0.0; 0.0 -0.0 -0.0 -0.0 -0.0; -0.0 -0.0 -0.0 -0.0 -0.0; 0.0 -0.0 -0.0 -0.0 -0.0; 35.0 -0.0 -0.0 -0.0 -0.0; 41.0 -0.0 -0.0 -0.0 -0.0; 45.0 -0.0 1.0 -0.0 -0.0]
partition_bb,"[[[0.0, 0.0, 0.0, 0.0, 12.0, 24.0, 28.0, 33.0, 37.0, 45.0], [7.0, 0.0, 17.0, 3.0, 38.0, 26.0, 22.0, 17.0, 18.0, 26.0], [12.0, 22.0, 5.0, 3.0, 5.0, 17.0, 21.0, 26.0, 30.0, 38.0], [0.0, 0.0, 0.0, 3.0, 27.0, 39.0, 32.0, 29.0, 23.0, 18.0], [18.0, 8.0, 20.0, 3.0, 30.0, 21.0, 14.0, 19.0, 26.0, 18.0], [0.0, 7.0, 0.0, 0.0, 16.0, 27.0, 32.0, 37.0, 30.0, 25.0], [4.0, 0.0, 0.0, 0.0, 13.0, 25.0, 29.0, 34.0, 41.0, 33.0]], [[4.0, 0.0, 0.0, 3.0, 16.0, 27.0, 32.0, 37.0, 30.0, 25.0]], [[0.0, 0.0, 0.0, 0.0, 13.0, 25.0, 29.0, 34.0, 41.0, 33.0]], Vector{Float64}[], Vector{Float64}[]]"
y_box,[-0.0 -0.0 -0.0 -0.0 -0.0 -0.0 -0.0 -0.0 -0.0 -0.0; -0.0 -0.0 -0.0 -0.0 -0.0 -0.0 -0.0 -0.0 -0.0 -0.0; 13.0 -0.0 13.0 -0.0 -0.0 14.0 -0.0 -0.0 -0.0 0.0; -0.0 16.0 -0.0 0.0 19.0 11.0 31.0 12.0 -0.0 45.0;;; -0.0 -0.0 -0.0 -0.0 -0.0 -0.0 -0.0 -0.0 -0.0 -0.0; -0.0 -0.0 -0.0 -0.0 -0.0 -0.0 -0.0 -0.0 -0.0 -0.0; 13.0 22.0 5.0 -0.0 -0.0 -0.0 -0.0 -0.0 -0.0 -0.0; -0.0 -0.0 -0.0 -0.0 31.0 31.0 24.0 24.0 0.0 24.0;;; -0.0 -0.0 -0.0 -0.0 -0.0 -0.0 -0.0 -0.0 -0.0 -0.0; -0.0 -0.0 -0.0 -0.0 -0.0 -0.0 -0.0 -0.0 -0.0 -0.0; 7.0 11.0 19.0 3.0 -0.0 -0.0 -0.0 -0.0 -0.0 -0.0; -0.0 -0.0 -0.0 -0.0 38.0 34.0 32.0 29.0 1.0 -0.0;;; -0.0 -0.0 -0.0 -0.0 -0.0 -0.0 -0.0 -0.0 -0.0 -0.0; -0.0 -0.0 -0.0 -0.0 -0.0 -0.0 -0.0 -0.0 -0.0 -0.0; 18.0 0.0 5.0 3.0 14.0 -0.0 -0.0 -0.0 -0.0 -0.0; -0.0 -0.0 -0.0 -0.0 20.0 35.0 28.0 32.0 0.0 19.0;;; -0.0 -0.0 -0.0 -0.0 -0.0 -0.0 -0.0 -0.0 -0.0 -0.0; -0.0 -0.0 -0.0 -0.0 -0.0 -0.0 -0.0 -0.0 -0.0 -0.0; 15.0 16.0 9.0 0.0 -0.0 -0.0 -0.0 -0.0 -0.0 -0.0; -0.0 0.0 8.076270938076389e-6 -0.0 33.0 21.0 24.0 29.0 26.999991925157634 -0.0]
evol_bb,"[[5.125, 1.5069195405918878e7], [191.979, 1.5069195405918874e7]]"
y_bb,[0.0 -0.0 -0.0 -0.0 -0.0 -0.0 -0.0 -0.0 -0.0 -0.0; 0.0 -0.0 -0.0 -0.0 -0.0 -0.0 -0.0 -0.0 -0.0 -0.0; 18.0 22.0 20.0 3.0 -0.0 -0.0 -0.0 -0.0 -0.0 -0.0; -0.0 -0.0 -0.0 -0.0 38.0 39.0 32.0 2.0 -0.0 0.0;;; -0.0 -0.0 -0.0 -0.0 -0.0 -0.0 -0.0 -0.0 0.0 -0.0; -0.0 -0.0 -0.0 -0.0 -0.0 0.0 -0.0 -0.0 -0.0 -0.0; -0.0 -0.0 -0.0 0.0 -0.0 0.0 26.0 37.0 0.0 0.0; 4.0 -0.0 -0.0 3.0 16.0 27.0 6.0 0.0 30.0 25.0;;; -0.0 -0.0 -0.0 -0.0 -0.0 -0.0 -0.0 0.0 -0.0 0.0; -0.0 -0.0 -0.0 -0.0 0.0 -0.0 0.0 -0.0 -0.0 -0.0; -0.0 -0.0 -0.0 -0.0 13.0 21.0 29.0 -0.0 0.0 -0.0; -0.0 -0.0 -0.0 -0.0 -0.0 4.0 -0.0 34.0 41.0 32.0;;; -0.0 -0.0 -0.0 -0.0 -0.0 -0.0 -0.0 -0.0 -0.0 -0.0; -0.0 -0.0 -0.0 -0.0 -0.0 -0.0 -0.0 -0.0 -0.0 -0.0; -0.0 -0.0 -0.0 -0.0 -0.0 -0.0 -0.0 -0.0 -0.0 -0.0; -0.0 -0.0 -0.0 -0.0 -0.0 -0.0 -0.0 -0.0 -0.0 -0.0;;; -0.0 -0.0 -0.0 -0.0 -0.0 -0.0 -0.0 -0.0 -0.0 -0.0; -0.0 -0.0 -0.0 -0.0 -0.0 -0.0 -0.0 -0.0 -0.0 -0.0; -0.0 -0.0 -0.0 -0.0 -0.0 -0.0 -0.0 -0.0 -0.0 -0.0; -0.0 -0.0 -0.0 -0.0 -0.0 -0.0 -0.0 -0.0 -0.0 -0.0]
evol_box,"[[0.414, 0.0], [2.138, 631870.4717356387], [2.234, 631870.4717356387], [2.267, 631870.4717356387], [2.308, 631870.4717356387], [2.381, 631870.4717356387], [2.456, 631870.4717356387], [2.835, 1.6259917910262672e6], [3.754, 2.3737951000493863e6], [5.208, 3.9923377938113925e6], [7.04, 3.9923377938113916e6], [9.006, 3.9923377938113925e6], [10.85, 4.73809006558082e6], [12.998, 4.862176801854358e6], [14.747, 4.986760973030089e6], [17.563, 5.1113412563941e6], [20.664, 5.360103882626379e6], [24.133, 5.608966312006122e6], [31.83, 6.106758901766095e6], [37.349, 6.106842225522026e6], [46.467, 6.106758927903487e6], [57.722, 6.106842225522022e6], [76.889, 6.2313718121941965e6], [145.015, 6.356395870138703e6], [168.394, 6.480506776349979e6], [210.408, 6.6047181390379295e6], [250.724, 6.6047181390379295e6], [334.483, 6.854307948559643e6], [399.589, 6.854701866309222e6], [514.044, 6.9781855348390695e6], [761.683, 7.102391121185437e6], [1005.116, 7.103164221573537e6], [1532.611, 7.227152390360745e6], [1868.169, 7.227376937394489e6], [2349.474, 7.351780503369037e6], [3133.171, 7.476108877176892e6], [3600.054, 7.601041832946625e6]]"
y_pb,[[0.0 -0.0 -0.0 -0.0 -0.0 -0.0 -0.0 -0.0 -0.0 -0.0; 0.0 -0.0 -0.0 -0.0 -0.0 -0.0 -0.0 -0.0 -0.0 -0.0; 18.0 22.0 20.0 3.0 -0.0 -0.0 -0.0 -0.0 -0.0 -0.0; -0.0 -0.0 -0.0 -0.0 38.0 39.0 32.0 2.0 -0.0 -0.0;;;]]
x_bb,"[-0.0, -0.0, 63.0, 111.0]"
x_box,"[-0.0, -0.0, 40.0, 134.0]"
evol_zeta,"[[1.767, 44.166666666666664], [2.214, 26.0], [2.244, 22.0], [2.277, 22.0], [2.323, 22.0], [2.393, 22.0], [2.471, 18.0], [2.855, 15.857142857142856], [3.772, 15.125], [5.221, 15.0], [7.069, 14.200000199620199], [9.025, 13.777777777777779], [10.887, 12.0], [13.027, 11.875], [14.771, 13.166666666666666], [17.595, 12.42857142857143], [20.695, 11.125], [24.149, 12.222222222222221], [31.853, 11.571428459659884], [37.371, 11.0], [46.489, 10.571428571428571], [57.747, 10.125], [76.913, 10.625], [145.036, 10.777777777777775], [168.415, 9.666666666666666], [210.431, 9.25], [250.757, 9.600000000000001], [334.504, 8.833333333333332], [399.617, 9.625000000000007], [514.079, 9.25], [761.701, 10.11111111111111], [1005.154, 8.666666666666666], [1532.634, 10.099999999999994], [1868.191, 8.0], [2349.5, 8.666666666666664], [3133.187, 9.571428571428571], [3600.069, 0.0]]"
ξ_box,[13.0 13.0 7.0 18.0 15.0; 16.0 22.0 11.0 22.0 16.0; 13.0 20.0 19.0 5.0 20.0; 0.0 3.0 3.0 3.0 3.0; 19.0 33.0 38.0 34.0 33.0; 25.0 31.0 34.0 35.0 21.0; 31.0 24.0 32.0 28.0 24.0; 35.0 24.0 36.0 32.0 29.0; 37.0 31.0 29.0 25.0 35.999991930157634; 45.0 34.0 26.0 32.0 37.99999596519786]
