first,second
s_box,[6.0 0.0 0.0 30.0 0.0; 0.0 5.0 5.0 5.0 5.0; 3.0 0.0 9.0 9.0 9.0; 0.0 0.0 0.0 4.0 16.0; 7.0 30.0 28.0 0.0 16.0; 0.0 0.0 8.0 0.0 0.0; 0.0 0.0 0.0 1.0 0.0; 0.0 14.0 0.0 0.0 0.0; 29.0 0.0 0.0 0.0 0.0; 5.0 0.0 0.0 0.0 5.0]
x_pb,"[32.0, -0.0, 27.0, 71.0]"
s_bb,[-0.0 6.0 -0.0 -0.0 -0.0; 5.0 -0.0 -0.0 -0.0 -0.0; 9.0 -0.0 -0.0 -0.0 -0.0; 16.0 16.0 -0.0 -0.0 -0.0; 35.0 22.0 -0.0 -0.0 -0.0; 0.0 -0.0 -0.0 -0.0 -0.0; 17.0 -0.0 -0.0 -0.0 -0.0; -0.0 -0.0 -0.0 -0.0 -0.0; -0.0 -0.0 -0.0 -0.0 -0.0; 5.0 -0.0 -0.0 -0.0 -0.0]
partition_bb,"[[[0.0, 0.0, 3.0, 10.0, 35.0, 27.0, 23.0, 18.0, 17.0, 0.0], [32.0, 5.0, 9.0, 2.0, 13.0, 21.0, 25.0, 11.0, 12.0, 0.0], [0.0, 5.0, 9.0, 2.0, 23.0, 15.0, 15.0, 28.0, 29.0, 5.0], [32.0, 5.0, 9.0, 16.0, 0.0, 0.0, 0.0, 0.0, 0.0, 0.0], [13.0, 0.0, 0.0, 6.0, 19.0, 27.0, 31.0, 17.0, 17.0, 0.0]], [[0.0, 5.0, 9.0, 16.0, 28.0, 25.0, 25.0, 11.0, 12.0, 0.0], [0.0, 4.0, 0.0, 7.0, 19.0, 27.0, 31.0, 19.0, 18.0, 5.0], [6.0, 0.0, 0.0, 0.0, 19.0, 27.0, 31.0, 23.0, 24.0, 0.0]], [[21.0, 5.0, 1.0, 0.0, 11.0, 15.0, 15.0, 28.0, 29.0, 5.0]], [[6.0, 0.0, 0.0, 0.0, 19.0, 27.0, 31.0, 17.0, 17.0, 0.0]], Vector{Float64}[]]"
y_box,[13.0 0.0 0.0 0.0 0.0 19.0 0.0 0.0 0.0 0.0; 0.0 0.0 0.0 0.0 5.0 0.0 0.0 0.0 0.0 0.0; 0.0 0.0 0.0 10.0 0.0 8.0 0.0 0.0 0.0 0.0; 0.0 0.0 0.0 0.0 23.0 0.0 23.0 29.0 0.0 0.0;;; 31.0 0.0 0.0 0.0 0.0 0.0 0.0 0.0 0.0 0.0; 0.0 0.0 0.0 0.0 1.0 0.0 0.0 0.0 0.0 0.0; 0.0 0.0 0.0 16.0 0.0 0.0 0.0 0.0 2.0 0.0; 0.0 0.0 9.0 0.0 0.0 24.0 26.0 0.0 11.0 0.0;;; 22.0 0.0 0.0 3.0 0.0 0.0 0.0 3.0 0.0 4.0; 0.0 0.0 0.0 0.0 0.0 0.0 5.0 0.0 0.0 0.0; 0.0 0.0 0.0 0.0 0.0 17.0 1.0 0.0 0.0 0.0; 0.0 0.0 0.0 0.0 0.0 0.0 23.0 24.0 28.0 0.0;;; 0.0 0.0 0.0 0.0 7.0 0.0 25.0 0.0 0.0 0.0; 0.0 0.0 0.0 0.0 0.0 0.0 5.0 0.0 0.0 0.0; 0.0 0.0 0.0 0.0 18.0 0.0 0.0 0.0 0.0 0.0; 0.0 0.0 0.0 7.0 0.0 27.0 0.0 20.0 21.0 0.0;;; 32.0 0.0 0.0 0.0 0.0 0.0 0.0 0.0 0.0 0.0; 0.0 0.0 0.0 0.0 5.0 0.0 0.0 0.0 0.0 0.0; 0.0 0.0 0.0 0.0 0.0 18.0 0.0 0.0 0.0 0.0; 0.0 0.0 0.0 0.0 0.0 0.0 22.0 26.0 27.0 0.0]
evol_bb,"[[1.312, 1.1029127725478334e7], [20.549, 1.1029127725478332e7], [3600.001, 1.0903822417025646e7]]"
y_bb,[32.0 0.0 -0.0 -0.0 -0.0 -0.0 -0.0 -0.0 -0.0 -0.0; -0.0 -0.0 0.0 -0.0 0.0 -0.0 -0.0 -0.0 -0.0 -0.0; -0.0 -0.0 -0.0 -0.0 -0.0 27.0 -0.0 -0.0 -0.0 -0.0; -0.0 -0.0 -0.0 -0.0 -0.0 -0.0 14.0 28.0 29.0 0.0;;; -0.0 5.0 9.0 -0.0 6.0 -0.0 12.0 -0.0 -0.0 0.0; -0.0 -0.0 -0.0 -0.0 -0.0 0.0 -0.0 0.0 -0.0 -0.0; -0.0 -0.0 -0.0 -0.0 -0.0 -0.0 -0.0 -0.0 22.0 5.0; 0.0 -0.0 -0.0 0.0 -0.0 27.0 19.0 23.0 2.0 -0.0;;; -0.0 -0.0 1.0 -0.0 0.0 11.0 15.0 -0.0 -0.0 5.0; -0.0 -0.0 0.0 -0.0 -0.0 -0.0 -0.0 -0.0 -0.0 -0.0; -0.0 5.0 -0.0 -0.0 -0.0 -0.0 -0.0 -0.0 22.0 -0.0; 21.0 -0.0 -0.0 -0.0 11.0 4.0 -0.0 28.0 7.0 0.0;;; 1.0 -0.0 -0.0 -0.0 -0.0 -0.0 31.0 -0.0 -0.0 -0.0; -0.0 -0.0 -0.0 -0.0 0.0 0.0 -0.0 -0.0 -0.0 -0.0; -0.0 -0.0 -0.0 -0.0 -0.0 -0.0 0.0 17.0 10.0 -0.0; 5.0 -0.0 -0.0 -0.0 19.0 27.0 -0.0 -0.0 7.0 -0.0;;; -0.0 -0.0 -0.0 -0.0 -0.0 -0.0 -0.0 -0.0 -0.0 -0.0; -0.0 -0.0 -0.0 -0.0 -0.0 -0.0 -0.0 -0.0 -0.0 -0.0; -0.0 -0.0 -0.0 -0.0 -0.0 -0.0 -0.0 -0.0 -0.0 -0.0; -0.0 -0.0 -0.0 -0.0 -0.0 -0.0 -0.0 -0.0 -0.0 -0.0]
evol_box,"[[0.405, 0.0], [1.981, 377860.8429891646], [2.099, 502667.0524682941], [2.175, 502667.0524682941], [2.299, 502667.0524682941], [2.442, 503168.7663724059], [2.956, 2.132099707298901e6], [3.757, 3.5105654433570574e6], [5.504, 3.8863594214852583e6], [7.162, 4.0115603992940933e6], [9.078, 4.0115603992940937e6], [12.318, 4.262329332416016e6], [14.958, 4.512651080023191e6], [17.857, 4.5129397816266045e6], [20.953, 4.63847667777073e6], [23.928, 4.638398484613665e6], [27.11, 4.638398484613665e6], [36.799, 5.1393057283386905e6], [40.654, 5.389891910093314e6], [43.663, 5.389891910093286e6], [56.161, 5.51518172753493e6], [61.529, 5.515203356270046e6], [77.901, 5.51551492227661e6], [127.395, 5.5157283790832e6], [171.565, 5.640557858114733e6], [243.562, 5.765980913029997e6], [365.182, 5.76595210041218e6], [374.192, 5.766025991043936e6], [443.917, 5.891133193114243e6], [554.579, 5.891265220050159e6], [641.282, 5.891292057943165e6], [793.724, 6.016612911323002e6], [839.341, 6.268173500272052e6], [1020.278, 6.016527192745583e6], [1302.395, 6.141932502768234e6], [1945.789, 6.141940060046537e6], [3563.016, 6.267214888522063e6], [3600.071, 6.39238773933745e6]]"
y_pb,[[32.0 -0.0 -0.0 -0.0 -0.0 -0.0 -0.0 -0.0 -0.0 -0.0; -0.0 -0.0 -0.0 -0.0 0.0 -0.0 -0.0 -0.0 -0.0 -0.0; -0.0 -0.0 -0.0 -0.0 -0.0 27.0 -0.0 -0.0 -0.0 -0.0; -0.0 -0.0 -0.0 -0.0 -0.0 -0.0 13.000000000000007 28.999999999999996 28.999999999999996 -0.0;;;]]
x_bb,"[32.0, -0.0, 27.0, 71.0]"
x_box,"[32.0, 5.0, 18.0, 75.0]"
evol_zeta,"[[1.62, 34.57142857142857], [2.056, 32.0], [2.105, 21.5], [2.187, 16.0], [2.312, 14.555555555555555], [2.456, 14.11111111111111], [2.975, 12.60000059984949], [3.766, 12.0], [5.515, 11.142857142857181], [7.173, 10.0], [9.093, 9.0], [12.328, 11.571427558505704], [14.976, 9.666666666666666], [17.875, 9.000000000000004], [20.969, 9.111112886868447], [23.94, 9.0], [27.12, 8.222222222222221], [36.816, 8.285714285714283], [40.666, 7.875], [43.68, 7.875], [56.182, 6.625], [61.55, 7.875], [77.918, 7.11111111111111], [127.418, 7.0], [171.582, 6.285714285714288], [243.577, 6.500001499551541], [365.203, 6.125], [374.205, 6.285714285714288], [443.933, 6.75], [554.602, 6.42857142857142], [641.294, 6.285714285714286], [793.742, 7.0], [839.362, 6.375], [1020.294, 6.0], [1302.42, 6.25], [1945.811, 6.0], [3563.034, 6.0], [3600.086, 0.0]]"
ξ_box,[19.0 31.0 22.0 30.0 32.0; 0.0 5.0 5.0 5.0 5.0; 3.0 9.0 9.0 9.0 9.0; 10.0 16.0 3.0 11.0 16.0; 35.0 31.0 28.0 25.0 21.0; 27.0 24.0 25.0 27.0 18.0; 23.0 26.0 29.0 31.0 22.0; 29.0 14.0 27.0 20.0 26.0; 29.0 13.0 28.0 21.0 27.0; 5.0 -0.0 4.0 0.0 5.0]
