first,second
s_box,[0.0; 0.0; 0.0; 6.0; 16.0; 0.0; 17.0; 31.0; 0.0; 0.0;;]
x_pb,"[61.0, -0.0, 62.0, 35.0]"
s_bb,[0.0; 0.0; 0.0; 6.0; 16.0; 0.0; 17.0; 31.0; 0.0; 0.0;;]
partition_bb,"[[[0.0, 0.0, 4.0, 4.0, 14.0, 34.0, 43.0, 30.0, 26.0, 7.0], [26.0, 18.0, 17.0, 6.0, 2.0, 0.0, 9.0, 4.0, 0.0, 8.0], [26.0, 18.0, 17.0, 6.0, 16.0, 22.0, 13.0, 0.0, 4.0, 0.0], [0.0, 2.0, 6.0, 6.0, 16.0, 36.0, 27.0, 23.0, 27.0, 8.0], [10.0, 18.0, 14.0, 6.0, 2.0, 17.0, 26.0, 31.0, 27.0, 8.0]]]"
y_box,[26.0 18.0 17.0 -0.0 -0.0 -0.0 -0.0 -0.0 -0.0 -0.0; -0.0 -0.0 -0.0 0.0 0.0 -0.0 -0.0 -0.0 -0.0 -0.0; -0.0 -0.0 -0.0 -0.0 -0.0 36.0 26.0 -0.0 -0.0 -0.0; -0.0 -0.0 -0.0 -0.0 -0.0 -0.0 -0.0 0.0 27.0 8.0;;;]
evol_bb,"[[0.252, 7.531383763928608e6]]"
y_bb,[26.0 18.0 17.0 -0.0 -0.0 -0.0 -0.0 -0.0 -0.0 -0.0; -0.0 -0.0 -0.0 0.0 0.0 -0.0 -0.0 -0.0 -0.0 -0.0; -0.0 -0.0 -0.0 -0.0 -0.0 36.0 26.0 -0.0 -0.0 -0.0; -0.0 -0.0 -0.0 -0.0 -0.0 -0.0 -0.0 0.0 27.0 8.0;;;]
evol_box,"[[0.398, 0.0], [1.94, 432914.16352687404], [2.011, 7.101135207532325e6], [2.022, 7.4238198294524085e6], [2.034, 7.531383763928608e6]]"
y_pb,[[26.0 18.0 17.0 -0.0 -0.0 -0.0 -0.0 -0.0 -0.0 -0.0; -0.0 -0.0 -0.0 -0.0 0.0 -0.0 -0.0 -0.0 -0.0 -0.0; -0.0 -0.0 -0.0 -0.0 -0.0 36.0 26.0 -0.0 -0.0 -0.0; -0.0 -0.0 -0.0 -0.0 -0.0 -0.0 -0.0 -0.0 27.0 8.0;;;]]
x_bb,"[61.0, 0.0, 62.0, 35.0]"
x_box,"[61.0, 0.0, 62.0, 35.0]"
evol_zeta,"[[1.598, 42.5], [2.009, 26.0], [2.021, 2.0], [2.033, 1.0], [2.044, 0.0]]"
ξ_box,[26.0; 18.0; 17.0; 6.0; 16.0; 36.0; 43.0; 31.0; 27.0; 8.0;;]
