first,second
s_box,[0.0; 0.0; 0.0; 0.0; 0.0; 0.0; 24.0; 46.0; 46.0; 54.0;;]
x_pb,"[19.0, -0.0, 65.0, 98.0]"
s_bb,[0.0; 0.0; 0.0; 0.0; 0.0; 0.0; 24.0; 46.0; 46.0; 54.0;;]
partition_bb,"[[[0.0, 0.0, 0.0, 8.0, 9.0, 13.0, 30.0, 32.0, 37.0, 54.0], [18.0, 27.0, 36.0, 19.0, 15.0, 32.0, 16.0, 13.0, 8.0, 0.0], [0.0, 0.0, 0.0, 9.0, 13.0, 27.0, 44.0, 36.0, 36.0, 20.0], [6.0, 16.0, 7.0, 19.0, 15.0, 44.0, 27.0, 25.0, 20.0, 3.0], [0.0, 0.0, 0.0, 3.0, 7.0, 27.0, 38.0, 46.0, 41.0, 24.0], [0.0, 0.0, 0.0, 3.0, 7.0, 22.0, 38.0, 41.0, 46.0, 29.0], [19.0, 29.0, 21.0, 0.0, 0.0, 13.0, 24.0, 32.0, 32.0, 15.0]]]"
y_box,[19.0 -0.0 -0.0 -0.0 -0.0 -0.0 -0.0 -0.0 -0.0 -0.0; -0.0 -0.0 -0.0 -0.0 -0.0 -0.0 -0.0 -0.0 -0.0 -0.0; -0.0 29.0 36.0 -0.0 -0.0 -0.0 -0.0 -0.0 -0.0 -0.0; -0.0 -0.0 -0.0 19.0 15.0 44.0 20.0 0.0 0.0 0.0;;;]
evol_bb,"[[0.525, 1.9770023352461014e7]]"
y_bb,[19.0 -0.0 -0.0 -0.0 -0.0 -0.0 -0.0 -0.0 -0.0 -0.0; -0.0 -0.0 -0.0 -0.0 -0.0 -0.0 -0.0 -0.0 -0.0 -0.0; -0.0 29.0 36.0 -0.0 -0.0 -0.0 -0.0 -0.0 -0.0 -0.0; -0.0 -0.0 -0.0 19.0 15.0 44.0 20.0 0.0 0.0 0.0;;;]
evol_box,"[[0.541, 0.0], [2.673, 125037.08902967443], [2.786, 1.372400141580466e7], [2.813, 1.5816929219821498e7], [2.838, 1.721206466053378e7], [2.867, 1.8839922148153625e7], [2.894, 1.942129982230357e7], [2.92, 1.9770023352461014e7]]"
y_pb,[[19.0 -0.0 -0.0 -0.0 -0.0 -0.0 -0.0 -0.0 -0.0 -0.0; -0.0 0.0 -0.0 -0.0 -0.0 -0.0 -0.0 -0.0 -0.0 -0.0; -0.0 28.999999999999996 36.0 -0.0 -0.0 -0.0 -0.0 -0.0 -0.0 -0.0; -0.0 -0.0 -0.0 19.0 15.0 44.0 20.0 -0.0 -0.0 -0.0;;;]]
x_bb,"[19.0, 0.0, 65.0, 98.0]"
x_box,"[19.0, 0.0, 65.0, 98.0]"
evol_zeta,"[[2.21, 53.85714285714286], [2.785, 36.0], [2.811, 13.57142857142857], [2.837, 12.0], [2.865, 9.428571428571423], [2.893, 4.4285714285714235], [2.919, 2.0], [2.943, 0.0]]"
ξ_box,[19.0; 29.0; 36.0; 19.0; 15.0; 44.0; 44.0; 46.0; 46.0; 54.0;;]
