first,second
s_box,[-0.0 17.0; -0.0 -0.0; 8.0 8.0; 9.0 -0.0; 15.0 17.0; 7.0 -0.0; 12.0 12.0; 11.0 -0.0; -0.0 -0.0; 0.0 7.0]
x_pb,"[26.0, 37.0, -0.0, 55.0]"
s_bb,[-0.0 -0.0; 0.0 8.0; 8.0 8.0; 9.0 9.0; 15.0 17.0; 7.0 -0.0; 12.0 -0.0; 11.0 16.0; 0.0 3.0; -0.0 -0.0]
partition_bb,"[[[0.0, 0.0, 0.0, 0.0, 0.0, 7.0, 9.0, 16.0, 34.0, 55.0], [4.0, 8.0, 0.0, 0.0, 0.0, 7.0, 12.0, 16.0, 34.0, 37.0], [0.0, 0.0, 0.0, 0.0, 4.0, 6.0, 8.0, 15.0, 33.0, 54.0], [0.0, 0.0, 4.0, 0.0, 0.0, 6.0, 8.0, 15.0, 33.0, 54.0], [0.0, 0.0, 0.0, 4.0, 0.0, 6.0, 8.0, 15.0, 33.0, 54.0], [7.0, 0.0, 0.0, 0.0, 0.0, 5.0, 7.0, 14.0, 32.0, 53.0], [0.0, 0.0, 7.0, 0.0, 0.0, 5.0, 7.0, 14.0, 32.0, 53.0], [0.0, 0.0, 0.0, 0.0, 7.0, 5.0, 7.0, 14.0, 32.0, 53.0], [0.0, 0.0, 0.0, 7.0, 0.0, 5.0, 7.0, 14.0, 32.0, 53.0], [10.0, 0.0, 0.0, 0.0, 0.0, 5.0, 7.0, 14.0, 32.0, 53.0], [0.0, 0.0, 0.0, 2.0, 10.0, 5.0, 7.0, 14.0, 32.0, 53.0], [0.0, 0.0, 2.0, 9.0, 1.0, 4.0, 6.0, 13.0, 31.0, 52.0], [12.0, 2.0, 0.0, 0.0, 0.0, 4.0, 6.0, 13.0, 31.0, 52.0], [0.0, 0.0, 0.0, 4.0, 12.0, 4.0, 6.0, 13.0, 31.0, 52.0], [14.0, 4.0, 0.0, 0.0, 0.0, 4.0, 6.0, 13.0, 31.0, 52.0], [15.0, 5.0, 0.0, 0.0, 0.0, 7.0, 12.0, 16.0, 34.0, 29.0], [0.0, 0.0, 8.0, 1.0, 0.0, 5.0, 7.0, 14.0, 32.0, 53.0], [0.0, 0.0, 0.0, 5.0, 13.0, 3.0, 5.0, 12.0, 30.0, 51.0], [0.0, 0.0, 0.0, 6.0, 14.0, 3.0, 5.0, 12.0, 30.0, 51.0], [16.0, 6.0, 0.0, 0.0, 0.0, 3.0, 5.0, 12.0, 30.0, 51.0], [0.0, 0.0, 0.0, 7.0, 15.0, 3.0, 5.0, 12.0, 30.0, 51.0]], [[18.0, 8.0, 8.0, 9.0, 17.0, 7.0, 7.0, 0.0, 12.0, 33.0], [18.0, 8.0, 8.0, 9.0, 1.0, 6.0, 8.0, 15.0, 33.0, 12.0], [17.0, 7.0, 0.0, 0.0, 0.0, 2.0, 4.0, 11.0, 29.0, 50.0], [18.0, 8.0, 8.0, 9.0, 17.0, 7.0, 12.0, 16.0, 22.0, 1.0], [18.0, 8.0, 8.0, 1.0, 4.0, 7.0, 9.0, 16.0, 34.0, 13.0]]]"
y_box,[16.0 8.0 -0.0 -0.0 -0.0 -0.0 -0.0 -0.0 -0.0 -0.0; -0.0 -0.0 -0.0 -0.0 0.0 -0.0 -0.0 5.0 34.0 -0.0; -0.0 -0.0 -0.0 -0.0 -0.0 -0.0 -0.0 -0.0 -0.0 -0.0; -0.0 -0.0 -0.0 -0.0 -0.0 -0.0 -0.0 -0.0 0.0 55.0;;; 1.0 8.0 -0.0 9.0 -0.0 6.0 -0.0 -0.0 -0.0 -0.0; -0.0 -0.0 -0.0 -0.0 -0.0 -0.0 -0.0 5.0 34.0 -0.0; -0.0 -0.0 -0.0 -0.0 -0.0 -0.0 -0.0 -0.0 -0.0 -0.0; -0.0 -0.0 -0.0 -0.0 -0.0 1.0 0.0 11.0 -0.0 43.0]
evol_bb,"[[0.276, 8.638479046312142e6], [0.303, 8.63847904631214e6], [0.745, 8.50763039027742e6], [1.354, 8.245933078207981e6], [1.67, 8.11508442217326e6], [2.964, 8.115034334609458e6]]"
y_bb,[16.0 8.0 0.0 0.0 0.0 -0.0 -0.0 -0.0 -0.0 -0.0; -0.0 -0.0 -0.0 -0.0 -0.0 0.0 0.0 5.0 34.0 -0.0; -0.0 -0.0 -0.0 -0.0 -0.0 -0.0 -0.0 -0.0 -0.0 0.0; -0.0 -0.0 -0.0 -0.0 -0.0 -0.0 -0.0 -0.0 -0.0 55.0;;; -0.0 -0.0 -0.0 -0.0 -0.0 -0.0 12.0 -0.0 12.0 -0.0; 18.0 -0.0 -0.0 0.0 -0.0 -0.0 -0.0 -0.0 -0.0 21.0; -0.0 -0.0 -0.0 -0.0 -0.0 0.0 -0.0 -0.0 -0.0 -0.0; 0.0 0.0 0.0 -0.0 0.0 7.0 -0.0 -0.0 19.0 29.0]
evol_box,"[[0.416, 0.0], [2.034, 394307.6595280468], [2.118, 394307.6595280468], [2.131, 4.1891532546893246e6], [2.188, 4.843646145332396e6], [2.244, 6.283124219995001e6], [2.349, 6.937446517860765e6], [2.47, 6.93744651786078e6], [2.559, 7.068272491162243e6], [2.643, 7.068272491162244e6], [2.726, 7.460716336764923e6], [2.812, 7.722441383330973e6], [2.906, 7.853387110103821e6], [2.93, 7.853387110103821e6], [3.034, 7.853387110103821e6], [3.157, 7.853387110103821e6], [3.26, 7.984235766138541e6], [3.367, 7.984235766138505e6], [3.492, 7.98423576613854e6], [3.599, 7.984235766138541e6], [3.657, 7.9842357661385e6], [3.793, 7.984235766138524e6], [3.9, 7.984235766138541e6], [4.022, 7.984241147567954e6], [4.169, 8.115034334609458e6]]"
y_pb,[[18.0 8.0 -0.0 -0.0 -0.0 -0.0 -0.0 -0.0 -0.0 -0.0; -0.0 -0.0 -0.0 -0.0 -0.0 -0.0 -0.0 3.0 34.0 -0.0; -0.0 -0.0 -0.0 -0.0 -0.0 -0.0 -0.0 -0.0 -0.0 0.0; -0.0 -0.0 -0.0 -0.0 -0.0 -0.0 -0.0 -0.0 -0.0 54.99999999999999;;;]]
x_bb,"[24.0, 39.0, 0.0, 55.0]"
x_box,"[24.0, 39.0, -0.0, 55.0]"
evol_zeta,"[[1.677, 54.4], [2.108, 18.0], [2.121, 18.0], [2.134, 16.0], [2.191, 16.0], [2.273, 6.0], [2.377, 10.285714285714286], [2.474, 7.0], [2.561, 6.0], [2.645, 6.0], [2.729, 6.0], [2.817, 4.0], [2.909, 3.0], [2.935, 4.333333333333338], [3.035, 3.2857142857142847], [3.159, 2.142857142857139], [3.264, 1.4285714285714306], [3.369, 3.1666666666666714], [3.494, 1.0], [3.624, 0.8571428571428577], [3.685, 0.5714285714285715], [3.795, 0.5714285714285712], [3.905, 0.2857142857142865], [4.051, 0.28571428571428575], [4.184, 0.0]]"
ξ_box,[16.0 18.0; 8.0 8.0; 8.0 8.0; 9.0 9.0; 15.0 17.0; 7.0 7.0; 12.0 12.0; 16.0 16.0; 34.0 34.0; 55.0 50.0]
