first,second
s_box,[0.0 11.0 0.0 8.0 0.0; 0.0 1.0 0.0 6.0 7.0; 0.0 0.0 0.0 0.0 0.0; 11.0 0.0 0.0 0.0 14.0; 2.0 0.0 0.0 0.0 0.0; 0.0 0.0 0.0 0.0 0.0; 0.0 0.0 0.0 0.0 0.0; 0.0 0.0 1.0 0.0 14.0; 22.0 0.0 23.0 15.0 0.0; 0.0 23.0 12.0 6.0 0.0]
x_pb,"[38.0, -0.0, 86.0, 31.0]"
s_bb,[-0.0 -0.0 -0.0 -0.0 -0.0; -0.0 1.0 -0.0 -0.0 -0.0; -0.0 20.0 -0.0 -0.0 -0.0; -0.0 -0.0 -0.0 -0.0 -0.0; -0.0 -0.0 -0.0 -0.0 -0.0; -0.0 -0.0 -0.0 -0.0 -0.0; 0.0 -0.0 -0.0 -0.0 -0.0; 1.0 -0.0 -0.0 -0.0 -0.0; 23.0 -0.0 -0.0 -0.0 -0.0; 25.0 -0.0 -0.0 -0.0 -0.0]
partition_bb,"[[[0.0, 0.0, 13.0, 25.0, 24.0, 20.0, 11.0, 14.0, 23.0, 25.0], [11.0, 7.0, 11.0, 11.0, 12.0, 11.0, 18.0, 14.0, 23.0, 12.0], [0.0, 0.0, 20.0, 32.0, 25.0, 25.0, 16.0, 12.0, 18.0, 7.0], [0.0, 0.0, 20.0, 32.0, 29.0, 25.0, 3.0, 7.0, 16.0, 5.0]], [[0.0, 0.0, 20.0, 32.0, 25.0, 25.0, 0.0, 0.0, 0.0, 0.0], [11.0, 7.0, 20.0, 18.0, 21.0, 25.0, 9.0, 12.0, 12.0, 23.0]], Vector{Float64}[], Vector{Float64}[], Vector{Float64}[]]"
y_box,[4.0 0.0 16.0 0.0 0.0 0.0 18.0 0.0 0.0 0.0; 0.0 0.0 0.0 0.0 0.0 0.0 0.0 0.0 0.0 0.0; 0.0 0.0 4.0 21.0 27.0 25.0 0.0 9.0 0.0 0.0; 0.0 0.0 0.0 0.0 0.0 0.0 0.0 5.0 1.0 25.0;;; 0.0 6.0 16.0 16.0 0.0 0.0 0.0 0.0 0.0 0.0; 0.0 0.0 0.0 0.0 0.0 0.0 0.0 0.0 0.0 0.0; 0.0 0.0 0.0 6.0 18.0 25.0 0.0 14.0 23.0 0.0; 0.0 0.0 0.0 0.0 11.0 0.0 18.0 0.0 0.0 2.0;;; 11.0 7.0 20.0 0.0 0.0 0.0 0.0 0.0 0.0 0.0; 0.0 0.0 0.0 0.0 0.0 0.0 0.0 0.0 0.0 0.0; 0.0 0.0 0.0 32.0 29.0 25.0 0.0 0.0 0.0 0.0; 0.0 0.0 0.0 0.0 0.0 0.0 18.0 13.0 0.0 0.0;;; 3.0 1.0 20.0 14.0 0.0 0.0 0.0 0.0 0.0 0.0; 0.0 0.0 0.0 0.0 0.0 0.0 0.0 0.0 0.0 0.0; 0.0 0.0 0.0 16.0 29.0 25.0 10.0 0.0 6.0 0.0; 0.0 0.0 0.0 0.0 0.0 0.0 0.0 13.0 0.0 18.0;;; 1.0 0.0 20.0 17.0 0.0 0.0 0.0 0.0 0.0 0.0; 0.0 0.0 0.0 0.0 0.0 0.0 0.0 0.0 0.0 0.0; 10.0 0.0 0.0 0.0 25.0 24.0 0.0 0.0 15.0 12.0; 0.0 0.0 0.0 0.0 0.0 0.0 18.0 0.0 0.0 13.0]
evol_bb,"[[0.847, 5.0045095455366075e6], [2.648, 5.004509545536606e6]]"
y_bb,[11.0 7.0 20.0 -0.0 -0.0 -0.0 -0.0 -0.0 -0.0 -0.0; -0.0 -0.0 -0.0 0.0 -0.0 -0.0 -0.0 -0.0 -0.0 -0.0; -0.0 -0.0 -0.0 32.0 29.0 25.0 -0.0 -0.0 -0.0 -0.0; -0.0 -0.0 -0.0 -0.0 -0.0 -0.0 18.0 13.0 -0.0 0.0;;; 11.0 -0.0 -0.0 -0.0 -0.0 -0.0 -0.0 0.0 12.0 15.0; -0.0 -0.0 -0.0 -0.0 -0.0 -0.0 -0.0 -0.0 -0.0 -0.0; -0.0 -0.0 0.0 32.0 25.0 21.0 -0.0 -0.0 -0.0 8.0; -0.0 6.0 -0.0 -0.0 -0.0 4.0 9.0 12.0 -0.0 -0.0;;; -0.0 -0.0 -0.0 -0.0 -0.0 -0.0 -0.0 -0.0 -0.0 -0.0; -0.0 -0.0 -0.0 -0.0 -0.0 -0.0 -0.0 -0.0 -0.0 -0.0; -0.0 -0.0 -0.0 -0.0 -0.0 -0.0 -0.0 -0.0 -0.0 -0.0; -0.0 -0.0 -0.0 -0.0 -0.0 -0.0 -0.0 -0.0 -0.0 -0.0;;; -0.0 -0.0 -0.0 -0.0 -0.0 -0.0 -0.0 -0.0 -0.0 -0.0; -0.0 -0.0 -0.0 -0.0 -0.0 -0.0 -0.0 -0.0 -0.0 -0.0; -0.0 -0.0 -0.0 -0.0 -0.0 -0.0 -0.0 -0.0 -0.0 -0.0; -0.0 -0.0 -0.0 -0.0 -0.0 -0.0 -0.0 -0.0 -0.0 -0.0;;; -0.0 -0.0 -0.0 -0.0 -0.0 -0.0 -0.0 -0.0 -0.0 -0.0; -0.0 -0.0 -0.0 -0.0 -0.0 -0.0 -0.0 -0.0 -0.0 -0.0; -0.0 -0.0 -0.0 -0.0 -0.0 -0.0 -0.0 -0.0 -0.0 -0.0; -0.0 -0.0 -0.0 -0.0 -0.0 -0.0 -0.0 -0.0 -0.0 -0.0]
evol_box,"[[0.513, 0.0], [2.738, 982.1169421058148], [2.842, 105096.98565760734], [2.907, 105096.98565760734], [2.976, 105096.98565760734], [3.015, 105096.98565746471], [3.109, 105096.98565760734], [3.225, 105126.08229416792], [3.365, 105096.98565760313], [3.437, 105096.9856576055], [3.699, 513293.72210367676], [3.867, 513293.72210367676], [4.282, 819710.4761874751], [4.611, 819710.4761874751], [5.48, 1.0238466795351073e6], [5.944, 1.1254587328329696e6], [6.734, 1.1254587328329696e6], [7.698, 1.1254587328329652e6], [9.164, 1.4320972924469302e6], [10.125, 1.7382983655478803e6], [11.409, 1.7383699409289071e6], [12.786, 1.9424760964088794e6], [15.103, 2.0442209572277816e6], [17.573, 2.248342149543318e6], [19.808, 2.248342149543317e6], [22.488, 2.2483421495433175e6], [25.302, 2.2483421495433175e6], [29.884, 2.2483421495433175e6], [32.6, 2.2483421495433175e6], [36.681, 2.45295964083752e6], [39.389, 2.4531238886079183e6], [44.932, 2.555107905897238e6], [49.066, 2.6568088794513224e6], [54.711, 2.6567399882129254e6], [66.151, 2.75882299216309e6], [74.34, 2.8611858954835017e6], [82.379, 2.9629153778011072e6], [113.177, 2.9633451103658075e6], [122.963, 2.9632410403815284e6], [136.711, 3.064965335649362e6], [165.906, 3.0649992936624587e6], [177.352, 3.0654001297485395e6], [190.945, 3.1670101577816065e6], [205.164, 3.1674941425552685e6], [246.732, 3.2690934571013288e6], [269.766, 3.2695151873889226e6], [286.609, 3.269352244166856e6], [303.936, 3.3713674208322125e6], [396.845, 3.473260055740773e6], [453.8, 3.4733544279260337e6], [515.755, 3.473379314854765e6], [563.517, 3.473612268087968e6], [609.352, 3.473618708890605e6], [684.063, 3.4736711413257555e6], [773.547, 3.47367406905528e6], [832.257, 3.473674361727074e6], [1004.025, 3.57536179158722e6], [1188.196, 3.5753981921369024e6], [1341.553, 3.5754327388315005e6], [1424.204, 3.575569519070265e6], [1654.285, 3.575531251251935e6], [2112.358, 3.5756420191307985e6], [2449.437, 3.575686226539163e6], [2717.227, 3.5757125040175356e6], [3223.562, 3.6774266543802177e6], [3600.068, 3.6774266543802177e6]]"
y_pb,[[11.0 7.0 20.0 -0.0 -0.0 -0.0 -0.0 -0.0 -0.0 -0.0; -0.0 -0.0 -0.0 0.0 -0.0 -0.0 -0.0 -0.0 -0.0 -0.0; -0.0 -0.0 -0.0 32.0 28.999999999999996 24.999999999999996 -0.0 -0.0 -0.0 -0.0; -0.0 -0.0 -0.0 -0.0 -0.0 -0.0 18.0 13.0 -0.0 -0.0;;;]]
x_bb,"[38.0, 0.0, 86.0, 31.0]"
x_box,"[38.0, 0.0, 86.0, 31.0]"
evol_zeta,"[[2.317, 32.0], [2.821, 25.0], [2.848, 9.0], [2.913, 9.0], [2.983, 9.0], [3.021, 9.0], [3.127, 9.0], [3.237, 9.0], [3.38, 9.0], [3.453, 9.0], [3.714, 9.0], [3.88, 9.0], [4.299, 9.0], [4.617, 9.0], [5.509, 9.000000001000004], [5.962, 9.0], [6.751, 9.0], [7.718, 9.0], [9.172, 8.000000000000036], [10.13, 7.000000000800014], [11.414, 7.000000000800014], [12.791, 7.000000000800014], [15.127, 7.0], [17.582, 7.000000000800014], [19.83, 7.0], [22.495, 7.000000000800014], [25.324, 7.0], [29.908, 7.0], [32.639, 7.0], [36.708, 7.0], [39.412, 7.0], [44.952, 7.0], [49.085, 7.0], [54.724, 7.0], [66.176, 7.0], [74.362, 8.0], [82.395, 7.0], [113.197, 7.0], [122.985, 7.0], [136.729, 7.0], [165.921, 6.999999999999993], [177.372, 6.1], [190.96, 5.299999999999999], [205.186, 5.0], [246.745, 6.0], [269.781, 4.499999999999998], [286.632, 5.124999999999989], [303.951, 4.0], [396.863, 5.200000000000003], [453.82, 5.0], [515.768, 6.0], [563.543, 5.500000000000114], [609.365, 5.100000000000001], [684.084, 5.800000000000001], [773.572, 5.0], [832.283, 5.0], [1004.046, 6.375], [1188.217, 5.0], [1341.565, 5.0], [1424.234, 4.7], [1654.313, 5.0], [2112.383, 4.799999999999997], [2449.465, 4.899999999999999], [2717.255, 3.0000000000001057], [3223.574, 5.0], [3600.102, 0.0]]"
ξ_box,[4.0 11.0 11.0 11.0 11.0; 0.0 7.0 7.0 7.0 7.0; 20.0 16.0 20.0 20.0 20.0; 32.0 22.0 32.0 30.0 31.0; 29.0 29.0 29.0 29.0 25.0; 25.0 25.0 25.0 25.0 24.0; 18.0 18.0 18.0 10.0 18.0; 14.0 14.0 14.0 13.0 14.0; 23.0 23.0 23.0 21.0 15.0; 25.0 25.0 12.0 24.0 25.0]
