first,second
s_box,[15.0; 0.0; 0.0; 34.0; 0.0; 0.0; 20.0; 50.0; 28.0; 0.0;;]
x_pb,"[35.0, 119.0, 0.0, 13.0]"
s_bb,[15.0; 0.0; 0.0; 34.0; 0.0; 0.0; 20.0; 50.0; 28.0; 0.0;;]
partition_bb,"[[[0.0, 0.0, 0.0, 4.0, 23.0, 30.0, 31.0, 50.0, 18.0, 12.0], [15.0, 11.0, 24.0, 34.0, 23.0, 30.0, 22.0, 10.0, 0.0, 0.0], [0.0, 0.0, 11.0, 21.0, 46.0, 39.0, 36.0, 19.0, 0.0, 0.0], [0.0, 0.0, 3.0, 13.0, 38.0, 40.0, 48.0, 29.0, 0.0, 0.0], [0.0, 0.0, 0.0, 0.0, 0.0, 0.0, 0.0, 0.0, 28.0, 9.0], [0.0, 0.0, 8.0, 18.0, 38.0, 45.0, 37.0, 25.0, 0.0, 0.0], [0.0, 0.0, 0.0, 0.0, 0.0, 0.0, 0.0, 0.0, 0.0, 13.0]]]"
y_box,[0.0 11.0 24.0 0.0 -0.0 -0.0 -0.0 -0.0 -0.0 -0.0; -0.0 -0.0 -0.0 -0.0 46.0 45.0 28.0 -0.0 -0.0 -0.0; -0.0 -0.0 -0.0 -0.0 -0.0 -0.0 -0.0 0.0 -0.0 -0.0; -0.0 -0.0 -0.0 -0.0 -0.0 -0.0 -0.0 -0.0 0.0 13.0;;;]
evol_bb,"[[0.256, 1.9761127023368686e7]]"
y_bb,[0.0 11.0 24.0 0.0 -0.0 -0.0 -0.0 -0.0 -0.0 -0.0; -0.0 -0.0 -0.0 -0.0 46.0 45.0 28.0 -0.0 -0.0 -0.0; -0.0 -0.0 -0.0 -0.0 -0.0 -0.0 -0.0 0.0 -0.0 -0.0; -0.0 -0.0 -0.0 -0.0 -0.0 -0.0 -0.0 -0.0 0.0 13.0;;;]
evol_box,"[[0.387, 0.0], [1.898, 137084.83104216165], [1.969, 1.0889928423205998e7], [1.973, 1.5863062733063862e7], [1.978, 1.7610483518504538e7], [1.981, 1.908905874394766e7], [1.984, 1.9761127023368686e7]]"
y_pb,[[-0.0 11.0 24.0 -0.0 -0.0 -0.0 -0.0 -0.0 -0.0 -0.0; -0.0 -0.0 -0.0 -0.0 46.0 44.99999999999999 28.0 -0.0 -0.0 -0.0; -0.0 -0.0 -0.0 -0.0 -0.0 -0.0 -0.0 -0.0 -0.0 -0.0; -0.0 -0.0 -0.0 -0.0 -0.0 -0.0 -0.0 -0.0 -0.0 13.0;;;]]
x_bb,"[35.0, 119.0, 0.0, 13.0]"
x_box,"[35.0, 119.0, 0.0, 13.0]"
evol_zeta,"[[1.569, 49.85714285714286], [1.968, 30.0], [1.972, 22.166666666666664], [1.977, 11.333333333333329], [1.98, 10.0], [1.983, 4.333333333333329], [1.988, 0.0]]"
ξ_box,[15.0; 11.0; 24.0; 34.0; 46.0; 45.0; 48.0; 50.0; 28.0; 13.0;;]
