first,second
s_box,[1.0 1.0; 1.0 5.0; -0.0 -0.0; -0.0 -0.0; 17.0 17.0; 17.0 15.0; 17.0 15.0; 0.0 -0.0; -0.0 -0.0; -0.0 -0.0]
x_pb,"[-0.0, -0.0, 85.0, 38.0]"
s_bb,[1.0 -0.0; 1.0 18.0; 0.0 34.0; -0.0 -0.0; 17.0 -0.0; 17.0 -0.0; 17.0 -0.0; 0.0 -0.0; -0.0 -0.0; 0.0 -0.0]
partition_bb,"[[[1.0, 11.0, 28.0, 25.0, 1.0, 3.0, 3.0, 7.0, 11.0, 16.0], [0.0, 3.0, 20.0, 17.0, 17.0, 15.0, 15.0, 11.0, 11.0, 16.0], [0.0, 23.0, 13.0, 10.0, 15.0, 17.0, 17.0, 11.0, 11.0, 6.0], [0.0, 10.0, 27.0, 30.0, 14.0, 16.0, 16.0, 10.0, 3.0, 1.0], [1.0, 25.0, 17.0, 14.0, 15.0, 17.0, 17.0, 11.0, 4.0, 2.0], [0.0, 12.0, 29.0, 26.0, 14.0, 16.0, 16.0, 10.0, 3.0, 1.0], [0.0, 11.0, 28.0, 31.0, 14.0, 16.0, 16.0, 10.0, 3.0, 1.0], [0.0, 13.0, 30.0, 27.0, 14.0, 16.0, 16.0, 10.0, 3.0, 1.0]], [[1.0, 25.0, 34.0, 31.0, 10.0, 10.0, 10.0, 4.0, 0.0, 0.0], [1.0, 25.0, 16.0, 13.0, 13.0, 11.0, 11.0, 11.0, 9.0, 14.0], [0.0, 15.0, 32.0, 29.0, 13.0, 15.0, 15.0, 9.0, 2.0, 0.0], [0.0, 14.0, 31.0, 28.0, 16.0, 14.0, 14.0, 10.0, 3.0, 1.0], [0.0, 16.0, 33.0, 30.0, 5.0, 3.0, 3.0, 7.0, 11.0, 16.0]]]"
y_box,[0.0 -0.0 -0.0 -0.0 -0.0 -0.0 -0.0 -0.0 -0.0 -0.0; -0.0 -0.0 -0.0 -0.0 -0.0 -0.0 -0.0 -0.0 -0.0 -0.0; -0.0 24.0 30.0 31.0 -0.0 -0.0 -0.0 -0.0 -0.0 -0.0; -0.0 -0.0 -0.0 -0.0 0.0 0.0 0.0 11.0 11.0 16.0;;; 0.0 -0.0 -0.0 -0.0 -0.0 -0.0 -0.0 -0.0 -0.0 -0.0; -0.0 0.0 -0.0 -0.0 -0.0 -0.0 -0.0 -0.0 -0.0 -0.0; -0.0 20.0 34.0 31.0 -0.0 -0.0 -0.0 -0.0 -0.0 -0.0; -0.0 -0.0 -0.0 -0.0 0.0 -0.0 -0.0 11.0 11.0 16.0]
evol_bb,"[[0.278, 6.308254005203323e6], [0.306, 6.3082540052033225e6], [0.645, 6.089296076873342e6], [0.871, 6.086984938228293e6], [1.351, 5.865734130039881e6], [1.883, 5.865731154975849e6], [1.915, 5.865731154975848e6]]"
y_bb,[0.0 -0.0 -0.0 -0.0 -0.0 -0.0 -0.0 -0.0 -0.0 -0.0; -0.0 -0.0 -0.0 -0.0 -0.0 -0.0 -0.0 -0.0 -0.0 -0.0; -0.0 24.0 30.0 31.0 -0.0 -0.0 -0.0 -0.0 -0.0 -0.0; -0.0 -0.0 -0.0 -0.0 -0.0 0.0 0.0 11.0 11.0 16.0;;; -0.0 -0.0 -0.0 -0.0 -0.0 0.0 -0.0 -0.0 -0.0 -0.0; 0.0 -0.0 -0.0 -0.0 -0.0 -0.0 -0.0 -0.0 -0.0 -0.0; 1.0 7.0 0.0 31.0 4.0 -0.0 15.0 11.0 -0.0 16.0; -0.0 -0.0 -0.0 -0.0 12.0 15.0 -0.0 -0.0 11.0 -0.0]
evol_box,"[[0.422, 0.0], [2.062, 223726.796409482], [2.144, 223726.79640948243], [2.161, 3.5423951723565813e6], [2.176, 3.5423951723565776e6], [2.219, 4.427561763565669e6], [2.266, 5.312586830861004e6], [2.295, 5.312586830861004e6], [2.322, 5.533832893262073e6], [2.406, 5.533832893261893e6], [2.491, 5.533832893262073e6], [2.558, 5.644464088000819e6], [2.632, 5.644464088000819e6], [2.707, 5.755082463851031e6], [2.796, 5.755097721239577e6], [2.883, 5.755097721239576e6], [2.944, 5.75510044241898e6], [3.031, 5.865715871253264e6], [3.123, 5.86573115497585e6]]"
y_pb,[[0.0 -0.0 -0.0 -0.0 -0.0 -0.0 -0.0 -0.0 -0.0 -0.0; -0.0 0.0 -0.0 -0.0 -0.0 -0.0 -0.0 -0.0 -0.0 -0.0; -0.0 20.0 34.0 31.0 -0.0 -0.0 -0.0 -0.0 -0.0 -0.0; -0.0 -0.0 -0.0 -0.0 -0.0 -0.0 -0.0 11.0 11.0 16.0;;;]]
x_bb,"[0.0, 0.0, 85.0, 38.0]"
x_box,"[0.0, 0.0, 85.0, 38.0]"
evol_zeta,"[[1.704, 34.0], [2.137, 16.0], [2.149, 16.0], [2.164, 7.000000000800014], [2.178, 7.000000000800014], [2.223, 6.111111111111114], [2.272, 4.375000000000001], [2.298, 2.2222222222222214], [2.327, 3.0], [2.408, 3.0], [2.495, 3.0], [2.563, 1.1250000002125002], [2.64, 1.0], [2.712, 1.0], [2.803, 0.44444444444444214], [2.89, 0.2222231110508872], [2.951, 1.0], [3.035, 0.44444444444444464], [3.131, 0.0]]"
ξ_box,[1.0 1.0; 25.0 25.0; 30.0 34.0; 31.0 31.0; 17.0 17.0; 17.0 15.0; 17.0 15.0; 11.0 11.0; 11.0 11.0; 16.0 16.0]
