first,second
s_box,[61.0; 0.0; 11.0; 19.0; 0.0; 32.0; 25.0; 0.0; 0.0; 0.0;;]
x_pb,"[75.0, 35.0, -0.0, 51.0]"
s_bb,[61.0; 0.0; 11.0; 19.0; 0.0; 32.0; 25.0; 0.0; 0.0; 0.0;;]
partition_bb,"[[[61.0, 36.0, 33.0, 19.0, 12.0, 0.0, 0.0, 0.0, 0.0, 0.0], [0.0, 25.0, 19.0, 5.0, 20.0, 32.0, 24.0, 19.0, 16.0, 2.0], [28.0, 53.0, 33.0, 19.0, 18.0, 6.0, 0.0, 0.0, 0.0, 0.0], [0.0, 0.0, 14.0, 19.0, 35.0, 23.0, 15.0, 10.0, 7.0, 0.0], [0.0, 0.0, 0.0, 0.0, 0.0, 0.0, 0.0, 0.0, 2.0, 16.0], [0.0, 0.0, 7.0, 19.0, 28.0, 32.0, 25.0, 19.0, 16.0, 16.0]]]"
y_box,[0.0 53.0 22.0 -0.0 -0.0 -0.0 -0.0 -0.0 -0.0 -0.0; -0.0 -0.0 -0.0 0.0 35.0 -0.0 -0.0 -0.0 -0.0 -0.0; -0.0 -0.0 -0.0 -0.0 -0.0 0.0 -0.0 -0.0 -0.0 -0.0; -0.0 -0.0 -0.0 -0.0 -0.0 -0.0 0.0 19.0 16.0 16.0;;;]
evol_bb,"[[0.31, 1.61671175304836e7]]"
y_bb,[0.0 53.0 22.0 -0.0 -0.0 -0.0 -0.0 -0.0 -0.0 -0.0; -0.0 -0.0 -0.0 0.0 35.0 -0.0 -0.0 -0.0 -0.0 -0.0; -0.0 -0.0 -0.0 -0.0 -0.0 0.0 -0.0 -0.0 -0.0 -0.0; -0.0 -0.0 -0.0 -0.0 -0.0 -0.0 0.0 19.0 16.0 16.0;;;]
evol_box,"[[0.431, 0.0], [2.084, 2884.3408354787243], [2.161, 1.1033972740764923e7], [2.165, 1.2890467489818191e7], [2.168, 1.6057892991116295e7], [2.171, 1.61671175304836e7]]"
y_pb,[[-0.0 53.0 21.999999999999993 -0.0 -0.0 -0.0 -0.0 -0.0 -0.0 -0.0; -0.0 -0.0 -0.0 -0.0 35.0 -0.0 -0.0 -0.0 -0.0 -0.0; -0.0 -0.0 -0.0 -0.0 0.0 -0.0 -0.0 -0.0 -0.0 -0.0; -0.0 -0.0 -0.0 -0.0 -0.0 -0.0 -0.0 19.0 16.0 16.0;;;]]
x_bb,"[75.0, 35.0, 0.0, 51.0]"
x_box,"[75.0, 35.0, 0.0, 51.0]"
evol_zeta,"[[1.715, 61.0], [2.159, 32.0], [2.164, 17.0], [2.167, 15.0], [2.17, 1.0], [2.173, 0.0]]"
ξ_box,[61.0; 53.0; 33.0; 19.0; 35.0; 32.0; 25.0; 19.0; 16.0; 16.0;;]
