first,second
s_box,[0.0 -0.0 -0.0; -0.0 -0.0 -0.0; -0.0 -0.0 -0.0; 3.0 -0.0 -0.0; -0.0 29.0 -0.0; 0.0 -0.0 -0.0; -0.0 16.0 0.0; -0.0 -0.0 -0.0; 22.0 -0.0 23.0; 21.0 -0.0 23.0]
x_pb,"[38.0, -0.0, 86.0, 31.0]"
s_bb,[-0.0 0.0 -0.0; -0.0 0.0 -0.0; -0.0 -0.0 -0.0; -0.0 -0.0 17.0; -0.0 -0.0 29.0; 4.0 -0.0 -0.0; 18.0 -0.0 -0.0; -0.0 -0.0 -0.0; 23.0 23.0 -0.0; -0.0 24.0 -0.0]
partition_bb,"[[[11.0, 7.0, 20.0, 24.0, 17.0, 17.0, 10.0, 14.0, 23.0, 12.0], [5.0, 7.0, 20.0, 32.0, 25.0, 25.0, 9.0, 13.0, 4.0, 15.0], [11.0, 7.0, 20.0, 32.0, 25.0, 25.0, 4.0, 8.0, 6.0, 17.0], [5.0, 1.0, 20.0, 8.0, 15.0, 15.0, 10.0, 14.0, 21.0, 21.0], [5.0, 1.0, 20.0, 32.0, 29.0, 25.0, 12.0, 14.0, 5.0, 12.0], [0.0, 0.0, 19.0, 31.0, 24.0, 24.0, 18.0, 14.0, 5.0, 4.0]], [[11.0, 7.0, 7.0, 19.0, 18.0, 14.0, 18.0, 14.0, 23.0, 25.0], [11.0, 7.0, 15.0, 22.0, 29.0, 25.0, 8.0, 9.0, 9.0, 20.0], [11.0, 7.0, 18.0, 30.0, 23.0, 23.0, 18.0, 14.0, 7.0, 4.0], [11.0, 7.0, 20.0, 22.0, 29.0, 25.0, 18.0, 14.0, 5.0, 4.0]], [[3.0, 7.0, 20.0, 32.0, 29.0, 25.0, 9.0, 13.0, 4.0, 15.0], [0.0, 0.0, 20.0, 8.0, 5.0, 5.0, 11.0, 14.0, 17.0, 25.0], [0.0, 0.0, 20.0, 20.0, 27.0, 25.0, 10.0, 14.0, 21.0, 18.0], [11.0, 7.0, 20.0, 32.0, 25.0, 25.0, 17.0, 13.0, 4.0, 3.0]]]"
y_box,[11.0 7.0 20.0 0.0 -0.0 -0.0 -0.0 -0.0 -0.0 -0.0; -0.0 -0.0 -0.0 0.0 -0.0 -0.0 -0.0 -0.0 -0.0 -0.0; -0.0 -0.0 -0.0 29.0 29.0 25.0 -0.0 -0.0 -0.0 -0.0; -0.0 -0.0 -0.0 -0.0 -0.0 -0.0 18.0 14.0 0.0 2.0;;; -0.0 -0.0 -0.0 -0.0 -0.0 -0.0 1.0 14.0 23.0 0.0; -0.0 -0.0 -0.0 -0.0 -0.0 -0.0 0.0 -0.0 -0.0 -0.0; 0.0 7.0 20.0 31.0 -0.0 25.0 -0.0 -0.0 0.0 -0.0; 7.0 0.0 -0.0 1.0 0.0 0.0 1.0 -0.0 -0.0 25.0;;; 11.0 7.0 20.0 -0.0 -0.0 -0.0 -0.0 -0.0 -0.0 -0.0; -0.0 -0.0 -0.0 0.0 -0.0 -0.0 -0.0 -0.0 -0.0 -0.0; -0.0 -0.0 -0.0 29.0 29.0 25.0 -0.0 -0.0 -0.0 -0.0; -0.0 -0.0 -0.0 -0.0 -0.0 -0.0 18.0 14.0 0.0 2.0]
evol_bb,"[[0.277, 5.0045095455366075e6], [1.002, 5.004509545536606e6], [130.415, 4.902444682743609e6], [130.428, 4.902426246216884e6], [1468.844, 4.8003847072436055e6], [2965.788, 4.800384707243605e6]]"
y_bb,[11.0 -0.0 -0.0 6.0 -0.0 -0.0 -0.0 -0.0 0.0 21.0; -0.0 -0.0 -0.0 0.0 -0.0 -0.0 -0.0 -0.0 -0.0 -0.0; -0.0 0.0 20.0 0.0 29.0 21.0 0.0 14.0 -0.0 -0.0; -0.0 7.0 -0.0 26.0 -0.0 -0.0 -0.0 -0.0 -0.0 -0.0;;; 11.0 7.0 20.0 -0.0 -0.0 -0.0 -0.0 -0.0 -0.0 -0.0; -0.0 -0.0 0.0 0.0 -0.0 -0.0 -0.0 -0.0 -0.0 -0.0; -0.0 -0.0 -0.0 30.0 29.0 25.0 -0.0 -0.0 -0.0 -0.0; -0.0 -0.0 -0.0 -0.0 -0.0 -0.0 18.0 14.0 0.0 1.0;;; -0.0 -0.0 -0.0 -0.0 -0.0 -0.0 -0.0 0.0 21.0 17.0; 0.0 -0.0 -0.0 -0.0 -0.0 -0.0 -0.0 -0.0 -0.0 -0.0; 11.0 -0.0 17.0 -0.0 -0.0 25.0 17.0 14.0 -0.0 -0.0; -0.0 7.0 3.0 15.0 -0.0 0.0 0.0 -0.0 -0.0 8.0]
evol_box,"[[0.405, 0.0], [2.003, 206710.39307132302], [2.12, 206710.39307132302], [2.165, 206724.88487725524], [2.392, 1.9424811582922167e6], [2.704, 1.9424811582922167e6], [2.882, 2.248314008996868e6], [3.304, 2.452497691900524e6], [3.561, 2.7589761170378476e6], [4.017, 3.1670101577816065e6], [4.753, 3.167505023488089e6], [5.54, 3.167505023488089e6], [6.171, 3.3713145837646937e6], [7.202, 3.575455921037892e6], [8.099, 3.5754559210378914e6], [9.12, 3.677486892609574e6], [10.085, 3.6775915721902344e6], [11.915, 3.6776680820143707e6], [13.26, 3.7797345958793573e6], [14.237, 3.881593253019662e6], [15.89, 3.88164191081943e6], [18.045, 3.881835078266673e6], [20.191, 3.983735563510972e6], [22.622, 3.9837447756889816e6], [23.738, 3.9839179799735374e6], [24.627, 3.983922810575515e6], [25.751, 4.0859746043255664e6], [27.268, 4.187880531637026e6], [29.467, 4.1880264644442406e6], [31.092, 4.2899264502985515e6], [32.092, 4.2899609108502325e6], [33.957, 4.289981287374958e6], [35.305, 4.289986117976936e6], [36.294, 4.290124791865859e6], [37.913, 4.392030351237843e6], [39.238, 4.392030351237843e6], [40.294, 4.392044210169952e6], [43.38, 4.392054382275049e6], [47.749, 4.494093048937996e6], [51.568, 4.494093048937996e6], [55.127, 4.49410695742097e6], [58.163, 4.4941666817903705e6], [60.101, 4.4941666817903705e6], [61.28, 4.494205995713117e6], [65.726, 4.494230934203193e6], [69.871, 4.494230934203521e6], [74.296, 4.596176348257718e6], [76.305, 4.596176348257718e6], [83.53, 4.596176336531709e6], [86.189, 4.596176348257719e6], [90.391, 4.596183991482036e6], [95.267, 4.596183991482036e6], [99.073, 4.59619154037451e6], [101.803, 4.59619154037451e6], [105.694, 4.596201323149424e6], [111.092, 4.596201323149424e6], [116.584, 4.596264756243597e6], [125.403, 4.596264756243598e6], [129.837, 4.596264756243598e6], [133.509, 4.596264756243598e6], [136.575, 4.596264756243598e6], [140.613, 4.596264688887209e6], [142.113, 4.596264756243598e6], [144.417, 4.596264756243595e6], [147.804, 4.596264756243596e6], [152.169, 4.596264756243598e6], [157.084, 4.596264756243598e6], [159.77, 4.596264756243598e6], [162.178, 4.59626475624358e6], [164.194, 4.596264756243598e6], [166.713, 4.596264756243598e6], [169.086, 4.596264756243598e6], [170.585, 4.596264756243598e6], [173.957, 4.596264958757898e6], [177.255, 4.596264768428519e6], [180.151, 4.596266366444256e6], [183.633, 4.596290909703525e6], [190.03, 4.69825964757744e6], [193.722, 4.69825964757744e6], [198.673, 4.69825964757744e6], [202.936, 4.69825964757744e6], [218.053, 4.69825964757744e6], [228.942, 4.69825964757744e6], [233.588, 4.69825964757744e6], [238.766, 4.698259584627086e6], [241.988, 4.69825964757744e6], [248.545, 4.69825964757744e6], [254.837, 4.69825964757744e6], [258.525, 4.69825964757744e6], [263.209, 4.69825964757744e6], [269.051, 4.69825964757744e6], [297.363, 4.698261025543103e6], [303.527, 4.698267192746741e6], [313.174, 4.698267290801758e6], [331.616, 4.698273556060415e6], [340.17, 4.698273556060415e6], [354.589, 4.698273556060415e6], [362.357, 4.698324731743601e6]]"
y_pb,[[11.0 7.0 20.0 -0.0 -0.0 -0.0 -0.0 -0.0 -0.0 -0.0; -0.0 -0.0 -0.0 0.0 -0.0 -0.0 -0.0 -0.0 -0.0 -0.0; -0.0 -0.0 -0.0 32.0 28.999999999999996 24.999999999999996 -0.0 -0.0 -0.0 -0.0; -0.0 -0.0 -0.0 -0.0 -0.0 -0.0 18.0 13.0 -0.0 -0.0;;;]]
x_bb,"[38.0, 0.0, 84.0, 33.0]"
x_box,"[38.0, -0.0, 83.0, 34.0]"
evol_zeta,"[[1.643, 32.0], [2.084, 19.0], [2.132, 12.0], [2.248, 11.0], [2.404, 8.000000000900002], [2.716, 8.000000000900002], [2.913, 8.0], [3.316, 8.0], [3.572, 8.0], [4.091, 7.375], [4.767, 9.25], [5.618, 7.0], [6.221, 7.0], [7.271, 5.700000000000003], [8.111, 7.0], [9.211, 7.0], [10.175, 6.0], [11.986, 7.0], [13.273, 5.200000000000003], [14.306, 4.0], [15.914, 6.25], [18.057, 4.0], [20.265, 3.800000124743587], [22.635, 4.0], [23.779, 7.4], [24.697, 6.5], [25.766, 4.0], [27.281, 3.5], [29.558, 3.875], [31.106, 3.799999999999997], [32.094, 3.0], [33.972, 4.0], [35.319, 3.75], [36.308, 5.0], [37.983, 3.0], [39.253, 3.0], [40.307, 2.1000000000000014], [43.448, 3.0], [47.819, 2.25], [51.632, 2.0], [55.194, 3.0], [58.175, 3.0], [60.116, 2.1000000000000014], [61.296, 3.0], [65.791, 4.0], [69.914, 4.0], [74.336, 1.0], [76.317, 1.0000004999504974], [83.596, 1.0], [86.205, 1.0000079992080408], [90.469, 1.0000000002000002], [95.321, 1.0], [99.087, 2.9999999999999716], [101.815, 1.500000000000002], [105.709, 2.0], [111.183, 1.625], [116.599, 1.5], [125.418, 2.0], [129.859, 2.125], [133.512, 1.2999999999999972], [136.608, 1.6], [140.629, 1.625000356086332], [142.145, 1.249999999999968], [144.45, 1.0], [147.836, 1.625], [152.2, 1.7000000000000002], [157.101, 1.1999999999999993], [159.785, 1.0], [162.191, 1.0], [164.204, 1.0], [166.724, 1.0000000000000027], [169.09, 1.5999999999999979], [170.587, 1.2000000000000028], [173.988, 0.8000000015976525], [177.263, 0.9000001203074532], [180.181, 0.75], [183.64, 1.0000000000000002], [190.039, 0.8000000000000007], [193.764, 2.0], [198.688, 1.0], [202.944, 0.9000000000000004], [218.063, 0.3999999999999993], [228.949, 1.375], [233.596, 0.75], [238.776, 0.500000201704375], [241.997, 1.0], [248.575, 0.75], [254.855, 0.5], [258.532, 2.0], [263.24, 0.25], [269.058, 0.9999999999999717], [297.393, 0.625], [303.535, 0.7000000000000032], [313.178, 0.375], [331.624, 0.20000000000000034], [340.181, 1.0], [354.606, 1.0], [362.369, 0.0]]"
ξ_box,[11.0 7.0 11.0; 7.0 7.0 7.0; 20.0 20.0 20.0; 32.0 32.0 29.0; 29.0 29.0 29.0; 25.0 25.0 25.0; 18.0 18.0 18.0; 14.0 14.0 14.0; 22.0 23.0 23.0; 23.0 25.0 25.0]
