first,second
s_box,[0.0 25.0 23.0 0.0 0.0; 0.0 0.0 26.0 32.0 0.0; 0.0 41.0 0.0 0.0 0.0; 0.0 0.0 0.0 0.0 3.0; 0.0 0.0 0.0 0.0 26.0; 20.0 0.0 0.0 28.0 24.0; 33.0 11.0 28.0 0.0 25.0; 24.0 0.0 0.0 15.0 0.0; 0.0 0.0 0.0 0.0 0.0; 0.0 0.0 0.0 0.0 0.0]
x_pb,"[62.0, 41.0, -0.0, 75.0]"
s_bb,[-0.0 -0.0 -0.0 -0.0 -0.0; -0.0 14.0 -0.0 -0.0 -0.0; -0.0 41.0 -0.0 -0.0 -0.0; 19.0 -0.0 -0.0 -0.0 -0.0; 27.0 21.0 -0.0 -0.0 -0.0; 29.0 -0.0 -0.0 -0.0 -0.0; 37.0 -0.0 -0.0 -0.0 -0.0; 38.0 -0.0 -0.0 -0.0 -0.0; 14.0 -0.0 -0.0 -0.0 -0.0; -0.0 -0.0 -0.0 -0.0 -0.0]
partition_bb,"[[[0.0, 0.0, 0.0, 7.0, 15.0, 17.0, 27.0, 30.0, 37.0, 47.0], [0.0, 0.0, 24.0, 14.0, 22.0, 24.0, 35.0, 28.0, 23.0, 15.0], [25.0, 37.0, 41.0, 19.0, 12.0, 10.0, 7.0, 0.0, 10.0, 17.0], [0.0, 0.0, 0.0, 15.0, 23.0, 25.0, 31.0, 38.0, 28.0, 21.0], [0.0, 0.0, 0.0, 9.0, 17.0, 19.0, 30.0, 32.0, 42.0, 32.0], [25.0, 13.0, 0.0, 19.0, 27.0, 29.0, 18.0, 25.0, 15.0, 8.0], [0.0, 0.0, 2.0, 16.0, 24.0, 26.0, 37.0, 33.0, 25.0, 17.0]], [[2.0, 14.0, 41.0, 19.0, 12.0, 10.0, 11.0, 18.0, 21.0, 31.0], [0.0, 0.0, 3.0, 17.0, 25.0, 27.0, 38.0, 31.0, 26.0, 18.0]], Vector{Float64}[], Vector{Float64}[], Vector{Float64}[]]"
y_box,[17.0 5.0 0.0 3.0 0.0 5.0 0.0 0.0 0.0 0.0; 0.0 0.0 13.0 16.0 11.0 0.0 0.0 0.0 0.0 0.0; 0.0 0.0 0.0 0.0 16.0 0.0 0.0 0.0 0.0 0.0; 0.0 0.0 0.0 0.0 0.0 0.0 0.0 6.0 39.0 47.0;;; 0.0 0.0 0.0 19.0 0.0 0.0 11.0 0.0 0.0 0.0; 0.0 0.0 0.0 0.0 0.0 0.0 0.0 6.0 34.0 0.0; 0.0 4.0 0.0 0.0 0.0 12.0 0.0 0.0 0.0 0.0; 0.0 18.0 0.0 0.0 13.0 0.0 0.0 19.0 0.0 42.0;;; 0.0 0.0 0.0 0.0 20.0 0.0 0.0 0.0 10.0 0.0; 0.0 0.0 0.0 0.0 0.0 0.0 0.0 0.0 13.0 27.0; 0.0 0.0 0.0 16.0 0.0 0.0 0.0 0.0 0.0 0.0; 0.0 9.0 19.0 2.0 0.0 18.0 0.0 29.0 15.0 0.0;;; 0.0 0.0 0.0 0.0 26.0 0.0 0.0 0.0 4.0 0.0; 0.0 0.0 0.0 18.0 0.0 0.0 0.0 0.0 1.0 21.0; 0.0 0.0 0.0 0.0 0.0 0.0 0.0 0.0 16.0 0.0; 25.0 5.0 35.0 0.0 0.0 0.0 17.0 0.0 0.0 10.0;;; 13.0 17.0 0.0 0.0 0.0 0.0 0.0 0.0 0.0 0.0; 0.0 0.0 40.0 0.0 0.0 0.0 0.0 0.0 0.0 0.0; 0.0 0.0 0.0 16.0 0.0 0.0 0.0 0.0 0.0 0.0; 0.0 0.0 0.0 0.0 0.0 0.0 0.0 32.0 33.0 27.0]
evol_bb,"[[26.602, 2.0082361344249733e7], [53.9, 2.008236134424973e7], [498.573, 1.996066500083712e7]]"
y_bb,[25.0 37.0 -0.0 -0.0 -0.0 -0.0 -0.0 -0.0 -0.0 -0.0; -0.0 -0.0 41.0 -0.0 -0.0 -0.0 -0.0 -0.0 -0.0 -0.0; -0.0 -0.0 -0.0 0.0 -0.0 0.0 -0.0 -0.0 -0.0 -0.0; -0.0 -0.0 -0.0 -0.0 -0.0 -0.0 0.0 0.0 28.0 47.0;;; -0.0 -0.0 -0.0 19.0 4.0 27.0 0.0 -0.0 12.0 -0.0; -0.0 -0.0 -0.0 -0.0 -0.0 -0.0 -0.0 27.0 14.0 -0.0; -0.0 -0.0 -0.0 -0.0 -0.0 -0.0 -0.0 0.0 -0.0 -0.0; 2.0 0.0 0.0 -0.0 -0.0 -0.0 38.0 4.0 -0.0 31.0;;; -0.0 -0.0 -0.0 -0.0 -0.0 -0.0 -0.0 -0.0 -0.0 -0.0; -0.0 -0.0 -0.0 -0.0 -0.0 -0.0 -0.0 -0.0 -0.0 -0.0; -0.0 -0.0 -0.0 -0.0 -0.0 -0.0 -0.0 -0.0 -0.0 -0.0; -0.0 -0.0 -0.0 -0.0 -0.0 -0.0 -0.0 -0.0 -0.0 -0.0;;; -0.0 -0.0 -0.0 -0.0 -0.0 -0.0 -0.0 -0.0 -0.0 -0.0; -0.0 -0.0 -0.0 -0.0 -0.0 -0.0 -0.0 -0.0 -0.0 -0.0; -0.0 -0.0 -0.0 -0.0 -0.0 -0.0 -0.0 -0.0 -0.0 -0.0; -0.0 -0.0 -0.0 -0.0 -0.0 -0.0 -0.0 -0.0 -0.0 -0.0;;; -0.0 -0.0 -0.0 -0.0 -0.0 -0.0 -0.0 -0.0 -0.0 -0.0; -0.0 -0.0 -0.0 -0.0 -0.0 -0.0 -0.0 -0.0 -0.0 -0.0; -0.0 -0.0 -0.0 -0.0 -0.0 -0.0 -0.0 -0.0 -0.0 -0.0; -0.0 -0.0 -0.0 -0.0 -0.0 -0.0 -0.0 -0.0 -0.0 -0.0]
evol_box,"[[0.427, 0.0], [2.107, 248506.84554591536], [2.218, 248506.84554591536], [2.335, 734183.8928035535], [2.535, 734183.8928038491], [2.761, 734183.8928038491], [5.537, 2.3150864058199488e6], [7.844, 5.722998834454858e6], [10.143, 5.722998834454858e6], [11.845, 5.723082239532196e6], [15.306, 5.723085568285607e6], [18.317, 5.724735234831617e6], [22.465, 6.574766164534477e6], [25.47, 6.818688502793403e6], [29.044, 7.182744086867413e6], [36.159, 7.304929683618943e6], [39.541, 7.304929683618975e6], [47.837, 7.304929683618975e6], [56.897, 7.427080168778631e6], [63.105, 7.42708016877857e6], [73.177, 7.670058168090373e6], [82.344, 8.156636477118166e6], [90.281, 8.156854466391988e6], [99.185, 8.278199718662845e6], [108.038, 8.278199718662846e6], [118.761, 8.400888215327013e6], [138.097, 8.401034134654526e6], [153.5, 8.644314951350668e6], [177.984, 8.887956145270608e6], [193.501, 9.25280020249233e6], [229.546, 8.887256458003351e6], [286.029, 8.888260780718865e6], [737.036, 9.130305254375676e6], [887.903, 9.13060412041569e6], [1112.484, 9.251803496282648e6], [1162.962, 9.131242895422751e6], [3050.55, 9.374051263601696e6], [3600.072, 9.495744690101324e6]]"
y_pb,[[24.999999999999996 36.99999999999999 -0.0 -0.0 -0.0 -0.0 -0.0 -0.0 -0.0 -0.0; -0.0 -0.0 41.0 -0.0 -0.0 -0.0 -0.0 -0.0 -0.0 -0.0; -0.0 -0.0 -0.0 0.0 -0.0 -0.0 -0.0 -0.0 -0.0 -0.0; -0.0 -0.0 -0.0 -0.0 -0.0 -0.0 -0.0 -0.0 28.0 47.0;;;]]
x_bb,"[62.0, 41.0, 0.0, 75.0]"
x_box,"[30.0, 40.0, 16.0, 92.0]"
evol_zeta,"[[1.725, 46.714285714285715], [2.19, 41.0], [2.236, 35.333333333333336], [2.356, 28.000000000000007], [2.563, 25.0], [2.787, 20.77777777777778], [5.563, 23.333333333333332], [7.876, 21.000000000000004], [10.175, 19.299999999999997], [11.887, 17.0], [15.33, 18.799999999999997], [18.385, 16.444444444444443], [22.487, 16.4], [25.495, 16.555555555555557], [29.086, 14.333333333333332], [36.196, 14.888888888888886], [39.562, 14.700000000000003], [47.887, 12.333333333333332], [56.938, 14.555555555555554], [63.129, 12.900000000000002], [73.218, 13.200000000000003], [82.392, 12.299999999999997], [90.312, 12.0], [99.219, 12.5], [108.087, 12.0], [118.783, 12.888888888888886], [138.143, 12.000000000000004], [153.526, 12.0], [178.005, 12.0], [193.526, 12.799999999999997], [229.595, 11.857142857142854], [286.074, 12.999999999999996], [737.068, 12.200000000000003], [887.929, 11.0], [1112.554, 11.0], [1163.021, 11.77777777777778], [3050.625, 11.0], [3600.09, 0.0]]"
ξ_box,[17.0 25.0 23.0 25.0 13.0; 5.0 22.0 35.0 37.0 17.0; 13.0 41.0 19.0 35.0 40.0; 19.0 19.0 18.0 18.0 19.0; 27.0 13.0 20.0 26.0 26.0; 25.0 12.0 18.0 28.0 24.0; 33.0 22.0 28.0 17.0 25.0; 30.0 25.0 29.0 15.0 32.0; 39.0 34.0 38.0 21.0 33.0; 47.0 42.0 27.0 31.0 27.0]
