first,second
s_box,[47.0; 42.0; 25.0; 39.0; 35.0; 0.0; 0.0; 34.0; 54.0; 0.0;;]
x_pb,"[0.0, 48.0, 51.0, 80.0]"
s_bb,[47.0; 42.0; 25.0; 39.0; 35.0; 0.0; 0.0; 34.0; 54.0; 0.0;;]
partition_bb,"[[[0.0, 0.0, 0.0, 0.0, 0.0, 4.0, 24.0, 44.0, 47.0, 61.0], [47.0, 42.0, 25.0, 24.0, 29.0, 14.0, 0.0, 0.0, 0.0, 0.0], [6.0, 11.0, 14.0, 28.0, 33.0, 48.0, 28.0, 8.0, 4.0, 0.0], [0.0, 0.0, 0.0, 11.0, 16.0, 31.0, 51.0, 31.0, 27.0, 14.0], [8.0, 13.0, 25.0, 39.0, 34.0, 40.0, 20.0, 0.0, 0.0, 0.0], [0.0, 0.0, 0.0, 0.0, 3.0, 13.0, 33.0, 53.0, 44.0, 36.0], [0.0, 0.0, 0.0, 0.0, 0.0, 10.0, 30.0, 45.0, 54.0, 40.0], [41.0, 36.0, 19.0, 30.0, 35.0, 20.0, 0.0, 0.0, 0.0, 0.0]]]"
y_box,[0.0 0.0 0.0 0.0 -0.0 -0.0 -0.0 -0.0 -0.0 -0.0; -0.0 -0.0 -0.0 -0.0 0.0 48.0 -0.0 -0.0 -0.0 -0.0; -0.0 -0.0 -0.0 -0.0 -0.0 -0.0 51.0 -0.0 -0.0 -0.0; -0.0 -0.0 -0.0 -0.0 -0.0 -0.0 -0.0 19.0 0.0 61.0;;;]
evol_bb,"[[0.291, 3.2937470784069933e7]]"
y_bb,[0.0 0.0 0.0 0.0 -0.0 -0.0 -0.0 -0.0 -0.0 -0.0; -0.0 -0.0 -0.0 -0.0 0.0 48.0 -0.0 -0.0 -0.0 -0.0; -0.0 -0.0 -0.0 -0.0 -0.0 -0.0 51.0 -0.0 -0.0 -0.0; -0.0 -0.0 -0.0 -0.0 -0.0 -0.0 -0.0 19.0 0.0 61.0;;;]
evol_box,"[[0.394, 0.0], [2.003, 121760.71432436022], [2.086, 1.802147251646717e7], [2.092, 2.6732279196082696e7], [2.098, 2.9476858121549036e7], [2.104, 3.102816724612737e7], [2.108, 3.210215048622006e7], [2.112, 3.2937470784069933e7]]"
y_pb,[[-0.0 -0.0 -0.0 -0.0 -0.0 -0.0 -0.0 -0.0 -0.0 -0.0; -0.0 -0.0 -0.0 -0.0 -0.0 48.0 -0.0 -0.0 -0.0 -0.0; -0.0 -0.0 -0.0 -0.0 -0.0 -0.0 51.0 -0.0 -0.0 -0.0; -0.0 -0.0 -0.0 -0.0 -0.0 -0.0 -0.0 19.0 -0.0 61.0;;;]]
x_bb,"[0.0, 48.0, 51.0, 80.0]"
x_box,"[0.0, 48.0, 51.0, 80.0]"
evol_zeta,"[[1.648, 60.8], [2.085, 47.0], [2.091, 42.88888888888887], [2.097, 22.714285714285715], [2.103, 11.0], [2.107, 8.5], [2.111, 7.0], [2.114, 0.0]]"
ξ_box,[47.0; 42.0; 25.0; 39.0; 35.0; 48.0; 51.0; 53.0; 54.0; 61.0;;]
