first,second
s_box,[61.0 49.0; -0.0 -0.0; 7.0 3.0; 19.0 19.0; -0.0 -0.0; 22.0 32.0; 3.0 25.0; -0.0 -0.0; -0.0 -0.0; 16.0 -0.0]
x_pb,"[75.0, 35.0, -0.0, 51.0]"
s_bb,[61.0 49.0; -0.0 -0.0; 11.0 3.0; 13.0 19.0; -0.0 -0.0; 22.0 32.0; -0.0 25.0; -0.0 -0.0; 5.0 -0.0; 16.0 -0.0]
partition_bb,"[[[61.0, 36.0, 33.0, 19.0, 12.0, 0.0, 0.0, 0.0, 0.0, 0.0], [28.0, 53.0, 33.0, 19.0, 18.0, 9.0, 1.0, 0.0, 0.0, 0.0], [23.0, 48.0, 28.0, 19.0, 13.0, 1.0, 8.0, 2.0, 5.0, 16.0], [22.0, 47.0, 27.0, 13.0, 12.0, 4.0, 11.0, 17.0, 14.0, 0.0], [56.0, 31.0, 28.0, 14.0, 7.0, 17.0, 9.0, 4.0, 1.0, 0.0], [54.0, 29.0, 26.0, 12.0, 24.0, 12.0, 4.0, 0.0, 0.0, 0.0], [53.0, 28.0, 25.0, 11.0, 4.0, 8.0, 16.0, 10.0, 7.0, 0.0], [52.0, 27.0, 24.0, 10.0, 9.0, 21.0, 13.0, 8.0, 5.0, 0.0], [51.0, 26.0, 23.0, 11.0, 27.0, 15.0, 7.0, 2.0, 0.0, 0.0], [51.0, 26.0, 23.0, 9.0, 2.0, 11.0, 19.0, 13.0, 10.0, 0.0], [54.0, 29.0, 26.0, 12.0, 5.0, 0.0, 7.0, 13.0, 16.0, 2.0], [50.0, 25.0, 22.0, 8.0, 1.0, 6.0, 13.0, 19.0, 16.0, 2.0], [50.0, 25.0, 22.0, 8.0, 1.0, 13.0, 21.0, 15.0, 12.0, 0.0], [22.0, 47.0, 27.0, 13.0, 29.0, 17.0, 9.0, 4.0, 1.0, 0.0], [49.0, 24.0, 21.0, 7.0, 10.0, 22.0, 14.0, 9.0, 6.0, 0.0]], [[25.0, 0.0, 18.0, 4.0, 20.0, 32.0, 25.0, 19.0, 16.0, 2.0], [7.0, 32.0, 12.0, 4.0, 20.0, 32.0, 24.0, 19.0, 16.0, 2.0], [48.0, 23.0, 20.0, 6.0, 11.0, 23.0, 15.0, 10.0, 7.0, 0.0], [28.0, 3.0, 14.0, 19.0, 35.0, 25.0, 17.0, 12.0, 9.0, 2.0], [4.0, 29.0, 9.0, 0.0, 16.0, 28.0, 25.0, 19.0, 16.0, 16.0], [10.0, 13.0, 33.0, 19.0, 34.0, 22.0, 15.0, 9.0, 6.0, 0.0], [20.0, 45.0, 25.0, 11.0, 10.0, 22.0, 14.0, 9.0, 6.0, 0.0], [49.0, 24.0, 21.0, 7.0, 11.0, 23.0, 15.0, 10.0, 7.0, 0.0]]]"
y_box,[-0.0 53.0 22.0 -0.0 -0.0 -0.0 -0.0 -0.0 -0.0 -0.0; -0.0 -0.0 4.0 -0.0 29.0 -0.0 2.0 -0.0 -0.0 -0.0; -0.0 -0.0 -0.0 -0.0 -0.0 -0.0 0.0 -0.0 -0.0 -0.0; -0.0 -0.0 -0.0 -0.0 -0.0 -0.0 16.0 19.0 16.0 0.0;;; -0.0 45.0 30.0 -0.0 -0.0 -0.0 -0.0 -0.0 -0.0 -0.0; -0.0 -0.0 -0.0 -0.0 35.0 -0.0 -0.0 -0.0 -0.0 -0.0; -0.0 -0.0 -0.0 -0.0 -0.0 0.0 -0.0 -0.0 -0.0 -0.0; -0.0 -0.0 -0.0 -0.0 -0.0 -0.0 -0.0 19.0 16.0 16.0]
evol_bb,"[[0.453, 1.61671175304836e7], [2.857, 1.5948700857790863e7], [8.823, 1.5621031205227386e7], [8.836, 1.551180798770623e7], [10.058, 1.5184153216317542e7], [10.277, 1.4862155623020392e7], [12.589, 1.485647166713875e7], [14.216, 1.485642305807594e7], [14.234, 1.4747198518708633e7], [18.723, 1.4637973979341328e7], [21.228, 1.4528846658099646e7], [22.562, 1.4419530187991304e7], [25.64, 1.4201205446039604e7], [25.799, 1.420117303999773e7], [25.824, 1.4201083752948983e7], [27.482, 1.4201082431102838e7], [27.606, 1.4201082431102837e7], [28.182, 1.4091964703651363e7], [28.51, 1.4091859213581678e7], [28.545, 1.4091857891735533e7], [28.662, 1.4091857891735531e7], [29.119, 1.3982758874447202e7], [29.256, 1.3982758874447184e7]]"
y_bb,[-0.0 53.0 22.0 -0.0 -0.0 -0.0 -0.0 -0.0 -0.0 -0.0; -0.0 -0.0 -0.0 6.0 29.0 -0.0 -0.0 -0.0 -0.0 -0.0; -0.0 -0.0 -0.0 -0.0 -0.0 -0.0 -0.0 -0.0 -0.0 -0.0; -0.0 -0.0 -0.0 -0.0 -0.0 -0.0 21.0 19.0 11.0 -0.0;;; -0.0 45.0 30.0 -0.0 -0.0 -0.0 -0.0 -0.0 -0.0 -0.0; -0.0 -0.0 -0.0 -0.0 35.0 -0.0 -0.0 -0.0 -0.0 -0.0; -0.0 -0.0 -0.0 -0.0 -0.0 -0.0 -0.0 -0.0 -0.0 -0.0; -0.0 -0.0 -0.0 -0.0 -0.0 -0.0 -0.0 19.0 16.0 16.0]
evol_box,"[[0.43, 0.0], [2.137, 2884.340835440904], [2.227, 221627.35637932175], [2.242, 4.699061791910917e6], [2.265, 4.699345746478584e6], [2.342, 8.521839314169932e6], [2.373, 8.7402181606414e6], [2.464, 1.1142856173918815e7], [2.528, 1.1142856173918819e7], [2.66, 1.1142935498954687e7], [2.792, 1.201687084220295e7], [2.937, 1.2235061789788458e7], [3.084, 1.2235141160823934e7], [3.175, 1.2453508224830778e7], [3.402, 1.2453768999672169e7], [3.563, 1.299960588883175e7], [3.708, 1.2999721530562196e7], [3.945, 1.31088581047269e7], [4.105, 1.3109102956205025e7], [4.372, 1.3218233200796593e7], [4.635, 1.332751740686909e7], [4.846, 1.3436531722828817e7], [5.011, 1.3436719997441543e7], [5.411, 1.3545906718533128e7], [5.726, 1.3545906818898587e7], [5.869, 1.3545973584150454e7], [6.141, 1.365496866201932e7], [6.379, 1.3655050343161203e7], [6.622, 1.3764199485447403e7], [6.982, 1.3764199485447405e7], [7.311, 1.3764312600438774e7], [7.664, 1.3873411456693215e7], [7.9, 1.3873411456693215e7], [8.233, 1.387353182793769e7], [8.475, 1.3873531827937689e7], [8.694, 1.3873531827937689e7], [9.189, 1.387353182793769e7], [9.489, 1.3873531827937689e7], [9.783, 1.3982634569945974e7], [10.088, 1.3982634674214372e7], [10.381, 1.398263863975281e7], [10.782, 1.3982654378544733e7], [11.087, 1.3982740164284056e7], [11.322, 1.3982756367304994e7]]"
y_pb,[[-0.0 53.0 21.999999999999993 -0.0 -0.0 -0.0 -0.0 -0.0 -0.0 -0.0; -0.0 -0.0 -0.0 -0.0 35.0 -0.0 -0.0 -0.0 -0.0 -0.0; -0.0 -0.0 -0.0 -0.0 0.0 -0.0 -0.0 -0.0 -0.0 -0.0; -0.0 -0.0 -0.0 -0.0 -0.0 -0.0 -0.0 19.0 16.0 16.0;;;]]
x_bb,"[75.0, 35.0, -0.0, 51.0]"
x_box,"[75.0, 35.0, 0.0, 51.0]"
evol_zeta,"[[1.753, 61.0], [2.216, 32.0], [2.231, 28.555555555555557], [2.248, 19.22222222222222], [2.27, 16.0], [2.349, 16.0], [2.376, 15.0], [2.496, 14.0], [2.557, 12.0], [2.663, 16.0], [2.803, 9.625], [2.946, 7.222222222222221], [3.087, 12.0], [3.204, 11.799999999999997], [3.408, 5.000000000600011], [3.578, 14.000000000000007], [3.715, 9.666666666666657], [3.958, 4.555555555555557], [4.113, 5.0], [4.385, 2.7777777777777786], [4.665, 6.666666666666664], [4.857, 2.1111111111111143], [5.021, 4.0], [5.442, 2.3333337395466245], [5.731, 2.0], [5.873, 11.428571428571423], [6.171, 1.8999999999999986], [6.409, 7.625], [6.632, 4.0], [6.997, 3.4000000000000092], [7.321, 5.0], [7.675, 1.4444444444444429], [7.91, 0.7777777777777786], [8.242, 4.000000000000004], [8.488, 2.2222222222222214], [8.698, 1.4444444444444429], [9.203, 0.7777777777777731], [9.496, 0.4444444444444535], [9.795, 0.3333333333333428], [10.095, 0.3333333333333357], [10.391, 2.6666666666666674], [10.791, 3.999999999999996], [11.117, 0.33333333333333215], [11.332, 0.0]]"
ξ_box,[61.0 49.0; 53.0 45.0; 33.0 33.0; 19.0 19.0; 29.0 35.0; 22.0 32.0; 21.0 25.0; 19.0 19.0; 16.0 16.0; 16.0 16.0]
