first,second
s_box,[0.0; 0.0; 0.0; 0.0; 0.0; 0.0; 9.0; 27.0; 41.0; 19.0;;]
x_pb,"[125.0, 20.0, -0.0, 28.0]"
s_bb,[0.0; 0.0; 0.0; 0.0; 0.0; 0.0; 9.0; 27.0; 41.0; 19.0;;]
partition_bb,"[[[2.0, 7.0, 10.0, 15.0, 15.0, 5.0, 9.0, 27.0, 38.0, 47.0], [36.0, 31.0, 28.0, 23.0, 10.0, 5.0, 0.0, 0.0, 0.0, 0.0], [24.0, 29.0, 32.0, 24.0, 11.0, 5.0, 0.0, 8.0, 25.0, 16.0], [12.0, 17.0, 14.0, 7.0, 15.0, 5.0, 9.0, 24.0, 41.0, 32.0], [28.0, 33.0, 32.0, 24.0, 15.0, 5.0, 9.0, 0.0, 9.0, 0.0]]]"
y_box,[36.0 33.0 32.0 24.0 -0.0 -0.0 -0.0 -0.0 -0.0 -0.0; -0.0 -0.0 -0.0 -0.0 15.0 5.0 0.0 -0.0 -0.0 -0.0; -0.0 -0.0 -0.0 -0.0 -0.0 -0.0 -0.0 -0.0 -0.0 -0.0; -0.0 -0.0 -0.0 -0.0 -0.0 -0.0 -0.0 0.0 0.0 28.0;;;]
evol_bb,"[[0.308, 1.1410033689255724e7]]"
y_bb,[36.0 33.0 32.0 24.0 -0.0 -0.0 -0.0 -0.0 -0.0 -0.0; -0.0 -0.0 -0.0 -0.0 15.0 5.0 0.0 -0.0 -0.0 -0.0; -0.0 -0.0 -0.0 -0.0 -0.0 -0.0 -0.0 -0.0 -0.0 -0.0; -0.0 -0.0 -0.0 -0.0 -0.0 -0.0 -0.0 0.0 0.0 28.0;;;]
evol_box,"[[0.506, 0.0], [2.41, 243253.14026550765], [2.491, 1.022201553287188e7], [2.502, 1.081600014690894e7], [2.514, 1.1172432468675641e7], [2.525, 1.1410033689255724e7]]"
y_pb,[[36.0 33.0 32.0 24.0 -0.0 -0.0 -0.0 -0.0 -0.0 -0.0; -0.0 -0.0 -0.0 -0.0 15.0 5.0 -0.0 -0.0 -0.0 -0.0; -0.0 -0.0 -0.0 -0.0 -0.0 -0.0 0.0 -0.0 -0.0 -0.0; -0.0 -0.0 -0.0 -0.0 -0.0 -0.0 -0.0 -0.0 -0.0 28.0;;;]]
x_bb,"[125.0, 20.0, 0.0, 28.0]"
x_box,"[125.0, 20.0, 0.0, 28.0]"
evol_zeta,"[[2.019, 47.0], [2.49, 34.0], [2.501, 4.0], [2.513, 3.0], [2.524, 2.0], [2.535, 0.0]]"
ξ_box,[36.0; 33.0; 32.0; 24.0; 15.0; 5.0; 9.0; 27.0; 41.0; 47.0;;]
