first,second
s_box,[32.0 31.0 36.0 10.0 0.0; 0.0 0.0 0.0 0.0 22.0; 24.0 24.0 0.0 0.0 0.0; 0.0 0.0 0.0 0.0 0.0; 0.0 0.0 0.0 0.0 0.0; 0.0 0.0 2.0 27.0 0.0; 0.0 0.0 18.0 18.0 0.0; 0.0 0.0 0.0 2.0 0.0; 0.0 0.0 0.0 0.0 0.0; 0.0 0.0 0.0 0.0 34.0]
x_pb,"[119.0, -0.0, -0.0, 47.0]"
s_bb,[34.0 36.0 -0.0 -0.0 -0.0; 6.0 4.0 -0.0 -0.0 -0.0; -0.0 -0.0 -0.0 -0.0 -0.0; -0.0 0.0 -0.0 -0.0 -0.0; 0.0 -0.0 -0.0 -0.0 -0.0; 31.0 31.0 -0.0 -0.0 -0.0; 17.0 18.0 -0.0 -0.0 -0.0; 2.0 2.0 -0.0 -0.0 -0.0; 1.0 -0.0 -0.0 -0.0 -0.0; -0.0 0.0 -0.0 -0.0 -0.0]
partition_bb,"[[[10.0, 23.0, 23.0, 32.0, 44.0, 22.0, 13.0, 0.0, 0.0, 0.0], [34.0, 21.0, 20.0, 10.0, 3.0, 25.0, 5.0, 2.0, 13.0, 34.0], [7.0, 20.0, 20.0, 26.0, 38.0, 31.0, 10.0, 2.0, 6.0, 6.0], [10.0, 23.0, 24.0, 13.0, 4.0, 26.0, 18.0, 2.0, 13.0, 34.0], [10.0, 23.0, 23.0, 34.0, 44.0, 22.0, 13.0, 0.0, 0.0, 0.0]], [[0.0, 13.0, 14.0, 22.0, 34.0, 31.0, 4.0, 2.0, 13.0, 34.0], [36.0, 23.0, 24.0, 13.0, 3.0, 0.0, 18.0, 2.0, 13.0, 34.0], [10.0, 23.0, 24.0, 34.0, 42.0, 20.0, 11.0, 2.0, 0.0, 0.0]], Vector{Float64}[], Vector{Float64}[], Vector{Float64}[]]"
y_box,[4.0 0.0 0.0 34.0 44.0 27.0 3.0 2.0 0.0 5.0; 0.0 0.0 0.0 0.0 0.0 0.0 0.0 0.0 0.0 0.0; 0.0 0.0 0.0 0.0 0.0 0.0 0.0 0.0 0.0 0.0; 0.0 23.0 0.0 0.0 0.0 0.0 12.0 0.0 12.0 0.0;;; 0.0 23.0 0.0 23.0 35.0 23.0 0.0 2.0 13.0 0.0; 0.0 0.0 0.0 0.0 0.0 0.0 0.0 0.0 0.0 0.0; 0.0 0.0 0.0 0.0 0.0 0.0 0.0 0.0 0.0 0.0; 5.0 0.0 0.0 0.0 1.0 3.0 4.0 0.0 0.0 34.0;;; 0.0 23.0 24.0 0.0 36.0 1.0 0.0 0.0 7.0 28.0; 0.0 0.0 0.0 0.0 0.0 0.0 0.0 0.0 0.0 0.0; 0.0 0.0 0.0 0.0 0.0 0.0 0.0 0.0 0.0 0.0; 0.0 0.0 0.0 34.0 0.0 11.0 0.0 2.0 0.0 0.0;;; 0.0 23.0 24.0 30.0 39.0 3.0 0.0 0.0 0.0 0.0; 0.0 0.0 0.0 0.0 0.0 0.0 0.0 0.0 0.0 0.0; 0.0 0.0 0.0 0.0 0.0 0.0 0.0 0.0 0.0 0.0; 0.0 0.0 0.0 0.0 0.0 0.0 0.0 0.0 13.0 34.0;;; 36.0 0.0 24.0 0.0 15.0 11.0 18.0 2.0 13.0 0.0; 0.0 0.0 0.0 0.0 0.0 0.0 0.0 0.0 0.0 0.0; 0.0 0.0 0.0 0.0 0.0 0.0 0.0 0.0 0.0 0.0; 0.0 1.0 0.0 26.0 0.0 20.0 0.0 0.0 0.0 0.0]
evol_bb,"[[1.516, 1.1237326671617452e7], [26.681, 1.123732667161745e7], [48.946, 1.0995740866403192e7]]"
y_bb,[0.0 17.0 24.0 34.0 44.0 -0.0 -0.0 -0.0 -0.0 -0.0; -0.0 -0.0 -0.0 -0.0 -0.0 -0.0 0.0 -0.0 -0.0 -0.0; -0.0 -0.0 -0.0 -0.0 -0.0 -0.0 0.0 -0.0 -0.0 -0.0; -0.0 -0.0 -0.0 -0.0 -0.0 -0.0 1.0 0.0 12.0 34.0;;; 0.0 19.0 24.0 34.0 42.0 -0.0 -0.0 -0.0 -0.0 -0.0; -0.0 -0.0 -0.0 -0.0 -0.0 -0.0 0.0 -0.0 -0.0 -0.0; -0.0 -0.0 -0.0 -0.0 -0.0 -0.0 0.0 -0.0 -0.0 -0.0; -0.0 -0.0 -0.0 -0.0 -0.0 -0.0 -0.0 -0.0 13.0 34.0;;; -0.0 -0.0 -0.0 -0.0 -0.0 -0.0 -0.0 -0.0 -0.0 -0.0; -0.0 -0.0 -0.0 -0.0 -0.0 -0.0 -0.0 -0.0 -0.0 -0.0; -0.0 -0.0 -0.0 -0.0 -0.0 -0.0 -0.0 -0.0 -0.0 -0.0; -0.0 -0.0 -0.0 -0.0 -0.0 -0.0 -0.0 -0.0 -0.0 -0.0;;; -0.0 -0.0 -0.0 -0.0 -0.0 -0.0 -0.0 -0.0 -0.0 -0.0; -0.0 -0.0 -0.0 -0.0 -0.0 -0.0 -0.0 -0.0 -0.0 -0.0; -0.0 -0.0 -0.0 -0.0 -0.0 -0.0 -0.0 -0.0 -0.0 -0.0; -0.0 -0.0 -0.0 -0.0 -0.0 -0.0 -0.0 -0.0 -0.0 -0.0;;; -0.0 -0.0 -0.0 -0.0 -0.0 -0.0 -0.0 -0.0 -0.0 -0.0; -0.0 -0.0 -0.0 -0.0 -0.0 -0.0 -0.0 -0.0 -0.0 -0.0; -0.0 -0.0 -0.0 -0.0 -0.0 -0.0 -0.0 -0.0 -0.0 -0.0; -0.0 -0.0 -0.0 -0.0 -0.0 -0.0 -0.0 -0.0 -0.0 -0.0]
evol_box,"[[0.476, 0.0], [2.088, 124513.22886771502], [2.187, 124513.22886771502], [2.22, 124513.22886771502], [2.267, 124513.22886771502], [2.353, 124513.22886771502], [2.945, 3.8692773428658065e6], [4.035, 3.989803918782826e6], [4.442, 3.989803918782868e6], [5.496, 3.989803918782868e6], [7.224, 3.989803918782869e6], [8.76, 3.989803918782869e6], [10.357, 4.1105178425608957e6], [12.292, 4.110517842560896e6], [14.685, 4.1105178425608957e6], [16.938, 4.231290650336692e6], [19.993, 4.714287556879132e6], [23.939, 4.835303657610402e6], [27.243, 5.07673174806134e6], [31.72, 5.077014171995608e6], [35.552, 5.439062377156019e6], [41.739, 5.439062377156019e6], [46.639, 5.439727592978451e6], [48.989, 5.560343786079062e6], [56.231, 5.680914888070665e6], [59.723, 5.801863420344384e6], [68.186, 5.9222728307730025e6], [90.174, 5.9225462555691935e6], [94.664, 6.043367009001512e6], [113.118, 6.043404820039495e6], [143.895, 6.1638668241093885e6], [148.172, 6.1638668241093885e6], [168.337, 6.1638668241093885e6], [190.856, 6.163977177012593e6], [227.796, 6.285120116554061e6], [234.994, 6.40553385099453e6], [316.94, 6.405850556945538e6], [449.729, 6.526104577002266e6], [594.745, 6.526104577002266e6], [648.783, 6.526215651036363e6], [919.547, 6.526215651036363e6], [974.864, 6.526425709460015e6], [1119.459, 6.526454397521917e6], [1236.272, 6.647236195230141e6], [1364.67, 6.767764723508945e6], [1546.961, 6.767808315014035e6], [1573.474, 6.768015103901925e6], [1840.105, 6.768027561207119e6], [2118.854, 6.768252812282845e6], [2335.179, 6.7682866261029495e6], [3600.062, 6.888563527551284e6]]"
y_pb,[[-0.0 17.0 24.0 34.0 44.0 -0.0 -0.0 -0.0 -0.0 -0.0; -0.0 -0.0 -0.0 -0.0 -0.0 -0.0 0.0 -0.0 -0.0 -0.0; -0.0 -0.0 -0.0 -0.0 -0.0 -0.0 0.0 -0.0 -0.0 -0.0; -0.0 -0.0 -0.0 -0.0 -0.0 -0.0 -0.0 -0.0 13.0 34.0;;;]]
x_bb,"[119.0, -0.0, -0.0, 47.0]"
x_box,"[119.0, 0.0, 0.0, 47.0]"
evol_zeta,"[[1.707, 43.85714285714286], [2.168, 34.0], [2.191, 34.0], [2.225, 31.0], [2.277, 25.999999999999996], [2.362, 25.222222222222225], [2.95, 14.0], [4.047, 14.0], [4.448, 14.0], [5.507, 14.0], [7.229, 14.0], [8.764, 10.0], [10.373, 9.0], [12.301, 9.0], [14.696, 9.0], [16.958, 9.0], [19.999, 9.0], [23.95, 11.0], [27.251, 9.0], [31.726, 11.0], [35.559, 10.0], [41.748, 10.0], [46.659, 10.0], [49.007, 10.0], [56.245, 9.0], [59.731, 14.0], [68.2, 10.0], [90.191, 14.0], [94.677, 10.0], [113.132, 8.0], [143.912, 9.000000000000002], [148.19, 9.0], [168.347, 9.0], [190.897, 9.0], [227.809, 9.000000000000002], [235.008, 7.999999999999972], [316.951, 9.0], [449.752, 10.0], [594.767, 9.0], [648.805, 9.0], [919.57, 9.0], [974.873, 8.0], [1119.475, 8.0], [1236.283, 8.0], [1364.679, 8.000000000900002], [1546.975, 10.0], [1573.489, 8.0], [1840.112, 8.000000000900002], [2118.867, 8.0], [2335.206, 7.999999999999993], [3600.086, 0.0]]"
ξ_box,[36.0 36.0 36.0 10.0 36.0; 23.0 23.0 23.0 23.0 23.0; 24.0 24.0 24.0 24.0 24.0; 34.0 23.0 34.0 30.0 26.0; 44.0 35.0 36.0 39.0 15.0; 26.0 26.0 14.0 30.0 31.0; 15.0 4.0 18.0 18.0 18.0; 2.0 2.0 2.0 2.0 2.0; 12.0 13.0 7.0 13.0 13.0; 5.0 34.0 28.0 34.0 34.0]
