first,second
s_box,[1.0 -0.0 -0.0 -0.0; 2.0 25.0 -0.0 12.0; 0.0 -0.0 -0.0 18.0; -0.0 16.0 -0.0 -0.0; 12.0 -0.0 15.0 -0.0; 12.0 -0.0 16.0 1.0; 12.0 -0.0 11.0 -0.0; 3.0 -0.0 -0.0 -0.0; -0.0 -0.0 -0.0 10.0; -0.0 -0.0 -0.0 -0.0]
x_pb,"[-0.0, -0.0, 85.0, 38.0]"
s_bb,[1.0 -0.0 -0.0 -0.0; 5.0 25.0 -0.0 -0.0; 0.0 -0.0 -0.0 -0.0; -0.0 10.0 30.0 -0.0; 15.0 -0.0 17.0 -0.0; 17.0 -0.0 -0.0 -0.0; 17.0 17.0 -0.0 -0.0; -0.0 -0.0 -0.0 -0.0; -0.0 -0.0 -0.0 -0.0; -0.0 -0.0 -0.0 -0.0]
partition_bb,"[[[1.0, 25.0, 29.0, 26.0, 1.0, 1.0, 1.0, 7.0, 11.0, 16.0], [0.0, 2.0, 2.0, 2.0, 15.0, 17.0, 17.0, 11.0, 11.0, 16.0], [0.0, 17.0, 34.0, 31.0, 6.0, 4.0, 4.0, 10.0, 11.0, 6.0]], [[0.0, 11.0, 28.0, 31.0, 15.0, 13.0, 13.0, 9.0, 2.0, 0.0], [1.0, 25.0, 10.0, 13.0, 17.0, 17.0, 17.0, 11.0, 4.0, 9.0], [1.0, 23.0, 6.0, 9.0, 17.0, 15.0, 15.0, 11.0, 11.0, 16.0], [0.0, 12.0, 29.0, 26.0, 16.0, 14.0, 14.0, 10.0, 3.0, 7.0]], [[1.0, 25.0, 34.0, 31.0, 10.0, 10.0, 10.0, 4.0, 0.0, 0.0], [1.0, 25.0, 11.0, 8.0, 17.0, 17.0, 17.0, 11.0, 11.0, 6.0]], Vector{Float64}[]]"
y_box,[0.0 -0.0 -0.0 -0.0 -0.0 -0.0 -0.0 -0.0 -0.0 -0.0; 0.0 0.0 -0.0 -0.0 -0.0 -0.0 -0.0 -0.0 -0.0 -0.0; -0.0 23.0 34.0 31.0 -0.0 -0.0 -0.0 -0.0 -0.0 -0.0; -0.0 -0.0 -0.0 -0.0 -0.0 -0.0 -0.0 8.0 11.0 16.0;;; -0.0 0.0 -0.0 -0.0 -0.0 -0.0 -0.0 -0.0 -0.0 -0.0; 0.0 -0.0 -0.0 -0.0 -0.0 -0.0 -0.0 -0.0 -0.0 -0.0; 1.0 0.0 14.0 -0.0 17.0 1.0 17.0 11.0 11.0 16.0; -0.0 -0.0 9.0 10.0 -0.0 16.0 0.0 -0.0 -0.0 0.0;;; -0.0 0.0 -0.0 -0.0 -0.0 -0.0 -0.0 -0.0 -0.0 -0.0; -0.0 -0.0 -0.0 -0.0 -0.0 -0.0 -0.0 -0.0 -0.0 -0.0; -0.0 24.0 33.0 31.0 -0.0 -0.0 -0.0 -0.0 -0.0 -0.0; -0.0 -0.0 -0.0 -0.0 -0.0 -0.0 5.0 11.0 10.0 9.0;;; -0.0 -0.0 -0.0 -0.0 -0.0 -0.0 0.0 -0.0 -0.0 -0.0; -0.0 -0.0 -0.0 -0.0 -0.0 -0.0 0.0 -0.0 -0.0 -0.0; 1.0 -0.0 12.0 30.0 15.0 -0.0 -0.0 11.0 1.0 16.0; -0.0 -0.0 -0.0 -0.0 2.0 16.0 17.0 -0.0 -0.0 0.0]
evol_bb,"[[0.324, 6.3082540052033225e6], [13.245, 6.197619471715808e6], [90.903, 6.086984938228293e6]]"
y_bb,[0.0 -0.0 -0.0 -0.0 -0.0 -0.0 -0.0 -0.0 -0.0 -0.0; -0.0 0.0 -0.0 -0.0 -0.0 -0.0 -0.0 -0.0 -0.0 -0.0; -0.0 20.0 34.0 31.0 -0.0 -0.0 -0.0 -0.0 -0.0 -0.0; -0.0 -0.0 -0.0 -0.0 0.0 0.0 -0.0 11.0 11.0 16.0;;; -0.0 -0.0 -0.0 -0.0 0.0 -0.0 -0.0 0.0 -0.0 -0.0; -0.0 -0.0 -0.0 -0.0 -0.0 0.0 -0.0 -0.0 -0.0 -0.0; -0.0 0.0 29.0 1.0 0.0 17.0 -0.0 11.0 11.0 16.0; 1.0 -0.0 -0.0 20.0 17.0 -0.0 -0.0 -0.0 -0.0 0.0;;; 0.0 -0.0 -0.0 -0.0 -0.0 0.0 -0.0 -0.0 -0.0 -0.0; 0.0 -0.0 -0.0 -0.0 -0.0 -0.0 -0.0 -0.0 -0.0 -0.0; 1.0 15.0 34.0 1.0 0.0 0.0 17.0 11.0 -0.0 6.0; -0.0 10.0 -0.0 -0.0 -0.0 17.0 -0.0 -0.0 11.0 0.0;;; -0.0 -0.0 -0.0 -0.0 -0.0 -0.0 -0.0 -0.0 -0.0 -0.0; -0.0 -0.0 -0.0 -0.0 -0.0 -0.0 -0.0 -0.0 -0.0 -0.0; -0.0 -0.0 -0.0 -0.0 -0.0 -0.0 -0.0 -0.0 -0.0 -0.0; -0.0 -0.0 -0.0 -0.0 -0.0 -0.0 -0.0 -0.0 -0.0 -0.0]
evol_box,"[[0.417, 0.0], [2.076, 223726.79640948243], [2.172, 223726.79640948243], [2.201, 223726.79640948243], [2.278, 223726.79640948243], [2.569, 1.2193626995453127e6], [2.908, 1.9937581580492072e6], [3.132, 1.9937581580492072e6], [3.515, 2.325596107636909e6], [4.209, 2.3255961076369095e6], [5.592, 2.878736667447162e6], [7.115, 3.210537930558061e6], [8.792, 3.3212889560436998e6], [12.429, 3.321288956043692e6], [15.404, 3.3212889560436998e6], [16.602, 3.542508003419267e6], [19.534, 3.7636642393316114e6], [22.858, 3.76366423933161e6], [26.37, 3.874394973995891e6], [30.464, 3.8744368225966236e6], [34.911, 3.874436822596623e6], [44.796, 3.8744368225966226e6], [50.151, 3.874436822596623e6], [52.582, 3.874548152920007e6], [56.935, 3.985057132617754e6], [62.351, 3.984928801965515e6], [69.393, 4.095649557417822e6], [78.659, 4.095649557417823e6], [81.047, 4.095682798750572e6], [94.929, 4.0956856061770576e6], [106.454, 4.0956978546414888e6], [111.765, 4.206197868940545e6], [134.424, 4.206197868940544e6], [157.372, 4.206197868940544e6], [168.442, 4.206197868940544e6], [173.786, 4.206197868940544e6], [185.242, 4.206197868940544e6], [197.435, 4.206197868940544e6], [225.973, 4.206314079736439e6], [246.219, 4.206363892152498e6], [293.673, 4.206395698790126e6], [325.256, 4.206405193228198e6], [357.428, 4.3169048507911535e6], [394.149, 4.316921266582172e6], [502.797, 4.316937110936973e6], [540.339, 4.316939832116377e6], [560.728, 4.316939832116377e6], [589.947, 4.316942490085794e6], [674.393, 4.316939832116377e6], [728.326, 4.316942553295781e6], [777.893, 4.317053791128483e6], [859.414, 4.427476777279351e6], [939.637, 4.427476777279351e6], [988.176, 4.427555766569833e6], [1044.368, 4.427555766569832e6], [1068.383, 4.427571026855123e6], [1107.327, 4.427571026855123e6], [1140.004, 4.427586461380025e6], [1261.911, 4.427618557280897e6], [1365.237, 4.427619927575505e6], [1506.742, 4.538116310438838e6], [1719.718, 4.538131594161422e6], [1777.117, 4.538160326320247e6], [1837.216, 4.538179296009993e6], [1933.979, 4.5381895655635735e6], [2019.297, 4.5381913368762545e6], [2032.821, 4.5381913368762545e6], [2175.1, 4.5381913368762545e6], [2224.813, 4.538194058055658e6], [2320.749, 4.538196779235061e6], [2520.382, 4.538196779235061e6], [2598.367, 4.538247354993461e6], [2733.806, 4.648736002890604e6], [2935.888, 4.648743644751895e6], [3033.728, 4.648802848887446e6], [3135.299, 4.6488077695693355e6], [3231.195, 4.648803570066851e6], [3242.392, 4.648819810435596e6], [3576.047, 4.648819810435596e6], [3600.079, 4.648837307273897e6]]"
y_pb,[[0.0 -0.0 -0.0 -0.0 -0.0 -0.0 -0.0 -0.0 -0.0 -0.0; -0.0 0.0 -0.0 -0.0 -0.0 -0.0 -0.0 -0.0 -0.0 -0.0; -0.0 20.0 34.0 31.0 -0.0 -0.0 -0.0 -0.0 -0.0 -0.0; -0.0 -0.0 -0.0 -0.0 -0.0 -0.0 -0.0 11.0 11.0 16.0;;;]]
x_bb,"[0.0, -0.0, 85.0, 38.0]"
x_box,"[-0.0, 0.0, 88.0, 35.0]"
evol_zeta,"[[2.153, 16.0], [2.178, 16.0], [2.232, 16.0], [2.325, 14.444444444444445], [2.583, 12.444444444444445], [2.915, 11.0], [3.15, 9.222222222222221], [3.535, 7.0], [4.248, 7.0], [5.602, 6.5], [7.161, 5.0], [8.831, 5.0], [12.474, 8.666666666666666], [15.445, 4.875001274648781], [16.609, 5.0], [19.555, 4.888888888888889], [22.895, 4.444444444444445], [26.38, 4.0], [30.506, 6.111111111111111], [34.951, 4.0], [44.828, 4.111111111111111], [50.175, 3.555555555555557], [52.621, 3.0], [56.956, 3.666666666666667], [62.372, 4.25], [69.401, 3.777777777777777], [78.668, 3.75], [81.086, 3.6666666666666607], [94.971, 3.625000000000001], [106.483, 3.3750000000000004], [111.794, 3.0], [134.449, 3.0], [157.396, 3.0], [168.464, 3.000000000400007], [173.828, 2.999999999999943], [185.265, 2.7777777777777786], [197.452, 3.3333333333333335], [225.994, 3.0], [246.241, 3.0], [293.696, 3.0000000000000155], [325.29, 2.00000319976321], [357.449, 2.44444444478889], [394.191, 2.4444444444444446], [502.813, 2.7777777777777786], [540.36, 2.333333333333334], [560.755, 2.0], [589.966, 3.0], [674.417, 2.0], [728.35, 2.555555555555557], [777.917, 2.333333333333334], [859.43, 2.333333333333332], [939.649, 2.0000000003000022], [988.201, 2.2222222222222214], [1044.376, 5.0], [1068.399, 2.6666666666666665], [1107.336, 2.444444444444443], [1140.013, 4.0], [1261.928, 2.0], [1365.256, 2.0], [1506.758, 1.8888888888888715], [1719.736, 2.2857142857142883], [1777.138, 3.0], [1837.236, 2.0], [1934.011, 2.1111111111110734], [2019.32, 2.0], [2032.839, 2.1111125554014496], [2175.125, 2.0], [2224.853, 2.1111111111111107], [2320.772, 1.6666667618286688], [2520.397, 1.6666666666666679], [2598.382, 1.5555555555555554], [2733.845, 1.9999999999999778], [2935.915, 2.0], [3033.767, 1.0000000002000002], [3135.311, 2.0], [3231.211, 1.4444444444444446], [3242.403, 1.8888897775475648], [3576.071, 2.0], [3600.094, 0.0]]"
ξ_box,[1.0 1.0 0.0 1.0; 25.0 25.0 24.0 12.0; 34.0 23.0 33.0 30.0; 31.0 26.0 31.0 30.0; 12.0 17.0 15.0 17.0; 12.0 17.0 16.0 17.0; 12.0 17.0 16.0 17.0; 11.0 11.0 11.0 11.0; 11.0 11.0 10.0 11.0; 16.0 16.0 9.0 16.0]
