first,second
s_box,[-0.0 9.0; 5.0 5.0; -0.0 -0.0; 0.0 -0.0; -0.0 -0.0; -0.0 1.0; -0.0 21.0; 34.0 -0.0; -0.0 -0.0; 47.0 51.0]
x_pb,"[48.0, 37.0, -0.0, 54.0]"
s_bb,[-0.0 9.0; 5.0 5.0; 8.0 0.0; -0.0 -0.0; -0.0 0.0; 17.0 1.0; -0.0 21.0; -0.0 -0.0; 54.0 -0.0; 2.0 51.0]
partition_bb,"[[[0.0, 0.0, 0.0, 0.0, 0.0, 0.0, 16.0, 25.0, 44.0, 57.0], [9.0, 5.0, 8.0, 5.0, 0.0, 3.0, 21.0, 34.0, 34.0, 21.0], [0.0, 0.0, 0.0, 0.0, 0.0, 0.0, 14.0, 30.0, 54.0, 41.0], [0.0, 0.0, 0.0, 0.0, 7.0, 0.0, 13.0, 29.0, 53.0, 40.0], [0.0, 0.0, 0.0, 0.0, 0.0, 9.0, 12.0, 28.0, 52.0, 39.0], [0.0, 0.0, 0.0, 0.0, 12.0, 0.0, 11.0, 27.0, 51.0, 38.0], [0.0, 0.0, 0.0, 0.0, 2.0, 14.0, 11.0, 27.0, 51.0, 38.0], [0.0, 0.0, 0.0, 3.0, 15.0, 3.0, 9.0, 25.0, 49.0, 36.0], [0.0, 0.0, 0.0, 0.0, 5.0, 17.0, 9.0, 25.0, 49.0, 36.0]], [[0.0, 0.0, 0.0, 0.0, 11.0, 23.0, 6.0, 22.0, 46.0, 33.0], [0.0, 0.0, 0.0, 0.0, 6.0, 18.0, 10.0, 19.0, 38.0, 51.0], [0.0, 0.0, 0.0, 3.0, 15.0, 3.0, 21.0, 37.0, 24.0, 37.0], [9.0, 5.0, 8.0, 5.0, 0.0, 12.0, 1.0, 17.0, 41.0, 42.0], [9.0, 5.0, 8.0, 5.0, 17.0, 23.0, 16.0, 0.0, 24.0, 32.0], [0.0, 0.0, 0.0, 0.0, 7.0, 19.0, 8.0, 24.0, 48.0, 35.0], [0.0, 0.0, 0.0, 0.0, 0.0, 1.0, 19.0, 35.0, 49.0, 36.0], [0.0, 0.0, 0.0, 0.0, 0.0, 1.0, 19.0, 35.0, 50.0, 37.0]]]"
y_box,[9.0 -0.0 8.0 5.0 15.0 15.0 -0.0 -0.0 -0.0 -0.0; -0.0 -0.0 -0.0 -0.0 -0.0 -0.0 0.0 -0.0 37.0 -0.0; -0.0 -0.0 -0.0 -0.0 -0.0 -0.0 -0.0 -0.0 0.0 -0.0; -0.0 -0.0 -0.0 -0.0 -0.0 2.0 21.0 -0.0 17.0 10.0;;; -0.0 -0.0 8.0 5.0 17.0 22.0 -0.0 -0.0 -0.0 -0.0; -0.0 -0.0 -0.0 -0.0 -0.0 -0.0 -0.0 37.0 -0.0 -0.0; -0.0 -0.0 -0.0 -0.0 -0.0 -0.0 -0.0 -0.0 -0.0 -0.0; -0.0 -0.0 -0.0 -0.0 -0.0 -0.0 -0.0 -0.0 50.0 -0.0]
evol_bb,"[[0.474, 1.0132674400174737e7], [0.64, 1.0132674400174735e7], [1.609, 1.0132674400174733e7], [4.381, 1.0028228241796363e7], [9.025, 9.923802901495663e6], [9.893, 9.923802901495662e6], [11.715, 9.714889766661245e6], [14.007, 9.505997449904501e6], [16.436, 9.40158711713278e6], [19.141, 9.401578462598018e6], [24.202, 9.29714588975559e6], [28.731, 9.192681104732549e6], [30.238, 9.192676793738255e6], [31.202, 9.088255507186702e6], [31.218, 9.088254452546358e6]]"
y_bb,[0.0 -0.0 -0.0 -0.0 -0.0 0.0 19.0 -0.0 -0.0 33.0; -0.0 -0.0 0.0 0.0 15.0 -0.0 -0.0 0.0 -0.0 22.0; -0.0 -0.0 -0.0 -0.0 -0.0 -0.0 -0.0 -0.0 -0.0 0.0; 9.0 -0.0 -0.0 5.0 -0.0 -0.0 2.0 34.0 0.0 -0.0;;; 0.0 -0.0 8.0 5.0 17.0 22.0 -0.0 -0.0 -0.0 -0.0; -0.0 -0.0 -0.0 -0.0 -0.0 -0.0 0.0 37.0 -0.0 -0.0; -0.0 -0.0 -0.0 -0.0 -0.0 -0.0 -0.0 -0.0 0.0 -0.0; -0.0 -0.0 -0.0 -0.0 -0.0 -0.0 -0.0 -0.0 50.0 0.0]
evol_box,"[[0.628, 0.0], [2.722, 315418.2093556353], [2.825, 315418.2093556353], [2.857, 1.7773194979385554e6], [2.873, 2.8218978479227456e6], [2.92, 3.5528248674985142e6], [2.968, 3.657350348749254e6], [2.989, 3.970773921555514e6], [3.01, 5.641744967641413e6], [3.035, 5.746025918329004e6], [3.069, 6.372893492857834e6], [3.104, 6.999379818869471e6], [3.213, 7.3127945437080255e6], [3.372, 7.626056769139703e6], [3.496, 7.93939524427482e6], [3.632, 8.043841402653193e6], [3.762, 8.148287561031565e6], [3.883, 8.148287561031565e6], [4.025, 8.25269559455816e6], [4.19, 8.252703406575529e6], [4.346, 8.252809969113376e6], [4.457, 8.566072194545053e6], [4.614, 8.566109107338218e6], [4.754, 8.670518352923425e6], [5.085, 8.6705183529234e6], [5.24, 8.670518352923345e6], [5.45, 8.670518352923352e6], [5.649, 8.774934198467389e6], [5.828, 8.774950813362837e6], [6.087, 8.983808294167986e6], [6.304, 8.983818703206822e6], [6.52, 8.983818703206822e6], [6.768, 8.983818703206822e6], [6.948, 8.983818703206822e6], [7.102, 8.983818703206822e6], [7.283, 8.983818703206787e6], [7.449, 8.983818703206822e6], [7.603, 8.983837097167298e6], [7.882, 8.98383758618084e6], [8.051, 9.088244043507522e6], [8.224, 9.088252842884414e6], [8.465, 9.088254452546358e6]]"
y_pb,[[-0.0 -0.0 8.0 5.0 17.0 18.0 -0.0 -0.0 -0.0 -0.0; -0.0 -0.0 -0.0 -0.0 -0.0 -0.0 -0.0 36.99999999999999 -0.0 -0.0; -0.0 -0.0 -0.0 -0.0 -0.0 -0.0 -0.0 -0.0 0.0 -0.0; -0.0 -0.0 -0.0 -0.0 -0.0 -0.0 -0.0 -0.0 54.0 -0.0;;;]]
x_bb,"[52.0, 37.0, 0.0, 50.0]"
x_box,"[52.0, 37.0, 0.0, 50.0]"
evol_zeta,"[[2.818, 23.0], [2.845, 22.666666666666664], [2.862, 17.5], [2.906, 12.0], [2.947, 12.000000000000007], [2.973, 12.0], [2.993, 12.0], [3.015, 12.0], [3.042, 10.999999999999995], [3.073, 8.000000000900002], [3.138, 8.0], [3.248, 9.0], [3.39, 5.000000000600011], [3.523, 8.0], [3.656, 5.5], [3.771, 5.0], [3.887, 5.000000000600011], [4.041, 8.833333333333336], [4.205, 5.0], [4.351, 8.0], [4.467, 4.799999999999997], [4.621, 7.499999999999994], [4.76, 6.0], [5.089, 4.5714285714285765], [5.272, 4.0], [5.459, 2.6666666666666647], [5.663, 4.399999999999999], [5.857, 2.375], [6.096, 2.0], [6.312, 3.5999999999999783], [6.528, 0.8571428571428468], [6.778, 2.799999999999997], [6.953, 0.8333333333333357], [7.111, 0.5000000000000001], [7.292, 0.4285714285714288], [7.462, 0.400000000000001], [7.612, 0.1666666666666714], [7.892, 1.0], [8.056, 3.6000000000000014], [8.235, 0.5], [8.473, 0.0]]"
ξ_box,[9.0 9.0; 5.0 5.0; 8.0 8.0; 5.0 5.0; 15.0 17.0; 17.0 23.0; 21.0 21.0; 34.0 37.0; 54.0 50.0; 57.0 51.0]
