first,second
s_box,[0.0 20.0 20.0 20.0 0.0; 0.0 21.0 24.0 7.0 0.0; 0.0 0.0 14.0 0.0 0.0; 0.0 0.0 0.0 0.0 19.0; 0.0 0.0 0.0 0.0 19.0; 0.0 0.0 0.0 0.0 19.0; 0.0 0.0 0.0 0.0 0.0; 33.0 0.0 0.0 0.0 0.0; 5.0 0.0 0.0 0.0 0.0; 19.0 16.0 0.0 30.0 0.0]
x_pb,"[26.0, 56.0, 5.000000000000001, 30.0]"
s_bb,[20.0 -0.0 -0.0 -0.0 -0.0; 24.0 3.0 -0.0 -0.0 -0.0; 30.0 -0.0 -0.0 -0.0 -0.0; 0.0 -0.0 6.0 -0.0 -0.0; 24.0 -0.0 -0.0 -0.0 -0.0; 20.0 -0.0 -0.0 -0.0 -0.0; -0.0 -0.0 -0.0 -0.0 -0.0; -0.0 -0.0 -0.0 -0.0 -0.0; -0.0 -0.0 -0.0 -0.0 -0.0; -0.0 -0.0 -0.0 -0.0 -0.0]
partition_bb,"[[[0.0, 2.0, 6.0, 16.0, 18.0, 21.0, 23.0, 33.0, 1.0, 0.0], [20.0, 23.0, 19.0, 9.0, 7.0, 4.0, 2.0, 0.0, 5.0, 30.0], [0.0, 24.0, 30.0, 20.0, 18.0, 15.0, 13.0, 3.0, 0.0, 0.0], [0.0, 10.0, 12.0, 22.0, 24.0, 21.0, 19.0, 9.0, 0.0, 0.0], [0.0, 11.0, 15.0, 25.0, 23.0, 20.0, 18.0, 8.0, 3.0, 0.0]], [[0.0, 11.0, 15.0, 25.0, 23.0, 20.0, 18.0, 8.0, 0.0, 0.0]], [[0.0, 11.0, 15.0, 25.0, 23.0, 20.0, 18.0, 8.0, 0.0, 3.0]], Vector{Float64}[], Vector{Float64}[]]"
y_box,[0.0 0.0 0.0 0.0 8.0 21.0 23.0 0.0 0.0 0.0; 0.0 13.0 8.0 0.0 9.0 0.0 0.0 0.0 0.0 0.0; 0.0 0.0 0.0 0.0 3.0 0.0 0.0 0.0 0.0 2.0; 0.0 0.0 0.0 21.0 0.0 0.0 0.0 0.0 0.0 9.0;;; 0.0 0.0 12.0 21.0 19.0 0.0 0.0 0.0 0.0 0.0; 0.0 0.0 18.0 0.0 0.0 12.0 0.0 0.0 0.0 0.0; 0.0 0.0 0.0 0.0 0.0 4.0 1.0 0.0 0.0 0.0; 0.0 3.0 0.0 0.0 0.0 0.0 13.0 14.0 0.0 0.0;;; 0.0 0.0 6.0 15.0 17.0 14.0 0.0 0.0 0.0 0.0; 0.0 0.0 0.0 0.0 0.0 0.0 12.0 18.0 0.0 0.0; 0.0 0.0 0.0 0.0 0.0 0.0 0.0 0.0 5.0 0.0; 0.0 0.0 0.0 0.0 0.0 0.0 0.0 0.0 0.0 30.0;;; 0.0 8.0 10.0 12.0 22.0 0.0 0.0 0.0 0.0 0.0; 0.0 0.0 0.0 8.0 0.0 19.0 0.0 3.0 0.0 0.0; 0.0 0.0 0.0 0.0 0.0 0.0 0.0 0.0 5.0 0.0; 0.0 0.0 0.0 0.0 0.0 0.0 17.0 13.0 0.0 0.0;;; 0.0 24.0 0.0 0.0 2.0 0.0 2.0 24.0 0.0 0.0; 0.0 0.0 18.0 0.0 0.0 0.0 12.0 0.0 0.0 0.0; 0.0 0.0 0.0 0.0 0.0 0.0 3.0 0.0 0.0 2.0; 17.0 0.0 0.0 0.0 0.0 0.0 0.0 0.0 0.0 13.0]
evol_bb,"[[0.653, 1.5189656634888463e7], [5.494, 1.5189656634888459e7]]"
y_bb,[0.0 0.0 0.0 25.0 -0.0 1.0 -0.0 -0.0 -0.0 -0.0; -0.0 -0.0 -0.0 -0.0 -0.0 -0.0 23.0 33.0 -0.0 -0.0; -0.0 -0.0 -0.0 -0.0 -0.0 -0.0 -0.0 -0.0 5.0 0.0; -0.0 -0.0 -0.0 -0.0 -0.0 -0.0 -0.0 -0.0 -0.0 30.0;;; -0.0 -0.0 6.0 -0.0 -0.0 20.0 -0.0 -0.0 -0.0 -0.0; -0.0 8.0 9.0 25.0 -0.0 -0.0 6.0 8.0 -0.0 -0.0; -0.0 -0.0 -0.0 0.0 5.0 -0.0 -0.0 -0.0 -0.0 -0.0; -0.0 -0.0 -0.0 -0.0 18.0 -0.0 12.0 0.0 -0.0 -0.0;;; -0.0 -0.0 -0.0 -0.0 -0.0 20.0 -0.0 6.0 -0.0 -0.0; -0.0 11.0 -0.0 19.0 3.0 -0.0 18.0 2.0 -0.0 3.0; -0.0 -0.0 5.0 -0.0 -0.0 -0.0 -0.0 -0.0 -0.0 -0.0; -0.0 0.0 10.0 -0.0 20.0 -0.0 0.0 -0.0 -0.0 0.0;;; -0.0 -0.0 -0.0 -0.0 -0.0 -0.0 -0.0 -0.0 -0.0 -0.0; -0.0 -0.0 -0.0 -0.0 -0.0 -0.0 -0.0 -0.0 -0.0 -0.0; -0.0 -0.0 -0.0 -0.0 -0.0 -0.0 -0.0 -0.0 -0.0 -0.0; -0.0 -0.0 -0.0 -0.0 -0.0 -0.0 -0.0 -0.0 -0.0 -0.0;;; -0.0 -0.0 -0.0 -0.0 -0.0 -0.0 -0.0 -0.0 -0.0 -0.0; -0.0 -0.0 -0.0 -0.0 -0.0 -0.0 -0.0 -0.0 -0.0 -0.0; -0.0 -0.0 -0.0 -0.0 -0.0 -0.0 -0.0 -0.0 -0.0 -0.0; -0.0 -0.0 -0.0 -0.0 -0.0 -0.0 -0.0 -0.0 -0.0 -0.0]
evol_box,"[[0.478, 0.0], [2.358, 389696.9759251267], [2.473, 389696.9759251268], [2.537, 389904.0848159881], [2.694, 390466.8747124897], [3.118, 647449.1725363535], [4.847, 2.5774318793597715e6], [5.479, 2.577908662514135e6], [8.701, 2.9634673182405056e6], [11.678, 2.963467426302939e6], [14.549, 3.607312006463868e6], [16.211, 3.9933253176915343e6], [18.441, 4.636736753495689e6], [21.392, 4.765224402790597e6], [25.355, 4.76523375821859e6], [28.837, 5.022626811481737e6], [33.865, 5.022626811481735e6], [38.382, 5.408505358724151e6], [43.984, 5.408956952666281e6], [50.036, 5.40922973024618e6], [58.787, 5.537397188350766e6], [63.619, 5.53773132873665e6], [74.602, 5.794553747731313e6], [78.913, 5.794926314370099e6], [100.679, 6.180685632417142e6], [114.961, 6.181071326447689e6], [172.649, 6.181071326447689e6], [214.403, 6.567259585744526e6], [239.054, 6.310110819323354e6], [264.121, 6.566959769473017e6], [298.688, 6.695402764037326e6], [383.156, 6.695402764037326e6], [425.649, 6.69625713766819e6], [482.338, 6.95320476101559e6], [614.68, 6.953234418746138e6], [946.004, 7.081506377074034e6], [1116.761, 7.081506377074034e6], [1348.078, 7.082001325707948e6], [1405.129, 7.210184037045793e6], [1647.49, 7.210184037045793e6], [3172.855, 7.339158382593271e6], [3600.104, 7.4676931879007835e6]]"
y_pb,[[-0.0 -0.0 -0.0 24.999999999999996 -0.0 1.0 -0.0 -0.0 -0.0 -0.0; -0.0 -0.0 -0.0 -0.0 -0.0 -0.0 23.0 33.0 -0.0 -0.0; -0.0 -0.0 -0.0 -0.0 -0.0 -0.0 -0.0 -0.0 5.0 -0.0; -0.0 -0.0 -0.0 -0.0 -0.0 -0.0 -0.0 -0.0 -0.0 30.0;;;]]
x_bb,"[26.0, 56.0, 5.0, 30.0]"
x_box,"[52.0, 30.0, 5.0, 30.0]"
evol_zeta,"[[1.923, 32.625], [2.446, 30.0], [2.486, 18.625001423823925], [2.549, 18.624999999999993], [2.724, 17.285714285714285], [3.138, 16.555555555555557], [4.875, 16.25], [5.528, 16.25], [8.715, 15.125000001612506], [11.72, 15.142857142857142], [14.607, 15.124999999999996], [16.238, 14.999999999999998], [18.47, 14.444444444444445], [21.403, 15.0], [25.386, 15.0], [28.86, 14.0], [33.886, 11.142857142857142], [38.411, 10.999999999999996], [44.019, 10.625], [50.084, 10.09999999999986], [58.816, 10.75], [63.663, 10.11111111111111], [74.653, 9.375], [78.964, 10.125], [100.711, 9.75], [114.996, 8.75], [172.682, 8.624999999999979], [214.445, 8.428571428571423], [239.085, 9.444444444444445], [264.164, 8.666666666666666], [298.715, 8.666666666666668], [383.183, 8.75], [425.697, 8.625], [482.355, 8.222222222222223], [614.713, 8.874999999999972], [946.031, 9.88888888888889], [1116.791, 8.375], [1348.111, 8.749999999999998], [1405.152, 8.25], [1647.52, 6.99999999999994], [3172.891, 8.375], [3600.122, 0.0]]"
ξ_box,[-0.0 20.0 20.0 20.0 17.0; 13.0 24.0 24.0 15.0 24.0; 8.0 30.0 20.000000000000004 10.0 18.0; 18.0 20.999999999999996 15.0 20.0 19.0; 20.0 19.0 17.0 22.0 21.0; 21.0 16.0 14.0 19.0 19.0; 23.0 14.0 12.0 17.0 17.0; 33.0 14.0 18.0 16.0 24.0; 5.0 -0.0 5.0 5.0 0.0; 30.0 16.0 30.0 30.0 15.0]
