first,second
s_box,[0.0; 0.0; 21.0; 0.0; 0.0; 0.0; 21.0; 25.0; 26.0; 27.0; 0.0; 0.0; 0.0; 0.0; 33.0; 0.0; 0.0; 0.0; 0.0; 39.0;;]
x_pb,"[13.0, 28.0, -0.0, 54.0, 45.0, 161.0]"
s_bb,[0.0; 0.0; 21.0; 0.0; 0.0; 0.0; 21.0; 25.0; 26.0; 27.0; 0.0; 0.0; 0.0; 0.0; 33.0; 0.0; 0.0; 0.0; 0.0; 39.0;;]
partition_bb,"[[[0.0, 0.0, 0.0, 0.0, 0.0, 0.0, 0.0, 6.0, 7.0, 8.0, 11.0, 21.0, 15.0, 22.0, 29.0, 26.0, 35.0, 39.0, 39.0, 44.0], [6.0, 7.0, 21.0, 13.0, 6.0, 3.0, 6.0, 0.0, 0.0, 0.0, 3.0, 13.0, 15.0, 29.0, 32.0, 34.0, 25.0, 28.0, 29.0, 33.0], [6.0, 7.0, 21.0, 13.0, 6.0, 5.0, 21.0, 25.0, 26.0, 27.0, 32.0, 22.0, 15.0, 30.0, 23.0, 13.0, 6.0, 3.0, 2.0, 0.0], [6.0, 7.0, 6.0, 14.0, 8.0, 5.0, 0.0, 0.0, 0.0, 0.0, 0.0, 7.0, 14.0, 15.0, 22.0, 32.0, 43.0, 39.0, 40.0, 44.0], [6.0, 7.0, 0.0, 8.0, 8.0, 5.0, 5.0, 9.0, 10.0, 11.0, 16.0, 22.0, 15.0, 30.0, 33.0, 34.0, 25.0, 21.0, 21.0, 16.0], [6.0, 7.0, 21.0, 15.0, 8.0, 5.0, 4.0, 10.0, 11.0, 12.0, 15.0, 5.0, 12.0, 27.0, 30.0, 31.0, 22.0, 18.0, 19.0, 23.0]]]"
y_box,[6.0 7.0 0.0 -0.0 -0.0 -0.0 -0.0 -0.0 -0.0 -0.0 -0.0 -0.0 -0.0 -0.0 -0.0 -0.0 -0.0 -0.0 -0.0 -0.0; -0.0 -0.0 -0.0 15.0 8.0 5.0 -0.0 -0.0 -0.0 -0.0 -0.0 -0.0 -0.0 -0.0 -0.0 -0.0 -0.0 -0.0 -0.0 -0.0; -0.0 -0.0 -0.0 -0.0 -0.0 -0.0 0.0 0.0 -0.0 -0.0 -0.0 -0.0 -0.0 -0.0 -0.0 -0.0 -0.0 -0.0 -0.0 -0.0; -0.0 -0.0 -0.0 -0.0 -0.0 -0.0 -0.0 -0.0 0.0 0.0 32.0 22.0 -0.0 -0.0 -0.0 -0.0 -0.0 -0.0 -0.0 -0.0; -0.0 -0.0 -0.0 -0.0 -0.0 -0.0 -0.0 -0.0 -0.0 -0.0 -0.0 -0.0 15.0 30.0 0.0 -0.0 -0.0 -0.0 -0.0 -0.0; -0.0 -0.0 -0.0 -0.0 -0.0 -0.0 -0.0 -0.0 -0.0 -0.0 -0.0 -0.0 -0.0 -0.0 -0.0 34.0 43.0 39.0 40.0 5.0;;;]
evol_bb,"[[0.293, 2.3625517400079414e7]]"
y_bb,[6.0 7.0 0.0 -0.0 -0.0 -0.0 -0.0 -0.0 -0.0 -0.0 -0.0 -0.0 -0.0 -0.0 -0.0 -0.0 -0.0 -0.0 -0.0 -0.0; -0.0 -0.0 -0.0 15.0 8.0 5.0 -0.0 -0.0 -0.0 -0.0 -0.0 -0.0 -0.0 -0.0 -0.0 -0.0 -0.0 -0.0 -0.0 -0.0; -0.0 -0.0 -0.0 -0.0 -0.0 -0.0 0.0 0.0 -0.0 -0.0 -0.0 -0.0 -0.0 -0.0 -0.0 -0.0 -0.0 -0.0 -0.0 -0.0; -0.0 -0.0 -0.0 -0.0 -0.0 -0.0 -0.0 -0.0 0.0 0.0 32.0 22.0 -0.0 -0.0 -0.0 -0.0 -0.0 -0.0 -0.0 -0.0; -0.0 -0.0 -0.0 -0.0 -0.0 -0.0 -0.0 -0.0 -0.0 -0.0 -0.0 -0.0 15.0 30.0 0.0 -0.0 -0.0 -0.0 -0.0 -0.0; -0.0 -0.0 -0.0 -0.0 -0.0 -0.0 -0.0 -0.0 -0.0 -0.0 -0.0 -0.0 -0.0 -0.0 -0.0 34.0 43.0 39.0 40.0 5.0;;;]
evol_box,"[[0.422, 0.0], [1.872, 126104.64983121578], [1.957, 9.599530361794345e6], [1.965, 2.0918805596381392e7], [1.973, 2.2395214924451943e7], [1.981, 2.3010340902867846e7], [1.991, 2.3502487222573683e7], [2.0, 2.3625517400079414e7]]"
y_pb,[[6.000000000000001 7.0 -0.0 -0.0 -0.0 -0.0 -0.0 -0.0 -0.0 -0.0 -0.0 -0.0 -0.0 -0.0 -0.0 -0.0 -0.0 -0.0 -0.0 -0.0; -0.0 -0.0 -0.0 15.0 8.0 5.0 -0.0 -0.0 -0.0 -0.0 -0.0 -0.0 -0.0 -0.0 -0.0 -0.0 -0.0 -0.0 -0.0 -0.0; -0.0 -0.0 -0.0 -0.0 -0.0 0.0 -0.0 -0.0 -0.0 -0.0 -0.0 -0.0 -0.0 -0.0 -0.0 -0.0 -0.0 -0.0 -0.0 -0.0; -0.0 -0.0 -0.0 -0.0 -0.0 -0.0 -0.0 -0.0 -0.0 -0.0 32.0 22.0 -0.0 -0.0 -0.0 -0.0 -0.0 -0.0 -0.0 -0.0; -0.0 -0.0 -0.0 -0.0 -0.0 -0.0 -0.0 -0.0 -0.0 -0.0 -0.0 -0.0 15.0 30.0 -0.0 -0.0 -0.0 -0.0 -0.0 -0.0; -0.0 -0.0 -0.0 -0.0 -0.0 -0.0 -0.0 -0.0 -0.0 -0.0 -0.0 -0.0 -0.0 -0.0 -0.0 34.0 43.00000000000001 39.0 40.0 5.0;;;]]
x_bb,"[13.0, 28.0, 0.0, 54.0, 45.0, 161.0]"
x_box,"[13.0, 28.0, 0.0, 54.0, 45.0, 161.0]"
evol_zeta,"[[1.53, 44.0], [1.955, 21.0], [1.963, 21.0], [1.971, 6.0], [1.979, 5.0], [1.989, 4.0], [1.997, 1.0], [2.009, 0.0]]"
ξ_box,[6.0; 7.0; 21.0; 15.0; 8.0; 5.0; 21.0; 25.0; 26.0; 27.0; 32.0; 22.0; 15.0; 30.0; 33.0; 34.0; 43.0; 39.0; 40.0; 44.0;;]
