first,second
s_box,[0.0; 0.0; 0.0; 37.0; 40.0; 39.0; 0.0; 0.0; 0.0; 0.0; 0.0; 23.0; 31.0; 30.0; 17.0; 0.0; 0.0; 0.0; 0.0; 0.0;;]
x_pb,"[114.0, -0.0, 90.0, 15.0, 6.0, 47.0]"
s_bb,[0.0; 0.0; 0.0; 37.0; 40.0; 39.0; 0.0; 0.0; 0.0; 0.0; 0.0; 23.0; 31.0; 30.0; 17.0; 0.0; 0.0; 0.0; 0.0; 0.0;;]
partition_bb,"[[[47.0, 33.0, 32.0, 29.0, 29.0, 19.0, 14.0, 12.0, 15.0, 20.0, 15.0, 7.0, 0.0, 0.0, 0.0, 0.0, 0.0, 0.0, 0.0, 0.0], [14.0, 0.0, 1.0, 4.0, 4.0, 14.0, 9.0, 12.0, 15.0, 10.0, 15.0, 23.0, 31.0, 30.0, 20.0, 16.0, 5.0, 4.0, 1.0, 0.0], [27.0, 25.0, 26.0, 29.0, 29.0, 39.0, 16.0, 13.0, 8.0, 5.0, 2.0, 8.0, 0.0, 0.0, 10.0, 14.0, 5.0, 6.0, 7.0, 3.0], [13.0, 25.0, 26.0, 29.0, 31.0, 39.0, 21.0, 24.0, 19.0, 16.0, 13.0, 6.0, 0.0, 0.0, 0.0, 0.0, 5.0, 4.0, 1.0, 0.0], [22.0, 33.0, 34.0, 36.0, 40.0, 30.0, 17.0, 14.0, 9.0, 6.0, 9.0, 1.0, 0.0, 0.0, 0.0, 0.0, 5.0, 6.0, 7.0, 3.0], [36.0, 22.0, 21.0, 18.0, 18.0, 8.0, 21.0, 18.0, 18.0, 13.0, 8.0, 0.0, 8.0, 10.0, 6.0, 16.0, 5.0, 6.0, 9.0, 11.0], [0.0, 14.0, 13.0, 10.0, 10.0, 0.0, 17.0, 20.0, 25.0, 20.0, 15.0, 13.0, 5.0, 3.0, 0.0, 0.0, 5.0, 4.0, 1.0, 0.0], [19.0, 33.0, 32.0, 33.0, 29.0, 29.0, 6.0, 3.0, 0.0, 0.0, 5.0, 3.0, 4.0, 13.0, 23.0, 16.0, 5.0, 6.0, 9.0, 5.0], [19.0, 33.0, 34.0, 37.0, 33.0, 27.0, 19.0, 16.0, 11.0, 16.0, 11.0, 3.0, 0.0, 0.0, 0.0, 0.0, 5.0, 4.0, 1.0, 5.0]]]"
y_box,[47.0 33.0 34.0 0.0 0.0 -0.0 -0.0 -0.0 -0.0 -0.0 -0.0 -0.0 -0.0 -0.0 -0.0 -0.0 -0.0 -0.0 -0.0 -0.0; -0.0 -0.0 -0.0 -0.0 -0.0 0.0 -0.0 -0.0 -0.0 -0.0 -0.0 -0.0 -0.0 -0.0 -0.0 -0.0 -0.0 -0.0 -0.0 -0.0; -0.0 -0.0 -0.0 -0.0 -0.0 -0.0 21.0 24.0 25.0 20.0 -0.0 -0.0 -0.0 -0.0 -0.0 -0.0 -0.0 -0.0 -0.0 -0.0; -0.0 -0.0 -0.0 -0.0 -0.0 -0.0 -0.0 -0.0 -0.0 -0.0 15.0 0.0 0.0 0.0 -0.0 -0.0 -0.0 -0.0 -0.0 -0.0; -0.0 -0.0 -0.0 -0.0 -0.0 -0.0 -0.0 -0.0 -0.0 -0.0 -0.0 -0.0 -0.0 -0.0 6.0 -0.0 -0.0 -0.0 -0.0 -0.0; -0.0 -0.0 -0.0 -0.0 -0.0 -0.0 -0.0 -0.0 -0.0 -0.0 -0.0 -0.0 -0.0 -0.0 -0.0 16.0 5.0 6.0 9.0 11.0;;;]
evol_bb,"[[0.356, 2.6877416261703193e7]]"
y_bb,[47.0 33.0 34.0 0.0 0.0 -0.0 -0.0 -0.0 -0.0 -0.0 -0.0 -0.0 -0.0 -0.0 -0.0 -0.0 -0.0 -0.0 -0.0 -0.0; -0.0 -0.0 -0.0 -0.0 -0.0 0.0 -0.0 -0.0 -0.0 -0.0 -0.0 -0.0 -0.0 -0.0 -0.0 -0.0 -0.0 -0.0 -0.0 -0.0; -0.0 -0.0 -0.0 -0.0 -0.0 -0.0 21.0 24.0 25.0 20.0 -0.0 -0.0 -0.0 -0.0 -0.0 -0.0 -0.0 -0.0 -0.0 -0.0; -0.0 -0.0 -0.0 -0.0 -0.0 -0.0 -0.0 -0.0 -0.0 -0.0 15.0 0.0 0.0 0.0 -0.0 -0.0 -0.0 -0.0 -0.0 -0.0; -0.0 -0.0 -0.0 -0.0 -0.0 -0.0 -0.0 -0.0 -0.0 -0.0 -0.0 -0.0 -0.0 -0.0 6.0 -0.0 -0.0 -0.0 -0.0 -0.0; -0.0 -0.0 -0.0 -0.0 -0.0 -0.0 -0.0 -0.0 -0.0 -0.0 -0.0 -0.0 -0.0 -0.0 -0.0 16.0 5.0 6.0 9.0 11.0;;;]
evol_box,"[[0.487, 0.0], [2.182, 4260.505130815403], [2.269, 1.5236516776758067e7], [2.277, 2.068536179847826e7], [2.284, 2.4524457151891164e7], [2.291, 2.5886681411733255e7], [2.327, 2.638204569334048e7], [2.335, 2.6753573619612515e7], [2.344, 2.6877416261703193e7]]"
y_pb,[[47.0 33.0 34.0 -0.0 -0.0 -0.0 -0.0 -0.0 -0.0 -0.0 -0.0 -0.0 -0.0 -0.0 -0.0 -0.0 -0.0 -0.0 -0.0 -0.0; -0.0 -0.0 -0.0 -0.0 -0.0 -0.0 0.0 -0.0 -0.0 -0.0 -0.0 -0.0 -0.0 -0.0 -0.0 -0.0 -0.0 -0.0 -0.0 -0.0; -0.0 -0.0 -0.0 -0.0 -0.0 -0.0 21.0 24.000000000000004 25.0 20.0 -0.0 -0.0 -0.0 -0.0 -0.0 -0.0 -0.0 -0.0 -0.0 -0.0; -0.0 -0.0 -0.0 -0.0 -0.0 -0.0 -0.0 -0.0 -0.0 -0.0 15.0 -0.0 -0.0 -0.0 -0.0 -0.0 -0.0 -0.0 -0.0 -0.0; -0.0 -0.0 -0.0 -0.0 -0.0 -0.0 -0.0 -0.0 -0.0 -0.0 -0.0 -0.0 -0.0 -0.0 6.0 -0.0 -0.0 -0.0 -0.0 -0.0; -0.0 -0.0 -0.0 -0.0 -0.0 -0.0 -0.0 -0.0 -0.0 -0.0 -0.0 -0.0 -0.0 -0.0 -0.0 16.0 5.0 6.000000000000001 9.0 11.0;;;]]
x_bb,"[114.0, 0.0, 90.0, 15.0, 6.0, 47.0]"
x_box,"[114.0, 0.0, 90.0, 15.0, 6.0, 47.0]"
evol_zeta,"[[1.797, 47.0], [2.267, 31.0], [2.275, 20.0], [2.282, 11.0], [2.289, 10.0], [2.325, 4.0], [2.333, 3.0], [2.342, 1.0], [2.356, 0.0]]"
ξ_box,[47.0; 33.0; 34.0; 37.0; 40.0; 39.0; 21.0; 24.0; 25.0; 20.0; 15.0; 23.0; 31.0; 30.0; 23.0; 16.0; 5.0; 6.0; 9.0; 11.0;;]
