first,second
s_box,[41.0; 48.0; 46.0; 41.0; 36.0; 0.0; 28.0; 1.0; 4.0; 0.0; 0.0; 0.0; 0.0; 0.0; 0.0; 0.0; 0.0; 0.0; 0.0; 16.0;;]
x_pb,"[190.0, -0.0, 16.0, 89.0, 29.0, -0.0]"
s_bb,[41.0; 48.0; 46.0; 41.0; 36.0; 0.0; 28.0; 1.0; 4.0; 0.0; 0.0; 0.0; 0.0; 0.0; 0.0; 0.0; 0.0; 0.0; 0.0; 16.0;;]
partition_bb,"[[[52.0, 49.0, 47.0, 41.0, 35.0, 32.0, 25.0, 12.0, 10.0, 9.0, 6.0, 0.0, 0.0, 0.0, 0.0, 0.0, 0.0, 0.0, 0.0, 0.0], [34.0, 31.0, 29.0, 21.0, 15.0, 14.0, 7.0, 7.0, 9.0, 6.0, 7.0, 10.0, 11.0, 13.0, 30.0, 26.0, 24.0, 20.0, 0.0, 0.0], [1.0, 4.0, 6.0, 12.0, 17.0, 21.0, 28.0, 25.0, 33.0, 30.0, 25.0, 16.0, 14.0, 12.0, 0.0, 4.0, 6.0, 10.0, 13.0, 10.0], [40.0, 37.0, 35.0, 27.0, 21.0, 20.0, 13.0, 7.0, 15.0, 18.0, 13.0, 16.0, 18.0, 20.0, 3.0, 7.0, 5.0, 0.0, 7.0, 4.0], [16.0, 16.0, 11.0, 6.0, 0.0, 5.0, 11.0, 25.0, 31.0, 30.0, 25.0, 16.0, 18.0, 20.0, 12.0, 16.0, 18.0, 20.0, 13.0, 16.0], [35.0, 32.0, 37.0, 42.0, 37.0, 32.0, 26.0, 8.0, 16.0, 19.0, 14.0, 5.0, 3.0, 1.0, 7.0, 3.0, 1.0, 6.0, 0.0, 3.0], [0.0, 0.0, 0.0, 0.0, 5.0, 9.0, 16.0, 25.0, 33.0, 30.0, 25.0, 16.0, 14.0, 13.0, 30.0, 27.0, 25.0, 20.0, 13.0, 10.0]]]"
y_box,[11.0 1.0 1.0 1.0 1.0 32.0 -0.0 -0.0 -0.0 -0.0 -0.0 -0.0 -0.0 -0.0 -0.0 -0.0 -0.0 -0.0 -0.0 -0.0; -0.0 -0.0 -0.0 -0.0 -0.0 -0.0 0.0 -0.0 -0.0 -0.0 -0.0 -0.0 -0.0 -0.0 -0.0 -0.0 -0.0 -0.0 -0.0 -0.0; -0.0 -0.0 -0.0 -0.0 -0.0 -0.0 -0.0 24.0 29.0 30.0 25.0 16.0 -0.0 -0.0 -0.0 -0.0 -0.0 -0.0 -0.0 -0.0; -0.0 -0.0 -0.0 -0.0 -0.0 -0.0 -0.0 -0.0 -0.0 -0.0 -0.0 -0.0 18.0 20.0 30.0 27.0 25.0 20.0 -0.0 -0.0; -0.0 -0.0 -0.0 -0.0 -0.0 -0.0 -0.0 -0.0 -0.0 -0.0 -0.0 -0.0 -0.0 -0.0 -0.0 -0.0 -0.0 -0.0 13.0 -0.0; -0.0 -0.0 -0.0 -0.0 -0.0 -0.0 -0.0 -0.0 -0.0 -0.0 -0.0 -0.0 -0.0 -0.0 -0.0 -0.0 -0.0 -0.0 -0.0 -0.0;;;]
evol_bb,"[[0.337, 3.39666355651517e7]]"
y_bb,[11.0 1.0 1.0 1.0 1.0 32.0 -0.0 -0.0 -0.0 -0.0 -0.0 -0.0 -0.0 -0.0 -0.0 -0.0 -0.0 -0.0 -0.0 -0.0; -0.0 -0.0 -0.0 -0.0 -0.0 -0.0 0.0 -0.0 -0.0 -0.0 -0.0 -0.0 -0.0 -0.0 -0.0 -0.0 -0.0 -0.0 -0.0 -0.0; -0.0 -0.0 -0.0 -0.0 -0.0 -0.0 -0.0 24.0 29.0 30.0 25.0 16.0 -0.0 -0.0 -0.0 -0.0 -0.0 -0.0 -0.0 -0.0; -0.0 -0.0 -0.0 -0.0 -0.0 -0.0 -0.0 -0.0 -0.0 -0.0 -0.0 -0.0 18.0 20.0 30.0 27.0 25.0 20.0 -0.0 -0.0; -0.0 -0.0 -0.0 -0.0 -0.0 -0.0 -0.0 -0.0 -0.0 -0.0 -0.0 -0.0 -0.0 -0.0 -0.0 -0.0 -0.0 -0.0 13.0 -0.0; -0.0 -0.0 -0.0 -0.0 -0.0 -0.0 -0.0 -0.0 -0.0 -0.0 -0.0 -0.0 -0.0 -0.0 -0.0 -0.0 -0.0 -0.0 -0.0 -0.0;;;]
evol_box,"[[0.48, 0.0], [2.131, 4824.3022468101935], [2.221, 1.6788888915799994e7], [2.229, 3.1103940364546984e7], [2.237, 3.2535337408276007e7], [2.245, 3.357628956478792e7], [2.263, 3.39666355651517e7]]"
y_pb,[[52.0 49.0 47.0 42.0 -0.0 -0.0 -0.0 -0.0 -0.0 -0.0 -0.0 -0.0 -0.0 -0.0 -0.0 -0.0 -0.0 -0.0 -0.0 -0.0; -0.0 -0.0 -0.0 -0.0 -0.0 -0.0 -0.0 -0.0 -0.0 0.0 -0.0 -0.0 -0.0 -0.0 -0.0 -0.0 -0.0 -0.0 -0.0 -0.0; -0.0 -0.0 -0.0 -0.0 -0.0 -0.0 -0.0 -0.0 -0.0 -0.0 -0.0 16.0 -0.0 -0.0 -0.0 -0.0 -0.0 -0.0 -0.0 -0.0; -0.0 -0.0 -0.0 -0.0 -0.0 -0.0 -0.0 -0.0 -0.0 -0.0 -0.0 -0.0 18.0 20.0 30.0 21.0 -0.0 -0.0 -0.0 -0.0; -0.0 -0.0 -0.0 -0.0 -0.0 -0.0 -0.0 -0.0 -0.0 -0.0 -0.0 -0.0 -0.0 -0.0 -0.0 -0.0 -0.0 -0.0 13.0 16.0; -0.0 -0.0 -0.0 -0.0 -0.0 -0.0 -0.0 -0.0 -0.0 -0.0 -0.0 -0.0 -0.0 -0.0 -0.0 -0.0 -0.0 -0.0 -0.0 0.0;;;]]
x_bb,"[47.0, 0.0, 124.0, 140.0, 13.0, 0.0]"
x_box,"[47.0, 0.0, 124.0, 140.0, 13.0, 0.0]"
evol_zeta,"[[1.743, 52.0], [2.219, 30.0], [2.226, 23.0], [2.235, 7.0], [2.243, 6.0], [2.26, 2.0], [2.268, 0.0]]"
ξ_box,[52.0; 49.0; 47.0; 42.0; 37.0; 32.0; 28.0; 25.0; 33.0; 30.0; 25.0; 16.0; 18.0; 20.0; 30.0; 27.0; 25.0; 20.0; 13.0; 16.0;;]
