first,second
s_box,[1.0 -0.0; -0.0 -0.0; -0.0 0.0; -0.0 0.0; -0.0 -0.0; -0.0 -0.0; -0.0 -0.0; -0.0 -0.0; -0.0 6.0; -0.0 15.0; -0.0 10.0; 7.0 7.0; -0.0 2.0; -0.0 9.0; -0.0 18.0; -0.0 -0.0; -0.0 -0.0; -0.0 -0.0; -0.0 -0.0; -0.0 -0.0]
x_pb,"[1.0, 113.0, 37.0, -0.0, 95.0, -0.0]"
s_bb,[-0.0 -0.0; -0.0 -0.0; 0.0 -0.0; 0.0 4.0; -0.0 18.0; -0.0 -0.0; -0.0 -0.0; -0.0 -0.0; 6.0 -0.0; 15.0 -0.0; 10.0 -0.0; 7.0 -0.0; 2.0 -0.0; 9.0 -0.0; 18.0 -0.0; -0.0 -0.0; -0.0 -0.0; -0.0 -0.0; -0.0 -0.0; -0.0 -0.0]
partition_bb,"[[[1.0, 17.0, 20.0, 19.0, 14.0, 16.0, 19.0, 18.0, 9.0, 1.0, 0.0, 0.0, 2.0, 6.0, 15.0, 27.0, 25.0, 13.0, 12.0, 12.0], [1.0, 17.0, 20.0, 19.0, 14.0, 12.0, 7.0, 7.0, 19.0, 15.0, 10.0, 6.0, 2.0, 6.0, 18.0, 24.0, 22.0, 10.0, 9.0, 12.0], [1.0, 17.0, 20.0, 21.0, 14.0, 16.0, 21.0, 24.0, 12.0, 13.0, 8.0, 5.0, 0.0, 7.0, 0.0, 2.0, 4.0, 16.0, 15.0, 12.0], [0.0, 9.0, 10.0, 11.0, 18.0, 16.0, 13.0, 16.0, 4.0, 0.0, 0.0, 0.0, 2.0, 9.0, 0.0, 0.0, 0.0, 0.0, 0.0, 0.0], [0.0, 16.0, 19.0, 20.0, 18.0, 16.0, 21.0, 18.0, 19.0, 15.0, 10.0, 7.0, 2.0, 9.0, 18.0, 16.0, 14.0, 2.0, 3.0, 6.0]], [[1.0, 9.0, 12.0, 11.0, 18.0, 16.0, 11.0, 8.0, 19.0, 11.0, 9.0, 5.0, 2.0, 6.0, 18.0, 26.0, 24.0, 14.0, 15.0, 12.0], [1.0, 13.0, 14.0, 13.0, 18.0, 16.0, 15.0, 12.0, 7.0, 9.0, 10.0, 6.0, 2.0, 9.0, 11.0, 10.0, 12.0, 7.0, 6.0, 7.0]]]"
y_box,[-0.0 -0.0 -0.0 1.0 -0.0 -0.0 -0.0 -0.0 -0.0 -0.0 -0.0 -0.0 -0.0 -0.0 -0.0 -0.0 -0.0 -0.0 -0.0 -0.0; 0.0 -0.0 16.0 10.0 -0.0 0.0 -0.0 14.0 19.0 -0.0 -0.0 -0.0 2.0 -0.0 -0.0 27.0 25.0 -0.0 -0.0 -0.0; 1.0 13.0 -0.0 4.0 8.0 -0.0 11.0 -0.0 -0.0 -0.0 -0.0 -0.0 -0.0 -0.0 -0.0 -0.0 -0.0 -0.0 -0.0 -0.0; -0.0 -0.0 -0.0 -0.0 -0.0 -0.0 -0.0 -0.0 0.0 -0.0 -0.0 -0.0 -0.0 -0.0 -0.0 -0.0 -0.0 -0.0 0.0 0.0; -0.0 -0.0 -0.0 -0.0 -0.0 6.0 -0.0 -0.0 -0.0 15.0 10.0 -0.0 0.0 6.0 15.0 0.0 0.0 16.0 15.0 12.0; -0.0 -0.0 -0.0 -0.0 -0.0 -0.0 -0.0 -0.0 -0.0 -0.0 -0.0 -0.0 -0.0 -0.0 -0.0 -0.0 -0.0 -0.0 -0.0 0.0;;; 1.0 -0.0 -0.0 -0.0 -0.0 -0.0 -0.0 -0.0 -0.0 -0.0 -0.0 -0.0 -0.0 -0.0 -0.0 -0.0 -0.0 -0.0 -0.0 -0.0; -0.0 17.0 20.0 21.0 18.0 16.0 21.0 0.0 -0.0 -0.0 -0.0 -0.0 -0.0 -0.0 -0.0 -0.0 -0.0 -0.0 -0.0 -0.0; -0.0 -0.0 -0.0 -0.0 0.0 -0.0 -0.0 24.0 13.0 -0.0 -0.0 0.0 -0.0 -0.0 -0.0 -0.0 -0.0 -0.0 -0.0 -0.0; -0.0 -0.0 -0.0 -0.0 -0.0 -0.0 -0.0 -0.0 -0.0 -0.0 -0.0 -0.0 -0.0 -0.0 0.0 -0.0 -0.0 -0.0 -0.0 -0.0; -0.0 -0.0 -0.0 -0.0 -0.0 -0.0 -0.0 -0.0 -0.0 -0.0 -0.0 -0.0 -0.0 -0.0 -0.0 27.0 25.0 16.0 15.0 12.0; -0.0 -0.0 -0.0 -0.0 -0.0 -0.0 -0.0 -0.0 -0.0 -0.0 -0.0 -0.0 -0.0 -0.0 -0.0 -0.0 -0.0 0.0 -0.0 -0.0]
evol_bb,"[[0.687, 8.534996644337304e6], [1.877, 8.534996644337302e6]]"
y_bb,[1.0 -0.0 -0.0 -0.0 -0.0 -0.0 -0.0 -0.0 -0.0 -0.0 -0.0 -0.0 -0.0 -0.0 -0.0 -0.0 -0.0 -0.0 -0.0 -0.0; -0.0 17.0 20.0 21.0 18.0 16.0 21.0 -0.0 -0.0 -0.0 -0.0 -0.0 -0.0 -0.0 -0.0 -0.0 -0.0 -0.0 -0.0 -0.0; -0.0 -0.0 -0.0 -0.0 0.0 -0.0 0.0 24.0 13.0 0.0 0.0 0.0 -0.0 -0.0 -0.0 -0.0 -0.0 -0.0 -0.0 -0.0; -0.0 -0.0 -0.0 -0.0 -0.0 -0.0 -0.0 -0.0 -0.0 -0.0 -0.0 -0.0 0.0 -0.0 0.0 -0.0 -0.0 -0.0 -0.0 -0.0; -0.0 -0.0 -0.0 -0.0 -0.0 -0.0 -0.0 -0.0 -0.0 -0.0 -0.0 -0.0 -0.0 -0.0 -0.0 27.0 25.0 16.0 15.0 12.0; -0.0 -0.0 -0.0 -0.0 -0.0 -0.0 -0.0 -0.0 -0.0 -0.0 -0.0 -0.0 -0.0 -0.0 -0.0 -0.0 -0.0 -0.0 -0.0 -0.0;;; -0.0 -0.0 -0.0 -0.0 -0.0 -0.0 -0.0 -0.0 -0.0 -0.0 -0.0 1.0 -0.0 -0.0 -0.0 -0.0 -0.0 -0.0 -0.0 -0.0; -0.0 0.0 -0.0 -0.0 0.0 -0.0 1.0 12.0 19.0 -0.0 10.0 -0.0 2.0 4.0 0.0 -0.0 24.0 14.0 15.0 12.0; 0.0 -0.0 -0.0 -0.0 -0.0 16.0 -0.0 -0.0 0.0 11.0 -0.0 5.0 -0.0 5.0 -0.0 -0.0 -0.0 -0.0 0.0 -0.0; -0.0 -0.0 -0.0 -0.0 -0.0 0.0 0.0 -0.0 -0.0 -0.0 -0.0 -0.0 -0.0 -0.0 -0.0 -0.0 -0.0 -0.0 -0.0 -0.0; 1.0 13.0 14.0 9.0 -0.0 -0.0 14.0 -0.0 -0.0 0.0 0.0 -0.0 -0.0 -0.0 18.0 26.0 -0.0 0.0 -0.0 -0.0; -0.0 -0.0 -0.0 -0.0 -0.0 -0.0 -0.0 -0.0 -0.0 -0.0 -0.0 -0.0 0.0 -0.0 -0.0 -0.0 -0.0 -0.0 -0.0 -0.0]
evol_box,"[[0.436, 0.0], [2.256, 2940.7884363711555], [2.37, 3437.599911760917], [2.404, 5.9881597302091755e6], [2.538, 5.9881597302091755e6], [2.7, 6.624865454748526e6], [2.879, 6.6248654547484685e6], [3.027, 6.624906564849937e6], [3.235, 7.643587449754891e6], [3.518, 7.643589122688207e6], [3.785, 8.152946909355063e6], [4.035, 8.152946909354925e6], [4.215, 8.152946909355063e6], [4.387, 8.152946909355065e6], [4.652, 8.2803079369689915e6], [4.822, 8.2803079369689915e6], [5.035, 8.2803079369689915e6], [5.293, 8.280310151333151e6], [5.534, 8.534996644337302e6]]"
y_pb,[[1.0 -0.0 -0.0 -0.0 -0.0 -0.0 -0.0 -0.0 -0.0 -0.0 -0.0 -0.0 -0.0 -0.0 -0.0 -0.0 -0.0 -0.0 -0.0 -0.0; -0.0 17.0 20.0 21.0 18.0 16.0 21.0 -0.0 -0.0 -0.0 -0.0 -0.0 -0.0 -0.0 -0.0 -0.0 -0.0 -0.0 -0.0 -0.0; -0.0 -0.0 -0.0 -0.0 -0.0 -0.0 -0.0 24.000000000000004 13.0 -0.0 -0.0 -0.0 -0.0 -0.0 -0.0 -0.0 -0.0 -0.0 -0.0 -0.0; -0.0 -0.0 -0.0 -0.0 -0.0 -0.0 -0.0 -0.0 -0.0 -0.0 -0.0 -0.0 -0.0 -0.0 -0.0 0.0 -0.0 -0.0 -0.0 -0.0; -0.0 -0.0 -0.0 -0.0 -0.0 -0.0 -0.0 -0.0 -0.0 -0.0 -0.0 -0.0 -0.0 -0.0 -0.0 27.0 25.0 16.0 15.0 12.000000000000002; -0.0 -0.0 -0.0 -0.0 -0.0 -0.0 -0.0 -0.0 -0.0 -0.0 -0.0 -0.0 -0.0 -0.0 -0.0 -0.0 -0.0 -0.0 -0.0 0.0;;;]]
x_bb,"[1.0, 113.0, 37.0, 0.0, 95.0, 0.0]"
x_box,"[1.0, 113.0, 37.0, 0.0, 95.0, 0.0]"
evol_zeta,"[[1.791, 27.0], [2.34, 14.0], [2.379, 14.0], [2.412, 6.0], [2.547, 6.0], [2.706, 6.0], [2.885, 6.0], [3.032, 4.0], [3.281, 2.0], [3.564, 2.0], [3.792, 3.0], [4.039, 3.0], [4.221, 3.0], [4.39, 3.0], [4.658, 2.0], [4.826, 2.0], [5.041, 2.0], [5.3, 2.0], [5.57, 0.0]]"
ξ_box,[1.0 1.0; 13.0 17.0; 16.0 20.0; 15.0 21.0; 8.0 18.0; 6.0 16.0; 11.0 21.0; 14.0 24.0; 19.0 19.0; 15.0 15.0; 10.0 10.0; 7.0 7.0; 2.0 2.0; 6.0 9.0; 15.0 18.0; 27.0 27.0; 25.0 25.0; 16.0 16.0; 15.0 15.0; 12.0 12.0]
