first,second
s_box,[33.0 -0.0; -0.0 -0.0; -0.0 -0.0; -0.0 -0.0; -0.0 -0.0; -0.0 -0.0; -0.0 -0.0; -0.0 -0.0; -0.0 -0.0; -0.0 -0.0; -0.0 -0.0; -0.0 -0.0; -0.0 -0.0; -0.0 -0.0; 0.0 -0.0; -0.0 -0.0; 0.0 -0.0; 0.0 -0.0; 0.0 -0.0; 12.0 12.0]
x_pb,"[105.0, 19.0, 8.0, -0.0, 136.0, 31.0]"
s_bb,[33.0 -0.0; -0.0 -0.0; -0.0 -0.0; -0.0 19.0; -0.0 19.0; -0.0 -0.0; -0.0 -0.0; -0.0 -0.0; -0.0 -0.0; -0.0 -0.0; -0.0 -0.0; -0.0 -0.0; -0.0 -0.0; 0.0 -0.0; -0.0 -0.0; -0.0 -0.0; -0.0 -0.0; 0.0 -0.0; 0.0 -0.0; 12.0 -0.0]
partition_bb,"[[[26.0, 21.0, 15.0, 14.0, 8.0, 12.0, 10.0, 8.0, 1.0, 8.0, 11.0, 21.0, 28.0, 29.0, 25.0, 22.0, 15.0, 11.0, 5.0, 12.0], [18.0, 16.0, 22.0, 21.0, 16.0, 8.0, 4.0, 4.0, 1.0, 8.0, 10.0, 16.0, 13.0, 13.0, 13.0, 12.0, 8.0, 6.0, 5.0, 12.0], [33.0, 31.0, 22.0, 21.0, 15.0, 12.0, 10.0, 8.0, 1.0, 8.0, 11.0, 21.0, 12.0, 9.0, 11.0, 10.0, 8.0, 5.0, 5.0, 11.0], [33.0, 31.0, 22.0, 21.0, 19.0, 11.0, 7.0, 6.0, 1.0, 8.0, 11.0, 21.0, 18.0, 26.0, 22.0, 19.0, 12.0, 8.0, 5.0, 0.0]], [[33.0, 28.0, 22.0, 21.0, 15.0, 7.0, 4.0, 2.0, 0.0, 0.0, 11.0, 16.0, 28.0, 28.0, 24.0, 21.0, 14.0, 10.0, 4.0, 11.0], [33.0, 31.0, 22.0, 21.0, 19.0, 12.0, 10.0, 8.0, 1.0, 8.0, 6.0, 6.0, 18.0, 26.0, 25.0, 22.0, 15.0, 11.0, 5.0, 1.0]]]"
y_box,[0.0 31.0 22.0 21.0 19.0 12.0 0.0 -0.0 -0.0 -0.0 -0.0 -0.0 -0.0 -0.0 -0.0 -0.0 -0.0 -0.0 -0.0 -0.0; -0.0 -0.0 -0.0 -0.0 -0.0 -0.0 10.0 8.0 1.0 -0.0 -0.0 -0.0 -0.0 -0.0 -0.0 -0.0 -0.0 -0.0 -0.0 -0.0; -0.0 -0.0 -0.0 -0.0 -0.0 -0.0 -0.0 -0.0 -0.0 8.0 -0.0 -0.0 -0.0 -0.0 -0.0 -0.0 -0.0 -0.0 -0.0 -0.0; -0.0 -0.0 -0.0 -0.0 -0.0 -0.0 -0.0 -0.0 -0.0 -0.0 -0.0 -0.0 -0.0 -0.0 -0.0 -0.0 -0.0 -0.0 -0.0 -0.0; -0.0 -0.0 -0.0 -0.0 -0.0 -0.0 -0.0 -0.0 -0.0 -0.0 11.0 21.0 28.0 29.0 25.0 22.0 -0.0 -0.0 -0.0 -0.0; -0.0 -0.0 -0.0 -0.0 -0.0 -0.0 -0.0 -0.0 -0.0 -0.0 -0.0 -0.0 -0.0 -0.0 -0.0 0.0 15.0 11.0 5.0 -0.0;;; 19.0 31.0 22.0 21.0 4.0 -0.0 8.0 -0.0 -0.0 -0.0 -0.0 -0.0 -0.0 -0.0 -0.0 -0.0 -0.0 -0.0 -0.0 -0.0; -0.0 -0.0 -0.0 -0.0 11.0 -0.0 -0.0 7.0 1.0 -0.0 -0.0 -0.0 -0.0 -0.0 -0.0 -0.0 -0.0 -0.0 -0.0 -0.0; 7.0 -0.0 -0.0 -0.0 -0.0 -0.0 -0.0 -0.0 -0.0 0.0 -0.0 -0.0 -0.0 -0.0 -0.0 -0.0 -0.0 -0.0 -0.0 -0.0; -0.0 -0.0 -0.0 -0.0 -0.0 -0.0 -0.0 -0.0 -0.0 -0.0 0.0 -0.0 -0.0 -0.0 -0.0 -0.0 0.0 0.0 0.0 -0.0; -0.0 -0.0 -0.0 -0.0 -0.0 12.0 -0.0 -0.0 -0.0 8.0 9.0 9.0 21.0 -0.0 24.0 22.0 15.0 11.0 5.0 -0.0; -0.0 -0.0 -0.0 -0.0 -0.0 -0.0 -0.0 -0.0 -0.0 -0.0 -0.0 -0.0 -0.0 29.0 1.0 1.0 -0.0 -0.0 -0.0 -0.0]
evol_bb,"[[0.401, 5.159528039088594e6], [0.81, 5.159528039088593e6]]"
y_bb,[0.0 31.0 22.0 21.0 19.0 12.0 0.0 0.0 -0.0 -0.0 -0.0 -0.0 -0.0 -0.0 -0.0 -0.0 -0.0 -0.0 -0.0 -0.0; -0.0 -0.0 0.0 0.0 -0.0 0.0 10.0 8.0 1.0 0.0 -0.0 -0.0 -0.0 -0.0 -0.0 -0.0 -0.0 -0.0 -0.0 -0.0; -0.0 -0.0 -0.0 -0.0 -0.0 -0.0 -0.0 -0.0 -0.0 8.0 -0.0 -0.0 -0.0 -0.0 -0.0 -0.0 -0.0 -0.0 -0.0 -0.0; -0.0 -0.0 -0.0 -0.0 -0.0 -0.0 -0.0 -0.0 -0.0 -0.0 -0.0 -0.0 -0.0 -0.0 -0.0 -0.0 -0.0 -0.0 -0.0 -0.0; -0.0 -0.0 -0.0 -0.0 -0.0 -0.0 -0.0 -0.0 -0.0 -0.0 11.0 21.0 28.0 29.0 25.0 22.0 -0.0 -0.0 -0.0 -0.0; -0.0 -0.0 -0.0 -0.0 -0.0 -0.0 -0.0 -0.0 -0.0 -0.0 -0.0 -0.0 -0.0 -0.0 -0.0 -0.0 15.0 11.0 5.0 0.0;;; 0.0 31.0 -0.0 -0.0 -0.0 -0.0 -0.0 0.0 1.0 -0.0 11.0 16.0 -0.0 9.0 19.0 -0.0 15.0 -0.0 -0.0 3.0; -0.0 -0.0 -0.0 -0.0 -0.0 -0.0 -0.0 -0.0 -0.0 -0.0 -0.0 -0.0 -0.0 19.0 -0.0 -0.0 -0.0 -0.0 -0.0 -0.0; -0.0 -0.0 -0.0 -0.0 -0.0 -0.0 -0.0 -0.0 -0.0 -0.0 -0.0 -0.0 -0.0 -0.0 -0.0 -0.0 -0.0 -0.0 -0.0 8.0; -0.0 -0.0 -0.0 -0.0 -0.0 -0.0 -0.0 -0.0 -0.0 -0.0 -0.0 -0.0 -0.0 -0.0 -0.0 -0.0 -0.0 0.0 -0.0 -0.0; 33.0 -0.0 22.0 2.0 -0.0 12.0 0.0 8.0 -0.0 8.0 0.0 -0.0 13.0 -0.0 -0.0 22.0 -0.0 11.0 5.0 -0.0; -0.0 0.0 0.0 -0.0 0.0 0.0 10.0 -0.0 -0.0 -0.0 -0.0 -0.0 15.0 -0.0 6.0 0.0 -0.0 -0.0 -0.0 -0.0]
evol_box,"[[0.437, 0.0], [2.13, 5505.110236783512], [2.222, 5505.11023685052], [2.237, 5505.110236850522], [2.256, 5505.110236850522], [2.317, 463541.0464578156], [2.364, 1.7235597068347093e6], [2.481, 1.9525182481647816e6], [2.584, 3.6705368434608374e6], [2.735, 4.4722630919494135e6], [2.866, 4.58682311475608e6], [3.029, 4.58682311475608e6], [3.176, 5.044981105476209e6], [3.308, 5.044990690880978e6], [3.462, 5.159528039088594e6]]"
y_pb,[[0.0 31.0 22.0 21.0 19.0 12.000000000000002 -0.0 -0.0 -0.0 -0.0 -0.0 -0.0 -0.0 -0.0 -0.0 -0.0 -0.0 -0.0 -0.0 -0.0; -0.0 -0.0 -0.0 -0.0 -0.0 -0.0 10.0 8.0 1.0 -0.0 -0.0 -0.0 -0.0 -0.0 -0.0 -0.0 -0.0 -0.0 -0.0 -0.0; -0.0 -0.0 -0.0 -0.0 -0.0 -0.0 -0.0 -0.0 -0.0 8.0 -0.0 -0.0 -0.0 -0.0 -0.0 -0.0 -0.0 -0.0 -0.0 -0.0; -0.0 -0.0 -0.0 -0.0 -0.0 -0.0 -0.0 -0.0 -0.0 -0.0 0.0 -0.0 -0.0 -0.0 -0.0 -0.0 -0.0 -0.0 -0.0 -0.0; -0.0 -0.0 -0.0 -0.0 -0.0 -0.0 -0.0 -0.0 -0.0 -0.0 11.0 21.0 28.0 29.000000000000004 25.0 22.0 -0.0 -0.0 -0.0 -0.0; -0.0 -0.0 -0.0 -0.0 -0.0 -0.0 -0.0 -0.0 -0.0 -0.0 -0.0 -0.0 -0.0 -0.0 -0.0 -0.0 15.0 11.0 5.0 -0.0;;;]]
x_bb,"[105.0, 19.0, 8.0, 0.0, 136.0, 31.0]"
x_box,"[105.0, 19.0, 8.0, 0.0, 136.0, 31.0]"
evol_zeta,"[[1.735, 33.0], [2.21, 8.0], [2.224, 8.0], [2.243, 8.0], [2.291, 8.0], [2.322, 8.0], [2.379, 6.0], [2.487, 5.000000000600011], [2.59, 7.0], [2.741, 4.0], [2.899, 1.0000000002000036], [3.032, 1.0], [3.182, 1.0], [3.316, 1.0], [3.467, 0.0]]"
ξ_box,[33.0 26.0; 31.0 31.0; 22.0 22.0; 21.0 21.0; 19.0 15.0; 12.0 12.0; 10.0 8.0; 8.0 7.0; 1.0 1.0; 8.0 8.0; 11.0 9.0; 21.0 9.0; 28.0 21.0; 29.0 29.0; 25.0 25.0; 22.0 22.0; 15.0 15.0; 11.0 11.0; 5.0 5.0; 12.0 12.0]
