first,second
s_box,[-0.0 -0.0; -0.0 -0.0; -0.0 -0.0; -0.0 -0.0; -0.0 -0.0; -0.0 18.0; -0.0 19.0; -0.0 18.0; -0.0 -0.0; -0.0 -0.0; -0.0 -0.0; -0.0 -0.0; 26.0 -0.0; 19.0 -0.0; 8.0 -0.0; -0.0 -0.0; -0.0 4.0; -0.0 1.0; 4.0 17.0; 21.0 -0.0]
x_pb,"[67.0, 17.0, 6.999999999999999, 67.0, 144.0, 26.0]"
s_bb,[-0.0 -0.0; -0.0 -0.0; -0.0 -0.0; -0.0 17.0; -0.0 7.0; -0.0 -0.0; -0.0 19.0; -0.0 -0.0; -0.0 -0.0; 0.0 21.0; -0.0 -0.0; -0.0 -0.0; 26.0 -0.0; 19.0 -0.0; 8.0 -0.0; -0.0 -0.0; -0.0 4.0; -0.0 -0.0; 4.0 -0.0; 21.0 -0.0]
partition_bb,"[[[18.0, 19.0, 15.0, 17.0, 7.0, 18.0, 19.0, 30.0, 33.0, 40.0, 40.0, 27.0, 24.0, 15.0, 2.0, 1.0, 1.0, 0.0, 4.0, 0.0], [24.0, 23.0, 20.0, 17.0, 7.0, 13.0, 12.0, 19.0, 22.0, 29.0, 29.0, 17.0, 14.0, 9.0, 2.0, 1.0, 4.0, 1.0, 17.0, 21.0], [24.0, 23.0, 20.0, 17.0, 7.0, 18.0, 19.0, 30.0, 31.0, 24.0, 24.0, 17.0, 8.0, 17.0, 4.0, 8.0, 4.0, 1.0, 17.0, 21.0], [23.0, 22.0, 20.0, 17.0, 7.0, 18.0, 19.0, 21.0, 22.0, 34.0, 34.0, 31.0, 26.0, 19.0, 8.0, 5.0, 4.0, 1.0, 0.0, 0.0]], [[11.0, 12.0, 8.0, 4.0, 7.0, 18.0, 19.0, 30.0, 28.0, 40.0, 40.0, 27.0, 24.0, 15.0, 2.0, 1.0, 4.0, 1.0, 17.0, 21.0], [15.0, 14.0, 11.0, 7.0, 7.0, 18.0, 19.0, 30.0, 33.0, 40.0, 40.0, 31.0, 26.0, 19.0, 8.0, 8.0, 4.0, 1.0, 0.0, 0.0], [19.0, 18.0, 20.0, 17.0, 7.0, 18.0, 16.0, 8.0, 11.0, 21.0, 21.0, 31.0, 22.0, 18.0, 6.0, 5.0, 3.0, 0.0, 4.0, 0.0]]]"
y_box,[24.0 23.0 20.0 0.0 -0.0 -0.0 -0.0 -0.0 -0.0 -0.0 -0.0 -0.0 -0.0 -0.0 -0.0 -0.0 -0.0 -0.0 -0.0 -0.0; -0.0 -0.0 -0.0 17.0 0.0 -0.0 -0.0 -0.0 -0.0 -0.0 -0.0 -0.0 -0.0 -0.0 -0.0 -0.0 -0.0 -0.0 -0.0 -0.0; -0.0 -0.0 -0.0 -0.0 7.0 -0.0 -0.0 -0.0 -0.0 -0.0 -0.0 -0.0 -0.0 -0.0 -0.0 -0.0 -0.0 -0.0 -0.0 -0.0; -0.0 -0.0 -0.0 -0.0 -0.0 18.0 19.0 30.0 -0.0 -0.0 -0.0 -0.0 -0.0 -0.0 -0.0 -0.0 -0.0 -0.0 -0.0 -0.0; -0.0 -0.0 -0.0 -0.0 -0.0 -0.0 -0.0 -0.0 33.0 40.0 40.0 31.0 0.0 -0.0 -0.0 -0.0 -0.0 -0.0 -0.0 -0.0; -0.0 -0.0 -0.0 -0.0 -0.0 -0.0 -0.0 -0.0 -0.0 -0.0 -0.0 -0.0 -0.0 0.0 0.0 8.0 4.0 1.0 13.0 0.0;;; -0.0 -0.0 -0.0 3.0 -0.0 -0.0 -0.0 -0.0 -0.0 -0.0 -0.0 19.0 26.0 19.0 -0.0 -0.0 -0.0 -0.0 -0.0 -0.0; -0.0 -0.0 2.0 -0.0 7.0 -0.0 -0.0 -0.0 -0.0 -0.0 -0.0 -0.0 -0.0 -0.0 8.0 -0.0 -0.0 -0.0 -0.0 -0.0; -0.0 -0.0 7.0 -0.0 -0.0 -0.0 -0.0 -0.0 -0.0 -0.0 -0.0 -0.0 -0.0 -0.0 -0.0 -0.0 -0.0 -0.0 -0.0 -0.0; -0.0 23.0 1.0 3.0 -0.0 -0.0 -0.0 -0.0 -0.0 40.0 -0.0 -0.0 -0.0 -0.0 -0.0 -0.0 0.0 -0.0 -0.0 -0.0; 24.0 23.0 -0.0 -0.0 -0.0 7.0 -0.0 -0.0 33.0 0.0 40.0 12.0 -0.0 -0.0 -0.0 5.0 -0.0 -0.0 -0.0 -0.0; -0.0 -0.0 -0.0 -0.0 -0.0 -0.0 -0.0 22.0 -0.0 -0.0 -0.0 -0.0 -0.0 -0.0 -0.0 -0.0 -0.0 0.0 -0.0 4.0]
evol_bb,"[[0.49, 1.020624433307105e7], [0.556, 1.0206244333071047e7], [1.581, 1.0206244333071046e7]]"
y_bb,[24.0 23.0 20.0 -0.0 -0.0 -0.0 -0.0 -0.0 -0.0 -0.0 -0.0 -0.0 -0.0 -0.0 -0.0 -0.0 -0.0 -0.0 -0.0 -0.0; -0.0 -0.0 0.0 17.0 -0.0 -0.0 -0.0 -0.0 -0.0 -0.0 -0.0 -0.0 -0.0 -0.0 -0.0 -0.0 -0.0 -0.0 -0.0 -0.0; -0.0 -0.0 -0.0 -0.0 7.0 -0.0 0.0 -0.0 -0.0 -0.0 -0.0 -0.0 -0.0 -0.0 -0.0 -0.0 -0.0 -0.0 -0.0 -0.0; -0.0 -0.0 -0.0 -0.0 -0.0 18.0 19.0 30.0 0.0 -0.0 -0.0 -0.0 -0.0 -0.0 -0.0 -0.0 -0.0 -0.0 -0.0 -0.0; -0.0 -0.0 -0.0 -0.0 -0.0 -0.0 -0.0 -0.0 33.0 40.0 40.0 31.0 0.0 -0.0 -0.0 -0.0 -0.0 -0.0 -0.0 -0.0; -0.0 -0.0 -0.0 -0.0 -0.0 -0.0 -0.0 -0.0 -0.0 -0.0 -0.0 -0.0 -0.0 0.0 0.0 8.0 4.0 1.0 13.0 -0.0;;; -0.0 -0.0 -0.0 -0.0 -0.0 -0.0 -0.0 0.0 16.0 -0.0 -0.0 31.0 -0.0 -0.0 -0.0 -0.0 0.0 -0.0 17.0 3.0; -0.0 -0.0 -0.0 -0.0 -0.0 -0.0 -0.0 -0.0 17.0 -0.0 -0.0 -0.0 -0.0 0.0 -0.0 -0.0 -0.0 -0.0 -0.0 -0.0; -0.0 -0.0 -0.0 -0.0 -0.0 -0.0 -0.0 -0.0 -0.0 -0.0 -0.0 -0.0 -0.0 -0.0 -0.0 -0.0 -0.0 -0.0 -0.0 7.0; -0.0 -0.0 -0.0 -0.0 -0.0 10.0 -0.0 -0.0 -0.0 19.0 -0.0 -0.0 8.0 19.0 -0.0 -0.0 -0.0 -0.0 -0.0 11.0; 19.0 18.0 20.0 0.0 0.0 8.0 0.0 30.0 -0.0 -0.0 40.0 0.0 -0.0 -0.0 8.0 -0.0 -0.0 1.0 -0.0 -0.0; -0.0 0.0 -0.0 -0.0 -0.0 -0.0 -0.0 -0.0 -0.0 -0.0 -0.0 -0.0 18.0 -0.0 -0.0 8.0 -0.0 -0.0 -0.0 -0.0]
evol_box,"[[0.462, 0.0], [2.25, 264630.92362356134], [2.363, 264630.92362356134], [2.431, 5.8898347962997565e6], [2.54, 8.113198102580499e6], [2.651, 8.113198102580499e6], [2.704, 8.1131981025805e6], [2.853, 8.244262207992835e6], [3.038, 8.37506775335501e6], [3.194, 8.37506775335501e6], [3.428, 8.636663167338787e6], [3.562, 8.898229896603853e6], [3.766, 9.159735282231675e6], [4.562, 9.159853995306337e6], [4.735, 9.683042585763752e6], [4.964, 9.683042585763752e6], [5.207, 9.683042585763752e6], [5.407, 9.683042585763754e6], [5.637, 9.683042585763752e6], [5.856, 9.683042585763756e6], [6.076, 9.683042585763754e6], [6.326, 9.813844930218445e6], [6.538, 9.944611001861125e6], [6.767, 9.9446257375564e6], [6.972, 9.944644578172464e6], [7.204, 9.944644578172466e6], [7.425, 9.944644578172466e6], [7.69, 9.944644578172464e6], [8.011, 1.0075427667466085e7], [8.677, 1.0075427667466085e7], [8.937, 1.0075444685117027e7], [9.212, 1.0206244333071047e7]]"
y_pb,[[24.000000000000004 23.0 20.0 -0.0 -0.0 -0.0 -0.0 -0.0 -0.0 -0.0 -0.0 -0.0 -0.0 -0.0 -0.0 -0.0 -0.0 -0.0 -0.0 -0.0; -0.0 -0.0 -0.0 17.0 -0.0 -0.0 -0.0 -0.0 -0.0 -0.0 -0.0 -0.0 -0.0 -0.0 -0.0 -0.0 -0.0 -0.0 -0.0 -0.0; -0.0 -0.0 -0.0 -0.0 7.0 -0.0 -0.0 -0.0 -0.0 -0.0 -0.0 -0.0 -0.0 -0.0 -0.0 -0.0 -0.0 -0.0 -0.0 -0.0; -0.0 -0.0 -0.0 -0.0 -0.0 18.0 19.0 30.0 -0.0 -0.0 -0.0 -0.0 -0.0 -0.0 -0.0 -0.0 -0.0 -0.0 -0.0 -0.0; -0.0 -0.0 -0.0 -0.0 -0.0 -0.0 -0.0 -0.0 33.0 40.0 40.0 31.0 -0.0 -0.0 -0.0 -0.0 -0.0 -0.0 -0.0 -0.0; -0.0 -0.0 -0.0 -0.0 -0.0 -0.0 -0.0 -0.0 -0.0 -0.0 -0.0 -0.0 -0.0 -0.0 -0.0 8.0 4.0 1.0 13.0 -0.0;;;]]
x_bb,"[67.0, 17.0, 7.0, 67.0, 144.0, 26.0]"
x_box,"[67.0, 17.0, 7.0, 67.0, 144.0, 26.0]"
evol_zeta,"[[1.839, 40.0], [2.337, 21.0], [2.397, 8.0], [2.438, 7.000000000800014], [2.547, 6.0], [2.659, 6.0], [2.711, 6.0], [2.899, 6.0], [3.089, 7.0], [3.211, 7.000000000800014], [3.435, 5.764705882352946], [3.569, 4.0], [3.779, 3.000000000400007], [4.565, 3.0], [4.745, 1.0000000002000036], [5.006, 1.0], [5.213, 1.0000000002000036], [5.413, 1.0], [5.643, 1.0000000002000036], [5.861, 1.0000000002000036], [6.11, 1.0000000002000036], [6.351, 1.0], [6.572, 1.0000000002000036], [6.774, 2.0], [6.981, 1.0], [7.213, 1.0000000002000036], [7.471, 1.0], [7.731, 1.0000000002000036], [8.021, 1.0], [8.713, 1.0], [8.945, 1.0], [9.226, 0.0]]"
ξ_box,[24.0 14.0; 23.0 14.0; 20.0 10.0; 17.0 6.0; 7.0 7.0; 18.0 18.0; 19.0 19.0; 30.0 30.0; 33.0 33.0; 40.0 40.0; 40.0 40.0; 31.0 31.0; 26.0 26.0; 19.0 19.0; 8.0 8.0; 8.0 5.0; 4.0 4.0; 1.0 1.0; 17.0 0.0; 21.0 4.0]
