first,second
s_box,[-0.0 -0.0; 12.0 -0.0; 9.0 -0.0; 14.0 -0.0; -0.0 -0.0; 14.0 -0.0; -0.0 -0.0; -0.0 -0.0; -0.0 -0.0; -0.0 -0.0; -0.0 0.0; -0.0 34.0; -0.0 -0.0; -0.0 -0.0; -0.0 -0.0; -0.0 -0.0; -0.0 -0.0; -0.0 -0.0; -0.0 -0.0; -0.0 20.0]
x_pb,"[6.0, 12.0, 23.0, 71.0, -0.0, 144.0]"
s_bb,[-0.0 -0.0; -0.0 -0.0; -0.0 -0.0; -0.0 -0.0; -0.0 -0.0; -0.0 -0.0; -0.0 -0.0; -0.0 -0.0; -0.0 -0.0; -0.0 -0.0; -0.0 -0.0; 34.0 -0.0; -0.0 -0.0; 0.0 -0.0; -0.0 -0.0; 0.0 -0.0; -0.0 -0.0; 0.0 -0.0; -0.0 -0.0; 20.0 -0.0]
partition_bb,"[[[0.0, 0.0, 3.0, 8.0, 9.0, 4.0, 2.0, 4.0, 9.0, 11.0, 16.0, 34.0, 27.0, 18.0, 16.0, 15.0, 17.0, 14.0, 16.0, 17.0], [6.0, 12.0, 9.0, 12.0, 15.0, 10.0, 0.0, 0.0, 0.0, 0.0, 5.0, 23.0, 30.0, 21.0, 16.0, 17.0, 17.0, 20.0, 16.0, 27.0], [6.0, 12.0, 9.0, 14.0, 15.0, 14.0, 2.0, 4.0, 0.0, 0.0, 5.0, 23.0, 30.0, 21.0, 16.0, 17.0, 17.0, 20.0, 16.0, 5.0]], [[6.0, 12.0, 9.0, 6.0, 3.0, 0.0, 2.0, 4.0, 9.0, 11.0, 16.0, 34.0, 30.0, 21.0, 16.0, 17.0, 17.0, 20.0, 16.0, 7.0]]]"
y_box,[-0.0 -0.0 -0.0 -0.0 -0.0 -0.0 2.0 -0.0 -0.0 -0.0 4.0 -0.0 -0.0 -0.0 -0.0 -0.0 -0.0 -0.0 -0.0 -0.0; 6.0 -0.0 -0.0 -0.0 -0.0 -0.0 -0.0 -0.0 -0.0 -0.0 1.0 -0.0 -0.0 -0.0 -0.0 -0.0 -0.0 -0.0 -0.0 -0.0; -0.0 -0.0 -0.0 -0.0 -0.0 -0.0 -0.0 -0.0 -0.0 -0.0 -0.0 -0.0 -0.0 -0.0 -0.0 -0.0 -0.0 -0.0 -0.0 -0.0; -0.0 -0.0 -0.0 11.0 15.0 -0.0 -0.0 -0.0 -0.0 0.0 -0.0 15.0 30.0 -0.0 -0.0 -0.0 -0.0 -0.0 -0.0 -0.0; -0.0 -0.0 -0.0 -0.0 -0.0 -0.0 -0.0 -0.0 -0.0 -0.0 -0.0 0.0 -0.0 -0.0 -0.0 -0.0 -0.0 -0.0 -0.0 -0.0; -0.0 -0.0 -0.0 -0.0 -0.0 -0.0 2.0 4.0 -0.0 -0.0 -0.0 8.0 0.0 21.0 16.0 17.0 15.0 18.0 16.0 27.0;;; 6.0 -0.0 -0.0 -0.0 -0.0 -0.0 -0.0 -0.0 -0.0 -0.0 -0.0 -0.0 -0.0 -0.0 -0.0 -0.0 -0.0 -0.0 -0.0 -0.0; -0.0 12.0 -0.0 -0.0 -0.0 -0.0 -0.0 -0.0 -0.0 -0.0 -0.0 -0.0 -0.0 -0.0 -0.0 -0.0 -0.0 -0.0 -0.0 -0.0; -0.0 -0.0 9.0 14.0 0.0 -0.0 -0.0 -0.0 -0.0 -0.0 -0.0 -0.0 -0.0 -0.0 -0.0 -0.0 -0.0 -0.0 -0.0 -0.0; -0.0 -0.0 0.0 -0.0 15.0 14.0 2.0 4.0 9.0 11.0 16.0 -0.0 -0.0 -0.0 -0.0 -0.0 -0.0 -0.0 -0.0 -0.0; -0.0 -0.0 -0.0 -0.0 -0.0 -0.0 -0.0 -0.0 -0.0 -0.0 -0.0 -0.0 -0.0 -0.0 -0.0 -0.0 -0.0 -0.0 -0.0 -0.0; -0.0 -0.0 -0.0 -0.0 -0.0 -0.0 -0.0 -0.0 -0.0 -0.0 -0.0 0.0 30.0 21.0 16.0 17.0 17.0 20.0 16.0 7.0]
evol_bb,"[[0.414, 6.7651616496322425e6], [0.511, 6.765161649632241e6]]"
y_bb,[6.0 -0.0 -0.0 -0.0 -0.0 -0.0 -0.0 -0.0 -0.0 -0.0 -0.0 -0.0 -0.0 -0.0 -0.0 -0.0 -0.0 -0.0 -0.0 -0.0; -0.0 12.0 -0.0 -0.0 -0.0 -0.0 -0.0 -0.0 -0.0 -0.0 -0.0 -0.0 -0.0 -0.0 -0.0 -0.0 -0.0 -0.0 -0.0 -0.0; -0.0 -0.0 9.0 14.0 -0.0 -0.0 -0.0 -0.0 -0.0 -0.0 -0.0 -0.0 -0.0 -0.0 -0.0 -0.0 -0.0 -0.0 -0.0 -0.0; -0.0 -0.0 0.0 -0.0 15.0 14.0 2.0 4.0 9.0 11.0 16.0 -0.0 -0.0 -0.0 -0.0 -0.0 -0.0 -0.0 -0.0 -0.0; -0.0 -0.0 -0.0 -0.0 -0.0 -0.0 -0.0 -0.0 -0.0 -0.0 0.0 -0.0 -0.0 -0.0 -0.0 -0.0 -0.0 -0.0 -0.0 -0.0; -0.0 -0.0 -0.0 -0.0 -0.0 -0.0 -0.0 -0.0 -0.0 -0.0 -0.0 0.0 30.0 21.0 16.0 17.0 17.0 20.0 16.0 7.0;;; -0.0 -0.0 -0.0 -0.0 -0.0 -0.0 -0.0 -0.0 -0.0 -0.0 0.0 6.0 0.0 -0.0 -0.0 -0.0 -0.0 -0.0 -0.0 -0.0; -0.0 -0.0 -0.0 -0.0 -0.0 -0.0 -0.0 -0.0 -0.0 -0.0 -0.0 -0.0 -0.0 -0.0 12.0 -0.0 -0.0 -0.0 -0.0 -0.0; 1.0 -0.0 -0.0 -0.0 -0.0 -0.0 2.0 -0.0 -0.0 -0.0 -0.0 -0.0 -0.0 -0.0 -0.0 -0.0 -0.0 20.0 -0.0 -0.0; 5.0 0.0 0.0 -0.0 0.0 -0.0 -0.0 -0.0 -0.0 -0.0 16.0 17.0 -0.0 -0.0 -0.0 17.0 0.0 -0.0 16.0 -0.0; -0.0 -0.0 -0.0 -0.0 -0.0 -0.0 -0.0 0.0 -0.0 0.0 -0.0 -0.0 -0.0 0.0 0.0 -0.0 -0.0 -0.0 -0.0 -0.0; -0.0 12.0 9.0 6.0 3.0 -0.0 -0.0 4.0 9.0 11.0 -0.0 11.0 30.0 21.0 4.0 -0.0 17.0 -0.0 0.0 7.0]
evol_box,"[[0.582, 0.0], [2.624, 6646.937440019342], [2.734, 6646.937440019505], [2.768, 1.758403853552264e6], [2.871, 1.7584038535522644e6], [3.042, 1.7584038535522644e6], [3.11, 3.5111326556443586e6], [3.336, 4.0114479819254633e6], [3.503, 4.261982602349745e6], [3.707, 4.887579957967206e6], [4.034, 5.0131227942325715e6], [4.247, 5.5136948902491545e6], [4.426, 6.514832283140337e6], [4.729, 6.514832283140337e6], [4.885, 6.51487173156688e6], [5.072, 6.51487589709194e6], [5.438, 6.64001961108443e6], [5.747, 6.765161649632241e6]]"
y_pb,[[6.000000000000001 -0.0 -0.0 -0.0 -0.0 -0.0 -0.0 -0.0 -0.0 -0.0 -0.0 -0.0 -0.0 -0.0 -0.0 -0.0 -0.0 -0.0 -0.0 -0.0; -0.0 12.000000000000002 -0.0 -0.0 -0.0 -0.0 -0.0 -0.0 -0.0 -0.0 -0.0 -0.0 -0.0 -0.0 -0.0 -0.0 -0.0 -0.0 -0.0 -0.0; -0.0 -0.0 9.0 14.0 -0.0 -0.0 -0.0 -0.0 -0.0 -0.0 -0.0 -0.0 -0.0 -0.0 -0.0 -0.0 -0.0 -0.0 -0.0 -0.0; -0.0 -0.0 -0.0 -0.0 15.0 14.0 2.0 4.0 9.0 11.0 16.0 -0.0 -0.0 -0.0 -0.0 -0.0 -0.0 -0.0 -0.0 -0.0; -0.0 -0.0 -0.0 -0.0 -0.0 -0.0 -0.0 -0.0 -0.0 -0.0 0.0 -0.0 -0.0 -0.0 -0.0 -0.0 -0.0 -0.0 -0.0 -0.0; -0.0 -0.0 -0.0 -0.0 -0.0 -0.0 -0.0 -0.0 -0.0 -0.0 -0.0 -0.0 30.0 21.0 16.0 17.0 17.0 20.0 16.0 7.0;;;]]
x_bb,"[6.0, 12.0, 23.0, 71.0, -0.0, 144.0]"
x_box,"[6.0, 12.0, 23.0, 71.0, 0.0, 144.0]"
evol_zeta,"[[2.721, 12.0], [2.742, 12.0], [2.844, 11.0], [2.921, 10.0], [3.08, 9.0], [3.119, 6.0], [3.342, 5.000000000600011], [3.524, 5.0], [3.716, 6.0], [4.069, 5.0], [4.261, 6.0], [4.433, 2.0], [4.735, 2.0], [4.893, 2.0], [5.078, 2.0], [5.445, 1.0000000002000036], [5.78, 0.0]]"
ξ_box,[6.0 6.0; 12.0 12.0; 9.0 9.0; 14.0 14.0; 15.0 15.0; 12.0 14.0; 0.0 2.0; 0.0 4.0; 0.0 9.0; 0.0 11.0; 5.0 16.0; 23.0 34.0; 30.0 30.0; 21.0 21.0; 16.0 16.0; 17.0 17.0; 15.0 17.0; 18.0 20.0; 16.0 16.0; 27.0 27.0]
