first,second
s_box,[0.0; 0.0; 0.0; 0.0; 0.0; 0.0; 0.0; 0.0; 0.0; 0.0; 0.0; 34.0; 0.0; 0.0; 0.0; 0.0; 0.0; 0.0; 0.0; 20.0;;]
x_pb,"[6.0, 12.0, 23.0, 71.0, -0.0, 144.0]"
s_bb,[0.0; 0.0; 0.0; 0.0; 0.0; 0.0; 0.0; 0.0; 0.0; 0.0; 0.0; 34.0; 0.0; 0.0; 0.0; 0.0; 0.0; 0.0; 0.0; 20.0;;]
partition_bb,"[[[0.0, 0.0, 3.0, 8.0, 9.0, 4.0, 2.0, 4.0, 9.0, 11.0, 16.0, 34.0, 27.0, 18.0, 16.0, 15.0, 17.0, 14.0, 16.0, 17.0], [6.0, 12.0, 9.0, 14.0, 15.0, 14.0, 2.0, 4.0, 9.0, 11.0, 16.0, 25.0, 18.0, 11.0, 16.0, 17.0, 17.0, 20.0, 16.0, 5.0], [6.0, 12.0, 9.0, 4.0, 5.0, 0.0, 0.0, 0.0, 5.0, 7.0, 12.0, 30.0, 30.0, 21.0, 16.0, 17.0, 17.0, 20.0, 16.0, 27.0]]]"
y_box,[6.0 -0.0 -0.0 -0.0 -0.0 -0.0 -0.0 -0.0 -0.0 -0.0 -0.0 -0.0 -0.0 -0.0 -0.0 -0.0 -0.0 -0.0 -0.0 -0.0; -0.0 12.0 -0.0 -0.0 -0.0 -0.0 -0.0 -0.0 -0.0 -0.0 -0.0 -0.0 -0.0 -0.0 -0.0 -0.0 -0.0 -0.0 -0.0 -0.0; -0.0 -0.0 9.0 14.0 -0.0 -0.0 -0.0 -0.0 -0.0 -0.0 -0.0 -0.0 -0.0 -0.0 -0.0 -0.0 -0.0 -0.0 -0.0 -0.0; -0.0 -0.0 -0.0 -0.0 15.0 14.0 2.0 4.0 9.0 11.0 16.0 -0.0 -0.0 -0.0 -0.0 -0.0 -0.0 -0.0 -0.0 -0.0; -0.0 -0.0 -0.0 -0.0 -0.0 -0.0 -0.0 -0.0 -0.0 -0.0 -0.0 -0.0 -0.0 -0.0 -0.0 -0.0 -0.0 -0.0 -0.0 -0.0; -0.0 -0.0 -0.0 -0.0 -0.0 -0.0 -0.0 -0.0 -0.0 -0.0 -0.0 0.0 30.0 21.0 16.0 17.0 17.0 20.0 16.0 7.0;;;]
evol_bb,"[[0.282, 6.7651616496322425e6]]"
y_bb,[6.0 -0.0 -0.0 -0.0 -0.0 -0.0 -0.0 -0.0 -0.0 -0.0 -0.0 -0.0 -0.0 -0.0 -0.0 -0.0 -0.0 -0.0 -0.0 -0.0; -0.0 12.0 -0.0 -0.0 -0.0 -0.0 -0.0 -0.0 -0.0 -0.0 -0.0 -0.0 -0.0 -0.0 -0.0 -0.0 -0.0 -0.0 -0.0 -0.0; -0.0 -0.0 9.0 14.0 -0.0 -0.0 -0.0 -0.0 -0.0 -0.0 -0.0 -0.0 -0.0 -0.0 -0.0 -0.0 -0.0 -0.0 -0.0 -0.0; -0.0 -0.0 -0.0 -0.0 15.0 14.0 2.0 4.0 9.0 11.0 16.0 -0.0 -0.0 -0.0 -0.0 -0.0 -0.0 -0.0 -0.0 -0.0; -0.0 -0.0 -0.0 -0.0 -0.0 -0.0 -0.0 -0.0 -0.0 -0.0 -0.0 -0.0 -0.0 -0.0 -0.0 -0.0 -0.0 -0.0 -0.0 -0.0; -0.0 -0.0 -0.0 -0.0 -0.0 -0.0 -0.0 -0.0 -0.0 -0.0 -0.0 0.0 30.0 21.0 16.0 17.0 17.0 20.0 16.0 7.0;;;]
evol_box,"[[0.418, 0.0], [2.09, 6646.9374400195065], [2.175, 2.009410279224881e6], [2.181, 3.5111109872713555e6], [2.188, 4.262082892338552e6], [2.194, 5.012948460948298e6], [2.199, 5.51352829707902e6], [2.213, 6.264546530600038e6], [2.23, 6.640018773362093e6], [2.237, 6.7651616496322425e6]]"
y_pb,[[6.000000000000001 -0.0 -0.0 -0.0 -0.0 -0.0 -0.0 -0.0 -0.0 -0.0 -0.0 -0.0 -0.0 -0.0 -0.0 -0.0 -0.0 -0.0 -0.0 -0.0; -0.0 12.000000000000002 -0.0 -0.0 -0.0 -0.0 -0.0 -0.0 -0.0 -0.0 -0.0 -0.0 -0.0 -0.0 -0.0 -0.0 -0.0 -0.0 -0.0 -0.0; -0.0 -0.0 9.0 14.0 -0.0 -0.0 -0.0 -0.0 -0.0 -0.0 -0.0 -0.0 -0.0 -0.0 -0.0 -0.0 -0.0 -0.0 -0.0 -0.0; -0.0 -0.0 -0.0 -0.0 15.0 14.0 2.0 4.0 9.0 11.0 16.0 -0.0 -0.0 -0.0 -0.0 -0.0 -0.0 -0.0 -0.0 -0.0; -0.0 -0.0 -0.0 -0.0 -0.0 -0.0 -0.0 -0.0 -0.0 -0.0 0.0 -0.0 -0.0 -0.0 -0.0 -0.0 -0.0 -0.0 -0.0 -0.0; -0.0 -0.0 -0.0 -0.0 -0.0 -0.0 -0.0 -0.0 -0.0 -0.0 -0.0 -0.0 30.0 21.0 16.0 17.0 17.0 20.0 16.0 7.0;;;]]
x_bb,"[6.0, 12.0, 23.0, 71.0, 0.0, 144.0]"
x_box,"[6.0, 12.0, 23.0, 71.0, 0.0, 144.0]"
evol_zeta,"[[1.706, 34.0], [2.173, 12.0], [2.18, 6.0], [2.186, 6.0], [2.192, 6.0], [2.197, 4.0], [2.211, 3.000000000400007], [2.227, 2.0], [2.235, 1.0], [2.245, 0.0]]"
ξ_box,[6.0; 12.0; 9.0; 14.0; 15.0; 14.0; 2.0; 4.0; 9.0; 11.0; 16.0; 34.0; 30.0; 21.0; 16.0; 17.0; 17.0; 20.0; 16.0; 27.0;;]
