first,second
s_box,[15.0; 48.0; 45.0; 37.0; 30.0; 28.0; 22.0; 19.0; 26.0; 53.0; 7.0; 0.0; 1.0; 1.0; 0.0; 0.0; 29.0; 0.0; 0.0; 0.0;;]
x_pb,"[105.0, 121.0, -0.0, -0.0, -0.0, 98.0]"
s_bb,[15.0; 48.0; 45.0; 37.0; 30.0; 28.0; 22.0; 19.0; 26.0; 53.0; 7.0; 0.0; 1.0; 1.0; 0.0; 0.0; 29.0; 0.0; 0.0; 0.0;;]
partition_bb,"[[[56.0, 49.0, 46.0, 38.0, 30.0, 28.0, 22.0, 19.0, 24.0, 12.0, 0.0, 0.0, 0.0, 0.0, 0.0, 0.0, 0.0, 0.0, 0.0, 0.0], [39.0, 32.0, 29.0, 21.0, 13.0, 11.0, 17.0, 20.0, 24.0, 53.0, 20.0, 15.0, 11.0, 9.0, 6.0, 6.0, 0.0, 0.0, 0.0, 0.0], [0.0, 0.0, 3.0, 0.0, 0.0, 0.0, 0.0, 3.0, 7.0, 36.0, 23.0, 28.0, 30.0, 26.0, 25.0, 28.0, 25.0, 26.0, 32.0, 29.0], [0.0, 0.0, 0.0, 0.0, 0.0, 0.0, 0.0, 0.0, 0.0, 0.0, 33.0, 28.0, 24.0, 22.0, 31.0, 34.0, 29.0, 28.0, 32.0, 29.0], [0.0, 2.0, 4.0, 2.0, 7.0, 6.0, 5.0, 6.0, 2.0, 0.0, 23.0, 28.0, 30.0, 34.0, 22.0, 19.0, 25.0, 24.0, 16.0, 15.0], [0.0, 0.0, 3.0, 11.0, 19.0, 21.0, 18.0, 20.0, 27.0, 0.0, 4.0, 9.0, 13.0, 15.0, 34.0, 31.0, 28.0, 28.0, 21.0, 18.0], [18.0, 19.0, 16.0, 8.0, 0.0, 0.0, 0.0, 0.0, 0.0, 0.0, 23.0, 28.0, 32.0, 28.0, 12.0, 12.0, 17.0, 18.0, 10.0, 7.0], [0.0, 0.0, 0.0, 8.0, 15.0, 17.0, 23.0, 20.0, 14.0, 0.0, 0.0, 0.0, 0.0, 4.0, 0.0, 0.0, 0.0, 0.0, 0.0, 0.0], [30.0, 37.0, 34.0, 38.0, 31.0, 29.0, 23.0, 20.0, 27.0, 33.0, 0.0, 0.0, 4.0, 0.0, 0.0, 0.0, 1.0, 2.0, 10.0, 7.0]]]"
y_box,[41.0 1.0 1.0 -0.0 -0.0 -0.0 -0.0 -0.0 -0.0 -0.0 -0.0 -0.0 -0.0 -0.0 -0.0 -0.0 -0.0 -0.0 -0.0 -0.0; -0.0 -0.0 -0.0 1.0 1.0 1.0 1.0 -0.0 -0.0 -0.0 -0.0 -0.0 -0.0 -0.0 -0.0 -0.0 -0.0 -0.0 -0.0 -0.0; -0.0 -0.0 -0.0 -0.0 -0.0 -0.0 -0.0 1.0 1.0 0.0 -0.0 -0.0 -0.0 -0.0 -0.0 -0.0 -0.0 -0.0 -0.0 -0.0; -0.0 -0.0 -0.0 -0.0 -0.0 -0.0 -0.0 -0.0 -0.0 -0.0 -0.0 -0.0 -0.0 -0.0 -0.0 -0.0 -0.0 -0.0 -0.0 -0.0; -0.0 -0.0 -0.0 -0.0 -0.0 -0.0 -0.0 -0.0 -0.0 -0.0 26.0 28.0 31.0 33.0 -0.0 -0.0 -0.0 -0.0 -0.0 -0.0; -0.0 -0.0 -0.0 -0.0 -0.0 -0.0 -0.0 -0.0 -0.0 -0.0 -0.0 -0.0 -0.0 -0.0 34.0 34.0 -0.0 28.0 32.0 29.0;;;]
evol_bb,"[[0.349, 4.978585404776525e7]]"
y_bb,[41.0 1.0 1.0 -0.0 -0.0 -0.0 -0.0 -0.0 -0.0 -0.0 -0.0 -0.0 -0.0 -0.0 -0.0 -0.0 -0.0 -0.0 -0.0 -0.0; -0.0 -0.0 -0.0 1.0 1.0 1.0 1.0 -0.0 -0.0 -0.0 -0.0 -0.0 -0.0 -0.0 -0.0 -0.0 -0.0 -0.0 -0.0 -0.0; -0.0 -0.0 -0.0 -0.0 -0.0 -0.0 -0.0 1.0 1.0 0.0 -0.0 -0.0 -0.0 -0.0 -0.0 -0.0 -0.0 -0.0 -0.0 -0.0; -0.0 -0.0 -0.0 -0.0 -0.0 -0.0 -0.0 -0.0 -0.0 -0.0 -0.0 -0.0 -0.0 -0.0 -0.0 -0.0 -0.0 -0.0 -0.0 -0.0; -0.0 -0.0 -0.0 -0.0 -0.0 -0.0 -0.0 -0.0 -0.0 -0.0 26.0 28.0 31.0 33.0 -0.0 -0.0 -0.0 -0.0 -0.0 -0.0; -0.0 -0.0 -0.0 -0.0 -0.0 -0.0 -0.0 -0.0 -0.0 -0.0 -0.0 -0.0 -0.0 -0.0 34.0 34.0 -0.0 28.0 32.0 29.0;;;]
evol_box,"[[0.447, 0.0], [2.004, 2378.4818751064076], [2.086, 1.5033567199523512e7], [2.094, 4.3303362760860234e7], [2.102, 4.7028820182555676e7], [2.112, 4.8544707887584545e7], [2.118, 4.937212072287295e7], [2.125, 4.9647951908550516e7], [2.134, 4.978585404776525e7]]"
y_pb,[[56.0 49.0 -0.0 -0.0 -0.0 -0.0 -0.0 -0.0 -0.0 -0.0 -0.0 -0.0 -0.0 -0.0 -0.0 -0.0 -0.0 -0.0 -0.0 -0.0; -0.0 -0.0 -0.0 38.0 31.0 29.000000000000004 23.0 -0.0 -0.0 -0.0 -0.0 -0.0 -0.0 -0.0 -0.0 -0.0 -0.0 -0.0 -0.0 -0.0; -0.0 -0.0 -0.0 -0.0 -0.0 -0.0 -0.0 -0.0 0.0 -0.0 -0.0 -0.0 -0.0 -0.0 -0.0 -0.0 -0.0 -0.0 -0.0 -0.0; -0.0 -0.0 -0.0 -0.0 -0.0 -0.0 -0.0 -0.0 -0.0 -0.0 0.0 -0.0 -0.0 -0.0 -0.0 -0.0 -0.0 -0.0 -0.0 -0.0; -0.0 -0.0 -0.0 -0.0 -0.0 -0.0 -0.0 -0.0 -0.0 -0.0 0.0 -0.0 -0.0 -0.0 -0.0 -0.0 -0.0 -0.0 -0.0 -0.0; -0.0 -0.0 -0.0 -0.0 -0.0 -0.0 -0.0 -0.0 -0.0 -0.0 -0.0 -0.0 -0.0 -0.0 -0.0 34.0 29.000000000000004 28.0 7.0 -0.0;;;]]
x_bb,"[43.0, 4.0, 2.0, 0.0, 118.0, 157.0]"
x_box,"[43.0, 4.0, 2.0, 0.0, 118.0, 157.0]"
evol_zeta,"[[1.655, 56.0], [2.084, 41.0], [2.092, 32.0], [2.1, 10.0], [2.11, 7.999999999999992], [2.116, 3.0], [2.123, 2.0], [2.132, 1.0], [2.153, 0.0]]"
ξ_box,[56.0; 49.0; 46.0; 38.0; 31.0; 29.0; 23.0; 20.0; 27.0; 53.0; 33.0; 28.0; 32.0; 34.0; 34.0; 34.0; 29.0; 28.0; 32.0; 29.0;;]
