first,second
s_box,[6.0 -0.0; -0.0 -0.0; -0.0 -0.0; -0.0 -0.0; -0.0 -0.0; -0.0 -0.0; -0.0 -0.0; -0.0 -0.0; -0.0 -0.0; -0.0 -0.0; -0.0 -0.0; -0.0 -0.0; -0.0 -0.0; -0.0 -0.0; -0.0 -0.0; -0.0 -0.0; -0.0 -0.0; -0.0 -0.0; -0.0 -0.0; -0.0 -0.0]
x_pb,"[21.0, 71.0, 23.0, -0.0, 68.0, 78.0]"
s_bb,[-0.0 6.0; -0.0 -0.0; -0.0 -0.0; -0.0 -0.0; -0.0 -0.0; -0.0 0.0; -0.0 -0.0; -0.0 -0.0; -0.0 -0.0; -0.0 -0.0; -0.0 -0.0; -0.0 -0.0; -0.0 -0.0; -0.0 -0.0; -0.0 -0.0; -0.0 -0.0; -0.0 -0.0; -0.0 -0.0; -0.0 -0.0; -0.0 0.0]
partition_bb,"[[[8.0, 2.0, 6.0, 5.0, 5.0, 12.0, 7.0, 8.0, 10.0, 10.0, 7.0, 7.0, 10.0, 21.0, 26.0, 18.0, 15.0, 19.0, 14.0, 12.0]], [[2.0, 2.0, 6.0, 11.0, 5.0, 12.0, 13.0, 14.0, 10.0, 10.0, 7.0, 13.0, 10.0, 21.0, 26.0, 21.0, 18.0, 22.0, 20.0, 18.0], [8.0, 2.0, 6.0, 11.0, 5.0, 12.0, 13.0, 11.0, 10.0, 10.0, 7.0, 13.0, 10.0, 21.0, 26.0, 18.0, 18.0, 22.0, 20.0, 18.0]]]"
y_box,[2.0 2.0 6.0 11.0 -0.0 -0.0 -0.0 -0.0 -0.0 -0.0 -0.0 -0.0 -0.0 -0.0 -0.0 -0.0 -0.0 -0.0 -0.0 -0.0; -0.0 -0.0 -0.0 -0.0 5.0 12.0 13.0 14.0 10.0 10.0 7.0 -0.0 -0.0 -0.0 -0.0 -0.0 -0.0 -0.0 -0.0 -0.0; -0.0 -0.0 -0.0 -0.0 -0.0 -0.0 -0.0 -0.0 -0.0 -0.0 -0.0 13.0 10.0 -0.0 -0.0 -0.0 -0.0 -0.0 -0.0 -0.0; -0.0 -0.0 -0.0 -0.0 -0.0 -0.0 -0.0 -0.0 -0.0 -0.0 -0.0 -0.0 0.0 -0.0 -0.0 -0.0 -0.0 -0.0 -0.0 -0.0; -0.0 -0.0 -0.0 -0.0 -0.0 -0.0 -0.0 -0.0 -0.0 -0.0 -0.0 -0.0 -0.0 21.0 26.0 21.0 -0.0 -0.0 -0.0 -0.0; -0.0 -0.0 -0.0 -0.0 -0.0 -0.0 -0.0 -0.0 -0.0 -0.0 -0.0 -0.0 -0.0 -0.0 -0.0 -0.0 18.0 22.0 20.0 18.0;;; 8.0 2.0 -0.0 -0.0 -0.0 -0.0 -0.0 4.0 -0.0 -0.0 -0.0 -0.0 -0.0 -0.0 -0.0 -0.0 -0.0 -0.0 -0.0 -0.0; -0.0 -0.0 -0.0 11.0 5.0 12.0 11.0 5.0 10.0 4.0 -0.0 13.0 -0.0 -0.0 -0.0 -0.0 -0.0 -0.0 -0.0 -0.0; -0.0 -0.0 -0.0 -0.0 -0.0 -0.0 -0.0 -0.0 -0.0 -0.0 7.0 -0.0 10.0 -0.0 -0.0 -0.0 -0.0 -0.0 -0.0 -0.0; -0.0 -0.0 -0.0 -0.0 -0.0 -0.0 -0.0 -0.0 -0.0 -0.0 -0.0 -0.0 -0.0 -0.0 -0.0 -0.0 -0.0 -0.0 -0.0 -0.0; -0.0 -0.0 6.0 -0.0 -0.0 -0.0 -0.0 -0.0 -0.0 -0.0 -0.0 -0.0 -0.0 15.0 20.0 21.0 -0.0 -0.0 -0.0 -0.0; -0.0 -0.0 -0.0 -0.0 -0.0 -0.0 -0.0 -0.0 -0.0 -0.0 -0.0 -0.0 -0.0 -0.0 -0.0 -0.0 18.0 16.0 20.0 18.0]
evol_bb,"[[0.313, 685966.9989537946], [0.358, 685966.9989537945]]"
y_bb,[8.0 2.0 -0.0 -0.0 -0.0 -0.0 -0.0 -0.0 -0.0 -0.0 -0.0 -0.0 -0.0 -0.0 -0.0 -0.0 -0.0 11.0 -0.0 -0.0; -0.0 -0.0 -0.0 -0.0 -0.0 12.0 -0.0 -0.0 -0.0 -0.0 -0.0 -0.0 -0.0 21.0 11.0 -0.0 15.0 -0.0 -0.0 12.0; -0.0 -0.0 6.0 -0.0 5.0 -0.0 -0.0 -0.0 -0.0 -0.0 -0.0 -0.0 -0.0 -0.0 12.0 -0.0 -0.0 -0.0 -0.0 -0.0; -0.0 -0.0 -0.0 -0.0 -0.0 -0.0 -0.0 0.0 -0.0 -0.0 -0.0 -0.0 0.0 -0.0 -0.0 -0.0 -0.0 -0.0 -0.0 0.0; -0.0 -0.0 -0.0 0.0 -0.0 0.0 7.0 8.0 0.0 0.0 7.0 7.0 -0.0 -0.0 3.0 18.0 -0.0 -0.0 14.0 -0.0; -0.0 -0.0 -0.0 5.0 -0.0 -0.0 0.0 -0.0 10.0 10.0 -0.0 0.0 10.0 -0.0 -0.0 0.0 -0.0 8.0 -0.0 -0.0;;; 2.0 2.0 6.0 11.0 -0.0 -0.0 -0.0 -0.0 -0.0 -0.0 -0.0 -0.0 -0.0 -0.0 -0.0 -0.0 -0.0 -0.0 -0.0 -0.0; -0.0 -0.0 -0.0 -0.0 5.0 12.0 13.0 14.0 10.0 10.0 7.0 -0.0 -0.0 -0.0 -0.0 -0.0 -0.0 -0.0 -0.0 -0.0; -0.0 -0.0 -0.0 -0.0 -0.0 -0.0 -0.0 -0.0 -0.0 -0.0 -0.0 13.0 10.0 -0.0 -0.0 -0.0 -0.0 -0.0 -0.0 -0.0; -0.0 -0.0 -0.0 -0.0 -0.0 -0.0 -0.0 -0.0 -0.0 -0.0 -0.0 -0.0 0.0 0.0 0.0 -0.0 -0.0 -0.0 -0.0 -0.0; -0.0 -0.0 -0.0 -0.0 -0.0 -0.0 -0.0 -0.0 -0.0 -0.0 -0.0 -0.0 -0.0 21.0 26.0 21.0 0.0 -0.0 -0.0 -0.0; -0.0 -0.0 -0.0 -0.0 -0.0 -0.0 -0.0 -0.0 -0.0 -0.0 -0.0 -0.0 -0.0 -0.0 -0.0 -0.0 18.0 22.0 20.0 18.0]
evol_box,"[[0.689, 0.0], [2.802, 2415.8044853881], [2.922, 2612.3743324346915], [2.969, 2612.435919101781], [3.033, 116685.45800873425], [3.097, 230573.40239546594], [3.167, 230579.47920508674], [3.219, 685966.9989537945]]"
y_pb,[[2.0 2.0 6.000000000000001 11.0 -0.0 -0.0 -0.0 -0.0 -0.0 -0.0 -0.0 -0.0 -0.0 -0.0 -0.0 -0.0 -0.0 -0.0 -0.0 -0.0; -0.0 -0.0 -0.0 -0.0 5.0 12.000000000000002 13.0 14.0 10.0 10.0 7.0 -0.0 -0.0 -0.0 -0.0 -0.0 -0.0 -0.0 -0.0 -0.0; -0.0 -0.0 -0.0 -0.0 -0.0 -0.0 -0.0 -0.0 -0.0 -0.0 -0.0 13.0 10.0 -0.0 -0.0 -0.0 -0.0 -0.0 -0.0 -0.0; -0.0 -0.0 -0.0 -0.0 -0.0 -0.0 -0.0 -0.0 -0.0 -0.0 -0.0 -0.0 0.0 -0.0 -0.0 -0.0 -0.0 -0.0 -0.0 -0.0; -0.0 -0.0 -0.0 -0.0 -0.0 -0.0 -0.0 -0.0 -0.0 -0.0 -0.0 -0.0 -0.0 21.0 26.0 21.0 -0.0 -0.0 -0.0 -0.0; -0.0 -0.0 -0.0 -0.0 -0.0 -0.0 -0.0 -0.0 -0.0 -0.0 -0.0 -0.0 -0.0 -0.0 -0.0 -0.0 18.0 22.0 20.0 18.0;;;]]
x_bb,"[21.0, 71.0, 23.0, -0.0, 68.0, 78.0]"
x_box,"[21.0, 71.0, 23.0, 0.0, 68.0, 78.0]"
evol_zeta,"[[2.291, 26.0], [2.906, 6.0000000007000125], [2.953, 6.0], [3.0, 6.0], [3.063, 4.0], [3.128, 2.0], [3.172, 4.0], [3.224, 0.0]]"
ξ_box,[8.0 8.0; 2.0 2.0; 6.0 6.0; 11.0 11.0; 5.0 5.0; 12.0 12.0; 13.0 11.0; 14.0 8.0; 10.0 10.0; 10.0 4.0; 7.0 7.0; 13.0 13.0; 10.0 10.0; 21.0 15.0; 26.0 20.0; 21.0 21.0; 18.0 18.0; 22.0 16.0; 20.0 20.0; 18.0 18.0]
