first,second
s_box,[0.0; 0.0; 0.0; 0.0; 0.0; 8.0; 5.0; 17.0; 9.0; 16.0; 8.0; 0.0; 0.0; 0.0; 0.0; 0.0; 0.0; 0.0; 0.0; 5.0;;]
x_pb,"[117.0, 21.0, -0.0, 11.0, -0.0, 98.0]"
s_bb,[0.0; 0.0; 0.0; 0.0; 0.0; 8.0; 5.0; 17.0; 9.0; 16.0; 8.0; 0.0; 0.0; 0.0; 0.0; 0.0; 0.0; 0.0; 0.0; 5.0;;]
partition_bb,"[[[46.0, 41.0, 30.0, 10.0, 10.0, 8.0, 5.0, 3.0, 0.0, 0.0, 0.0, 0.0, 0.0, 9.0, 7.0, 4.0, 2.0, 0.0, 0.0, 0.0], [34.0, 39.0, 28.0, 11.0, 10.0, 2.0, 5.0, 17.0, 20.0, 16.0, 8.0, 7.0, 6.0, 0.0, 0.0, 3.0, 5.0, 16.0, 15.0, 5.0], [46.0, 41.0, 30.0, 11.0, 10.0, 0.0, 0.0, 10.0, 13.0, 10.0, 2.0, 3.0, 4.0, 13.0, 11.0, 14.0, 16.0, 5.0, 4.0, 5.0]]]"
y_box,[46.0 41.0 30.0 -0.0 -0.0 -0.0 -0.0 -0.0 -0.0 -0.0 -0.0 -0.0 -0.0 -0.0 -0.0 -0.0 -0.0 -0.0 -0.0 -0.0; -0.0 -0.0 -0.0 11.0 10.0 -0.0 -0.0 -0.0 -0.0 -0.0 -0.0 -0.0 -0.0 -0.0 -0.0 -0.0 -0.0 -0.0 -0.0 -0.0; -0.0 -0.0 -0.0 -0.0 -0.0 -0.0 0.0 -0.0 -0.0 -0.0 -0.0 -0.0 -0.0 -0.0 -0.0 -0.0 -0.0 -0.0 -0.0 -0.0; -0.0 -0.0 -0.0 -0.0 -0.0 -0.0 -0.0 0.0 11.0 -0.0 -0.0 -0.0 -0.0 -0.0 -0.0 -0.0 -0.0 -0.0 -0.0 -0.0; -0.0 -0.0 -0.0 -0.0 -0.0 -0.0 -0.0 -0.0 -0.0 0.0 -0.0 -0.0 -0.0 -0.0 -0.0 -0.0 -0.0 -0.0 -0.0 -0.0; -0.0 -0.0 -0.0 -0.0 -0.0 -0.0 -0.0 -0.0 -0.0 -0.0 0.0 7.0 6.0 13.0 11.0 14.0 16.0 16.0 15.0 0.0;;;]
evol_bb,"[[0.281, 8.466385296769343e6]]"
y_bb,[46.0 41.0 30.0 -0.0 -0.0 -0.0 -0.0 -0.0 -0.0 -0.0 -0.0 -0.0 -0.0 -0.0 -0.0 -0.0 -0.0 -0.0 -0.0 -0.0; -0.0 -0.0 -0.0 11.0 10.0 -0.0 -0.0 -0.0 -0.0 -0.0 -0.0 -0.0 -0.0 -0.0 -0.0 -0.0 -0.0 -0.0 -0.0 -0.0; -0.0 -0.0 -0.0 -0.0 -0.0 -0.0 0.0 -0.0 -0.0 -0.0 -0.0 -0.0 -0.0 -0.0 -0.0 -0.0 -0.0 -0.0 -0.0 -0.0; -0.0 -0.0 -0.0 -0.0 -0.0 -0.0 -0.0 0.0 11.0 -0.0 -0.0 -0.0 -0.0 -0.0 -0.0 -0.0 -0.0 -0.0 -0.0 -0.0; -0.0 -0.0 -0.0 -0.0 -0.0 -0.0 -0.0 -0.0 -0.0 0.0 -0.0 -0.0 -0.0 -0.0 -0.0 -0.0 -0.0 -0.0 -0.0 -0.0; -0.0 -0.0 -0.0 -0.0 -0.0 -0.0 -0.0 -0.0 -0.0 -0.0 0.0 7.0 6.0 13.0 11.0 14.0 16.0 16.0 15.0 0.0;;;]
evol_box,"[[0.432, 0.0], [2.103, 2262.2566277878486], [2.189, 4.8574265463110255e6], [2.196, 7.968591895318822e6], [2.202, 8.466385296769343e6]]"
y_pb,[[46.0 41.0 30.0 -0.0 -0.0 -0.0 -0.0 -0.0 -0.0 -0.0 -0.0 -0.0 -0.0 -0.0 -0.0 -0.0 -0.0 -0.0 -0.0 -0.0; -0.0 -0.0 -0.0 11.0 10.0 -0.0 -0.0 -0.0 -0.0 -0.0 -0.0 -0.0 -0.0 -0.0 -0.0 -0.0 -0.0 -0.0 -0.0 -0.0; -0.0 -0.0 -0.0 -0.0 -0.0 0.0 -0.0 -0.0 -0.0 -0.0 -0.0 -0.0 -0.0 -0.0 -0.0 -0.0 -0.0 -0.0 -0.0 -0.0; -0.0 -0.0 -0.0 -0.0 -0.0 -0.0 -0.0 -0.0 11.0 -0.0 -0.0 -0.0 -0.0 -0.0 -0.0 -0.0 -0.0 -0.0 -0.0 -0.0; -0.0 -0.0 -0.0 -0.0 -0.0 -0.0 -0.0 -0.0 0.0 -0.0 -0.0 -0.0 -0.0 -0.0 -0.0 -0.0 -0.0 -0.0 -0.0 -0.0; -0.0 -0.0 -0.0 -0.0 -0.0 -0.0 -0.0 -0.0 -0.0 -0.0 -0.0 7.0 6.000000000000001 13.0 11.0 14.0 16.0 16.0 15.0 -0.0;;;]]
x_bb,"[117.0, 21.0, 0.0, 11.0, 0.0, 98.0]"
x_box,"[117.0, 21.0, 0.0, 11.0, 0.0, 98.0]"
evol_zeta,"[[1.717, 46.0], [2.187, 20.0], [2.194, 11.0], [2.2, 4.0], [2.214, 0.0]]"
ξ_box,[46.0; 41.0; 30.0; 11.0; 10.0; 8.0; 5.0; 17.0; 20.0; 16.0; 8.0; 7.0; 6.0; 13.0; 11.0; 14.0; 16.0; 16.0; 15.0; 5.0;;]
