first,second
s_box,[-0.0 -0.0; -0.0 -0.0; -0.0 -0.0; -0.0 -0.0; -0.0 -0.0; -0.0 -0.0; -0.0 -0.0; -0.0 -0.0; -0.0 -0.0; -0.0 -0.0; -0.0 -0.0; -0.0 -0.0; -0.0 -0.0; -0.0 -0.0; -0.0 -0.0; -0.0 -0.0; -0.0 -0.0; -0.0 -0.0; -0.0 -0.0; -0.0 5.0]
x_pb,"[43.0, 59.0, 39.0, -0.0, 35.0, 132.0]"
s_bb,[-0.0 -0.0; -0.0 -0.0; -0.0 -0.0; -0.0 -0.0; -0.0 -0.0; -0.0 -0.0; -0.0 -0.0; -0.0 -0.0; -0.0 -0.0; -0.0 -0.0; -0.0 -0.0; -0.0 -0.0; -0.0 -0.0; -0.0 -0.0; -0.0 -0.0; -0.0 -0.0; -0.0 -0.0; -0.0 -0.0; -0.0 -0.0; -0.0 5.0]
partition_bb,"[[[7.0, 14.0, 17.0, 20.0, 16.0, 18.0, 20.0, 14.0, 18.0, 7.0, 5.0, 8.0, 3.0, 3.0, 6.0, 20.0, 18.0, 20.0, 23.0, 26.0]], [[7.0, 14.0, 22.0, 20.0, 16.0, 23.0, 25.0, 14.0, 19.0, 12.0, 5.0, 8.0, 5.0, 3.0, 6.0, 20.0, 20.0, 20.0, 23.0, 26.0], [7.0, 10.0, 21.0, 15.0, 16.0, 23.0, 24.0, 14.0, 23.0, 12.0, 5.0, 8.0, 6.0, 3.0, 6.0, 20.0, 20.0, 20.0, 23.0, 26.0]]]"
y_box,[7.0 14.0 -0.0 18.0 4.0 -0.0 -0.0 -0.0 -0.0 -0.0 -0.0 -0.0 -0.0 -0.0 -0.0 -0.0 -0.0 -0.0 -0.0 -0.0; -0.0 -0.0 22.0 -0.0 4.0 0.0 25.0 0.0 -0.0 -0.0 -0.0 8.0 -0.0 -0.0 -0.0 -0.0 -0.0 -0.0 -0.0 -0.0; -0.0 -0.0 0.0 -0.0 8.0 23.0 -0.0 -0.0 2.0 -0.0 0.0 -0.0 -0.0 -0.0 6.0 -0.0 -0.0 -0.0 -0.0 -0.0; -0.0 -0.0 -0.0 -0.0 -0.0 -0.0 -0.0 -0.0 -0.0 -0.0 -0.0 -0.0 -0.0 0.0 -0.0 -0.0 -0.0 -0.0 -0.0 0.0; -0.0 -0.0 -0.0 -0.0 -0.0 -0.0 -0.0 -0.0 -0.0 -0.0 -0.0 -0.0 3.0 3.0 -0.0 -0.0 9.0 20.0 -0.0 -0.0; -0.0 -0.0 -0.0 -0.0 -0.0 -0.0 -0.0 14.0 21.0 12.0 5.0 0.0 -0.0 -0.0 -0.0 20.0 11.0 0.0 23.0 26.0;;; 7.0 14.0 22.0 -0.0 -0.0 -0.0 -0.0 -0.0 -0.0 -0.0 -0.0 -0.0 -0.0 -0.0 -0.0 -0.0 -0.0 -0.0 -0.0 -0.0; -0.0 -0.0 -0.0 20.0 16.0 23.0 -0.0 -0.0 -0.0 -0.0 -0.0 -0.0 -0.0 -0.0 -0.0 -0.0 -0.0 -0.0 -0.0 -0.0; -0.0 -0.0 -0.0 -0.0 -0.0 -0.0 25.0 14.0 -0.0 -0.0 -0.0 -0.0 -0.0 -0.0 -0.0 -0.0 -0.0 -0.0 -0.0 -0.0; -0.0 -0.0 -0.0 -0.0 -0.0 -0.0 -0.0 -0.0 0.0 -0.0 -0.0 -0.0 -0.0 -0.0 -0.0 -0.0 -0.0 -0.0 -0.0 -0.0; -0.0 -0.0 -0.0 -0.0 -0.0 -0.0 -0.0 -0.0 23.0 12.0 -0.0 -0.0 -0.0 -0.0 -0.0 -0.0 -0.0 -0.0 -0.0 -0.0; -0.0 -0.0 -0.0 -0.0 -0.0 -0.0 -0.0 -0.0 -0.0 -0.0 5.0 8.0 6.0 3.0 6.0 20.0 20.0 20.0 23.0 21.0]
evol_bb,"[[0.359, 552694.6266321337]]"
y_bb,[0.0 -0.0 -0.0 0.0 -0.0 -0.0 -0.0 -0.0 0.0 -0.0 5.0 -0.0 -0.0 -0.0 -0.0 15.0 0.0 -0.0 23.0 -0.0; 7.0 14.0 -0.0 -0.0 -0.0 18.0 0.0 -0.0 -0.0 7.0 -0.0 -0.0 -0.0 -0.0 -0.0 -0.0 -0.0 13.0 0.0 -0.0; -0.0 -0.0 -0.0 -0.0 -0.0 -0.0 -0.0 -0.0 18.0 -0.0 -0.0 -0.0 3.0 -0.0 6.0 -0.0 -0.0 -0.0 -0.0 12.0; -0.0 -0.0 -0.0 -0.0 -0.0 -0.0 -0.0 -0.0 -0.0 -0.0 -0.0 -0.0 0.0 -0.0 -0.0 -0.0 -0.0 -0.0 -0.0 -0.0; -0.0 -0.0 -0.0 -0.0 16.0 -0.0 -0.0 5.0 -0.0 -0.0 -0.0 -0.0 -0.0 -0.0 -0.0 -0.0 -0.0 -0.0 -0.0 14.0; -0.0 0.0 17.0 20.0 -0.0 0.0 20.0 9.0 -0.0 0.0 -0.0 8.0 -0.0 3.0 0.0 5.0 18.0 7.0 -0.0 -0.0;;; 7.0 14.0 22.0 -0.0 -0.0 -0.0 -0.0 -0.0 -0.0 -0.0 -0.0 -0.0 -0.0 -0.0 -0.0 -0.0 -0.0 -0.0 -0.0 -0.0; 0.0 -0.0 -0.0 20.0 16.0 23.0 0.0 -0.0 -0.0 -0.0 -0.0 -0.0 -0.0 -0.0 -0.0 -0.0 -0.0 -0.0 -0.0 -0.0; -0.0 -0.0 -0.0 -0.0 -0.0 -0.0 25.0 14.0 -0.0 -0.0 -0.0 -0.0 -0.0 -0.0 -0.0 -0.0 -0.0 -0.0 -0.0 -0.0; -0.0 -0.0 -0.0 -0.0 -0.0 -0.0 -0.0 0.0 0.0 -0.0 -0.0 -0.0 -0.0 -0.0 -0.0 -0.0 -0.0 -0.0 -0.0 -0.0; -0.0 -0.0 -0.0 -0.0 -0.0 -0.0 -0.0 -0.0 23.0 12.0 0.0 -0.0 0.0 -0.0 -0.0 -0.0 0.0 -0.0 0.0 -0.0; -0.0 -0.0 -0.0 -0.0 -0.0 -0.0 -0.0 -0.0 -0.0 -0.0 5.0 8.0 6.0 3.0 6.0 20.0 20.0 20.0 23.0 21.0]
evol_box,"[[0.481, 0.0], [2.201, 9815.648370815441], [2.301, 9815.64837111217], [2.331, 9815.64837051183], [2.364, 10007.012877328456], [2.428, 10007.012877328458], [2.487, 10007.012877328458], [2.552, 10314.388838251409], [2.598, 10378.363764902228], [2.682, 10529.367354205648], [2.781, 227360.9640549885], [2.912, 335827.1984039481], [3.035, 444260.9125180412], [3.096, 552694.6266321337]]"
y_pb,[[7.0 14.0 22.0 -0.0 -0.0 -0.0 -0.0 -0.0 -0.0 -0.0 -0.0 -0.0 -0.0 -0.0 -0.0 -0.0 -0.0 -0.0 -0.0 -0.0; -0.0 -0.0 -0.0 20.0 16.0 23.0 -0.0 -0.0 -0.0 -0.0 -0.0 -0.0 -0.0 -0.0 -0.0 -0.0 -0.0 -0.0 -0.0 -0.0; -0.0 -0.0 -0.0 -0.0 -0.0 -0.0 25.0 14.0 -0.0 -0.0 -0.0 -0.0 -0.0 -0.0 -0.0 -0.0 -0.0 -0.0 -0.0 -0.0; -0.0 -0.0 -0.0 -0.0 -0.0 -0.0 -0.0 -0.0 0.0 -0.0 -0.0 -0.0 -0.0 -0.0 -0.0 -0.0 -0.0 -0.0 -0.0 -0.0; -0.0 -0.0 -0.0 -0.0 -0.0 -0.0 -0.0 -0.0 23.0 12.000000000000002 -0.0 -0.0 -0.0 -0.0 -0.0 -0.0 -0.0 -0.0 -0.0 -0.0; -0.0 -0.0 -0.0 -0.0 -0.0 -0.0 -0.0 -0.0 -0.0 -0.0 5.0 8.0 6.000000000000001 3.0000000000000004 6.000000000000001 20.0 20.0 20.0 23.0 21.0;;;]]
x_bb,"[43.0, 59.0, 39.0, -0.0, 35.0, 132.0]"
x_box,"[43.0, 59.0, 39.0, -0.0, 35.0, 132.0]"
evol_zeta,"[[1.791, 26.0], [2.288, 5.000000000600011], [2.306, 5.000000000600011], [2.336, 5.000000000600011], [2.398, 5.0], [2.454, 5.000000000600011], [2.517, 5.000000000600011], [2.557, 5.0], [2.613, 4.0], [2.687, 5.0], [2.785, 3.0], [2.916, 2.0], [3.04, 1.0], [3.1, 0.0]]"
ξ_box,[7.0 7.0; 14.0 14.0; 22.0 22.0; 18.0 20.0; 16.0 16.0; 23.0 23.0; 25.0 25.0; 14.0 14.0; 23.0 23.0; 12.0 12.0; 5.0 5.0; 8.0 8.0; 3.0 6.0; 3.0 3.0; 6.0 6.0; 20.0 20.0; 20.0 20.0; 20.0 20.0; 23.0 23.0; 26.0 26.0]
