first,second
s_box,[14.0; 17.0; 11.0; 20.0; 14.0; 5.0; 2.0; 4.0; 19.0; 22.0; 3.0; 0.0; 0.0; 0.0; 0.0; 0.0; 0.0; 0.0; 0.0; 5.0;;]
x_pb,"[94.0, 2.0, -0.0, -0.0, 64.0, 157.0]"
s_bb,[14.0; 17.0; 11.0; 20.0; 14.0; 5.0; 2.0; 4.0; 19.0; 22.0; 3.0; 0.0; 0.0; 0.0; 0.0; 0.0; 0.0; 0.0; 0.0; 5.0;;]
partition_bb,"[[[0.0, 0.0, 0.0, 0.0, 0.0, 0.0, 0.0, 1.0, 3.0, 12.0, 13.0, 13.0, 15.0, 19.0, 20.0, 30.0, 34.0, 47.0, 52.0, 58.0], [19.0, 18.0, 12.0, 21.0, 15.0, 6.0, 3.0, 5.0, 15.0, 6.0, 5.0, 3.0, 5.0, 9.0, 10.0, 20.0, 24.0, 37.0, 42.0, 48.0], [3.0, 4.0, 10.0, 19.0, 15.0, 6.0, 3.0, 5.0, 19.0, 22.0, 20.0, 17.0, 15.0, 19.0, 20.0, 30.0, 34.0, 21.0, 16.0, 22.0], [19.0, 18.0, 12.0, 21.0, 15.0, 6.0, 3.0, 5.0, 11.0, 19.0, 21.0, 17.0, 15.0, 19.0, 20.0, 30.0, 26.0, 13.0, 11.0, 17.0]]]"
y_box,[5.0 1.0 1.0 1.0 1.0 1.0 1.0 -0.0 -0.0 -0.0 -0.0 -0.0 -0.0 -0.0 -0.0 -0.0 -0.0 -0.0 -0.0 -0.0; -0.0 -0.0 -0.0 -0.0 -0.0 -0.0 -0.0 1.0 0.0 0.0 -0.0 -0.0 -0.0 -0.0 -0.0 -0.0 -0.0 -0.0 -0.0 -0.0; -0.0 -0.0 -0.0 -0.0 -0.0 -0.0 -0.0 -0.0 -0.0 -0.0 -0.0 -0.0 -0.0 -0.0 -0.0 -0.0 -0.0 -0.0 -0.0 -0.0; -0.0 -0.0 -0.0 -0.0 -0.0 -0.0 -0.0 -0.0 -0.0 -0.0 -0.0 -0.0 -0.0 -0.0 -0.0 -0.0 -0.0 -0.0 -0.0 -0.0; -0.0 -0.0 -0.0 -0.0 -0.0 -0.0 -0.0 -0.0 -0.0 -0.0 18.0 17.0 15.0 19.0 20.0 30.0 34.0 -0.0 -0.0 -0.0; -0.0 -0.0 -0.0 -0.0 -0.0 -0.0 -0.0 -0.0 -0.0 -0.0 -0.0 -0.0 -0.0 -0.0 -0.0 -0.0 -0.0 47.0 52.0 53.0;;;]
evol_bb,"[[0.322, 1.6553204868300872e7]]"
y_bb,[5.0 1.0 1.0 1.0 1.0 1.0 1.0 -0.0 -0.0 -0.0 -0.0 -0.0 -0.0 -0.0 -0.0 -0.0 -0.0 -0.0 -0.0 -0.0; -0.0 -0.0 -0.0 -0.0 -0.0 -0.0 -0.0 1.0 0.0 0.0 -0.0 -0.0 -0.0 -0.0 -0.0 -0.0 -0.0 -0.0 -0.0 -0.0; -0.0 -0.0 -0.0 -0.0 -0.0 -0.0 -0.0 -0.0 -0.0 -0.0 -0.0 -0.0 -0.0 -0.0 -0.0 -0.0 -0.0 -0.0 -0.0 -0.0; -0.0 -0.0 -0.0 -0.0 -0.0 -0.0 -0.0 -0.0 -0.0 -0.0 -0.0 -0.0 -0.0 -0.0 -0.0 -0.0 -0.0 -0.0 -0.0 -0.0; -0.0 -0.0 -0.0 -0.0 -0.0 -0.0 -0.0 -0.0 -0.0 -0.0 18.0 17.0 15.0 19.0 20.0 30.0 34.0 -0.0 -0.0 -0.0; -0.0 -0.0 -0.0 -0.0 -0.0 -0.0 -0.0 -0.0 -0.0 -0.0 -0.0 -0.0 -0.0 -0.0 -0.0 -0.0 -0.0 47.0 52.0 53.0;;;]
evol_box,"[[0.488, 0.0], [2.188, 11780.341550118941], [2.275, 1.3390840885448432e7], [2.282, 1.6553204868300872e7]]"
y_pb,[[19.0 18.0 12.000000000000002 21.0 15.0 6.000000000000001 3.0000000000000004 -0.0 -0.0 -0.0 -0.0 -0.0 -0.0 -0.0 -0.0 -0.0 -0.0 -0.0 -0.0 -0.0; -0.0 -0.0 -0.0 -0.0 -0.0 -0.0 -0.0 2.0 -0.0 -0.0 -0.0 -0.0 -0.0 -0.0 -0.0 -0.0 -0.0 -0.0 -0.0 -0.0; -0.0 -0.0 -0.0 -0.0 -0.0 -0.0 -0.0 0.0 -0.0 -0.0 -0.0 -0.0 -0.0 -0.0 -0.0 -0.0 -0.0 -0.0 -0.0 -0.0; -0.0 -0.0 -0.0 -0.0 -0.0 -0.0 -0.0 -0.0 -0.0 -0.0 -0.0 -0.0 -0.0 0.0 -0.0 -0.0 -0.0 -0.0 -0.0 -0.0; -0.0 -0.0 -0.0 -0.0 -0.0 -0.0 -0.0 -0.0 -0.0 -0.0 -0.0 -0.0 -0.0 -0.0 -0.0 30.0 34.0 -0.0 -0.0 -0.0; -0.0 -0.0 -0.0 -0.0 -0.0 -0.0 -0.0 -0.0 -0.0 -0.0 -0.0 -0.0 -0.0 -0.0 -0.0 -0.0 -0.0 47.0 52.0 58.00000000000001;;;]]
x_bb,"[11.0, 1.0, 0.0, 0.0, 153.0, 152.0]"
x_box,"[11.0, 1.0, 0.0, 0.0, 153.0, 152.0]"
evol_zeta,"[[1.793, 58.0], [2.272, 21.0], [2.28, 10.0], [2.298, 0.0]]"
ξ_box,[19.0; 18.0; 12.0; 21.0; 15.0; 6.0; 3.0; 5.0; 19.0; 22.0; 21.0; 17.0; 15.0; 19.0; 20.0; 30.0; 34.0; 47.0; 52.0; 58.0;;]
