first,second
s_box,[3.0; 13.0; 14.0; 0.0; 0.0; 0.0; 0.0; 0.0; 0.0; 22.0; 25.0; 0.0; 0.0; 0.0; 0.0; 0.0; 0.0; 0.0; 13.0; 0.0;;]
x_pb,"[34.0, 24.0, -0.0, 39.0, 32.0, 133.0]"
s_bb,[3.0; 13.0; 14.0; 0.0; 0.0; 0.0; 0.0; 0.0; 0.0; 22.0; 25.0; 0.0; 0.0; 0.0; 0.0; 0.0; 0.0; 0.0; 13.0; 0.0;;]
partition_bb,"[[[0.0, 0.0, 0.0, 0.0, 0.0, 0.0, 0.0, 0.0, 10.0, 18.0, 17.0, 7.0, 9.0, 32.0, 23.0, 22.0, 22.0, 22.0, 24.0, 21.0], [3.0, 6.0, 3.0, 4.0, 6.0, 4.0, 6.0, 0.0, 10.0, 18.0, 14.0, 22.0, 17.0, 32.0, 23.0, 22.0, 21.0, 20.0, 16.0, 15.0], [3.0, 6.0, 14.0, 7.0, 6.0, 4.0, 6.0, 4.0, 13.0, 10.0, 14.0, 12.0, 17.0, 14.0, 23.0, 22.0, 22.0, 20.0, 24.0, 21.0], [3.0, 13.0, 14.0, 7.0, 6.0, 4.0, 2.0, 4.0, 13.0, 21.0, 25.0, 15.0, 11.0, 14.0, 23.0, 22.0, 18.0, 20.0, 15.0, 15.0], [3.0, 6.0, 0.0, 4.0, 2.0, 2.0, 2.0, 4.0, 20.0, 13.0, 10.0, 5.0, 8.0, 11.0, 12.0, 14.0, 20.0, 19.0, 18.0, 15.0], [3.0, 0.0, 0.0, 0.0, 0.0, 0.0, 0.0, 4.0, 20.0, 22.0, 25.0, 15.0, 11.0, 29.0, 20.0, 19.0, 21.0, 22.0, 26.0, 27.0], [3.0, 13.0, 14.0, 10.0, 6.0, 8.0, 10.0, 4.0, 15.0, 7.0, 3.0, 13.0, 17.0, 32.0, 24.0, 22.0, 13.0, 13.0, 18.0, 18.0], [3.0, 0.0, 0.0, 6.0, 4.0, 2.0, 0.0, 4.0, 20.0, 22.0, 18.0, 22.0, 17.0, 9.0, 17.0, 19.0, 24.0, 22.0, 27.0, 27.0]]]"
y_box,[0.0 0.0 0.0 10.0 6.0 8.0 10.0 -0.0 -0.0 -0.0 -0.0 -0.0 -0.0 -0.0 -0.0 -0.0 -0.0 -0.0 -0.0 -0.0; -0.0 -0.0 -0.0 -0.0 -0.0 -0.0 -0.0 4.0 20.0 0.0 -0.0 -0.0 -0.0 -0.0 -0.0 -0.0 -0.0 -0.0 -0.0 -0.0; -0.0 -0.0 -0.0 -0.0 -0.0 -0.0 -0.0 -0.0 -0.0 -0.0 -0.0 -0.0 -0.0 -0.0 -0.0 -0.0 -0.0 -0.0 -0.0 -0.0; -0.0 -0.0 -0.0 -0.0 -0.0 -0.0 -0.0 -0.0 -0.0 -0.0 0.0 22.0 17.0 -0.0 -0.0 -0.0 -0.0 -0.0 -0.0 -0.0; -0.0 -0.0 -0.0 -0.0 -0.0 -0.0 -0.0 -0.0 -0.0 -0.0 -0.0 -0.0 -0.0 32.0 -0.0 -0.0 -0.0 -0.0 -0.0 -0.0; -0.0 -0.0 -0.0 -0.0 -0.0 -0.0 -0.0 -0.0 -0.0 -0.0 -0.0 -0.0 -0.0 -0.0 24.0 22.0 24.0 22.0 14.0 27.0;;;]
evol_bb,"[[0.312, 1.0559141181643292e7]]"
y_bb,[0.0 0.0 0.0 10.0 6.0 8.0 10.0 -0.0 -0.0 -0.0 -0.0 -0.0 -0.0 -0.0 -0.0 -0.0 -0.0 -0.0 -0.0 -0.0; -0.0 -0.0 -0.0 -0.0 -0.0 -0.0 -0.0 4.0 20.0 0.0 -0.0 -0.0 -0.0 -0.0 -0.0 -0.0 -0.0 -0.0 -0.0 -0.0; -0.0 -0.0 -0.0 -0.0 -0.0 -0.0 -0.0 -0.0 -0.0 -0.0 -0.0 -0.0 -0.0 -0.0 -0.0 -0.0 -0.0 -0.0 -0.0 -0.0; -0.0 -0.0 -0.0 -0.0 -0.0 -0.0 -0.0 -0.0 -0.0 -0.0 0.0 22.0 17.0 -0.0 -0.0 -0.0 -0.0 -0.0 -0.0 -0.0; -0.0 -0.0 -0.0 -0.0 -0.0 -0.0 -0.0 -0.0 -0.0 -0.0 -0.0 -0.0 -0.0 32.0 -0.0 -0.0 -0.0 -0.0 -0.0 -0.0; -0.0 -0.0 -0.0 -0.0 -0.0 -0.0 -0.0 -0.0 -0.0 -0.0 -0.0 -0.0 -0.0 -0.0 24.0 22.0 24.0 22.0 14.0 27.0;;;]
evol_box,"[[0.409, 0.0], [2.003, 3024.2181995445967], [2.084, 6.688592321671063e6], [2.089, 7.861476306584993e6], [2.095, 9.151668927862918e6], [2.101, 1.0207276217423487e7], [2.107, 1.0441850943345299e7], [2.114, 1.0559141181643292e7]]"
y_pb,[[-0.0 -0.0 -0.0 10.0 6.000000000000001 8.0 10.0 -0.0 -0.0 -0.0 -0.0 -0.0 -0.0 -0.0 -0.0 -0.0 -0.0 -0.0 -0.0 -0.0; -0.0 -0.0 -0.0 -0.0 -0.0 -0.0 -0.0 4.0 20.0 -0.0 -0.0 -0.0 -0.0 -0.0 -0.0 -0.0 -0.0 -0.0 -0.0 -0.0; -0.0 -0.0 -0.0 -0.0 -0.0 -0.0 -0.0 -0.0 -0.0 -0.0 0.0 -0.0 -0.0 -0.0 -0.0 -0.0 -0.0 -0.0 -0.0 -0.0; -0.0 -0.0 -0.0 -0.0 -0.0 -0.0 -0.0 -0.0 -0.0 -0.0 -0.0 22.0 17.0 -0.0 -0.0 -0.0 -0.0 -0.0 -0.0 -0.0; -0.0 -0.0 -0.0 -0.0 -0.0 -0.0 -0.0 -0.0 -0.0 -0.0 -0.0 -0.0 -0.0 32.0 -0.0 -0.0 -0.0 -0.0 -0.0 -0.0; -0.0 -0.0 -0.0 -0.0 -0.0 -0.0 -0.0 -0.0 -0.0 -0.0 -0.0 -0.0 -0.0 -0.0 24.000000000000004 22.0 24.000000000000004 22.0 14.0 27.0;;;]]
x_bb,"[34.0, 24.0, 0.0, 39.0, 32.0, 133.0]"
x_box,"[34.0, 24.0, 0.0, 39.0, 32.0, 133.0]"
evol_zeta,"[[1.633, 32.0], [2.081, 15.0], [2.087, 10.0], [2.093, 8.0], [2.099, 6.0], [2.105, 2.0], [2.112, 1.0], [2.128, 0.0]]"
ξ_box,[3.0; 13.0; 14.0; 10.0; 6.0; 8.0; 10.0; 4.0; 20.0; 22.0; 25.0; 22.0; 17.0; 32.0; 24.0; 22.0; 24.0; 22.0; 27.0; 27.0;;]
