first,second
s_box,[0.0; 0.0; 0.0; 0.0; 0.0; 0.0; 0.0; 0.0; 0.0; 7.0; 14.0; 16.0; 3.0; 0.0; 0.0; 0.0; 0.0; 11.0; 5.0; 13.0;;]
x_pb,"[106.0, 92.0, 1.0, -0.0, 25.0, 43.0]"
s_bb,[0.0; 0.0; 0.0; 0.0; 0.0; 0.0; 0.0; 0.0; 0.0; 7.0; 14.0; 16.0; 3.0; 0.0; 0.0; 0.0; 0.0; 11.0; 5.0; 13.0;;]
partition_bb,"[[[32.0, 29.0, 19.0, 16.0, 13.0, 22.0, 20.0, 16.0, 13.0, 8.0, 2.0, 16.0, 3.0, 7.0, 13.0, 15.0, 16.0, 0.0, 0.0, 0.0], [19.0, 16.0, 6.0, 3.0, 0.0, 9.0, 11.0, 10.0, 6.0, 0.0, 6.0, 0.0, 3.0, 12.0, 13.0, 19.0, 16.0, 0.0, 5.0, 13.0], [32.0, 29.0, 24.0, 21.0, 18.0, 20.0, 18.0, 14.0, 11.0, 6.0, 0.0, 14.0, 3.0, 0.0, 1.0, 8.0, 11.0, 11.0, 5.0, 13.0], [32.0, 29.0, 24.0, 21.0, 18.0, 21.0, 20.0, 18.0, 14.0, 8.0, 14.0, 16.0, 3.0, 0.0, 0.0, 7.0, 4.0, 0.0, 5.0, 13.0], [26.0, 24.0, 23.0, 21.0, 18.0, 9.0, 7.0, 4.0, 0.0, 0.0, 0.0, 0.0, 3.0, 12.0, 13.0, 20.0, 23.0, 11.0, 5.0, 13.0]]]"
y_box,[32.0 29.0 24.0 21.0 -0.0 -0.0 -0.0 -0.0 -0.0 -0.0 -0.0 -0.0 -0.0 -0.0 -0.0 -0.0 -0.0 -0.0 -0.0 -0.0; -0.0 -0.0 -0.0 -0.0 18.0 22.0 20.0 18.0 14.0 -0.0 -0.0 -0.0 -0.0 -0.0 -0.0 -0.0 -0.0 -0.0 -0.0 -0.0; -0.0 -0.0 -0.0 -0.0 -0.0 -0.0 -0.0 -0.0 -0.0 1.0 0.0 -0.0 -0.0 -0.0 -0.0 -0.0 -0.0 -0.0 -0.0 -0.0; -0.0 -0.0 -0.0 -0.0 -0.0 -0.0 -0.0 -0.0 -0.0 -0.0 -0.0 0.0 -0.0 -0.0 -0.0 -0.0 -0.0 -0.0 -0.0 -0.0; -0.0 -0.0 -0.0 -0.0 -0.0 -0.0 -0.0 -0.0 -0.0 -0.0 -0.0 -0.0 0.0 12.0 13.0 -0.0 -0.0 -0.0 -0.0 -0.0; -0.0 -0.0 -0.0 -0.0 -0.0 -0.0 -0.0 -0.0 -0.0 -0.0 -0.0 -0.0 -0.0 -0.0 -0.0 20.0 23.0 0.0 0.0 0.0;;;]
evol_bb,"[[0.279, 8.564204548816051e6]]"
y_bb,[32.0 29.0 24.0 21.0 -0.0 -0.0 -0.0 -0.0 -0.0 -0.0 -0.0 -0.0 -0.0 -0.0 -0.0 -0.0 -0.0 -0.0 -0.0 -0.0; -0.0 -0.0 -0.0 -0.0 18.0 22.0 20.0 18.0 14.0 -0.0 -0.0 -0.0 -0.0 -0.0 -0.0 -0.0 -0.0 -0.0 -0.0 -0.0; -0.0 -0.0 -0.0 -0.0 -0.0 -0.0 -0.0 -0.0 -0.0 1.0 0.0 -0.0 -0.0 -0.0 -0.0 -0.0 -0.0 -0.0 -0.0 -0.0; -0.0 -0.0 -0.0 -0.0 -0.0 -0.0 -0.0 -0.0 -0.0 -0.0 -0.0 0.0 -0.0 -0.0 -0.0 -0.0 -0.0 -0.0 -0.0 -0.0; -0.0 -0.0 -0.0 -0.0 -0.0 -0.0 -0.0 -0.0 -0.0 -0.0 -0.0 -0.0 0.0 12.0 13.0 -0.0 -0.0 -0.0 -0.0 -0.0; -0.0 -0.0 -0.0 -0.0 -0.0 -0.0 -0.0 -0.0 -0.0 -0.0 -0.0 -0.0 -0.0 -0.0 -0.0 20.0 23.0 0.0 0.0 0.0;;;]
evol_box,"[[0.435, 0.0], [1.97, 2664.320437173851], [2.051, 2.9807040398423765e6], [2.057, 5.58638806189879e6], [2.063, 6.330846506759794e6], [2.069, 8.191964754298108e6], [2.075, 8.564204548816051e6]]"
y_pb,[[32.0 29.000000000000004 24.000000000000004 21.0 -0.0 -0.0 -0.0 -0.0 -0.0 -0.0 -0.0 -0.0 -0.0 -0.0 -0.0 -0.0 -0.0 -0.0 -0.0 -0.0; -0.0 -0.0 -0.0 -0.0 18.0 22.0 20.0 18.0 14.0 -0.0 -0.0 -0.0 -0.0 -0.0 -0.0 -0.0 -0.0 -0.0 -0.0 -0.0; -0.0 -0.0 -0.0 -0.0 -0.0 -0.0 -0.0 -0.0 -0.0 1.0 -0.0 -0.0 -0.0 -0.0 -0.0 -0.0 -0.0 -0.0 -0.0 -0.0; -0.0 -0.0 -0.0 -0.0 -0.0 -0.0 -0.0 -0.0 -0.0 -0.0 0.0 -0.0 -0.0 -0.0 -0.0 -0.0 -0.0 -0.0 -0.0 -0.0; -0.0 -0.0 -0.0 -0.0 -0.0 -0.0 -0.0 -0.0 -0.0 -0.0 -0.0 -0.0 -0.0 12.000000000000002 13.0 -0.0 -0.0 -0.0 -0.0 -0.0; -0.0 -0.0 -0.0 -0.0 -0.0 -0.0 -0.0 -0.0 -0.0 -0.0 -0.0 -0.0 -0.0 -0.0 -0.0 20.0 23.0 -0.0 -0.0 -0.0;;;]]
x_bb,"[106.0, 92.0, 1.0, 0.0, 25.0, 43.0]"
x_box,"[106.0, 92.0, 1.0, 0.0, 25.0, 43.0]"
evol_zeta,"[[1.615, 32.0], [2.049, 13.0], [2.055, 11.0], [2.061, 6.0], [2.067, 5.000000000600011], [2.073, 2.0], [2.09, 0.0]]"
ξ_box,[32.0; 29.0; 24.0; 21.0; 18.0; 22.0; 20.0; 18.0; 14.0; 8.0; 14.0; 16.0; 3.0; 12.0; 13.0; 20.0; 23.0; 11.0; 5.0; 13.0;;]
