first,second
s_box,[10.0 0.0 0.0 0.0; 0.0 0.0 0.0 0.0; 0.0 18.0 12.0 17.0; 1.0 0.0 0.0 0.0; 18.0 0.0 0.0 0.0; 0.0 8.0 14.0 3.0; 0.0 0.0 0.0 23.0; 0.0 3.0 16.0 12.0; 11.0 2.0 5.0 9.0; 17.0 8.0 15.0 0.0; 16.0 15.0 0.0 5.0; 17.0 16.0 13.0 4.0; 16.0 8.0 15.0 6.0; 0.0 8.0 16.0 7.0; 0.0 21.0 0.0 20.0]
x_pb,"[32.0, 26.0, 19.0, -0.0]"
s_bb,[-0.0 -0.0 -0.0 6.0; -0.0 22.0 21.0 21.0; 18.0 7.0 14.0 -0.0; 3.0 -0.0 5.0 -0.0; 18.0 -0.0 21.0 -0.0; 27.0 -0.0 5.0 -0.0; 23.0 20.0 -0.0 -0.0; 22.0 -0.0 -0.0 -0.0; 8.0 -0.0 -0.0 -0.0; -0.0 18.0 -0.0 -0.0; -0.0 10.0 -0.0 -0.0; -0.0 10.0 -0.0 -0.0; -0.0 4.0 -0.0 -0.0; 17.0 -0.0 -0.0 -0.0; 30.0 16.0 -0.0 21.0]
partition_bb,"[[[0.0, 0.0, 0.0, 0.0, 0.0, 0.0, 0.0, 0.0, 0.0, 2.0, 6.0, 8.0, 16.0, 17.0, 30.0], [0.0, 0.0, 0.0, 3.0, 9.0, 27.0, 23.0, 9.0, 7.0, 1.0, 0.0, 0.0, 0.0, 0.0, 0.0], [0.0, 11.0, 18.0, 3.0, 18.0, 0.0, 0.0, 0.0, 0.0, 0.0, 0.0, 0.0, 4.0, 5.0, 18.0], [0.0, 0.0, 0.0, 0.0, 16.0, 0.0, -0.0, 10.0, 11.0, 18.0, 10.0, 10.0, 4.0, 3.0, 0.0], [0.0, 0.0, 0.0, 0.0, 0.0, 4.0, 8.0, 22.0, 20.0, 14.0, 6.0, 6.0, 1.0, 0.0, 0.0]], [[7.0, 22.0, 15.0, 5.0, 0.0, 0.0, 0.0, 4.0, 5.0, 12.0, 4.0, 4.0, 0.0, 0.0, 0.0], [0.0, 12.0, 19.0, 4.0, 0.0, 16.0, 20.0, 6.0, 4.0, 0.0, 0.0, 0.0, 0.0, 0.0, 0.0], [0.0, 0.0, 0.0, 0.0, 0.0, 0.0, 0.0, 10.0, 11.0, 18.0, 10.0, 10.0, 4.0, 3.0, 16.0]], [[6.0, 21.0, 14.0, 5.0, 21.0, 5.0, 1.0, 2.0, 0.0, 0.0, 2.0, 0.0, 0.0, 0.0, 0.0]], [[6.0, 21.0, 14.0, 4.0, 0.0, 0.0, 0.0, 0.0, 0.0, 0.0, 0.0, 0.0, 7.0, 8.0, 21.0]]]"
y_box,[0.0 0.0 0.0 0.0 0.0 0.0 0.0 17.0 0.0 0.0 0.0 0.0 0.0 0.0 12.0; 0.0 0.0 0.0 0.0 0.0 0.0 0.0 0.0 0.0 0.0 0.0 0.0 0.0 17.0 9.0; 0.0 0.0 0.0 0.0 0.0 2.0 3.0 0.0 8.0 0.0 0.0 0.0 0.0 0.0 9.0; 0.0 0.0 0.0 0.0 0.0 0.0 0.0 0.0 0.0 0.0 0.0 0.0 0.0 0.0 0.0;;; 7.0 22.0 0.0 0.0 0.0 0.0 0.0 0.0 0.0 0.0 0.0 0.0 0.0 0.0 0.0; 0.0 0.0 0.0 5.0 21.0 0.0 0.0 0.0 0.0 0.0 0.0 0.0 0.0 0.0 0.0; 0.0 0.0 0.0 0.0 0.0 8.0 14.0 0.0 0.0 0.0 0.0 0.0 0.0 0.0 0.0; 0.0 0.0 0.0 0.0 0.0 0.0 0.0 0.0 0.0 0.0 0.0 0.0 0.0 0.0 0.0;;; 0.0 14.0 1.0 0.0 4.0 0.0 0.0 0.0 0.0 0.0 10.0 0.0 0.0 0.0 0.0; 0.0 0.0 0.0 0.0 9.0 0.0 4.0 0.0 13.0 0.0 0.0 0.0 0.0 0.0 0.0; 0.0 0.0 0.0 0.0 0.0 0.0 9.0 0.0 0.0 0.0 0.0 0.0 0.0 0.0 13.0; 0.0 0.0 0.0 0.0 0.0 0.0 0.0 0.0 0.0 0.0 0.0 0.0 0.0 0.0 0.0;;; 2.0 0.0 0.0 3.0 0.0 24.0 0.0 0.0 0.0 0.0 0.0 0.0 0.0 0.0 0.0; 0.0 17.0 0.0 0.0 9.0 0.0 0.0 0.0 0.0 0.0 0.0 0.0 0.0 0.0 0.0; 0.0 0.0 0.0 0.0 10.0 0.0 0.0 0.0 0.0 12.0 0.0 0.0 0.0 0.0 0.0; 0.0 0.0 0.0 0.0 0.0 0.0 0.0 0.0 0.0 0.0 0.0 0.0 0.0 0.0 0.0]
evol_bb,Vector{Float64}[]
y_bb,[-0.0 -0.0 -0.0 -0.0 -0.0 -0.0 -0.0 -0.0 -0.0 -0.0 10.0 10.0 -0.0 -0.0 -0.0; -0.0 -0.0 -0.0 -0.0 -0.0 -0.0 -0.0 -0.0 12.0 -0.0 -0.0 -0.0 -0.0 -0.0 -0.0; -0.0 11.0 -0.0 -0.0 -0.0 -0.0 -0.0 -0.0 -0.0 18.0 -0.0 -0.0 4.0 -0.0 -0.0; -0.0 -0.0 -0.0 -0.0 -0.0 -0.0 -0.0 -0.0 -0.0 -0.0 -0.0 -0.0 12.0 -0.0 -0.0;;; -0.0 -0.0 -0.0 -0.0 -0.0 7.0 -0.0 -0.0 -0.0 -0.0 -0.0 -0.0 -0.0 -0.0 -0.0; -0.0 -0.0 -0.0 -0.0 -0.0 9.0 -0.0 -0.0 -0.0 -0.0 -0.0 -0.0 -0.0 3.0 -0.0; 7.0 -0.0 -0.0 5.0 -0.0 -0.0 -0.0 10.0 11.0 -0.0 -0.0 -0.0 -0.0 -0.0 -0.0; -0.0 -0.0 12.0 -0.0 -0.0 -0.0 -0.0 -0.0 -0.0 -0.0 -0.0 -0.0 -0.0 -0.0 -0.0;;; -0.0 -0.0 -0.0 -0.0 -0.0 -0.0 1.0 -0.0 -0.0 -0.0 -0.0 -0.0 -0.0 -0.0 -0.0; -0.0 -0.0 -0.0 -0.0 -0.0 -0.0 -0.0 -0.0 -0.0 -0.0 -0.0 -0.0 -0.0 -0.0 -0.0; 6.0 -0.0 -0.0 -0.0 -0.0 -0.0 -0.0 2.0 -0.0 -0.0 -0.0 -0.0 -0.0 -0.0 -0.0; -0.0 -0.0 -0.0 -0.0 -0.0 -0.0 -0.0 -0.0 -0.0 -0.0 2.0 -0.0 -0.0 -0.0 -0.0;;; -0.0 -0.0 -0.0 -0.0 -0.0 -0.0 -0.0 -0.0 -0.0 -0.0 -0.0 -0.0 -0.0 -0.0 -0.0; -0.0 -0.0 -0.0 -0.0 -0.0 -0.0 -0.0 -0.0 -0.0 -0.0 -0.0 -0.0 -0.0 -0.0 -0.0; -0.0 -0.0 14.0 -0.0 -0.0 -0.0 -0.0 -0.0 -0.0 -0.0 -0.0 -0.0 7.0 -0.0 -0.0; -0.0 -0.0 -0.0 4.0 -0.0 -0.0 -0.0 -0.0 -0.0 -0.0 -0.0 -0.0 -0.0 8.0 -0.0]
evol_box,"[[0.472, 0.0], [2.088, 245706.79487432865], [2.338, 246182.7809969732], [2.539, 246184.01460950254], [2.864, 246182.78099697334], [3.53, 2.5635820817166516e6], [5.071, 3.539802161698286e6], [5.587, 4.272015266732884e6], [7.273, 5.736340355934434e6], [8.756, 5.980501101754228e6], [15.711, 5.980501101754228e6], [17.533, 6.7124082861158075e6], [19.238, 6.956463492986819e6], [22.073, 7.810624382267361e6], [27.974, 8.1767244981358005e6], [32.356, 8.420838856694277e6], [43.377, 8.909018166624464e6], [48.769, 9.274916911723008e6], [53.616, 9.274916911723008e6], [63.413, 9.763197897623455e6], [79.666, 9.885050203580005e6], [89.934, 1.0251198238453731e7], [110.605, 1.0251286754177222e7], [128.558, 1.0739211172671553e7], [146.719, 1.0739211172671555e7], [169.689, 1.086138608985134e7], [188.926, 1.0983302174558273e7], [216.502, 1.0983381138581682e7], [238.387, 1.110545819642595e7], [282.563, 1.1227323526943533e7], [325.957, 1.1227364901853234e7], [364.919, 1.1227364901853234e7], [437.719, 1.1715407346637253e7], [484.046, 1.1715407346637253e7], [565.436, 1.1837574693887716e7], [665.318, 1.1959599677485257e7], [790.88, 1.2081613521852493e7], [927.364, 1.2203572266750015e7], [1129.754, 1.2325639437166383e7], [1293.936, 1.244761152556265e7], [1724.593, 1.2813666472544674e7], [2140.967, 1.2813674895331742e7], [2916.777, 1.29356908487505e7], [3600.039, 1.305767992128333e7]]"
y_pb,[[10.0 22.0 -0.0 -0.0 -0.0 -0.0 -0.0 -0.0 -0.0 -0.0 -0.0 -0.0 -0.0 -0.0 -0.0; -0.0 -0.0 -0.0 5.0 21.0 -0.0 -0.0 -0.0 -0.0 -0.0 -0.0 -0.0 -0.0 -0.0 -0.0; -0.0 -0.0 -0.0 -0.0 -0.0 -0.0 19.0 -0.0 -0.0 -0.0 -0.0 -0.0 -0.0 -0.0 -0.0; -0.0 -0.0 -0.0 -0.0 -0.0 -0.0 -0.0 -0.0 -0.0 -0.0 -0.0 -0.0 0.0 -0.0 -0.0;;;]]
x_bb,"[20.0, 12.0, 33.0, 12.0]"
x_box,"[29.0, 26.0, 22.0, 0.0]"
evol_zeta,"[[2.194, 26.71428571428571], [2.388, 22.0], [2.614, 21.0], [2.989, 21.0], [3.661, 20.428571428571427], [5.161, 19.714285714285715], [5.755, 16.666666666666668], [7.36, 18.0], [8.949, 16.142857142857146], [15.898, 16.625], [17.719, 16.0], [19.373, 15.999999999999996], [22.237, 15.555555555555555], [28.088, 15.25], [32.465, 15.25], [43.461, 14.777777777777779], [48.83, 14.222222222222221], [53.693, 13.444444444444445], [63.577, 12.777777777777779], [79.8, 13.5], [90.034, 14.333333510408979], [110.676, 13.25], [128.636, 12.555555555555555], [146.801, 13.222222222222214], [169.793, 12.666666666666666], [189.0, 10.999999999999943], [216.539, 11.3], [238.463, 12.25], [282.633, 10.857142857142856], [326.192, 10.88888888888889], [364.988, 11.222222222222221], [437.774, 11.222222222222221], [484.127, 11.2], [565.518, 11.500000001250001], [665.376, 12.0], [790.963, 10.636363636363637], [927.417, 11.0], [1129.825, 10.0], [1294.026, 9.99999999999999], [1724.674, 10.5], [2141.0, 9.999999999999943], [2916.81, 11.375], [3600.053, 0.0]]"
ξ_box,[10.0 7.0 -0.0 2.0; -0.0 22.0 14.0 17.0; 0.0 18.0 13.0 17.0; 1.0 5.0 0.0 3.0; 18.0 21.0 13.0 17.0; -0.0 16.0 14.0 27.0; 3.0 14.0 13.0 23.0; 17.0 3.0 16.0 12.0; 19.0 2.0 18.0 9.0; 17.0 8.0 15.0 12.0; 16.0 15.0 10.0 4.0; 17.0 16.0 13.0 4.0; 16.0 8.0 15.0 6.0; 17.0 8.0 16.0 7.0; 30.0 21.0 13.0 20.0]
