first,second
s_box,[19.0; 16.0; 15.0; 14.0; 14.0; 14.0; 15.0; 16.0; 0.0; 0.0; 0.0; 7.0; 0.0; 0.0; 0.0;;]
x_pb,"[-0.0, 23.0, -0.0, 29.0]"
s_bb,[19.0; 16.0; 15.0; 14.0; 14.0; 14.0; 15.0; 16.0; 0.0; 0.0; 0.0; 7.0; 0.0; 0.0; 0.0;;]
partition_bb,"[[[19.0, 14.0, 11.0, 6.0, 5.0, 0.0, 0.0, 0.0, 0.0, 0.0, 0.0, 0.0, 0.0, 0.0, 0.0], [0.0, 0.0, 1.0, 7.0, 7.0, 11.0, 14.0, 16.0, 0.0, 0.0, 0.0, 0.0, 0.0, 0.0, 0.0], [2.0, 7.0, 10.0, 3.0, 2.0, 0.0, 4.0, 5.0, 0.0, 3.0, 15.0, 1.0, 0.0, 0.0, 0.0], [5.0, 0.0, 0.0, 0.0, 0.0, 0.0, 0.0, 2.0, 0.0, 3.0, 0.0, 8.0, 7.0, 6.0, 15.0], [0.0, 3.0, 6.0, 13.0, 14.0, 8.0, 7.0, 5.0, 0.0, 0.0, 0.0, 0.0, 0.0, 0.0, 0.0], [5.0, 0.0, 3.0, 0.0, 0.0, 6.0, 7.0, 9.0, 5.0, 3.0, 0.0, 4.0, 5.0, 6.0, 0.0], [7.0, 12.0, 15.0, 8.0, 7.0, 4.0, 1.0, 0.0, 0.0, 0.0, 0.0, 0.0, 0.0, 0.0, 0.0], [0.0, 0.0, 3.0, 8.0, 8.0, 14.0, 10.0, 9.0, 0.0, 0.0, 0.0, 0.0, 0.0, 0.0, 0.0], [11.0, 16.0, 13.0, 6.0, 5.0, 2.0, 0.0, 0.0, 0.0, 0.0, 0.0, 0.0, 0.0, 0.0, 0.0], [0.0, 0.0, 1.0, 8.0, 8.0, 11.0, 15.0, 13.0, 0.0, 0.0, 0.0, 0.0, 0.0, 0.0, 0.0], [1.0, 4.0, 7.0, 14.0, 13.0, 8.0, 7.0, 5.0, 0.0, 0.0, 0.0, 0.0, 0.0, 0.0, 0.0]]]"
y_box,[0.0 0.0 0.0 0.0 0.0 0.0 0.0 -0.0 -0.0 -0.0 -0.0 -0.0 -0.0 -0.0 -0.0; -0.0 -0.0 -0.0 -0.0 -0.0 -0.0 -0.0 -0.0 5.0 3.0 15.0 -0.0 -0.0 -0.0 -0.0; -0.0 -0.0 -0.0 -0.0 -0.0 -0.0 -0.0 -0.0 -0.0 -0.0 -0.0 -0.0 -0.0 -0.0 -0.0; -0.0 -0.0 -0.0 -0.0 -0.0 -0.0 -0.0 -0.0 -0.0 -0.0 -0.0 1.0 7.0 6.0 15.0;;;]
evol_bb,"[[0.402, 1.5047933805035273e7]]"
y_bb,[0.0 0.0 0.0 0.0 0.0 0.0 0.0 -0.0 -0.0 -0.0 -0.0 -0.0 -0.0 -0.0 -0.0; -0.0 -0.0 -0.0 -0.0 -0.0 -0.0 -0.0 -0.0 5.0 3.0 15.0 -0.0 -0.0 -0.0 -0.0; -0.0 -0.0 -0.0 -0.0 -0.0 -0.0 -0.0 -0.0 -0.0 -0.0 -0.0 -0.0 -0.0 -0.0 -0.0; -0.0 -0.0 -0.0 -0.0 -0.0 -0.0 -0.0 -0.0 -0.0 -0.0 -0.0 1.0 7.0 6.0 15.0;;;]
evol_box,"[[0.493, 0.0], [2.141, 349684.8937173742], [2.25, 5.441700401745135e6], [2.255, 1.0533922435307212e7], [2.26, 1.2270043958407082e7], [2.269, 1.3774734291997353e7], [2.277, 1.423771593310205e7], [2.284, 1.4584952163930574e7], [2.328, 1.4816442984482924e7], [2.338, 1.4932188394759098e7], [2.347, 1.5047933805035273e7]]"
y_pb,[[-0.0 -0.0 -0.0 -0.0 -0.0 -0.0 -0.0 0.0 -0.0 -0.0 -0.0 -0.0 -0.0 -0.0 -0.0; -0.0 -0.0 -0.0 -0.0 -0.0 -0.0 -0.0 -0.0 5.0 3.0 15.0 -0.0 -0.0 -0.0 -0.0; -0.0 -0.0 -0.0 -0.0 -0.0 -0.0 -0.0 -0.0 -0.0 -0.0 0.0 -0.0 -0.0 -0.0 -0.0; -0.0 -0.0 -0.0 -0.0 -0.0 -0.0 -0.0 -0.0 -0.0 -0.0 -0.0 1.0 7.0 6.0 15.0;;;]]
x_bb,"[0.0, 23.0, 0.0, 29.0]"
x_box,"[0.0, 23.0, 0.0, 29.0]"
evol_zeta,"[[1.798, 18.400000000000002], [2.249, 15.333333333333334], [2.254, 15.0], [2.259, 15.0], [2.268, 6.428571428571429], [2.276, 3.7142857142857095], [2.283, 3.0], [2.326, 1.833333333333334], [2.336, 0.3333333333333339], [2.346, 0.12499999999999734], [2.355, 0.0]]"
ξ_box,[19.0; 16.0; 15.0; 14.0; 14.0; 14.0; 15.0; 16.0; 5.0; 3.0; 15.0; 8.0; 7.0; 6.0; 15.0;;]
