first,second
s_box,[31.0; 21.0; 22.0; 22.0; 7.0; 6.0; 10.0; 1.0; 6.0; 25.0; 12.0; 0.0; 0.0; 0.0; 21.0;;]
x_pb,"[-0.0, 0.0, -0.0, 69.0]"
s_bb,[31.0; 21.0; 22.0; 22.0; 7.0; 6.0; 10.0; 1.0; 6.0; 25.0; 12.0; 0.0; 0.0; 0.0; 21.0;;]
partition_bb,"[[[31.0, 16.0, 14.0, 11.0, 0.0, 0.0, 0.0, 0.0, 0.0, 0.0, 0.0, 0.0, 0.0, 0.0, 0.0], [0.0, 0.0, 0.0, 0.0, 0.0, 0.0, 0.0, 0.0, 0.0, 25.0, 20.0, 17.0, 3.0, 2.0, 2.0], [0.0, 0.0, 0.0, 0.0, 0.0, 0.0, 0.0, 0.0, 0.0, 0.0, 3.0, 6.0, 19.0, 20.0, 21.0], [2.0, 16.0, 19.0, 22.0, 7.0, 6.0, 0.0, 0.0, 0.0, 0.0, 0.0, 0.0, 0.0, 0.0, 0.0], [0.0, 0.0, 0.0, 0.0, 7.0, 6.0, 10.0, 1.0, 0.0, 18.0, 13.0, 14.0, 0.0, 1.0, 0.0], [15.0, 0.0, 0.0, 0.0, 7.0, 6.0, 10.0, 1.0, 6.0, 5.0, 0.0, 0.0, 6.0, 7.0, 8.0], [6.0, 21.0, 19.0, 16.0, 1.0, 0.0, 0.0, 1.0, 6.0, 0.0, 0.0, 0.0, 0.0, 0.0, 0.0], [5.0, 19.0, 22.0, 19.0, 4.0, 3.0, 0.0, 0.0, 0.0, 0.0, 0.0, 0.0, 0.0, 0.0, 0.0], [0.0, 0.0, 0.0, 0.0, 0.0, 0.0, 0.0, 0.0, 0.0, 0.0, 4.0, 7.0, 21.0, 20.0, 19.0], [0.0, 0.0, 0.0, 0.0, 7.0, 6.0, 0.0, 1.0, 2.0, 10.0, 15.0, 18.0, 4.0, 3.0, 3.0], [0.0, 0.0, 0.0, 0.0, 0.0, 0.0, 0.0, 0.0, 0.0, 16.0, 21.0, 18.0, 6.0, 5.0, 4.0], [0.0, 0.0, 0.0, 0.0, 0.0, 0.0, 0.0, 0.0, 0.0, 0.0, 3.0, 6.0, 20.0, 21.0, 20.0]]]"
y_box,[0.0 -0.0 -0.0 -0.0 -0.0 -0.0 -0.0 -0.0 -0.0 -0.0 -0.0 -0.0 -0.0 -0.0 -0.0; -0.0 0.0 0.0 0.0 0.0 0.0 0.0 0.0 -0.0 -0.0 -0.0 -0.0 -0.0 -0.0 -0.0; -0.0 -0.0 -0.0 -0.0 -0.0 -0.0 -0.0 -0.0 -0.0 -0.0 -0.0 -0.0 -0.0 -0.0 -0.0; -0.0 -0.0 -0.0 -0.0 -0.0 -0.0 -0.0 -0.0 0.0 0.0 9.0 18.0 21.0 21.0 0.0;;;]
evol_bb,"[[0.427, 2.061748370612701e7]]"
y_bb,[0.0 -0.0 -0.0 -0.0 -0.0 -0.0 -0.0 -0.0 -0.0 -0.0 -0.0 -0.0 -0.0 -0.0 -0.0; -0.0 0.0 0.0 0.0 0.0 0.0 0.0 0.0 -0.0 -0.0 -0.0 -0.0 -0.0 -0.0 -0.0; -0.0 -0.0 -0.0 -0.0 -0.0 -0.0 -0.0 -0.0 -0.0 -0.0 -0.0 -0.0 -0.0 -0.0 -0.0; -0.0 -0.0 -0.0 -0.0 -0.0 -0.0 -0.0 -0.0 0.0 0.0 9.0 18.0 21.0 21.0 0.0;;;]
evol_box,"[[0.595, 0.0], [2.58, 338749.03857908637], [2.679, 8.068640579463627e6], [2.687, 1.4006856177727858e7], [2.693, 1.7256150562667456e7], [2.698, 1.848864153626523e7], [2.705, 1.916090934004584e7], [2.712, 1.972113250986301e7], [2.722, 2.0057266411753315e7], [2.731, 2.0281352607455328e7], [2.741, 2.0393395058785256e7], [2.757, 2.050543969274869e7], [2.769, 2.061748370612701e7]]"
y_pb,[[-0.0 -0.0 -0.0 0.0 -0.0 -0.0 -0.0 -0.0 -0.0 -0.0 -0.0 -0.0 -0.0 -0.0 -0.0; -0.0 -0.0 -0.0 0.0 -0.0 -0.0 -0.0 -0.0 -0.0 -0.0 -0.0 -0.0 -0.0 -0.0 -0.0; -0.0 -0.0 -0.0 -0.0 -0.0 -0.0 -0.0 -0.0 -0.0 -0.0 0.0 -0.0 -0.0 -0.0 -0.0; -0.0 -0.0 -0.0 -0.0 -0.0 -0.0 -0.0 -0.0 -0.0 -0.0 9.0 18.0 21.0 21.0 -0.0;;;]]
x_bb,"[0.0, 0.0, 0.0, 69.0]"
x_box,"[0.0, 0.0, 0.0, 69.0]"
evol_zeta,"[[2.165, 30.25], [2.677, 25.0], [2.686, 19.0], [2.691, 10.5], [2.696, 10.0], [2.703, 6.0], [2.711, 5.0], [2.721, 2.5], [2.729, 1.6000000000000014], [2.739, 1.0], [2.756, 1.0], [2.767, 0.800000000180006], [2.777, 0.0]]"
ξ_box,[31.0; 21.0; 22.0; 22.0; 7.0; 6.0; 10.0; 1.0; 6.0; 25.0; 21.0; 18.0; 21.0; 21.0; 21.0;;]
