first,second
s_box,[11.0 20.0 0.0 5.0 17.0; 0.0 0.0 0.0 0.0 0.0; 0.0 0.0 0.0 0.0 0.0; 0.0 0.0 0.0 0.0 0.0; 0.0 2.0 0.0 0.0 0.0; 0.0 0.0 0.0 1.0 9.0; 0.0 11.0 25.0 13.0 12.0; 0.0 28.0 7.0 14.0 0.0; 0.0 0.0 0.0 15.0 0.0; 11.0 9.0 18.0 13.0 22.0; 18.0 5.0 18.0 14.0 0.0; 15.0 1.0 6.0 2.0 0.0; 14.0 0.0 0.0 0.0 14.0; 2.0 0.0 2.0 0.0 2.0; 6.0 0.0 0.0 0.0 0.0]
x_pb,"[43.0, 33.0, -0.0, -0.0]"
s_bb,[-0.0 28.0 -0.0 21.0 -0.0; -0.0 11.0 -0.0 -0.0 -0.0; -0.0 -0.0 -0.0 -0.0 -0.0; -0.0 -0.0 -0.0 -0.0 -0.0; -0.0 -0.0 2.0 -0.0 -0.0; -0.0 17.0 -0.0 21.0 -0.0; -0.0 -0.0 -0.0 16.0 11.0; 18.0 7.0 28.0 -0.0 -0.0; -0.0 -0.0 20.0 -0.0 20.0; -0.0 -0.0 -0.0 -0.0 -0.0; 18.0 18.0 -0.0 -0.0 -0.0; -0.0 -0.0 -0.0 -0.0 -0.0; 3.0 -0.0 -0.0 -0.0 -0.0; -0.0 -0.0 -0.0 -0.0 -0.0; -0.0 -0.0 -0.0 -0.0 -0.0]
partition_bb,"[[[0.0, 0.0, 0.0, 0.0, 0.0, 0.0, 0.0, 0.0, 7.0, 18.0, 18.0, 6.0, 3.0, 0.0, 0.0], [0.0, 0.0, 0.0, 0.0, 0.0, 0.0, 3.0, 18.0, 10.0, 18.0, 18.0, 6.0, 3.0, 0.0, 0.0], [18.0, 5.0, 2.0, 0.0, 0.0, 0.0, 0.0, 0.0, 0.0, 4.0, 18.0, 6.0, 3.0, 0.0, 0.0]], [[29.0, 16.0, 13.0, 10.0, 10.0, 0.0, 0.0, 0.0, 0.0, 0.0, 0.0, 0.0, 0.0, 0.0, 0.0], [0.0, 0.0, 0.0, 0.0, 0.0, 17.0, 22.0, 7.0, 2.0, 4.0, 18.0, 6.0, 3.0, 0.0, 0.0]], [[20.0, 7.0, 4.0, 1.0, 1.0, 0.0, 0.0, 12.0, 20.0, 9.0, 0.0, 0.0, 0.0, 0.0, 0.0], [16.0, 3.0, 0.0, 0.0, 0.0, 16.0, 11.0, 10.0, 18.0, 7.0, 0.0, 0.0, 0.0, 0.0, 0.0]], [[0.0, 0.0, 0.0, 1.0, 2.0, 9.0, 13.0, 28.0, 20.0, 9.0, 0.0, 0.0, 0.0, 0.0, 0.0]], [[21.0, 8.0, 5.0, 2.0, 3.0, 21.0, 16.0, 2.0, 0.0, 0.0, 0.0, 0.0, 0.0, 0.0, 0.0]]]"
y_box,[18.0 16.0 17.0 13.0 0.0 0.0 0.0 0.0 0.0 0.0 0.0 0.0 0.0 0.0 0.0; 0.0 0.0 0.0 0.0 12.0 0.0 0.0 0.0 0.0 0.0 0.0 0.0 0.0 0.0 0.0; 0.0 0.0 0.0 0.0 0.0 0.0 0.0 0.0 0.0 0.0 0.0 0.0 0.0 0.0 0.0; 0.0 0.0 0.0 0.0 0.0 0.0 0.0 0.0 0.0 0.0 0.0 0.0 0.0 0.0 0.0;;; 0.0 7.0 4.0 1.0 0.0 19.0 13.0 0.0 20.0 0.0 0.0 0.0 0.0 0.0 0.0; 0.0 0.0 0.0 0.0 0.0 0.0 0.0 0.0 0.0 0.0 12.0 0.0 0.0 0.0 0.0; 0.0 0.0 0.0 0.0 0.0 0.0 0.0 0.0 0.0 0.0 0.0 0.0 0.0 0.0 0.0; 0.0 0.0 0.0 0.0 0.0 0.0 0.0 0.0 0.0 0.0 0.0 0.0 0.0 0.0 0.0;;; 21.0 8.0 5.0 2.0 6.0 15.0 0.0 0.0 7.0 0.0 0.0 0.0 0.0 0.0 0.0; 0.0 0.0 0.0 0.0 0.0 6.0 0.0 3.0 0.0 0.0 0.0 0.0 3.0 0.0 0.0; 0.0 0.0 0.0 0.0 0.0 0.0 0.0 0.0 0.0 0.0 0.0 0.0 0.0 0.0 0.0; 0.0 0.0 0.0 0.0 0.0 0.0 0.0 0.0 0.0 0.0 0.0 0.0 0.0 0.0 0.0;;; 8.0 11.0 14.0 16.0 15.0 0.0 0.0 0.0 0.0 0.0 0.0 0.0 0.0 0.0 0.0; 0.0 0.0 0.0 0.0 0.0 12.0 0.0 0.0 0.0 0.0 0.0 0.0 0.0 0.0 0.0; 0.0 0.0 0.0 0.0 0.0 0.0 0.0 0.0 0.0 0.0 0.0 0.0 0.0 0.0 0.0; 0.0 0.0 0.0 0.0 0.0 0.0 0.0 0.0 0.0 0.0 0.0 0.0 0.0 0.0 0.0;;; 0.0 4.0 0.0 0.0 0.0 7.0 0.0 19.0 16.0 0.0 18.0 0.0 0.0 0.0 0.0; 0.0 0.0 0.0 0.0 0.0 0.0 1.0 0.0 0.0 0.0 0.0 11.0 0.0 0.0 0.0; 0.0 0.0 0.0 0.0 0.0 0.0 0.0 0.0 0.0 0.0 0.0 0.0 0.0 0.0 0.0; 0.0 0.0 0.0 0.0 0.0 0.0 0.0 0.0 0.0 0.0 0.0 0.0 0.0 0.0 0.0]
evol_bb,Vector{Float64}[]
y_bb,[-0.0 5.0 -0.0 -0.0 -0.0 -0.0 -0.0 -0.0 10.0 -0.0 -0.0 -0.0 -0.0 -0.0 -0.0; -0.0 -0.0 -0.0 -0.0 -0.0 -0.0 -0.0 -0.0 -0.0 8.0 -0.0 -0.0 -0.0 -0.0 -0.0; -0.0 -0.0 2.0 -0.0 -0.0 -0.0 -0.0 -0.0 -0.0 10.0 -0.0 -0.0 -0.0 -0.0 -0.0; 18.0 -0.0 -0.0 -0.0 -0.0 -0.0 3.0 -0.0 -0.0 -0.0 -0.0 6.0 -0.0 -0.0 -0.0;;; 1.0 -0.0 -0.0 -0.0 -0.0 -0.0 14.0 -0.0 -0.0 -0.0 -0.0 -0.0 -0.0 -0.0 -0.0; -0.0 4.0 -0.0 10.0 -0.0 -0.0 -0.0 -0.0 2.0 -0.0 -0.0 6.0 -0.0 -0.0 -0.0; -0.0 -0.0 -0.0 -0.0 -0.0 -0.0 8.0 -0.0 -0.0 4.0 -0.0 -0.0 -0.0 -0.0 -0.0; -0.0 1.0 13.0 -0.0 10.0 -0.0 -0.0 -0.0 -0.0 -0.0 -0.0 -0.0 3.0 -0.0 -0.0;;; -0.0 -0.0 -0.0 1.0 -0.0 -0.0 -0.0 5.0 -0.0 9.0 -0.0 -0.0 -0.0 -0.0 -0.0; -0.0 -0.0 -0.0 -0.0 -0.0 9.0 13.0 -0.0 -0.0 -0.0 -0.0 -0.0 -0.0 -0.0 -0.0; -0.0 -0.0 -0.0 -0.0 -0.0 -0.0 -0.0 12.0 -0.0 -0.0 -0.0 -0.0 -0.0 -0.0 -0.0; -0.0 -0.0 -0.0 -0.0 -0.0 -0.0 -0.0 -0.0 -0.0 -0.0 -0.0 -0.0 -0.0 -0.0 -0.0;;; -0.0 8.0 -0.0 -0.0 -0.0 -0.0 -0.0 -0.0 -0.0 -0.0 -0.0 -0.0 -0.0 -0.0 -0.0; -0.0 -0.0 5.0 -0.0 3.0 -0.0 -0.0 2.0 -0.0 -0.0 -0.0 -0.0 -0.0 -0.0 -0.0; -0.0 -0.0 -0.0 2.0 -0.0 -0.0 -0.0 -0.0 -0.0 -0.0 -0.0 -0.0 -0.0 -0.0 -0.0; -0.0 -0.0 -0.0 -0.0 -0.0 -0.0 -0.0 -0.0 -0.0 -0.0 -0.0 -0.0 -0.0 -0.0 -0.0;;; 15.0 -0.0 -0.0 -0.0 -0.0 -0.0 -0.0 -0.0 -0.0 -0.0 -0.0 -0.0 -0.0 -0.0 -0.0; 1.0 7.0 4.0 -0.0 1.0 -0.0 -0.0 -0.0 -0.0 9.0 -0.0 -0.0 -0.0 -0.0 -0.0; -0.0 -0.0 -0.0 -0.0 -0.0 -0.0 -0.0 12.0 -0.0 -0.0 -0.0 -0.0 -0.0 -0.0 -0.0; 10.0 -0.0 -0.0 1.0 -0.0 16.0 -0.0 -0.0 -0.0 -0.0 -0.0 -0.0 -0.0 -0.0 -0.0]
evol_box,"[[0.408, 0.0], [1.958, 211706.55304261143], [2.061, 634585.7956286493], [2.12, 634585.7956286493], [2.177, 634585.7956286493], [2.304, 634585.7956286493], [2.419, 634585.7956286493], [2.741, 2.848132206171035e6], [6.138, 3.6911336610591016e6], [8.578, 3.691261094387869e6], [11.313, 3.691275877205197e6], [14.756, 3.902097538506544e6], [18.636, 4.112829343979217e6], [23.885, 4.218996347148541e6], [30.391, 4.429563720260034e6], [42.124, 4.745561761254928e6], [48.381, 4.745561761254928e6], [55.355, 4.957032475690504e6], [63.065, 5.378824601206323e6], [72.933, 5.589382365291675e6], [102.834, 5.905174698031431e6], [119.329, 6.010857860087102e6], [149.218, 6.327431226007363e6], [567.86, 6.32751931932932e6], [646.718, 6.643610205126819e6], [706.184, 7.065169966136898e6], [792.195, 7.1710444606207e6], [958.442, 7.486978451366826e6], [1100.515, 7.69815981022287e6], [1227.028, 7.908481214768198e6], [1980.07, 8.014101521091013e6], [3600.03, 8.11943488020133e6]]"
y_pb,[[-0.0 22.0 21.0 -0.0 -0.0 -0.0 -0.0 -0.0 -0.0 -0.0 -0.0 -0.0 -0.0 -0.0 -0.0; -0.0 -0.0 -0.0 -0.0 6.0 27.0 -0.0 -0.0 -0.0 -0.0 -0.0 -0.0 -0.0 -0.0 -0.0; -0.0 -0.0 -0.0 -0.0 -0.0 -0.0 -0.0 -0.0 -0.0 -0.0 0.0 -0.0 -0.0 -0.0 -0.0; -0.0 -0.0 -0.0 -0.0 -0.0 -0.0 -0.0 -0.0 -0.0 -0.0 0.0 -0.0 -0.0 -0.0 -0.0;;;]]
x_bb,"[15.0, 22.0, 12.0, 27.0]"
x_box,"[64.0, 12.0, 0.0, 0.0]"
evol_zeta,"[[1.637, 28.600000000000016], [2.042, 27.142857142857142], [2.097, 20.75], [2.144, 20.0], [2.231, 18.0], [2.329, 18.0], [2.48, 18.0], [2.795, 18.0], [6.186, 18.0], [8.645, 16.285714285714292], [11.433, 14.714285714285715], [14.825, 15.874999999999986], [18.678, 16.77777777777778], [23.949, 16.0], [30.456, 14.857142857142858], [42.258, 14.375000000000021], [48.48, 13.444444444444445], [55.425, 13.199999999999996], [63.154, 14.222222223744446], [73.048, 12.624999999999988], [102.925, 12.5], [119.441, 12.571428572785713], [149.342, 12.0], [567.96, 12.428571428571429], [646.786, 13.0], [706.352, 11.625], [792.309, 11.714285714285717], [958.548, 11.200000001220005], [1100.624, 11.0], [1227.138, 11.0], [1980.211, 11.75], [3600.044, 0.0]]"
ξ_box,[29.0 20.0 21.0 13.0 17.0; 16.0 7.0 8.0 11.0 4.0; 17.0 4.0 5.0 14.0 0.0; 13.0 1.0 2.0 16.0 0.0; 12.0 2.0 3.0 15.0 -0.0; -0.0 19.0 21.0 13.0 16.0; -0.0 24.0 25.0 13.0 13.0; -0.0 28.0 10.0 14.0 19.0; -0.0 20.0 7.0 15.0 16.0; 11.0 9.0 18.0 13.0 22.0; 18.0 17.0 18.0 14.0 18.0; 15.0 1.0 6.0 2.0 11.0; 14.0 0.0 3.0 0.0 14.0; 2.0 0.0 2.0 0.0 2.0; 6.0 -0.0 -0.0 -0.0 -0.0]
