first,second
s_box,[16.0 0.0 18.0 0.0 21.0; 5.0 20.0 13.0 0.0 12.0; 0.0 17.0 17.0 3.0 15.0; 11.0 14.0 0.0 0.0 9.0; 15.0 8.0 0.0 13.0 5.0; 16.0 0.0 0.0 18.0 0.0; 0.0 0.0 24.0 0.0 0.0; 24.0 0.0 0.0 18.0 17.0; 3.0 0.0 0.0 0.0 7.0; 0.0 20.0 0.0 0.0 5.0; 0.0 7.0 0.0 9.0 0.0; 0.0 4.0 3.0 0.0 0.0; 0.0 0.0 13.0 17.0 0.0; 0.0 0.0 2.0 12.0 0.0; 0.0 0.0 0.0 0.0 0.0]
x_pb,"[-0.0, -0.0, 41.0, 42.0]"
s_bb,[-0.0 21.0 -0.0 -0.0 -0.0; 20.0 10.0 -0.0 -0.0 -0.0; 13.0 7.0 -0.0 -0.0 -0.0; 11.0 5.0 -0.0 -0.0 -0.0; -0.0 9.0 -0.0 -0.0 -0.0; 16.0 13.0 -0.0 3.0 -0.0; 19.0 16.0 -0.0 -0.0 -0.0; -0.0 25.0 -0.0 1.0 -0.0; -0.0 15.0 -0.0 -0.0 -0.0; 17.0 5.0 -0.0 -0.0 -0.0; 11.0 -0.0 -0.0 -0.0 -0.0; -0.0 -0.0 2.0 -0.0 -0.0; -0.0 -0.0 -0.0 -0.0 -0.0; -0.0 0.0 -0.0 -0.0 -0.0; -0.0 0.0 -0.0 -0.0 -0.0]
partition_bb,"[[[31.0, 20.0, 17.0, 11.0, 7.0, 1.0, 0.0, 0.0, 0.0, 0.0, 0.0, 0.0, 0.0, 0.0, 0.0], [0.0, 0.0, 2.0, 8.0, 12.0, 16.0, 19.0, 9.0, 19.0, 0.0, 0.0, 0.0, 0.0, 0.0, 0.0], [0.0, 0.0, 0.0, 6.0, 10.0, 14.0, 17.0, 0.0, 0.0, 17.0, 11.0, 8.0, 0.0, 0.0, 0.0]], [[21.0, 10.0, 7.0, 1.0, 0.0, 0.0, 0.0, 0.0, 2.0, 21.0, 15.0, 12.0, 2.0, 0.0, 0.0], [0.0, 0.0, 0.0, 1.0, 5.0, 0.0, 0.0, 18.0, 8.0, 0.0, 4.0, 7.0, 17.0, 12.0, 11.0], [0.0, 0.0, 0.0, 5.0, 9.0, 13.0, 16.0, 25.0, 15.0, 1.0, 0.0, 0.0, 0.0, 0.0, 0.0]], [[0.0, 0.0, 0.0, 0.0, 0.0, 0.0, 0.0, 23.0, 33.0, 14.0, 8.0, 7.0, 0.0, 0.0, 0.0]], [[0.0, 4.0, 7.0, 13.0, 17.0, 21.0, 24.0, 1.0, 0.0, 0.0, 0.0, 0.0, 0.0, 0.0, 0.0]], [[23.0, 12.0, 9.0, 3.0, 0.0, 0.0, 0.0, 23.0, 13.0, 0.0, 0.0, 0.0, 0.0, 0.0, 0.0]]]"
y_box,[0.0 0.0 0.0 0.0 0.0 0.0 0.0 0.0 0.0 0.0 0.0 0.0 0.0 0.0 0.0; 0.0 0.0 0.0 0.0 0.0 0.0 0.0 0.0 0.0 0.0 0.0 0.0 0.0 0.0 0.0; 0.0 0.0 5.0 0.0 0.0 0.0 19.0 0.0 0.0 11.0 8.0 0.0 0.0 0.0 0.0; 0.0 0.0 0.0 0.0 0.0 0.0 0.0 0.0 30.0 3.0 0.0 7.0 0.0 0.0 0.0;;; 0.0 0.0 0.0 0.0 0.0 0.0 0.0 0.0 0.0 0.0 0.0 0.0 0.0 0.0 0.0; 0.0 0.0 0.0 0.0 0.0 0.0 0.0 0.0 0.0 0.0 0.0 0.0 0.0 0.0 0.0; 28.0 0.0 0.0 0.0 4.0 6.0 5.0 0.0 0.0 0.0 0.0 0.0 0.0 0.0 0.0; 3.0 0.0 0.0 0.0 0.0 0.0 0.0 23.0 13.0 0.0 0.0 0.0 0.0 0.0 0.0;;; 0.0 0.0 0.0 0.0 0.0 0.0 0.0 0.0 0.0 0.0 0.0 0.0 0.0 0.0 0.0; 0.0 0.0 0.0 0.0 0.0 0.0 0.0 0.0 0.0 0.0 0.0 0.0 0.0 0.0 0.0; 0.0 0.0 0.0 14.0 4.0 21.0 0.0 0.0 4.0 0.0 0.0 0.0 0.0 0.0 0.0; 0.0 0.0 0.0 0.0 15.0 0.0 0.0 3.0 9.0 0.0 0.0 0.0 0.0 6.0 7.0;;; 0.0 0.0 0.0 0.0 0.0 0.0 0.0 0.0 0.0 0.0 0.0 0.0 0.0 0.0 0.0; 0.0 0.0 0.0 0.0 0.0 0.0 0.0 0.0 0.0 0.0 0.0 0.0 0.0 0.0 0.0; 0.0 0.0 0.0 9.0 0.0 0.0 15.0 0.0 8.0 0.0 0.0 0.0 0.0 0.0 11.0; 0.0 0.0 0.0 0.0 0.0 0.0 0.0 0.0 16.0 16.0 1.0 7.0 0.0 0.0 0.0;;; 0.0 0.0 0.0 0.0 0.0 0.0 0.0 0.0 0.0 0.0 0.0 0.0 0.0 0.0 0.0; 0.0 0.0 0.0 0.0 0.0 0.0 0.0 0.0 0.0 0.0 0.0 0.0 0.0 0.0 0.0; 0.0 0.0 0.0 0.0 0.0 0.0 0.0 0.0 0.0 16.0 15.0 12.0 0.0 0.0 0.0; 0.0 0.0 0.0 0.0 0.0 0.0 0.0 0.0 0.0 0.0 0.0 0.0 17.0 12.0 11.0]
evol_bb,Vector{Float64}[]
y_bb,[-0.0 0.0 -0.0 -0.0 -0.0 -0.0 -0.0 0.0 0.0 -0.0 -0.0 -0.0 -0.0 -0.0 -0.0; -0.0 -0.0 -0.0 -0.0 -0.0 -0.0 -0.0 -0.0 -0.0 -0.0 -0.0 0.0 -0.0 -0.0 -0.0; 31.0 -0.0 4.0 0.0 0.0 -0.0 -0.0 -0.0 0.0 -0.0 0.0 8.0 -0.0 -0.0 -0.0; 0.0 -0.0 -0.0 -0.0 12.0 -0.0 -0.0 9.0 19.0 -0.0 -0.0 0.0 -0.0 -0.0 -0.0;;; 0.0 0.0 -0.0 -0.0 -0.0 -0.0 -0.0 -0.0 -0.0 -0.0 -0.0 -0.0 -0.0 -0.0 -0.0; -0.0 -0.0 0.0 0.0 -0.0 -0.0 0.0 0.0 -0.0 -0.0 -0.0 -0.0 -0.0 -0.0 -0.0; -0.0 -0.0 -0.0 -0.0 -0.0 -0.0 -0.0 -0.0 -0.0 16.0 15.0 12.0 0.0 -0.0 -0.0; -0.0 -0.0 -0.0 -0.0 -0.0 -0.0 -0.0 -0.0 -0.0 -0.0 -0.0 -0.0 17.0 12.0 11.0;;; -0.0 -0.0 -0.0 -0.0 -0.0 -0.0 -0.0 0.0 -0.0 -0.0 -0.0 -0.0 -0.0 -0.0 -0.0; -0.0 -0.0 -0.0 -0.0 -0.0 -0.0 -0.0 -0.0 -0.0 -0.0 -0.0 -0.0 -0.0 -0.0 -0.0; -0.0 -0.0 -0.0 -0.0 -0.0 -0.0 -0.0 -0.0 33.0 0.0 8.0 2.0 -0.0 -0.0 -0.0; -0.0 -0.0 -0.0 -0.0 -0.0 -0.0 -0.0 23.0 0.0 14.0 0.0 3.0 -0.0 -0.0 -0.0;;; -0.0 -0.0 -0.0 -0.0 -0.0 0.0 0.0 -0.0 -0.0 -0.0 -0.0 -0.0 -0.0 -0.0 -0.0; -0.0 -0.0 -0.0 -0.0 -0.0 -0.0 0.0 -0.0 -0.0 -0.0 -0.0 -0.0 -0.0 -0.0 -0.0; -0.0 4.0 7.0 13.0 17.0 2.0 -0.0 0.0 -0.0 -0.0 -0.0 -0.0 -0.0 -0.0 -0.0; -0.0 0.0 0.0 0.0 0.0 16.0 24.0 -0.0 -0.0 -0.0 -0.0 -0.0 -0.0 -0.0 -0.0;;; 0.0 0.0 0.0 0.0 -0.0 -0.0 -0.0 0.0 -0.0 -0.0 -0.0 -0.0 -0.0 -0.0 -0.0; -0.0 -0.0 0.0 -0.0 -0.0 -0.0 -0.0 -0.0 -0.0 -0.0 -0.0 -0.0 -0.0 -0.0 -0.0; 23.0 12.0 -0.0 3.0 -0.0 -0.0 -0.0 -0.0 5.0 -0.0 -0.0 -0.0 -0.0 -0.0 -0.0; -0.0 -0.0 9.0 -0.0 -0.0 -0.0 -0.0 23.0 8.0 -0.0 -0.0 -0.0 -0.0 -0.0 -0.0]
evol_box,"[[0.472, 0.0], [2.049, 243342.8842086802], [2.169, 484077.4128434698], [2.238, 484569.7969219705], [2.286, 484569.79692197044], [2.584, 965816.8371169763], [3.529, 3.7381616410094053e6], [4.89, 4.822338815755931e6], [7.865, 5.906132525345761e6], [10.536, 5.906132525345782e6], [13.386, 5.906132525345782e6], [17.544, 5.906132525345782e6], [22.228, 6.629158580455979e6], [28.872, 6.7502588347434765e6], [35.226, 6.750258834743476e6], [43.589, 6.9905502978632115e6], [55.936, 7.594226593236051e6], [68.116, 7.83513824960999e6], [82.169, 8.075115648591327e6], [101.511, 8.316958875405312e6], [121.265, 8.677725638629848e6], [151.393, 8.677725638629925e6], [192.078, 8.798468492190205e6], [220.221, 9.522079816193782e6], [779.035, 9.52223105899794e6], [858.692, 9.52223105899794e6], [937.471, 9.641702441659166e6], [1283.04, 9.642587422488507e6], [1406.363, 1.0003231827663532e7], [2649.521, 1.0245079872890368e7], [2888.313, 1.0365581625220947e7], [3174.319, 1.0365591495328024e7], [3524.13, 1.0605930964386862e7], [3600.018, 1.0967282314771332e7]]"
y_pb,[[-0.0 -0.0 0.0 -0.0 -0.0 -0.0 -0.0 -0.0 -0.0 -0.0 -0.0 -0.0 -0.0 -0.0 -0.0; -0.0 -0.0 -0.0 -0.0 -0.0 -0.0 -0.0 0.0 -0.0 -0.0 -0.0 -0.0 -0.0 -0.0 -0.0; -0.0 -0.0 -0.0 -0.0 -0.0 -0.0 -0.0 -0.0 -0.0 14.0 15.0 12.0 -0.0 -0.0 -0.0; -0.0 -0.0 -0.0 -0.0 -0.0 -0.0 -0.0 -0.0 -0.0 -0.0 -0.0 -0.0 17.0 12.0 13.0;;;]]
x_bb,"[0.0, 0.0, 43.0, 40.0]"
x_box,"[0.0, 0.0, 43.0, 40.0]"
evol_zeta,"[[1.705, 32.6], [2.136, 30.33333333333333], [2.185, 23.42857142857141], [2.252, 23.0], [2.31, 20.11111111111111], [2.618, 18.71428571428571], [3.56, 17.71428571615715], [4.96, 16.999999999999993], [7.899, 16.625], [10.591, 15.444444444444445], [13.436, 15.375], [17.618, 15.0], [22.294, 14.624999999999986], [28.948, 15.25], [35.299, 14.571428572985717], [43.689, 14.375], [56.013, 15.2], [68.204, 13.600000000000001], [82.219, 14.2], [101.585, 13.222222222222221], [121.356, 12.818181818181818], [151.514, 12.90909090909091], [192.186, 12.4], [220.292, 13.22222222222222], [779.145, 12.70000000137], [858.799, 12.090909092218183], [937.546, 12.727272727272672], [1283.142, 12.090909090909088], [1406.467, 11.88888888888889], [2649.627, 12.166666666666668], [2888.43, 11.666666666666668], [3174.439, 11.416666666666668], [3524.253, 12.0], [3600.04, 0.0]]"
ξ_box,[16.0 31.0 18.0 0.0 21.0; 5.0 20.0 13.0 0.0 12.0; 5.0 17.0 16.0 3.0 15.0; 11.0 14.0 14.0 9.0 9.0; 15.0 12.0 17.0 13.0 5.0; 16.0 6.0 21.0 18.0 -0.0; 19.0 5.0 24.0 15.0 -0.0; 24.0 23.0 3.0 18.0 17.0; 33.0 13.0 13.0 24.0 7.0; 14.0 13.0 -0.0 16.0 21.0; 8.0 7.0 -0.0 10.0 15.0; 7.0 4.0 3.0 7.0 12.0; 0.0 0.0 13.0 17.0 17.0; 0.0 0.0 8.0 12.0 12.0; 0.0 0.0 7.0 11.0 11.0]
