first,second
s_box,[0.0 0.0 0.0 10.0; 0.0 0.0 0.0 0.0; 0.0 0.0 0.0 13.0; 10.0 1.0 0.0 14.0; 8.0 0.0 2.0 0.0; 15.0 14.0 18.0 5.0; 18.0 20.0 21.0 13.0; 0.0 9.0 0.0 9.0; 3.0 10.0 0.0 0.0; 14.0 0.0 0.0 0.0; 7.0 0.0 0.0 0.0; 4.0 0.0 4.0 0.0; 0.0 0.0 19.0 14.0; 0.0 24.0 14.0 0.0; 12.0 12.0 12.0 12.0]
x_pb,"[26.0, 48.0, -0.0, -0.0]"
s_bb,[0.0 -0.0 -0.0 -0.0; 0.0 -0.0 -0.0 -0.0; 17.0 -0.0 -0.0 -0.0; 17.0 -0.0 -0.0 -0.0; 19.0 -0.0 -0.0 -0.0; 23.0 -0.0 -0.0 -0.0; 23.0 -0.0 -0.0 -0.0; 0.0 -0.0 -0.0 -0.0; 0.0 -0.0 -0.0 -0.0; 12.0 -0.0 -0.0 -0.0; 7.0 -0.0 -0.0 -0.0; 5.0 -0.0 -0.0 -0.0; 23.0 -0.0 -0.0 -0.0; 24.0 -0.0 -0.0 -0.0; 12.0 -0.0 -0.0 -0.0]
partition_bb,"[[[0.0, 0.0, 0.0, 2.0, 3.0, 6.0, 18.0, 25.0, 11.0, 9.0, 4.0, 1.0, 0.0, 0.0, 0.0], [0.0, 0.0, 0.0, 0.0, 0.0, 0.0, 0.0, 0.0, 0.0, 0.0, 0.0, 0.0, 18.0, 24.0, 12.0], [11.0, 15.0, 17.0, 13.0, 14.0, 5.0, 0.0, 0.0, 0.0, 0.0, 0.0, 0.0, 0.0, 0.0, 0.0], [2.0, 6.0, 8.0, 8.0, 14.0, 23.0, 11.0, 4.0, 0.0, 0.0, 0.0, 0.0, 0.0, 0.0, 0.0], [8.0, 8.0, 6.0, 3.0, 0.0, 0.0, 0.0, 1.0, 15.0, 17.0, 7.0, 5.0, 0.0, 0.0, 4.0], [0.0, 0.0, 0.0, 0.0, 0.0, 0.0, 0.0, 5.0, 3.0, 5.0, 7.0, 5.0, 23.0, 17.0, 9.0], [0.0, 2.0, 3.0, 4.0, 8.0, 11.0, 23.0, 16.0, 6.0, 4.0, 0.0, 0.0, 0.0, 0.0, 0.0], [7.0, 11.0, 13.0, 13.0, 19.0, 10.0, 4.0, 0.0, 0.0, 0.0, 0.0, 0.0, 0.0, 0.0, 0.0], [11.0, 12.0, 13.0, 17.0, 11.0, 2.0, 0.0, 0.0, 0.0, 0.0, 4.0, 4.0, 0.0, 0.0, 0.0], [4.0, 0.0, 0.0, 0.0, 0.0, 0.0, 4.0, 4.0, 18.0, 17.0, 7.0, 5.0, 0.0, 3.0, 12.0]], Vector{Float64}[], Vector{Float64}[], Vector{Float64}[]]"
y_box,[11.0 15.0 14.0 0.0 0.0 0.0 0.0 0.0 0.0 0.0 0.0 0.0 0.0 0.0 0.0; 0.0 0.0 0.0 0.0 0.0 0.0 0.0 25.0 9.0 0.0 0.0 0.0 0.0 0.0 0.0; 0.0 0.0 0.0 0.0 0.0 0.0 0.0 0.0 0.0 0.0 0.0 0.0 0.0 0.0 0.0; 0.0 0.0 0.0 0.0 0.0 0.0 0.0 0.0 0.0 0.0 0.0 0.0 0.0 0.0 0.0;;; 11.0 7.0 6.0 9.0 5.0 0.0 0.0 0.0 0.0 0.0 2.0 0.0 0.0 0.0 0.0; 0.0 0.0 0.0 0.0 0.0 0.0 0.0 4.0 0.0 12.0 0.0 0.0 18.0 0.0 0.0; 0.0 0.0 0.0 0.0 0.0 0.0 0.0 0.0 0.0 0.0 0.0 0.0 0.0 0.0 0.0; 0.0 0.0 0.0 0.0 0.0 0.0 0.0 0.0 0.0 0.0 0.0 0.0 0.0 0.0 0.0;;; 0.0 1.0 3.0 3.0 7.0 0.0 0.0 19.0 0.0 0.0 7.0 0.0 0.0 0.0 0.0; 0.0 0.0 0.0 0.0 0.0 0.0 0.0 2.0 15.0 17.0 0.0 0.0 0.0 0.0 0.0; 0.0 0.0 0.0 0.0 0.0 0.0 0.0 0.0 0.0 0.0 0.0 0.0 0.0 0.0 0.0; 0.0 0.0 0.0 0.0 0.0 0.0 0.0 0.0 0.0 0.0 0.0 0.0 0.0 0.0 0.0;;; 1.0 15.0 0.0 0.0 19.0 5.0 0.0 0.0 0.0 0.0 0.0 0.0 0.0 0.0 0.0; 0.0 0.0 0.0 0.0 0.0 0.0 1.0 2.0 9.0 10.0 0.0 0.0 0.0 12.0 0.0; 0.0 0.0 0.0 0.0 0.0 0.0 0.0 0.0 0.0 0.0 0.0 0.0 0.0 0.0 0.0; 0.0 0.0 0.0 0.0 0.0 0.0 0.0 0.0 0.0 0.0 0.0 0.0 0.0 0.0 0.0]
evol_bb,"[[1254.614, 1.9879581681345098e7]]"
y_bb,[11.0 15.0 0.0 0.0 0.0 -0.0 -0.0 -0.0 -0.0 -0.0 -0.0 -0.0 -0.0 -0.0 -0.0; -0.0 -0.0 -0.0 -0.0 -0.0 0.0 0.0 25.0 18.0 5.0 -0.0 -0.0 -0.0 -0.0 -0.0; -0.0 -0.0 -0.0 -0.0 -0.0 -0.0 -0.0 -0.0 -0.0 -0.0 0.0 0.0 -0.0 -0.0 -0.0; -0.0 -0.0 -0.0 -0.0 -0.0 -0.0 -0.0 -0.0 -0.0 -0.0 -0.0 -0.0 0.0 0.0 0.0;;; -0.0 -0.0 -0.0 -0.0 -0.0 -0.0 -0.0 -0.0 -0.0 -0.0 -0.0 -0.0 -0.0 -0.0 -0.0; -0.0 -0.0 -0.0 -0.0 -0.0 -0.0 -0.0 -0.0 -0.0 -0.0 -0.0 -0.0 -0.0 -0.0 -0.0; -0.0 -0.0 -0.0 -0.0 -0.0 -0.0 -0.0 -0.0 -0.0 -0.0 -0.0 -0.0 -0.0 -0.0 -0.0; -0.0 -0.0 -0.0 -0.0 -0.0 -0.0 -0.0 -0.0 -0.0 -0.0 -0.0 -0.0 -0.0 -0.0 -0.0;;; -0.0 -0.0 -0.0 -0.0 -0.0 -0.0 -0.0 -0.0 -0.0 -0.0 -0.0 -0.0 -0.0 -0.0 -0.0; -0.0 -0.0 -0.0 -0.0 -0.0 -0.0 -0.0 -0.0 -0.0 -0.0 -0.0 -0.0 -0.0 -0.0 -0.0; -0.0 -0.0 -0.0 -0.0 -0.0 -0.0 -0.0 -0.0 -0.0 -0.0 -0.0 -0.0 -0.0 -0.0 -0.0; -0.0 -0.0 -0.0 -0.0 -0.0 -0.0 -0.0 -0.0 -0.0 -0.0 -0.0 -0.0 -0.0 -0.0 -0.0;;; -0.0 -0.0 -0.0 -0.0 -0.0 -0.0 -0.0 -0.0 -0.0 -0.0 -0.0 -0.0 -0.0 -0.0 -0.0; -0.0 -0.0 -0.0 -0.0 -0.0 -0.0 -0.0 -0.0 -0.0 -0.0 -0.0 -0.0 -0.0 -0.0 -0.0; -0.0 -0.0 -0.0 -0.0 -0.0 -0.0 -0.0 -0.0 -0.0 -0.0 -0.0 -0.0 -0.0 -0.0 -0.0; -0.0 -0.0 -0.0 -0.0 -0.0 -0.0 -0.0 -0.0 -0.0 -0.0 -0.0 -0.0 -0.0 -0.0 -0.0]
evol_box,"[[0.475, 0.0], [2.072, 547072.5612464055], [2.179, 547072.5612464055], [2.233, 547072.5612464055], [2.325, 547072.5612464055], [2.657, 2.186206348020377e6], [3.185, 2.295196058867809e6], [4.038, 4.042510554096903e6], [5.29, 4.0425105540969046e6], [9.118, 4.806740147336552e6], [15.378, 4.806740147336552e6], [19.496, 6.0081961167971315e6], [25.053, 6.008260779053322e6], [29.238, 6.008526787466823e6], [35.725, 6.008532647116589e6], [42.044, 6.2266420912247095e6], [44.751, 6.445108382664953e6], [53.842, 6.663569874086994e6], [61.727, 6.882003197932227e6], [75.548, 7.318889428647807e6], [88.875, 7.428115128572099e6], [106.143, 7.755981362419569e6], [126.928, 7.86497931566243e6], [142.565, 8.083526859308362e6], [165.845, 8.192603302135831e6], [195.387, 8.301822843778312e6], [222.452, 8.520255763338277e6], [252.363, 8.629470897420235e6], [289.283, 8.629541417128038e6], [344.433, 8.738766439308077e6], [377.732, 8.739027789674945e6], [444.651, 8.957170079982143e6], [529.646, 8.957473995289218e6], [626.638, 9.06648696577856e6], [731.515, 9.175823148464007e6], [852.35, 9.175772951247023e6], [1047.003, 9.284908280634891e6], [1207.402, 9.284924246764403e6], [1391.635, 9.394120052553825e6], [1632.56, 9.50329277681867e6], [1899.398, 9.612487453600489e6], [2224.418, 9.612616682114858e6], [2826.335, 9.61279680197303e6], [3244.678, 9.72186877818665e6], [3600.022, 9.940175896074837e6]]"
y_pb,[[11.0 15.0 -0.0 -0.0 -0.0 -0.0 -0.0 -0.0 -0.0 -0.0 -0.0 -0.0 -0.0 -0.0 -0.0; -0.0 -0.0 -0.0 -0.0 -0.0 -0.0 -0.0 24.999999999999996 18.0 5.0 -0.0 -0.0 -0.0 -0.0 -0.0; -0.0 -0.0 -0.0 -0.0 -0.0 -0.0 -0.0 -0.0 -0.0 -0.0 -0.0 0.0 -0.0 -0.0 -0.0; -0.0 -0.0 -0.0 -0.0 -0.0 -0.0 -0.0 -0.0 -0.0 -0.0 -0.0 -0.0 -0.0 -0.0 0.0;;;]]
x_bb,"[26.0, 48.0, 0.0, 0.0]"
x_box,"[40.0, 34.0, 0.0, 0.0]"
evol_zeta,"[[2.162, 24.0], [2.214, 18.625], [2.271, 18.000000000000004], [2.352, 15.4], [2.694, 14.25], [3.226, 14.0], [4.089, 14.000000000000004], [5.364, 13.428571428571429], [9.145, 14.0], [15.429, 13.11111111111111], [19.621, 11.0], [25.103, 12.0], [29.323, 12.0], [35.819, 11.749999999999998], [42.113, 12.0], [44.861, 11.11111111111111], [53.909, 11.0], [61.791, 11.555555555555536], [75.606, 10.999999999999979], [88.95, 10.272727272727272], [106.179, 10.285715770978562], [127.04, 10.699999999999978], [142.636, 10.700000000000001], [165.941, 10.000000000000085], [195.438, 9.666666666666666], [222.496, 11.33333333333333], [252.399, 10.0], [289.329, 9.625], [344.478, 9.333333333333332], [377.82, 8.666666666666666], [444.698, 10.000000000000007], [529.691, 9.999999999999964], [626.696, 9.0], [731.56, 9.0], [852.411, 8.88888888888889], [1047.051, 9.272727272727334], [1207.453, 9.59999999999988], [1391.682, 8.3], [1632.594, 8.0], [1899.452, 10.299999999999999], [2224.466, 8.222224110651894], [2826.408, 8.249999999999986], [3244.743, 10.8], [3600.038, 0.0]]"
ξ_box,[11.0 11.0 0.0 11.0; 15.0 7.0 1.0 15.0; 14.0 6.0 3.0 13.0; 10.0 10.0 3.0 14.0; 8.0 5.0 9.0 19.0; 15.0 14.0 18.0 10.0; 18.0 20.0 21.0 14.0; 25.0 13.0 19.0 11.0; 12.0 10.0 15.0 9.0; 14.0 12.0 17.0 10.0; 7.0 2.0 7.0 0.0; 4.0 -0.0 4.0 0.0; -0.0 18.0 19.0 14.0; -0.0 24.0 14.0 12.0; 12.0 12.0 12.0 12.0]
