first,second
s_box,[0.0 18.0 2.0 21.0; 27.0 13.0 0.0 0.0; 12.0 17.0 0.0 0.0; 13.0 11.0 15.0 0.0; 0.0 10.0 6.0 0.0; 0.0 1.0 2.0 0.0; 12.0 5.0 8.0 9.0; 14.0 0.0 18.0 19.0; 2.0 22.0 11.0 13.0; 0.0 0.0 7.0 13.0; 0.0 8.0 7.0 13.0; 0.0 0.0 12.0 18.0; 0.0 0.0 16.0 0.0; 12.0 0.0 2.0 0.0; 13.0 0.0 0.0 0.0]
x_pb,"[18.0, 15.0, -0.0, 42.0]"
s_bb,[32.0 -0.0 -0.0 -0.0; 29.0 -0.0 -0.0 -0.0; 0.0 -0.0 -0.0 -0.0; 0.0 -0.0 -0.0 -0.0; 10.0 -0.0 -0.0 -0.0; 2.0 -0.0 -0.0 -0.0; 13.0 -0.0 -0.0 -0.0; 19.0 -0.0 -0.0 -0.0; 22.0 -0.0 -0.0 -0.0; 17.0 -0.0 -0.0 -0.0; 21.0 -0.0 -0.0 -0.0; 23.0 -0.0 -0.0 -0.0; 16.0 -0.0 -0.0 -0.0; 16.0 -0.0 -0.0 -0.0; 0.0 -0.0 -0.0 -0.0]
partition_bb,"[[[32.0, 27.0, 8.0, 6.0, 4.0, 0.0, 0.0, 0.0, 0.0, 0.0, 0.0, 0.0, 0.0, 0.0, 0.0], [0.0, 0.0, 0.0, 0.0, 0.0, 0.0, 0.0, 0.0, 0.0, 0.0, 4.0, 8.0, 10.0, 26.0, 30.0], [0.0, 0.0, 0.0, 0.0, 1.0, 0.0, 2.0, 11.0, 22.0, 17.0, 13.0, 9.0, 0.0, 0.0, 0.0], [0.0, 0.0, 0.0, 0.0, 0.0, 0.0, 0.0, 0.0, 10.0, 15.0, 18.0, 23.0, 5.0, 4.0, 1.0], [0.0, 0.0, 11.0, 8.0, 10.0, 2.0, 13.0, 3.0, 9.0, 4.0, 0.0, 0.0, 16.0, 0.0, 0.0], [0.0, 0.0, 8.0, 11.0, 10.0, 2.0, 13.0, 19.0, 8.0, 4.0, 0.0, 0.0, 0.0, 0.0, 0.0], [7.0, 7.0, 18.0, 15.0, 2.0, 2.0, 7.0, 7.0, 5.0, 0.0, 0.0, 5.0, 0.0, 0.0, 0.0], [0.0, 0.0, 0.0, 0.0, 3.0, 0.0, 0.0, 6.0, 12.0, 17.0, 21.0, 16.0, 0.0, 0.0, 0.0], [0.0, 0.0, 0.0, 0.0, 0.0, 0.0, 0.0, 0.0, 0.0, 1.0, 4.0, 9.0, 10.0, 28.0, 24.0], [24.0, 29.0, 10.0, 8.0, 6.0, 0.0, 0.0, 0.0, 0.0, 0.0, 0.0, 0.0, 0.0, 0.0, 0.0]], Vector{Float64}[], Vector{Float64}[], Vector{Float64}[]]"
y_box,[1.0 0.0 0.0 0.0 4.0 0.0 0.0 0.0 0.0 0.0 0.0 0.0 14.0 0.0 0.0; 2.0 0.0 0.0 0.0 0.0 0.0 0.0 0.0 0.0 0.0 0.0 0.0 0.0 0.0 0.0; 0.0 0.0 0.0 0.0 0.0 0.0 0.0 0.0 0.0 0.0 0.0 0.0 0.0 0.0 0.0; 29.0 0.0 0.0 0.0 0.0 1.0 0.0 0.0 1.0 4.0 7.0 12.0 0.0 0.0 0.0;;; 0.0 0.0 0.0 3.0 0.0 0.0 0.0 15.0 0.0 0.0 0.0 1.0 0.0 0.0 0.0; 0.0 2.0 0.0 0.0 0.0 0.0 0.0 0.0 0.0 0.0 0.0 0.0 0.0 0.0 0.0; 0.0 0.0 0.0 0.0 0.0 0.0 0.0 0.0 0.0 0.0 0.0 0.0 0.0 0.0 0.0; 0.0 0.0 0.0 0.0 0.0 0.0 0.0 0.0 0.0 17.0 5.0 16.0 16.0 0.0 0.0;;; 0.0 0.0 18.0 0.0 0.0 0.0 0.0 0.0 1.0 0.0 0.0 0.0 0.0 0.0 0.0; 0.0 0.0 0.0 0.0 2.0 0.0 0.0 0.0 0.0 0.0 0.0 0.0 0.0 0.0 0.0; 0.0 0.0 0.0 0.0 0.0 0.0 0.0 0.0 0.0 0.0 0.0 0.0 0.0 0.0 0.0; 0.0 0.0 0.0 0.0 0.0 0.0 0.0 0.0 0.0 0.0 0.0 0.0 0.0 24.0 30.0;;; 0.0 19.0 0.0 0.0 0.0 0.0 0.0 0.0 0.0 0.0 0.0 0.0 0.0 0.0 0.0; 0.0 0.0 0.0 0.0 0.0 2.0 0.0 0.0 0.0 0.0 0.0 0.0 0.0 0.0 0.0; 0.0 0.0 0.0 0.0 0.0 0.0 0.0 0.0 0.0 0.0 0.0 0.0 0.0 0.0 0.0; 0.0 0.0 0.0 0.0 0.0 0.0 0.0 0.0 0.0 0.0 0.0 0.0 16.0 17.0 21.0]
evol_bb,"[[1393.782, 2.83558401839947e7]]"
y_bb,[0.0 0.0 18.0 -0.0 -0.0 -0.0 -0.0 -0.0 -0.0 -0.0 -0.0 -0.0 -0.0 -0.0 -0.0; -0.0 -0.0 -0.0 15.0 -0.0 0.0 -0.0 -0.0 -0.0 -0.0 -0.0 -0.0 -0.0 -0.0 -0.0; -0.0 -0.0 -0.0 -0.0 -0.0 -0.0 0.0 0.0 0.0 0.0 0.0 -0.0 -0.0 -0.0 -0.0; -0.0 -0.0 -0.0 -0.0 -0.0 -0.0 -0.0 -0.0 -0.0 -0.0 -0.0 0.0 0.0 12.0 30.0;;; -0.0 -0.0 -0.0 -0.0 -0.0 -0.0 -0.0 -0.0 -0.0 -0.0 -0.0 -0.0 -0.0 -0.0 -0.0; -0.0 -0.0 -0.0 -0.0 -0.0 -0.0 -0.0 -0.0 -0.0 -0.0 -0.0 -0.0 -0.0 -0.0 -0.0; -0.0 -0.0 -0.0 -0.0 -0.0 -0.0 -0.0 -0.0 -0.0 -0.0 -0.0 -0.0 -0.0 -0.0 -0.0; -0.0 -0.0 -0.0 -0.0 -0.0 -0.0 -0.0 -0.0 -0.0 -0.0 -0.0 -0.0 -0.0 -0.0 -0.0;;; -0.0 -0.0 -0.0 -0.0 -0.0 -0.0 -0.0 -0.0 -0.0 -0.0 -0.0 -0.0 -0.0 -0.0 -0.0; -0.0 -0.0 -0.0 -0.0 -0.0 -0.0 -0.0 -0.0 -0.0 -0.0 -0.0 -0.0 -0.0 -0.0 -0.0; -0.0 -0.0 -0.0 -0.0 -0.0 -0.0 -0.0 -0.0 -0.0 -0.0 -0.0 -0.0 -0.0 -0.0 -0.0; -0.0 -0.0 -0.0 -0.0 -0.0 -0.0 -0.0 -0.0 -0.0 -0.0 -0.0 -0.0 -0.0 -0.0 -0.0;;; -0.0 -0.0 -0.0 -0.0 -0.0 -0.0 -0.0 -0.0 -0.0 -0.0 -0.0 -0.0 -0.0 -0.0 -0.0; -0.0 -0.0 -0.0 -0.0 -0.0 -0.0 -0.0 -0.0 -0.0 -0.0 -0.0 -0.0 -0.0 -0.0 -0.0; -0.0 -0.0 -0.0 -0.0 -0.0 -0.0 -0.0 -0.0 -0.0 -0.0 -0.0 -0.0 -0.0 -0.0 -0.0; -0.0 -0.0 -0.0 -0.0 -0.0 -0.0 -0.0 -0.0 -0.0 -0.0 -0.0 -0.0 -0.0 -0.0 -0.0]
evol_box,"[[0.488, 0.0], [2.087, 259144.35752663217], [2.209, 387858.7024108442], [2.309, 387858.70241067186], [2.434, 387858.7024108468], [2.795, 5.156567233356025e6], [3.073, 5.156567233356026e6], [3.432, 5.672353057933179e6], [3.804, 5.672353057933179e6], [4.337, 5.930256254104438e6], [5.617, 7.863326284544077e6], [6.999, 8.50849621271087e6], [8.21, 8.507663789430562e6], [10.381, 9.667173533536082e6], [13.055, 9.66717353353608e6], [15.708, 9.667184972946139e6], [19.688, 9.667184972946176e6], [23.422, 9.667489729427587e6], [27.853, 1.0054834610968063e7], [33.244, 1.031181143362019e7], [41.632, 1.0440493767582495e7], [48.356, 1.069854255148914e7], [56.347, 1.0698542551489139e7], [66.074, 1.1084958842219435e7], [78.43, 1.1214439687281972e7], [88.18, 1.1343327235167714e7], [101.048, 1.1600564234784445e7], [121.05, 1.1601147068549825e7], [148.301, 1.18587266473531e7], [174.76, 1.211600915039093e7], [205.119, 1.211611705220601e7], [238.838, 1.2116168479929147e7], [270.572, 1.211630332144953e7], [308.569, 1.2373812039136708e7], [355.648, 1.2373815898644725e7], [413.976, 1.2374262037321962e7], [499.863, 1.25026945337544e7], [560.235, 1.2503020268498631e7], [623.548, 1.2502827126683513e7], [692.353, 1.2631587134908197e7], [810.332, 1.2632295608296517e7], [940.111, 1.2760695665893255e7], [1071.917, 1.2760695665893255e7], [1217.818, 1.2889559799050463e7], [1378.643, 1.2889679725410424e7], [1538.629, 1.3018392703002801e7], [1744.102, 1.3018503176106049e7], [1985.118, 1.3147137326451175e7], [2316.904, 1.3276019821068868e7], [2674.278, 1.3276019821068868e7], [3119.161, 1.3404912422222663e7], [3506.81, 1.34051928757431e7], [3600.051, 1.3663265939402562e7]]"
y_pb,[[-0.0 -0.0 18.0 -0.0 -0.0 -0.0 -0.0 -0.0 -0.0 -0.0 -0.0 -0.0 -0.0 -0.0 -0.0; -0.0 -0.0 -0.0 15.0 -0.0 -0.0 -0.0 -0.0 -0.0 -0.0 -0.0 -0.0 -0.0 -0.0 -0.0; -0.0 -0.0 -0.0 -0.0 -0.0 -0.0 -0.0 0.0 -0.0 -0.0 -0.0 -0.0 -0.0 -0.0 -0.0; -0.0 -0.0 -0.0 -0.0 -0.0 -0.0 -0.0 -0.0 -0.0 -0.0 -0.0 -0.0 -0.0 12.0 30.0;;;]]
x_bb,"[18.0, 15.0, 0.0, 42.0]"
x_box,"[19.0, 2.0, 0.0, 54.0]"
evol_zeta,"[[2.173, 29.4], [2.236, 22.0], [2.346, 20.8], [2.482, 19.0], [2.824, 18.857142857142858], [3.093, 18.0], [3.469, 17.0], [3.885, 16.0], [4.408, 17.666666666666664], [5.689, 16.0], [7.08, 15.142857142857144], [8.236, 18.0], [10.463, 16.0], [13.124, 16.000000000000004], [15.767, 15.0], [19.793, 14.857142858728572], [23.491, 15.571428571428571], [27.96, 14.125], [33.36, 12.714285714285715], [41.712, 15.0], [48.393, 14.714285714285715], [56.415, 13.75], [66.144, 12.571428571428605], [78.545, 11.7], [88.285, 11.600000001260003], [101.099, 12.66666666666667], [121.15, 12.000000001300009], [148.412, 12.125], [174.823, 12.285717902994103], [205.142, 12.142857142857142], [238.916, 11.25], [270.61, 11.333333333333334], [308.648, 11.750001082909472], [355.729, 12.444444444444445], [414.023, 11.999999999999991], [499.909, 13.0], [560.318, 11.333333333333334], [623.606, 11.285714285714286], [692.466, 11.8], [810.416, 10.857142857142854], [940.182, 10.285714285714288], [1071.955, 10.25], [1217.892, 11.2], [1378.695, 12.125], [1538.713, 11.444444444444445], [1744.174, 10.375], [1985.21, 10.222222223344446], [2316.968, 10.0], [2674.336, 11.0000000012], [3119.215, 11.166666666666664], [3506.876, 10.375], [3600.069, 0.0]]"
ξ_box,[32.0 18.0 2.0 21.0; 27.0 15.0 -0.0 19.0; 12.0 17.0 18.0 -0.0; 13.0 14.0 15.0 -0.0; 4.0 10.0 8.0 -0.0; 1.0 1.0 2.0 2.0; 12.0 5.0 8.0 9.0; 14.0 15.0 18.0 19.0; 3.0 22.0 12.0 13.0; 4.0 17.0 7.0 13.0; 7.0 13.0 7.0 13.0; 12.0 17.0 12.0 18.0; 14.0 16.0 16.0 16.0; 12.0 -0.0 26.0 17.0; 13.0 -0.0 30.0 21.0]
