first,second
s_box,[28.0; 25.0; 23.0; 23.0; 14.0; 7.0; 5.0; 0.0; 0.0; 0.0; 20.0; 19.0; 21.0; 24.0; 38.0;;]
x_pb,"[0.0, 75.0, -0.0, -0.0]"
s_bb,[28.0; 25.0; 23.0; 23.0; 14.0; 7.0; 5.0; 0.0; 0.0; 0.0; 20.0; 19.0; 21.0; 24.0; 38.0;;]
partition_bb,"[[[0.0, 0.0, 0.0, 0.0, 0.0, 0.0, 0.0, 0.0, 2.0, 2.0, 4.0, 7.0, 10.0, 16.0, 38.0], [28.0, 20.0, 13.0, 13.0, 1.0, 0.0, 0.0, 0.0, 0.0, 0.0, 0.0, 0.0, 0.0, 0.0, 0.0], [0.0, 0.0, 0.0, 0.0, 0.0, 0.0, 12.0, 21.0, 16.0, 15.0, 7.0, 4.0, 2.0, 0.0, 0.0], [17.0, 9.0, 8.0, 2.0, 14.0, 7.0, 9.0, 0.0, 0.0, 1.0, 6.0, 3.0, 0.0, 0.0, 0.0], [0.0, 0.0, 0.0, 0.0, 0.0, 0.0, 0.0, 6.0, 8.0, 8.0, 20.0, 17.0, 14.0, 8.0, 0.0], [8.0, 16.0, 23.0, 17.0, 7.0, 4.0, 0.0, 0.0, 0.0, 0.0, 0.0, 0.0, 0.0, 0.0, 0.0], [0.0, 0.0, 0.0, 0.0, 0.0, 0.0, 0.0, 1.0, 3.0, 3.0, 12.0, 15.0, 18.0, 24.0, 2.0], [0.0, 0.0, 0.0, 0.0, 7.0, 7.0, 19.0, 14.0, 9.0, 8.0, 0.0, 0.0, 0.0, 0.0, 0.0], [8.0, 12.0, 17.0, 23.0, 11.0, 4.0, 1.0, 0.0, 0.0, 0.0, 0.0, 0.0, 0.0, 0.0, 0.0], [0.0, 0.0, 0.0, 0.0, 0.0, 0.0, 8.0, 14.0, 19.0, 20.0, 8.0, 5.0, 3.0, 0.0, 0.0], [17.0, 25.0, 18.0, 14.0, 4.0, 0.0, 0.0, 0.0, 0.0, 0.0, 0.0, 0.0, 0.0, 0.0, 0.0], [0.0, 0.0, 0.0, 0.0, 0.0, 0.0, 0.0, 2.0, 4.0, 4.0, 15.0, 18.0, 21.0, 15.0, 0.0], [0.0, 0.0, 0.0, 0.0, 0.0, 0.0, 0.0, 3.0, 5.0, 5.0, 17.0, 19.0, 16.0, 10.0, 0.0], [0.0, 0.0, 0.0, 0.0, 0.0, 0.0, 9.0, 15.0, 20.0, 19.0, 8.0, 5.0, 3.0, 0.0, 0.0]]]"
y_box,[0.0 0.0 0.0 0.0 -0.0 -0.0 -0.0 -0.0 -0.0 -0.0 -0.0 -0.0 -0.0 -0.0 -0.0; -0.0 -0.0 -0.0 -0.0 0.0 0.0 14.0 21.0 20.0 20.0 0.0 0.0 0.0 -0.0 -0.0; -0.0 -0.0 -0.0 -0.0 -0.0 -0.0 -0.0 -0.0 -0.0 -0.0 -0.0 -0.0 -0.0 0.0 -0.0; -0.0 -0.0 -0.0 -0.0 -0.0 -0.0 -0.0 -0.0 -0.0 -0.0 -0.0 -0.0 -0.0 -0.0 0.0;;;]
evol_bb,"[[0.403, 2.6387892003404636e7]]"
y_bb,[0.0 0.0 0.0 0.0 -0.0 -0.0 -0.0 -0.0 -0.0 -0.0 -0.0 -0.0 -0.0 -0.0 -0.0; -0.0 -0.0 -0.0 -0.0 0.0 0.0 14.0 21.0 20.0 20.0 0.0 0.0 0.0 -0.0 -0.0; -0.0 -0.0 -0.0 -0.0 -0.0 -0.0 -0.0 -0.0 -0.0 -0.0 -0.0 -0.0 -0.0 0.0 -0.0; -0.0 -0.0 -0.0 -0.0 -0.0 -0.0 -0.0 -0.0 -0.0 -0.0 -0.0 -0.0 -0.0 -0.0 0.0;;;]
evol_box,"[[0.479, 0.0], [2.068, 428880.9556631908], [2.155, 8.440850458803862e6], [2.163, 1.5170625436031697e7], [2.171, 1.7307258301078945e7], [2.182, 2.0191712668892726e7], [2.194, 2.16873556744258e7], [2.205, 2.2969335393454146e7], [2.217, 2.3717152933768008e7], [2.227, 2.4358142793282185e7], [2.237, 2.5212750010674622e7], [2.244, 2.5746908226936433e7], [2.254, 2.6174234799945887e7], [2.265, 2.6281066443198245e7], [2.281, 2.6387892003404636e7]]"
y_pb,[[-0.0 -0.0 0.0 -0.0 -0.0 -0.0 -0.0 -0.0 -0.0 -0.0 -0.0 -0.0 -0.0 -0.0 -0.0; -0.0 -0.0 -0.0 -0.0 -0.0 -0.0 14.0 21.0 20.0 20.0 -0.0 -0.0 -0.0 -0.0 -0.0; -0.0 -0.0 -0.0 -0.0 -0.0 -0.0 -0.0 -0.0 -0.0 -0.0 -0.0 -0.0 -0.0 0.0 -0.0; -0.0 -0.0 -0.0 -0.0 -0.0 -0.0 -0.0 -0.0 -0.0 -0.0 -0.0 -0.0 -0.0 0.0 -0.0;;;]]
x_bb,"[0.0, 75.0, 0.0, 0.0]"
x_box,"[0.0, 75.0, 0.0, 0.0]"
evol_zeta,"[[1.738, 37.42857142857143], [2.153, 28.0], [2.161, 20.714285714285715], [2.17, 13.000000000000005], [2.181, 12.142857142857139], [2.193, 10.0], [2.204, 7.625], [2.215, 7.0], [2.226, 5.857142857142854], [2.236, 4.7142857142857135], [2.243, 4.399999999999999], [2.253, 2.428571428571427], [2.264, 1.0000000000000022], [2.28, 0.42857142857142705], [2.292, 0.0]]"
ξ_box,[28.0; 25.0; 23.0; 23.0; 14.0; 7.0; 19.0; 21.0; 20.0; 20.0; 20.0; 19.0; 21.0; 24.0; 38.0;;]
