first,second
s_box,[0.0 0.0 0.0 0.0 0.0; 0.0 10.0 0.0 3.0 0.0; 0.0 0.0 0.0 0.0 0.0; 10.0 0.0 0.0 0.0 8.0; 0.0 0.0 0.0 0.0 10.0; 0.0 0.0 13.0 0.0 13.0; 0.0 0.0 4.0 4.0 0.0; 0.0 0.0 15.0 15.0 15.0; 0.0 14.0 17.0 26.0 0.0; 0.0 14.0 0.0 0.0 0.0; 0.0 16.0 2.0 0.0 0.0; 10.0 8.0 8.0 0.0 0.0; 15.0 13.0 0.0 17.0 0.0; 0.0 0.0 0.0 0.0 13.0; 29.0 0.0 15.0 2.0 15.0]
x_pb,"[41.0, 19.0, -0.0, -0.0]"
s_bb,[15.0 -0.0 11.0 -0.0 -0.0; 18.0 -0.0 8.0 -0.0 -0.0; 13.0 -0.0 -0.0 -0.0 -0.0; -0.0 -0.0 -0.0 -0.0 -0.0; -0.0 -0.0 -0.0 -0.0 -0.0; 13.0 13.0 -0.0 -0.0 -0.0; -0.0 -0.0 -0.0 -0.0 -0.0; -0.0 -0.0 -0.0 -0.0 -0.0; 26.0 -0.0 -0.0 -0.0 11.0; 16.0 -0.0 -0.0 11.0 -0.0; 2.0 12.0 -0.0 11.0 -0.0; -0.0 -0.0 -0.0 -0.0 12.0; -0.0 -0.0 11.0 7.0 7.0; 19.0 11.0 -0.0 -0.0 11.0; 29.0 13.0 -0.0 -0.0 11.0]
partition_bb,"[[[0.0, 0.0, 0.0, 0.0, 0.0, 0.0, 0.0, 0.0, 0.0, 0.0, 0.0, 1.0, 6.0, 27.0, 29.0], [0.0, 0.0, 0.0, 0.0, 0.0, 0.0, 0.0, 7.0, 26.0, 16.0, 14.0, 0.0, 0.0, 0.0, 0.0], [15.0, 18.0, 13.0, 9.0, 7.0, 0.0, 0.0, 0.0, 0.0, 0.0, 0.0, 0.0, 0.0, 0.0, 0.0], [1.0, 4.0, 0.0, 0.0, 0.0, 13.0, 4.0, 13.0, 1.0, 11.0, 13.0, 0.0, 0.0, 0.0, 0.0]], [[0.0, 0.0, 0.0, 0.0, 0.0, 13.0, 4.0, 0.0, 0.0, 0.0, 0.0, 12.0, 7.0, 11.0, 13.0], [0.0, 0.0, 0.0, 0.0, 0.0, 0.0, 0.0, 0.0, 0.0, 10.0, 12.0, 12.0, 7.0, 11.0, 9.0]], [[0.0, 0.0, 0.0, 0.0, 0.0, 0.0, 0.0, 0.0, 19.0, 9.0, 11.0, 12.0, 7.0, 0.0, 0.0], [11.0, 8.0, 6.0, 0.0, 0.0, 0.0, 0.0, 0.0, 11.0, 1.0, 0.0, 12.0, 11.0, 0.0, 0.0]], [[0.0, 1.0, 3.0, 10.0, 5.0, 0.0, 0.0, 0.0, 1.0, 11.0, 11.0, 12.0, 7.0, 0.0, 0.0]], [[0.0, 0.0, 0.0, 0.0, 0.0, 0.0, 0.0, 0.0, 11.0, 5.0, 3.0, 12.0, 7.0, 11.0, 11.0]]]"
y_box,[2.0 4.0 7.0 0.0 15.0 2.0 0.0 0.0 0.0 0.0 0.0 0.0 0.0 27.0 0.0; 0.0 0.0 0.0 0.0 0.0 0.0 0.0 0.0 0.0 0.0 0.0 0.0 0.0 0.0 0.0; 0.0 0.0 0.0 0.0 0.0 0.0 0.0 0.0 0.0 0.0 0.0 0.0 0.0 0.0 0.0; 0.0 0.0 0.0 0.0 0.0 0.0 0.0 0.0 0.0 0.0 0.0 0.0 0.0 0.0 0.0;;; 15.0 8.0 13.0 9.0 14.0 1.0 0.0 0.0 0.0 0.0 0.0 0.0 0.0 0.0 0.0; 0.0 0.0 0.0 0.0 0.0 0.0 0.0 0.0 0.0 0.0 0.0 0.0 0.0 0.0 0.0; 0.0 0.0 0.0 0.0 0.0 0.0 0.0 0.0 0.0 0.0 0.0 0.0 0.0 0.0 0.0; 0.0 0.0 0.0 0.0 0.0 0.0 0.0 0.0 0.0 0.0 0.0 0.0 0.0 0.0 0.0;;; 0.0 0.0 0.0 0.0 0.0 0.0 0.0 0.0 0.0 15.0 15.0 0.0 13.0 17.0 0.0; 0.0 0.0 0.0 0.0 0.0 0.0 0.0 0.0 0.0 0.0 0.0 0.0 0.0 0.0 0.0; 0.0 0.0 0.0 0.0 0.0 0.0 0.0 0.0 0.0 0.0 0.0 0.0 0.0 0.0 0.0; 0.0 0.0 0.0 0.0 0.0 0.0 0.0 0.0 0.0 0.0 0.0 0.0 0.0 0.0 0.0;;; 3.0 0.0 8.0 1.0 0.0 0.0 0.0 0.0 0.0 16.0 18.0 12.0 0.0 0.0 0.0; 0.0 0.0 0.0 0.0 0.0 0.0 0.0 0.0 0.0 0.0 0.0 0.0 0.0 0.0 0.0; 0.0 0.0 0.0 0.0 0.0 0.0 0.0 0.0 0.0 0.0 0.0 0.0 0.0 0.0 0.0; 0.0 0.0 0.0 0.0 0.0 0.0 0.0 0.0 0.0 0.0 0.0 0.0 0.0 0.0 0.0;;; 15.0 14.0 10.0 0.0 3.0 0.0 4.0 0.0 12.0 2.0 0.0 0.0 0.0 0.0 0.0; 0.0 0.0 0.0 0.0 0.0 0.0 0.0 0.0 0.0 0.0 0.0 0.0 0.0 0.0 0.0; 0.0 0.0 0.0 0.0 0.0 0.0 0.0 0.0 0.0 0.0 0.0 0.0 0.0 0.0 0.0; 0.0 0.0 0.0 0.0 0.0 0.0 0.0 0.0 0.0 0.0 0.0 0.0 0.0 0.0 0.0]
evol_bb,Vector{Float64}[]
y_bb,[-0.0 -0.0 -0.0 -0.0 -0.0 -0.0 4.0 -0.0 -0.0 -0.0 2.0 -0.0 -0.0 -0.0 -0.0; -0.0 -0.0 -0.0 -0.0 -0.0 -0.0 -0.0 -0.0 -0.0 -0.0 10.0 -0.0 -0.0 -0.0 -0.0; -0.0 -0.0 -0.0 -0.0 -0.0 -0.0 -0.0 2.0 -0.0 -0.0 -0.0 1.0 -0.0 8.0 -0.0; -0.0 -0.0 -0.0 9.0 7.0 -0.0 -0.0 11.0 -0.0 -0.0 -0.0 -0.0 6.0 -0.0 -0.0;;; -0.0 -0.0 -0.0 -0.0 -0.0 -0.0 -0.0 -0.0 -0.0 -0.0 -0.0 -0.0 -0.0 -0.0 -0.0; -0.0 -0.0 -0.0 -0.0 -0.0 -0.0 -0.0 -0.0 -0.0 10.0 -0.0 -0.0 -0.0 -0.0 -0.0; -0.0 -0.0 -0.0 -0.0 -0.0 -0.0 4.0 -0.0 -0.0 -0.0 -0.0 -0.0 -0.0 -0.0 -0.0; -0.0 -0.0 -0.0 -0.0 -0.0 -0.0 -0.0 -0.0 -0.0 -0.0 -0.0 12.0 7.0 -0.0 -0.0;;; -0.0 -0.0 6.0 -0.0 -0.0 -0.0 -0.0 -0.0 -0.0 -0.0 -0.0 -0.0 -0.0 -0.0 -0.0; -0.0 -0.0 -0.0 -0.0 -0.0 -0.0 -0.0 -0.0 10.0 -0.0 -0.0 -0.0 -0.0 -0.0 -0.0; -0.0 -0.0 -0.0 -0.0 -0.0 -0.0 -0.0 -0.0 -0.0 -0.0 11.0 -0.0 -0.0 -0.0 -0.0; -0.0 -0.0 -0.0 -0.0 -0.0 -0.0 -0.0 -0.0 12.0 9.0 -0.0 12.0 -0.0 -0.0 -0.0;;; -0.0 -0.0 -0.0 -0.0 -0.0 -0.0 -0.0 -0.0 -0.0 -0.0 -0.0 -0.0 -0.0 -0.0 -0.0; -0.0 -0.0 -0.0 -0.0 -0.0 -0.0 -0.0 -0.0 1.0 -0.0 -0.0 -0.0 -0.0 -0.0 -0.0; -0.0 -0.0 -0.0 -0.0 5.0 -0.0 -0.0 -0.0 -0.0 -0.0 -0.0 -0.0 -0.0 -0.0 -0.0; -0.0 1.0 3.0 10.0 -0.0 -0.0 -0.0 -0.0 -0.0 -0.0 -0.0 12.0 -0.0 -0.0 -0.0;;; -0.0 -0.0 -0.0 -0.0 -0.0 -0.0 -0.0 -0.0 -0.0 5.0 -0.0 -0.0 -0.0 -0.0 -0.0; -0.0 -0.0 -0.0 -0.0 -0.0 -0.0 -0.0 -0.0 -0.0 -0.0 -0.0 -0.0 -0.0 -0.0 -0.0; -0.0 -0.0 -0.0 -0.0 -0.0 -0.0 -0.0 -0.0 -0.0 -0.0 3.0 -0.0 -0.0 -0.0 -0.0; -0.0 -0.0 -0.0 -0.0 -0.0 -0.0 -0.0 -0.0 -0.0 -0.0 -0.0 -0.0 -0.0 -0.0 -0.0]
evol_box,"[[0.407, 0.0], [1.933, 339993.9871257655], [2.047, 340584.15872823074], [2.114, 340584.1587282309], [2.22, 340584.158728231], [2.343, 340584.1587282309], [3.69, 3.3823814548694473e6], [4.102, 3.8328276729333145e6], [4.602, 3.833061887463469e6], [5.453, 3.833061887463466e6], [6.514, 4.0583736457229964e6], [12.096, 5.072367926483876e6], [18.372, 5.297741485506036e6], [25.081, 6.086456632915398e6], [32.655, 6.086456632915399e6], [35.644, 6.086647859942263e6], [45.996, 6.31188143644489e6], [54.214, 6.649767844039418e6], [88.882, 6.875186984665653e6], [131.317, 7.100615386283333e6], [160.583, 7.100815187116844e6], [180.498, 7.213079666287763e6], [223.915, 7.213526665637188e6], [251.223, 7.326058442197459e6], [315.066, 7.326110929806328e6], [415.591, 7.5510985674269125e6], [547.189, 7.551205289309233e6], [765.386, 7.776598139859533e6], [903.353, 7.889133990725721e6], [1076.815, 7.889309665236031e6], [1249.715, 7.889309665236031e6], [1612.186, 8.001996940243227e6], [1921.218, 8.002085104321359e6], [2205.036, 8.227208776748525e6], [2555.011, 8.22736614140372e6], [3404.375, 8.227394978594694e6], [3600.02, 8.45275690971883e6]]"
y_pb,[[-0.0 -0.0 16.0 -0.0 17.0 8.0 -0.0 -0.0 -0.0 -0.0 -0.0 -0.0 -0.0 -0.0 -0.0; -0.0 -0.0 -0.0 -0.0 -0.0 -0.0 4.0 15.0 -0.0 -0.0 -0.0 -0.0 -0.0 -0.0 -0.0; -0.0 -0.0 -0.0 -0.0 -0.0 -0.0 -0.0 -0.0 -0.0 -0.0 -0.0 -0.0 0.0 -0.0 -0.0; -0.0 -0.0 -0.0 -0.0 -0.0 -0.0 -0.0 -0.0 -0.0 -0.0 -0.0 -0.0 -0.0 0.0 -0.0;;;]]
x_bb,"[6.0, 10.0, 11.0, 33.0]"
x_box,"[60.0, 0.0, 0.0, 0.0]"
evol_zeta,"[[1.609, 28.25], [2.014, 25.25], [2.062, 17.6], [2.137, 17.0], [2.241, 16.8], [2.372, 15.0], [3.757, 15.0], [4.158, 14.374999999999998], [4.647, 13.75], [5.532, 13.0], [6.574, 13.571428571428571], [12.144, 14.0], [18.469, 13.11111111111111], [25.133, 13.0], [32.722, 13.0], [35.774, 12.857142857142856], [46.023, 12.333333333333332], [54.294, 13.0], [88.971, 12.800000000000002], [131.404, 12.714285714285715], [160.643, 12.714285714285714], [180.558, 12.0], [224.01, 12.000000001299988], [251.297, 12.999999999999943], [315.133, 12.333333333333314], [415.647, 12.0], [547.289, 12.0], [765.455, 11.875], [903.465, 11.857142857142817], [1076.911, 11.428571428571429], [1249.776, 11.571428571428575], [1612.32, 11.555555555555543], [1921.312, 11.999999999999968], [2205.146, 11.999999999999998], [2555.105, 11.6], [3404.466, 11.375], [3600.042, 0.0]]"
ξ_box,[2.0 15.0 -0.0 3.0 15.0; 4.0 18.0 0.0 3.0 14.0; 7.0 13.0 0.0 8.0 10.0; 10.0 9.0 0.0 1.0 8.0; 15.0 14.0 0.0 0.0 13.0; 2.0 1.0 13.0 0.0 13.0; 0.0 0.0 4.0 4.0 4.0; 0.0 0.0 14.0 15.0 15.0; 0.0 14.0 17.0 26.0 12.0; 0.0 14.0 14.999999999999998 16.0 2.0; 0.0 16.0 17.0 18.0 0.0; 10.0 8.0 8.0 12.0 0.0; 15.0 13.0 13.0 17.0 0.0; 27.0 0.0 17.0 0.0 13.0; 29.0 0.0 15.0 2.0 15.0]
