first,second
s_box,[10.0; 0.0; 25.0; 18.0; 12.0; 11.0; 4.0; 14.0; 18.0; 19.0; 12.0; 4.0; 1.0; 6.0; 5.0;;]
x_pb,"[61.0, -0.0, -0.0, 0.0]"
s_bb,[10.0; 0.0; 25.0; 18.0; 12.0; 11.0; 4.0; 14.0; 18.0; 19.0; 12.0; 4.0; 1.0; 6.0; 5.0;;]
partition_bb,"[[[42.0, 13.0, 8.0, 0.0, 0.0, 0.0, 0.0, 0.0, 0.0, 0.0, 0.0, 0.0, 0.0, 0.0, 0.0], [0.0, 0.0, 0.0, 0.0, 0.0, 0.0, 3.0, 12.0, 17.0, 19.0, 10.0, 2.0, 0.0, 0.0, 0.0], [0.0, 0.0, 6.0, 18.0, 12.0, 11.0, 4.0, 0.0, 6.0, 4.0, 0.0, 0.0, 0.0, 0.0, 0.0], [0.0, 19.0, 25.0, 8.0, 5.0, 4.0, 0.0, 0.0, 0.0, 0.0, 0.0, 0.0, 0.0, 0.0, 0.0], [0.0, 29.0, 23.0, 6.0, 3.0, 2.0, 0.0, 0.0, 0.0, 0.0, 0.0, 0.0, 0.0, 0.0, 0.0], [35.0, 6.0, 1.0, 0.0, 0.0, 0.0, 4.0, 0.0, 0.0, 0.0, 0.0, 4.0, 1.0, 6.0, 5.0], [0.0, 0.0, 6.0, 4.0, 8.0, 7.0, 4.0, 2.0, 7.0, 9.0, 12.0, 4.0, 0.0, 0.0, 0.0], [0.0, 0.0, 0.0, 2.0, 8.0, 9.0, 4.0, 14.0, 8.0, 7.0, 0.0, 0.0, 0.0, 6.0, 5.0], [0.0, 2.0, 0.0, 2.0, 0.0, 0.0, 4.0, 12.0, 18.0, 16.0, 7.0, 0.0, 0.0, 0.0, 0.0]]]"
y_box,[32.0 29.0 0.0 -0.0 -0.0 -0.0 -0.0 -0.0 -0.0 -0.0 -0.0 -0.0 -0.0 -0.0 -0.0; -0.0 -0.0 -0.0 0.0 0.0 0.0 0.0 0.0 0.0 0.0 -0.0 -0.0 -0.0 -0.0 -0.0; -0.0 -0.0 -0.0 -0.0 -0.0 -0.0 -0.0 -0.0 -0.0 -0.0 0.0 -0.0 -0.0 -0.0 -0.0; -0.0 -0.0 -0.0 -0.0 -0.0 -0.0 -0.0 -0.0 -0.0 -0.0 0.0 0.0 0.0 0.0 0.0;;;]
evol_bb,"[[0.355, 1.9385874796476662e7]]"
y_bb,[32.0 29.0 0.0 -0.0 -0.0 -0.0 -0.0 -0.0 -0.0 -0.0 -0.0 -0.0 -0.0 -0.0 -0.0; -0.0 -0.0 -0.0 0.0 0.0 0.0 0.0 0.0 0.0 0.0 -0.0 -0.0 -0.0 -0.0 -0.0; -0.0 -0.0 -0.0 -0.0 -0.0 -0.0 -0.0 -0.0 -0.0 -0.0 0.0 -0.0 -0.0 -0.0 -0.0; -0.0 -0.0 -0.0 -0.0 -0.0 -0.0 -0.0 -0.0 -0.0 -0.0 0.0 0.0 0.0 0.0 0.0;;;]
evol_box,"[[0.487, 0.0], [2.281, 244801.6379277571], [2.374, 7.925635967608355e6], [2.38, 1.304619218739542e7], [2.386, 1.5850270758601932e7], [2.391, 1.706943269704918e7], [2.396, 1.8654366765078507e7], [2.401, 1.9020120780777585e7], [2.406, 1.9263956791243635e7], [2.42, 1.9385874796476662e7]]"
y_pb,[[32.0 28.999999999999996 -0.0 -0.0 -0.0 -0.0 -0.0 -0.0 -0.0 -0.0 -0.0 -0.0 -0.0 -0.0 -0.0; -0.0 -0.0 -0.0 0.0 -0.0 -0.0 -0.0 -0.0 -0.0 -0.0 -0.0 -0.0 -0.0 -0.0 -0.0; -0.0 -0.0 -0.0 -0.0 -0.0 -0.0 -0.0 -0.0 -0.0 -0.0 0.0 -0.0 -0.0 -0.0 -0.0; -0.0 -0.0 -0.0 -0.0 -0.0 -0.0 -0.0 -0.0 -0.0 -0.0 -0.0 -0.0 0.0 -0.0 -0.0;;;]]
x_bb,"[61.0, 0.0, 0.0, 0.0]"
x_box,"[61.0, 0.0, 0.0, 0.0]"
evol_zeta,"[[1.889, 41.333333333333336], [2.372, 18.666666666666664], [2.379, 18.0], [2.385, 17.000000000000057], [2.39, 9.600000000000001], [2.394, 6.0], [2.399, 2.0], [2.405, 2.0], [2.418, 1.0000000002000036], [2.432, 0.0]]"
ξ_box,[42.0; 29.0; 25.0; 18.0; 12.0; 11.0; 4.0; 14.0; 18.0; 19.0; 12.0; 4.0; 1.0; 6.0; 5.0;;]
