first,second
s_box,[0.0; 22.0; 29.0; 0.0; 26.0; 26.0; 29.0; 19.0; 14.0; 14.0; 10.0; 7.0; 15.0; 25.0; 30.0;;]
x_pb,"[42.0, -0.0, 28.0, -0.0]"
s_bb,[0.0; 22.0; 29.0; 0.0; 26.0; 26.0; 29.0; 19.0; 14.0; 14.0; 10.0; 7.0; 15.0; 25.0; 30.0;;]
partition_bb,"[[[32.0, 23.0, 17.0, 0.0, 0.0, 0.0, 0.0, 0.0, 0.0, 0.0, 0.0, 0.0, 0.0, 0.0, 0.0], [0.0, 0.0, 0.0, 0.0, 0.0, 0.0, 0.0, 0.0, 0.0, 0.0, 1.0, 3.0, 15.0, 25.0, 30.0], [0.0, 0.0, 0.0, 4.0, 6.0, 11.0, 29.0, 13.0, 8.0, 4.0, 0.0, 0.0, 0.0, 0.0, 0.0], [0.0, 0.0, 7.0, 28.0, 21.0, 15.0, 3.0, 0.0, 0.0, 0.0, 0.0, 0.0, 0.0, 0.0, 0.0], [14.0, 14.0, 29.0, 8.0, 6.0, 1.0, 0.0, 0.0, 0.0, 0.0, 0.0, 0.0, 0.0, 0.0, 0.0], [0.0, 0.0, 0.0, 13.0, 20.0, 26.0, 8.0, 3.0, 0.0, 0.0, 0.0, 0.0, 0.0, 0.0, 0.0], [0.0, 0.0, 15.0, 0.0, 0.0, 0.0, 0.0, 9.0, 14.0, 14.0, 10.0, 7.0, 0.0, 0.0, 1.0], [23.0, 32.0, 17.0, 0.0, 0.0, 0.0, 0.0, 0.0, 0.0, 0.0, 0.0, 0.0, 0.0, 0.0, 0.0], [0.0, 0.0, 0.0, 0.0, 0.0, 0.0, 3.0, 19.0, 14.0, 10.0, 10.0, 7.0, 7.0, 0.0, 0.0], [0.0, 0.0, 3.0, 19.0, 26.0, 20.0, 3.0, 0.0, 0.0, 0.0, 0.0, 0.0, 0.0, 0.0, 0.0]]]"
y_box,[32.0 10.0 -0.0 -0.0 -0.0 -0.0 -0.0 -0.0 -0.0 -0.0 -0.0 -0.0 -0.0 -0.0 -0.0; -0.0 -0.0 0.0 -0.0 -0.0 -0.0 -0.0 -0.0 -0.0 -0.0 -0.0 -0.0 -0.0 -0.0 -0.0; -0.0 -0.0 -0.0 28.0 0.0 0.0 -0.0 -0.0 -0.0 -0.0 -0.0 -0.0 -0.0 -0.0 -0.0; -0.0 -0.0 -0.0 -0.0 -0.0 -0.0 0.0 0.0 0.0 0.0 0.0 0.0 0.0 0.0 0.0;;;]
evol_bb,"[[0.457, 3.330554630974638e7]]"
y_bb,[32.0 10.0 -0.0 -0.0 -0.0 -0.0 -0.0 -0.0 -0.0 -0.0 -0.0 -0.0 -0.0 -0.0 -0.0; -0.0 -0.0 0.0 -0.0 -0.0 -0.0 -0.0 -0.0 -0.0 -0.0 -0.0 -0.0 -0.0 -0.0 -0.0; -0.0 -0.0 -0.0 28.0 0.0 0.0 -0.0 -0.0 -0.0 -0.0 -0.0 -0.0 -0.0 -0.0 -0.0; -0.0 -0.0 -0.0 -0.0 -0.0 -0.0 0.0 0.0 0.0 0.0 0.0 0.0 0.0 0.0 0.0;;;]
evol_box,"[[0.458, 0.0], [2.025, 250898.60665818054], [2.115, 9.516277821779383e6], [2.131, 1.8906775113962356e7], [2.147, 2.429058274908791e7], [2.166, 2.579307667586432e7], [2.185, 2.7170362775409367e7], [2.2, 3.0300558456193555e7], [2.226, 3.1427428901275862e7], [2.247, 3.2679507173589546e7], [2.263, 3.330554630974638e7]]"
y_pb,[[32.0 10.0 -0.0 -0.0 -0.0 -0.0 -0.0 -0.0 -0.0 -0.0 -0.0 -0.0 -0.0 -0.0 -0.0; -0.0 -0.0 0.0 -0.0 -0.0 -0.0 -0.0 -0.0 -0.0 -0.0 -0.0 -0.0 -0.0 -0.0 -0.0; -0.0 -0.0 -0.0 28.0 -0.0 -0.0 -0.0 -0.0 -0.0 -0.0 -0.0 -0.0 -0.0 -0.0 -0.0; -0.0 -0.0 -0.0 -0.0 -0.0 -0.0 -0.0 0.0 -0.0 -0.0 -0.0 -0.0 -0.0 -0.0 -0.0;;;]]
x_bb,"[42.0, 0.0, 28.0, 0.0]"
x_box,"[42.0, 0.0, 28.0, 0.0]"
evol_zeta,"[[1.702, 31.33333333333325], [2.114, 29.2], [2.13, 28.285714285714292], [2.145, 23.2], [2.165, 11.666666666666663], [2.184, 11.0], [2.199, 10.0], [2.224, 8.333333333333332], [2.245, 6.0000000000000036], [2.261, 4.800000000000001], [2.278, 0.0]]"
ξ_box,[32.0; 32.0; 29.0; 28.0; 26.0; 26.0; 29.0; 19.0; 14.0; 14.0; 10.0; 7.0; 15.0; 25.0; 30.0;;]
