first,second
s_box,[8.0 4.0 8.0 -0.0; 10.0 6.0 10.0 -0.0; 15.0 0.0 3.0 -0.0; -0.0 -0.0 -0.0 -0.0; 0.0 -0.0 0.0 -0.0; -0.0 -0.0 -0.0 -0.0; -0.0 18.0 4.000000004360731 -0.0; 2.0 16.0 0.0 7.0; -0.0 9.0 9.0 8.0; -0.0 -0.0 2.0 -0.0; -0.0 -0.0 3.0 -0.0; 17.0 -0.0 13.0 18.0; -0.0 2.0 8.0 13.0; -0.0 11.0 7.0 19.999999983380462; 26.0 13.0 16.0 17.0]
x_pb,"[56.0, 11.0, -0.0, -0.0]"
s_bb,[0.0 -0.0 -0.0 -0.0; 0.0 -0.0 -0.0 -0.0; 0.0 -0.0 -0.0 -0.0; 0.0 -0.0 -0.0 -0.0; 18.0 -0.0 -0.0 -0.0; 2.0 -0.0 -0.0 -0.0; 18.0 -0.0 -0.0 -0.0; 16.0 -0.0 -0.0 -0.0; 9.0 -0.0 -0.0 -0.0; 6.0 -0.0 -0.0 -0.0; 5.0 -0.0 -0.0 -0.0; 25.0 -0.0 -0.0 -0.0; 23.0 -0.0 -0.0 -0.0; 24.0 -0.0 -0.0 -0.0; 26.0 -0.0 -0.0 -0.0]
partition_bb,"[[[0.0, 0.0, 0.0, 0.0, 0.0, 0.0, 0.0, 0.0, 0.0, 0.0, 0.0, 12.0, 15.0, 17.0, 26.0], [0.0, 0.0, 5.0, 23.0, 18.0, 13.0, 8.0, 0.0, 0.0, 0.0, 0.0, 0.0, 0.0, 0.0, 0.0], [5.0, 3.0, 0.0, 1.0, 6.0, 11.0, 16.0, 16.0, 9.0, 0.0, 0.0, 0.0, 0.0, 0.0, 0.0], [0.0, 0.0, 0.0, 0.0, 0.0, 0.0, 0.0, 0.0, 0.0, 0.0, 0.0, 25.0, 20.0, 13.0, 11.0], [8.0, 10.0, 15.0, 0.0, 3.0, 8.0, 12.0, 0.0, 0.0, 0.0, 1.0, 0.0, 2.0, 9.0, 0.0], [0.0, 0.0, 0.0, 0.0, 0.0, 0.0, 0.0, 0.0, 0.0, 0.0, 0.0, 12.0, 17.0, 24.0, 15.0], [0.0, 0.0, 0.0, 0.0, 0.0, 0.0, 0.0, 0.0, 0.0, 6.0, 5.0, 9.0, 14.0, 21.0, 12.0], [0.0, 0.0, 0.0, 0.0, 0.0, 0.0, 0.0, 0.0, 0.0, 0.0, 0.0, 18.0, 23.0, 16.0, 12.0], [5.0, 3.0, 0.0, 3.0, 8.0, 13.0, 18.0, 6.0, 9.0, 1.0, 2.0, 0.0, 0.0, 0.0, 0.0]], Vector{Float64}[], Vector{Float64}[], Vector{Float64}[]]"
y_box,[-0.0 -0.0 -0.0 7.0988268292876454e-9 -0.0 3.0 -0.0 -0.0 9.0 -0.0 -0.0 -0.0 17.0 -0.0 -0.0; -0.0 -0.0 -0.0 12.999999991234507 8.0 -0.0 0.0 0.0 -0.0 -0.0 -0.0 -0.0 -0.0 17.0 -0.0; -0.0 -0.0 -0.0 -0.0 -0.0 -0.0 -0.0 -0.0 -0.0 -0.0 -0.0 -0.0 -0.0 -0.0 -0.0; -0.0 -0.0 -0.0 -0.0 -0.0 -0.0 -0.0 -0.0 -0.0 -0.0 -0.0 -0.0 -0.0 -0.0 -0.0;;; -0.0 -0.0 11.0 6.527397840948955e-9 18.0 0.0 -0.0 -0.0 -0.0 -0.0 -0.0 -0.0 -0.0 -0.0 -0.0; -0.0 -0.0 -0.0 22.999999991805936 -0.0 13.0 -0.0 -0.0 -0.0 -0.0 -0.0 -0.0 2.0 -0.0 -0.0; -0.0 -0.0 -0.0 -0.0 -0.0 -0.0 -0.0 -0.0 -0.0 -0.0 -0.0 -0.0 -0.0 -0.0 -0.0; -0.0 -0.0 -0.0 -0.0 -0.0 -0.0 -0.0 -0.0 -0.0 -0.0 -0.0 -0.0 -0.0 -0.0 -0.0;;; -0.0 0.0 12.0 11.0 6.0 -0.0 -0.0 -0.0 -0.0 -0.0 -0.0 -0.0 -0.0 -0.0 -0.0; -0.0 -0.0 -0.0 -0.0 -0.0 11.0 10.999999992305936 16.0 -0.0 -0.0 -0.0 -0.0 -0.0 -0.0 -0.0; -0.0 -0.0 -0.0 -0.0 -0.0 -0.0 -0.0 -0.0 -0.0 -0.0 -0.0 -0.0 -0.0 -0.0 -0.0; -0.0 -0.0 -0.0 -0.0 -0.0 -0.0 -0.0 -0.0 -0.0 -0.0 -0.0 -0.0 -0.0 -0.0 -0.0;;; -0.0 -0.0 -0.0 17.0 12.0 -0.0 -0.0 -0.0 -0.0 -0.0 -0.0 -0.0 -0.0 1.3289302379004463e-8 -0.0; -0.0 -0.0 -0.0 -0.0 -0.0 13.0 16.99999998342556 8.0 -0.0 -0.0 -0.0 -0.0 -0.0 -0.0 -0.0; -0.0 -0.0 -0.0 -0.0 -0.0 -0.0 -0.0 -0.0 -0.0 -0.0 -0.0 -0.0 -0.0 -0.0 -0.0; -0.0 -0.0 -0.0 -0.0 -0.0 -0.0 -0.0 -0.0 -0.0 -0.0 -0.0 -0.0 -0.0 -0.0 -0.0]
evol_bb,"[[256.346, 1.8856032006306004e7]]"
y_bb,[8.0 10.0 15.0 23.0 0.0 -0.0 -0.0 -0.0 -0.0 -0.0 -0.0 -0.0 -0.0 -0.0 -0.0; -0.0 -0.0 -0.0 -0.0 -0.0 11.0 0.0 0.0 0.0 0.0 0.0 -0.0 -0.0 -0.0 -0.0; -0.0 -0.0 -0.0 -0.0 -0.0 -0.0 -0.0 -0.0 -0.0 -0.0 -0.0 -0.0 -0.0 -0.0 -0.0; -0.0 -0.0 -0.0 -0.0 -0.0 -0.0 -0.0 -0.0 -0.0 -0.0 -0.0 0.0 0.0 0.0 0.0;;; -0.0 -0.0 -0.0 -0.0 -0.0 -0.0 -0.0 -0.0 -0.0 -0.0 -0.0 -0.0 -0.0 -0.0 -0.0; -0.0 -0.0 -0.0 -0.0 -0.0 -0.0 -0.0 -0.0 -0.0 -0.0 -0.0 -0.0 -0.0 -0.0 -0.0; -0.0 -0.0 -0.0 -0.0 -0.0 -0.0 -0.0 -0.0 -0.0 -0.0 -0.0 -0.0 -0.0 -0.0 -0.0; -0.0 -0.0 -0.0 -0.0 -0.0 -0.0 -0.0 -0.0 -0.0 -0.0 -0.0 -0.0 -0.0 -0.0 -0.0;;; -0.0 -0.0 -0.0 -0.0 -0.0 -0.0 -0.0 -0.0 -0.0 -0.0 -0.0 -0.0 -0.0 -0.0 -0.0; -0.0 -0.0 -0.0 -0.0 -0.0 -0.0 -0.0 -0.0 -0.0 -0.0 -0.0 -0.0 -0.0 -0.0 -0.0; -0.0 -0.0 -0.0 -0.0 -0.0 -0.0 -0.0 -0.0 -0.0 -0.0 -0.0 -0.0 -0.0 -0.0 -0.0; -0.0 -0.0 -0.0 -0.0 -0.0 -0.0 -0.0 -0.0 -0.0 -0.0 -0.0 -0.0 -0.0 -0.0 -0.0;;; -0.0 -0.0 -0.0 -0.0 -0.0 -0.0 -0.0 -0.0 -0.0 -0.0 -0.0 -0.0 -0.0 -0.0 -0.0; -0.0 -0.0 -0.0 -0.0 -0.0 -0.0 -0.0 -0.0 -0.0 -0.0 -0.0 -0.0 -0.0 -0.0 -0.0; -0.0 -0.0 -0.0 -0.0 -0.0 -0.0 -0.0 -0.0 -0.0 -0.0 -0.0 -0.0 -0.0 -0.0 -0.0; -0.0 -0.0 -0.0 -0.0 -0.0 -0.0 -0.0 -0.0 -0.0 -0.0 -0.0 -0.0 -0.0 -0.0 -0.0]
evol_box,"[[0.503, 0.0], [2.246, 331754.5054505437], [2.342, 331754.5054505437], [2.493, 550188.8548837639], [2.741, 550188.8548837639], [2.991, 3.2903692512310916e6], [3.352, 3.728536673984341e6], [3.58, 3.7285366739843297e6], [5.04, 3.839113932760796e6], [5.476, 3.8393071634228397e6], [6.154, 4.277303089777801e6], [6.976, 5.154114497350536e6], [10.691, 5.811519661999349e6], [11.975, 6.249521537812132e6], [14.227, 6.24984446955392e6], [18.109, 6.249937611101471e6], [20.767, 6.359442797058666e6], [24.012, 6.578403389277353e6], [29.535, 7.017255221494246e6], [35.96, 7.017255221494246e6], [42.76, 7.017255221494246e6], [49.423, 7.017318949867835e6], [54.382, 7.236163375957182e6], [79.293, 7.345775275638767e6], [91.596, 7.345775275638768e6], [101.751, 7.565309406372853e6], [111.439, 7.565402547920389e6], [125.73, 7.6750811311247675e6], [150.474, 7.784333503342822e6], [181.493, 7.893953553810143e6], [204.702, 8.003797718645824e6], [234.577, 8.113556411413972e6], [277.632, 8.113556411413972e6], [317.959, 8.113556411413972e6], [378.459, 8.332352135236747e6], [423.258, 8.442422645618701e6], [633.237, 8.442286030918797e6], [701.319, 8.551659234086229e6], [1248.32, 8.551659234086229e6], [1398.421, 8.661250390844341e6], [1492.278, 8.661250390844341e6], [1584.594, 8.661269575004766e6], [1677.654, 8.66127895825384e6], [1868.773, 8.770926767942647e6], [1974.135, 8.770926767942647e6], [2082.525, 8.88064847829569e6], [2260.964, 8.990044980164118e6], [2449.127, 8.990183669451907e6], [3600.015, 9.100157974519921e6]]"
y_pb,[[8.0 10.0 15.0 23.0 -0.0 -0.0 -0.0 -0.0 -0.0 -0.0 -0.0 -0.0 -0.0 -0.0 -0.0; -0.0 -0.0 -0.0 -0.0 -0.0 11.0 -0.0 -0.0 -0.0 -0.0 -0.0 -0.0 -0.0 -0.0 -0.0; -0.0 -0.0 -0.0 -0.0 -0.0 -0.0 -0.0 -0.0 -0.0 -0.0 -0.0 0.0 -0.0 -0.0 -0.0; -0.0 -0.0 -0.0 -0.0 -0.0 -0.0 -0.0 -0.0 -0.0 -0.0 -0.0 0.0 -0.0 -0.0 -0.0;;;]]
x_bb,"[56.0, 11.0, 0.0, 0.0]"
x_box,"[29.0000000126643, 37.99999998983569, -0.0, -0.0]"
evol_zeta,"[[2.328, 23.0], [2.387, 16.375000001737504], [2.543, 16.0], [2.819, 16.0], [3.064, 15.0], [3.385, 15.285714285714288], [3.624, 14.0], [5.085, 14.428571428571427], [5.547, 14.571428571428571], [6.216, 13.857142857142854], [7.048, 12.875], [10.733, 12.666666666666666], [12.013, 12.77777777777778], [14.29, 13.0], [18.182, 11.0], [20.81, 10.555555555555555], [24.102, 12.444444444444414], [29.565, 11.444444444444445], [35.999, 11.222222222222221], [42.797, 12.11111111111111], [49.475, 10.285714285714286], [54.417, 12.333333333333334], [79.34, 11.222222222222221], [91.671, 11.0], [101.817, 10.428571428571427], [111.498, 10.0], [125.793, 10.777777777777773], [150.58, 10.0], [181.568, 9.666666666666664], [204.761, 10.299999999999999], [234.636, 9.571428571428573], [277.666, 10.0], [318.033, 9.600000000000001], [378.515, 9.454545454545455], [423.303, 10.899999999999999], [633.301, 9.0], [701.354, 10.2], [1248.38, 9.777777777777779], [1398.477, 10.666666666666666], [1492.354, 9.7], [1584.656, 9.0], [1677.747, 9.0], [1868.833, 9.600000000000001], [1974.158, 9.2], [2082.588, 8.374999999999996], [2260.986, 8.555555555555555], [2449.164, 8.222222222222221], [3600.031, 0.0]]"
ξ_box,[8.0 4.0 8.0 -0.0; 10.0 6.0 10.0 -0.0; 15.0 11.0 15.0 -0.0; 13.0 23.0 11.0 17.0; 8.0 18.0 6.0 12.0; 3.0 13.0 11.0 13.0; -0.0 18.0 15.0 16.99999998842021; 2.0 16.0 16.0 15.0; 9.0 9.0 9.0 8.0; -0.0 -0.0 2.0 -0.0; -0.0 -0.0 3.0 -0.0; 17.0 -0.0 13.0 18.0; 17.0 4.0 8.0 13.0; 17.0 11.0 7.0 20.0; 26.0 13.0 16.0 17.0]
