first,second
s_box,[0.0; 0.0; 10.0; 30.0; 26.0; 22.0; 21.0; 21.0; 22.0; 24.0; 24.0; 26.0; 31.0; 0.0; 0.0;;]
x_pb,"[60.0, -0.0, -0.0, 20.0]"
s_bb,[0.0; 0.0; 10.0; 30.0; 26.0; 22.0; 21.0; 21.0; 22.0; 24.0; 24.0; 26.0; 31.0; 0.0; 0.0;;]
partition_bb,"[[[0.0, 0.0, 0.0, 0.0, 0.0, 0.0, 0.0, 0.0, 6.0, 7.0, 17.0, 18.0, 31.0, 1.0, 0.0], [1.0, 20.0, 25.0, 30.0, 7.0, 2.0, 0.0, 0.0, 0.0, 0.0, 0.0, 0.0, 0.0, 0.0, 0.0], [0.0, 0.0, 0.0, 0.0, 12.0, 17.0, 21.0, 20.0, 8.0, 2.0, 0.0, 0.0, 0.0, 0.0, 0.0], [0.0, 0.0, 0.0, 0.0, 0.0, 3.0, 5.0, 6.0, 18.0, 24.0, 14.0, 13.0, 0.0, 0.0, 0.0], [12.0, 0.0, 5.0, 10.0, 0.0, 7.0, 8.0, 9.0, 0.0, 0.0, 9.0, 0.0, 0.0, 6.0, 14.0], [0.0, 0.0, 0.0, 3.0, 26.0, 19.0, 17.0, 16.0, 4.0, 0.0, 0.0, 0.0, 0.0, 0.0, 0.0], [10.0, 29.0, 24.0, 19.0, 0.0, 0.0, 0.0, 0.0, 0.0, 0.0, 0.0, 0.0, 0.0, 0.0, 0.0], [0.0, 0.0, 0.0, 0.0, 0.0, 0.0, 0.0, 0.0, 9.0, 15.0, 17.0, 26.0, 13.0, 0.0, 0.0], [0.0, 0.0, 0.0, 0.0, 0.0, 1.0, 3.0, 4.0, 13.0, 14.0, 24.0, 15.0, 10.0, 0.0, 0.0], [0.0, 0.0, 0.0, 0.0, 0.0, 7.0, 9.0, 10.0, 22.0, 16.0, 11.0, 5.0, 0.0, 0.0, 0.0], [5.0, 24.0, 29.0, 24.0, 1.0, 0.0, 0.0, 0.0, 0.0, 0.0, 0.0, 0.0, 0.0, 0.0, 0.0], [0.0, 0.0, 0.0, 0.0, 15.0, 22.0, 18.0, 17.0, 7.0, 1.0, 0.0, 0.0, 0.0, 0.0, 0.0], [0.0, 0.0, 0.0, 0.0, 11.0, 16.0, 20.0, 21.0, 9.0, 3.0, 1.0, 0.0, 0.0, 0.0, 0.0]]]"
y_box,[12.0 29.0 19.0 0.0 0.0 0.0 0.0 0.0 -0.0 -0.0 -0.0 -0.0 -0.0 -0.0 -0.0; -0.0 -0.0 -0.0 -0.0 -0.0 -0.0 -0.0 -0.0 0.0 0.0 0.0 -0.0 -0.0 -0.0 -0.0; -0.0 -0.0 -0.0 -0.0 -0.0 -0.0 -0.0 -0.0 -0.0 -0.0 -0.0 -0.0 -0.0 -0.0 -0.0; -0.0 -0.0 -0.0 -0.0 -0.0 -0.0 -0.0 -0.0 -0.0 -0.0 -0.0 -0.0 0.0 6.0 14.0;;;]
evol_bb,"[[0.404, 3.0011319913532354e7]]"
y_bb,[12.0 29.0 19.0 0.0 0.0 0.0 0.0 0.0 -0.0 -0.0 -0.0 -0.0 -0.0 -0.0 -0.0; -0.0 -0.0 -0.0 -0.0 -0.0 -0.0 -0.0 -0.0 0.0 0.0 0.0 -0.0 -0.0 -0.0 -0.0; -0.0 -0.0 -0.0 -0.0 -0.0 -0.0 -0.0 -0.0 -0.0 -0.0 -0.0 -0.0 -0.0 -0.0 -0.0; -0.0 -0.0 -0.0 -0.0 -0.0 -0.0 -0.0 -0.0 -0.0 -0.0 -0.0 -0.0 0.0 6.0 14.0;;;]
evol_box,"[[0.496, 0.0], [2.124, 3920.6222421853295], [2.207, 9.928092892703447e6], [2.218, 1.728427029676325e7], [2.229, 2.0436917755646024e7], [2.238, 2.3939571984385114e7], [2.246, 2.5807807515574906e7], [2.256, 2.6858672454649583e7], [2.269, 2.779279022024448e7], [2.276, 2.8610143265140012e7], [2.287, 2.907720214793746e7], [2.296, 2.9544261030734908e7], [2.305, 2.989455519283299e7], [2.321, 3.0011319913532354e7]]"
y_pb,[[12.0 28.999999999999996 19.000000000000004 -0.0 -0.0 -0.0 -0.0 -0.0 -0.0 -0.0 -0.0 -0.0 -0.0 -0.0 -0.0; -0.0 -0.0 -0.0 -0.0 -0.0 -0.0 -0.0 -0.0 -0.0 -0.0 -0.0 0.0 -0.0 -0.0 -0.0; -0.0 -0.0 -0.0 -0.0 -0.0 -0.0 -0.0 -0.0 -0.0 -0.0 -0.0 0.0 -0.0 -0.0 -0.0; -0.0 -0.0 -0.0 -0.0 -0.0 -0.0 -0.0 -0.0 -0.0 -0.0 -0.0 -0.0 -0.0 6.0 14.0;;;]]
x_bb,"[60.0, 0.0, 0.0, 20.0]"
x_box,"[60.0, 0.0, 0.0, 20.0]"
evol_zeta,"[[1.798, 31.0], [2.206, 29.166666666666664], [2.217, 21.0], [2.228, 16.571428571428573], [2.237, 14.0], [2.244, 13.166666666666664], [2.255, 8.5], [2.267, 8.0], [2.275, 6.5], [2.286, 4.0], [2.295, 3.3999999999999986], [2.303, 3.0], [2.319, 0.8571428571428577], [2.335, 0.0]]"
ξ_box,[12.0; 29.0; 29.0; 30.0; 26.0; 22.0; 21.0; 21.0; 22.0; 24.0; 24.0; 26.0; 31.0; 6.0; 14.0;;]
