first,second
s_box,[0.0; 0.0; 0.0; 0.0; 18.0; 2.0; 18.0; 16.0; 9.0; 6.0; 5.0; 25.0; 23.0; 24.0; 26.0;;]
x_pb,"[56.0, 11.0, -0.0, -0.0]"
s_bb,[0.0; 0.0; 0.0; 0.0; 18.0; 2.0; 18.0; 16.0; 9.0; 6.0; 5.0; 25.0; 23.0; 24.0; 26.0;;]
partition_bb,"[[[0.0, 0.0, 0.0, 0.0, 0.0, 0.0, 0.0, 0.0, 0.0, 0.0, 0.0, 12.0, 15.0, 17.0, 26.0], [0.0, 0.0, 5.0, 23.0, 18.0, 13.0, 8.0, 0.0, 0.0, 0.0, 0.0, 0.0, 0.0, 0.0, 0.0], [0.0, 2.0, 5.0, 9.0, 4.0, 9.0, 4.0, 16.0, 9.0, 0.0, 0.0, 0.0, 5.0, 0.0, 4.0], [0.0, 0.0, 0.0, 0.0, 0.0, 0.0, 0.0, 0.0, 0.0, 0.0, 0.0, 25.0, 20.0, 13.0, 11.0], [5.0, 3.0, 0.0, 3.0, 8.0, 13.0, 18.0, 6.0, 0.0, 6.0, 5.0, 0.0, 0.0, 0.0, 0.0], [8.0, 10.0, 15.0, 5.0, 0.0, 0.0, 0.0, 10.0, 3.0, 6.0, 5.0, 5.0, 0.0, 0.0, 0.0], [0.0, 0.0, 0.0, 0.0, 0.0, 0.0, 0.0, 0.0, 0.0, 0.0, 0.0, 12.0, 17.0, 24.0, 15.0], [0.0, 0.0, 0.0, 0.0, 0.0, 0.0, 0.0, 0.0, 0.0, 0.0, 0.0, 18.0, 23.0, 16.0, 12.0]]]"
y_box,[8.0 10.0 15.0 23.0 0.0 -0.0 -0.0 -0.0 -0.0 -0.0 -0.0 -0.0 -0.0 -0.0 -0.0; -0.0 -0.0 -0.0 -0.0 -0.0 11.0 0.0 0.0 0.0 0.0 0.0 -0.0 -0.0 -0.0 -0.0; -0.0 -0.0 -0.0 -0.0 -0.0 -0.0 -0.0 -0.0 -0.0 -0.0 -0.0 -0.0 -0.0 -0.0 -0.0; -0.0 -0.0 -0.0 -0.0 -0.0 -0.0 -0.0 -0.0 -0.0 -0.0 -0.0 0.0 0.0 0.0 0.0;;;]
evol_bb,"[[0.305, 1.8856032006306004e7]]"
y_bb,[8.0 10.0 15.0 23.0 0.0 -0.0 -0.0 -0.0 -0.0 -0.0 -0.0 -0.0 -0.0 -0.0 -0.0; -0.0 -0.0 -0.0 -0.0 -0.0 11.0 0.0 0.0 0.0 0.0 0.0 -0.0 -0.0 -0.0 -0.0; -0.0 -0.0 -0.0 -0.0 -0.0 -0.0 -0.0 -0.0 -0.0 -0.0 -0.0 -0.0 -0.0 -0.0 -0.0; -0.0 -0.0 -0.0 -0.0 -0.0 -0.0 -0.0 -0.0 -0.0 -0.0 -0.0 0.0 0.0 0.0 0.0;;;]
evol_box,"[[0.431, 0.0], [2.014, 331754.5054505437], [2.092, 7.674931484441096e6], [2.099, 1.2388467837276027e7], [2.114, 1.4361665242504403e7], [2.119, 1.6663590444941137e7], [2.125, 1.775981122562357e7], [2.131, 1.8527165772101272e7], [2.138, 1.8856032006306004e7]]"
y_pb,[[8.0 10.0 15.0 23.0 -0.0 -0.0 -0.0 -0.0 -0.0 -0.0 -0.0 -0.0 -0.0 -0.0 -0.0; -0.0 -0.0 -0.0 -0.0 -0.0 11.0 -0.0 -0.0 -0.0 -0.0 -0.0 -0.0 -0.0 -0.0 -0.0; -0.0 -0.0 -0.0 -0.0 -0.0 -0.0 -0.0 -0.0 -0.0 -0.0 -0.0 0.0 -0.0 -0.0 -0.0; -0.0 -0.0 -0.0 -0.0 -0.0 -0.0 -0.0 -0.0 -0.0 -0.0 -0.0 0.0 -0.0 -0.0 -0.0;;;]]
x_bb,"[56.0, 11.0, 0.0, 0.0]"
x_box,"[56.0, 11.0, 0.0, 0.0]"
evol_zeta,"[[1.685, 25.25], [2.091, 23.0], [2.098, 16.0], [2.112, 12.5], [2.118, 10.0], [2.124, 10.000000000000012], [2.13, 6.75], [2.137, 2.5], [2.144, 0.0]]"
ξ_box,[8.0; 10.0; 15.0; 23.0; 18.0; 13.0; 18.0; 16.0; 9.0; 6.0; 5.0; 25.0; 23.0; 24.0; 26.0;;]
