first,second
s_box,[0.0 23.0 0.0 16.0 13.0; 0.0 19.0 0.0 11.0 14.0; 0.0 0.0 0.0 0.0 0.0; 0.0 0.0 0.0 0.0 0.0; 0.0 0.0 0.0 0.0 12.0; 0.0 0.0 1.0 0.0 0.0; 0.0 0.0 0.0 0.0 0.0; 0.0 3.0 4.0 0.0 0.0; 0.0 5.0 5.0 0.0 0.0; 6.0 0.0 23.0 0.0 7.0; 12.0 0.0 27.0 0.0 4.0; 0.0 10.0 15.0 16.0 10.0; 28.0 12.0 0.0 20.0 8.0; 28.0 2.0 0.0 11.0 0.0; 0.0 0.0 0.0 0.0 7.0]
x_pb,"[42.0, -0.0, -0.0, 32.0]"
s_bb,[-0.0 -0.0 -0.0 -0.0 -0.0; 1.0 -0.0 -0.0 -0.0 -0.0; -0.0 -0.0 -0.0 -0.0 -0.0; -0.0 -0.0 -0.0 -0.0 -0.0; 4.0 -0.0 -0.0 -0.0 -0.0; -0.0 -0.0 -0.0 -0.0 -0.0; -0.0 -0.0 -0.0 -0.0 -0.0; 2.0 -0.0 -0.0 -0.0 -0.0; -0.0 -0.0 -0.0 -0.0 -0.0; 21.0 16.0 -0.0 -0.0 -0.0; 12.0 -0.0 -0.0 -0.0 -0.0; 22.0 -0.0 2.0 4.0 -0.0; 28.0 -0.0 -0.0 -0.0 -0.0; 0.0 -0.0 -0.0 -0.0 3.0; 21.0 23.0 1.0 -0.0 -0.0]
partition_bb,"[[[23.0, 18.0, 13.0, 8.0, 4.0, 0.0, 0.0, 2.0, 0.0, 0.0, 0.0, 0.0, 0.0, 6.0, 0.0], [0.0, 0.0, 0.0, 0.0, 0.0, 0.0, 0.0, 0.0, 0.0, 2.0, 12.0, 22.0, 28.0, 11.0, 3.0], [19.0, 14.0, 9.0, 4.0, 0.0, 0.0, 0.0, 0.0, 0.0, 21.0, 11.0, 1.0, 0.0, 0.0, 0.0], [18.0, 13.0, 8.0, 3.0, 0.0, 0.0, 0.0, 0.0, 0.0, 0.0, 0.0, 0.0, 0.0, 13.0, 21.0]], [[0.0, 0.0, 0.0, 0.0, 0.0, 0.0, 0.0, 1.0, 2.0, 23.0, 13.0, 3.0, 0.0, 15.0, 23.0], [0.0, 0.0, 0.0, 0.0, 0.0, 0.0, 0.0, 0.0, 0.0, 0.0, 6.0, 16.0, 9.0, 26.0, 18.0]], [[0.0, 0.0, 0.0, 0.0, 0.0, 0.0, 0.0, 0.0, 0.0, 0.0, 0.0, 2.0, 11.0, 28.0, 36.0]], [[0.0, 0.0, 0.0, 0.0, 0.0, 0.0, 0.0, 4.0, 5.0, 17.0, 27.0, 17.0, 8.0, 0.0, 0.0]], [[13.0, 8.0, 3.0, 0.0, 0.0, 0.0, 0.0, 0.0, 0.0, 0.0, 0.0, 0.0, 9.0, 26.0, 18.0]]]"
y_box,[0.0 0.0 0.0 0.0 0.0 0.0 0.0 0.0 0.0 10.0 0.0 0.0 0.0 0.0 13.0; 0.0 0.0 0.0 0.0 0.0 0.0 0.0 0.0 0.0 0.0 0.0 0.0 0.0 0.0 0.0; 0.0 0.0 0.0 0.0 0.0 0.0 0.0 0.0 0.0 2.0 0.0 0.0 0.0 0.0 0.0; 0.0 0.0 0.0 0.0 0.0 0.0 0.0 0.0 0.0 0.0 0.0 22.0 0.0 0.0 23.0;;; 0.0 0.0 13.0 8.0 0.0 0.0 0.0 0.0 0.0 0.0 0.0 0.0 2.0 0.0 0.0; 0.0 0.0 0.0 0.0 0.0 0.0 0.0 0.0 0.0 0.0 0.0 0.0 0.0 0.0 0.0; 0.0 0.0 0.0 0.0 0.0 0.0 0.0 0.0 0.0 0.0 0.0 0.0 2.0 0.0 0.0; 0.0 0.0 0.0 0.0 12.0 0.0 0.0 0.0 0.0 19.0 15.0 0.0 3.0 0.0 0.0;;; 0.0 0.0 3.0 8.0 12.0 0.0 0.0 0.0 0.0 0.0 0.0 0.0 0.0 0.0 0.0; 0.0 0.0 0.0 0.0 0.0 0.0 0.0 0.0 0.0 0.0 0.0 0.0 0.0 0.0 0.0; 0.0 0.0 0.0 0.0 0.0 0.0 0.0 0.0 0.0 0.0 0.0 2.0 0.0 0.0 0.0; 0.0 0.0 0.0 0.0 0.0 0.0 0.0 0.0 0.0 0.0 0.0 0.0 8.0 18.0 23.0;;; 0.0 0.0 6.0 0.0 0.0 0.0 0.0 0.0 1.0 0.0 16.0 0.0 0.0 0.0 0.0; 0.0 0.0 0.0 0.0 0.0 0.0 0.0 0.0 0.0 0.0 0.0 0.0 0.0 0.0 0.0; 0.0 0.0 0.0 0.0 0.0 0.0 0.0 0.0 0.0 0.0 0.0 0.0 0.0 2.0 0.0; 0.0 0.0 0.0 1.0 0.0 0.0 0.0 0.0 0.0 16.0 7.0 0.0 0.0 8.0 16.0;;; 6.0 0.0 9.0 8.0 0.0 0.0 0.0 0.0 0.0 0.0 0.0 0.0 0.0 0.0 0.0; 0.0 0.0 0.0 0.0 0.0 0.0 0.0 0.0 0.0 0.0 0.0 0.0 0.0 0.0 0.0; 0.0 0.0 0.0 0.0 0.0 0.0 0.0 0.0 0.0 2.0 0.0 0.0 0.0 0.0 0.0; 0.0 0.0 0.0 0.0 0.0 0.0 0.0 0.0 0.0 3.0 0.0 0.0 8.0 26.0 12.0]
evol_bb,Vector{Float64}[]
y_bb,[23.0 17.0 13.0 8.0 0.0 -0.0 -0.0 -0.0 -0.0 -0.0 -0.0 -0.0 -0.0 -0.0 -0.0; -0.0 -0.0 -0.0 -0.0 -0.0 -0.0 -0.0 0.0 -0.0 0.0 0.0 -0.0 -0.0 -0.0 -0.0; -0.0 -0.0 -0.0 -0.0 -0.0 -0.0 -0.0 -0.0 -0.0 -0.0 0.0 0.0 -0.0 -0.0 -0.0; -0.0 -0.0 -0.0 -0.0 -0.0 -0.0 -0.0 -0.0 -0.0 -0.0 -0.0 -0.0 0.0 13.0 0.0;;; -0.0 -0.0 -0.0 -0.0 -0.0 -0.0 -0.0 -0.0 0.0 7.0 13.0 15.0 -0.0 26.0 0.0; -0.0 -0.0 -0.0 -0.0 -0.0 -0.0 -0.0 0.0 -0.0 -0.0 -0.0 -0.0 -0.0 -0.0 -0.0; -0.0 -0.0 -0.0 -0.0 -0.0 -0.0 -0.0 0.0 -0.0 -0.0 -0.0 -0.0 -0.0 0.0 -0.0; -0.0 -0.0 -0.0 -0.0 -0.0 -0.0 -0.0 1.0 2.0 -0.0 -0.0 1.0 9.0 -0.0 -0.0;;; -0.0 -0.0 -0.0 -0.0 -0.0 -0.0 -0.0 -0.0 -0.0 -0.0 -0.0 0.0 -0.0 28.0 33.0; -0.0 -0.0 -0.0 -0.0 -0.0 -0.0 -0.0 -0.0 -0.0 -0.0 -0.0 -0.0 0.0 0.0 -0.0; -0.0 -0.0 -0.0 -0.0 -0.0 -0.0 -0.0 -0.0 -0.0 -0.0 -0.0 -0.0 0.0 -0.0 -0.0; -0.0 -0.0 -0.0 -0.0 -0.0 -0.0 -0.0 -0.0 -0.0 -0.0 -0.0 -0.0 11.0 -0.0 2.0;;; -0.0 -0.0 -0.0 -0.0 -0.0 -0.0 -0.0 0.0 5.0 8.0 27.0 13.0 8.0 -0.0 -0.0; -0.0 -0.0 -0.0 -0.0 -0.0 -0.0 -0.0 -0.0 -0.0 -0.0 0.0 0.0 -0.0 -0.0 -0.0; -0.0 -0.0 -0.0 -0.0 -0.0 -0.0 -0.0 -0.0 0.0 -0.0 -0.0 -0.0 -0.0 -0.0 -0.0; -0.0 -0.0 -0.0 -0.0 -0.0 -0.0 -0.0 4.0 -0.0 9.0 -0.0 -0.0 0.0 -0.0 -0.0;;; 8.0 -0.0 3.0 -0.0 -0.0 -0.0 -0.0 -0.0 -0.0 -0.0 -0.0 -0.0 9.0 23.0 18.0; 0.0 -0.0 -0.0 -0.0 -0.0 -0.0 -0.0 -0.0 -0.0 -0.0 -0.0 -0.0 -0.0 -0.0 -0.0; -0.0 -0.0 0.0 -0.0 -0.0 -0.0 -0.0 -0.0 -0.0 -0.0 -0.0 -0.0 -0.0 -0.0 -0.0; 5.0 8.0 -0.0 -0.0 -0.0 -0.0 -0.0 -0.0 -0.0 -0.0 -0.0 -0.0 -0.0 -0.0 -0.0]
evol_box,"[[0.549, 0.0], [2.346, 362779.94461467955], [2.454, 484318.5799407681], [2.548, 484318.5799407654], [2.801, 725252.2293545008], [3.04, 725252.2293547272], [3.858, 3.3781475400563926e6], [7.467, 5.187383555275351e6], [7.911, 5.187383555275351e6], [11.299, 5.187383555275352e6], [12.066, 5.187383555275352e6], [15.774, 5.187383555275341e6], [20.602, 5.187383555275351e6], [24.849, 6.152200142566678e6], [29.219, 6.272759469155801e6], [31.373, 6.272777505161064e6], [40.119, 6.2728111016696105e6], [46.602, 6.272937936692938e6], [54.348, 6.393509198540206e6], [67.166, 6.393586624725629e6], [98.552, 7.117038577512422e6], [122.593, 7.117100206108642e6], [133.917, 7.479275530186909e6], [189.472, 7.84101481946056e6], [264.265, 7.841010137820223e6], [300.534, 8.082309882333007e6], [415.292, 8.082179845650065e6], [540.761, 8.082309882333007e6], [769.673, 8.202596862213746e6], [947.068, 8.443880028880741e6], [1004.047, 8.444737125078527e6], [1646.835, 8.80579074002678e6], [2043.413, 8.805790842757285e6], [2157.874, 8.807613907630298e6], [3064.744, 8.926563223494837e6], [3600.1, 9.047092464202587e6]]"
y_pb,[[21.0 -0.0 13.0 8.0 -0.0 -0.0 -0.0 -0.0 -0.0 -0.0 -0.0 -0.0 -0.0 -0.0 -0.0; -0.0 -0.0 -0.0 -0.0 -0.0 -0.0 -0.0 -0.0 0.0 -0.0 -0.0 -0.0 -0.0 -0.0 -0.0; -0.0 -0.0 -0.0 -0.0 -0.0 -0.0 -0.0 -0.0 -0.0 -0.0 -0.0 0.0 -0.0 -0.0 -0.0; -0.0 -0.0 -0.0 -0.0 -0.0 -0.0 -0.0 -0.0 -0.0 -0.0 -0.0 -0.0 -0.0 32.0 -0.0;;;]]
x_bb,"[61.0, -0.0, 0.0, 13.0]"
x_box,"[23.0, 0.0, 2.0, 49.0]"
evol_zeta,"[[1.929, 35.25], [2.44, 26.333333333333332], [2.493, 23.0], [2.6, 22.142857142857142], [2.869, 19.333333333333336], [3.072, 19.0], [3.911, 18.666666666666664], [7.519, 18.25], [7.962, 15.400000001640002], [11.331, 15.375000001637503], [12.131, 15.25], [15.808, 17.166666666666664], [20.651, 15.125], [24.884, 14.833333333333336], [29.29, 13.125], [31.399, 13.5], [40.176, 12.88888888888889], [46.669, 12.8], [54.398, 12.5], [67.198, 12.5], [98.617, 12.375], [122.628, 12.0], [133.965, 12.0], [189.544, 12.000000000000004], [264.292, 12.000000000000039], [300.574, 12.0], [415.327, 12.0], [540.826, 11.666666666666666], [769.723, 12.25], [947.117, 12.0], [1004.103, 12.0], [1646.88, 12.0], [2043.469, 12.0], [2157.914, 12.0], [3064.825, 11.555555555555555], [3600.121, 0.0]]"
ξ_box,[-0.0 23.0 -0.0 16.0 19.0; -0.0 19.0 -0.0 11.0 14.0; -0.0 13.0 3.0 6.0 9.0; 0.0 8.0 8.0 1.0 8.0; -0.0 12.0 12.0 -0.0 12.0; -0.0 -0.0 1.0 0.0 -0.0; 0.0 0.0 0.0 0.0 0.0; 0.0 3.0 4.0 -0.0 -0.0; 0.0 5.0 5.0 1.0 -0.0; 18.0 19.0 23.0 16.0 12.0; 12.0 15.0 27.0 23.0 4.0; 22.0 10.0 17.0 16.0 10.0; 28.0 19.0 8.0 20.0 16.0; 28.0 2.0 18.0 21.0 26.0; 36.0 -0.0 23.0 16.0 19.0]
