first,second
s_box,[42.0 2.0 25.0 25.0; 22.0 15.0 5.0 -0.0; 20.0 -0.0 14.0 19.0; -0.0 -0.0 -0.0 -0.0; 0.0 -0.0 -0.0 -0.0; 0.0 2.0 -0.0 -0.0; 7.0 -0.0 2.0 -0.0; -0.0 18.0 -0.0 4.0; 2.0 16.0 13.0 19.0; -0.0 -0.0 17.0 -0.0; 1.0 13.0 11.0 16.0; 4.0 -0.0 8.0 19.0; -0.0 19.0 -0.0 -0.0; -0.0 -0.0 -0.0 4.0; 9.0 15.0 12.0 -0.0]
x_pb,"[18.0, 18.0, -0.0, 37.0]"
s_bb,[19.0 42.0 17.0 -0.0; 19.0 -0.0 -0.0 -0.0; 4.0 7.0 19.0 -0.0; -0.0 -0.0 -0.0 -0.0; 1.0 -0.0 -0.0 -0.0; -0.0 -0.0 -0.0 -0.0; 6.0 -0.0 -0.0 7.0; -0.0 13.0 1.0 3.0; 19.0 -0.0 9.0 -0.0; -0.0 -0.0 21.0 -0.0; -0.0 -0.0 -0.0 -0.0; -0.0 -0.0 12.0 2.0; -0.0 19.0 -0.0 11.0; 17.0 22.0 17.0 -0.0; -0.0 -0.0 4.0 -0.0]
partition_bb,"[[[19.0, 0.0, 0.0, 0.0, 0.0, 0.0, 3.0, 4.0, 19.0, 15.0, 9.0, 6.0, 0.0, 0.0, 0.0], [0.0, 19.0, 4.0, 0.0, 0.0, 0.0, 3.0, 4.0, 19.0, 15.0, 9.0, 6.0, 0.0, 0.0, 0.0], [0.0, 17.0, 2.0, 0.0, 1.0, 1.0, 6.0, 17.0, 2.0, 0.0, 0.0, 1.0, 10.0, 17.0, 4.0]], [[42.0, 22.0, 7.0, 2.0, 0.0, 0.0, 0.0, 0.0, 0.0, 0.0, 0.0, 0.0, 0.0, 0.0, 0.0], [0.0, 0.0, 0.0, 0.0, 0.0, 0.0, 0.0, 0.0, 0.0, 1.0, 7.0, 10.0, 19.0, 26.0, 13.0], [36.0, 16.0, 1.0, 0.0, 1.0, 1.0, 6.0, 17.0, 2.0, 0.0, 0.0, 0.0, 0.0, 0.0, 0.0]], [[0.0, 0.0, 0.0, 0.0, 0.0, 0.0, 2.0, 3.0, 17.0, 21.0, 15.0, 12.0, 3.0, 0.0, 0.0], [17.0, 0.0, 0.0, 0.0, 1.0, 1.0, 6.0, 17.0, 2.0, 0.0, 0.0, 1.0, 10.0, 17.0, 4.0], [0.0, 4.0, 19.0, 12.0, 1.0, 1.0, 1.0, 2.0, 17.0, 13.0, 7.0, 4.0, 0.0, 0.0, 0.0]], [[0.0, 0.0, 0.0, 0.0, 2.0, 2.0, 7.0, 18.0, 3.0, 5.0, 0.0, 2.0, 11.0, 18.0, 5.0]]]"
y_box,[-0.0 0.0 0.0 13.0 2.0 2.0 -0.0 -0.0 -0.0 -0.0 -0.0 -0.0 -0.0 -0.0 -0.0; -0.0 -0.0 -0.0 -0.0 -0.0 -0.0 -0.0 17.0 -0.0 -0.0 0.0 -0.0 -0.0 -0.0 -0.0; -0.0 -0.0 -0.0 -0.0 -0.0 -0.0 -0.0 -0.0 -0.0 -0.0 -0.0 -0.0 -0.0 -0.0 -0.0; -0.0 -0.0 -0.0 -0.0 -0.0 -0.0 -0.0 -0.0 -0.0 -0.0 -0.0 0.0 13.0 20.0 6.0;;; -0.0 0.0 -0.0 -0.0 -0.0 -0.0 2.0 -0.0 -0.0 15.0 -0.0 -0.0 -0.0 -0.0 -0.0; 5.0 -0.0 -0.0 -0.0 2.0 -0.0 -0.0 -0.0 -0.0 -0.0 -0.0 10.0 -0.0 -0.0 -0.0; -0.0 -0.0 -0.0 -0.0 -0.0 -0.0 -0.0 -0.0 -0.0 -0.0 -0.0 -0.0 -0.0 -0.0 -0.0; 8.0 -0.0 0.0 -0.0 0.0 -0.0 5.0 0.0 -0.0 -0.0 -0.0 -0.0 0.0 26.0 0.0;;; -0.0 -0.0 -0.0 13.0 2.0 2.0 0.0 -0.0 -0.0 -0.0 -0.0 -0.0 -0.0 -0.0 -0.0; -0.0 -0.0 -0.0 0.0 -0.0 0.0 2.0 15.0 -0.0 0.0 -0.0 -0.0 -0.0 -0.0 -0.0; -0.0 -0.0 -0.0 -0.0 -0.0 -0.0 -0.0 -0.0 -0.0 -0.0 -0.0 -0.0 -0.0 -0.0 -0.0; -0.0 -0.0 -0.0 -0.0 -0.0 -0.0 -0.0 -0.0 -0.0 -0.0 -0.0 -0.0 15.0 22.0 2.0;;; 1.0 2.0 -0.0 11.0 1.0 1.0 0.0 -0.0 0.0 -0.0 0.0 0.0 -0.0 1.0 -0.0; -0.0 17.0 -0.0 -0.0 -0.0 -0.0 -0.0 -0.0 -0.0 0.0 -0.0 -0.0 -0.0 -0.0 -0.0; -0.0 -0.0 -0.0 -0.0 -0.0 -0.0 -0.0 -0.0 -0.0 -0.0 -0.0 -0.0 -0.0 -0.0 -0.0; -0.0 -0.0 -0.0 2.0 -0.0 -0.0 3.0 -0.0 -0.0 21.0 -0.0 -0.0 13.0 -0.0 -0.0]
evol_bb,Vector{Float64}[]
y_bb,[-0.0 -0.0 -0.0 -0.0 -0.0 -0.0 -0.0 1.0 -0.0 -0.0 -0.0 6.0 -0.0 -0.0 -0.0; -0.0 -0.0 -0.0 -0.0 -0.0 1.0 -0.0 -0.0 -0.0 -0.0 9.0 -0.0 10.0 -0.0 4.0; -0.0 -0.0 -0.0 -0.0 -0.0 -0.0 -0.0 -0.0 -0.0 15.0 -0.0 -0.0 -0.0 -0.0 -0.0; -0.0 -0.0 -0.0 -0.0 -0.0 -0.0 -0.0 16.0 -0.0 -0.0 -0.0 -0.0 -0.0 -0.0 -0.0;;; -0.0 -0.0 -0.0 -0.0 1.0 -0.0 -0.0 4.0 -0.0 -0.0 -0.0 -0.0 -0.0 -0.0 13.0; -0.0 8.0 -0.0 -0.0 -0.0 -0.0 -0.0 -0.0 2.0 -0.0 -0.0 10.0 -0.0 4.0 -0.0; -0.0 -0.0 -0.0 2.0 -0.0 -0.0 6.0 -0.0 -0.0 -0.0 7.0 -0.0 -0.0 -0.0 -0.0; -0.0 14.0 -0.0 -0.0 -0.0 1.0 -0.0 -0.0 -0.0 1.0 -0.0 -0.0 -0.0 -0.0 -0.0;;; -0.0 -0.0 -0.0 -0.0 -0.0 -0.0 -0.0 -0.0 8.0 -0.0 -0.0 -0.0 10.0 -0.0 -0.0; -0.0 -0.0 -0.0 12.0 -0.0 1.0 6.0 5.0 -0.0 -0.0 -0.0 -0.0 -0.0 -0.0 -0.0; -0.0 4.0 -0.0 -0.0 -0.0 -0.0 -0.0 11.0 -0.0 -0.0 -0.0 -0.0 -0.0 -0.0 -0.0; -0.0 -0.0 -0.0 -0.0 1.0 -0.0 -0.0 -0.0 -0.0 -0.0 15.0 -0.0 -0.0 -0.0 -0.0;;; -0.0 -0.0 -0.0 -0.0 -0.0 -0.0 -0.0 -0.0 -0.0 5.0 -0.0 -0.0 -0.0 -0.0 5.0; -0.0 -0.0 -0.0 -0.0 -0.0 -0.0 -0.0 -0.0 -0.0 -0.0 -0.0 -0.0 -0.0 18.0 -0.0; -0.0 -0.0 -0.0 -0.0 -0.0 -0.0 -0.0 15.0 -0.0 -0.0 -0.0 -0.0 -0.0 -0.0 -0.0; -0.0 -0.0 -0.0 -0.0 2.0 2.0 -0.0 -0.0 3.0 -0.0 -0.0 -0.0 -0.0 -0.0 -0.0]
evol_box,"[[0.497, 0.0], [2.191, 2909.2584487579297], [2.344, 349584.7458820398], [2.484, 699043.298664777], [2.63, 699043.2986647803], [2.781, 3.140197581801778e6], [3.244, 3.1401975818017777e6], [3.487, 5.233536703398234e6], [3.919, 5.350072526262839e6], [4.657, 5.350072526262838e6], [5.343, 5.350072526262838e6], [5.788, 5.350072526262821e6], [6.508, 6.396117928144979e6], [8.218, 6.39611792814498e6], [9.99, 6.977288803111682e6], [12.517, 7.4423103429894615e6], [15.611, 7.791115899135967e6], [18.058, 8.256283357971398e6], [23.848, 8.256283357971398e6], [29.118, 8.721578195119102e6], [36.025, 8.953906184013661e6], [43.14, 9.070190644074501e6], [53.662, 9.18648763661131e6], [61.115, 9.186884267235352e6], [76.359, 9.651545504759273e6], [89.93, 9.651545504759274e6], [112.959, 1.0000420487758826e7], [130.342, 1.0116896064419739e7], [155.037, 1.0232931969599046e7], [192.008, 1.0581862264765806e7], [239.844, 1.058192965603773e7], [273.263, 1.069805336837396e7], [309.209, 1.069811541383738e7], [359.528, 1.0814239039011132e7], [421.485, 1.1047188500247803e7], [480.684, 1.1047188500247803e7], [594.695, 1.1163081815773524e7], [686.219, 1.127941217465667e7], [820.838, 1.127941217465667e7], [948.726, 1.1395632011721682e7], [1077.085, 1.139580353771029e7], [1232.185, 1.1628167782821056e7], [1398.806, 1.1628243682223154e7], [1626.619, 1.162831244064616e7], [1885.74, 1.1744482752595324e7], [2216.717, 1.1860735024753459e7], [2514.582, 1.1860902565295795e7], [2823.256, 1.1977072382480515e7], [3179.163, 1.1977355325198952e7], [3567.601, 1.2093339987018347e7], [3600.039, 1.2442135961575259e7]]"
y_pb,[[-0.0 -0.0 -0.0 13.0 2.0 3.0 -0.0 -0.0 -0.0 -0.0 -0.0 -0.0 -0.0 -0.0 -0.0; -0.0 -0.0 -0.0 -0.0 -0.0 -0.0 -0.0 18.0 -0.0 -0.0 -0.0 -0.0 -0.0 -0.0 -0.0; -0.0 -0.0 -0.0 -0.0 -0.0 -0.0 -0.0 -0.0 -0.0 -0.0 0.0 -0.0 -0.0 -0.0 -0.0; -0.0 -0.0 -0.0 -0.0 -0.0 -0.0 -0.0 -0.0 -0.0 -0.0 -0.0 -0.0 11.0 26.0 -0.0;;;]]
x_bb,"[18.0, 24.0, 15.0, 16.0]"
x_box,"[17.0, 17.0, -0.0, 39.0]"
evol_zeta,"[[2.282, 25.5], [2.393, 21.142857142857142], [2.5, 20.0], [2.663, 19.444444444444443], [2.836, 18.714285714285715], [3.27, 18.25], [3.538, 18.0], [4.013, 16.700000000000003], [4.709, 16.25], [5.413, 15.428571428571425], [5.83, 16.18181818181825], [6.549, 16.124999999999996], [8.293, 15.999999999999993], [10.026, 15.0], [12.577, 15.0], [15.677, 14.44444444444439], [18.108, 13.222222222222221], [23.873, 14.428571428571429], [29.274, 13.499999999999986], [36.143, 13.199999999999974], [43.207, 13.0], [53.782, 13.75], [61.245, 13.0], [76.438, 13.571428571428514], [90.039, 12.59999999999998], [113.012, 13.222222222222221], [130.392, 12.75], [155.073, 13.0], [192.032, 14.875], [239.898, 13.0], [273.326, 12.555555555555555], [309.302, 13.0], [359.564, 12.428571428571427], [421.542, 12.222222222222221], [480.745, 11.88888888888889], [594.753, 11.375000000000002], [686.265, 11.0], [820.91, 12.625001424183925], [948.771, 12.200000000000003], [1077.201, 11.444444444444443], [1232.322, 10.875000000000004], [1398.925, 10.500000000000014], [1626.691, 11.875], [1885.863, 12.222222222222221], [2216.765, 12.375], [2514.632, 11.444444444444445], [2823.301, 12.857142857142858], [3179.238, 11.571428571428575], [3567.661, 10.454545454545455], [3600.058, 0.0]]"
ξ_box,[42.0 15.0 25.0 26.0; 22.0 15.0 5.0 19.0; 20.0 0.0 14.0 19.0; 13.0 -0.0 13.0 13.0; 2.0 2.0 2.0 1.0; 2.0 2.0 2.0 1.0; 7.0 7.0 4.0 3.0; 17.0 18.0 15.0 4.0; 2.0 16.0 13.0 19.0; -0.0 15.0 17.0 21.0; 1.0 13.0 11.0 16.0; 4.0 10.0 8.0 19.0; 13.0 19.0 15.0 13.0; 20.0 26.0 22.0 5.0; 15.0 15.0 14.0 -0.0]
