first,second
s_box,[32.0; 29.0; 0.0; 0.0; 10.0; 2.0; 13.0; 19.0; 22.0; 17.0; 21.0; 23.0; 16.0; 16.0; 0.0;;]
x_pb,"[18.0, 15.0, -0.0, 42.0]"
s_bb,[32.0; 29.0; 0.0; 0.0; 10.0; 2.0; 13.0; 19.0; 22.0; 17.0; 21.0; 23.0; 16.0; 16.0; 0.0;;]
partition_bb,"[[[32.0, 27.0, 8.0, 6.0, 4.0, 0.0, 0.0, 0.0, 0.0, 0.0, 0.0, 0.0, 0.0, 0.0, 0.0], [0.0, 0.0, 0.0, 0.0, 0.0, 0.0, 0.0, 0.0, 0.0, 0.0, 4.0, 8.0, 10.0, 26.0, 30.0], [0.0, 0.0, 0.0, 0.0, 0.0, 1.0, 2.0, 11.0, 22.0, 17.0, 13.0, 9.0, 0.0, 0.0, 0.0], [0.0, 0.0, 0.0, 0.0, 0.0, 0.0, 0.0, 0.0, 10.0, 15.0, 18.0, 23.0, 5.0, 4.0, 1.0], [17.0, 12.0, 0.0, 3.0, 10.0, 2.0, 13.0, 3.0, 0.0, 0.0, 0.0, 0.0, 16.0, 0.0, 0.0], [7.0, 12.0, 18.0, 15.0, 2.0, 2.0, 1.0, 11.0, 0.0, 0.0, 4.0, 0.0, 0.0, 0.0, 4.0], [17.0, 12.0, 0.0, 0.0, 0.0, 2.0, 9.0, 19.0, 8.0, 4.0, 0.0, 0.0, 0.0, 4.0, 0.0], [0.0, 0.0, 0.0, 0.0, 0.0, 0.0, 0.0, 5.0, 12.0, 17.0, 21.0, 19.0, 1.0, 0.0, 0.0], [0.0, 0.0, 0.0, 0.0, 0.0, 0.0, 0.0, 0.0, 0.0, 1.0, 4.0, 9.0, 10.0, 28.0, 24.0], [24.0, 29.0, 10.0, 8.0, 6.0, 0.0, 0.0, 0.0, 0.0, 0.0, 0.0, 0.0, 0.0, 0.0, 0.0]]]"
y_box,[0.0 0.0 18.0 -0.0 -0.0 -0.0 -0.0 -0.0 -0.0 -0.0 -0.0 -0.0 -0.0 -0.0 -0.0; -0.0 -0.0 -0.0 15.0 -0.0 0.0 -0.0 -0.0 -0.0 -0.0 -0.0 -0.0 -0.0 -0.0 -0.0; -0.0 -0.0 -0.0 -0.0 -0.0 -0.0 0.0 0.0 0.0 0.0 0.0 -0.0 -0.0 -0.0 -0.0; -0.0 -0.0 -0.0 -0.0 -0.0 -0.0 -0.0 -0.0 -0.0 -0.0 -0.0 0.0 0.0 12.0 30.0;;;]
evol_bb,"[[0.433, 2.83558401839947e7]]"
y_bb,[0.0 0.0 18.0 -0.0 -0.0 -0.0 -0.0 -0.0 -0.0 -0.0 -0.0 -0.0 -0.0 -0.0 -0.0; -0.0 -0.0 -0.0 15.0 -0.0 0.0 -0.0 -0.0 -0.0 -0.0 -0.0 -0.0 -0.0 -0.0 -0.0; -0.0 -0.0 -0.0 -0.0 -0.0 -0.0 0.0 0.0 0.0 0.0 0.0 -0.0 -0.0 -0.0 -0.0; -0.0 -0.0 -0.0 -0.0 -0.0 -0.0 -0.0 -0.0 -0.0 -0.0 -0.0 0.0 0.0 12.0 30.0;;;]
evol_box,"[[0.648, 0.0], [2.74, 259144.35752663217], [2.841, 1.031181143362019e7], [2.847, 1.8431726950422075e7], [2.854, 2.088059036025121e7], [2.86, 2.397388705312104e7], [2.865, 2.6422526965708535e7], [2.873, 2.745362734879449e7], [2.883, 2.7840289992451724e7], [2.906, 2.809806508822321e7], [2.915, 2.83558401839947e7]]"
y_pb,[[-0.0 -0.0 18.0 -0.0 -0.0 -0.0 -0.0 -0.0 -0.0 -0.0 -0.0 -0.0 -0.0 -0.0 -0.0; -0.0 -0.0 -0.0 15.0 -0.0 -0.0 -0.0 -0.0 -0.0 -0.0 -0.0 -0.0 -0.0 -0.0 -0.0; -0.0 -0.0 -0.0 -0.0 -0.0 -0.0 -0.0 0.0 -0.0 -0.0 -0.0 -0.0 -0.0 -0.0 -0.0; -0.0 -0.0 -0.0 -0.0 -0.0 -0.0 -0.0 -0.0 -0.0 -0.0 -0.0 -0.0 -0.0 12.0 30.0;;;]]
x_bb,"[18.0, 15.0, 0.0, 42.0]"
x_box,"[18.0, 15.0, 0.0, 42.0]"
evol_zeta,"[[2.293, 31.6], [2.839, 29.4], [2.845, 22.0], [2.853, 13.857142857142858], [2.858, 11.0], [2.864, 10.0], [2.871, 8.0], [2.881, 3.0], [2.904, 1.8333333333333321], [2.914, 1.599999999999996], [2.924, 0.0]]"
ξ_box,[32.0; 29.0; 18.0; 15.0; 10.0; 2.0; 13.0; 19.0; 22.0; 17.0; 21.0; 23.0; 16.0; 28.0; 30.0;;]
