first,second
s_box,[0.0 18.0 7.0 16.0; 1.0 15.0 20.0 13.0; 2.0 12.0 17.0 11.0; 13.0 6.0 0.0 0.0; 3.0 7.0 14.0 0.0; 5.0 18.0 13.0 23.0; 0.0 7.0 5.0 0.0; 3.0 0.0 0.0 11.0; 16.0 0.0 20.0 0.0; 11.0 0.0 15.0 0.0; 13.0 0.0 0.0 0.0; 0.0 0.0 0.0 20.0; 0.0 5.0 1.0 19.0; 19.0 7.0 1.0 0.0; 25.0 19.0 0.0 0.0]
x_pb,"[35.0, 27.0, -0.0, 10.0]"
s_bb,[-0.0 -0.0 23.0 2.0; -0.0 3.0 20.0 -0.0; 2.0 -0.0 -0.0 -0.0; 11.0 -0.0 8.0 -0.0; 12.0 -0.0 7.0 -0.0; 23.0 -0.0 -0.0 -0.0; 13.0 -0.0 6.0 -0.0; 10.0 5.0 -0.0 -0.0; -0.0 14.0 -0.0 -0.0; -0.0 15.0 -0.0 -0.0; -0.0 -0.0 8.0 -0.0; -0.0 6.0 14.0 -0.0; 13.0 -0.0 10.0 -0.0; 13.0 -0.0 11.0 -0.0; 21.0 25.0 -0.0 -0.0]
partition_bb,"[[[0.0, 0.0, 0.0, 0.0, 0.0, 0.0, 0.0, 0.0, 0.0, 3.0, 11.0, 27.0, 13.0, 13.0, 5.0], [0.0, 0.0, 2.0, 11.0, 12.0, 23.0, 13.0, 13.0, 0.0, 0.0, 0.0, 0.0, 0.0, 0.0, 0.0], [0.0, 0.0, 0.0, 6.0, 7.0, 18.0, 8.0, 8.0, 18.0, 13.0, 0.0, 0.0, 0.0, 0.0, 0.0], [0.0, 0.0, 0.0, 4.0, 5.0, 16.0, 6.0, 6.0, 0.0, 0.0, 0.0, 0.0, 7.0, 9.0, 21.0]], [[23.0, 20.0, 17.0, 8.0, 7.0, 0.0, 0.0, 0.0, 0.0, 0.0, 0.0, 0.0, 0.0, 0.0, 0.0], [0.0, 0.0, 0.0, 0.0, 0.0, 0.0, 0.0, 0.0, 0.0, 0.0, 8.0, 24.0, 10.0, 11.0, 23.0], [16.0, 13.0, 10.0, 4.0, 5.0, 16.0, 6.0, 6.0, 0.0, 0.0, 0.0, 0.0, 0.0, 0.0, 0.0]], [[1.0, 0.0, 0.0, 0.0, 0.0, 0.0, 0.0, 0.0, 0.0, 0.0, 0.0, 6.0, 20.0, 20.0, 25.0], [0.0, 3.0, 0.0, 0.0, 0.0, 0.0, 5.0, 5.0, 20.0, 15.0, 20.0, 4.0, 0.0, 0.0, 0.0]], [[17.0, 14.0, 11.0, 2.0, 1.0, 0.0, 1.0, 1.0, 16.0, 11.0, 0.0, 0.0, 0.0, 0.0, 0.0]]]"
y_box,[0.0 0.0 0.0 0.0 9.0 8.0 0.0 0.0 0.0 0.0 0.0 27.0 0.0 0.0 0.0; 0.0 0.0 0.0 0.0 4.0 0.0 3.0 0.0 0.0 0.0 0.0 0.0 15.0 0.0 0.0; 0.0 0.0 0.0 0.0 0.0 0.0 0.0 0.0 0.0 0.0 0.0 0.0 0.0 0.0 0.0; 0.0 0.0 0.0 0.0 0.0 0.0 0.0 0.0 0.0 0.0 0.0 0.0 6.0 0.0 0.0;;; 0.0 0.0 0.0 0.0 0.0 0.0 1.0 8.0 20.0 15.0 0.0 0.0 0.0 0.0 0.0; 0.0 0.0 0.0 0.0 0.0 0.0 0.0 0.0 0.0 0.0 22.0 0.0 0.0 0.0 0.0; 0.0 0.0 0.0 0.0 0.0 0.0 0.0 0.0 0.0 0.0 0.0 0.0 0.0 0.0 0.0; 0.0 0.0 0.0 0.0 0.0 0.0 0.0 0.0 0.0 0.0 0.0 6.0 0.0 0.0 0.0;;; 16.0 0.0 0.0 0.0 0.0 0.0 0.0 0.0 0.0 0.0 8.0 15.0 0.0 0.0 0.0; 0.0 0.0 0.0 16.0 0.0 0.0 0.0 5.0 0.0 0.0 1.0 0.0 0.0 0.0 0.0; 0.0 0.0 0.0 0.0 0.0 0.0 0.0 0.0 0.0 0.0 0.0 0.0 0.0 0.0 0.0; 0.0 0.0 0.0 0.0 0.0 0.0 0.0 0.0 0.0 0.0 6.0 0.0 0.0 0.0 0.0;;; 0.0 0.0 0.0 0.0 12.0 0.0 13.0 5.0 2.0 0.0 4.0 0.0 0.0 3.0 5.0; 0.0 0.0 0.0 11.0 0.0 0.0 0.0 0.0 0.0 0.0 0.0 0.0 0.0 11.0 0.0; 0.0 0.0 0.0 0.0 0.0 0.0 0.0 0.0 0.0 0.0 0.0 0.0 0.0 0.0 0.0; 0.0 0.0 0.0 0.0 0.0 0.0 0.0 0.0 0.0 0.0 0.0 0.0 0.0 6.0 0.0]
evol_bb,Vector{Float64}[]
y_bb,[-0.0 -0.0 0.0 0.0 0.0 0.0 -0.0 3.0 18.0 13.0 -0.0 -0.0 -0.0 -0.0 -0.0; -0.0 -0.0 -0.0 -0.0 -0.0 -0.0 -0.0 -0.0 -0.0 -0.0 11.0 -0.0 -0.0 -0.0 -0.0; -0.0 -0.0 -0.0 -0.0 -0.0 -0.0 -0.0 -0.0 -0.0 -0.0 0.0 -0.0 -0.0 -0.0 -0.0; -0.0 -0.0 -0.0 -0.0 -0.0 -0.0 -0.0 -0.0 -0.0 -0.0 -0.0 27.0 0.0 0.0 0.0;;; -0.0 0.0 -0.0 -0.0 -0.0 -0.0 -0.0 0.0 -0.0 -0.0 -0.0 -0.0 14.0 20.0 0.0; -0.0 -0.0 -0.0 -0.0 -0.0 -0.0 0.0 -0.0 -0.0 -0.0 11.0 0.0 -0.0 -0.0 -0.0; 0.0 -0.0 -0.0 -0.0 -0.0 -0.0 -0.0 -0.0 -0.0 -0.0 -0.0 -0.0 -0.0 -0.0 -0.0; 1.0 -0.0 -0.0 -0.0 -0.0 -0.0 5.0 -0.0 6.0 0.0 9.0 -0.0 6.0 -0.0 -0.0;;; 0.0 0.0 11.0 0.0 -0.0 -0.0 -0.0 0.0 -0.0 -0.0 -0.0 -0.0 0.0 -0.0 23.0; -0.0 -0.0 -0.0 -0.0 0.0 -0.0 0.0 6.0 -0.0 -0.0 -0.0 5.0 -0.0 -0.0 -0.0; -0.0 -0.0 -0.0 -0.0 -0.0 -0.0 -0.0 -0.0 -0.0 -0.0 0.0 0.0 -0.0 0.0 -0.0; -0.0 -0.0 6.0 -0.0 -0.0 16.0 -0.0 -0.0 -0.0 -0.0 -0.0 5.0 -0.0 -0.0 0.0;;; 6.0 14.0 11.0 2.0 -0.0 -0.0 -0.0 1.0 -0.0 -0.0 -0.0 -0.0 -0.0 -0.0 -0.0; -0.0 0.0 -0.0 -0.0 -0.0 -0.0 -0.0 -0.0 -0.0 11.0 -0.0 -0.0 -0.0 -0.0 -0.0; -0.0 -0.0 -0.0 -0.0 -0.0 -0.0 -0.0 -0.0 0.0 -0.0 -0.0 -0.0 -0.0 -0.0 -0.0; 9.0 -0.0 -0.0 -0.0 1.0 -0.0 1.0 -0.0 16.0 -0.0 -0.0 -0.0 -0.0 -0.0 -0.0]
evol_box,"[[0.551, 0.0], [2.393, 1645.4319195635617], [2.53, 180314.77856528235], [2.59, 271308.3293294646], [2.691, 271308.3293295073], [2.898, 3.029306281200425e6], [3.115, 3.0293062812004243e6], [3.372, 3.562964857153701e6], [3.761, 3.562964857153701e6], [4.323, 5.343724087493814e6], [5.013, 5.343724087493814e6], [5.642, 5.967051075106436e6], [6.544, 6.235317427596563e6], [9.157, 6.590431751703831e6], [14.726, 6.769041619367734e6], [19.411, 7.036389735611653e6], [23.409, 7.214490830498799e6], [27.157, 7.303980368276615e6], [31.75, 7.392395451472719e6], [36.049, 7.392558459797733e6], [45.246, 7.480910381647173e6], [57.063, 7.748104595073228e6], [69.195, 7.748104595073228e6], [84.141, 7.837153050386856e6], [107.929, 7.926208075039113e6], [128.133, 8.015384071271507e6], [146.776, 8.104460994904436e6], [172.025, 8.19354838144499e6], [197.226, 8.194269361856115e6], [232.2, 8.282365308639329e6], [277.358, 8.372303980954658e6], [301.302, 8.549664892946834e6], [348.672, 8.906262215439912e6], [394.224, 8.995675681818109e6], [447.048, 9.084292161212087e6], [510.548, 9.172870783075055e6], [574.794, 9.172870783075055e6], [699.691, 9.350971877962202e6], [906.629, 9.530247553776722e6], [1236.468, 9.61872279193757e6], [1646.387, 9.619403996434512e6], [2142.162, 9.707233540451152e6], [2541.939, 9.708138862592643e6], [3077.666, 9.796224615180066e6], [3454.414, 9.796224615180066e6], [3600.009, 1.0152447637954535e7]]"
y_pb,[[-0.0 -0.0 -0.0 -0.0 -0.0 -0.0 -0.0 -0.0 20.0 15.0 -0.0 -0.0 -0.0 -0.0 -0.0; -0.0 -0.0 -0.0 -0.0 -0.0 -0.0 -0.0 -0.0 -0.0 -0.0 27.0 -0.0 -0.0 -0.0 -0.0; -0.0 -0.0 -0.0 -0.0 -0.0 -0.0 -0.0 -0.0 -0.0 -0.0 0.0 -0.0 -0.0 -0.0 -0.0; -0.0 -0.0 -0.0 -0.0 -0.0 -0.0 -0.0 -0.0 -0.0 -0.0 -0.0 10.0 -0.0 -0.0 -0.0;;;]]
x_bb,"[34.0, 11.0, 0.0, 27.0]"
x_box,"[44.0, 22.0, 0.0, 6.0]"
evol_zeta,"[[2.516, 22.666666666666664], [2.566, 22.4], [2.655, 20.0], [2.764, 20.0], [2.942, 20.0], [3.151, 19.00000598800707], [3.415, 17.75], [3.822, 17.75], [4.389, 16.333333333333332], [5.076, 17.249999999999993], [5.688, 16.333333333333353], [6.602, 17.625], [9.299, 15.666666668333335], [14.858, 15.111111112722227], [19.516, 15.88888888888889], [23.45, 16.0], [27.236, 15.222222222222221], [31.802, 15.0], [36.182, 14.875], [45.32, 14.25], [57.126, 14.600000000000001], [69.258, 15.499999999999998], [84.218, 14.500000000000002], [108.033, 13.571428571428573], [128.201, 15.272727272727272], [146.871, 13.142857142857142], [172.13, 13.777777777777777], [197.301, 13.600000000000001], [232.278, 13.777777777777779], [277.444, 13.0], [301.414, 12.899999999999999], [348.731, 13.000000000000004], [394.354, 12.399999999999999], [447.086, 14.333333333333336], [510.633, 13.0], [574.857, 12.166666666666668], [699.816, 12.428571428571429], [906.792, 12.363636363636346], [1236.543, 12.428571428571427], [1646.445, 11.5], [2142.245, 11.599999999999998], [2542.043, 11.875], [3077.783, 11.5], [3454.535, 11.0], [3600.025, 0.0]]"
ξ_box,[-0.0 18.0 23.0 16.0; 1.0 15.0 20.0 13.0; 2.0 12.0 17.0 11.0; 13.0 6.0 16.0 11.0; 16.0 7.0 14.0 12.0; 13.0 18.0 13.0 23.0; 3.0 8.0 5.0 13.0; 3.0 8.0 5.0 16.0; 16.0 20.0 20.0 2.0; 11.0 15.0 15.0 -0.0; 13.0 22.0 15.0 4.0; 27.0 6.0 15.0 20.0; 21.0 5.0 1.0 19.0; 19.0 7.0 1.0 17.0; 25.0 19.0 -0.0 5.0]
