first,second
s_box,[-0.0 -0.0 28.0 17.0; 0.0 9.0 -0.0 4.0; -0.0 8.0 16.0 15.0; 7.0 -0.0 -0.0 18.0; 11.0 14.0 14.0 -0.0; 7.0 -0.0 -0.0 -0.0; -0.0 17.0 -0.0 -0.0; 0.0 19.0 -0.0 7.0; -0.0 -0.0 -0.0 -0.0; 0.0 18.0 2.0 4.0; -0.0 -0.0 0.0 14.0; 17.0 4.0 -0.0 -0.0; 14.0 7.0 -0.0 12.0; 16.0 13.0 14.0 18.0; 38.0 -0.0 33.0 -0.0]
x_pb,"[0.0, 75.0, -0.0, -0.0]"
s_bb,[7.0 -0.0 16.0 17.0; 19.0 -0.0 -0.0 -0.0; 13.0 -0.0 1.0 -0.0; 18.0 -0.0 -0.0 -0.0; -0.0 -0.0 -0.0 -0.0; -0.0 -0.0 -0.0 5.0; 16.0 19.0 16.0 -0.0; 7.0 -0.0 21.0 -0.0; 5.0 -0.0 16.0 -0.0; -0.0 -0.0 -0.0 5.0; -0.0 18.0 -0.0 -0.0; -0.0 -0.0 -0.0 -0.0; -0.0 -0.0 -0.0 -0.0; 16.0 16.0 -0.0 -0.0; 38.0 19.0 16.0 -0.0]
partition_bb,"[[[0.0, 0.0, 0.0, 0.0, 0.0, 0.0, 0.0, 0.0, 2.0, 2.0, 4.0, 7.0, 10.0, 16.0, 38.0], [28.0, 20.0, 13.0, 13.0, 1.0, 0.0, 0.0, 0.0, 0.0, 0.0, 0.0, 0.0, 0.0, 0.0, 0.0], [3.0, 7.0, 12.0, 18.0, 6.0, 4.0, 16.0, 7.0, 5.0, 4.0, 0.0, 0.0, 0.0, 0.0, 0.0], [0.0, 2.0, 7.0, 13.0, 1.0, 0.0, 0.0, 2.0, 4.0, 4.0, 16.0, 13.0, 10.0, 4.0, 0.0]], [[0.0, 0.0, 0.0, 0.0, 7.0, 7.0, 19.0, 10.0, 8.0, 7.0, 0.0, 0.0, 0.0, 0.0, 19.0], [0.0, 0.0, 0.0, 0.0, 4.0, 4.0, 16.0, 7.0, 5.0, 4.0, 4.0, 7.0, 10.0, 16.0, 0.0], [0.0, 0.0, 0.0, 0.0, 0.0, 0.0, 0.0, 4.0, 6.0, 6.0, 18.0, 15.0, 16.0, 10.0, 0.0]], [[0.0, 0.0, 0.0, 0.0, 0.0, 0.0, 12.0, 21.0, 16.0, 15.0, 7.0, 4.0, 2.0, 0.0, 0.0], [16.0, 8.0, 1.0, 1.0, 4.0, 4.0, 16.0, 7.0, 5.0, 4.0, 0.0, 0.0, 0.0, 0.0, 16.0]], [[17.0, 9.0, 2.0, 2.0, 5.0, 5.0, 17.0, 8.0, 6.0, 5.0, 0.0, 0.0, 0.0, 0.0, 0.0]]]"
y_box,[-0.0 1.0 6.0 5.0 -0.0 -0.0 -0.0 -0.0 -0.0 -0.0 -0.0 -0.0 -0.0 -0.0 -0.0; -0.0 -0.0 -0.0 -0.0 0.0 -0.0 19.0 10.0 8.0 7.0 19.0 -0.0 -0.0 -0.0 -0.0; -0.0 -0.0 -0.0 -0.0 -0.0 -0.0 -0.0 -0.0 -0.0 -0.0 -0.0 -0.0 0.0 -0.0 -0.0; -0.0 -0.0 -0.0 -0.0 -0.0 -0.0 -0.0 -0.0 -0.0 -0.0 -0.0 -0.0 -0.0 -0.0 0.0;;; 12.0 -0.0 -0.0 0.0 -0.0 -0.0 -0.0 -0.0 -0.0 -0.0 -0.0 -0.0 0.0 -0.0 -0.0; 5.0 0.0 -0.0 14.0 0.0 6.0 0.0 2.0 17.0 0.0 7.0 0.0 -0.0 -0.0 12.0; 0.0 -0.0 -0.0 -0.0 -0.0 -0.0 -0.0 -0.0 -0.0 -0.0 -0.0 -0.0 -0.0 -0.0 -0.0; -0.0 -0.0 -0.0 0.0 -0.0 -0.0 -0.0 -0.0 0.0 -0.0 -0.0 -0.0 -0.0 -0.0 -0.0;;; -0.0 -0.0 -0.0 -0.0 -0.0 7.0 -0.0 2.0 3.0 -0.0 -0.0 -0.0 -0.0 -0.0 -0.0; -0.0 22.0 -0.0 14.0 1.0 0.0 14.0 3.0 -0.0 -0.0 -0.0 3.0 6.0 0.0 -0.0; -0.0 -0.0 -0.0 -0.0 -0.0 -0.0 -0.0 -0.0 -0.0 -0.0 -0.0 0.0 -0.0 -0.0 -0.0; -0.0 -0.0 -0.0 -0.0 -0.0 -0.0 -0.0 -0.0 -0.0 -0.0 -0.0 -0.0 -0.0 -0.0 -0.0;;; 0.0 6.0 -0.0 0.0 6.0 -0.0 0.0 -0.0 0.0 -0.0 -0.0 -0.0 -0.0 -0.0 -0.0; -0.0 -0.0 0.0 -0.0 0.0 4.0 16.0 0.0 5.0 0.0 0.0 10.0 0.0 0.0 28.0; -0.0 -0.0 -0.0 -0.0 -0.0 0.0 -0.0 -0.0 -0.0 -0.0 -0.0 -0.0 -0.0 -0.0 0.0; -0.0 -0.0 -0.0 -0.0 -0.0 -0.0 -0.0 -0.0 -0.0 -0.0 -0.0 -0.0 -0.0 -0.0 0.0]
evol_bb,Vector{Float64}[]
y_bb,[-0.0 -0.0 -0.0 -0.0 6.0 4.0 -0.0 -0.0 -0.0 -0.0 16.0 -0.0 -0.0 -0.0 -0.0; 14.0 -0.0 -0.0 -0.0 -0.0 -0.0 -0.0 -0.0 -0.0 -0.0 -0.0 -0.0 -0.0 -0.0 -0.0; 7.0 -0.0 -0.0 -0.0 -0.0 -0.0 -0.0 -0.0 -0.0 -0.0 -0.0 -0.0 10.0 -0.0 -0.0; -0.0 1.0 -0.0 -0.0 -0.0 -0.0 -0.0 -0.0 -0.0 4.0 -0.0 13.0 -0.0 -0.0 -0.0;;; -0.0 -0.0 -0.0 -0.0 -0.0 -0.0 -0.0 -0.0 8.0 -0.0 -0.0 -0.0 13.0 -0.0 -0.0; -0.0 -0.0 -0.0 -0.0 -0.0 7.0 -0.0 -0.0 -0.0 7.0 -0.0 -0.0 -0.0 -0.0 -0.0; -0.0 -0.0 -0.0 -0.0 7.0 -0.0 -0.0 10.0 -0.0 -0.0 -0.0 -0.0 -0.0 -0.0 -0.0; -0.0 -0.0 -0.0 -0.0 -0.0 -0.0 -0.0 -0.0 -0.0 -0.0 -0.0 15.0 3.0 -0.0 -0.0;;; -0.0 -0.0 -0.0 -0.0 -0.0 4.0 -0.0 -0.0 -0.0 15.0 -0.0 -0.0 -0.0 -0.0 -0.0; -0.0 -0.0 -0.0 -0.0 -0.0 -0.0 -0.0 -0.0 -0.0 -0.0 -0.0 4.0 -0.0 -0.0 -0.0; -0.0 8.0 -0.0 -0.0 -0.0 -0.0 -0.0 -0.0 -0.0 -0.0 -0.0 -0.0 -0.0 -0.0 -0.0; -0.0 -0.0 -0.0 1.0 4.0 -0.0 -0.0 4.0 -0.0 -0.0 7.0 -0.0 2.0 -0.0 -0.0;;; -0.0 -0.0 -0.0 2.0 5.0 -0.0 11.0 8.0 -0.0 -0.0 -0.0 -0.0 -0.0 -0.0 -0.0; -0.0 -0.0 -0.0 -0.0 -0.0 -0.0 -0.0 -0.0 6.0 -0.0 -0.0 -0.0 -0.0 -0.0 -0.0; -0.0 -0.0 2.0 -0.0 -0.0 -0.0 -0.0 -0.0 -0.0 -0.0 -0.0 -0.0 -0.0 -0.0 -0.0; -0.0 9.0 -0.0 -0.0 -0.0 -0.0 9.0 -0.0 -0.0 -0.0 -0.0 -0.0 -0.0 -0.0 -0.0]
evol_box,"[[0.466, 0.0], [2.025, 428880.9556631908], [2.152, 428880.9556631908], [2.212, 428880.9556631908], [2.313, 428880.95566319086], [2.598, 2.565189109429721e6], [3.368, 4.487464240720647e6], [4.788, 4.488274453982972e6], [5.831, 4.488274453982972e6], [8.003, 5.44924394726387e6], [10.913, 6.197037773050412e6], [14.985, 6.197197754769277e6], [19.841, 6.624784042255205e6], [24.892, 6.624784042255204e6], [26.557, 7.051423678777342e6], [30.271, 7.158550239301667e6], [31.766, 7.1588040704171965e6], [41.446, 7.479408593591844e6], [45.468, 7.69240722450201e6], [49.539, 7.692409276237009e6], [54.569, 7.692803244185016e6], [64.497, 8.547676801252944e6], [70.485, 8.654111171719532e6], [78.167, 8.761128778415484e6], [86.505, 9.081545787899261e6], [95.127, 9.188446249718087e6], [103.602, 9.29488818707695e6], [116.987, 9.295247477878066e6], [133.401, 9.61569017758112e6], [149.587, 9.722468431559771e6], [170.242, 9.722814958423322e6], [202.77, 9.829604422472581e6], [236.719, 1.0042679001023078e7], [299.541, 1.0577459915075265e7], [375.57, 1.0577506297926664e7], [474.086, 1.068401492467715e7], [584.46, 1.0790503369866125e7], [717.349, 1.0897772420600321e7], [874.749, 1.1004649233103938e7], [1032.521, 1.1004649233103938e7], [1208.071, 1.1111385750549871e7], [1400.807, 1.121813848410838e7], [1653.116, 1.1218226320177369e7], [1963.666, 1.1325147351929456e7], [2387.985, 1.1431670425725413e7], [2732.136, 1.1431670425725413e7], [3273.881, 1.1431794802388513e7], [3574.545, 1.1431929044899033e7], [3600.036, 1.1752284846723283e7]]"
y_pb,[[-0.0 -0.0 0.0 -0.0 -0.0 -0.0 -0.0 -0.0 -0.0 -0.0 -0.0 -0.0 -0.0 -0.0 -0.0; -0.0 -0.0 -0.0 -0.0 -0.0 -0.0 14.0 21.0 20.0 20.0 -0.0 -0.0 -0.0 -0.0 -0.0; -0.0 -0.0 -0.0 -0.0 -0.0 -0.0 -0.0 -0.0 -0.0 -0.0 -0.0 -0.0 -0.0 0.0 -0.0; -0.0 -0.0 -0.0 -0.0 -0.0 -0.0 -0.0 -0.0 -0.0 -0.0 -0.0 -0.0 -0.0 0.0 -0.0;;;]]
x_bb,"[26.0, 14.0, 17.0, 18.0]"
x_box,"[12.0, 63.0, -0.0, 0.0]"
evol_zeta,"[[2.127, 28.0000000000001], [2.18, 22.5], [2.267, 20.714285714285715], [2.356, 18.714285714285722], [2.711, 17.0], [3.437, 16.89999999999994], [4.927, 15.799999999999999], [5.931, 15.299999999999997], [8.07, 15.363636363636363], [10.986, 14.666666666666668], [15.055, 15.111111112722227], [19.888, 14.363636363636363], [24.939, 13.875], [26.624, 13.200000001420001], [30.366, 13.833333333333332], [31.875, 13.153846153846153], [41.53, 13.727272727272728], [45.575, 13.5], [49.659, 12.818181818181818], [54.693, 12.714285714285715], [64.575, 12.875], [70.584, 11.66666666666668], [78.324, 12.307692307692307], [86.575, 12.166666666664849], [95.271, 11.0], [103.713, 12.333333333333332], [117.143, 12.100000000000001], [133.52, 11.714285714285708], [149.741, 11.727272727272727], [170.319, 11.444444444444445], [202.874, 11.09090909090909], [236.828, 12.0], [299.652, 11.153846153846153], [375.64, 11.600000000000001], [474.198, 11.100000000000009], [584.541, 10.72727272727273], [717.426, 11.8], [874.959, 10.8], [1032.691, 10.800000001180003], [1208.139, 12.0], [1400.919, 10.285714285714286], [1653.214, 11.400000001240002], [1963.736, 11.699999999999978], [2388.095, 10.5], [2732.201, 11.375], [3273.961, 10.72727272727276], [3574.664, 10.181818181818182], [3600.053, 0.0]]"
ξ_box,[0.0 17.0 28.0 17.0; 1.0 9.0 22.0 9.0; 6.0 8.0 16.0 15.0; 12.0 14.0 14.0 18.0; 11.0 14.0 14.0 6.0; 7.0 6.0 7.0 4.0; 19.0 17.0 14.0 16.0; 10.0 21.0 5.0 7.0; 8.0 17.0 3.0 5.0; 7.0 18.0 2.0 4.0; 19.0 7.0 0.0 14.0; 17.0 4.0 3.0 10.0; 14.0 7.0 6.0 12.0; 16.0 13.0 14.0 18.0; 38.0 12.0 33.0 28.0]
