first,second
s_box,[0.0; 0.0; 6.0; 7.0; 19.0; 18.0; 17.0; 17.0; 19.0; 20.0; 0.0; 7.0; 3.0; 11.0; 24.0;;]
x_pb,"[44.0, -0.0, -0.0, 25.0]"
s_bb,[0.0; 0.0; 6.0; 7.0; 19.0; 18.0; 17.0; 17.0; 19.0; 20.0; 0.0; 7.0; 3.0; 11.0; 24.0;;]
partition_bb,"[[[0.0, 8.0, 6.0, 7.0, 0.0, 2.0, 7.0, 9.0, 8.0, 0.0, 0.0, 0.0, 0.0, 0.0, 24.0], [22.0, 14.0, 0.0, 0.0, 0.0, 0.0, 0.0, 0.0, 0.0, 0.0, 0.0, 0.0, 3.0, 11.0, 19.0], [0.0, 0.0, 0.0, 0.0, 0.0, 3.0, 8.0, 10.0, 12.0, 20.0, 14.0, 8.0, 0.0, 0.0, 0.0], [0.0, 0.0, 6.0, 7.0, 19.0, 16.0, 11.0, 9.0, 4.0, 0.0, 0.0, 0.0, 0.0, 0.0, 0.0], [14.0, 22.0, 6.0, 7.0, 9.0, 6.0, 1.0, 0.0, 0.0, 0.0, 6.0, 0.0, 0.0, 0.0, 0.0], [0.0, 0.0, 0.0, 0.0, 7.0, 10.0, 15.0, 17.0, 12.0, 7.0, 1.0, 0.0, 0.0, 0.0, 0.0], [0.0, 0.0, 0.0, 0.0, 4.0, 7.0, 12.0, 14.0, 19.0, 11.0, 5.0, 0.0, 0.0, 0.0, 0.0], [0.0, 8.0, 0.0, 0.0, 0.0, 0.0, 4.0, 6.0, 11.0, 16.0, 10.0, 13.0, 3.0, 1.0, 0.0], [0.0, 8.0, 0.0, 0.0, 0.0, 0.0, 1.0, 3.0, 8.0, 13.0, 19.0, 13.0, 3.0, 1.0, 0.0], [0.0, 0.0, 2.0, 3.0, 15.0, 18.0, 13.0, 11.0, 6.0, 1.0, 0.0, 0.0, 0.0, 0.0, 0.0], [0.0, 0.0, 0.0, 1.0, 9.0, 12.0, 17.0, 15.0, 10.0, 5.0, 0.0, 0.0, 0.0, 0.0, 0.0]]]"
y_box,[22.0 22.0 -0.0 -0.0 -0.0 -0.0 -0.0 -0.0 -0.0 -0.0 -0.0 -0.0 -0.0 -0.0 -0.0; -0.0 -0.0 0.0 0.0 0.0 0.0 -0.0 -0.0 -0.0 -0.0 -0.0 -0.0 -0.0 -0.0 -0.0; -0.0 -0.0 -0.0 -0.0 -0.0 -0.0 -0.0 -0.0 -0.0 -0.0 -0.0 -0.0 -0.0 -0.0 -0.0; -0.0 -0.0 -0.0 -0.0 -0.0 -0.0 0.0 0.0 0.0 0.0 19.0 6.0 0.0 0.0 0.0;;;]
evol_bb,"[[0.838, 1.8889502087094277e7]]"
y_bb,[22.0 22.0 -0.0 -0.0 -0.0 -0.0 -0.0 -0.0 -0.0 -0.0 -0.0 -0.0 -0.0 -0.0 -0.0; -0.0 -0.0 0.0 0.0 0.0 0.0 -0.0 -0.0 -0.0 -0.0 -0.0 -0.0 -0.0 -0.0 -0.0; -0.0 -0.0 -0.0 -0.0 -0.0 -0.0 -0.0 -0.0 -0.0 -0.0 -0.0 -0.0 -0.0 -0.0 -0.0; -0.0 -0.0 -0.0 -0.0 -0.0 -0.0 0.0 0.0 0.0 0.0 19.0 6.0 0.0 0.0 0.0;;;]
evol_box,"[[0.637, 0.0], [2.853, 226886.8976638872], [2.978, 4.9481991186005585e6], [3.017, 1.0457119402348097e7], [3.051, 1.4392246465099692e7], [3.087, 1.5291692561201144e7], [3.12, 1.6528446780923072e7], [3.151, 1.731547219347339e7], [3.184, 1.787763206393596e7], [3.314, 1.8439773279922664e7], [3.447, 1.866463768350847e7], [3.481, 1.8889502087094277e7]]"
y_pb,[[22.0 22.0 -0.0 -0.0 -0.0 -0.0 -0.0 -0.0 -0.0 -0.0 -0.0 -0.0 -0.0 -0.0 -0.0; -0.0 -0.0 0.0 -0.0 -0.0 -0.0 -0.0 -0.0 -0.0 -0.0 -0.0 -0.0 -0.0 -0.0 -0.0; -0.0 -0.0 -0.0 -0.0 -0.0 -0.0 -0.0 -0.0 0.0 -0.0 -0.0 -0.0 -0.0 -0.0 -0.0; -0.0 -0.0 -0.0 -0.0 -0.0 -0.0 -0.0 -0.0 -0.0 -0.0 19.0 6.0 -0.0 -0.0 -0.0;;;]]
x_bb,"[44.0, 0.0, 0.0, 25.0]"
x_box,"[44.0, 0.0, 0.0, 25.0]"
evol_zeta,"[[2.377, 24.0], [2.976, 22.0], [3.015, 19.14285714285714], [3.049, 18.571428571428573], [3.085, 8.0], [3.118, 7.0], [3.15, 6.571428571428596], [3.182, 5.0], [3.312, 5.0], [3.445, 2.0], [3.479, 2.0], [3.512, 0.0]]"
ξ_box,[22.0; 22.0; 6.0; 7.0; 19.0; 18.0; 17.0; 17.0; 19.0; 20.0; 19.0; 13.0; 3.0; 11.0; 24.0;;]
