first,second
s_box,[21.0 18.0; 16.0 14.0; -0.0 -0.0; -0.0 -0.0; 9.0 5.0; 29.0 19.0; 24.0 19.0; 3.0 3.0; -0.0 0.0; -0.0 0.0; -0.0 0.0; -0.0 0.0; -0.0 0.0; 25.0 34.0; 25.0 39.0]
x_pb,"[14.000000000000002, 20.0, -0.0, 41.0]"
s_bb,[-0.0 19.0; -0.0 14.0; 10.0 0.0; 4.0 0.0; 29.0 9.0; 29.0 24.0; 24.0 19.0; 3.0 3.0; -0.0 0.0; 3.0 0.0; 6.0 -0.0; 18.0 0.0; 9.0 -0.0; 25.0 34.0; -0.0 39.0]
partition_bb,"[[[0.0, 0.0, 0.0, 0.0, 9.0, 29.0, 24.0, 3.0, 0.0, 0.0, 0.0, 0.0, 0.0, 0.0, 0.0], [21.0, 16.0, 10.0, 4.0, 0.0, 0.0, 0.0, 0.0, 0.0, 2.0, 6.0, 7.0, 9.0, 0.0, 0.0], [21.0, 16.0, 10.0, 4.0, 0.0, 0.0, 0.0, 0.0, 0.0, 0.0, 0.0, 0.0, 0.0, 12.0, 12.0], [21.0, 16.0, 10.0, 4.0, 21.0, 1.0, 0.0, 0.0, 0.0, 0.0, 0.0, 0.0, 0.0, 0.0, 0.0], [10.0, 15.0, 9.0, 3.0, 0.0, 0.0, 0.0, 0.0, 0.0, 0.0, 6.0, 18.0, 9.0, 0.0, 5.0], [10.0, 15.0, 9.0, 3.0, 0.0, 0.0, 0.0, 0.0, 0.0, 0.0, 0.0, 0.0, 0.0, 15.0, 23.0], [9.0, 14.0, 8.0, 2.0, 0.0, 0.0, 0.0, 0.0, 0.0, 0.0, 0.0, 0.0, 0.0, 25.0, 17.0], [0.0, 4.0, 10.0, 4.0, 0.0, 0.0, 0.0, 0.0, 0.0, 0.0, 0.0, 0.0, 0.0, 25.0, 33.0], [0.0, 0.0, 0.0, 4.0, 29.0, 18.0, 23.0, 2.0, 0.0, 0.0, 0.0, 0.0, 0.0, 0.0, 0.0], [0.0, 0.0, 0.0, 0.0, 8.0, 28.0, 24.0, 3.0, 1.0, 2.0, 10.0, 0.0, 0.0, 0.0, 0.0], [0.0, 0.0, 0.0, 0.0, 0.0, 15.0, 20.0, 0.0, 1.0, 3.0, 0.0, 0.0, 5.0, 0.0, 0.0]], [[0.0, 0.0, 0.0, 0.0, 0.0, 0.0, 0.0, 0.0, 0.0, 0.0, 0.0, 0.0, 6.0, 31.0, 39.0], [9.0, 4.0, 0.0, 4.0, 29.0, 9.0, 8.0, 3.0, 0.0, 0.0, 0.0, 0.0, 9.0, 0.0, 0.0], [0.0, 0.0, 0.0, 0.0, 0.0, 20.0, 15.0, 0.0, 0.0, 0.0, 6.0, 18.0, 9.0, 0.0, 8.0], [5.0, 10.0, 10.0, 4.0, 29.0, 9.0, 8.0, 0.0, 0.0, 0.0, 0.0, 0.0, 0.0, 0.0, 0.0], [19.0, 14.0, 8.0, 2.0, 0.0, 7.0, 12.0, 0.0, 1.0, 3.0, 10.0, 0.0, 0.0, 0.0, 0.0], [0.0, 0.0, 0.0, 0.0, 4.0, 24.0, 19.0, 0.0, 1.0, 2.0, 10.0, 0.0, 0.0, 0.0, 0.0], [0.0, 0.0, 0.0, 0.0, 0.0, 0.0, 0.0, 0.0, 0.0, 0.0, 0.0, 0.0, 9.0, 34.0, 26.0]]]"
y_box,[-0.0 -0.0 10.0 4.0 -0.0 -0.0 -0.0 -0.0 -0.0 -0.0 -0.0 -0.0 -0.0 -0.0 -0.0; -0.0 -0.0 -0.0 -0.0 20.0 -0.0 -0.0 -0.0 -0.0 -0.0 -0.0 -0.0 -0.0 -0.0 -0.0; -0.0 -0.0 -0.0 -0.0 -0.0 -0.0 -0.0 -0.0 -0.0 -0.0 -0.0 -0.0 -0.0 -0.0 -0.0; -0.0 -0.0 -0.0 -0.0 -0.0 -0.0 -0.0 -0.0 1.0 3.0 10.0 18.0 9.0 -0.0 -0.0;;; -0.0 -0.0 10.0 4.0 -0.0 -0.0 -0.0 -0.0 -0.0 -0.0 -0.0 -0.0 -0.0 -0.0 -0.0; -0.0 -0.0 -0.0 -0.0 20.0 -0.0 -0.0 -0.0 -0.0 -0.0 -0.0 -0.0 -0.0 -0.0 -0.0; -0.0 -0.0 -0.0 -0.0 -0.0 -0.0 -0.0 -0.0 -0.0 -0.0 -0.0 -0.0 -0.0 -0.0 -0.0; -0.0 -0.0 -0.0 -0.0 -0.0 -0.0 -0.0 -0.0 1.0 3.0 10.0 18.0 9.0 -0.0 -0.0]
evol_bb,"[[2.138, 1.992406557318249e7], [4.148, 1.9924065573182486e7], [121.895, 1.981206184460459e7], [161.318, 1.9812061036916353e7], [279.875, 1.981021918544884e7], [339.0, 1.9584512558234043e7], [476.321, 1.958439797839424e7], [750.712, 1.9127140859046955e7], [1842.895, 1.9015425877349064e7], [1901.802, 1.8901342827795826e7], [2651.043, 1.8899448083579663e7], [2714.445, 1.878674850878989e7], [2863.389, 1.8785601695846014e7], [3260.224, 1.8330216144911423e7]]"
y_bb,[0.0 -0.0 -0.0 -0.0 -0.0 -0.0 -0.0 -0.0 -0.0 -0.0 -0.0 -0.0 -0.0 -0.0 14.0; -0.0 16.0 -0.0 -0.0 -0.0 -0.0 0.0 -0.0 1.0 -0.0 -0.0 -0.0 -0.0 -0.0 3.0; -0.0 -0.0 -0.0 -0.0 -0.0 -0.0 -0.0 -0.0 0.0 -0.0 -0.0 -0.0 -0.0 -0.0 -0.0; 21.0 -0.0 0.0 -0.0 -0.0 0.0 -0.0 -0.0 -0.0 0.0 4.0 0.0 0.0 0.0 16.0;;; -0.0 -0.0 10.0 4.0 -0.0 -0.0 -0.0 -0.0 -0.0 -0.0 -0.0 -0.0 -0.0 -0.0 -0.0; -0.0 -0.0 -0.0 -0.0 20.0 -0.0 -0.0 -0.0 -0.0 -0.0 -0.0 -0.0 -0.0 -0.0 -0.0; -0.0 -0.0 -0.0 -0.0 -0.0 0.0 -0.0 0.0 -0.0 -0.0 -0.0 -0.0 -0.0 -0.0 -0.0; -0.0 -0.0 -0.0 -0.0 -0.0 -0.0 -0.0 -0.0 1.0 3.0 10.0 18.0 9.0 -0.0 0.0]
evol_box,"[[0.514, 0.0], [2.198, 116938.0390913922], [2.288, 116938.0390913922], [2.316, 3.9871360420697103e6], [2.349, 4.668973828957142e6], [2.383, 7.970802931816949e6], [2.411, 7.970717683775935e6], [2.439, 9.336762826446347e6], [2.476, 1.0702591391516294e7], [2.585, 1.1954917160454635e7], [2.721, 1.2410300103370918e7], [2.89, 1.2638220970312463e7], [3.071, 1.2979498195133343e7], [3.272, 1.3776533557008455e7], [3.428, 1.3776533557008447e7], [3.616, 1.4117983023525711e7], [3.748, 1.4231808460203465e7], [3.94, 1.4687194680925742e7], [4.148, 1.4801040398871701e7], [4.408, 1.4914932859573392e7], [4.693, 1.5142579562072646e7], [4.953, 1.5142579562072646e7], [5.228, 1.5256446900862193e7], [5.495, 1.5256712451602569e7], [5.889, 1.5484139676329486e7], [6.299, 1.5484139676329486e7], [6.625, 1.5484235777214482e7], [7.011, 1.5711832451796781e7], [7.443, 1.5711832451796781e7], [7.781, 1.5825678839530427e7], [8.126, 1.593950798300125e7], [8.487, 1.6053366750484962e7], [8.784, 1.628098116570577e7], [9.085, 1.628098116570577e7], [9.446, 1.6281012313736668e7], [9.88, 1.639482755343942e7], [10.337, 1.639485665027114e7], [11.129, 1.6622526091805948e7], [11.469, 1.6622547457450567e7], [12.008, 1.6622582602610063e7], [12.469, 1.6736390275714563e7], [12.869, 1.6736395431097738e7], [13.418, 1.6736396038613802e7], [13.989, 1.685021310437401e7], [14.403, 1.685021310437401e7], [14.857, 1.685021310437401e7], [15.485, 1.685021310437401e7], [16.462, 1.685026609926514e7], [16.977, 1.696405949210765e7], [17.517, 1.6964059454158537e7], [17.92, 1.6964066296601467e7], [18.527, 1.6964067189651724e7], [19.432, 1.7077905879841305e7], [20.213, 1.707791164274054e7], [20.646, 1.707791164274054e7], [21.17, 1.7077933097816564e7], [21.606, 1.719175226757495e7], [22.217, 1.719175226757495e7], [22.645, 1.719175226757495e7], [23.561, 1.7191752217246026e7], [24.054, 1.719175226757495e7], [25.034, 1.719175803047418e7], [25.568, 1.7191759072068766e7], [26.164, 1.7191759072068766e7], [26.976, 1.7191759072068766e7], [27.47, 1.7191779932075337e7], [28.26, 1.7305598655308593e7], [28.771, 1.73055986553086e7], [29.666, 1.73055986553086e7], [30.396, 1.730559865530852e7]]"
y_pb,[[-0.0 -0.0 10.0 4.0 -0.0 -0.0 -0.0 -0.0 -0.0 -0.0 -0.0 -0.0 -0.0 -0.0 -0.0; -0.0 -0.0 -0.0 -0.0 20.0 -0.0 -0.0 -0.0 -0.0 -0.0 -0.0 -0.0 -0.0 -0.0 -0.0; -0.0 -0.0 -0.0 -0.0 -0.0 -0.0 -0.0 0.0 -0.0 -0.0 -0.0 -0.0 -0.0 -0.0 -0.0; -0.0 -0.0 -0.0 -0.0 -0.0 -0.0 -0.0 -0.0 1.0 3.0 10.0 18.0 9.0 -0.0 -0.0;;;]]
x_bb,"[14.0, 20.0, -0.0, 41.0]"
x_box,"[14.0, 20.0, -0.0, 41.0]"
evol_zeta,"[[1.856, 38.666666666666664], [2.283, 29.0], [2.306, 24.8], [2.335, 21.0], [2.369, 19.333333333333332], [2.392, 21.0], [2.415, 19.0], [2.445, 18.0], [2.486, 18.00000000000001], [2.603, 18.0], [2.739, 19.0], [2.896, 18.0], [3.078, 16.6], [3.288, 13.666666666666664], [3.431, 13.285714285714288], [3.624, 13.5], [3.755, 13.999999999999996], [3.958, 9.5], [4.156, 9.333333333333332], [4.414, 7.800000000000001], [4.711, 9.833333333333332], [4.957, 8.166666666666668], [5.244, 7.199999999999999], [5.502, 11.166666666666668], [5.909, 8.0], [6.317, 13.75], [6.631, 8.0], [7.02, 7.333333333333332], [7.459, 5.999999999999998], [7.788, 4.0], [8.135, 4.0], [8.496, 5.000000000000001], [8.793, 7.285714285714288], [9.09, 4.5], [9.465, 4.0], [9.897, 3.3333333333333357], [10.356, 2.9999999999999734], [11.15, 3.0], [11.476, 8.0], [12.013, 6.4], [12.476, 8.25], [12.876, 8.200000000000003], [13.437, 3.0], [14.005, 3.5], [14.42, 2.6000000000000014], [14.874, 2.7999999999999994], [15.508, 2.3999999999999986], [16.468, 5.000000000000001], [16.995, 2.571428571428573], [17.523, 3.0], [17.93, 2.0], [18.545, 4.199999999999999], [19.453, 1.1666666666666643], [20.234, 1.6000000000000014], [20.652, 1.5], [21.188, 4.199999999999999], [21.611, 1.3999999999999986], [22.221, 1.0], [22.668, 1.6666666666666679], [23.571, 0.5], [24.071, 0.6000000001600085], [25.048, 1.0], [25.587, 2.0], [26.174, 1.9999999999999964], [26.983, 0.8000000000000007], [27.489, 4.000000000000012], [28.28, 0.6000000000000014], [28.788, 2.5], [29.685, 0.5000000001500009], [30.424, 0.0]]"
ξ_box,[21.0 18.0; 16.0 14.0; 10.0 10.0; 4.0 4.0; 29.0 25.0; 29.0 19.0; 24.0 19.0; 3.0 3.0; 1.0 1.0; 3.0 3.0; 10.0 10.0; 18.0 18.0; 9.0 9.0; 25.0 34.0; 25.0 39.0]
