first,second
s_box,[4.0; 0.0; 22.0; 24.0; 17.0; 8.0; 12.0; 7.0; 14.0; 31.0; 14.0; 15.0; 7.0; 10.0; 0.0;;]
x_pb,"[46.0, -0.0, -0.0, 19.0]"
s_bb,[4.0; 0.0; 22.0; 24.0; 17.0; 8.0; 12.0; 7.0; 14.0; 31.0; 14.0; 15.0; 7.0; 10.0; 0.0;;]
partition_bb,"[[[0.0, 0.0, 0.0, 0.0, 0.0, 0.0, 0.0, 0.0, 7.0, 31.0, 14.0, 13.0, 1.0, 0.0, 0.0], [27.0, 20.0, 12.0, 6.0, 2.0, 0.0, 0.0, 0.0, 0.0, 0.0, 0.0, 0.0, 0.0, 0.0, 0.0], [0.0, 0.0, 0.0, 0.0, 0.0, 8.0, 0.0, 0.0, 7.0, 0.0, 8.0, 9.0, 4.0, 10.0, 19.0], [3.0, 9.0, 18.0, 24.0, 9.0, 6.0, 0.0, 0.0, 0.0, 0.0, 0.0, 0.0, 0.0, 0.0, 0.0], [7.0, 0.0, 0.0, 6.0, 16.0, 8.0, 12.0, 7.0, 0.0, 0.0, 0.0, 0.0, 6.0, 0.0, 0.0], [0.0, 0.0, 0.0, 0.0, 0.0, 8.0, 12.0, 7.0, 14.0, 0.0, 3.0, 4.0, 7.0, 10.0, 1.0], [7.0, 13.0, 22.0, 16.0, 6.0, 3.0, 0.0, 0.0, 0.0, 0.0, 0.0, 0.0, 0.0, 0.0, 0.0], [16.0, 23.0, 14.0, 8.0, 5.0, 0.0, 0.0, 0.0, 0.0, 0.0, 0.0, 0.0, 0.0, 0.0, 0.0], [0.0, 3.0, 12.0, 6.0, 0.0, 0.0, 0.0, 0.0, 0.0, 0.0, 14.0, 15.0, 3.0, 2.0, 11.0], [3.0, 9.0, 18.0, 12.0, 17.0, 8.0, 0.0, 0.0, 0.0, 0.0, 0.0, 0.0, 0.0, 0.0, 0.0]]]"
y_box,[23.0 23.0 -0.0 -0.0 -0.0 -0.0 -0.0 -0.0 -0.0 -0.0 -0.0 -0.0 -0.0 -0.0 -0.0; -0.0 -0.0 0.0 0.0 0.0 0.0 -0.0 -0.0 -0.0 -0.0 -0.0 -0.0 -0.0 -0.0 -0.0; -0.0 -0.0 -0.0 -0.0 -0.0 -0.0 0.0 0.0 -0.0 -0.0 -0.0 -0.0 -0.0 -0.0 -0.0; -0.0 -0.0 -0.0 -0.0 -0.0 -0.0 -0.0 -0.0 -0.0 0.0 0.0 0.0 0.0 0.0 19.0;;;]
evol_bb,"[[0.48, 2.511804342779971e7]]"
y_bb,[23.0 23.0 -0.0 -0.0 -0.0 -0.0 -0.0 -0.0 -0.0 -0.0 -0.0 -0.0 -0.0 -0.0 -0.0; -0.0 -0.0 0.0 0.0 0.0 0.0 -0.0 -0.0 -0.0 -0.0 -0.0 -0.0 -0.0 -0.0 -0.0; -0.0 -0.0 -0.0 -0.0 -0.0 -0.0 0.0 0.0 -0.0 -0.0 -0.0 -0.0 -0.0 -0.0 -0.0; -0.0 -0.0 -0.0 -0.0 -0.0 -0.0 -0.0 -0.0 -0.0 0.0 0.0 0.0 0.0 0.0 19.0;;;]
evol_box,"[[0.602, 0.0], [2.801, 137885.35636156442], [2.913, 9.232869158930458e6], [2.922, 1.3984755417678557e7], [2.928, 1.9008314514573906e7], [2.933, 2.158797999676341e7], [2.941, 2.2945698671599988e7], [2.948, 2.3896101743985593e7], [2.956, 2.443918921392023e7], [2.965, 2.4846499692832395e7], [3.012, 2.511804342779971e7]]"
y_pb,[[23.0 23.0 -0.0 -0.0 -0.0 -0.0 -0.0 -0.0 -0.0 -0.0 -0.0 -0.0 -0.0 -0.0 -0.0; -0.0 -0.0 0.0 -0.0 -0.0 -0.0 -0.0 -0.0 -0.0 -0.0 -0.0 -0.0 -0.0 -0.0 -0.0; -0.0 -0.0 -0.0 -0.0 -0.0 -0.0 -0.0 0.0 -0.0 -0.0 -0.0 -0.0 -0.0 -0.0 -0.0; -0.0 -0.0 -0.0 -0.0 -0.0 -0.0 -0.0 -0.0 -0.0 -0.0 -0.0 -0.0 -0.0 -0.0 19.0;;;]]
x_bb,"[46.0, 0.0, 0.0, 19.0]"
x_box,"[46.0, 0.0, 0.0, 19.0]"
evol_zeta,"[[2.911, 26.6], [2.92, 19.0], [2.926, 17.333333333333336], [2.932, 12.0], [2.939, 8.0], [2.947, 7.0], [2.954, 3.666666666666668], [2.963, 2.800000000000004], [2.971, 2.0], [3.022, 0.0]]"
ξ_box,[27.0; 23.0; 22.0; 24.0; 17.0; 8.0; 12.0; 7.0; 14.0; 31.0; 14.0; 15.0; 7.0; 10.0; 19.0;;]
