first,second
s_box,[3.0 0.0 8.0; 10.0 0.0 0.0; 0.0 4.0 0.0; 0.0 22.0 17.0; 17.0 17.0 17.0; 7.0 8.0 0.0; 12.0 12.0 1.0; 7.0 7.0 7.0; 0.0 11.0 14.0; 31.0 23.0 16.0; 3.0 11.0 14.0; 0.0 12.0 0.0; 7.0 0.0 3.0; 10.0 0.0 10.0; 19.0 0.0 19.0]
x_pb,"[46.0, -0.0, -0.0, 19.0]"
s_bb,[4.0 -0.0 -0.0; 0.0 -0.0 -0.0; 22.0 -0.0 -0.0; 24.0 -0.0 -0.0; 17.0 -0.0 -0.0; 8.0 -0.0 -0.0; 12.0 -0.0 -0.0; 7.0 -0.0 -0.0; 14.0 -0.0 -0.0; 31.0 -0.0 -0.0; 14.0 -0.0 -0.0; 15.0 -0.0 -0.0; 7.0 -0.0 -0.0; 10.0 -0.0 -0.0; 0.0 -0.0 -0.0]
partition_bb,"[[[0.0, 0.0, 0.0, 0.0, 0.0, 0.0, 0.0, 0.0, 7.0, 31.0, 14.0, 13.0, 1.0, 0.0, 0.0], [27.0, 20.0, 12.0, 6.0, 2.0, 0.0, 0.0, 0.0, 0.0, 0.0, 0.0, 0.0, 0.0, 0.0, 0.0], [0.0, 0.0, 0.0, 0.0, 0.0, 0.0, 2.0, 7.0, 14.0, 0.0, 4.0, 5.0, 4.0, 10.0, 19.0], [3.0, 9.0, 18.0, 24.0, 9.0, 6.0, 0.0, 0.0, 0.0, 0.0, 0.0, 0.0, 0.0, 0.0, 0.0], [0.0, 0.0, 0.0, 6.0, 0.0, 3.0, 12.0, 7.0, 0.0, 18.0, 1.0, 0.0, 7.0, 1.0, 10.0], [0.0, 0.0, 1.0, 2.0, 17.0, 8.0, 0.0, 0.0, 0.0, 9.0, 14.0, 13.0, 1.0, 0.0, 0.0], [7.0, 13.0, 22.0, 16.0, 6.0, 3.0, 0.0, 0.0, 0.0, 0.0, 0.0, 0.0, 0.0, 0.0, 0.0], [16.0, 23.0, 14.0, 8.0, 5.0, 0.0, 0.0, 0.0, 0.0, 0.0, 0.0, 0.0, 0.0, 0.0, 0.0], [0.0, 0.0, 0.0, 2.0, 3.0, 8.0, 0.0, 5.0, 0.0, 0.0, 14.0, 15.0, 7.0, 10.0, 1.0]], Vector{Float64}[], Vector{Float64}[]]"
y_box,[0.0 0.0 11.0 12.0 0.0 0.0 0.0 0.0 11.0 0.0 0.0 15.0 0.0 0.0 0.0; 0.0 0.0 4.0 0.0 0.0 1.0 0.0 0.0 0.0 0.0 11.0 0.0 0.0 0.0 0.0; 0.0 0.0 0.0 0.0 0.0 0.0 0.0 0.0 0.0 0.0 0.0 0.0 0.0 0.0 0.0; 0.0 0.0 0.0 0.0 0.0 0.0 0.0 0.0 0.0 0.0 0.0 0.0 0.0 0.0 0.0;;; 27.0 22.0 0.0 0.0 0.0 0.0 0.0 0.0 0.0 0.0 0.0 0.0 0.0 0.0 0.0; 0.0 0.0 16.0 0.0 0.0 0.0 0.0 0.0 0.0 0.0 0.0 0.0 0.0 0.0 0.0; 0.0 0.0 0.0 0.0 0.0 0.0 0.0 0.0 0.0 0.0 0.0 0.0 0.0 0.0 0.0; 0.0 0.0 0.0 0.0 0.0 0.0 0.0 0.0 0.0 0.0 0.0 0.0 0.0 0.0 0.0;;; 14.0 0.0 11.0 0.0 0.0 8.0 1.0 0.0 0.0 0.0 0.0 15.0 0.0 0.0 0.0; 0.0 15.0 0.0 0.0 0.0 0.0 0.0 0.0 0.0 0.0 0.0 0.0 1.0 0.0 0.0; 0.0 0.0 0.0 0.0 0.0 0.0 0.0 0.0 0.0 0.0 0.0 0.0 0.0 0.0 0.0; 0.0 0.0 0.0 0.0 0.0 0.0 0.0 0.0 0.0 0.0 0.0 0.0 0.0 0.0 0.0]
evol_bb,"[[56.314, 2.511804342779971e7]]"
y_bb,[23.0 23.0 -0.0 -0.0 -0.0 -0.0 -0.0 -0.0 -0.0 -0.0 -0.0 -0.0 -0.0 -0.0 -0.0; -0.0 -0.0 0.0 0.0 0.0 0.0 -0.0 -0.0 -0.0 -0.0 -0.0 -0.0 -0.0 -0.0 -0.0; -0.0 -0.0 -0.0 -0.0 -0.0 -0.0 0.0 0.0 -0.0 -0.0 -0.0 -0.0 -0.0 -0.0 -0.0; -0.0 -0.0 -0.0 -0.0 -0.0 -0.0 -0.0 -0.0 -0.0 0.0 0.0 0.0 0.0 0.0 19.0;;; -0.0 -0.0 -0.0 -0.0 -0.0 -0.0 -0.0 -0.0 -0.0 -0.0 -0.0 -0.0 -0.0 -0.0 -0.0; -0.0 -0.0 -0.0 -0.0 -0.0 -0.0 -0.0 -0.0 -0.0 -0.0 -0.0 -0.0 -0.0 -0.0 -0.0; -0.0 -0.0 -0.0 -0.0 -0.0 -0.0 -0.0 -0.0 -0.0 -0.0 -0.0 -0.0 -0.0 -0.0 -0.0; -0.0 -0.0 -0.0 -0.0 -0.0 -0.0 -0.0 -0.0 -0.0 -0.0 -0.0 -0.0 -0.0 -0.0 -0.0;;; -0.0 -0.0 -0.0 -0.0 -0.0 -0.0 -0.0 -0.0 -0.0 -0.0 -0.0 -0.0 -0.0 -0.0 -0.0; -0.0 -0.0 -0.0 -0.0 -0.0 -0.0 -0.0 -0.0 -0.0 -0.0 -0.0 -0.0 -0.0 -0.0 -0.0; -0.0 -0.0 -0.0 -0.0 -0.0 -0.0 -0.0 -0.0 -0.0 -0.0 -0.0 -0.0 -0.0 -0.0 -0.0; -0.0 -0.0 -0.0 -0.0 -0.0 -0.0 -0.0 -0.0 -0.0 -0.0 -0.0 -0.0 -0.0 -0.0 -0.0]
evol_box,"[[0.532, 0.0], [2.628, 137885.35636156445], [2.774, 271925.9050090252], [2.839, 544191.8488428001], [2.947, 4.0735381945514507e6], [3.072, 6.3815308385937065e6], [3.22, 6.381530838593706e6], [3.372, 6.788969166108778e6], [3.671, 6.925289365548494e6], [4.103, 8.689774514143368e6], [4.575, 9.0970262995055e6], [5.13, 9.097090116594382e6], [5.724, 9.233097142567609e6], [6.28, 9.775963484677464e6], [8.852, 1.045478657942582e7], [9.724, 1.0454947982708842e7], [10.805, 1.0862002465554424e7], [12.715, 1.0997916878152583e7], [15.383, 1.1812435412307229e7], [17.091, 1.1948177405423688e7], [20.105, 1.2083965707407031e7], [23.284, 1.208421928677582e7], [25.562, 1.2219740715544557e7], [29.014, 1.249133977877598e7], [32.991, 1.2627209000211596e7], [38.541, 1.2762889668719549e7], [43.354, 1.3034362884448778e7], [49.605, 1.3034374300856644e7], [53.003, 1.3170143787930164e7], [58.852, 1.3441667947743926e7], [65.795, 1.3577439815227583e7], [74.506, 1.4120527285162216e7], [81.124, 1.4120565423152037e7], [90.098, 1.4120666431518327e7], [100.219, 1.4120674373518374e7], [109.73, 1.4392104392101085e7], [117.311, 1.4392129131368162e7], [126.125, 1.4392130874407088e7], [135.076, 1.4527882154928606e7], [144.963, 1.4663680145919558e7], [154.253, 1.466372819697851e7], [166.942, 1.4935266068686845e7], [176.164, 1.493532578015643e7], [189.635, 1.520672392304339e7], [202.01, 1.5206793507030498e7], [222.195, 1.5206844683638962e7], [244.902, 1.5614017827482454e7], [268.409, 1.5614066516759478e7], [291.087, 1.5614178833446598e7], [318.117, 1.5749811650529804e7], [339.783, 1.5749823066937668e7], [368.764, 1.5749985652369224e7], [404.685, 1.5749985652369224e7], [440.266, 1.5885646208269913e7], [502.775, 1.5885693111580897e7], [566.391, 1.6021489582566608e7], [638.616, 1.6157127252980782e7], [696.83, 1.6157202835712912e7], [747.549, 1.6292877164900744e7], [822.594, 1.6292986736758672e7], [909.717, 1.6292984743523424e7], [969.288, 1.6293053543208942e7], [1066.892, 1.6428756611007083e7], [1140.011, 1.6428756611007083e7], [1261.703, 1.656442089986806e7], [1407.66, 1.656442089986806e7], [1536.507, 1.6700192767351719e7], [1650.798, 1.6700212342505274e7], [1834.426, 1.6700372315238968e7], [1987.885, 1.6835964634835377e7], [2116.291, 1.6971736502319038e7], [2262.464, 1.6971766376686234e7], [2454.013, 1.6971855278572123e7], [2670.142, 1.710758327322036e7], [3097.122, 1.7107598310338832e7], [3448.033, 1.7107617484678734e7], [3600.036, 1.7243382645712417e7]]"
y_pb,[[23.0 23.0 -0.0 -0.0 -0.0 -0.0 -0.0 -0.0 -0.0 -0.0 -0.0 -0.0 -0.0 -0.0 -0.0; -0.0 -0.0 0.0 -0.0 -0.0 -0.0 -0.0 -0.0 -0.0 -0.0 -0.0 -0.0 -0.0 -0.0 -0.0; -0.0 -0.0 -0.0 -0.0 -0.0 -0.0 -0.0 0.0 -0.0 -0.0 -0.0 -0.0 -0.0 -0.0 -0.0; -0.0 -0.0 -0.0 -0.0 -0.0 -0.0 -0.0 -0.0 -0.0 -0.0 -0.0 -0.0 -0.0 -0.0 19.0;;;]]
x_bb,"[46.0, 0.0, 0.0, 19.0]"
x_box,"[49.0, 16.0, 0.0, 0.0]"
evol_zeta,"[[2.741, 26.6], [2.792, 20.333333333333336], [2.863, 19.25], [2.969, 19.0], [3.096, 19.0], [3.244, 15.857142857142856], [3.387, 14.833333333333332], [3.711, 14.0], [4.141, 14.0], [4.615, 14.142857142857144], [5.17, 14.833333333333334], [5.76, 13.0], [6.311, 16.125], [8.895, 14.000000000000004], [9.768, 14.0], [10.828, 14.0], [12.744, 13.0], [15.399, 14.5], [17.114, 12.25], [20.132, 11.714285714285715], [23.306, 12.428571428571429], [25.585, 13.0], [29.025, 14.0], [33.023, 12.833333333333295], [38.58, 13.625], [43.378, 12.142857142857142], [49.645, 11.374999999999984], [53.044, 14.0], [58.874, 11.833333333333337], [65.836, 10.374999999999996], [74.537, 11.375], [81.142, 12.285714285714286], [90.137, 11.428571428571427], [100.249, 12.0], [109.754, 11.166666666666666], [117.332, 13.714285714285715], [126.147, 10.571428571428571], [135.106, 11.875], [144.996, 12.571426513835473], [154.283, 10.428571428571427], [166.973, 11.625], [176.172, 12.0], [189.674, 10.66666666666664], [202.05, 11.5], [222.252, 10.0], [244.929, 11.333333333333336], [268.436, 10.0], [291.114, 11.0], [318.133, 10.0], [339.801, 11.571428571428571], [368.791, 10.75], [404.699, 10.25], [440.277, 10.5], [502.788, 9.428571428571429], [566.415, 8.600000000000003], [638.639, 11.0], [696.854, 9.142857142857142], [747.571, 10.571428571428573], [822.634, 8.099999999999998], [909.736, 11.571428571428573], [969.322, 8.625], [1066.918, 11.499999999999998], [1140.023, 10.0], [1261.722, 7.5], [1407.683, 8.0], [1536.536, 8.875], [1650.824, 10.0], [1834.457, 11.833333333333334], [1987.926, 7.249999999999996], [2116.318, 11.714285714285715], [2262.497, 14.571428571428573], [2454.053, 7.285714285714292], [2670.16, 7.625], [3097.149, 10.999999999999963], [3448.061, 7.0], [3600.053, 0.0]]"
ξ_box,[3.0 27.0 22.0; 10.0 22.0 15.0; 15.0 20.0 11.0; 12.0 22.0 17.0; 17.0 17.0 17.0; 8.0 8.0 8.0; 12.0 12.0 2.0; 7.0 7.0 7.0; 11.0 11.0 14.0; 31.0 23.0 16.0; 14.0 11.0 14.0; 15.0 12.0 15.0; 7.0 0.0 4.0; 10.0 0.0 10.0; 19.0 0.0 19.0]
