first,second
s_box,[3.0 1.0 0.0 3.0; 15.0 14.0 0.0 16.0; 17.0 10.0 0.0 0.0; 27.0 19.0 2.0 13.0; 4.0 14.0 0.0 20.0; 0.0 17.0 0.0 20.0; 2.0 10.0 0.0 0.0; 6.0 1.0 0.0 0.0; 18.0 19.0 0.0 0.0; 0.0 0.0 25.0 0.0; 9.0 0.0 0.0 0.0; 0.0 0.0 15.0 0.0; 0.0 0.0 16.0 0.0; 0.0 0.0 21.0 14.0; 3.0 0.0 25.0 18.0]
x_pb,"[-0.0, -0.0, 25.0, 43.0]"
s_bb,[-0.0 -0.0 3.0 -0.0; 5.0 -0.0 -0.0 -0.0; -0.0 -0.0 17.0 -0.0; 9.0 -0.0 27.0 -0.0; 20.0 -0.0 -0.0 7.0; 20.0 -0.0 -0.0 15.0; -0.0 -0.0 -0.0 8.0; -0.0 -0.0 -0.0 -0.0; 19.0 -0.0 -0.0 17.0; -0.0 25.0 -0.0 11.0; -0.0 20.0 2.0 -0.0; -0.0 -0.0 -0.0 10.0; -0.0 9.0 -0.0 -0.0; -0.0 -0.0 21.0 -0.0; 18.0 15.0 -0.0 -0.0]
partition_bb,"[[[0.0, 0.0, 0.0, 0.0, 20.0, 20.0, 13.0, 7.0, 3.0, 5.0, 0.0, 0.0, 0.0, 0.0, 0.0], [0.0, 5.0, 9.0, 19.0, 0.0, 2.0, 6.0, 10.0, 19.0, 0.0, 0.0, 0.0, 0.0, 0.0, 0.0], [0.0, 0.0, 0.0, 0.0, 0.0, 1.0, 5.0, 9.0, 18.0, 0.0, 0.0, 1.0, 6.0, 14.0, 18.0]], [[0.0, 0.0, 0.0, 0.0, 0.0, 0.0, 0.0, 0.0, 1.0, 25.0, 20.0, 14.0, 9.0, 1.0, 0.0], [0.0, 2.0, 6.0, 16.0, 0.0, 0.0, 0.0, 0.0, 0.0, 16.0, 16.0, 10.0, 5.0, 0.0, 0.0], [0.0, 0.0, 0.0, 0.0, 0.0, 0.0, 0.0, 0.0, 0.0, 15.0, 15.0, 9.0, 4.0, 11.0, 15.0]], [[3.0, 13.0, 17.0, 27.0, 4.0, 0.0, 0.0, 3.0, 0.0, 0.0, 0.0, 0.0, 0.0, 0.0, 0.0], [0.0, 0.0, 0.0, 0.0, 0.0, 0.0, 0.0, 0.0, 0.0, 0.0, 2.0, 8.0, 13.0, 21.0, 25.0]], [[0.0, 0.0, 0.0, 0.0, 0.0, 0.0, 4.0, 8.0, 17.0, 11.0, 16.0, 10.0, 5.0, 0.0, 0.0], [0.0, 0.0, 0.0, 0.0, 7.0, 15.0, 8.0, 2.0, 0.0, 10.0, 15.0, 9.0, 4.0, 0.0, 0.0]]]"
y_box,[0.0 0.0 0.0 0.0 0.0 0.0 0.0 0.0 0.0 0.0 0.0 0.0 0.0 0.0 0.0; 0.0 0.0 0.0 0.0 0.0 0.0 0.0 0.0 0.0 0.0 0.0 9.0 0.0 0.0 0.0; 0.0 0.0 0.0 0.0 0.0 0.0 0.0 0.0 0.0 0.0 0.0 6.0 0.0 0.0 12.0; 0.0 0.0 0.0 0.0 0.0 0.0 0.0 0.0 0.0 14.0 0.0 0.0 16.0 11.0 0.0;;; 0.0 0.0 0.0 0.0 0.0 0.0 0.0 0.0 0.0 0.0 0.0 0.0 0.0 0.0 0.0; 0.0 0.0 0.0 0.0 0.0 0.0 0.0 9.0 0.0 0.0 0.0 0.0 0.0 0.0 0.0; 0.0 0.0 0.0 0.0 0.0 0.0 0.0 0.0 0.0 18.0 0.0 0.0 0.0 0.0 0.0; 0.0 0.0 0.0 0.0 0.0 0.0 0.0 0.0 0.0 0.0 13.0 12.0 12.0 4.0 0.0;;; 0.0 0.0 0.0 0.0 0.0 0.0 0.0 0.0 0.0 0.0 0.0 0.0 0.0 0.0 0.0; 0.0 0.0 2.0 7.0 0.0 0.0 0.0 0.0 0.0 0.0 0.0 0.0 0.0 0.0 0.0; 0.0 1.0 0.0 3.0 14.0 0.0 0.0 0.0 0.0 0.0 0.0 0.0 0.0 0.0 0.0; 0.0 0.0 0.0 0.0 3.0 9.0 7.0 1.0 1.0 0.0 20.0 0.0 0.0 0.0 0.0;;; 0.0 0.0 0.0 0.0 0.0 0.0 0.0 0.0 0.0 0.0 0.0 0.0 0.0 0.0 0.0; 0.0 0.0 0.0 5.0 0.0 0.0 0.0 0.0 4.0 0.0 0.0 0.0 0.0 0.0 0.0; 0.0 0.0 12.0 0.0 0.0 0.0 0.0 0.0 0.0 0.0 0.0 0.0 6.0 0.0 0.0; 0.0 0.0 0.0 0.0 0.0 0.0 13.0 11.0 16.0 0.0 0.0 1.0 0.0 0.0 0.0]
evol_bb,Vector{Float64}[]
y_bb,[-0.0 -0.0 -0.0 3.0 -0.0 -0.0 -0.0 10.0 -0.0 -0.0 -0.0 1.0 -0.0 12.0 -0.0; -0.0 -0.0 -0.0 -0.0 -0.0 -0.0 1.0 -0.0 -0.0 5.0 -0.0 -0.0 -0.0 2.0 -0.0; -0.0 -0.0 -0.0 7.0 -0.0 -0.0 -0.0 -0.0 -0.0 -0.0 -0.0 -0.0 6.0 -0.0 -0.0; -0.0 -0.0 9.0 -0.0 -0.0 -0.0 12.0 -0.0 -0.0 -0.0 -0.0 -0.0 -0.0 -0.0 -0.0;;; -0.0 -0.0 -0.0 8.0 -0.0 -0.0 -0.0 -0.0 1.0 -0.0 -0.0 14.0 -0.0 -0.0 -0.0; -0.0 -0.0 -0.0 8.0 -0.0 -0.0 -0.0 -0.0 -0.0 -0.0 -0.0 -0.0 -0.0 -0.0 -0.0; -0.0 2.0 -0.0 -0.0 -0.0 -0.0 -0.0 -0.0 -0.0 -0.0 -0.0 -0.0 -0.0 11.0 -0.0; -0.0 -0.0 6.0 -0.0 -0.0 -0.0 -0.0 -0.0 -0.0 -0.0 -0.0 -0.0 -0.0 -0.0 -0.0;;; -0.0 13.0 -0.0 -0.0 -0.0 -0.0 -0.0 -0.0 -0.0 -0.0 -0.0 -0.0 13.0 -0.0 -0.0; -0.0 -0.0 -0.0 -0.0 -0.0 -0.0 -0.0 -0.0 -0.0 -0.0 -0.0 8.0 -0.0 -0.0 -0.0; -0.0 -0.0 -0.0 -0.0 4.0 -0.0 -0.0 -0.0 -0.0 -0.0 -0.0 -0.0 -0.0 -0.0 9.0; -0.0 -0.0 -0.0 -0.0 -0.0 -0.0 -0.0 3.0 -0.0 -0.0 -0.0 -0.0 -0.0 -0.0 16.0;;; -0.0 -0.0 -0.0 -0.0 -0.0 -0.0 -0.0 8.0 -0.0 -0.0 13.0 -0.0 5.0 -0.0 -0.0; -0.0 -0.0 -0.0 -0.0 -0.0 -0.0 -0.0 -0.0 -0.0 -0.0 3.0 -0.0 -0.0 -0.0 -0.0; -0.0 -0.0 -0.0 -0.0 -0.0 -0.0 -0.0 -0.0 -0.0 -0.0 -0.0 -0.0 -0.0 -0.0 -0.0; -0.0 -0.0 -0.0 -0.0 -0.0 -0.0 -0.0 -0.0 -0.0 -0.0 -0.0 -0.0 -0.0 -0.0 -0.0]
evol_box,"[[0.456, 0.0], [2.195, 1845.9793181456625], [2.319, 113512.39080471719], [2.393, 225432.71009436174], [2.528, 225503.4207724775], [2.696, 3.7136642114616875e6], [2.877, 3.713664211461688e6], [3.162, 3.7136642114616875e6], [3.759, 5.513109111193248e6], [4.346, 5.737224886873161e6], [4.886, 6.075135509132666e6], [5.609, 6.750769025782008e6], [6.269, 6.862080433154551e6], [7.003, 7.087555592633195e6], [8.435, 7.199537097038968e6], [10.284, 7.200394563748694e6], [12.984, 7.875600833258014e6], [19.554, 7.986935979435938e6], [23.397, 7.987780776127171e6], [28.09, 7.987780776127171e6], [31.336, 8.324664727352364e6], [36.197, 8.4371651278456e6], [46.506, 8.88682041646105e6], [52.476, 8.887675750037413e6], [62.345, 9.336757702694094e6], [71.904, 9.449806995707426e6], [86.573, 9.56172881195037e6], [100.317, 9.787165349877853e6], [128.245, 9.899185475834787e6], [146.229, 9.899444594746578e6], [176.466, 1.012457741665747e7], [197.139, 1.0237490683615856e7], [242.341, 1.0461722771864703e7], [295.897, 1.0461771735460654e7], [354.741, 1.0574705442718815e7], [421.135, 1.0687465049419623e7], [523.627, 1.0687070538370403e7], [657.274, 1.1024041022116173e7], [763.477, 1.1024503236170974e7], [991.197, 1.102404595439569e7], [1151.647, 1.1136531509023827e7], [1311.148, 1.1136636099633534e7], [1457.354, 1.1136664341024086e7], [1637.973, 1.1136714533686716e7], [1827.86, 1.1361502618280103e7], [2082.851, 1.1473988172908243e7], [2352.178, 1.15866374816185e7], [2612.904, 1.1586624893444072e7], [2909.077, 1.15866374816185e7], [3493.885, 1.158731733915352e7], [3600.055, 1.1811606046883466e7]]"
y_pb,[[-0.0 -0.0 -0.0 0.0 -0.0 -0.0 -0.0 -0.0 -0.0 -0.0 -0.0 -0.0 -0.0 -0.0 -0.0; -0.0 -0.0 -0.0 -0.0 -0.0 -0.0 -0.0 0.0 -0.0 -0.0 -0.0 -0.0 -0.0 -0.0 -0.0; -0.0 -0.0 -0.0 -0.0 -0.0 -0.0 -0.0 -0.0 -0.0 24.999999999999996 -0.0 -0.0 -0.0 -0.0 -0.0; -0.0 -0.0 -0.0 -0.0 -0.0 -0.0 -0.0 -0.0 -0.0 -0.0 22.0 20.0 1.0 -0.0 -0.0;;;]]
x_bb,"[26.0, 8.0, 13.0, 21.0]"
x_box,"[0.0, 9.0, 18.0, 41.0]"
evol_zeta,"[[2.286, 24.799999999999997], [2.336, 24.66666666666667], [2.421, 19.99999999999999], [2.554, 18.714285714285715], [2.722, 17.857142857142858], [2.906, 17.71428571428571], [3.192, 17.0], [3.794, 16.875], [4.384, 16.75], [4.917, 15.875], [5.635, 16.375], [6.308, 14.444444444444445], [7.044, 13.75], [8.459, 17.0], [10.321, 14.0], [13.01, 14.0], [19.579, 16.166666666666664], [23.426, 13.75], [28.13, 13.222222222222225], [31.367, 13.5], [36.236, 12.88888888888889], [46.55, 13.25], [52.521, 12.777777777777779], [62.372, 13.222222222222221], [71.933, 13.111111111111112], [86.605, 11.777777777777779], [100.342, 11.6], [128.279, 12.0], [146.252, 12.555555555555557], [176.496, 10.88888888888889], [197.175, 11.333333333333334], [242.361, 11.7], [295.927, 10.875], [354.8, 10.749999999999986], [421.161, 11.37500000123751], [523.661, 10.222222222222221], [657.308, 11.0], [763.519, 10.75], [991.222, 11.0], [1151.672, 9.714285714285715], [1311.195, 11.0], [1457.394, 9.571428571428573], [1638.0, 10.375], [1827.895, 10.125], [2082.879, 10.0], [2352.207, 10.75], [2612.932, 10.555555555555557], [2909.114, 10.375], [3493.923, 10.75], [3600.072, 0.0]]"
ξ_box,[3.0 1.0 0.0 3.0; 15.0 14.0 0.0 16.0; 17.0 10.0 2.0 12.0; 27.0 19.0 12.000000000000002 18.0; 4.0 14.0 17.0 20.0; -0.0 17.0 9.0 20.0; 2.0 10.0 7.0 13.0; 6.0 10.0 1.0 11.0; 15.0 19.0 1.0 20.0; 14.0 18.0 25.0 0.0; 9.0 13.0 20.0 0.0; 15.0 12.0 15.0 1.0; 16.0 12.0 14.0 6.0; 11.0 4.0 21.0 14.0; 15.0 0.0 25.0 18.0]
