first,second
s_box,[-0.0 -0.0 -0.0 -0.0 -0.0; -0.0 15.0 -0.0 2.0 15.0; -0.0 17.0 20.0 -0.0 8.0; -0.0 0.0 0.0 -0.0 -0.0; 20.0 3.0 -0.0 -0.0 -0.0; 13.0 -0.0 0.0 27.0 -0.0; 9.0 -0.0 -0.0 23.0 3.0; -0.0 7.0 2.0 15.0 17.0; -0.0 4.0 4.0 -0.0 16.0; 5.0 1.0 10.0 -0.0 20.0; 3.0 4.709440899653759e-6 18.0 -0.0 -0.0; 11.0 1.0 16.0 -0.0 -0.0; 19.0 4.0 3.9999979039521976 -0.0 -0.0; -0.0 8.0 6.999998165958169 -0.0 -0.0; -0.0 21.0 0.0 13.0 -0.0]
x_pb,"[32.0, 26.0, 19.0, -0.0]"
s_bb,[-0.0 -0.0 -0.0 10.0 -0.0; -0.0 -0.0 -0.0 22.0 -0.0; 10.0 -0.0 -0.0 -0.0 -0.0; -0.0 -0.0 -0.0 -0.0 -0.0; 21.0 -0.0 4.0 -0.0 21.0; 10.0 12.0 27.0 -0.0 -0.0; 5.0 20.0 23.0 -0.0 -0.0; -0.0 12.0 -0.0 -0.0 -0.0; -0.0 -0.0 -0.0 -0.0 -0.0; -0.0 20.0 4.0 -0.0 -0.0; -0.0 -0.0 -0.0 -0.0 -0.0; 8.0 -0.0 -0.0 -0.0 -0.0; -0.0 6.0 -0.0 8.0 -0.0; 17.0 -0.0 -0.0 -0.0 -0.0; 30.0 20.0 -0.0 -0.0 -0.0]
partition_bb,"[[[0.0, 0.0, 0.0, 0.0, 0.0, 0.0, 0.0, 0.0, 0.0, 2.0, 6.0, 8.0, 16.0, 17.0, 30.0], [0.0, 0.0, 0.0, 5.0, 21.0, 3.0, 0.0, 0.0, 0.0, 0.0, 0.0, 0.0, 7.0, 8.0, 21.0], [0.0, 12.0, 19.0, 4.0, 0.0, 15.0, 19.0, 5.0, 3.0, 0.0, 0.0, 0.0, 0.0, 0.0, 0.0]], [[0.0, 0.0, 0.0, 0.0, 0.0, 16.0, 20.0, 6.0, 4.0, 0.0, 0.0, 0.0, 6.0, 7.0, 20.0], [0.0, 0.0, 0.0, 0.0, 0.0, 0.0, 0.0, 12.0, 13.0, 20.0, 12.0, 12.0, 6.0, 5.0, 0.0]], [[0.0, 0.0, 0.0, 3.0, 9.0, 27.0, 23.0, 9.0, 7.0, 1.0, 0.0, 0.0, 0.0, 0.0, 0.0], [0.0, 0.0, 0.0, 0.0, 16.0, 0.0, 0.0, 10.0, 11.0, 18.0, 10.0, 10.0, 4.0, 3.0, 0.0]], [[10.0, 22.0, 15.0, 5.0, 0.0, 0.0, 0.0, 0.0, 0.0, 0.0, 0.0, 0.0, 8.0, 9.0, 8.0]], [[7.0, 22.0, 15.0, 5.0, 21.0, 3.0, 0.0, 0.0, 0.0, 0.0, 0.0, 0.0, 0.0, 0.0, 0.0]]]"
y_box,[-0.0 -0.0 -0.0 -0.0 -0.0 -0.0 -0.0 -0.0 -0.0 -0.0 -0.0 -0.0 -0.0 -0.0 14.0; -0.0 0.0 0.0 -0.0 -0.0 -0.0 -0.0 -0.0 -0.0 -0.0 -0.0 -0.0 -0.0 11.0 12.0; -0.0 12.0 5.0 -0.0 -0.0 0.0 -0.0 -0.0 -0.0 -0.0 10.0 -0.0 -0.0 9.0 -0.0; -0.0 -0.0 0.0 -0.0 -0.0 -0.0 -0.0 -0.0 -0.0 -0.0 -0.0 -0.0 -0.0 -0.0 4.0;;; 7.0 7.0 -0.0 -0.0 -0.0 -0.0 -0.0 -0.0 -0.0 -0.0 -0.0 -0.0 -0.0 -0.0 -0.0; -0.0 -0.0 -0.0 5.0 18.0 -0.0 -0.0 -0.0 -0.0 -0.0 -0.0 -0.0 -0.0 -0.0 -0.0; -0.0 -0.0 -0.0 -0.0 -0.0 16.0 20.0 -0.0 -0.0 -0.0 -0.0 -0.0 -0.0 -0.0 -0.0; -0.0 -0.0 -0.0 -0.0 -0.0 -0.0 -0.0 -0.0 -0.0 -0.0 -0.0 -0.0 4.0 0.0 0.0;;; -0.0 14.0 0.0 -0.0 -0.0 -0.0 -0.0 -0.0 -0.0 -0.0 -0.0 -0.0 -0.0 -0.0 -0.0; -0.0 -0.0 -0.0 5.0 18.0 -0.0 -0.0 -0.0 -0.0 -0.0 -0.0 -0.0 -0.0 -0.0 -0.0; -0.0 -0.0 -0.0 -0.0 -0.0 20.0 16.0 -0.0 -0.0 -0.0 -0.0 -0.0 -0.0 -0.0 -0.0; -0.0 -0.0 -0.0 -0.0 -0.0 -0.0 -0.0 -0.0 -0.0 -0.0 -0.0 0.0 4.0 0.0 -0.0;;; -0.0 7.0 7.0 -0.0 -0.0 -0.0 -0.0 -0.0 -0.0 -0.0 -0.0 -0.0 -0.0 -0.0 -0.0; -0.0 1.0 10.0 -0.0 1.0 -0.0 0.0 -0.0 -0.0 11.0 -0.0 -0.0 -0.0 -0.0 -0.0; -0.0 -0.0 -0.0 3.0 8.0 -0.0 -0.0 -0.0 13.0 1.0 4.0 4.0 -0.0 -0.0 3.0; -0.0 -0.0 -0.0 -0.0 -0.0 -0.0 -0.0 -0.0 4.0 -0.0 -0.0 -0.0 -0.0 -0.0 -0.0;;; -0.0 -0.0 -0.0 -0.0 -0.0 -0.0 -0.0 -0.0 -0.0 -0.0 14.0 -0.0 -0.0 -0.0 -0.0; -0.0 0.0 -0.0 -0.0 20.0 -0.0 0.0 -0.0 -0.0 0.0 -0.0 -0.0 -0.0 -0.0 3.0; -0.0 -0.0 -0.0 -0.0 -0.0 -0.0 -0.0 0.0 0.0 -0.0 -0.0 14.0 4.0 5.0 13.0; -0.0 -0.0 0.0 -0.0 -0.0 -0.0 -0.0 -0.0 -0.0 -0.0 2.0 -0.0 2.0 -0.0 -0.0]
evol_bb,Vector{Float64}[]
y_bb,[-0.0 -0.0 -0.0 -0.0 -0.0 -0.0 12.0 -0.0 -0.0 -0.0 -0.0 -0.0 16.0 -0.0 -0.0; -0.0 12.0 -0.0 -0.0 -0.0 5.0 -0.0 -0.0 -0.0 2.0 6.0 -0.0 -0.0 -0.0 -0.0; -0.0 -0.0 9.0 5.0 -0.0 -0.0 -0.0 -0.0 3.0 -0.0 -0.0 -0.0 -0.0 -0.0 -0.0; -0.0 -0.0 -0.0 -0.0 -0.0 -0.0 2.0 5.0 -0.0 -0.0 -0.0 -0.0 -0.0 -0.0 -0.0;;; -0.0 -0.0 -0.0 -0.0 -0.0 4.0 -0.0 -0.0 -0.0 -0.0 12.0 12.0 -0.0 -0.0 -0.0; -0.0 -0.0 -0.0 -0.0 -0.0 -0.0 -0.0 -0.0 -0.0 -0.0 -0.0 -0.0 -0.0 -0.0 -0.0; -0.0 -0.0 -0.0 -0.0 -0.0 -0.0 -0.0 -0.0 13.0 -0.0 -0.0 -0.0 -0.0 -0.0 -0.0; -0.0 -0.0 -0.0 -0.0 -0.0 -0.0 -0.0 -0.0 -0.0 -0.0 -0.0 -0.0 -0.0 7.0 -0.0;;; -0.0 -0.0 -0.0 -0.0 8.0 -0.0 -0.0 10.0 -0.0 -0.0 10.0 -0.0 -0.0 -0.0 -0.0; -0.0 -0.0 -0.0 -0.0 -0.0 -0.0 -0.0 -0.0 11.0 14.0 -0.0 -0.0 -0.0 -0.0 -0.0; -0.0 -0.0 -0.0 3.0 -0.0 -0.0 -0.0 -0.0 -0.0 -0.0 -0.0 10.0 4.0 -0.0 -0.0; -0.0 -0.0 -0.0 -0.0 4.0 -0.0 -0.0 -0.0 -0.0 -0.0 -0.0 -0.0 -0.0 3.0 -0.0;;; -0.0 -0.0 15.0 5.0 -0.0 -0.0 -0.0 -0.0 -0.0 -0.0 -0.0 -0.0 -0.0 -0.0 8.0; -0.0 -0.0 -0.0 -0.0 -0.0 -0.0 -0.0 -0.0 -0.0 -0.0 -0.0 -0.0 -0.0 9.0 -0.0; -0.0 -0.0 -0.0 -0.0 -0.0 -0.0 -0.0 -0.0 -0.0 -0.0 -0.0 -0.0 -0.0 -0.0 -0.0; -0.0 7.0 -0.0 -0.0 -0.0 -0.0 -0.0 -0.0 -0.0 -0.0 -0.0 -0.0 -0.0 -0.0 -0.0;;; 7.0 -0.0 15.0 -0.0 -0.0 3.0 -0.0 -0.0 -0.0 -0.0 -0.0 -0.0 -0.0 -0.0 -0.0; -0.0 22.0 -0.0 -0.0 -0.0 -0.0 -0.0 -0.0 -0.0 -0.0 -0.0 -0.0 -0.0 -0.0 -0.0; -0.0 12.0 -0.0 5.0 -0.0 -0.0 -0.0 -0.0 -0.0 -0.0 -0.0 -0.0 -0.0 -0.0 -0.0; -0.0 -0.0 -0.0 -0.0 -0.0 -0.0 -0.0 -0.0 -0.0 -0.0 -0.0 -0.0 -0.0 -0.0 -0.0]
evol_box,"[[0.544, 0.0], [2.246, 245706.79487432865], [2.374, 246184.01460950292], [2.448, 246184.01460950245], [2.544, 246184.01460950266], [2.678, 489471.57993058464], [3.023, 977510.5904831499], [4.304, 3.539802161698285e6], [6.435, 4.272015266732884e6], [8.816, 4.516239800993455e6], [10.572, 5.736306960532975e6], [11.933, 5.7363403559344495e6], [14.283, 5.85843464603911e6], [20.131, 6.224422585062485e6], [24.698, 6.4686332039735e6], [33.127, 6.834457129826227e6], [76.292, 7.078503787922222e6], [92.352, 7.4446368421277795e6], [194.802, 7.810731987307128e6], [217.876, 7.932691562312661e6], [403.99, 8.420854186175268e6], [463.211, 8.664822440494744e6], [483.865, 8.78683290636783e6], [551.314, 8.908926997811167e6], [631.756, 9.031087591266641e6], [705.155, 9.153105543136084e6], [789.453, 9.396940708122773e6], [889.397, 9.518965823333351e6], [997.354, 9.519165209101362e6], [1105.276, 9.641146513230115e6], [3600.011, 9.885070354702722e6]]"
y_pb,[[10.0 22.0 -0.0 -0.0 -0.0 -0.0 -0.0 -0.0 -0.0 -0.0 -0.0 -0.0 -0.0 -0.0 -0.0; -0.0 -0.0 -0.0 5.0 21.0 -0.0 -0.0 -0.0 -0.0 -0.0 -0.0 -0.0 -0.0 -0.0 -0.0; -0.0 -0.0 -0.0 -0.0 -0.0 -0.0 19.0 -0.0 -0.0 -0.0 -0.0 -0.0 -0.0 -0.0 -0.0; -0.0 -0.0 -0.0 -0.0 -0.0 -0.0 -0.0 -0.0 -0.0 -0.0 -0.0 -0.0 0.0 -0.0 -0.0;;;]]
x_bb,"[28.0, 25.0, 17.0, 7.0]"
x_box,"[14.0, 23.0, 36.0, 4.0]"
evol_zeta,"[[1.874, 29.666666666666668], [2.341, 26.71428571428571], [2.396, 22.0], [2.483, 21.0], [2.583, 20.428571428571427], [2.736, 19.85714285714283], [3.071, 19.714285714285715], [4.426, 17.571428571428573], [6.519, 17.11111111111111], [8.926, 16.88888888888889], [10.663, 16.25], [12.009, 15.857142857142858], [14.37, 17.11111111111111], [20.192, 15.374999999999998], [24.765, 14.299999999999999], [33.185, 15.5], [76.357, 14.333333333333334], [92.416, 15.25], [194.867, 15.6], [217.937, 14.11111111111111], [404.073, 12.25], [463.287, 14.375], [483.961, 13.222222222222221], [551.423, 11.625], [631.835, 12.444444444444445], [705.246, 12.777777777777779], [789.561, 11.899999999999999], [889.5, 11.9], [997.455, 11.142857142857128], [1105.389, 11.25], [3600.031, 0.0]]"
ξ_box,[-0.0 7.0 0.0 -0.0 -0.0; 12.0 22.0 14.0 10.0 15.0; 5.0 17.0 20.0 17.0 8.0; -0.0 5.0 5.0 3.0 -0.0; 20.0 21.0 18.0 9.0 20.0; 13.0 16.0 20.0 27.0 -0.0; 9.0 20.0 16.0 23.0 3.0; -0.0 7.0 2.0 15.0 17.0; -0.0 4.0 4.0 17.0 16.0; 5.0 1.0 10.0 11.999997644570808 20.0; 13.0 4.711107566320426e-6 18.0 3.999995285892531 16.0; 11.0 1.0 16.0 4.0 14.0; 19.0 8.0 7.999997905618863 -0.0 6.0; 20.0 8.0 6.9999981676248355 -0.0 5.0; 30.0 21.0 0.0 13.0 16.0]
