first,second
s_box,[0.0 20.0 0.0 0.0 3.0; 16.0 16.0 0.0 0.0 0.0; 0.0 15.0 0.0 0.0 16.0; 0.0 23.0 0.0 0.0 0.0; 0.0 8.0 0.0 15.0 0.0; 0.0 2.0 3.0 4.0 4.0; 0.0 5.0 6.0 0.0 0.0; 0.0 8.0 19.0 13.0 19.0; 0.0 0.0 20.0 13.0 0.0; 0.0 0.0 0.0 18.0 3.0; 0.0 0.0 0.0 16.0 0.0; 0.0 0.0 21.0 0.0 0.0; 16.0 0.0 25.0 0.0 5.0; 31.0 0.0 2.0 0.0 22.0; 33.0 0.0 0.0 17.0 24.0]
x_pb,"[-0.0, 27.0, 22.0, 39.0]"
s_bb,[-0.0 -0.0 21.0 -0.0 -0.0; 21.0 -0.0 -0.0 -0.0 -0.0; -0.0 -0.0 -0.0 -0.0 -0.0; -0.0 -0.0 5.0 -0.0 -0.0; -0.0 -0.0 -0.0 -0.0 -0.0; -0.0 3.0 -0.0 -0.0 -0.0; -0.0 6.0 -0.0 -0.0 -0.0; -0.0 18.0 -0.0 -0.0 -0.0; -0.0 -0.0 13.0 -0.0 -0.0; -0.0 -0.0 -0.0 -0.0 -0.0; -0.0 28.0 12.0 -0.0 -0.0; -0.0 13.0 -0.0 3.0 -0.0; 2.0 25.0 -0.0 -0.0 -0.0; -0.0 -0.0 -0.0 -0.0 -0.0; 21.0 -0.0 1.0 -0.0 -0.0]
partition_bb,"[[[0.0, 0.0, 0.0, 0.0, 0.0, 0.0, 0.0, 6.0, 20.0, 22.0, 28.0, 8.0, 7.0, 0.0, 0.0], [0.0, 0.0, 0.0, 0.0, 0.0, 0.0, 0.0, 0.0, 13.0, 15.0, 21.0, 1.0, 1.0, 18.0, 20.0], [0.0, 0.0, 0.0, 0.0, 0.0, 3.0, 6.0, 18.0, 4.0, 2.0, 4.0, 21.0, 25.0, 8.0, 6.0]], [[31.0, 27.0, 16.0, 15.0, 0.0, 0.0, 0.0, 0.0, 0.0, 0.0, 0.0, 0.0, 0.0, 0.0, 0.0], [20.0, 16.0, 5.0, 4.0, 0.0, 0.0, 0.0, 0.0, 0.0, 0.0, 0.0, 1.0, 2.0, 19.0, 21.0]], [[21.0, 17.0, 6.0, 5.0, 0.0, 0.0, 0.0, 0.0, 0.0, 0.0, 1.0, 21.0, 17.0, 3.0, 1.0], [20.0, 16.0, 5.0, 4.0, 0.0, 0.0, 0.0, 0.0, 13.0, 15.0, 21.0, 1.0, 0.0, 0.0, 0.0]], [[0.0, 0.0, 0.0, 0.0, 0.0, 0.0, 0.0, 0.0, 0.0, 0.0, 0.0, 13.0, 14.0, 31.0, 33.0]], [[15.0, 19.0, 9.0, 7.0, 0.0, 4.0, 7.0, 19.0, 5.0, 3.0, 0.0, 0.0, 0.0, 0.0, 0.0]]]"
y_box,[0.0 0.0 0.0 0.0 0.0 0.0 0.0 0.0 0.0 0.0 0.0 0.0 0.0 0.0 0.0; 8.0 0.0 14.0 0.0 0.0 0.0 0.0 0.0 0.0 0.0 0.0 0.0 0.0 0.0 0.0; 13.0 1.0 0.0 22.0 0.0 0.0 0.0 0.0 0.0 0.0 0.0 0.0 0.0 0.0 0.0; 0.0 0.0 0.0 0.0 7.0 0.0 0.0 0.0 0.0 0.0 1.0 21.0 1.0 0.0 0.0;;; 0.0 0.0 0.0 0.0 0.0 0.0 0.0 0.0 0.0 0.0 0.0 0.0 0.0 0.0 0.0; 0.0 0.0 0.0 0.0 0.0 0.0 0.0 9.0 13.0 0.0 0.0 0.0 0.0 0.0 0.0; 0.0 0.0 0.0 0.0 0.0 0.0 0.0 0.0 0.0 15.0 21.0 0.0 0.0 0.0 0.0; 0.0 0.0 0.0 0.0 0.0 0.0 0.0 0.0 0.0 0.0 0.0 13.0 17.0 0.0 0.0;;; 0.0 0.0 0.0 0.0 0.0 0.0 0.0 0.0 0.0 0.0 0.0 0.0 0.0 0.0 0.0; 0.0 0.0 0.0 0.0 0.0 0.0 0.0 0.0 0.0 22.0 0.0 0.0 0.0 0.0 0.0; 0.0 0.0 0.0 0.0 0.0 0.0 0.0 0.0 0.0 2.0 28.0 0.0 0.0 6.0 0.0; 0.0 0.0 0.0 0.0 0.0 0.0 0.0 0.0 0.0 0.0 0.0 0.0 0.0 10.0 20.0;;; 0.0 0.0 0.0 0.0 0.0 0.0 0.0 0.0 0.0 0.0 0.0 0.0 0.0 0.0 0.0; 0.0 0.0 0.0 0.0 0.0 0.0 0.0 3.0 0.0 0.0 0.0 19.0 0.0 0.0 0.0; 0.0 4.0 12.0 16.0 0.0 0.0 4.0 0.0 0.0 0.0 0.0 0.0 0.0 0.0 0.0; 0.0 0.0 0.0 0.0 0.0 0.0 0.0 0.0 0.0 0.0 0.0 0.0 15.0 15.0 0.0;;; 0.0 0.0 0.0 0.0 0.0 0.0 0.0 0.0 0.0 0.0 0.0 0.0 0.0 0.0 0.0; 0.0 0.0 0.0 16.0 1.0 0.0 0.0 0.0 4.0 0.0 0.0 1.0 0.0 0.0 0.0; 28.0 0.0 0.0 0.0 0.0 0.0 7.0 0.0 1.0 0.0 0.0 0.0 0.0 0.0 0.0; 0.0 27.0 0.0 0.0 0.0 0.0 0.0 0.0 0.0 0.0 0.0 3.0 0.0 0.0 0.0]
evol_bb,Vector{Float64}[]
y_bb,[-0.0 0.0 0.0 -0.0 -0.0 -0.0 -0.0 -0.0 -0.0 -0.0 -0.0 -0.0 -0.0 -0.0 -0.0; 5.0 -0.0 -0.0 15.0 -0.0 -0.0 -0.0 -0.0 -0.0 -0.0 -0.0 0.0 -0.0 -0.0 -0.0; 16.0 6.0 -0.0 0.0 -0.0 -0.0 -0.0 -0.0 -0.0 -0.0 -0.0 -0.0 0.0 0.0 -0.0; 10.0 -0.0 16.0 -0.0 -0.0 -0.0 -0.0 -0.0 -0.0 -0.0 -0.0 1.0 -0.0 19.0 0.0;;; -0.0 -0.0 -0.0 -0.0 -0.0 -0.0 0.0 0.0 -0.0 -0.0 -0.0 -0.0 -0.0 -0.0 -0.0; -0.0 -0.0 -0.0 -0.0 -0.0 -0.0 -0.0 -0.0 20.0 0.0 -0.0 -0.0 -0.0 -0.0 -0.0; -0.0 -0.0 -0.0 -0.0 -0.0 -0.0 -0.0 -0.0 0.0 22.0 -0.0 -0.0 -0.0 -0.0 -0.0; -0.0 -0.0 -0.0 -0.0 -0.0 -0.0 -0.0 -0.0 -0.0 -0.0 -0.0 8.0 -0.0 18.0 20.0;;; 0.0 0.0 -0.0 -0.0 -0.0 -0.0 -0.0 -0.0 -0.0 -0.0 -0.0 -0.0 -0.0 -0.0 -0.0; -0.0 -0.0 -0.0 -0.0 -0.0 -0.0 -0.0 -0.0 -0.0 -0.0 -0.0 20.0 -0.0 -0.0 -0.0; -0.0 17.0 0.0 0.0 -0.0 -0.0 -0.0 -0.0 -0.0 4.0 -0.0 1.0 -0.0 0.0 -0.0; -0.0 -0.0 6.0 -0.0 -0.0 -0.0 -0.0 -0.0 0.0 11.0 9.0 -0.0 17.0 3.0 0.0;;; -0.0 -0.0 -0.0 -0.0 -0.0 -0.0 -0.0 -0.0 -0.0 -0.0 -0.0 -0.0 -0.0 -0.0 0.0; -0.0 -0.0 -0.0 -0.0 -0.0 -0.0 -0.0 -0.0 -0.0 -0.0 -0.0 -0.0 14.0 -0.0 6.0; -0.0 -0.0 -0.0 -0.0 -0.0 -0.0 -0.0 -0.0 -0.0 -0.0 -0.0 -0.0 -0.0 22.0 -0.0; -0.0 -0.0 -0.0 -0.0 -0.0 -0.0 -0.0 -0.0 -0.0 -0.0 -0.0 10.0 0.0 9.0 27.0;;; 0.0 -0.0 -0.0 0.0 -0.0 -0.0 -0.0 -0.0 -0.0 -0.0 -0.0 -0.0 -0.0 -0.0 -0.0; -0.0 0.0 9.0 -0.0 -0.0 -0.0 7.0 -0.0 4.0 0.0 -0.0 -0.0 -0.0 -0.0 -0.0; -0.0 -0.0 -0.0 0.0 -0.0 -0.0 -0.0 18.0 1.0 3.0 -0.0 -0.0 -0.0 -0.0 -0.0; 15.0 19.0 0.0 7.0 -0.0 4.0 -0.0 1.0 -0.0 -0.0 -0.0 -0.0 -0.0 -0.0 -0.0]
evol_box,"[[0.64, 0.0], [2.782, 349313.56062063464], [2.912, 349313.5606206353], [3.002, 350266.61052106443], [3.292, 467366.19349621865], [3.555, 467366.1934957914], [4.292, 4.645465389985327e6], [5.099, 4.761159809946816e6], [5.586, 4.761159809946816e6], [10.104, 5.573966659152633e6], [14.826, 5.573966659152633e6], [20.503, 6.5042304722448215e6], [22.102, 6.504230472244821e6], [53.322, 7.548327350081606e6], [63.427, 7.780028807172582e6], [92.647, 7.896069366125854e6], [99.607, 8.1281493156229975e6], [118.511, 8.477230893815411e6], [157.539, 9.173596830473578e6], [276.785, 9.290163018976262e6], [430.529, 9.753699706931766e6], [488.911, 9.753699706931764e6], [1009.552, 9.985803750656644e6], [1196.35, 1.0218078189004121e7], [1242.832, 1.0335195811779879e7], [1353.65, 1.0566932161542766e7], [1468.483, 1.0682787209223963e7], [3354.593, 1.0798581094724268e7], [3528.227, 1.1030916601381887e7], [3600.009, 1.1263088024567729e7]]"
y_pb,[[-0.0 -0.0 -0.0 -0.0 -0.0 -0.0 -0.0 0.0 -0.0 -0.0 -0.0 -0.0 -0.0 -0.0 -0.0; -0.0 -0.0 -0.0 -0.0 -0.0 -0.0 -0.0 -0.0 27.0 -0.0 -0.0 -0.0 -0.0 -0.0 -0.0; -0.0 -0.0 -0.0 -0.0 -0.0 -0.0 -0.0 -0.0 -0.0 22.0 -0.0 -0.0 -0.0 -0.0 -0.0; -0.0 -0.0 -0.0 -0.0 -0.0 -0.0 -0.0 -0.0 -0.0 -0.0 -0.0 -0.0 -0.0 32.0 7.0;;;]]
x_bb,"[-0.0, 20.0, 22.0, 46.0]"
x_box,"[0.0, 22.0, 36.0, 30.0]"
evol_zeta,"[[2.281, 32.25000000000001], [2.895, 30.75], [2.929, 27.5], [3.081, 20.555555555555557], [3.346, 20.0], [3.613, 19.857142857142826], [4.326, 19.125], [5.18, 18.99999999999999], [5.673, 17.099999999999987], [10.236, 16.727272727272727], [14.955, 16.999999999999996], [20.611, 17.99999999999999], [22.192, 16.6], [53.399, 16.099999999999998], [63.481, 15.375], [92.718, 16.57142857142857], [99.703, 15.083333333333332], [118.597, 15.0], [157.642, 15.374999999999993], [276.892, 16.545454545454547], [430.586, 15.25], [488.971, 15.0], [1009.617, 14.875], [1196.389, 15.571428571428573], [1242.901, 15.333333333333334], [1353.7, 15.25], [1468.543, 14.333333333333334], [3354.631, 15.22222222222222], [3528.298, 14.000000000000002], [3600.026, 0.0]]"
ξ_box,[21.0 20.0 0.0 0.0 31.0; 17.0 16.0 0.0 4.0 27.0; 14.0 15.0 0.0 12.0 16.0; 22.0 23.0 0.0 16.0 16.0; 7.0 8.0 0.0 15.0 1.0; 0.0 2.0 3.0 4.0 4.0; 0.0 5.0 6.0 4.0 7.0; 0.0 17.0 18.0 16.0 19.0; 0.0 13.0 20.0 13.0 5.0; 0.0 15.0 22.0 18.0 3.0; 1.0 21.0 28.0 16.0 0.0; 21.0 13.0 21.0 19.0 4.0; 17.0 17.0 25.0 15.0 5.0; 31.0 0.0 18.0 15.0 22.0; 33.0 0.0 20.0 17.0 24.0]
