first,second
s_box,[11.0; 0.0; 4.0; 7.0; 15.0; 18.0; 22.0; 24.0; 27.0; 22.0; 0.0; 0.0; 14.0; 0.0; 0.0;;]
x_pb,"[9.0, -0.0, 18.0, 41.0]"
s_bb,[11.0; 0.0; 4.0; 7.0; 15.0; 18.0; 22.0; 24.0; 27.0; 22.0; 0.0; 0.0; 14.0; 0.0; 0.0;;]
partition_bb,"[[[0.0, 0.0, 0.0, 0.0, 0.0, 2.0, 9.0, 17.0, 27.0, 13.0, 5.0, 0.0, 0.0, 0.0, 0.0], [0.0, 0.0, 0.0, 3.0, 3.0, 0.0, 0.0, 7.0, 17.0, 3.0, 0.0, 3.0, 8.0, 9.0, 17.0], [0.0, 0.0, 3.0, 6.0, 15.0, 18.0, 11.0, 3.0, 0.0, 0.0, 0.0, 2.0, 2.0, 8.0, 0.0], [0.0, 0.0, 0.0, 0.0, 0.0, 2.0, 9.0, 7.0, 0.0, 9.0, 18.0, 12.0, 7.0, 6.0, 0.0], [11.0, 8.0, 4.0, 1.0, 0.0, 0.0, 0.0, 0.0, 10.0, 0.0, 6.0, 12.0, 7.0, 8.0, 0.0], [0.0, 0.0, 0.0, 3.0, 12.0, 15.0, 22.0, 14.0, 4.0, 0.0, 0.0, 0.0, 0.0, 0.0, 0.0], [0.0, 0.0, 0.0, 0.0, 0.0, 0.0, 0.0, 0.0, 8.0, 22.0, 17.0, 11.0, 6.0, 5.0, 0.0], [0.0, 0.0, 4.0, 7.0, 8.0, 5.0, 0.0, 0.0, 0.0, 0.0, 4.0, 10.0, 15.0, 9.0, 6.0], [0.0, 0.0, 0.0, 0.0, 6.0, 9.0, 16.0, 24.0, 14.0, 0.0, 0.0, 0.0, 0.0, 0.0, 0.0], [0.0, 0.0, 3.0, 6.0, 0.0, 0.0, 0.0, 3.0, 13.0, 0.0, 9.0, 15.0, 10.0, 9.0, 1.0]]]"
y_box,[-0.0 8.0 0.0 0.0 0.0 0.0 0.0 -0.0 -0.0 -0.0 -0.0 -0.0 -0.0 -0.0 -0.0; -0.0 -0.0 -0.0 -0.0 -0.0 -0.0 -0.0 0.0 -0.0 -0.0 -0.0 -0.0 -0.0 -0.0 -0.0; -0.0 -0.0 -0.0 -0.0 -0.0 -0.0 -0.0 -0.0 0.0 0.0 18.0 15.0 -0.0 -0.0 -0.0; -0.0 -0.0 -0.0 -0.0 -0.0 -0.0 -0.0 -0.0 -0.0 -0.0 -0.0 -0.0 1.0 9.0 17.0;;;]
evol_bb,"[[0.47, 1.7319269569752034e7]]"
y_bb,[-0.0 8.0 0.0 0.0 0.0 0.0 0.0 -0.0 -0.0 -0.0 -0.0 -0.0 -0.0 -0.0 -0.0; -0.0 -0.0 -0.0 -0.0 -0.0 -0.0 -0.0 0.0 -0.0 -0.0 -0.0 -0.0 -0.0 -0.0 -0.0; -0.0 -0.0 -0.0 -0.0 -0.0 -0.0 -0.0 -0.0 0.0 0.0 18.0 15.0 -0.0 -0.0 -0.0; -0.0 -0.0 -0.0 -0.0 -0.0 -0.0 -0.0 -0.0 -0.0 -0.0 -0.0 -0.0 1.0 9.0 17.0;;;]
evol_box,"[[0.609, 0.0], [2.61, 529766.9450147687], [2.711, 7.498407174270004e6], [2.718, 1.0243898778310288e7], [2.726, 1.2144753322982237e7], [2.732, 1.372878187844584e7], [2.739, 1.4679209150781814e7], [2.745, 1.5418430362598684e7], [2.751, 1.5946445513896449e7], [2.755, 1.647444532767561e7], [2.762, 1.7002460478973374e7], [2.777, 1.7319269569752034e7]]"
y_pb,[[1.0 8.0 -0.0 -0.0 -0.0 -0.0 -0.0 -0.0 -0.0 -0.0 -0.0 -0.0 -0.0 -0.0 -0.0; -0.0 -0.0 -0.0 -0.0 -0.0 -0.0 -0.0 -0.0 -0.0 0.0 -0.0 -0.0 -0.0 -0.0 -0.0; -0.0 -0.0 -0.0 -0.0 -0.0 -0.0 -0.0 -0.0 -0.0 -0.0 18.0 -0.0 -0.0 -0.0 -0.0; -0.0 -0.0 -0.0 -0.0 -0.0 -0.0 -0.0 -0.0 -0.0 -0.0 -0.0 -0.0 15.0 9.0 17.0;;;]]
x_bb,"[8.0, 0.0, 33.0, 27.0]"
x_box,"[8.0, 0.0, 33.0, 27.0]"
evol_zeta,"[[2.175, 26.166666666666686], [2.709, 17.0], [2.717, 13.0], [2.725, 12.666666666666664], [2.731, 11.0], [2.738, 9.0], [2.744, 6.799999999999997], [2.75, 5.0], [2.754, 4.0], [2.76, 3.0], [2.776, 3.000000000400007], [2.792, 0.0]]"
ξ_box,[11.0; 8.0; 4.0; 7.0; 15.0; 18.0; 22.0; 24.0; 27.0; 22.0; 18.0; 15.0; 15.0; 9.0; 17.0;;]
