first,second
s_box,[0.0 0.0 25.0; 24.0 15.0 26.0; 0.0 18.0 20.0; 14.0 11.0 0.0; 0.0 0.0 10.0; 0.0 0.0 13.0; 6.0 17.0 0.0; 0.0 1.0 11.0; 0.0 0.0 9.0; 0.0 0.0 0.0; 25.0 0.0 24.0; 20.0 14.0 2.0; 20.0 21.0 0.0; 22.0 25.0 7.0; 22.0 30.0 5.0]
x_pb,"[35.0, 50.0, -0.0, 1.0]"
s_bb,[0.0 -0.0 -0.0; 31.0 -0.0 -0.0; 0.0 -0.0 -0.0; 14.0 -0.0 -0.0; 0.0 -0.0 -0.0; 0.0 -0.0 -0.0; 18.0 -0.0 -0.0; 12.0 -0.0 -0.0; 9.0 -0.0 -0.0; 4.0 -0.0 -0.0; 29.0 -0.0 -0.0; 28.0 -0.0 -0.0; 27.0 -0.0 -0.0; 28.0 -0.0 -0.0; 30.0 -0.0 -0.0]
partition_bb,"[[[35.0, 11.0, 6.0, 7.0, 6.0, 8.0, 1.0, 0.0, 0.0, 0.0, 0.0, 0.0, 0.0, 0.0, 0.0], [0.0, 0.0, 0.0, 0.0, 0.0, 0.0, 0.0, 0.0, 0.0, 0.0, 5.0, 5.0, 21.0, 25.0, 30.0], [0.0, 0.0, 0.0, 0.0, 1.0, 0.0, 0.0, 0.0, 0.0, 4.0, 29.0, 26.0, 13.0, 9.0, 4.0], [7.0, 31.0, 22.0, 10.0, 9.0, 8.0, 0.0, 0.0, 0.0, 0.0, 0.0, 0.0, 0.0, 0.0, 0.0], [21.0, 0.0, 0.0, 5.0, 8.0, 9.0, 18.0, 12.0, 9.0, 4.0, 0.0, 0.0, 0.0, 0.0, 0.0], [0.0, 0.0, 1.0, 8.0, 11.0, 15.0, 6.0, 0.0, 0.0, 0.0, 0.0, 0.0, 12.0, 19.0, 14.0], [0.0, 0.0, 0.0, 0.0, 0.0, 0.0, 0.0, 0.0, 0.0, 0.0, 11.0, 11.0, 27.0, 20.0, 18.0], [30.0, 6.0, 15.0, 14.0, 11.0, 7.0, 1.0, 0.0, 0.0, 4.0, 0.0, 0.0, 0.0, 0.0, 0.0], [0.0, 0.0, 1.0, 0.0, 0.0, 0.0, 0.0, 0.0, 0.0, 4.0, 26.0, 29.0, 13.0, 9.0, 4.0], [0.0, 0.0, 0.0, 0.0, 0.0, 0.0, 0.0, 0.0, 0.0, 0.0, 8.0, 8.0, 21.0, 28.0, 23.0], [0.0, 15.0, 24.0, 12.0, 11.0, 10.0, 9.0, 0.0, 0.0, 4.0, 0.0, 0.0, 0.0, 0.0, 0.0]], Vector{Float64}[], Vector{Float64}[]]"
y_box,[35.0 0.0 0.0 0.0 0.0 0.0 0.0 0.0 0.0 0.0 0.0 0.0 0.0 0.0 0.0; 0.0 0.0 23.0 0.0 11.0 15.0 0.0 0.0 0.0 0.0 0.0 0.0 0.0 0.0 0.0; 0.0 0.0 0.0 0.0 0.0 0.0 0.0 0.0 0.0 0.0 0.0 0.0 0.0 0.0 0.0; 0.0 0.0 0.0 0.0 0.0 0.0 0.0 0.0 0.0 0.0 0.0 2.0 0.0 0.0 0.0;;; 30.0 0.0 0.0 0.0 1.0 0.0 0.0 0.0 0.0 4.0 0.0 0.0 0.0 0.0 0.0; 0.0 0.0 0.0 0.0 7.0 8.0 0.0 11.0 9.0 0.0 14.0 0.0 0.0 0.0 0.0; 0.0 0.0 0.0 0.0 0.0 0.0 0.0 0.0 0.0 0.0 0.0 0.0 0.0 0.0 0.0; 0.0 0.0 0.0 0.0 0.0 0.0 0.0 0.0 0.0 0.0 1.0 1.0 0.0 0.0 0.0;;; 0.0 1.0 0.0 0.0 0.0 0.0 18.0 0.0 0.0 4.0 0.0 0.0 12.0 0.0 0.0; 0.0 2.0 0.0 12.0 0.0 1.0 0.0 1.0 0.0 0.0 0.0 26.0 0.0 0.0 7.0; 0.0 0.0 0.0 0.0 0.0 0.0 0.0 0.0 0.0 0.0 0.0 0.0 0.0 0.0 0.0; 0.0 0.0 0.0 0.0 0.0 0.0 0.0 0.0 0.0 0.0 1.0 0.0 0.0 1.0 0.0]
evol_bb,"[[913.606, 2.7509778545525827e7]]"
y_bb,[35.0 -0.0 -0.0 -0.0 -0.0 -0.0 -0.0 -0.0 -0.0 -0.0 -0.0 -0.0 -0.0 -0.0 -0.0; -0.0 0.0 24.0 0.0 11.0 15.0 0.0 -0.0 -0.0 -0.0 -0.0 -0.0 -0.0 -0.0 -0.0; -0.0 -0.0 -0.0 -0.0 -0.0 -0.0 -0.0 0.0 0.0 0.0 -0.0 -0.0 -0.0 -0.0 -0.0; -0.0 -0.0 -0.0 -0.0 -0.0 -0.0 -0.0 -0.0 -0.0 -0.0 0.0 1.0 0.0 0.0 0.0;;; -0.0 -0.0 -0.0 -0.0 -0.0 -0.0 -0.0 -0.0 -0.0 -0.0 -0.0 -0.0 -0.0 -0.0 -0.0; -0.0 -0.0 -0.0 -0.0 -0.0 -0.0 -0.0 -0.0 -0.0 -0.0 -0.0 -0.0 -0.0 -0.0 -0.0; -0.0 -0.0 -0.0 -0.0 -0.0 -0.0 -0.0 -0.0 -0.0 -0.0 -0.0 -0.0 -0.0 -0.0 -0.0; -0.0 -0.0 -0.0 -0.0 -0.0 -0.0 -0.0 -0.0 -0.0 -0.0 -0.0 -0.0 -0.0 -0.0 -0.0;;; -0.0 -0.0 -0.0 -0.0 -0.0 -0.0 -0.0 -0.0 -0.0 -0.0 -0.0 -0.0 -0.0 -0.0 -0.0; -0.0 -0.0 -0.0 -0.0 -0.0 -0.0 -0.0 -0.0 -0.0 -0.0 -0.0 -0.0 -0.0 -0.0 -0.0; -0.0 -0.0 -0.0 -0.0 -0.0 -0.0 -0.0 -0.0 -0.0 -0.0 -0.0 -0.0 -0.0 -0.0 -0.0; -0.0 -0.0 -0.0 -0.0 -0.0 -0.0 -0.0 -0.0 -0.0 -0.0 -0.0 -0.0 -0.0 -0.0 -0.0]
evol_box,"[[0.463, 0.0], [1.97, 937.1489937099395], [2.069, 3676.030731697723], [2.115, 120895.89897120654], [2.181, 3.111321273239997e6], [2.26, 4.785261271536673e6], [2.399, 5.861603767448515e6], [2.517, 7.536310629528241e6], [2.822, 8.373272361988402e6], [3.023, 8.851704444272075e6], [3.588, 9.090943788541576e6], [3.834, 9.689004427771159e6], [4.145, 1.0406626319280861e7], [4.558, 1.0765312793389134e7], [5.072, 1.0884913230025003e7], [5.552, 1.112433502662022e7], [6.081, 1.1482930788295664e7], [6.836, 1.208095416629576e7], [8.034, 1.2080954166295758e7], [9.069, 1.2200678994092833e7], [10.029, 1.2200678994092835e7], [11.652, 1.2200678994092835e7], [12.558, 1.2200745997854048e7], [14.427, 1.3277111477783779e7], [17.194, 1.3277160893545624e7], [19.43, 1.3516193561434163e7], [21.318, 1.3635871179159753e7], [24.404, 1.3874989051612332e7], [27.007, 1.3875099433450146e7], [30.703, 1.423390450624577e7], [35.164, 1.4592733719807899e7], [40.995, 1.4712376400237033e7], [46.969, 1.495145359359259e7], [53.146, 1.4951535322222514e7], [60.129, 1.5190876810226634e7], [65.752, 1.5310231191461913e7], [75.352, 1.5788645238078438e7], [84.73, 1.578873809024686e7], [97.555, 1.60278522613867e7], [111.217, 1.60278522613867e7], [132.37, 1.6027887445859917e7], [147.553, 1.6027908417004623e7], [163.067, 1.6027931861835869e7], [179.108, 1.6386709497784216e7], [201.795, 1.6386725684640208e7], [221.503, 1.6386735283554723e7], [250.234, 1.686506794821792e7], [283.304, 1.686507684296562e7], [308.031, 1.6984671459872052e7], [341.492, 1.7104274971526183e7], [376.246, 1.7104324762735583e7], [418.616, 1.7223878483180318e7], [461.433, 1.7223878483180318e7], [518.649, 1.7224178041762333e7], [608.149, 1.7463093266127832e7], [654.245, 1.7463125471068095e7], [720.052, 1.746313811317509e7], [767.838, 1.7463140174764324e7], [895.486, 1.7463265558618333e7], [969.943, 1.758268901814271e7], [1042.648, 1.7582709402833153e7], [1169.36, 1.758271134274297e7], [1285.211, 1.758273013430535e7], [1390.219, 1.7582839532033868e7], [1541.364, 1.7702335790850833e7], [1652.11, 1.770235051511986e7], [1795.966, 1.7702406696806632e7], [1932.365, 1.7821896041450977e7], [2124.92, 1.7821896041450974e7], [2287.616, 1.7821904936198674e7], [2454.289, 1.7821925890480924e7], [2703.63, 1.7821932275727004e7], [2935.209, 1.7941534691584114e7], [3229.996, 1.806110306475924e7], [3525.875, 1.806111082439849e7], [3600.031, 1.83003100880675e7]]"
y_pb,[[35.0 -0.0 -0.0 -0.0 -0.0 -0.0 -0.0 -0.0 -0.0 -0.0 -0.0 -0.0 -0.0 -0.0 -0.0; -0.0 -0.0 24.0 -0.0 11.0 15.0 -0.0 -0.0 -0.0 -0.0 -0.0 -0.0 -0.0 -0.0 -0.0; -0.0 -0.0 -0.0 -0.0 -0.0 -0.0 -0.0 0.0 -0.0 -0.0 -0.0 -0.0 -0.0 -0.0 -0.0; -0.0 -0.0 -0.0 -0.0 -0.0 -0.0 -0.0 -0.0 -0.0 -0.0 -0.0 1.0 -0.0 -0.0 -0.0;;;]]
x_bb,"[35.0, 50.0, 0.0, 1.0]"
x_box,"[35.0, 49.0, 0.0, 2.0]"
evol_zeta,"[[1.653, 35.0], [2.048, 30.0], [2.083, 24.833333333333336], [2.124, 24.8], [2.194, 21.624999999999996], [2.274, 21.14285714285714], [2.414, 17.666666666666668], [2.533, 17.000000110911177], [2.833, 17.799999999999997], [3.033, 18.166666666666664], [3.603, 15.799999999999997], [3.851, 17.0], [4.154, 15.399999999999999], [4.571, 15.0], [5.091, 14.666666666666668], [5.565, 14.818181818181818], [6.102, 12.88888888888889], [6.852, 15.714285714285715], [8.049, 14.0], [9.086, 13.200000000000003], [10.043, 13.363636363636363], [11.673, 13.125], [12.58, 12.100000000000001], [14.439, 16.444444444444446], [17.209, 12.666666666666668], [19.446, 15.49999999999999], [21.337, 11.666666666666668], [24.42, 10.600000000000012], [27.029, 10.636363636363626], [30.717, 11.75], [35.178, 12.0], [41.012, 10.75], [46.985, 12.000000001300009], [53.172, 9.222222222222223], [60.144, 10.874999999999998], [65.764, 10.88888888888889], [75.37, 9.0], [84.746, 12.375], [97.564, 11.0], [111.234, 10.700000000000003], [132.386, 10.100000000000001], [147.568, 10.0], [163.098, 8.333333333333334], [179.126, 8.799999999999983], [201.816, 8.0], [221.522, 11.54545454545455], [250.248, 10.0], [283.321, 9.11111111111111], [308.042, 12.399999999999999], [341.509, 11.111111364733587], [376.251, 9.0], [418.642, 9.899999999999999], [461.447, 8.444444444444445], [518.666, 10.636363636363637], [608.16, 11.285714285714288], [654.27, 8.444444444444445], [720.067, 8.0], [767.855, 9.333333333333323], [895.495, 9.875], [969.96, 9.88888888888889], [1042.668, 9.777777777777784], [1169.376, 11.0], [1285.226, 9.461538461538462], [1390.233, 12.0], [1541.376, 9.0], [1652.144, 7.222222222222221], [1795.99, 7.285714285714285], [1932.383, 8.25], [2124.946, 9.5], [2287.64, 9.16666666666667], [2454.314, 7.857142857142858], [2703.65, 9.0], [2935.234, 8.714285714285712], [3230.017, 7.75], [3525.898, 8.333333333333332], [3600.044, 0.0]]"
ξ_box,[35.0 30.0 25.0; 24.0 15.0 29.0; 23.0 18.0 20.0; 14.0 11.0 12.0; 11.0 8.0 10.0; 15.0 8.0 14.0; 6.0 17.0 18.0; 0.0 12.0 12.0; 0.0 9.0 9.0; 0.0 4.0 4.0; 25.0 15.0 25.0; 22.0 15.0 28.0; 20.0 21.0 12.0; 22.0 25.0 8.0; 22.0 30.0 12.0]
