first,second
s_box,[23.0; 22.0; 15.0; 13.0; 15.0; 3.0; 0.0; 0.0; 22.0; 23.0; 26.0; 0.0; 4.0; 5.0; 6.0;;]
x_pb,"[-0.0, 57.0, -0.0, 17.0]"
s_bb,[23.0; 22.0; 15.0; 13.0; 15.0; 3.0; 0.0; 0.0; 22.0; 23.0; 26.0; 0.0; 4.0; 5.0; 6.0;;]
partition_bb,"[[[0.0, 0.0, 0.0, 0.0, 0.0, 0.0, 3.0, 10.0, 17.0, 21.0, 26.0, 0.0, 0.0, 0.0, 0.0], [23.0, 19.0, 13.0, 11.0, 9.0, 0.0, 0.0, 0.0, 0.0, 0.0, 0.0, 0.0, 0.0, 0.0, 0.0], [0.0, 0.0, 2.0, 4.0, 6.0, 14.0, 22.0, 15.0, 8.0, 4.0, 0.0, 0.0, 0.0, 0.0, 0.0], [0.0, 0.0, 0.0, 0.0, 0.0, 0.0, 0.0, 7.0, 14.0, 10.0, 5.0, 17.0, 4.0, 5.0, 4.0], [0.0, 0.0, 0.0, 0.0, 0.0, 7.0, 15.0, 22.0, 15.0, 11.0, 6.0, 0.0, 0.0, 0.0, 0.0], [5.0, 3.0, 11.0, 13.0, 15.0, 2.0, 0.0, 0.0, 5.0, 9.0, 14.0, 0.0, 0.0, 0.0, 0.0], [0.0, 0.0, 0.0, 0.0, 0.0, 0.0, 8.0, 15.0, 22.0, 18.0, 13.0, 0.0, 0.0, 0.0, 0.0], [18.0, 22.0, 14.0, 12.0, 10.0, 0.0, 0.0, 0.0, 0.0, 0.0, 0.0, 0.0, 0.0, 0.0, 0.0], [1.0, 3.0, 11.0, 13.0, 15.0, 2.0, 0.0, 0.0, 0.0, 0.0, 0.0, 17.0, 4.0, 5.0, 6.0], [0.0, 0.0, 7.0, 5.0, 3.0, 16.0, 8.0, 7.0, 14.0, 10.0, 5.0, 0.0, 0.0, 0.0, 0.0], [0.0, 0.0, 0.0, 0.0, 0.0, 0.0, 5.0, 12.0, 19.0, 23.0, 18.0, 0.0, 0.0, 0.0, 0.0], [11.0, 7.0, 15.0, 13.0, 11.0, 0.0, 8.0, 1.0, 2.0, 6.0, 1.0, 0.0, 0.0, 0.0, 0.0]]]"
y_box,[0.0 0.0 -0.0 -0.0 -0.0 -0.0 -0.0 -0.0 -0.0 -0.0 -0.0 -0.0 -0.0 -0.0 -0.0; -0.0 -0.0 0.0 0.0 0.0 13.0 22.0 22.0 -0.0 -0.0 -0.0 -0.0 -0.0 -0.0 -0.0; -0.0 -0.0 -0.0 -0.0 -0.0 -0.0 -0.0 -0.0 -0.0 -0.0 0.0 -0.0 -0.0 -0.0 -0.0; -0.0 -0.0 -0.0 -0.0 -0.0 -0.0 -0.0 -0.0 -0.0 -0.0 -0.0 17.0 0.0 0.0 0.0;;;]
evol_bb,"[[0.518, 1.6534007545271218e7]]"
y_bb,[0.0 0.0 -0.0 -0.0 -0.0 -0.0 -0.0 -0.0 -0.0 -0.0 -0.0 -0.0 -0.0 -0.0 -0.0; -0.0 -0.0 0.0 0.0 0.0 13.0 22.0 22.0 -0.0 -0.0 -0.0 -0.0 -0.0 -0.0 -0.0; -0.0 -0.0 -0.0 -0.0 -0.0 -0.0 -0.0 -0.0 -0.0 -0.0 0.0 -0.0 -0.0 -0.0 -0.0; -0.0 -0.0 -0.0 -0.0 -0.0 -0.0 -0.0 -0.0 -0.0 -0.0 -0.0 17.0 0.0 0.0 0.0;;;]
evol_box,"[[0.613, 0.0], [2.723, 281616.45245656726], [2.823, 7.287174979487343e6], [2.836, 1.0836435003964994e7], [2.842, 1.36384087324357e7], [2.85, 1.4292222542198889e7], [2.859, 1.522629962681236e7], [2.869, 1.5693338169119094e7], [2.88, 1.6066969002964484e7], [2.888, 1.6253784419887178e7], [2.895, 1.644059983680987e7], [2.906, 1.6534007545271218e7]]"
y_pb,[[-0.0 -0.0 -0.0 0.0 -0.0 -0.0 -0.0 -0.0 -0.0 -0.0 -0.0 -0.0 -0.0 -0.0 -0.0; -0.0 -0.0 -0.0 -0.0 -0.0 13.0 22.0 22.0 -0.0 -0.0 -0.0 -0.0 -0.0 -0.0 -0.0; -0.0 -0.0 -0.0 -0.0 -0.0 -0.0 -0.0 -0.0 -0.0 -0.0 0.0 -0.0 -0.0 -0.0 -0.0; -0.0 -0.0 -0.0 -0.0 -0.0 -0.0 -0.0 -0.0 -0.0 -0.0 -0.0 17.0 -0.0 -0.0 -0.0;;;]]
x_bb,"[0.0, 57.0, 0.0, 17.0]"
x_box,"[0.0, 57.0, 0.0, 17.0]"
evol_zeta,"[[2.272, 25.4], [2.821, 22.799999999999997], [2.835, 18.875], [2.84, 17.0], [2.849, 6.666666666666664], [2.857, 6.0], [2.867, 4.600000000000001], [2.879, 2.6000000000000014], [2.887, 2.0], [2.893, 1.3999999999999986], [2.905, 1.0], [2.91, 0.0]]"
ξ_box,[23.0; 22.0; 15.0; 13.0; 15.0; 16.0; 22.0; 22.0; 22.0; 23.0; 26.0; 17.0; 4.0; 5.0; 6.0;;]
