first,second
s_box,[17.0 0.0 17.0 10.0; 0.0 0.0 0.0 6.0; 0.0 0.0 13.0 11.0; 15.0 0.0 0.0 0.0; 0.0 0.0 0.0 0.0; 12.0 17.0 17.0 5.0; 5.0 0.0 7.0 0.0; 0.0 16.0 23.0 13.0; 30.0 7.0 18.0 0.0; 20.0 0.0 1.0 0.0; 12.0 0.0 0.0 0.0; 0.0 19.0 8.0 17.0; 0.0 16.0 0.0 16.0; 0.0 20.0 0.0 13.0; 0.0 16.0 7.0 21.0]
x_pb,"[-0.0, 3.0, 30.0, 51.0]"
s_bb,[-0.0 -0.0 17.0 -0.0; -0.0 8.0 8.0 -0.0; -0.0 6.0 -0.0 -0.0; 6.0 -0.0 -0.0 -0.0; -0.0 -0.0 20.0 -0.0; 5.0 -0.0 12.0 -0.0; -0.0 7.0 2.0 -0.0; -0.0 21.0 -0.0 -0.0; 12.0 0.0 -0.0 -0.0; 18.0 -0.0 -0.0 -0.0; 10.0 -0.0 -0.0 -0.0; -0.0 3.0 4.0 -0.0; 13.0 16.0 -0.0 -0.0; 17.0 20.0 8.0 -0.0; -0.0 28.0 4.0 -0.0]
partition_bb,"[[[0.0, 3.0, 5.0, 6.0, 21.0, 13.0, 5.0, 21.0, 12.0, 0.0, 0.0, 0.0, 0.0, 0.0, 0.0], [0.0, 0.0, 2.0, 3.0, 18.0, 10.0, 2.0, 18.0, 9.0, 18.0, 10.0, 2.0, 1.0, 0.0, 0.0], [0.0, 0.0, 1.0, 2.0, 17.0, 9.0, 0.0, 0.0, 0.0, 0.0, 4.0, 12.0, 13.0, 17.0, 9.0]], [[0.0, 0.0, 0.0, 0.0, 0.0, 0.0, 7.0, 21.0, 30.0, 13.0, 5.0, 6.0, 3.0, 1.0, 0.0], [0.0, 0.0, 0.0, 0.0, 0.0, 0.0, 0.0, 0.0, 0.0, 0.0, 7.0, 15.0, 16.0, 20.0, 28.0], [17.0, 8.0, 6.0, 5.0, 0.0, 0.0, 2.0, 16.0, 25.0, 8.0, 0.0, 0.0, 0.0, 0.0, 0.0]], [[0.0, 2.0, 4.0, 5.0, 20.0, 12.0, 2.0, 0.0, 3.0, 20.0, 12.0, 4.0, 3.0, 0.0, 0.0], [17.0, 8.0, 6.0, 5.0, 0.0, 0.0, 1.0, 17.0, 8.0, 0.0, 0.0, 0.0, 0.0, 0.0, 0.0], [17.0, 8.0, 6.0, 5.0, 16.0, 8.0, 0.0, 0.0, 0.0, 0.0, 0.0, 3.0, 4.0, 8.0, 16.0]], [[1.0, 7.0, 12.0, 10.0, 25.0, 17.0, 7.0, 0.0, 0.0, 0.0, 0.0, 0.0, 0.0, 0.0, 5.0]]]"
y_box,[0.0 5.0 0.0 0.0 0.0 0.0 0.0 0.0 0.0 0.0 0.0 0.0 0.0 0.0 0.0; 0.0 3.0 0.0 1.0 20.0 0.0 0.0 3.0 0.0 0.0 0.0 0.0 0.0 0.0 0.0; 0.0 0.0 0.0 0.0 0.0 0.0 2.0 8.0 0.0 0.0 0.0 6.0 4.0 0.0 1.0; 0.0 0.0 13.0 0.0 0.0 0.0 0.0 12.0 0.0 0.0 0.0 0.0 0.0 6.0 0.0;;; 0.0 0.0 0.0 0.0 5.0 0.0 0.0 0.0 0.0 0.0 0.0 0.0 0.0 0.0 0.0; 0.0 0.0 1.0 0.0 3.0 0.0 0.0 0.0 0.0 0.0 22.0 0.0 0.0 0.0 0.0; 0.0 0.0 0.0 2.0 0.0 0.0 0.0 0.0 0.0 19.0 0.0 0.0 0.0 0.0 0.0; 0.0 0.0 0.0 0.0 9.0 0.0 6.0 0.0 0.0 4.0 0.0 0.0 0.0 0.0 12.0;;; 0.0 0.0 0.0 5.0 0.0 0.0 0.0 0.0 0.0 0.0 0.0 0.0 0.0 0.0 0.0; 0.0 8.0 0.0 11.0 8.0 0.0 0.0 0.0 0.0 0.0 0.0 0.0 0.0 0.0 0.0; 3.0 0.0 0.0 0.0 0.0 0.0 0.0 0.0 0.0 0.0 0.0 0.0 9.0 9.0 0.0; 0.0 0.0 0.0 0.0 17.0 0.0 0.0 0.0 0.0 0.0 0.0 0.0 0.0 4.0 10.0;;; 5.0 0.0 0.0 0.0 0.0 0.0 0.0 0.0 0.0 0.0 0.0 0.0 0.0 0.0 0.0; 0.0 0.0 0.0 14.0 13.0 0.0 0.0 0.0 0.0 0.0 0.0 0.0 0.0 0.0 0.0; 0.0 0.0 0.0 0.0 0.0 0.0 0.0 0.0 21.0 0.0 0.0 0.0 0.0 0.0 0.0; 0.0 0.0 0.0 0.0 0.0 0.0 0.0 0.0 0.0 18.0 13.0 0.0 0.0 0.0 0.0]
evol_bb,Vector{Float64}[]
y_bb,[-0.0 -0.0 -0.0 -0.0 -0.0 3.0 -0.0 -0.0 -0.0 -0.0 -0.0 5.0 -0.0 -0.0 9.0; -0.0 -0.0 -0.0 -0.0 -0.0 5.0 -0.0 -0.0 -0.0 -0.0 -0.0 -0.0 -0.0 -0.0 -0.0; -0.0 2.0 -0.0 -0.0 21.0 -0.0 -0.0 -0.0 -0.0 -0.0 -0.0 7.0 -0.0 -0.0 -0.0; -0.0 1.0 5.0 0.0 -0.0 -0.0 5.0 21.0 0.0 0.0 0.0 -0.0 0.0 0.0 -0.0;;; 17.0 0.0 -0.0 -0.0 -0.0 -0.0 -0.0 -0.0 -0.0 -0.0 -0.0 -0.0 -0.0 -0.0 -0.0; -0.0 -0.0 0.0 5.0 -0.0 -0.0 -0.0 -0.0 -0.0 -0.0 -0.0 -0.0 -0.0 -0.0 -0.0; -0.0 -0.0 -0.0 -0.0 -0.0 -0.0 -0.0 -0.0 30.0 -0.0 -0.0 -0.0 -0.0 -0.0 -0.0; -0.0 -0.0 -0.0 -0.0 -0.0 -0.0 -0.0 -0.0 -0.0 13.0 7.0 12.0 0.0 0.0 0.0;;; 0.0 0.0 -0.0 -0.0 -0.0 0.0 -0.0 5.0 -0.0 -0.0 -0.0 -0.0 -0.0 -0.0 12.0; -0.0 -0.0 5.0 -0.0 -0.0 -0.0 -0.0 -0.0 -0.0 -0.0 -0.0 -0.0 -0.0 -0.0 -0.0; -0.0 -0.0 -0.0 -0.0 0.0 -0.0 -0.0 -0.0 -0.0 18.0 12.0 -0.0 -0.0 -0.0 -0.0; -0.0 -0.0 1.0 5.0 -0.0 -0.0 0.0 12.0 8.0 2.0 -0.0 0.0 4.0 0.0 -0.0;;; 1.0 -0.0 12.0 2.0 2.0 -0.0 -0.0 -0.0 -0.0 -0.0 -0.0 -0.0 -0.0 -0.0 -0.0; 0.0 -0.0 -0.0 -0.0 5.0 -0.0 -0.0 -0.0 -0.0 -0.0 -0.0 -0.0 -0.0 -0.0 -0.0; -0.0 -0.0 -0.0 -0.0 18.0 -0.0 7.0 -0.0 -0.0 -0.0 -0.0 -0.0 -0.0 -0.0 5.0; -0.0 7.0 0.0 8.0 -0.0 17.0 -0.0 -0.0 -0.0 -0.0 -0.0 -0.0 -0.0 -0.0 -0.0]
evol_box,"[[0.419, 0.0], [1.995, 237337.73614702473], [2.102, 238161.81436972658], [2.175, 238161.81436964124], [2.397, 239031.56266555673], [3.043, 4.0156408450251436e6], [3.473, 4.606036267562354e6], [4.952, 5.078089036603231e6], [7.434, 5.078089036603231e6], [10.56, 5.432249631139405e6], [15.167, 6.96703805868089e6], [20.623, 6.967038213923424e6], [24.715, 7.6754615838761255e6], [28.215, 7.675461583876168e6], [29.532, 7.675461583876169e6], [39.599, 7.793503202372791e6], [44.613, 7.911877988180817e6], [49.447, 8.029771739501583e6], [56.486, 8.266024165768134e6], [63.338, 8.619967437014274e6], [68.966, 8.974187311690597e6], [73.223, 9.210348201201875e6], [79.925, 1.0036730059396995e7], [89.806, 1.0155115914512008e7], [98.96, 1.0272841051731782e7], [107.414, 1.0390976372207483e7], [115.155, 1.0509086749581262e7], [130.983, 1.0745143755545693e7], [149.554, 1.0745143755545694e7], [163.85, 1.086320929817025e7], [190.44, 1.1099321691779608e7], [206.958, 1.1099326612691067e7], [234.202, 1.1099454941348787e7], [262.403, 1.1217450285421599e7], [301.204, 1.1335476460646646e7], [345.422, 1.1335478922125425e7], [403.111, 1.1571592800360262e7], [450.333, 1.157168966579106e7], [518.024, 1.1807889627635645e7], [588.894, 1.1925853572220698e7], [715.568, 1.2161931686086081e7], [816.623, 1.2280004709248416e7], [948.777, 1.239808823014082e7], [1085.985, 1.2398355183476845e7], [1210.06, 1.2516155707923586e7], [1480.132, 1.2516167305638421e7], [1670.525, 1.2634240660272647e7], [1976.904, 1.2870355761857651e7], [2554.735, 1.3106453693461087e7], [3002.739, 1.3224564570117466e7], [3600.036, 1.3224602675383214e7]]"
y_pb,[[0.0 -0.0 -0.0 -0.0 -0.0 -0.0 -0.0 -0.0 -0.0 -0.0 -0.0 -0.0 -0.0 -0.0 -0.0; -0.0 -0.0 -0.0 -0.0 3.0 -0.0 -0.0 -0.0 -0.0 -0.0 -0.0 -0.0 -0.0 -0.0 -0.0; -0.0 -0.0 -0.0 -0.0 -0.0 -0.0 -0.0 -0.0 30.0 -0.0 -0.0 -0.0 -0.0 -0.0 -0.0; -0.0 -0.0 -0.0 -0.0 -0.0 -0.0 -0.0 -0.0 -0.0 27.0 24.0 -0.0 -0.0 -0.0 -0.0;;;]]
x_bb,"[17.0, 5.0, 30.0, 32.0]"
x_box,"[5.0, 27.0, 21.0, 31.0]"
evol_zeta,"[[2.086, 27.59999999999998], [2.15, 25.0], [2.208, 20.749999999999996], [2.447, 20.428571428571427], [3.091, 19.727272727272727], [3.528, 18.42857142857143], [4.989, 17.18181818181818], [7.455, 17.0], [10.607, 17.0], [15.214, 17.0], [20.703, 16.444444195061067], [24.765, 17.0], [28.287, 15.799999999999999], [29.571, 15.699999999999944], [39.689, 15.399999999999999], [44.638, 16.4], [49.509, 14.875], [56.526, 16.5], [63.366, 14.125], [69.047, 12.199999999999996], [73.302, 12.083333333333332], [79.953, 15.625], [89.842, 13.399999999999999], [98.99, 15.0], [107.455, 12.399999999999995], [115.19, 11.999999999999998], [131.025, 12.125], [149.579, 12.25], [163.904, 12.200000000000001], [190.494, 14.0], [207.025, 12.5], [234.227, 12.2], [262.427, 11.0], [301.233, 10.999999999999993], [345.448, 11.4], [403.153, 11.0], [450.379, 11.000000000000009], [518.102, 11.083333333333334], [588.948, 11.090909090909093], [715.616, 10.888888888888891], [816.697, 10.875000001187502], [948.841, 11.0], [1086.031, 13.5], [1210.142, 12.416666666666668], [1480.204, 10.5], [1670.606, 10.500001124713657], [1976.94, 10.5], [2554.78, 13.666666666666668], [3002.824, 10.999999999999998], [3600.051, 0.0]]"
ξ_box,[17.0 0.0 17.0 15.0; 8.0 0.0 8.0 6.0; 13.0 1.0 13.0 11.0; 16.0 2.0 16.0 14.0; 20.0 17.0 25.0 13.0; 12.0 16.0 17.0 5.0; 7.0 6.0 7.0 0.0; 23.0 16.0 23.0 13.0; 30.0 7.0 18.0 21.0; 20.0 23.0 1.0 18.0; 12.0 22.0 0.0 13.0; 6.0 19.0 8.0 17.0; 4.0 16.0 9.0 16.0; 6.0 20.0 13.0 13.0; 1.0 28.0 17.0 21.0]
