first,second
s_box,[19.0 28.0 11.0; 15.0 24.0 7.0; 16.0 22.0 5.0; 23.0 11.0 18.0; 20.0 14.0 -0.0; -0.0 -0.0 17.0; 14.0 14.0 23.0; 11.0 15.0 23.0; 4.0 -0.0 16.0; 9.0 0.0 12.0; 10.0 8.0 10.0; 5.0 3.0 0.0; -0.0 -0.0 -0.0; -0.0 6.0 -0.0; -0.0 -0.0 3.0]
x_pb,"[22.0, -0.0, 21.0, 35.0]"
s_bb,[28.0 -0.0 -0.0; 24.0 -0.0 -0.0; 22.0 -0.0 -0.0; 27.0 -0.0 -0.0; 29.0 -0.0 -0.0; 4.0 -0.0 -0.0; 24.0 -0.0 -0.0; 23.0 -0.0 -0.0; 16.0 -0.0 -0.0; 12.0 -0.0 -0.0; 10.0 -0.0 -0.0; 5.0 -0.0 -0.0; 0.0 -0.0 -0.0; 0.0 -0.0 -0.0; 0.0 -0.0 -0.0]
partition_bb,"[[[0.0, 4.0, 6.0, 22.0, 29.0, 13.0, 5.0, 0.0, 0.0, 0.0, 0.0, 0.0, 0.0, 0.0, 0.0], [28.0, 24.0, 22.0, 6.0, 0.0, 0.0, 0.0, 0.0, 0.0, 0.0, 0.0, 0.0, 0.0, 0.0, 0.0], [0.0, 0.0, 0.0, 0.0, 0.0, 2.0, 0.0, 0.0, 4.0, 9.0, 10.0, 5.0, 13.0, 23.0, 12.0], [0.0, 0.0, 0.0, 0.0, 0.0, 5.0, 13.0, 23.0, 14.0, 12.0, 10.0, 5.0, 0.0, 0.0, 0.0], [0.0, 0.0, 0.0, 5.0, 10.0, 26.0, 18.0, 8.0, 6.0, 3.0, 2.0, 0.0, 0.0, 0.0, 0.0], [0.0, 0.0, 0.0, 0.0, 0.0, 0.0, 8.0, 0.0, 4.0, 8.0, 10.0, 5.0, 21.0, 11.0, 11.0], [0.0, 0.0, 0.0, 0.0, 0.0, 16.0, 24.0, 14.0, 11.0, 9.0, 7.0, 2.0, 0.0, 0.0, 0.0], [5.0, 9.0, 11.0, 27.0, 20.0, 6.0, 0.0, 0.0, 0.0, 0.0, 0.0, 0.0, 0.0, 0.0, 0.0], [4.0, 0.0, 2.0, 0.0, 0.0, 16.0, 8.0, 7.0, 16.0, 11.0, 10.0, 5.0, 0.0, 0.0, 0.0]], [[0.0, 0.0, 0.0, 0.0, 0.0, 0.0, 3.0, 7.0, 16.0, 11.0, 10.0, 5.0, 0.0, 0.0, 11.0]], Vector{Float64}[]]"
y_box,[-0.0 -0.0 -0.0 -0.0 9.0 16.0 -0.0 -0.0 -0.0 -0.0 -0.0 -0.0 -0.0 -0.0 -0.0; -0.0 -0.0 -0.0 -0.0 -0.0 -0.0 -0.0 -0.0 -0.0 -0.0 -0.0 -0.0 -0.0 -0.0 -0.0; -0.0 -0.0 -0.0 -0.0 -0.0 -0.0 -0.0 -0.0 -0.0 -0.0 -0.0 -0.0 21.0 -0.0 -0.0; -0.0 -0.0 -0.0 -0.0 -0.0 -0.0 -0.0 -0.0 -0.0 -0.0 -0.0 -0.0 -0.0 20.0 12.0;;; -0.0 -0.0 -0.0 3.0 -0.0 22.0 -0.0 -0.0 -0.0 -0.0 -0.0 -0.0 -0.0 -0.0 -0.0; -0.0 -0.0 -0.0 -0.0 -0.0 -0.0 -0.0 -0.0 -0.0 -0.0 -0.0 -0.0 -0.0 -0.0 -0.0; -0.0 -0.0 -0.0 -0.0 -0.0 -0.0 3.0 -0.0 3.0 -0.0 -0.0 -0.0 15.0 -0.0 -0.0; -0.0 -0.0 -0.0 -0.0 -0.0 -0.0 -0.0 -0.0 11.0 9.0 -0.0 -0.0 -0.0 -0.0 12.0;;; -0.0 -0.0 -0.0 -0.0 20.0 -0.0 -0.0 0.0 -0.0 0.0 -0.0 5.0 -0.0 -0.0 -0.0; -0.0 -0.0 -0.0 -0.0 -0.0 -0.0 -0.0 -0.0 -0.0 -0.0 -0.0 -0.0 -0.0 -0.0 -0.0; -0.0 -0.0 -0.0 -0.0 -0.0 -0.0 -0.0 -0.0 -0.0 -0.0 -0.0 -0.0 4.0 16.0 -0.0; -0.0 -0.0 -0.0 -0.0 -0.0 -0.0 -0.0 -0.0 -0.0 -0.0 -0.0 -0.0 16.0 7.0 9.0]
evol_bb,"[[52.886, 2.7252823941388324e7], [192.816, 2.7252823941388316e7]]"
y_bb,[0.0 0.0 0.0 0.0 0.0 22.0 -0.0 -0.0 -0.0 -0.0 -0.0 -0.0 -0.0 -0.0 -0.0; -0.0 -0.0 -0.0 -0.0 -0.0 0.0 -0.0 0.0 0.0 0.0 0.0 -0.0 -0.0 -0.0 -0.0; -0.0 -0.0 -0.0 -0.0 -0.0 -0.0 -0.0 -0.0 -0.0 -0.0 -0.0 0.0 21.0 -0.0 -0.0; -0.0 -0.0 -0.0 -0.0 -0.0 -0.0 -0.0 -0.0 -0.0 -0.0 -0.0 -0.0 -0.0 23.0 12.0;;; -0.0 -0.0 -0.0 -0.0 -0.0 -0.0 -0.0 -0.0 0.0 11.0 10.0 0.0 -0.0 -0.0 1.0; -0.0 -0.0 -0.0 -0.0 -0.0 -0.0 -0.0 -0.0 -0.0 -0.0 -0.0 -0.0 -0.0 -0.0 -0.0; -0.0 -0.0 -0.0 -0.0 -0.0 -0.0 -0.0 0.0 -0.0 -0.0 -0.0 5.0 -0.0 -0.0 1.0; -0.0 -0.0 -0.0 -0.0 -0.0 -0.0 3.0 7.0 16.0 -0.0 -0.0 -0.0 -0.0 -0.0 9.0;;; -0.0 -0.0 -0.0 -0.0 -0.0 -0.0 -0.0 -0.0 -0.0 -0.0 -0.0 -0.0 -0.0 -0.0 -0.0; -0.0 -0.0 -0.0 -0.0 -0.0 -0.0 -0.0 -0.0 -0.0 -0.0 -0.0 -0.0 -0.0 -0.0 -0.0; -0.0 -0.0 -0.0 -0.0 -0.0 -0.0 -0.0 -0.0 -0.0 -0.0 -0.0 -0.0 -0.0 -0.0 -0.0; -0.0 -0.0 -0.0 -0.0 -0.0 -0.0 -0.0 -0.0 -0.0 -0.0 -0.0 -0.0 -0.0 -0.0 -0.0]
evol_box,"[[0.466, 0.0], [2.064, 123502.95707445114], [2.153, 246783.17496129134], [2.189, 246783.17496129134], [2.278, 6.32758789928255e6], [2.398, 6.327587899282551e6], [2.521, 6.327587899282524e6], [2.646, 7.42299979894224e6], [2.791, 8.882772398413397e6], [3.038, 9.125759477120057e6], [3.328, 9.247583856163736e6], [3.906, 1.046428534445047e7], [4.525, 1.095066256297017e7], [5.269, 1.1315877101478284e7], [6.483, 1.155879224009489e7], [7.41, 1.2045583339088356e7], [9.268, 1.2288750486244697e7], [11.094, 1.2410407805856317e7], [12.398, 1.2775836336163666e7], [14.904, 1.3018712643586699e7], [16.475, 1.3505355548310481e7], [19.701, 1.3505356650870219e7], [22.12, 1.3627155025734315e7], [26.479, 1.3870366192392584e7], [29.324, 1.4113693400918506e7], [33.237, 1.4235388840766601e7], [37.156, 1.4357006596874073e7], [41.402, 1.4600315746838626e7], [46.584, 1.4721918069508871e7], [52.595, 1.472194471306842e7], [57.994, 1.4722285836326398e7], [64.429, 1.4965421459840568e7], [71.776, 1.5086910031235818e7], [80.98, 1.5208547250777133e7], [89.548, 1.5330312212332023e7], [97.098, 1.5573541224033328e7], [106.434, 1.5573552670452163e7], [121.103, 1.58171464432648e7], [137.437, 1.5817211355982315e7], [158.93, 1.6181860919427117e7], [182.236, 1.6303500507991811e7], [205.77, 1.6303906515344925e7], [235.761, 1.6425149116666008e7], [263.992, 1.6425311965654314e7], [300.546, 1.654687620364578e7], [341.943, 1.6668459576911824e7], [375.75, 1.66685454573663e7], [422.644, 1.679013319688329e7], [509.712, 1.679013319688329e7], [571.967, 1.6790141078392956e7], [619.695, 1.6790227079172462e7], [713.358, 1.679030979377424e7], [770.075, 1.7155105279733352e7], [831.341, 1.7155105279733352e7], [961.94, 1.7155127170139488e7], [1031.361, 1.7155170190937683e7], [1121.868, 1.7276764010413837e7], [1223.97, 1.7276764640244577e7], [1348.818, 1.7276878477236833e7], [1494.178, 1.7277065503931195e7], [1606.793, 1.7398415739979167e7], [1740.747, 1.7398441057542067e7], [1874.275, 1.739851638623664e7], [1996.375, 1.7520075100490395e7], [2133.421, 1.7520131898288857e7], [2373.38, 1.7641738276474558e7], [2577.613, 1.7641742721778248e7], [2764.611, 1.764185233599603e7], [3068.746, 1.764194544702257e7], [3265.333, 1.7763393821512837e7], [3587.028, 1.7763397636985786e7], [3600.022, 1.7763417993905045e7]]"
y_pb,[[-0.0 -0.0 -0.0 -0.0 -0.0 22.0 -0.0 -0.0 -0.0 -0.0 -0.0 -0.0 -0.0 -0.0 -0.0; -0.0 -0.0 -0.0 -0.0 -0.0 0.0 -0.0 -0.0 -0.0 -0.0 -0.0 -0.0 -0.0 -0.0 -0.0; -0.0 -0.0 -0.0 -0.0 -0.0 -0.0 -0.0 -0.0 -0.0 -0.0 -0.0 -0.0 21.0 -0.0 -0.0; -0.0 -0.0 -0.0 -0.0 -0.0 -0.0 -0.0 -0.0 -0.0 -0.0 -0.0 -0.0 -0.0 23.0 12.0;;;]]
x_bb,"[22.0, 0.0, 21.0, 35.0]"
x_box,"[25.0, -0.0, 21.0, 32.0]"
evol_zeta,"[[1.719, 28.833333333333336], [2.145, 27.5], [2.17, 23.0], [2.207, 22.42857142857143], [2.301, 21.0], [2.417, 18.5], [2.542, 18.999999999999996], [2.673, 18.0], [2.813, 18.555555555555557], [3.08, 15.75], [3.389, 16.75], [3.977, 15.666666668333335], [4.567, 15.14285714285715], [5.31, 13.8], [6.524, 14.100000000000001], [7.444, 12.0], [9.287, 12.11111111111111], [11.109, 15.0], [12.464, 12.0], [14.929, 12.0], [16.52, 11.0], [19.746, 13.857142857142858], [22.136, 12.0], [26.506, 11.0], [29.344, 11.999999999999996], [33.256, 12.25], [37.182, 10.500001166284525], [41.426, 11.857142857142858], [46.602, 12.0], [52.62, 10.222222222222221], [58.019, 11.000000000000005], [64.44, 10.8], [71.794, 13.625], [81.009, 10.555555555555554], [89.578, 9.0], [97.125, 10.000000000000004], [106.459, 9.0], [121.124, 12.285714285714285], [137.46, 9.599999999999998], [158.963, 8.714285714285714], [182.267, 10.571428571428571], [205.791, 9.666666666666668], [235.785, 11.11111111111111], [264.009, 9.666666666666666], [300.578, 8.0], [341.966, 10.750000000000002], [375.771, 10.0], [422.674, 9.111111111111079], [509.739, 10.0], [572.005, 9.0], [619.716, 10.0], [713.402, 9.428571428571367], [770.097, 10.0], [831.365, 8.777777778755564], [961.968, 8.375], [1031.389, 11.0], [1121.897, 8.500000000000004], [1223.995, 10.0], [1348.848, 10.0], [1494.213, 8.666666666666666], [1606.836, 8.666666666666666], [1740.764, 9.299999999999999], [1874.305, 7.777777777777779], [1996.396, 9.499999999999995], [2133.442, 9.571428571428571], [2373.416, 9.625], [2577.657, 7.875000303444957], [2764.638, 8.222222222222221], [3068.765, 8.88888888888889], [3265.366, 9.0], [3587.049, 8.285714285714288], [3600.035, 0.0]]"
ξ_box,[19.0 28.0 11.0; 15.0 24.0 7.0; 16.0 22.0 5.0; 23.0 14.0 18.0; 29.0 14.0 20.0; 16.0 22.0 17.0; 14.0 17.0 23.0; 11.0 15.0 23.0; 4.0 14.0 16.0; 9.0 9.0 12.0; 10.0 8.0 10.0; 5.0 3.0 5.0; 21.0 15.0 20.0; 20.0 5.0 23.0; 12.0 12.0 12.0]
