first,second
s_box,[0.0; 0.0; 19.0; 16.0; 20.0; 24.0; 24.0; 25.0; 26.0; 25.0; 22.0; 22.0; 23.0; 23.0; 26.0;;]
x_pb,"[-0.0, 70.0, 8.0, -0.0]"
s_bb,[0.0; 0.0; 19.0; 16.0; 20.0; 24.0; 24.0; 25.0; 26.0; 25.0; 22.0; 22.0; 23.0; 23.0; 26.0;;]
partition_bb,"[[[38.0, 27.0, 12.0, 2.0, 0.0, 0.0, 0.0, 0.0, 0.0, 0.0, 0.0, 0.0, 0.0, 0.0, 0.0], [0.0, 0.0, 0.0, 0.0, 0.0, 0.0, 13.0, 16.0, 26.0, 19.0, 3.0, 3.0, 0.0, 0.0, 0.0], [0.0, 0.0, 0.0, 0.0, 0.0, 0.0, 0.0, 0.0, 0.0, 2.0, 9.0, 10.0, 14.0, 22.0, 26.0], [0.0, 0.0, 5.0, 15.0, 17.0, 24.0, 11.0, 8.0, 0.0, 0.0, 0.0, 0.0, 0.0, 0.0, 0.0], [2.0, 12.0, 27.0, 16.0, 13.0, 8.0, 0.0, 0.0, 0.0, 0.0, 0.0, 0.0, 0.0, 0.0, 0.0], [0.0, 0.0, 0.0, 0.0, 0.0, 0.0, 0.0, 0.0, 0.0, 6.0, 22.0, 21.0, 15.0, 9.0, 5.0], [0.0, 0.0, 0.0, 4.0, 4.0, 11.0, 24.0, 21.0, 11.0, 4.0, 0.0, 0.0, 0.0, 0.0, 0.0], [0.0, 0.0, 0.0, 0.0, 0.0, 0.0, 0.0, 0.0, 0.0, 0.0, 16.0, 16.0, 23.0, 15.0, 11.0], [0.0, 0.0, 0.0, 0.0, 0.0, 0.0, 5.0, 8.0, 18.0, 25.0, 9.0, 9.0, 2.0, 1.0, 1.0], [21.0, 32.0, 17.0, 7.0, 3.0, 0.0, 0.0, 0.0, 0.0, 0.0, 0.0, 0.0, 0.0, 0.0, 0.0], [0.0, 0.0, 0.0, 2.0, 2.0, 9.0, 22.0, 25.0, 15.0, 8.0, 0.0, 0.0, 0.0, 0.0, 0.0], [0.0, 0.0, 6.0, 16.0, 20.0, 13.0, 13.0, 10.0, 0.0, 0.0, 0.0, 0.0, 0.0, 0.0, 0.0], [0.0, 0.0, 0.0, 0.0, 0.0, 0.0, 0.0, 0.0, 0.0, 0.0, 10.0, 11.0, 15.0, 23.0, 19.0], [0.0, 0.0, 0.0, 0.0, 0.0, 0.0, 0.0, 0.0, 0.0, 6.0, 21.0, 22.0, 15.0, 10.0, 6.0]]]"
y_box,[-0.0 -0.0 -0.0 -0.0 -0.0 -0.0 -0.0 -0.0 -0.0 -0.0 -0.0 -0.0 -0.0 -0.0 -0.0; 38.0 32.0 -0.0 -0.0 -0.0 -0.0 -0.0 -0.0 -0.0 -0.0 -0.0 -0.0 -0.0 -0.0 -0.0; -0.0 -0.0 8.0 0.0 0.0 0.0 -0.0 -0.0 -0.0 -0.0 -0.0 -0.0 -0.0 -0.0 -0.0; -0.0 -0.0 -0.0 -0.0 -0.0 -0.0 0.0 0.0 0.0 0.0 0.0 0.0 0.0 0.0 0.0;;;]
evol_bb,"[[0.545, 3.705442237288461e7]]"
y_bb,[-0.0 -0.0 -0.0 -0.0 -0.0 -0.0 -0.0 -0.0 -0.0 -0.0 -0.0 -0.0 -0.0 -0.0 -0.0; 38.0 32.0 -0.0 -0.0 -0.0 -0.0 -0.0 -0.0 -0.0 -0.0 -0.0 -0.0 -0.0 -0.0 -0.0; -0.0 -0.0 8.0 0.0 0.0 0.0 -0.0 -0.0 -0.0 -0.0 -0.0 -0.0 -0.0 -0.0 -0.0; -0.0 -0.0 -0.0 -0.0 -0.0 -0.0 0.0 0.0 0.0 0.0 0.0 0.0 0.0 0.0 0.0;;;]
evol_box,"[[0.598, 0.0], [2.589, 126161.3642334503], [2.694, 1.0174683643653445e7], [2.707, 1.959517328060969e7], [2.716, 2.6377925819218185e7], [2.736, 2.838761713368996e7], [2.751, 3.1527780346008707e7], [2.766, 3.3537484801892705e7], [2.783, 3.45423370298347e7], [2.801, 3.52959762007912e7], [2.817, 3.592396361644987e7], [2.831, 3.6426389730420865e7], [2.845, 3.680320931589911e7], [2.87, 3.692881584439186e7], [2.881, 3.705442237288461e7]]"
y_pb,[[0.0 -0.0 -0.0 -0.0 -0.0 -0.0 -0.0 -0.0 -0.0 -0.0 -0.0 -0.0 -0.0 -0.0 -0.0; 38.0 32.0 -0.0 -0.0 -0.0 -0.0 -0.0 -0.0 -0.0 -0.0 -0.0 -0.0 -0.0 -0.0 -0.0; -0.0 -0.0 8.0 -0.0 -0.0 -0.0 -0.0 -0.0 -0.0 -0.0 -0.0 -0.0 -0.0 -0.0 -0.0; -0.0 -0.0 -0.0 -0.0 -0.0 -0.0 -0.0 -0.0 0.0 -0.0 -0.0 -0.0 -0.0 -0.0 -0.0;;;]]
x_bb,"[0.0, 70.0, 8.0, 0.0]"
x_box,"[0.0, 70.0, 8.0, 0.0]"
evol_zeta,"[[2.175, 37.75], [2.692, 25.666666666666664], [2.706, 25.166666666666664], [2.715, 23.666666666666664], [2.735, 15.0], [2.75, 13.0], [2.764, 10.857142857142858], [2.782, 7.399999999999999], [2.799, 5.999999999999999], [2.815, 4.600000000000001], [2.829, 3.2857142857142847], [2.843, 3.0], [2.868, 1.0], [2.879, 0.6666666666666643], [2.894, 0.0]]"
ξ_box,[38.0; 32.0; 27.0; 16.0; 20.0; 24.0; 24.0; 25.0; 26.0; 25.0; 22.0; 22.0; 23.0; 23.0; 26.0;;]
