first,second
s_box,[28.0 19.0 0.0; 10.0 6.0 0.0; 0.0 0.0 0.0; 16.0 21.0 2.0; 6.0 14.0 14.0; 3.0 7.0 3.0; 0.0 12.0 19.0; 0.0 0.0 0.0; 0.0 0.0 0.0; 0.0 0.0 18.0; 6.0 14.0 20.0; 9.0 13.0 17.0; 12.0 10.0 0.0; 18.0 4.0 19.0; 38.0 26.0 33.0]
x_pb,"[0.0, 75.0, -0.0, -0.0]"
s_bb,[23.0 17.0 -0.0; 7.0 -0.0 20.0; -0.0 20.0 -0.0; -0.0 21.0 21.0; -0.0 -0.0 12.0; -0.0 -0.0 -0.0; 19.0 -0.0 -0.0; -0.0 21.0 -0.0; -0.0 16.0 -0.0; -0.0 -0.0 -0.0; 18.0 -0.0 -0.0; 15.0 4.0 -0.0; -0.0 6.0 -0.0; 16.0 -0.0 -0.0; 38.0 19.0 -0.0]
partition_bb,"[[[0.0, 0.0, 0.0, 0.0, 0.0, 0.0, 12.0, 21.0, 16.0, 15.0, 7.0, 4.0, 2.0, 0.0, 0.0], [6.0, 10.0, 15.0, 21.0, 9.0, 2.0, 0.0, 0.0, 0.0, 0.0, 0.0, 0.0, 0.0, 0.0, 13.0], [5.0, 13.0, 20.0, 14.0, 4.0, 1.0, 0.0, 0.0, 0.0, 0.0, 0.0, 3.0, 6.0, 12.0, 0.0], [17.0, 12.0, 19.0, 13.0, 3.0, 0.0, 0.0, 0.0, 0.0, 0.0, 0.0, 0.0, 0.0, 0.0, 11.0], [4.0, 12.0, 19.0, 13.0, 3.0, 0.0, 0.0, 0.0, 0.0, 0.0, 0.0, 0.0, 0.0, 2.0, 24.0]], [[0.0, 0.0, 0.0, 0.0, 0.0, 0.0, 0.0, 0.0, 2.0, 2.0, 4.0, 7.0, 10.0, 16.0, 38.0], [23.0, 15.0, 8.0, 8.0, 0.0, 0.0, 0.0, 0.0, 0.0, 0.0, 0.0, 0.0, 0.0, 1.0, 23.0], [0.0, 0.0, 0.0, 0.0, 7.0, 7.0, 19.0, 10.0, 8.0, 7.0, 0.0, 0.0, 0.0, 0.0, 19.0], [0.0, 0.0, 0.0, 0.0, 0.0, 0.0, 0.0, 4.0, 6.0, 6.0, 18.0, 15.0, 12.0, 14.0, 0.0]], [[28.0, 20.0, 13.0, 13.0, 1.0, 0.0, 0.0, 0.0, 0.0, 0.0, 0.0, 0.0, 0.0, 0.0, 0.0], [6.0, 10.0, 15.0, 21.0, 14.0, 7.0, 2.0, 0.0, 0.0, 0.0, 0.0, 0.0, 0.0, 0.0, 0.0]]]"
y_box,[0.0 11.0 22.0 0.0 0.0 0.0 0.0 0.0 0.0 0.0 0.0 0.0 0.0 0.0 0.0; 0.0 0.0 0.0 0.0 0.0 0.0 14.0 13.0 8.0 7.0 0.0 0.0 0.0 0.0 0.0; 0.0 0.0 0.0 0.0 0.0 0.0 0.0 0.0 0.0 0.0 0.0 0.0 0.0 0.0 0.0; 0.0 0.0 0.0 0.0 0.0 0.0 0.0 0.0 0.0 0.0 0.0 0.0 0.0 0.0 0.0;;; 0.0 15.0 16.0 1.0 0.0 0.0 1.0 0.0 0.0 0.0 0.0 0.0 0.0 0.0 0.0; 0.0 0.0 0.0 0.0 0.0 0.0 4.0 9.0 14.0 15.0 0.0 0.0 0.0 0.0 0.0; 0.0 0.0 0.0 0.0 0.0 0.0 0.0 0.0 0.0 0.0 0.0 0.0 0.0 0.0 0.0; 0.0 0.0 0.0 0.0 0.0 0.0 0.0 0.0 0.0 0.0 0.0 0.0 0.0 0.0 0.0;;; 11.0 1.0 0.0 0.0 0.0 0.0 0.0 21.0 0.0 0.0 0.0 0.0 0.0 0.0 0.0; 0.0 2.0 0.0 0.0 0.0 4.0 0.0 0.0 17.0 0.0 0.0 0.0 19.0 0.0 0.0; 0.0 0.0 0.0 0.0 0.0 0.0 0.0 0.0 0.0 0.0 0.0 0.0 0.0 0.0 0.0; 0.0 0.0 0.0 0.0 0.0 0.0 0.0 0.0 0.0 0.0 0.0 0.0 0.0 0.0 0.0]
evol_bb,Vector{Float64}[]
y_bb,[-0.0 6.0 -0.0 -0.0 7.0 -0.0 -0.0 -0.0 8.0 -0.0 -0.0 -0.0 12.0 -0.0 -0.0; -0.0 2.0 -0.0 -0.0 -0.0 -0.0 -0.0 -0.0 -0.0 7.0 -0.0 -0.0 -0.0 -0.0 -0.0; -0.0 -0.0 -0.0 8.0 -0.0 7.0 -0.0 -0.0 -0.0 -0.0 -0.0 -0.0 -0.0 -0.0 -0.0; -0.0 -0.0 8.0 -0.0 -0.0 -0.0 -0.0 10.0 -0.0 -0.0 -0.0 -0.0 -0.0 -0.0 -0.0;;; -0.0 -0.0 -0.0 -0.0 9.0 -0.0 12.0 -0.0 -0.0 -0.0 -0.0 -0.0 -0.0 12.0 -0.0; -0.0 -0.0 -0.0 -0.0 -0.0 2.0 -0.0 -0.0 -0.0 -0.0 7.0 -0.0 -0.0 -0.0 -0.0; -0.0 13.0 -0.0 -0.0 -0.0 -0.0 -0.0 -0.0 -0.0 2.0 -0.0 -0.0 -0.0 -0.0 -0.0; -0.0 -0.0 -0.0 -0.0 -0.0 -0.0 -0.0 -0.0 -0.0 13.0 -0.0 -0.0 -0.0 -0.0 5.0;;; 18.0 -0.0 15.0 -0.0 -0.0 -0.0 -0.0 -0.0 -0.0 -0.0 -0.0 -0.0 -0.0 -0.0 -0.0; -0.0 -0.0 -0.0 -0.0 2.0 7.0 -0.0 -0.0 -0.0 -0.0 -0.0 -0.0 -0.0 -0.0 -0.0; -0.0 -0.0 -0.0 -0.0 -0.0 -0.0 2.0 -0.0 -0.0 -0.0 -0.0 -0.0 -0.0 -0.0 -0.0; 18.0 -0.0 -0.0 -0.0 -0.0 -0.0 -0.0 -0.0 -0.0 -0.0 -0.0 -0.0 -0.0 -0.0 -0.0]
evol_box,"[[0.487, 0.0], [2.138, 428880.9556631908], [2.276, 428880.9556631908], [2.33, 428880.9556631908], [2.41, 2.565189109429721e6], [2.58, 4.487464240720648e6], [2.831, 4.488313720822018e6], [3.167, 7.052101448498773e6], [3.38, 7.052101448498774e6], [3.649, 7.265742429588556e6], [3.987, 7.371918608534429e6], [4.489, 8.013203385320566e6], [5.36, 8.013203385320565e6], [5.948, 8.654111171719532e6], [7.886, 8.654111171719532e6], [8.616, 8.760722878437294e6], [9.208, 8.974724428415203e6], [10.36, 9.188269387981344e6], [11.362, 9.188269387981344e6], [13.865, 9.722656868612817e6], [15.508, 1.0363631123261875e7], [17.568, 1.089797366758872e7], [20.322, 1.1004776124548119e7], [22.982, 1.1324696381185312e7], [25.545, 1.132508441042057e7], [29.887, 1.164555333046575e7], [34.747, 1.1752318108946603e7], [40.038, 1.2072903669397626e7], [47.097, 1.2179924200324101e7], [52.503, 1.2500139011107957e7], [60.472, 1.2606897140743803e7], [66.38, 1.2607077967451831e7], [76.032, 1.2713870700520426e7], [82.533, 1.282032702022106e7], [89.711, 1.2927576914092733e7], [99.866, 1.32478706636886e7], [107.417, 1.324787144227694e7], [120.673, 1.3461633055228068e7], [136.855, 1.3568123228351032e7], [165.746, 1.3675076202737877e7], [192.387, 1.378190784599024e7], [207.708, 1.388861815810812e7], [220.027, 1.388861815810812e7], [243.616, 1.3888941556425933e7], [266.424, 1.410236474895415e7], [291.146, 1.4315944731117569e7], [322.394, 1.4315944731117569e7], [380.823, 1.442307117607575e7], [417.725, 1.4529608017622294e7], [476.79, 1.463659079029323e7], [558.607, 1.4743286998736303e7], [623.155, 1.4743449285173565e7], [698.267, 1.485024247658541e7], [795.031, 1.4850274930385925e7], [869.132, 1.4850487085110106e7], [950.237, 1.4957219897969224e7], [1110.682, 1.5063793439238342e7], [1218.497, 1.5170597877136467e7], [1346.955, 1.5277550851523314e7], [1467.391, 1.52777832884131e7], [1753.809, 1.5384261163641196e7], [1948.485, 1.5384546470978672e7], [2210.78, 1.5491094505087556e7], [2450.713, 1.5491255845239239e7], [2658.196, 1.5491475182243127e7], [3001.484, 1.5597924450145919e7], [3242.615, 1.5598075888279054e7], [3600.023, 1.5598136849259235e7]]"
y_pb,[[-0.0 -0.0 0.0 -0.0 -0.0 -0.0 -0.0 -0.0 -0.0 -0.0 -0.0 -0.0 -0.0 -0.0 -0.0; -0.0 -0.0 -0.0 -0.0 -0.0 -0.0 14.0 21.0 20.0 20.0 -0.0 -0.0 -0.0 -0.0 -0.0; -0.0 -0.0 -0.0 -0.0 -0.0 -0.0 -0.0 -0.0 -0.0 -0.0 -0.0 -0.0 -0.0 0.0 -0.0; -0.0 -0.0 -0.0 -0.0 -0.0 -0.0 -0.0 -0.0 -0.0 -0.0 -0.0 -0.0 -0.0 0.0 -0.0;;;]]
x_bb,"[33.0, 9.0, 15.0, 18.0]"
x_box,"[33.0, 42.0, 0.0, 0.0]"
evol_zeta,"[[1.779, 37.42857142857143], [2.259, 28.0000000000001], [2.311, 22.5], [2.369, 20.714285714285715], [2.472, 18.714285714285715], [2.686, 16.999999999999993], [2.927, 16.9], [3.204, 15.363636363636363], [3.408, 15.799999999999999], [3.7, 15.299999999999997], [4.05, 13.833333333333332], [4.519, 15.11111111111111], [5.417, 14.666666666666668], [5.997, 14.363636363636363], [7.946, 13.600000000000005], [8.664, 13.500000000000002], [9.257, 14.363636363636363], [10.428, 12.857142857142863], [11.435, 12.14285714417143], [13.927, 12.0], [15.546, 13.200000000000001], [17.66, 10.90909090909091], [20.396, 12.583333333333325], [23.054, 11.666666610033213], [25.588, 12.0], [29.913, 11.2], [34.802, 10.625], [40.08, 12.0], [47.166, 11.454545454545455], [52.544, 12.5], [60.504, 10.900000000000004], [66.432, 11.222222222222223], [76.138, 10.888888888888884], [82.598, 9.57142857142857], [89.781, 10.428571428571432], [99.904, 10.363636363636363], [107.485, 10.200000001120006], [120.717, 11.5], [136.931, 9.857142857142856], [165.804, 10.444444444444446], [192.422, 10.846153846153847], [207.737, 9.666666666666666], [220.056, 10.0], [243.695, 10.714285714285715], [266.457, 9.375], [291.206, 10.571428571428573], [322.431, 9.857142857142858], [380.865, 10.400000000000018], [417.783, 9.88888888888888], [476.831, 10.666666666666666], [558.654, 10.0], [623.22, 9.714285714285714], [698.326, 8.199999999999974], [795.125, 8.79999999999999], [869.211, 8.000000000000012], [950.287, 9.0], [1110.755, 9.285714285714285], [1218.537, 11.142857142857144], [1346.99, 10.0], [1467.417, 8.499999999999996], [1753.876, 9.636363636363637], [1948.549, 8.875], [2210.809, 10.1], [2450.752, 10.0], [2658.246, 9.909090909090908], [3001.557, 8.222222222222221], [3242.661, 7.888888888888886], [3600.038, 0.0]]"
ξ_box,[28.0 19.0 11.0; 21.0 21.0 3.0; 22.0 16.0 0.0; 16.0 22.0 2.0; 6.0 14.0 14.0; 3.0 7.0 7.0; 14.0 17.0 19.0; 13.0 9.0 21.0; 8.0 14.0 17.0; 7.0 15.0 18.0; 6.0 14.0 20.0; 9.0 13.0 17.0; 12.0 10.0 19.0; 18.0 4.0 19.0; 38.0 26.0 33.0]
