first,second
s_box,[16.0 0.0 14.0 16.0 0.0; 0.0 0.0 7.0 0.0 15.0; 5.0 0.0 2.0 4.0 20.0; 0.0 0.0 6.0 0.0 0.0; 19.0 0.0 14.0 0.0 0.0; 0.0 16.0 9.0 21.0 10.0; 0.0 7.0 0.0 0.0 0.0; 0.0 7.0 6.0 0.0 16.0; 0.0 11.0 9.0 7.0 0.0; 0.0 13.0 0.0 3.0 0.0; 0.0 0.0 0.0 5.0 0.0; 0.0 0.0 0.0 0.0 0.0; 6.0 0.0 14.0 0.0 0.0; 8.0 11.0 0.0 9.0 0.0; 26.0 15.0 0.0 15.0 19.0]
x_pb,"[-0.0, 39.0, 14.0, 14.0]"
s_bb,[8.0 -0.0 -0.0 -0.0 -0.0; -0.0 -0.0 -0.0 -0.0 -0.0; 20.0 -0.0 -0.0 -0.0 -0.0; 11.0 -0.0 -0.0 -0.0 -0.0; -0.0 -0.0 -0.0 -0.0 23.0; 16.0 21.0 -0.0 -0.0 -0.0; 21.0 26.0 -0.0 -0.0 -0.0; -0.0 21.0 -0.0 3.0 -0.0; -0.0 10.0 -0.0 -0.0 -0.0; -0.0 -0.0 -0.0 -0.0 -0.0; 17.0 8.0 -0.0 -0.0 -0.0; 20.0 -0.0 -0.0 -0.0 -0.0; 22.0 -0.0 6.0 -0.0 -0.0; -0.0 -0.0 6.0 -0.0 -0.0; 21.0 15.0 26.0 -0.0 -0.0]
partition_bb,"[[[0.0, 0.0, 0.0, 0.0, 0.0, 16.0, 21.0, 2.0, 0.0, 0.0, 0.0, 0.0, 1.0, 9.0, 21.0], [8.0, 15.0, 20.0, 16.0, 8.0, 0.0, 0.0, 0.0, 0.0, 0.0, 0.0, 0.0, 0.0, 0.0, 0.0], [0.0, 0.0, 0.0, 0.0, 0.0, 0.0, 0.0, 6.0, 9.0, 10.0, 17.0, 20.0, 8.0, 1.0, 0.0], [0.0, 0.0, 0.0, 0.0, 0.0, 0.0, 0.0, 0.0, 0.0, 0.0, 7.0, 10.0, 22.0, 14.0, 14.0]], [[0.0, 0.0, 0.0, 0.0, 5.0, 21.0, 26.0, 7.0, 5.0, 4.0, 0.0, 0.0, 0.0, 0.0, 0.0], [0.0, 0.0, 0.0, 0.0, 0.0, 0.0, 2.0, 21.0, 10.0, 8.0, 8.0, 7.0, 0.0, 3.0, 15.0]], [[12.0, 5.0, 0.0, 0.0, 0.0, 0.0, 0.0, 0.0, 0.0, 0.0, 0.0, 0.0, 6.0, 14.0, 26.0]], [[0.0, 0.0, 0.0, 0.0, 0.0, 2.0, 4.0, 23.0, 12.0, 10.0, 10.0, 9.0, 0.0, 0.0, 0.0]], [[3.0, 8.0, 11.0, 15.0, 23.0, 7.0, 2.0, 0.0, 0.0, 0.0, 0.0, 0.0, 0.0, 0.0, 0.0]]]"
y_box,[0.0 0.0 0.0 9.0 0.0 1.0 0.0 4.0 0.0 0.0 0.0 0.0 0.0 0.0 0.0; 0.0 9.0 0.0 0.0 0.0 0.0 0.0 9.0 4.0 2.0 3.0 0.0 0.0 0.0 0.0; 0.0 0.0 0.0 0.0 0.0 0.0 0.0 2.0 0.0 0.0 0.0 6.0 12.0 0.0 0.0; 0.0 0.0 0.0 0.0 0.0 0.0 0.0 0.0 0.0 0.0 0.0 0.0 0.0 6.0 0.0;;; 0.0 0.0 0.0 0.0 0.0 0.0 14.0 0.0 0.0 0.0 0.0 0.0 0.0 0.0 0.0; 0.0 0.0 0.0 0.0 0.0 0.0 0.0 13.0 0.0 0.0 7.0 7.0 0.0 0.0 0.0; 0.0 0.0 0.0 0.0 0.0 0.0 0.0 0.0 0.0 0.0 0.0 0.0 19.0 0.0 0.0; 0.0 0.0 0.0 0.0 0.0 0.0 0.0 0.0 0.0 0.0 0.0 0.0 0.0 0.0 6.0;;; 0.0 0.0 0.0 0.0 0.0 0.0 14.0 0.0 0.0 0.0 0.0 0.0 0.0 0.0 0.0; 0.0 0.0 0.0 0.0 0.0 0.0 0.0 0.0 0.0 10.0 17.0 0.0 0.0 0.0 0.0; 0.0 0.0 0.0 0.0 0.0 0.0 0.0 0.0 0.0 0.0 0.0 20.0 0.0 0.0 0.0; 0.0 0.0 0.0 0.0 0.0 0.0 0.0 0.0 0.0 0.0 0.0 0.0 0.0 6.0 0.0;;; 0.0 7.0 0.0 0.0 5.0 0.0 2.0 0.0 0.0 0.0 0.0 0.0 0.0 0.0 0.0; 0.0 0.0 0.0 3.0 0.0 0.0 24.0 0.0 0.0 0.0 0.0 0.0 0.0 0.0 0.0; 0.0 2.0 0.0 0.0 0.0 0.0 0.0 14.0 0.0 0.0 0.0 4.0 0.0 0.0 0.0; 0.0 0.0 0.0 0.0 0.0 0.0 0.0 4.0 0.0 2.0 0.0 0.0 0.0 0.0 0.0;;; 0.0 0.0 0.0 10.0 2.0 0.0 0.0 0.0 0.0 0.0 0.0 0.0 0.0 2.0 0.0; 8.0 0.0 0.0 0.0 17.0 0.0 0.0 0.0 2.0 0.0 0.0 0.0 0.0 0.0 0.0; 0.0 0.0 0.0 0.0 0.0 0.0 15.0 0.0 0.0 0.0 0.0 0.0 0.0 5.0 0.0; 0.0 0.0 0.0 6.0 0.0 0.0 0.0 0.0 0.0 0.0 0.0 0.0 0.0 0.0 0.0]
evol_bb,Vector{Float64}[]
y_bb,[-0.0 4.0 -0.0 2.0 -0.0 -0.0 -0.0 -0.0 -0.0 -0.0 -0.0 -0.0 -0.0 14.0 -0.0; -0.0 -0.0 -0.0 3.0 -0.0 -0.0 -0.0 -0.0 9.0 -0.0 -0.0 -0.0 -0.0 -0.0 -0.0; -0.0 11.0 -0.0 -0.0 -0.0 -0.0 -0.0 -0.0 -0.0 -0.0 -0.0 -0.0 -0.0 -0.0 -0.0; -0.0 -0.0 -0.0 -0.0 8.0 -0.0 -0.0 6.0 -0.0 10.0 -0.0 -0.0 -0.0 -0.0 -0.0;;; -0.0 -0.0 -0.0 -0.0 5.0 -0.0 -0.0 -0.0 -0.0 8.0 -0.0 -0.0 -0.0 -0.0 -0.0; -0.0 -0.0 -0.0 -0.0 -0.0 -0.0 -0.0 -0.0 -0.0 -0.0 -0.0 -0.0 -0.0 3.0 -0.0; -0.0 -0.0 -0.0 -0.0 -0.0 -0.0 -0.0 -0.0 -0.0 -0.0 -0.0 -0.0 -0.0 -0.0 -0.0; -0.0 -0.0 -0.0 -0.0 -0.0 -0.0 -0.0 -0.0 -0.0 -0.0 -0.0 7.0 -0.0 -0.0 -0.0;;; 12.0 -0.0 -0.0 -0.0 -0.0 -0.0 -0.0 -0.0 -0.0 -0.0 -0.0 -0.0 -0.0 8.0 -0.0; -0.0 -0.0 -0.0 -0.0 -0.0 -0.0 -0.0 -0.0 -0.0 -0.0 -0.0 -0.0 -0.0 -0.0 -0.0; -0.0 -0.0 -0.0 -0.0 -0.0 -0.0 -0.0 -0.0 -0.0 -0.0 -0.0 -0.0 -0.0 -0.0 -0.0; -0.0 5.0 -0.0 -0.0 -0.0 -0.0 -0.0 -0.0 -0.0 -0.0 -0.0 -0.0 -0.0 -0.0 -0.0;;; -0.0 -0.0 -0.0 -0.0 -0.0 -0.0 -0.0 10.0 -0.0 -0.0 10.0 -0.0 -0.0 -0.0 -0.0; -0.0 -0.0 -0.0 -0.0 -0.0 -0.0 -0.0 -0.0 12.0 -0.0 -0.0 -0.0 -0.0 -0.0 -0.0; -0.0 -0.0 -0.0 -0.0 -0.0 2.0 -0.0 -0.0 -0.0 -0.0 -0.0 9.0 -0.0 -0.0 -0.0; -0.0 -0.0 -0.0 -0.0 -0.0 -0.0 4.0 10.0 -0.0 10.0 -0.0 -0.0 -0.0 -0.0 -0.0;;; 3.0 -0.0 11.0 3.0 -0.0 -0.0 2.0 -0.0 -0.0 -0.0 -0.0 -0.0 -0.0 -0.0 -0.0; -0.0 -0.0 -0.0 12.0 -0.0 -0.0 -0.0 -0.0 -0.0 -0.0 -0.0 -0.0 -0.0 -0.0 -0.0; -0.0 -0.0 -0.0 -0.0 -0.0 -0.0 -0.0 -0.0 -0.0 -0.0 -0.0 -0.0 -0.0 -0.0 -0.0; -0.0 8.0 -0.0 -0.0 -0.0 7.0 -0.0 -0.0 -0.0 -0.0 -0.0 -0.0 -0.0 -0.0 -0.0]
evol_box,"[[0.516, 0.0], [2.479, 1210.171833008295], [2.633, 103935.90414229775], [2.826, 310731.1112752607], [2.988, 310731.1112752607], [3.231, 413980.36420541815], [4.122, 3.30895464243411e6], [4.744, 3.723005516394857e6], [5.285, 3.723005516394857e6], [6.42, 4.342843551717903e6], [8.564, 4.342843551717915e6], [10.131, 4.550379934815793e6], [13.613, 5.170103159287026e6], [16.667, 5.583912671679183e6], [20.772, 5.9974214332992025e6], [26.48, 6.1005415399249615e6], [34.27, 6.204638691371016e6], [42.331, 6.307849761576613e6], [57.964, 6.617994193939025e6], [70.689, 6.618013694662988e6], [85.295, 6.7211568490482755e6], [98.598, 6.7212354525253065e6], [116.903, 6.927693664437005e6], [143.198, 7.237838308959175e6], [167.922, 7.237946186709821e6], [234.519, 7.341778672707207e6], [339.306, 7.444596827783083e6], [401.576, 7.444750213628064e6], [514.323, 7.651408133777186e6], [632.794, 7.754992152070987e6], [775.838, 7.755263831764816e6], [1242.199, 7.961746547622023e6], [1983.177, 7.961746547622023e6], [2598.626, 8.065144913716309e6], [3600.05, 8.375129715575381e6]]"
y_pb,[[-0.0 -0.0 -0.0 -0.0 -0.0 -0.0 0.0 -0.0 -0.0 -0.0 -0.0 -0.0 -0.0 -0.0 -0.0; -0.0 -0.0 -0.0 -0.0 -0.0 -0.0 -0.0 -0.0 -0.0 20.0 19.0 -0.0 -0.0 -0.0 -0.0; -0.0 -0.0 -0.0 -0.0 -0.0 -0.0 -0.0 -0.0 -0.0 -0.0 -0.0 14.0 -0.0 -0.0 -0.0; -0.0 -0.0 -0.0 -0.0 -0.0 -0.0 -0.0 -0.0 -0.0 -0.0 -0.0 -0.0 -0.0 14.0 -0.0;;;]]
x_bb,"[20.0, 12.0, 11.0, 24.0]"
x_box,"[14.0, 27.0, 20.0, 6.0]"
evol_zeta,"[[2.04, 26.0], [2.587, 25.833333333333332], [2.66, 20.5], [2.878, 20.0], [3.05, 19.428571428571427], [3.298, 18.571428571428573], [4.168, 17.166666666666664], [4.846, 16.0], [5.325, 17.125], [6.466, 16.555555555555557], [8.678, 15.222222222222221], [10.263, 15.555555555555555], [13.729, 15.142857142857144], [16.794, 15.0], [20.863, 14.5], [26.575, 14.857142857142854], [34.37, 14.5], [42.434, 14.25], [58.035, 14.272727272727272], [70.763, 14.0], [85.413, 14.428571428571429], [98.678, 14.100000000000001], [117.003, 13.90909090909091], [143.273, 13.777777777777779], [167.998, 14.5], [234.612, 13.454545454545453], [339.367, 14.0], [401.683, 12.777777777777779], [514.456, 12.285714287042858], [632.878, 12.777777777777779], [775.953, 11.857142857142854], [1242.306, 12.444444444444445], [1983.283, 12.0], [2598.74, 12.875], [3600.068, 0.0]]"
ξ_box,[16.0 -0.0 14.0 16.0 8.0; 9.0 -0.0 7.0 9.0 15.0; 5.0 -0.0 2.0 4.0 20.0; 9.0 -0.0 6.0 3.0 16.0; 19.0 -0.0 14.0 5.0 19.0; 1.0 16.0 9.0 21.0 10.0; -0.0 21.0 14.0 26.0 15.0; 15.0 20.0 6.0 18.0 13.0; 4.0 11.0 9.0 7.0 2.0; 2.0 13.0 10.0 5.0 0.0; 3.0 7.0 17.0 5.0 0.0; 6.0 7.0 20.0 4.0 0.0; 18.0 19.0 14.0 0.0 0.0; 14.0 11.0 6.0 3.0 7.0; 26.0 21.0 -0.0 15.0 19.0]
