first,second
s_box,[16.0 14.0 12.0; 15.0 4.0 5.0; 19.0 14.0 0.0; 0.0 0.0 4.0; 20.0 0.0 12.0; 11.0 0.0 16.0; 16.0 26.0 20.0; 0.0 23.0 17.0; 8.0 18.0 13.0; 6.0 16.0 0.0; 0.0 15.0 0.0; 0.0 0.0 0.0; 17.0 0.0 22.0; 14.0 0.0 0.0; 0.0 12.0 22.0]
x_pb,"[-0.0, 39.0, 14.0, 14.0]"
s_bb,[16.0 -0.0 -0.0; 15.0 -0.0 -0.0; 20.0 -0.0 2.0; 16.0 15.0 6.0; 8.0 23.0 14.0; 9.0 -0.0 -0.0; -0.0 26.0 -0.0; 18.0 20.0 3.0; -0.0 9.0 -0.0; -0.0 -0.0 10.0; -0.0 -0.0 -0.0; -0.0 6.0 20.0; 20.0 -0.0 -0.0; -0.0 6.0 14.0; 26.0 8.0 -0.0]
partition_bb,"[[[12.0, 5.0, 0.0, 0.0, 0.0, 0.0, 0.0, 0.0, 0.0, 0.0, 0.0, 0.0, 6.0, 14.0, 26.0], [0.0, 0.0, 0.0, 0.0, 0.0, 16.0, 21.0, 2.0, 0.0, 0.0, 0.0, 0.0, 1.0, 9.0, 21.0], [8.0, 15.0, 20.0, 16.0, 8.0, 0.0, 0.0, 0.0, 0.0, 0.0, 0.0, 0.0, 0.0, 0.0, 0.0], [16.0, 9.0, 4.0, 3.0, 0.0, 0.0, 0.0, 18.0, 7.0, 5.0, 5.0, 4.0, 0.0, 0.0, 0.0], [0.0, 0.0, 0.0, 0.0, 0.0, 14.0, 9.0, 0.0, 0.0, 0.0, 5.0, 8.0, 20.0, 12.0, 0.0]], [[0.0, 0.0, 0.0, 0.0, 5.0, 21.0, 26.0, 7.0, 5.0, 4.0, 0.0, 0.0, 0.0, 0.0, 0.0], [0.0, 0.0, 0.0, 0.0, 0.0, 0.0, 1.0, 20.0, 9.0, 7.0, 7.0, 6.0, 0.0, 6.0, 18.0], [3.0, 8.0, 11.0, 15.0, 23.0, 7.0, 2.0, 0.0, 0.0, 0.0, 0.0, 0.0, 0.0, 0.0, 0.0]], [[0.0, 0.0, 0.0, 0.0, 0.0, 0.0, 0.0, 6.0, 9.0, 10.0, 17.0, 20.0, 8.0, 1.0, 0.0], [0.0, 0.0, 0.0, 0.0, 0.0, 0.0, 0.0, 0.0, 0.0, 0.0, 7.0, 10.0, 22.0, 14.0, 16.0], [0.0, 0.0, 2.0, 6.0, 14.0, 0.0, 0.0, 0.0, 0.0, 0.0, 5.0, 8.0, 20.0, 12.0, 0.0]]]"
y_box,[0.0 0.0 0.0 0.0 0.0 0.0 0.0 1.0 0.0 0.0 0.0 0.0 0.0 0.0 0.0; 0.0 0.0 1.0 16.0 0.0 0.0 0.0 7.0 0.0 0.0 3.0 5.0 0.0 0.0 0.0; 0.0 0.0 0.0 0.0 0.0 0.0 0.0 8.0 0.0 0.0 0.0 0.0 0.0 0.0 12.0; 0.0 0.0 0.0 0.0 0.0 0.0 0.0 0.0 0.0 0.0 0.0 0.0 0.0 0.0 14.0;;; 0.0 0.0 0.0 0.0 1.0 0.0 0.0 0.0 0.0 0.0 0.0 0.0 0.0 0.0 0.0; 0.0 0.0 0.0 0.0 9.0 23.0 0.0 0.0 0.0 0.0 0.0 0.0 0.0 0.0 0.0; 0.0 3.0 0.0 0.0 3.0 0.0 0.0 0.0 0.0 0.0 0.0 14.0 0.0 0.0 0.0; 0.0 0.0 0.0 11.0 0.0 0.0 0.0 0.0 0.0 1.0 0.0 0.0 2.0 0.0 0.0;;; 0.0 0.0 0.0 0.0 0.0 0.0 1.0 0.0 0.0 0.0 0.0 0.0 0.0 0.0 0.0; 0.0 0.0 0.0 0.0 0.0 0.0 0.0 0.0 0.0 15.0 17.0 0.0 0.0 0.0 0.0; 0.0 0.0 0.0 0.0 0.0 0.0 0.0 0.0 0.0 0.0 0.0 20.0 0.0 0.0 0.0; 0.0 0.0 0.0 0.0 0.0 0.0 0.0 0.0 0.0 0.0 0.0 0.0 0.0 14.0 0.0]
evol_bb,Vector{Float64}[]
y_bb,[0.0 0.0 0.0 0.0 0.0 7.0 21.0 -0.0 -0.0 -0.0 -0.0 -0.0 -0.0 -0.0 -0.0; -0.0 -0.0 -0.0 -0.0 -0.0 -0.0 -0.0 -0.0 7.0 5.0 5.0 -0.0 -0.0 -0.0 -0.0; -0.0 -0.0 -0.0 -0.0 -0.0 -0.0 -0.0 -0.0 -0.0 -0.0 -0.0 8.0 -0.0 -0.0 -0.0; -0.0 -0.0 -0.0 -0.0 -0.0 -0.0 -0.0 -0.0 -0.0 -0.0 -0.0 -0.0 0.0 14.0 -0.0;;; -0.0 0.0 11.0 0.0 -0.0 17.0 -0.0 -0.0 -0.0 -0.0 -0.0 -0.0 -0.0 -0.0 -0.0; -0.0 8.0 -0.0 -0.0 0.0 -0.0 0.0 -0.0 -0.0 2.0 7.0 -0.0 -0.0 -0.0 -0.0; 3.0 -0.0 -0.0 -0.0 -0.0 -0.0 -0.0 0.0 -0.0 5.0 -0.0 -0.0 -0.0 -0.0 -0.0; -0.0 -0.0 -0.0 -0.0 -0.0 4.0 -0.0 -0.0 0.0 -0.0 -0.0 0.0 -0.0 -0.0 10.0;;; -0.0 -0.0 -0.0 -0.0 0.0 -0.0 -0.0 -0.0 9.0 -0.0 -0.0 0.0 19.0 -0.0 -0.0; -0.0 -0.0 -0.0 -0.0 -0.0 -0.0 -0.0 -0.0 -0.0 -0.0 17.0 -0.0 0.0 0.0 -0.0; -0.0 -0.0 0.0 -0.0 -0.0 -0.0 -0.0 3.0 -0.0 0.0 -0.0 -0.0 3.0 -0.0 2.0; -0.0 -0.0 -0.0 0.0 -0.0 -0.0 -0.0 -0.0 -0.0 -0.0 -0.0 -0.0 -0.0 -0.0 14.0]
evol_box,"[[0.553, 0.0], [2.403, 1210.1718330038711], [2.544, 103935.90414229775], [2.673, 310731.1112752607], [2.783, 3.30895464243411e6], [2.937, 5.170654728069354e6], [3.117, 5.170654728069353e6], [3.325, 6.203871398436446e6], [3.94, 6.514091115527657e6], [4.214, 6.514091115527658e6], [4.992, 8.478552128907284e6], [5.438, 8.582065428978043e6], [6.876, 9.202250209621608e6], [7.626, 9.616054654887179e6], [9.035, 9.822619740961874e6], [9.71, 1.0029508848328307e7], [10.941, 1.0133048617973998e7], [12.583, 1.0649773707737874e7], [14.48, 1.0753314270486133e7], [17.193, 1.1063362182786258e7], [20.027, 1.127023607502569e7], [23.721, 1.1373556806354597e7], [27.407, 1.147691335737385e7], [30.712, 1.1787142702924391e7], [33.896, 1.1890464187522192e7], [38.496, 1.1890483182191908e7], [42.925, 1.199409728007393e7], [47.321, 1.2407404665281193e7], [54.734, 1.2820989780975252e7], [64.131, 1.2924433837520082e7], [74.69, 1.302776597101919e7], [85.848, 1.313116321612114e7], [96.509, 1.3234550301946912e7], [107.735, 1.3234585996407693e7], [124.853, 1.354472168353072e7], [146.228, 1.3544731359571576e7], [164.358, 1.3544745206638537e7], [193.032, 1.3648114139735224e7], [215.12, 1.364817530686026e7], [245.711, 1.375155609988737e7], [292.84, 1.3854926297531176e7], [335.223, 1.385492955398793e7], [376.597, 1.3854948679844713e7], [418.095, 1.3855035576218389e7], [467.3, 1.3958420327993792e7], [535.417, 1.4165082989268718e7], [652.417, 1.4165090526183158e7], [757.811, 1.42684877296303e7], [827.077, 1.437186804013733e7], [913.512, 1.4371869505128114e7], [1049.936, 1.4371880774035053e7], [1170.224, 1.4371884980935836e7], [1300.242, 1.4475253789371245e7], [1481.518, 1.4475256689254677e7], [1673.001, 1.447526727656377e7], [1828.227, 1.4578663104962775e7], [2110.802, 1.4578689997263614e7], [2399.616, 1.4682045270291232e7], [2688.332, 1.4682054946332088e7], [2924.617, 1.46821042997859e7], [3169.914, 1.4682217923266482e7], [3600.04, 1.4785434057868185e7]]"
y_pb,[[-0.0 -0.0 -0.0 -0.0 -0.0 -0.0 0.0 -0.0 -0.0 -0.0 -0.0 -0.0 -0.0 -0.0 -0.0; -0.0 -0.0 -0.0 -0.0 -0.0 -0.0 -0.0 -0.0 -0.0 20.0 19.0 -0.0 -0.0 -0.0 -0.0; -0.0 -0.0 -0.0 -0.0 -0.0 -0.0 -0.0 -0.0 -0.0 -0.0 -0.0 14.0 -0.0 -0.0 -0.0; -0.0 -0.0 -0.0 -0.0 -0.0 -0.0 -0.0 -0.0 -0.0 -0.0 -0.0 -0.0 -0.0 14.0 -0.0;;;]]
x_bb,"[28.0, 17.0, 8.0, 14.0]"
x_box,"[1.0, 32.0, 20.0, 14.0]"
evol_zeta,"[[1.993, 26.0], [2.511, 25.833333333333332], [2.568, 20.5], [2.702, 20.0], [2.811, 19.428571428571427], [3.017, 16.125], [3.179, 15.999999999999961], [3.395, 17.16666666666666], [3.969, 16.000000000000004], [4.277, 15.57142857142857], [5.077, 15.600000000000001], [5.476, 17.0], [6.944, 15.0], [7.692, 14.099999999999996], [9.069, 16.0], [9.754, 13.5], [10.987, 14.5], [12.631, 14.2], [14.532, 14.857142857142856], [17.236, 13.777777777777779], [20.072, 14.09090909090909], [23.785, 13.636363636363626], [27.47, 12.375], [30.774, 13.0], [33.971, 11.500000000000002], [38.558, 11.428571428571429], [42.98, 12.000000001300002], [47.388, 11.333333333333334], [54.805, 10.857142857142858], [64.204, 11.11111111111111], [74.74, 11.11111111111111], [85.882, 13.5], [96.548, 15.222222222222204], [107.768, 13.444444445888891], [124.928, 10.285714285714285], [146.259, 10.666666666666666], [164.403, 11.125000001212502], [193.117, 11.11111111111111], [215.16, 9.428571428571429], [245.741, 9.888888888888877], [292.902, 10.0], [335.287, 11.375], [376.67, 11.166666666666671], [418.158, 10.285714285714286], [467.347, 10.999999999999972], [535.479, 11.857142857142858], [652.489, 8.833333333333334], [757.873, 11.375], [827.117, 10.714285714285715], [913.608, 9.8], [1049.98, 8.875], [1170.257, 11.375000000000014], [1300.312, 10.000000000000002], [1481.565, 10.333336265762938], [1673.06, 10.0], [1828.271, 10.11111111111111], [2110.864, 9.333333333333334], [2399.644, 14.5], [2688.378, 9.25], [2924.699, 8.444444444444445], [3169.966, 10.7], [3600.058, 0.0]]"
ξ_box,[16.0 14.0 12.0; 15.0 7.0 5.0; 20.0 14.0 0.0; 16.0 11.0 4.0; 20.0 13.0 12.0; 11.0 23.0 16.0; 16.0 26.0 21.0; 16.0 23.0 17.0; 8.0 18.0 13.0; 6.0 17.0 15.0; 3.0 15.0 17.0; 5.0 14.0 20.0; 17.0 2.0 22.0; 14.0 -0.0 14.0; 26.0 12.0 22.0]
