first,second
s_box,[27.0 0.0 14.0 0.0; 6.0 0.0 6.0 0.0; 0.0 0.0 0.0 6.0; 6.0 17.0 20.0 15.0; 0.0 17.0 0.0 12.0; 3.0 8.0 8.0 3.0; 0.0 2.0 0.0 12.0; 7.0 7.0 0.0 7.0; 0.0 14.0 0.0 14.0; 31.0 16.0 20.0 12.0; 14.0 0.0 0.0 0.0; 0.0 1.0 13.0 13.0; 1.0 4.0 4.0 1.0; 0.0 10.0 10.0 0.0; 0.0 0.0 0.0 0.0]
x_pb,"[46.0, -0.0, -0.0, 19.0]"
s_bb,[4.0 -0.0 -0.0 -0.0; 0.0 -0.0 -0.0 -0.0; 22.0 -0.0 -0.0 -0.0; 24.0 -0.0 -0.0 -0.0; 17.0 -0.0 -0.0 -0.0; 8.0 -0.0 -0.0 -0.0; 12.0 -0.0 -0.0 -0.0; 7.0 -0.0 -0.0 -0.0; 14.0 -0.0 -0.0 -0.0; 31.0 -0.0 -0.0 -0.0; 14.0 -0.0 -0.0 -0.0; 15.0 -0.0 -0.0 -0.0; 7.0 -0.0 -0.0 -0.0; 10.0 -0.0 -0.0 -0.0; 0.0 -0.0 -0.0 -0.0]
partition_bb,"[[[0.0, 0.0, 0.0, 0.0, 0.0, 0.0, 0.0, 0.0, 7.0, 31.0, 14.0, 13.0, 1.0, 0.0, 0.0], [27.0, 20.0, 12.0, 6.0, 2.0, 0.0, 0.0, 0.0, 0.0, 0.0, 0.0, 0.0, 0.0, 0.0, 0.0], [0.0, 0.0, 0.0, 0.0, 0.0, 0.0, 2.0, 7.0, 14.0, 0.0, 4.0, 5.0, 4.0, 10.0, 19.0], [3.0, 9.0, 18.0, 24.0, 9.0, 6.0, 0.0, 0.0, 0.0, 0.0, 0.0, 0.0, 0.0, 0.0, 0.0], [0.0, 0.0, 0.0, 6.0, 0.0, 3.0, 12.0, 7.0, 0.0, 18.0, 1.0, 0.0, 7.0, 1.0, 10.0], [0.0, 0.0, 1.0, 2.0, 17.0, 8.0, 0.0, 0.0, 0.0, 9.0, 14.0, 13.0, 1.0, 0.0, 0.0], [7.0, 13.0, 22.0, 16.0, 6.0, 3.0, 0.0, 0.0, 0.0, 0.0, 0.0, 0.0, 0.0, 0.0, 0.0], [16.0, 23.0, 14.0, 8.0, 5.0, 0.0, 0.0, 0.0, 0.0, 0.0, 0.0, 0.0, 0.0, 0.0, 0.0], [0.0, 0.0, 0.0, 2.0, 3.0, 8.0, 0.0, 5.0, 0.0, 0.0, 14.0, 15.0, 7.0, 10.0, 1.0]], Vector{Float64}[], Vector{Float64}[], Vector{Float64}[]]"
y_box,[0.0 7.0 11.0 0.0 0.0 0.0 0.0 0.0 0.0 0.0 0.0 13.0 0.0 0.0 0.0; 0.0 0.0 1.0 0.0 2.0 0.0 0.0 0.0 11.0 0.0 0.0 0.0 0.0 1.0 0.0; 0.0 0.0 0.0 0.0 0.0 0.0 0.0 0.0 0.0 0.0 0.0 0.0 0.0 0.0 0.0; 0.0 7.0 0.0 0.0 0.0 0.0 12.0 0.0 0.0 0.0 0.0 0.0 0.0 0.0 0.0;;; 19.0 12.0 0.0 0.0 0.0 0.0 0.0 0.0 0.0 0.0 0.0 0.0 0.0 0.0 0.0; 0.0 0.0 15.0 0.0 0.0 0.0 0.0 0.0 0.0 0.0 0.0 0.0 0.0 0.0 0.0; 0.0 0.0 0.0 0.0 0.0 0.0 0.0 0.0 0.0 0.0 0.0 0.0 0.0 0.0 0.0; 0.0 0.0 0.0 0.0 0.0 0.0 0.0 0.0 0.0 0.0 0.0 0.0 0.0 0.0 19.0;;; 0.0 0.0 10.0 0.0 2.0 0.0 0.0 0.0 0.0 0.0 0.0 0.0 0.0 0.0 19.0; 0.0 0.0 0.0 0.0 15.0 0.0 0.0 0.0 0.0 0.0 0.0 0.0 0.0 0.0 0.0; 0.0 0.0 0.0 0.0 0.0 0.0 0.0 0.0 0.0 0.0 0.0 0.0 0.0 0.0 0.0; 0.0 0.0 4.0 0.0 0.0 0.0 0.0 0.0 0.0 0.0 14.0 0.0 0.0 0.0 1.0;;; 13.0 15.0 3.0 0.0 0.0 0.0 0.0 0.0 0.0 0.0 0.0 0.0 0.0 0.0 0.0; 1.0 0.0 0.0 0.0 0.0 0.0 0.0 0.0 0.0 0.0 0.0 0.0 0.0 5.0 9.0; 0.0 0.0 0.0 0.0 0.0 0.0 0.0 0.0 0.0 0.0 0.0 0.0 0.0 0.0 0.0; 0.0 0.0 0.0 0.0 0.0 0.0 0.0 0.0 0.0 0.0 14.0 0.0 0.0 0.0 5.0]
evol_bb,"[[168.973, 2.511804342779971e7]]"
y_bb,[23.0 23.0 -0.0 -0.0 -0.0 -0.0 -0.0 -0.0 -0.0 -0.0 -0.0 -0.0 -0.0 -0.0 -0.0; -0.0 -0.0 0.0 0.0 0.0 0.0 -0.0 -0.0 -0.0 -0.0 -0.0 -0.0 -0.0 -0.0 -0.0; -0.0 -0.0 -0.0 -0.0 -0.0 -0.0 0.0 0.0 -0.0 -0.0 -0.0 -0.0 -0.0 -0.0 -0.0; -0.0 -0.0 -0.0 -0.0 -0.0 -0.0 -0.0 -0.0 -0.0 0.0 0.0 0.0 0.0 0.0 19.0;;; -0.0 -0.0 -0.0 -0.0 -0.0 -0.0 -0.0 -0.0 -0.0 -0.0 -0.0 -0.0 -0.0 -0.0 -0.0; -0.0 -0.0 -0.0 -0.0 -0.0 -0.0 -0.0 -0.0 -0.0 -0.0 -0.0 -0.0 -0.0 -0.0 -0.0; -0.0 -0.0 -0.0 -0.0 -0.0 -0.0 -0.0 -0.0 -0.0 -0.0 -0.0 -0.0 -0.0 -0.0 -0.0; -0.0 -0.0 -0.0 -0.0 -0.0 -0.0 -0.0 -0.0 -0.0 -0.0 -0.0 -0.0 -0.0 -0.0 -0.0;;; -0.0 -0.0 -0.0 -0.0 -0.0 -0.0 -0.0 -0.0 -0.0 -0.0 -0.0 -0.0 -0.0 -0.0 -0.0; -0.0 -0.0 -0.0 -0.0 -0.0 -0.0 -0.0 -0.0 -0.0 -0.0 -0.0 -0.0 -0.0 -0.0 -0.0; -0.0 -0.0 -0.0 -0.0 -0.0 -0.0 -0.0 -0.0 -0.0 -0.0 -0.0 -0.0 -0.0 -0.0 -0.0; -0.0 -0.0 -0.0 -0.0 -0.0 -0.0 -0.0 -0.0 -0.0 -0.0 -0.0 -0.0 -0.0 -0.0 -0.0;;; -0.0 -0.0 -0.0 -0.0 -0.0 -0.0 -0.0 -0.0 -0.0 -0.0 -0.0 -0.0 -0.0 -0.0 -0.0; -0.0 -0.0 -0.0 -0.0 -0.0 -0.0 -0.0 -0.0 -0.0 -0.0 -0.0 -0.0 -0.0 -0.0 -0.0; -0.0 -0.0 -0.0 -0.0 -0.0 -0.0 -0.0 -0.0 -0.0 -0.0 -0.0 -0.0 -0.0 -0.0 -0.0; -0.0 -0.0 -0.0 -0.0 -0.0 -0.0 -0.0 -0.0 -0.0 -0.0 -0.0 -0.0 -0.0 -0.0 -0.0]
evol_box,"[[0.463, 0.0], [2.004, 137885.35636156445], [2.122, 271925.9050090252], [2.224, 544191.8488428001], [2.341, 815787.4151949901], [2.576, 4.0735381945514507e6], [2.734, 4.0735381945514507e6], [3.222, 4.481457491975715e6], [4.246, 5.431342973087356e6], [5.795, 6.11014108143821e6], [8.506, 6.245758971110049e6], [9.08, 6.65354805235886e6], [11.756, 6.9247402368558515e6], [12.502, 7.061076398184628e6], [13.116, 7.331995726494932e6], [17.203, 7.468628844060102e6], [22.158, 8.011457002766323e6], [24.776, 8.55406288245011e6], [27.725, 9.097070273425803e6], [31.209, 9.232807387024304e6], [35.395, 9.232807387024306e6], [39.734, 9.232869158930436e6], [44.696, 9.232807387024306e6], [49.166, 9.775854347235877e6], [56.306, 9.911944179862663e6], [64.726, 1.0318934892469818e7], [77.553, 1.0590667890166309e7], [90.308, 1.0862319891605143e7], [102.104, 1.0997891696034314e7], [119.828, 1.0998023148062298e7], [138.97, 1.1133584110700754e7], [166.13, 1.1405089935489055e7], [200.486, 1.1405200018402081e7], [220.319, 1.1405089935489055e7], [256.498, 1.1541007142886419e7], [290.945, 1.18127195818744e7], [367.69, 1.2084072457191486e7], [432.736, 1.2220065807046957e7], [516.469, 1.2220261446271831e7], [610.598, 1.2355532392040858e7], [710.731, 1.2355547873012437e7], [876.919, 1.2355547873012437e7], [1020.396, 1.2355609017306384e7], [1104.07, 1.2355823053149043e7], [1246.759, 1.2491339747015731e7], [1364.862, 1.249143216781178e7], [1551.732, 1.262711161449939e7], [1771.241, 1.2627359535514798e7], [2193.565, 1.2762889889622252e7], [2414.216, 1.2763017769904837e7], [2690.863, 1.2763223875756042e7], [2900.503, 1.2898602433372986e7], [3461.446, 1.2898618387988308e7], [3600.014, 1.303437916684367e7]]"
y_pb,[[23.0 23.0 -0.0 -0.0 -0.0 -0.0 -0.0 -0.0 -0.0 -0.0 -0.0 -0.0 -0.0 -0.0 -0.0; -0.0 -0.0 0.0 -0.0 -0.0 -0.0 -0.0 -0.0 -0.0 -0.0 -0.0 -0.0 -0.0 -0.0 -0.0; -0.0 -0.0 -0.0 -0.0 -0.0 -0.0 -0.0 0.0 -0.0 -0.0 -0.0 -0.0 -0.0 -0.0 -0.0; -0.0 -0.0 -0.0 -0.0 -0.0 -0.0 -0.0 -0.0 -0.0 -0.0 -0.0 -0.0 -0.0 -0.0 19.0;;;]]
x_bb,"[46.0, 0.0, 0.0, 19.0]"
x_box,"[31.0, 15.0, 0.0, 19.0]"
evol_zeta,"[[2.088, 26.6], [2.138, 20.333333333333336], [2.256, 19.25], [2.355, 19.0], [2.595, 18.500000001950013], [2.77, 19.0], [3.241, 16.125], [4.258, 15.857142857142856], [5.837, 14.5], [8.541, 14.0], [9.102, 15.0], [11.782, 14.57142857142857], [12.528, 14.125], [13.152, 14.0], [17.228, 14.0], [22.189, 13.57142857142857], [24.794, 13.571428571428486], [27.743, 14.857142857142858], [31.238, 13.999999999999996], [35.426, 13.714285714285715], [39.756, 14.0], [44.737, 13.857142857142856], [49.201, 13.428571428571429], [56.343, 12.0], [64.759, 12.428571428571429], [77.582, 12.0], [90.339, 13.375], [102.135, 11.166666666666666], [119.876, 12.0], [138.994, 12.0], [166.201, 11.625], [200.511, 11.857142857142856], [220.346, 12.0], [256.525, 13.857142857142858], [290.981, 11.62500142424398], [367.717, 11.333333333333332], [432.765, 12.25], [516.507, 10.875], [610.624, 11.75], [710.771, 10.0], [876.981, 10.5], [1020.421, 10.714285714285715], [1104.088, 13.125], [1246.803, 10.875001041271867], [1364.892, 12.0], [1551.798, 11.714285714285715], [1771.264, 10.857142857142858], [2193.61, 11.875], [2414.243, 12.0], [2690.923, 10.75], [2900.533, 12.125], [3461.543, 11.857142857142852], [3600.027, 0.0]]"
ξ_box,[27.0 19.0 14.0 14.0; 20.0 12.0 5.0 15.0; 12.0 15.0 14.0 9.0; 6.0 17.0 20.0 15.0; 2.0 17.0 17.0 12.0; 3.0 8.0 8.0 3.0; 12.0 2.0 -0.0 12.0; 7.0 7.0 -0.0 7.0; 11.0 14.0 -0.0 14.0; 31.0 16.0 20.0 12.0; 14.0 -0.0 14.0 14.0; 13.0 1.0 13.0 13.0; 1.0 4.0 4.0 1.0; 1.0 10.0 10.0 5.0; 0.0 19.0 19.0 14.0]
