first,second
s_box,[28.0; 26.0; 23.0; 20.0; 14.0; 0.0; 21.0; 9.0; 16.0; 11.0; 0.0; 0.0; 0.0; 0.0; 0.0;;]
x_pb,"[23.0, -0.0, 15.0, 29.0]"
s_bb,[28.0; 26.0; 23.0; 20.0; 14.0; 0.0; 21.0; 9.0; 16.0; 11.0; 0.0; 0.0; 0.0; 0.0; 0.0;;]
partition_bb,"[[[28.0, 24.0, 9.0, 5.0, 2.0, 0.0, 0.0, 0.0, 0.0, 0.0, 0.0, 0.0, 0.0, 0.0, 0.0], [0.0, 3.0, 18.0, 8.0, 8.0, 3.0, 2.0, 0.0, 0.0, 0.0, 1.0, 21.0, 3.0, 1.0, 4.0], [0.0, 0.0, 1.0, 11.0, 15.0, 16.0, 21.0, 6.0, 0.0, 0.0, 0.0, 0.0, 0.0, 0.0, 0.0], [10.0, 6.0, 0.0, 0.0, 0.0, 0.0, 0.0, 9.0, 16.0, 11.0, 15.0, 0.0, 0.0, 1.0, 0.0], [0.0, 1.0, 10.0, 20.0, 16.0, 12.0, 10.0, 0.0, 0.0, 0.0, 0.0, 0.0, 0.0, 0.0, 0.0], [4.0, 8.0, 23.0, 13.0, 9.0, 8.0, 3.0, 0.0, 0.0, 0.0, 0.0, 0.0, 0.0, 0.0, 0.0], [0.0, 0.0, 6.0, 16.0, 20.0, 15.0, 14.0, 0.0, 0.0, 0.0, 0.0, 0.0, 0.0, 0.0, 0.0], [22.0, 26.0, 11.0, 7.0, 4.0, 0.0, 0.0, 0.0, 0.0, 0.0, 0.0, 0.0, 0.0, 0.0, 0.0], [10.0, 6.0, 2.0, 9.0, 12.0, 17.0, 12.0, 0.0, 0.0, 0.0, 0.0, 0.0, 0.0, 0.0, 0.0]]]"
y_box,[0.0 0.0 0.0 -0.0 6.0 17.0 -0.0 -0.0 -0.0 -0.0 -0.0 -0.0 -0.0 -0.0 -0.0; -0.0 -0.0 -0.0 -0.0 -0.0 -0.0 0.0 0.0 0.0 -0.0 -0.0 -0.0 -0.0 -0.0 -0.0; -0.0 -0.0 -0.0 -0.0 -0.0 -0.0 -0.0 -0.0 -0.0 0.0 15.0 -0.0 -0.0 -0.0 -0.0; -0.0 -0.0 -0.0 -0.0 -0.0 -0.0 -0.0 -0.0 -0.0 -0.0 -0.0 21.0 3.0 1.0 4.0;;;]
evol_bb,"[[0.447, 1.770216165497046e7]]"
y_bb,[0.0 0.0 0.0 -0.0 6.0 17.0 -0.0 -0.0 -0.0 -0.0 -0.0 -0.0 -0.0 -0.0 -0.0; -0.0 -0.0 -0.0 -0.0 -0.0 -0.0 0.0 0.0 0.0 -0.0 -0.0 -0.0 -0.0 -0.0 -0.0; -0.0 -0.0 -0.0 -0.0 -0.0 -0.0 -0.0 -0.0 -0.0 0.0 15.0 -0.0 -0.0 -0.0 -0.0; -0.0 -0.0 -0.0 -0.0 -0.0 -0.0 -0.0 -0.0 -0.0 -0.0 -0.0 21.0 3.0 1.0 4.0;;;]
evol_box,"[[0.628, 0.0], [2.639, 108046.81467473519], [2.743, 5.691057823026551e6], [2.75, 1.0748357860918049e7], [2.755, 1.5384216124125957e7], [2.779, 1.6437828956242194e7], [2.788, 1.6964635372300312e7], [2.803, 1.738608050514681e7], [2.812, 1.7596803071570057e7], [2.839, 1.770216165497046e7]]"
y_pb,[[-0.0 -0.0 -0.0 -0.0 6.0 17.0 -0.0 -0.0 -0.0 -0.0 -0.0 -0.0 -0.0 -0.0 -0.0; -0.0 -0.0 -0.0 -0.0 -0.0 -0.0 0.0 -0.0 -0.0 -0.0 -0.0 -0.0 -0.0 -0.0 -0.0; -0.0 -0.0 -0.0 -0.0 -0.0 -0.0 -0.0 -0.0 -0.0 -0.0 15.0 -0.0 -0.0 -0.0 -0.0; -0.0 -0.0 -0.0 -0.0 -0.0 -0.0 -0.0 -0.0 -0.0 -0.0 -0.0 21.0 3.0 1.0 4.0;;;]]
x_bb,"[23.0, 0.0, 15.0, 29.0]"
x_box,"[23.0, 0.0, 15.0, 29.0]"
evol_zeta,"[[2.208, 27.8], [2.741, 21.0], [2.749, 18.5], [2.754, 16.0], [2.777, 8.666666666666664], [2.786, 4.857142857142861], [2.802, 3.1999999999999993], [2.81, 1.3999999999999986], [2.836, 1.0], [2.862, 0.0]]"
ξ_box,[28.0; 26.0; 23.0; 20.0; 20.0; 17.0; 21.0; 9.0; 16.0; 11.0; 15.0; 21.0; 3.0; 1.0; 4.0;;]
