first,second
s_box,[19.0 19.0 0.0; 12.0 25.0 0.0; 6.0 17.0 12.0; 13.0 20.0 2.0; 0.0 0.0 18.0; 0.0 13.0 13.0; 0.0 10.0 11.0; 0.0 8.0 8.0; 11.0 16.0 18.0; 25.0 6.0 19.0; 17.0 14.0 15.0; 25.0 0.0 18.0; 23.0 0.0 16.0; 0.0 0.0 0.0; 0.0 2.0 0.0]
x_pb,"[-0.0, -0.0, 6.0, 66.0]"
s_bb,[18.0 -0.0 13.0; 25.0 2.0 2.0; 16.0 6.0 -0.0; 14.0 -0.0 -0.0; 15.0 12.0 -0.0; -0.0 7.0 -0.0; 10.0 4.0 -0.0; 8.0 4.0 -0.0; 10.0 -0.0 -0.0; 21.0 25.0 -0.0; 13.0 17.0 -0.0; 8.0 -0.0 -0.0; 10.0 20.0 -0.0; -0.0 -0.0 8.0; -0.0 11.0 -0.0]
partition_bb,"[[[0.0, 0.0, 0.0, 0.0, 0.0, 0.0, 1.0, 4.0, 14.0, 25.0, 17.0, 6.0, 5.0, 0.0, 0.0], [0.0, 0.0, 0.0, 0.0, 0.0, 0.0, 0.0, 0.0, 0.0, 3.0, 11.0, 22.0, 20.0, 5.0, 14.0], [0.0, 2.0, 6.0, 13.0, 0.0, 0.0, 0.0, 0.0, 0.0, 2.0, 10.0, 21.0, 19.0, 4.0, 0.0], [0.0, 0.0, 0.0, 0.0, 0.0, 0.0, 0.0, 0.0, 0.0, 1.0, 9.0, 20.0, 18.0, 20.0, 4.0], [0.0, 0.0, 0.0, 0.0, 12.0, 7.0, 4.0, 2.0, 0.0, 1.0, 9.0, 20.0, 18.0, 3.0, 0.0]], [[0.0, 0.0, 0.0, 0.0, 0.0, 0.0, 0.0, 0.0, 0.0, 0.0, 1.0, 7.0, 9.0, 20.0, 36.0], [18.0, 25.0, 16.0, 14.0, 0.0, 0.0, 0.0, 0.0, 0.0, 0.0, 0.0, 0.0, 0.0, 0.0, 0.0], [0.0, 0.0, 0.0, 0.0, 0.0, 0.0, 0.0, 0.0, 10.0, 21.0, 13.0, 2.0, 1.0, 5.0, 21.0], [0.0, 0.0, 2.0, 3.0, 18.0, 13.0, 10.0, 8.0, 1.0, 0.0, 0.0, 8.0, 10.0, 0.0, 0.0]], [[0.0, 0.0, 0.0, 0.0, 0.0, 0.0, 0.0, 0.0, 0.0, 6.0, 14.0, 25.0, 23.0, 8.0, 0.0], [13.0, 6.0, 0.0, 0.0, 0.0, 0.0, 0.0, 0.0, 0.0, 2.0, 10.0, 21.0, 19.0, 4.0, 0.0]]]"
y_box,[0.0 0.0 0.0 0.0 0.0 0.0 0.0 0.0 0.0 0.0 0.0 0.0 0.0 0.0 0.0; 0.0 0.0 0.0 0.0 0.0 0.0 0.0 0.0 0.0 0.0 0.0 0.0 0.0 0.0 0.0; 0.0 0.0 0.0 0.0 0.0 1.0 2.0 5.0 4.0 0.0 0.0 0.0 0.0 0.0 0.0; 0.0 0.0 0.0 0.0 0.0 0.0 0.0 0.0 0.0 0.0 0.0 0.0 0.0 24.0 36.0;;; 0.0 0.0 0.0 0.0 0.0 0.0 0.0 0.0 0.0 0.0 0.0 0.0 0.0 0.0 0.0; 0.0 0.0 0.0 0.0 0.0 0.0 0.0 0.0 0.0 0.0 0.0 0.0 0.0 0.0 0.0; 0.0 0.0 0.0 0.0 12.0 0.0 0.0 0.0 0.0 0.0 0.0 0.0 0.0 0.0 0.0; 0.0 0.0 0.0 0.0 2.0 0.0 0.0 0.0 0.0 0.0 0.0 4.0 5.0 21.0 28.0;;; 0.0 0.0 0.0 0.0 0.0 0.0 0.0 0.0 0.0 0.0 0.0 0.0 0.0 0.0 0.0; 0.0 0.0 0.0 0.0 0.0 0.0 0.0 0.0 0.0 0.0 0.0 0.0 0.0 0.0 0.0; 0.0 0.0 0.0 12.0 0.0 0.0 0.0 0.0 0.0 0.0 0.0 0.0 0.0 0.0 0.0; 15.0 8.0 0.0 5.0 0.0 0.0 0.0 0.0 0.0 0.0 0.0 0.0 0.0 16.0 16.0]
evol_bb,Vector{Float64}[]
y_bb,[0.0 0.0 -0.0 -0.0 -0.0 -0.0 -0.0 -0.0 -0.0 -0.0 -0.0 -0.0 -0.0 -0.0 -0.0; -0.0 0.0 0.0 0.0 -0.0 -0.0 -0.0 -0.0 -0.0 -0.0 -0.0 -0.0 -0.0 -0.0 -0.0; -0.0 -0.0 -0.0 -0.0 3.0 13.0 0.0 0.0 0.0 0.0 0.0 -0.0 -0.0 -0.0 -0.0; -0.0 -0.0 -0.0 -0.0 -0.0 -0.0 -0.0 -0.0 -0.0 -0.0 -0.0 0.0 0.0 20.0 36.0;;; -0.0 -0.0 -0.0 0.0 -0.0 -0.0 -0.0 -0.0 -0.0 -0.0 -0.0 0.0 -0.0 -0.0 -0.0; -0.0 -0.0 -0.0 0.0 -0.0 -0.0 -0.0 -0.0 -0.0 -0.0 -0.0 -0.0 -0.0 -0.0 -0.0; -0.0 -0.0 -0.0 -0.0 -0.0 -0.0 -0.0 -0.0 -0.0 -0.0 -0.0 16.0 -0.0 -0.0 -0.0; -0.0 0.0 0.0 13.0 0.0 0.0 0.0 0.0 14.0 0.0 0.0 6.0 0.0 20.0 3.0;;; -0.0 -0.0 -0.0 -0.0 -0.0 -0.0 -0.0 -0.0 -0.0 -0.0 -0.0 -0.0 0.0 -0.0 -0.0; -0.0 -0.0 -0.0 -0.0 -0.0 -0.0 -0.0 -0.0 -0.0 -0.0 -0.0 0.0 -0.0 -0.0 -0.0; 0.0 -0.0 -0.0 -0.0 -0.0 -0.0 -0.0 -0.0 -0.0 2.0 14.0 -0.0 0.0 -0.0 -0.0; -0.0 4.0 -0.0 -0.0 -0.0 -0.0 -0.0 -0.0 -0.0 4.0 -0.0 25.0 23.0 0.0 -0.0]
evol_box,"[[0.535, 0.0], [2.294, 120424.54852845005], [2.418, 120424.54852845003], [2.565, 122689.17591917908], [2.659, 3.0996187625940684e6], [2.813, 4.288823328902958e6], [3.097, 5.241349964092266e6], [3.439, 7.2659589013836095e6], [3.677, 8.218844485831929e6], [4.071, 1.0124281104810797e7], [4.922, 1.0600653333352728e7], [5.368, 1.0601106557258587e7], [6.605, 1.0839155955100967e7], [7.511, 1.1553420376309555e7], [10.529, 1.2029806774100257e7], [12.533, 1.2029806774100257e7], [14.281, 1.2029923353457822e7], [15.737, 1.2625517266230637e7], [16.896, 1.3101676347471245e7], [17.987, 1.3459216850109462e7], [22.51, 1.3578395730710115e7], [24.102, 1.381648479434725e7], [27.002, 1.3935348517307382e7], [31.556, 1.4530906332580958e7], [35.858, 1.4769140593131611e7], [40.743, 1.5007308872813562e7], [45.764, 1.5126360308389228e7], [50.654, 1.5126501084774772e7], [55.624, 1.5364607812799864e7], [60.103, 1.5483633947071448e7], [65.823, 1.548371663222655e7], [73.542, 1.5602705787072161e7], [80.922, 1.5722022025771957e7], [89.482, 1.5840897956425864e7], [97.926, 1.5959977213578567e7], [108.08, 1.5960067565038756e7], [120.215, 1.596010484714712e7], [134.027, 1.6079076882855445e7], [144.2, 1.6079088700936202e7], [155.555, 1.6198186170056188e7], [171.389, 1.631727886120496e7], [187.352, 1.6317355314651877e7], [211.976, 1.6436457600344548e7], [237.116, 1.6555472526437603e7], [263.765, 1.667455011988131e7], [313.606, 1.6674556810264617e7], [335.525, 1.6674572567846889e7], [364.984, 1.6674647940576691e7], [411.654, 1.6793861688869603e7], [438.879, 1.6793889759008072e7], [477.446, 1.6912750586133488e7], [522.514, 1.691276892336752e7], [582.946, 1.691280411585241e7], [635.357, 1.6912829496617183e7], [675.186, 1.6913004589834582e7], [760.252, 1.7031860102946937e7], [847.333, 1.7032019202835996e7], [934.23, 1.7151030790218994e7], [1113.88, 1.7151081331534393e7], [1269.272, 1.7389135005731206e7], [1445.511, 1.750832131877284e7], [1703.316, 1.7508336830321968e7], [1864.406, 1.762732784279141e7], [2052.894, 1.762732784279141e7], [2309.694, 1.762733919188641e7], [2532.246, 1.762735019069023e7], [2692.514, 1.7627465767729905e7], [2874.251, 1.774643805457706e7], [3015.745, 1.774645107516343e7], [3277.621, 1.7865517199863505e7], [3482.873, 1.786558294838295e7], [3600.038, 1.798463125347241e7]]"
y_pb,[[0.0 -0.0 -0.0 -0.0 -0.0 -0.0 -0.0 -0.0 -0.0 -0.0 -0.0 -0.0 -0.0 -0.0 -0.0; -0.0 -0.0 -0.0 0.0 -0.0 -0.0 -0.0 -0.0 -0.0 -0.0 -0.0 -0.0 -0.0 -0.0 -0.0; -0.0 -0.0 -0.0 -0.0 -0.0 6.0 -0.0 -0.0 -0.0 -0.0 -0.0 -0.0 -0.0 -0.0 -0.0; -0.0 -0.0 -0.0 -0.0 -0.0 -0.0 -0.0 -0.0 -0.0 -0.0 -0.0 -0.0 -0.0 30.0 36.0;;;]]
x_bb,"[-0.0, -0.0, 16.0, 56.0]"
x_box,"[0.0, 0.0, 12.0, 60.0]"
evol_zeta,"[[1.926, 35.8], [2.398, 25.0], [2.445, 24.750000000000103], [2.629, 20.857142857142858], [2.709, 19.71428571428571], [2.904, 18.714285714285715], [3.273, 18.124999999999986], [3.526, 17.200000000000003], [3.712, 17.125], [4.115, 15.75], [4.975, 16.25], [5.413, 15.833333333333332], [6.656, 15.111111111111114], [7.554, 13.999999999999996], [10.594, 14.333333333333313], [12.565, 15.125004788983944], [14.337, 14.444444444444445], [15.798, 13.0], [16.944, 13.0], [18.035, 15.5], [22.544, 15.124999817802824], [24.135, 13.625], [27.032, 13.0], [31.603, 13.0], [35.917, 15.600000000000001], [40.805, 12.875], [45.829, 14.222222222222234], [50.704, 11.285714285714288], [55.691, 14.0], [60.129, 14.833333333333334], [65.897, 12.666666666666668], [73.597, 15.222222222222221], [80.969, 14.090909090909095], [89.518, 13.600000000000001], [98.001, 12.0], [108.149, 12.0], [120.282, 12.3], [134.089, 11.333333333333332], [144.275, 11.25], [155.586, 12.181818181818182], [171.431, 12.142857142857128], [187.43, 11.333333333333336], [212.058, 10.77777777777775], [237.21, 12.142857142857146], [263.814, 13.222222222222221], [313.682, 11.333333333333334], [335.604, 10.000000000000004], [365.009, 13.100000000000001], [411.689, 13.777777777777786], [438.956, 12.142857142857144], [477.483, 10.2], [522.549, 11.2], [582.968, 13.333333333333334], [635.409, 11.624999999999943], [675.249, 11.777777777777779], [760.316, 11.0], [847.429, 11.125], [934.318, 11.555555555555546], [1113.927, 9.750000000000002], [1269.334, 11.0], [1445.628, 10.333333333333332], [1703.551, 9.375000001037508], [1864.536, 10.625], [2052.966, 9.57142857142857], [2309.782, 10.111111111111114], [2532.32, 11.571428571428571], [2692.62, 9.666666666666654], [2874.326, 10.555555555555557], [3015.8, 11.25], [3277.687, 13.2], [3482.925, 11.250000000000014], [3600.056, 0.0]]"
ξ_box,[19.0 18.0 15.0; 12.0 25.0 8.0; 6.0 17.0 12.0; 13.0 19.999999999999986 19.0; -0.0 14.0 18.0; 1.0 13.0 13.0; 2.0 10.0 11.0; 5.0 8.0 8.0; 15.0 16.0 18.0; 25.0 6.0 19.0; 17.0 14.0 15.0; 25.0 4.0 18.0; 23.0 5.0 16.0; 24.0 21.0 16.0; 36.0 30.0 16.0]
