first,second
s_box,[28.0 17.0 0.0 18.0; 0.0 13.0 0.0 9.0; 0.0 16.0 0.0 0.0; 0.0 0.0 0.0 0.0; 0.0 25.0 13.0 15.0; 0.0 0.0 0.0 0.0; 0.0 0.0 13.0 12.0; 0.0 19.0 16.0 16.0; 22.0 30.0 0.0 0.0; 23.0 0.0 0.0 0.0; 12.0 3.0 19.0 0.0; 8.0 0.0 19.0 10.0; 6.0 0.0 18.0 10.0; 11.0 0.0 0.0 15.0; 14.0 0.0 25.0 18.0]
x_pb,"[26.0, 58.0, -0.0, -0.0]"
s_bb,[1.0 30.0 -0.0 -0.0; -0.0 21.0 -0.0 -0.0; -0.0 19.0 -0.0 -0.0; -0.0 -0.0 -0.0 -0.0; -0.0 -0.0 22.0 -0.0; -0.0 -0.0 20.0 23.0; -0.0 -0.0 19.0 22.0; -0.0 17.0 -0.0 12.0; -0.0 30.0 19.0 -0.0; 19.0 -0.0 -0.0 -0.0; 18.0 3.0 19.0 -0.0; -0.0 -0.0 -0.0 -0.0; 17.0 -0.0 -0.0 -0.0; 22.0 -0.0 6.0 -0.0; 25.0 17.0 -0.0 -0.0]
partition_bb,"[[[0.0, 0.0, 0.0, 0.0, 0.0, 0.0, 0.0, 0.0, 0.0, 0.0, 9.0, 15.0, 17.0, 22.0, 25.0], [0.0, 0.0, 0.0, 0.0, 0.0, 0.0, 0.0, 0.0, 3.0, 19.0, 8.0, 9.0, 11.0, 16.0, 19.0], [18.0, 9.0, 7.0, 0.0, 0.0, 0.0, 0.0, 0.0, 0.0, 0.0, 2.0, 8.0, 10.0, 15.0, 18.0], [0.0, 7.0, 9.0, 16.0, 0.0, 0.0, 0.0, 0.0, 0.0, 7.0, 18.0, 12.0, 10.0, 5.0, 2.0]], [[30.0, 21.0, 19.0, 12.0, 2.0, 1.0, 0.0, 0.0, 0.0, 0.0, 0.0, 0.0, 0.0, 0.0, 0.0], [0.0, 0.0, 0.0, 0.0, 6.0, 7.0, 9.0, 19.0, 30.0, 14.0, 3.0, 0.0, 0.0, 0.0, 0.0], [0.0, 0.0, 0.0, 0.0, 0.0, 0.0, 0.0, 10.0, 21.0, 5.0, 2.0, 8.0, 10.0, 15.0, 18.0]], [[0.0, 0.0, 0.0, 0.0, 0.0, 0.0, 0.0, 8.0, 19.0, 8.0, 19.0, 13.0, 11.0, 6.0, 3.0], [0.0, 0.0, 0.0, 1.0, 22.0, 20.0, 19.0, 9.0, 17.0, 1.0, 0.0, 0.0, 0.0, 0.0, 0.0]], [[0.0, 0.0, 2.0, 4.0, 25.0, 23.0, 22.0, 12.0, 1.0, 0.0, 0.0, 0.0, 0.0, 0.0, 0.0]]]"
y_box,[2.0 24.0 22.0 15.0 0.0 0.0 0.0 0.0 0.0 0.0 0.0 0.0 0.0 0.0 0.0; 0.0 0.0 0.0 0.0 2.0 2.0 3.0 14.0 0.0 0.0 0.0 0.0 0.0 0.0 0.0; 0.0 0.0 0.0 0.0 0.0 0.0 0.0 0.0 0.0 0.0 0.0 0.0 0.0 0.0 0.0; 0.0 0.0 0.0 0.0 0.0 0.0 0.0 0.0 0.0 0.0 0.0 0.0 0.0 0.0 0.0;;; 0.0 1.0 0.0 23.0 0.0 23.0 15.0 0.0 0.0 0.0 0.0 0.0 0.0 0.0 1.0; 0.0 0.0 0.0 0.0 0.0 0.0 7.0 0.0 0.0 14.0 0.0 0.0 0.0 0.0 0.0; 0.0 0.0 0.0 0.0 0.0 0.0 0.0 0.0 0.0 0.0 0.0 0.0 0.0 0.0 0.0; 0.0 0.0 0.0 0.0 0.0 0.0 0.0 0.0 0.0 0.0 0.0 0.0 0.0 0.0 0.0;;; 10.0 1.0 1.0 0.0 3.0 14.0 0.0 0.0 7.0 2.0 3.0 0.0 0.0 22.0 0.0; 0.0 0.0 0.0 0.0 0.0 0.0 0.0 0.0 0.0 21.0 0.0 0.0 0.0 0.0 0.0; 0.0 0.0 0.0 0.0 0.0 0.0 0.0 0.0 0.0 0.0 0.0 0.0 0.0 0.0 0.0; 0.0 0.0 0.0 0.0 0.0 0.0 0.0 0.0 0.0 0.0 0.0 0.0 0.0 0.0 0.0;;; 0.0 0.0 11.0 18.0 0.0 13.0 0.0 0.0 21.0 0.0 0.0 0.0 0.0 0.0 0.0; 0.0 0.0 0.0 0.0 0.0 0.0 0.0 0.0 0.0 5.0 16.0 0.0 0.0 0.0 0.0; 0.0 0.0 0.0 0.0 0.0 0.0 0.0 0.0 0.0 0.0 0.0 0.0 0.0 0.0 0.0; 0.0 0.0 0.0 0.0 0.0 0.0 0.0 0.0 0.0 0.0 0.0 0.0 0.0 0.0 0.0]
evol_bb,Vector{Float64}[]
y_bb,[-0.0 -0.0 9.0 -0.0 -0.0 -0.0 -0.0 -0.0 -0.0 -0.0 -0.0 15.0 -0.0 -0.0 -0.0; 17.0 -0.0 -0.0 -0.0 -0.0 -0.0 -0.0 -0.0 -0.0 -0.0 -0.0 -0.0 -0.0 -0.0 -0.0; -0.0 -0.0 -0.0 16.0 -0.0 -0.0 -0.0 -0.0 -0.0 -0.0 -0.0 -0.0 -0.0 -0.0 -0.0; -0.0 9.0 -0.0 -0.0 -0.0 -0.0 -0.0 -0.0 3.0 -0.0 -0.0 -0.0 -0.0 -0.0 -0.0;;; -0.0 -0.0 -0.0 12.0 6.0 -0.0 -0.0 -0.0 -0.0 14.0 -0.0 -0.0 -0.0 -0.0 -0.0; -0.0 -0.0 -0.0 -0.0 -0.0 7.0 9.0 -0.0 -0.0 -0.0 -0.0 -0.0 -0.0 -0.0 1.0; -0.0 -0.0 -0.0 -0.0 -0.0 -0.0 -0.0 -0.0 -0.0 -0.0 -0.0 8.0 -0.0 15.0 -0.0; -0.0 -0.0 -0.0 -0.0 -0.0 -0.0 -0.0 2.0 -0.0 -0.0 -0.0 -0.0 10.0 -0.0 -0.0;;; -0.0 -0.0 -0.0 -0.0 -0.0 -0.0 -0.0 -0.0 -0.0 -0.0 -0.0 -0.0 -0.0 -0.0 3.0; -0.0 -0.0 -0.0 -0.0 -0.0 -0.0 -0.0 -0.0 -0.0 -0.0 -0.0 13.0 -0.0 -0.0 -0.0; -0.0 -0.0 -0.0 1.0 -0.0 -0.0 -0.0 -0.0 -0.0 8.0 -0.0 -0.0 11.0 -0.0 -0.0; -0.0 -0.0 -0.0 -0.0 -0.0 -0.0 -0.0 9.0 -0.0 -0.0 -0.0 -0.0 -0.0 -0.0 -0.0;;; -0.0 -0.0 2.0 -0.0 -0.0 -0.0 -0.0 -0.0 -0.0 -0.0 -0.0 -0.0 -0.0 -0.0 -0.0; -0.0 -0.0 -0.0 -0.0 -0.0 -0.0 -0.0 -0.0 -0.0 -0.0 -0.0 -0.0 -0.0 -0.0 -0.0; -0.0 -0.0 -0.0 -0.0 22.0 -0.0 -0.0 -0.0 1.0 -0.0 -0.0 -0.0 -0.0 -0.0 -0.0; -0.0 -0.0 -0.0 4.0 8.0 -0.0 -0.0 -0.0 -0.0 -0.0 -0.0 -0.0 -0.0 -0.0 -0.0]
evol_box,"[[0.563, 0.0], [2.341, 114160.57388205969], [2.455, 453552.77461276104], [2.626, 455026.4580629672], [2.924, 679332.4577059152], [3.393, 2.940238860385314e6], [3.797, 4.634234966386667e6], [4.681, 6.103677077315734e6], [5.458, 6.555194781206892e6], [6.242, 6.555194781206891e6], [7.816, 7.233825668880647e6], [9.157, 7.798705182846625e6], [11.014, 9.154279197654158e6], [13.458, 9.267790776746849e6], [17.102, 9.8322970369158e6], [21.782, 1.0397833469309183e7], [28.051, 1.051066208102121e7], [34.074, 1.0962393566190893e7], [39.93, 1.0962843588895492e7], [48.549, 1.1075362079328539e7], [54.711, 1.118883792361062e7], [64.869, 1.141438504296862e7], [75.442, 1.141448455354844e7], [85.689, 1.1415000018340284e7], [97.036, 1.1640420114343692e7], [109.854, 1.1640785992342861e7], [123.469, 1.1866638928123249e7], [137.059, 1.2092379784666533e7], [149.556, 1.209237978466658e7], [166.487, 1.2205501707623376e7], [197.279, 1.231857642177239e7], [223.19, 1.2431582083417203e7], [260.527, 1.2544428606664822e7], [302.004, 1.2657433031356957e7], [345.98, 1.2657541560781248e7], [407.061, 1.2996446305433355e7], [533.247, 1.2996495408614116e7], [596.671, 1.2996520678616432e7], [744.412, 1.3222478203493305e7], [880.434, 1.3222821029911146e7], [1053.459, 1.3335463118105853e7], [1215.469, 1.344854554655264e7], [1526.915, 1.3448601101052482e7], [1713.017, 1.3561539245094951e7], [2359.943, 1.3674473816635424e7], [2577.452, 1.3674492402819188e7], [2852.831, 1.3674785972400941e7], [3180.572, 1.3787470166360889e7], [3600.022, 1.4013501959253408e7]]"
y_pb,[[-0.0 26.0 -0.0 -0.0 -0.0 -0.0 -0.0 -0.0 -0.0 -0.0 -0.0 -0.0 -0.0 -0.0 -0.0; -0.0 -0.0 -0.0 -0.0 -0.0 6.0 24.999999999999996 27.0 -0.0 -0.0 -0.0 -0.0 -0.0 -0.0 -0.0; -0.0 -0.0 -0.0 -0.0 -0.0 -0.0 -0.0 -0.0 -0.0 -0.0 -0.0 -0.0 -0.0 0.0 -0.0; -0.0 -0.0 -0.0 -0.0 -0.0 -0.0 -0.0 -0.0 -0.0 -0.0 -0.0 -0.0 -0.0 -0.0 0.0;;;]]
x_bb,"[32.0, 17.0, 23.0, 12.0]"
x_box,"[63.0, 21.0, 0.0, 0.0]"
evol_zeta,"[[2.437, 29.42857142857143], [2.487, 24.2], [2.683, 21.25], [3.022, 18.857142857142858], [3.559, 18.28571428571429], [3.997, 17.625000001862503], [4.85, 18.222222222222225], [5.617, 17.125000001812502], [6.376, 16.571428571428573], [7.974, 17.375], [9.358, 16.555555555555557], [11.141, 15.375], [13.68, 14.375], [17.303, 15.181818181818173], [21.951, 13.75], [28.136, 14.0], [34.172, 14.666666666666666], [40.086, 13.777777779255558], [48.678, 14.538461538461538], [54.805, 13.699999999999982], [64.962, 15.333333333333334], [75.55, 12.11111111111111], [85.836, 13.333333333333334], [97.131, 13.7], [109.963, 12.555555555555555], [123.564, 12.272727272727273], [137.157, 13.375], [149.662, 11.777777777777779], [166.571, 13.88888888888889], [197.434, 11.625], [223.285, 12.6], [260.641, 12.818181818181818], [302.09, 12.75], [346.078, 12.88888888888889], [407.199, 11.124999999999986], [533.418, 12.25], [596.841, 11.25], [744.586, 10.142857142857142], [880.546, 11.555555555555442], [1053.571, 11.25], [1215.6, 13.214285714285714], [1527.023, 11.200000000000001], [1713.216, 9.600000001060003], [2360.06, 11.545454545454545], [2577.587, 9.777777777777779], [2853.067, 9.444444444444445], [3180.713, 9.5], [3600.041, 0.0]]"
ξ_box,[30.0 17.0 10.0 18.0; 24.0 14.0 1.0 9.0; 22.0 16.0 1.0 11.0; 15.0 23.0 0.0 18.0; 2.0 25.0 16.0 15.0; 2.0 23.0 14.0 13.0; 3.0 22.0 13.0 12.0; 14.0 19.0 16.0 16.0; 22.0 30.0 7.0 21.0; 23.0 14.0 23.0 5.0; 12.0 3.0 19.0 16.0; 8.0 0.0 19.0 10.0; 6.0 0.0 18.0 10.0; 11.0 0.0 22.0 15.0; 14.0 0.0 25.0 18.0]
