first,second
s_box,[0.0 10.0 17.0 6.0 15.0; 0.0 7.0 8.0 3.0 8.0; 0.0 0.0 0.0 3.0 0.0; 0.0 2.0 0.0 0.0 0.0; 0.0 6.0 25.0 0.0 0.0; 0.0 5.0 0.0 12.0 0.0; 0.0 2.0 0.0 2.0 0.0; 20.0 15.0 21.0 0.0 0.0; 4.0 1.0 15.0 0.0 0.0; 0.0 6.0 0.0 0.0 0.0; 6.0 0.0 0.0 0.0 18.0; 17.0 4.0 2.0 0.0 5.0; 14.0 5.0 0.0 15.0 14.0; 18.0 9.0 0.0 20.0 12.0; 10.0 17.0 0.0 28.0 17.0]
x_pb,"[-0.0, 3.0, 30.0, 51.0]"
s_bb,[-0.0 0.0 -0.0 -0.0 -0.0; 2.0 8.0 7.0 8.0 -0.0; 4.0 6.0 -0.0 -0.0 -0.0; -0.0 -0.0 -0.0 5.0 -0.0; 20.0 -0.0 -0.0 -0.0 -0.0; -0.0 13.0 -0.0 -0.0 -0.0; -0.0 5.0 2.0 -0.0 -0.0; -0.0 14.0 18.0 21.0 -0.0; -0.0 -0.0 9.0 6.0 -0.0; 20.0 -0.0 -0.0 13.0 -0.0; -0.0 -0.0 10.0 7.0 -0.0; -0.0 0.0 2.0 -0.0 -0.0; 19.0 14.0 1.0 16.0 -0.0; -0.0 18.0 1.0 -0.0 -0.0; 6.0 10.0 9.0 -0.0 -0.0]
partition_bb,"[[[0.0, 3.0, 5.0, 6.0, 21.0, 13.0, 5.0, 21.0, 12.0, 0.0, 0.0, 0.0, 0.0, 0.0, 0.0], [0.0, 0.0, 0.0, 0.0, 0.0, 0.0, 2.0, 18.0, 9.0, 0.0, 5.0, 13.0, 14.0, 18.0, 10.0], [17.0, 8.0, 6.0, 5.0, 18.0, 10.0, 0.0, 6.0, 15.0, 0.0, 0.0, 0.0, 0.0, 0.0, 0.0]], [[0.0, 0.0, 0.0, 0.0, 0.0, 0.0, 0.0, 0.0, 0.0, 2.0, 10.0, 18.0, 19.0, 23.0, 15.0], [0.0, 2.0, 4.0, 5.0, 20.0, 12.0, 2.0, 0.0, 3.0, 20.0, 12.0, 4.0, 3.0, 0.0, 0.0]], [[0.0, 7.0, 9.0, 10.0, 25.0, 17.0, 7.0, 0.0, 0.0, 0.0, 0.0, 0.0, 0.0, 1.0, 9.0], [0.0, 0.0, 2.0, 3.0, 18.0, 10.0, 2.0, 18.0, 9.0, 18.0, 10.0, 2.0, 1.0, 0.0, 0.0]], [[0.0, 2.0, 1.0, 0.0, 0.0, 0.0, 7.0, 21.0, 30.0, 13.0, 5.0, 0.0, 0.0, 0.0, 5.0], [17.0, 8.0, 6.0, 5.0, 0.0, 0.0, 0.0, 0.0, 0.0, 0.0, 7.0, 13.0, 16.0, 12.0, 4.0]], Vector{Float64}[]]"
y_box,[0.0 2.0 1.0 0.0 3.0 0.0 0.0 0.0 0.0 0.0 0.0 0.0 0.0 0.0 0.0; 0.0 0.0 0.0 0.0 11.0 6.0 7.0 2.0 0.0 0.0 0.0 0.0 0.0 0.0 0.0; 0.0 0.0 0.0 0.0 0.0 0.0 0.0 0.0 26.0 0.0 0.0 0.0 0.0 0.0 0.0; 0.0 0.0 0.0 0.0 0.0 0.0 0.0 0.0 0.0 18.0 8.0 0.0 0.0 0.0 0.0;;; 6.0 0.0 0.0 0.0 0.0 0.0 0.0 0.0 0.0 0.0 0.0 0.0 0.0 0.0 0.0; 0.0 0.0 5.0 0.0 14.0 7.0 0.0 0.0 0.0 0.0 0.0 0.0 0.0 0.0 0.0; 0.0 0.0 0.0 4.0 0.0 0.0 0.0 0.0 22.0 0.0 0.0 0.0 0.0 0.0 0.0; 0.0 0.0 0.0 0.0 0.0 0.0 0.0 0.0 0.0 14.0 12.0 0.0 0.0 0.0 0.0;;; 0.0 0.0 6.0 0.0 0.0 0.0 0.0 0.0 0.0 0.0 0.0 0.0 0.0 0.0 0.0; 0.0 0.0 0.0 16.0 0.0 10.0 0.0 0.0 0.0 0.0 0.0 0.0 0.0 0.0 0.0; 0.0 0.0 0.0 0.0 0.0 0.0 0.0 0.0 2.0 18.0 5.0 0.0 1.0 0.0 0.0; 0.0 0.0 7.0 0.0 0.0 7.0 7.0 0.0 0.0 0.0 5.0 0.0 0.0 0.0 0.0;;; 6.0 0.0 0.0 0.0 0.0 0.0 0.0 0.0 0.0 0.0 0.0 0.0 0.0 0.0 0.0; 0.0 0.0 1.0 5.0 20.0 0.0 0.0 0.0 0.0 0.0 0.0 0.0 0.0 0.0 0.0; 0.0 0.0 0.0 0.0 0.0 0.0 0.0 12.0 14.0 0.0 0.0 0.0 0.0 0.0 0.0; 0.0 0.0 0.0 0.0 0.0 0.0 0.0 0.0 0.0 0.0 8.0 16.0 2.0 0.0 0.0;;; 2.0 0.0 4.0 0.0 0.0 0.0 0.0 0.0 0.0 0.0 0.0 0.0 0.0 0.0 0.0; 0.0 0.0 9.0 16.0 1.0 0.0 0.0 0.0 0.0 0.0 0.0 0.0 0.0 0.0 0.0; 0.0 0.0 0.0 0.0 0.0 0.0 0.0 12.0 7.0 7.0 0.0 0.0 0.0 0.0 0.0; 0.0 0.0 0.0 0.0 0.0 0.0 0.0 0.0 0.0 9.0 5.0 12.0 0.0 0.0 0.0]
evol_bb,Vector{Float64}[]
y_bb,[-0.0 -0.0 -0.0 -0.0 -0.0 12.0 -0.0 -0.0 -0.0 -0.0 -0.0 -0.0 -0.0 5.0 -0.0; -0.0 -0.0 -0.0 0.0 -0.0 -0.0 -0.0 -0.0 -0.0 -0.0 -0.0 18.0 -0.0 9.0 -0.0; -0.0 -0.0 -0.0 -0.0 -0.0 -0.0 2.0 -0.0 -0.0 -0.0 11.0 -0.0 -0.0 9.0 -0.0; -0.0 -0.0 -0.0 5.0 -0.0 -0.0 -0.0 -0.0 3.0 -0.0 1.0 0.0 -0.0 -0.0 9.0;;; 17.0 0.0 -0.0 -0.0 -0.0 -0.0 -0.0 -0.0 -0.0 -0.0 -0.0 -0.0 -0.0 -0.0 -0.0; -0.0 -0.0 0.0 6.0 21.0 0.0 -0.0 -0.0 -0.0 -0.0 -0.0 -0.0 -0.0 -0.0 -0.0; -0.0 -0.0 -0.0 -0.0 -0.0 -0.0 -0.0 7.0 15.0 -0.0 -0.0 -0.0 -0.0 -0.0 -0.0; -0.0 -0.0 -0.0 -0.0 -0.0 -0.0 -0.0 -0.0 -0.0 -0.0 5.0 13.0 0.0 0.0 0.0;;; -0.0 -0.0 -0.0 -0.0 -0.0 17.0 -0.0 -0.0 -0.0 -0.0 -0.0 -0.0 -0.0 0.0 -0.0; -0.0 0.0 9.0 10.0 -0.0 -0.0 5.0 -0.0 0.0 3.0 0.0 -0.0 0.0 -0.0 0.0; -0.0 -0.0 0.0 -0.0 22.0 -0.0 -0.0 -0.0 -0.0 -0.0 -0.0 -0.0 -0.0 -0.0 -0.0; -0.0 -0.0 -0.0 0.0 3.0 0.0 -0.0 -0.0 -0.0 15.0 -0.0 -0.0 -0.0 -0.0 -0.0;;; -0.0 -0.0 -0.0 -0.0 -0.0 -0.0 -0.0 -0.0 5.0 -0.0 -0.0 -0.0 -0.0 12.0 -0.0; 1.0 0.0 -0.0 0.0 -0.0 -0.0 7.0 -0.0 6.0 -0.0 -0.0 13.0 -0.0 -0.0 -0.0; 16.0 -0.0 6.0 -0.0 -0.0 -0.0 -0.0 -0.0 -0.0 -0.0 -0.0 0.0 -0.0 -0.0 0.0; -0.0 -0.0 -0.0 -0.0 -0.0 -0.0 0.0 -0.0 13.0 -0.0 -0.0 -0.0 -0.0 -0.0 5.0;;; -0.0 -0.0 -0.0 -0.0 -0.0 -0.0 -0.0 -0.0 -0.0 -0.0 -0.0 -0.0 -0.0 -0.0 -0.0; -0.0 -0.0 -0.0 -0.0 -0.0 -0.0 -0.0 -0.0 -0.0 -0.0 -0.0 -0.0 -0.0 -0.0 -0.0; -0.0 -0.0 -0.0 -0.0 -0.0 -0.0 -0.0 -0.0 -0.0 -0.0 -0.0 -0.0 -0.0 -0.0 -0.0; -0.0 -0.0 -0.0 -0.0 -0.0 -0.0 -0.0 -0.0 -0.0 -0.0 -0.0 -0.0 -0.0 -0.0 -0.0]
evol_box,"[[0.4, 0.0], [1.888, 1282.2616723887622], [2.029, 2495.85333864507], [2.095, 238161.81436972658], [2.345, 239030.4289072908], [2.795, 355335.0347777698], [3.905, 3.8975624648166243e6], [5.986, 3.8975624648166243e6], [10.329, 5.078038249039967e6], [12.161, 5.314042520734108e6], [14.403, 5.314042520734108e6], [18.181, 5.550620565011338e6], [21.935, 6.140576866718782e6], [26.705, 6.1407508174214e6], [31.509, 7.085078612142907e6], [42.661, 7.439291328091919e6], [52.309, 7.557370249595767e6], [67.781, 7.557370249595767e6], [79.927, 7.675426212594561e6], [97.402, 7.793711013160091e6], [135.767, 7.911556029065109e6], [155.432, 7.911712253659446e6], [199.89, 8.383792639901851e6], [243.945, 8.501896218631288e6], [284.766, 8.738019613166848e6], [338.313, 8.73805175740027e6], [451.091, 8.8562448413903e6], [542.162, 9.092331363585131e6], [662.688, 9.328406546362372e6], [817.317, 9.328475880935347e6], [933.269, 9.564497521158151e6], [1116.966, 9.80057614318281e6], [1314.23, 9.80067486761343e6], [1834.238, 9.919042582234364e6], [2325.978, 1.0154848448616393e7], [3057.651, 1.0154924765066415e7], [3600.073, 1.0509312078844134e7]]"
y_pb,[[0.0 -0.0 -0.0 -0.0 -0.0 -0.0 -0.0 -0.0 -0.0 -0.0 -0.0 -0.0 -0.0 -0.0 -0.0; -0.0 -0.0 -0.0 -0.0 3.0 -0.0 -0.0 -0.0 -0.0 -0.0 -0.0 -0.0 -0.0 -0.0 -0.0; -0.0 -0.0 -0.0 -0.0 -0.0 -0.0 -0.0 -0.0 30.0 -0.0 -0.0 -0.0 -0.0 -0.0 -0.0; -0.0 -0.0 -0.0 -0.0 -0.0 -0.0 -0.0 -0.0 -0.0 27.0 24.0 -0.0 -0.0 -0.0 -0.0;;;]]
x_bb,"[17.0, 27.0, 22.0, 18.0]"
x_box,"[6.0, 26.0, 26.0, 26.0]"
evol_zeta,"[[1.566, 30.0], [1.97, 25.0], [2.062, 22.6], [2.134, 20.75], [2.386, 19.727272727272727], [2.834, 19.2], [4.01, 18.0], [6.038, 17.375], [10.429, 17.181818181818183], [12.186, 17.0], [14.495, 16.499999999999982], [18.253, 16.625], [22.02, 16.5], [26.743, 15.600000000000001], [31.589, 15.799999999999999], [42.694, 16.444444444444443], [52.379, 14.999999999999979], [67.851, 14.2], [80.02, 13.555555555555554], [97.458, 13.99999999999996], [135.868, 12.833333333333332], [155.55, 12.700000000000001], [199.99, 13.833333966370649], [244.059, 12.5], [284.865, 13.833333333333332], [338.365, 13.125000000000016], [451.24, 11.0], [542.206, 11.25], [662.771, 11.199999999999998], [817.419, 11.444444444444443], [933.347, 11.999999999999998], [1117.046, 11.0], [1314.31, 11.142857142857142], [1834.348, 11.363636363636363], [2326.053, 11.299999999999999], [3057.731, 11.0], [3600.09, 0.0]]"
ξ_box,[-0.0 16.0 17.0 12.0 17.0; 2.0 7.0 8.0 3.0 8.0; 1.0 5.0 13.0 4.0 13.0; -0.0 5.0 16.0 5.0 16.0; 14.0 20.0 25.0 20.0 1.0; 6.0 12.0 17.0 12.0 -0.0; 7.0 2.0 7.0 2.0 -0.0; 22.0 15.0 21.0 12.0 12.0; 30.0 23.0 17.0 14.0 7.0; 18.0 20.0 18.0 -0.0 16.0; 14.0 12.0 10.0 8.0 23.0; 17.0 4.0 2.0 16.0 17.0; 14.0 5.0 1.0 17.0 14.0; 18.0 9.0 -0.0 20.0 12.0; 10.0 17.0 -0.0 28.0 17.0]
