first,second
s_box,[7.0 0.0 0.0; 0.0 0.0 0.0; 0.0 0.0 0.0; 0.0 2.0 0.0; 9.0 16.0 2.0; 13.0 2.0 0.0; 18.0 18.0 12.0; 0.0 16.0 16.0; 0.0 9.0 9.0; 0.0 6.0 0.0; 5.0 5.0 0.0; 25.0 11.0 18.0; 22.0 7.0 18.0; 17.0 14.0 20.0; 0.0 11.0 22.0]
x_pb,"[56.0, 11.0, -0.0, -0.0]"
s_bb,[-0.0 8.0 -0.0; -0.0 -0.0 -0.0; -0.0 -0.0 -0.0; 0.0 -0.0 -0.0; 18.0 3.0 -0.0; 2.0 8.0 -0.0; 18.0 -0.0 -0.0; 16.0 -0.0 -0.0; 9.0 -0.0 -0.0; 6.0 6.0 -0.0; 5.0 -0.0 -0.0; 25.0 9.0 -0.0; 23.0 -0.0 -0.0; 24.0 21.0 -0.0; 26.0 1.0 -0.0]
partition_bb,"[[[0.0, 0.0, 0.0, 0.0, 0.0, 0.0, 0.0, 0.0, 0.0, 0.0, 0.0, 12.0, 15.0, 17.0, 26.0], [0.0, 0.0, 5.0, 23.0, 18.0, 13.0, 8.0, 0.0, 0.0, 0.0, 0.0, 0.0, 0.0, 0.0, 0.0], [5.0, 3.0, 0.0, 1.0, 6.0, 11.0, 16.0, 16.0, 9.0, 0.0, 0.0, 0.0, 0.0, 0.0, 0.0], [0.0, 0.0, 0.0, 0.0, 0.0, 0.0, 0.0, 0.0, 0.0, 0.0, 0.0, 25.0, 20.0, 13.0, 11.0], [8.0, 10.0, 15.0, 0.0, 3.0, 8.0, 12.0, 0.0, 0.0, 0.0, 1.0, 0.0, 2.0, 9.0, 0.0], [0.0, 0.0, 0.0, 0.0, 0.0, 0.0, 0.0, 0.0, 0.0, 0.0, 0.0, 12.0, 17.0, 24.0, 15.0], [0.0, 0.0, 0.0, 15.0, 10.0, 5.0, 0.0, 12.0, 9.0, 6.0, 5.0, 5.0, 0.0, 0.0, 0.0], [0.0, 0.0, 0.0, 0.0, 0.0, 0.0, 0.0, 0.0, 0.0, 0.0, 0.0, 18.0, 23.0, 16.0, 12.0], [2.0, 0.0, 0.0, 3.0, 8.0, 13.0, 18.0, 6.0, 2.0, 6.0, 5.0, 4.0, 0.0, 0.0, 0.0]], [[0.0, 0.0, 0.0, 0.0, 0.0, 0.0, 0.0, 0.0, 0.0, 6.0, 5.0, 9.0, 14.0, 21.0, 12.0], [8.0, 10.0, 15.0, 0.0, 3.0, 8.0, 12.0, 0.0, 0.0, 6.0, 5.0, 0.0, 0.0, 0.0, 0.0]], Vector{Float64}[]]"
y_box,[3.0 5.0 8.0 3.0 0.0 0.0 0.0 0.0 9.0 6.0 0.0 0.0 0.0 0.0 26.0; 0.0 0.0 0.0 0.0 0.0 0.0 0.0 6.0 0.0 0.0 0.0 0.0 1.0 0.0 0.0; 0.0 0.0 0.0 0.0 0.0 0.0 0.0 0.0 0.0 0.0 0.0 0.0 0.0 0.0 0.0; 0.0 0.0 0.0 0.0 0.0 0.0 0.0 0.0 0.0 0.0 0.0 0.0 0.0 0.0 0.0;;; 8.0 10.0 15.0 21.0 2.0 4.0 0.0 0.0 0.0 0.0 0.0 0.0 0.0 0.0 0.0; 0.0 0.0 0.0 0.0 0.0 7.0 0.0 0.0 0.0 0.0 0.0 0.0 0.0 0.0 0.0; 0.0 0.0 0.0 0.0 0.0 0.0 0.0 0.0 0.0 0.0 0.0 0.0 0.0 0.0 0.0; 0.0 0.0 0.0 0.0 0.0 0.0 0.0 0.0 0.0 0.0 0.0 0.0 0.0 0.0 0.0;;; 8.0 10.0 15.0 17.0 10.0 0.0 0.0 0.0 0.0 0.0 0.0 0.0 0.0 0.0 0.0; 0.0 0.0 0.0 0.0 0.0 7.0 0.0 0.0 0.0 0.0 0.0 0.0 0.0 0.0 0.0; 0.0 0.0 0.0 0.0 0.0 0.0 0.0 0.0 0.0 0.0 0.0 0.0 0.0 0.0 0.0; 0.0 0.0 0.0 0.0 0.0 0.0 0.0 0.0 0.0 0.0 0.0 0.0 0.0 0.0 0.0]
evol_bb,"[[32.09, 1.8856032006306004e7], [738.896, 1.8856032006306e7]]"
y_bb,[8.0 10.0 15.0 23.0 0.0 -0.0 -0.0 -0.0 -0.0 -0.0 -0.0 -0.0 -0.0 -0.0 -0.0; -0.0 -0.0 -0.0 -0.0 -0.0 11.0 0.0 0.0 -0.0 -0.0 -0.0 -0.0 -0.0 -0.0 -0.0; -0.0 -0.0 -0.0 -0.0 -0.0 -0.0 -0.0 -0.0 0.0 -0.0 -0.0 0.0 0.0 -0.0 -0.0; -0.0 -0.0 -0.0 -0.0 -0.0 -0.0 -0.0 -0.0 -0.0 -0.0 -0.0 -0.0 0.0 0.0 0.0;;; 0.0 10.0 15.0 -0.0 0.0 0.0 6.0 -0.0 -0.0 -0.0 -0.0 0.0 14.0 0.0 11.0; -0.0 0.0 -0.0 -0.0 -0.0 -0.0 6.0 -0.0 -0.0 -0.0 5.0 -0.0 0.0 -0.0 -0.0; -0.0 -0.0 0.0 -0.0 -0.0 -0.0 0.0 -0.0 -0.0 -0.0 -0.0 -0.0 -0.0 -0.0 -0.0; -0.0 -0.0 0.0 -0.0 -0.0 -0.0 -0.0 -0.0 -0.0 0.0 -0.0 -0.0 -0.0 -0.0 -0.0;;; -0.0 -0.0 -0.0 -0.0 -0.0 -0.0 -0.0 -0.0 -0.0 -0.0 -0.0 -0.0 -0.0 -0.0 -0.0; -0.0 -0.0 -0.0 -0.0 -0.0 -0.0 -0.0 -0.0 -0.0 -0.0 -0.0 -0.0 -0.0 -0.0 -0.0; -0.0 -0.0 -0.0 -0.0 -0.0 -0.0 -0.0 -0.0 -0.0 -0.0 -0.0 -0.0 -0.0 -0.0 -0.0; -0.0 -0.0 -0.0 -0.0 -0.0 -0.0 -0.0 -0.0 -0.0 -0.0 -0.0 -0.0 -0.0 -0.0 -0.0]
evol_box,"[[0.377, 0.0], [1.841, 331754.5054505437], [1.923, 331754.5054505437], [1.976, 550188.8548837639], [2.046, 3.290048361711369e6], [2.146, 4.167195004989842e6], [2.253, 4.1671950049896315e6], [2.368, 4.496632504350953e6], [2.503, 4.496632504350953e6], [2.673, 6.030744937352618e6], [2.866, 6.79795485989515e6], [3.198, 7.236338867036695e6], [3.509, 7.455687328304608e6], [3.857, 7.784273766298398e6], [4.276, 7.89389584436664e6], [4.884, 7.89389584436664e6], [6.107, 7.8943252872612635e6], [9.003, 8.113556411413972e6], [10.139, 8.332663952850554e6], [10.93, 8.880531732006751e6], [12.249, 8.88077434319177e6], [13.952, 8.880823911967603e6], [14.937, 9.099805747520152e6], [17.543, 9.319186398837399e6], [19.759, 9.428650059649646e6], [22.375, 9.428650059649648e6], [25.497, 9.538601487564761e6], [27.834, 9.867138371922622e6], [31.13, 9.867467721769491e6], [33.521, 9.976832372594006e6], [37.27, 9.976879241124745e6], [41.432, 1.0195913346180554e7], [45.136, 1.0305535424248796e7], [49.695, 1.0305694491598597e7], [55.661, 1.030586135807893e7], [61.395, 1.0305861358078932e7], [67.839, 1.0524796470280236e7], [73.027, 1.0524909317325419e7], [78.698, 1.0744090922156665e7], [84.72, 1.0744349670351904e7], [92.513, 1.0853711136369629e7], [100.859, 1.085373707453681e7], [107.161, 1.0853758744320622e7], [116.969, 1.0963333214437872e7], [133.943, 1.1072926198761852e7], [144.259, 1.1072926198761852e7], [163.766, 1.1292247056593595e7], [178.109, 1.129225819283292e7], [195.733, 1.129233688712766e7], [211.45, 1.1292460060693119e7], [230.704, 1.1292509629468951e7], [250.236, 1.129252266145273e7], [268.576, 1.140175620493123e7], [293.44, 1.1401793795550028e7], [319.653, 1.1402144739520974e7], [363.143, 1.151143065018808e7], [396.868, 1.1511753785605438e7], [440.536, 1.1511766817589216e7], [480.356, 1.162103658910307e7], [559.519, 1.1840219009938441e7], [605.555, 1.184029894643488e7], [648.486, 1.1840328462479524e7], [719.014, 1.2169127641303884e7], [788.675, 1.2278787258707851e7], [879.188, 1.2388489043471795e7], [995.746, 1.2498001993989976e7], [1096.829, 1.2498015006888265e7], [1222.419, 1.2607615953576857e7], [1444.347, 1.260765349291258e7], [1685.833, 1.2607765561331578e7], [1864.436, 1.2717195634484384e7], [2040.883, 1.2717195634484386e7], [2268.692, 1.271723431076519e7], [2543.812, 1.2717327851125523e7], [2739.348, 1.2717351822687319e7], [2898.125, 1.282681771255263e7], [3301.41, 1.2826817712552628e7], [3512.211, 1.2826855724006549e7], [3600.02, 1.2826861839167157e7]]"
y_pb,[[8.0 10.0 15.0 23.0 -0.0 -0.0 -0.0 -0.0 -0.0 -0.0 -0.0 -0.0 -0.0 -0.0 -0.0; -0.0 -0.0 -0.0 -0.0 -0.0 11.0 -0.0 -0.0 -0.0 -0.0 -0.0 -0.0 -0.0 -0.0 -0.0; -0.0 -0.0 -0.0 -0.0 -0.0 -0.0 -0.0 -0.0 -0.0 -0.0 -0.0 0.0 -0.0 -0.0 -0.0; -0.0 -0.0 -0.0 -0.0 -0.0 -0.0 -0.0 -0.0 -0.0 -0.0 -0.0 0.0 -0.0 -0.0 -0.0;;;]]
x_bb,"[56.0, 11.0, -0.0, -0.0]"
x_box,"[60.0, 7.0, 0.0, 0.0]"
evol_zeta,"[[1.913, 23.0], [1.935, 16.375000001737504], [1.989, 16.0], [2.06, 16.0], [2.158, 16.0], [2.272, 13.999999999999996], [2.381, 14.42857142857143], [2.528, 13.625], [2.691, 12.666666666666668], [2.879, 13.25], [3.214, 11.250000000000002], [3.52, 11.666666666666666], [3.867, 12.111111111111114], [4.295, 11.714285714285715], [4.9, 10.714285714285712], [6.118, 12.555555555555555], [9.019, 12.333333333333334], [10.147, 11.11111111111111], [10.943, 11.0], [12.261, 11.0], [13.963, 10.142857142857135], [14.953, 9.444444444444445], [17.552, 11.142857142857146], [19.779, 9.8], [22.392, 9.272727272727273], [25.507, 9.571428571428571], [27.857, 8.77777777777779], [31.143, 9.142857142857144], [33.534, 12.444444444444445], [37.292, 8.0], [41.444, 9.5], [45.153, 10.0], [49.708, 11.666666666666666], [55.681, 8.5], [61.412, 8.500001499811502], [67.85, 10.777777777777779], [73.044, 7.500000000000002], [78.714, 8.333333333333336], [84.734, 7.833333333333329], [92.527, 7.875], [100.883, 7.555555555555552], [107.178, 8.222222222222221], [116.985, 7.999999999999995], [133.96, 7.666666666666666], [144.28, 6.666666666666662], [163.785, 7.111111111111111], [178.126, 8.09090909090909], [195.747, 8.777777777777779], [211.468, 7.428574852089778], [230.733, 7.666666666666667], [250.262, 6.799999999999994], [268.593, 7.555555555555555], [293.456, 8.0], [319.67, 7.444444444444445], [363.167, 6.6], [396.884, 7.777778388450623], [440.552, 7.142857142857146], [480.374, 6.5], [559.532, 7.888888888888889], [605.569, 7.800000000000001], [648.517, 6.0], [719.035, 6.0], [788.692, 6.0], [879.199, 7.600000000000001], [995.764, 7.888888888888889], [1096.846, 6.0], [1222.436, 7.75], [1444.364, 7.2727272727272725], [1685.854, 7.199999999999967], [1864.455, 6.000000000000029], [2040.901, 7.272727272727272], [2268.706, 6.7142857142856975], [2543.835, 6.5], [2739.365, 6.888888888888889], [2898.138, 6.111111111111114], [3301.432, 5.833333333333336], [3512.222, 6.0], [3600.034, 0.0]]"
ξ_box,[7.0 8.0 8.0; 5.0 10.0 10.0; 8.0 15.0 15.0; 3.0 23.0 17.0; 8.0 18.0 12.0; 13.0 13.0 7.0; 18.0 18.0 12.0; 6.0 16.0 16.0; 8.0 9.0 9.0; 6.0 6.0 0.0; 5.0 5.0 -0.0; 25.0 11.0 18.0; 23.0 7.0 18.0; 17.0 14.0 20.0; 26.0 11.0 22.0]
