first,second
s_box,[3.0 0.0 0.0 0.0 0.0; 0.0 0.0 0.0 0.0 18.0; 3.0 0.0 7.0 0.0 19.0; 0.0 6.0 0.0 16.0 0.0; 0.0 10.0 12.0 2.0 0.0; 0.0 18.0 20.0 0.0 0.0; 0.0 13.0 0.0 0.0 0.0; 0.0 0.0 17.0 0.0 20.0; 0.0 0.0 0.0 0.0 0.0; 0.0 3.0 0.0 0.0 2.0; 0.0 3.0 0.0 0.0 0.0; 14.0 4.0 0.0 14.0 14.0; 15.0 0.0 4.0 16.0 7.0; 18.0 22.0 2.0 19.0 0.0; 28.0 0.0 18.0 15.0 0.0]
x_pb,"[51.0, -0.0, 25.0, -0.0]"
s_bb,[1.0 -0.0 -0.0 -0.0 -0.0; 0.0 -0.0 -0.0 -0.0 -0.0; 22.0 -0.0 -0.0 -0.0 -0.0; 16.0 -0.0 -0.0 -0.0 -0.0; 12.0 -0.0 -0.0 -0.0 -0.0; 20.0 -0.0 -0.0 -0.0 -0.0; 27.0 -0.0 -0.0 -0.0 -0.0; 0.0 -0.0 -0.0 -0.0 -0.0; 9.0 -0.0 -0.0 -0.0 -0.0; 8.0 -0.0 -0.0 -0.0 -0.0; 5.0 -0.0 -0.0 -0.0 -0.0; 14.0 -0.0 -0.0 -0.0 -0.0; 21.0 -0.0 -0.0 -0.0 -0.0; 24.0 -0.0 -0.0 -0.0 -0.0; 28.0 -0.0 -0.0 -0.0 -0.0]
partition_bb,"[[[0.0, 0.0, 0.0, 0.0, 0.0, 0.0, 0.0, 0.0, 0.0, 8.0, 5.0, 11.0, 12.0, 12.0, 28.0], [0.0, 0.0, 1.0, 8.0, 12.0, 20.0, 27.0, 11.0, 0.0, 0.0, 0.0, 0.0, 0.0, 0.0, 0.0], [26.0, 26.0, 19.0, 4.0, 1.0, 0.0, 0.0, 0.0, 0.0, 0.0, 0.0, 0.0, 0.0, 0.0, 0.0], [0.0, 0.0, 0.0, 0.0, 3.0, 7.0, 14.0, 25.0, 5.0, 5.0, 5.0, 0.0, 5.0, 8.0, 0.0], [0.0, 0.0, 0.0, 0.0, 2.0, 0.0, 0.0, 0.0, 0.0, 2.0, 5.0, 14.0, 21.0, 24.0, 8.0], [8.0, 8.0, 1.0, 16.0, 12.0, 4.0, 0.0, 8.0, 0.0, 0.0, 3.0, 12.0, 5.0, 2.0, 0.0], [13.0, 13.0, 6.0, 8.0, 12.0, 4.0, 0.0, 0.0, 9.0, 2.0, 5.0, 0.0, 0.0, 0.0, 4.0], [15.0, 15.0, 22.0, 7.0, 4.0, 3.0, 0.0, 0.0, 0.0, 2.0, 5.0, 0.0, 3.0, 0.0, 0.0]], Vector{Float64}[], Vector{Float64}[], Vector{Float64}[], Vector{Float64}[]]"
y_box,[11.0 14.0 0.0 0.0 0.0 0.0 0.0 0.0 0.0 0.0 0.0 0.0 0.0 0.0 0.0; 0.0 0.0 11.0 5.0 0.0 0.0 0.0 0.0 0.0 0.0 0.0 0.0 0.0 0.0 0.0; 0.0 0.0 0.0 0.0 2.0 1.0 0.0 13.0 0.0 7.0 5.0 0.0 0.0 0.0 0.0; 0.0 0.0 6.0 0.0 0.0 0.0 0.0 0.0 0.0 1.0 0.0 0.0 0.0 0.0 0.0;;; 0.0 0.0 0.0 0.0 0.0 0.0 0.0 0.0 0.0 0.0 0.0 8.0 17.0 0.0 0.0; 0.0 0.0 0.0 0.0 0.0 0.0 0.0 16.0 0.0 0.0 0.0 0.0 0.0 0.0 0.0; 0.0 0.0 0.0 0.0 0.0 0.0 0.0 7.0 3.0 0.0 0.0 0.0 2.0 0.0 16.0; 0.0 0.0 0.0 0.0 0.0 0.0 0.0 0.0 0.0 0.0 0.0 0.0 0.0 0.0 7.0;;; 0.0 0.0 0.0 0.0 0.0 0.0 25.0 0.0 0.0 0.0 0.0 0.0 0.0 0.0 0.0; 0.0 0.0 0.0 16.0 0.0 0.0 0.0 0.0 0.0 0.0 0.0 0.0 0.0 0.0 0.0; 11.0 11.0 4.0 0.0 0.0 0.0 2.0 0.0 0.0 0.0 0.0 0.0 0.0 0.0 0.0; 0.0 0.0 7.0 0.0 0.0 0.0 0.0 0.0 0.0 0.0 0.0 0.0 0.0 0.0 0.0;;; 6.0 6.0 13.0 0.0 0.0 0.0 0.0 0.0 0.0 0.0 0.0 0.0 0.0 0.0 0.0; 0.0 0.0 0.0 0.0 10.0 6.0 0.0 0.0 0.0 0.0 0.0 0.0 0.0 0.0 0.0; 0.0 0.0 0.0 0.0 0.0 0.0 13.0 15.0 0.0 0.0 0.0 0.0 0.0 0.0 0.0; 0.0 0.0 0.0 0.0 0.0 0.0 0.0 0.0 0.0 2.0 5.0 0.0 0.0 0.0 0.0;;; 0.0 4.0 0.0 0.0 1.0 6.0 0.0 0.0 0.0 0.0 0.0 0.0 0.0 4.0 10.0; 2.0 4.0 0.0 0.0 0.0 0.0 10.0 0.0 0.0 0.0 0.0 0.0 0.0 0.0 0.0; 24.0 0.0 0.0 4.0 0.0 0.0 0.0 0.0 0.0 0.0 0.0 0.0 0.0 0.0 0.0; 0.0 0.0 0.0 0.0 0.0 0.0 2.0 0.0 0.0 0.0 5.0 0.0 0.0 0.0 0.0]
evol_bb,"[[39.597, 2.263432073863759e7]]"
y_bb,[25.0 26.0 0.0 -0.0 -0.0 -0.0 -0.0 -0.0 -0.0 -0.0 -0.0 -0.0 -0.0 -0.0 -0.0; -0.0 -0.0 -0.0 0.0 0.0 0.0 -0.0 -0.0 -0.0 -0.0 -0.0 -0.0 -0.0 -0.0 -0.0; -0.0 -0.0 -0.0 -0.0 -0.0 -0.0 0.0 25.0 -0.0 -0.0 -0.0 -0.0 -0.0 -0.0 -0.0; -0.0 -0.0 -0.0 -0.0 -0.0 -0.0 -0.0 -0.0 0.0 0.0 0.0 0.0 0.0 0.0 0.0;;; -0.0 -0.0 -0.0 -0.0 -0.0 -0.0 -0.0 -0.0 -0.0 -0.0 -0.0 -0.0 -0.0 -0.0 -0.0; -0.0 -0.0 -0.0 -0.0 -0.0 -0.0 -0.0 -0.0 -0.0 -0.0 -0.0 -0.0 -0.0 -0.0 -0.0; -0.0 -0.0 -0.0 -0.0 -0.0 -0.0 -0.0 -0.0 -0.0 -0.0 -0.0 -0.0 -0.0 -0.0 -0.0; -0.0 -0.0 -0.0 -0.0 -0.0 -0.0 -0.0 -0.0 -0.0 -0.0 -0.0 -0.0 -0.0 -0.0 -0.0;;; -0.0 -0.0 -0.0 -0.0 -0.0 -0.0 -0.0 -0.0 -0.0 -0.0 -0.0 -0.0 -0.0 -0.0 -0.0; -0.0 -0.0 -0.0 -0.0 -0.0 -0.0 -0.0 -0.0 -0.0 -0.0 -0.0 -0.0 -0.0 -0.0 -0.0; -0.0 -0.0 -0.0 -0.0 -0.0 -0.0 -0.0 -0.0 -0.0 -0.0 -0.0 -0.0 -0.0 -0.0 -0.0; -0.0 -0.0 -0.0 -0.0 -0.0 -0.0 -0.0 -0.0 -0.0 -0.0 -0.0 -0.0 -0.0 -0.0 -0.0;;; -0.0 -0.0 -0.0 -0.0 -0.0 -0.0 -0.0 -0.0 -0.0 -0.0 -0.0 -0.0 -0.0 -0.0 -0.0; -0.0 -0.0 -0.0 -0.0 -0.0 -0.0 -0.0 -0.0 -0.0 -0.0 -0.0 -0.0 -0.0 -0.0 -0.0; -0.0 -0.0 -0.0 -0.0 -0.0 -0.0 -0.0 -0.0 -0.0 -0.0 -0.0 -0.0 -0.0 -0.0 -0.0; -0.0 -0.0 -0.0 -0.0 -0.0 -0.0 -0.0 -0.0 -0.0 -0.0 -0.0 -0.0 -0.0 -0.0 -0.0;;; -0.0 -0.0 -0.0 -0.0 -0.0 -0.0 -0.0 -0.0 -0.0 -0.0 -0.0 -0.0 -0.0 -0.0 -0.0; -0.0 -0.0 -0.0 -0.0 -0.0 -0.0 -0.0 -0.0 -0.0 -0.0 -0.0 -0.0 -0.0 -0.0 -0.0; -0.0 -0.0 -0.0 -0.0 -0.0 -0.0 -0.0 -0.0 -0.0 -0.0 -0.0 -0.0 -0.0 -0.0 -0.0; -0.0 -0.0 -0.0 -0.0 -0.0 -0.0 -0.0 -0.0 -0.0 -0.0 -0.0 -0.0 -0.0 -0.0 -0.0]
evol_box,"[[0.447, 0.0], [1.927, 2446.09066751739], [2.039, 329132.07565053354], [2.103, 329132.0756505319], [2.293, 766962.9249406345], [2.605, 766962.9249406345], [3.683, 2.6244695433250167e6], [5.563, 2.734688975829782e6], [7.941, 2.734779518811356e6], [9.298, 3.9376006778891836e6], [10.545, 4.701995957116188e6], [13.072, 5.140622301062333e6], [14.78, 5.467537845058729e6], [17.765, 5.576749581930675e6], [20.392, 6.01445726629634e6], [26.136, 6.01445726629634e6], [29.204, 6.01445726629634e6], [33.835, 6.342452802107514e6], [42.422, 6.670987336865948e6], [50.426, 6.670987336865948e6], [62.667, 6.780724943607986e6], [75.733, 7.107857270346368e6], [87.894, 7.108460771948838e6], [106.931, 7.326526740909034e6], [146.063, 7.436057523672236e6], [173.359, 7.654952502412587e6], [224.31, 7.764152875020713e6], [288.976, 8.091960235469617e6], [388.774, 8.20183620085296e6], [474.092, 8.310841201479913e6], [592.354, 8.310888823495438e6], [741.791, 8.419674802847756e6], [896.384, 8.419674802847754e6], [1210.394, 8.639786072895773e6], [1588.042, 8.748155127966147e6], [2594.596, 8.74845648526951e6], [3021.207, 8.748426921080906e6], [3511.035, 8.85718221254455e6], [3600.026, 8.966893901121687e6]]"
y_pb,[[24.999999999999996 26.000000000000004 -0.0 -0.0 -0.0 -0.0 -0.0 -0.0 -0.0 -0.0 -0.0 -0.0 -0.0 -0.0 -0.0; -0.0 -0.0 -0.0 -0.0 -0.0 0.0 -0.0 -0.0 -0.0 -0.0 -0.0 -0.0 -0.0 -0.0 -0.0; -0.0 -0.0 -0.0 -0.0 -0.0 -0.0 -0.0 24.999999999999996 -0.0 -0.0 -0.0 -0.0 -0.0 -0.0 -0.0; -0.0 -0.0 -0.0 -0.0 -0.0 -0.0 -0.0 -0.0 0.0 -0.0 -0.0 -0.0 -0.0 -0.0 -0.0;;;]]
x_bb,"[51.0, 0.0, 25.0, 0.0]"
x_box,"[25.0, 16.0, 28.0, 7.0]"
evol_zeta,"[[1.603, 28.0], [2.003, 26.5], [2.052, 26.0], [2.122, 22.363636363636363], [2.321, 19.8], [2.621, 19.299999999999997], [3.721, 18.0], [5.583, 16.555555555555554], [7.969, 15.714285714285715], [9.329, 15.0], [10.583, 14.250000000000028], [13.117, 14.833333333333348], [14.803, 14.833335915877598], [17.792, 15.0], [20.433, 13.714285714285715], [26.163, 14.57142857142857], [29.231, 13.0], [33.885, 13.000000000000002], [42.461, 13.0], [50.469, 13.0], [62.709, 12.142857142857105], [75.769, 11.999999999999993], [87.965, 12.636363636363697], [107.013, 11.545454545454545], [146.11, 12.5], [173.394, 12.0], [224.368, 11.666666667933335], [289.044, 11.0], [388.847, 11.09090909090909], [474.119, 12.272727272727273], [592.396, 11.250000000000014], [741.816, 10.999999999999996], [896.419, 10.333333333333332], [1210.444, 11.166666666666682], [1588.11, 11.857142857142858], [2594.631, 11.000000000000004], [3021.237, 10.333333333333332], [3511.069, 10.857145963399566], [3600.043, 0.0]]"
ξ_box,[14.0 -0.0 11.0 6.0 26.0; 14.0 -0.0 11.0 6.0 26.0; 20.0 -0.0 18.0 13.0 19.0; 5.0 6.0 16.0 16.0 4.0; 2.0 10.0 12.0 12.0 1.0; 1.0 18.0 20.0 6.0 6.0; -0.0 13.0 27.0 13.0 12.0; 13.0 23.0 17.0 15.0 20.0; -0.0 3.0 -0.0 -0.0 -0.0; 8.0 3.0 -0.0 2.0 2.0; 5.0 3.0 -0.0 5.0 5.0; 14.0 12.0 -0.0 14.0 14.0; 15.0 19.0 4.0 16.0 7.0; 18.0 22.0 2.0 19.0 4.0; 28.0 23.0 18.0 15.0 10.0]
