first,second
s_box,[0.0 13.0 24.0 0.0; 28.0 13.0 25.0 0.0; 2.0 0.0 0.0 0.0; 2.0 0.0 0.0 0.0; 3.0 0.0 0.0 0.0; 24.0 0.0 19.0 24.0; 2.0 0.0 13.0 20.0; 0.0 0.0 6.0 3.0; 0.0 17.0 5.0 11.0; 17.0 17.0 0.0 3.0; 9.0 0.0 0.0 13.0; 0.0 16.0 0.0 0.0; 0.0 7.0 0.0 0.0; 0.0 9.0 0.0 0.0; 16.0 13.0 14.0 32.0]
x_pb,"[13.0, -0.0, 2.0, 71.0]"
s_bb,[9.0 1.0 24.0 -0.0; 14.0 -0.0 -0.0 -0.0; -0.0 2.0 -0.0 -0.0; -0.0 2.0 -0.0 -0.0; -0.0 -0.0 -0.0 -0.0; 33.0 24.0 17.0 -0.0; 19.0 10.0 -0.0 -0.0; 18.0 9.0 9.0 -0.0; 13.0 4.0 -0.0 -0.0; -0.0 -0.0 19.0 -0.0; 3.0 -0.0 -0.0 -0.0; -0.0 11.0 6.0 -0.0; 0.0 -0.0 -0.0 -0.0; -0.0 20.0 -0.0 -0.0; 17.0 33.0 -0.0 -0.0]
partition_bb,"[[[0.0, 0.0, 0.0, 0.0, 0.0, 33.0, 19.0, 18.0, 13.0, 5.0, 3.0, 0.0, 0.0, 0.0, 0.0], [0.0, 0.0, 0.0, 0.0, 0.0, 0.0, 2.0, 3.0, 8.0, 16.0, 8.0, 13.0, 19.0, 16.0, 3.0], [0.0, 0.0, 0.0, 0.0, 0.0, 0.0, 0.0, 1.0, 6.0, 14.0, 6.0, 11.0, 17.0, 14.0, 17.0], [9.0, 14.0, 0.0, 0.0, 0.0, 0.0, 0.0, 1.0, 6.0, 14.0, 6.0, 11.0, 17.0, 14.0, 1.0], [0.0, 0.0, 0.0, 0.0, 0.0, 0.0, 1.0, 5.0, 10.0, 12.0, 20.0, 18.0, 12.0, 9.0, 0.0]], [[33.0, 28.0, 2.0, 2.0, 3.0, 0.0, 0.0, 0.0, 0.0, 0.0, 0.0, 1.0, 7.0, 10.0, 0.0], [0.0, 0.0, 0.0, 0.0, 0.0, 0.0, 0.0, 0.0, 0.0, 0.0, 6.0, 11.0, 17.0, 20.0, 33.0], [0.0, 0.0, 0.0, 0.0, 0.0, 24.0, 10.0, 9.0, 4.0, 0.0, 0.0, 2.0, 8.0, 11.0, 24.0]], [[24.0, 19.0, 0.0, 0.0, 0.0, 24.0, 10.0, 9.0, 4.0, 0.0, 0.0, 0.0, 0.0, 0.0, 0.0], [0.0, 0.0, 0.0, 0.0, 0.0, 0.0, 5.0, 6.0, 11.0, 19.0, 11.0, 6.0, 3.0, 6.0, 19.0]], Vector{Float64}[]]"
y_box,[0.0 0.0 0.0 0.0 0.0 0.0 0.0 0.0 0.0 0.0 0.0 0.0 0.0 0.0 0.0; 0.0 0.0 0.0 0.0 0.0 0.0 0.0 0.0 0.0 0.0 0.0 0.0 0.0 0.0 0.0; 26.0 0.0 0.0 0.0 0.0 0.0 0.0 0.0 0.0 0.0 0.0 0.0 0.0 0.0 0.0; 7.0 0.0 0.0 0.0 0.0 0.0 14.0 9.0 9.0 0.0 0.0 4.0 7.0 10.0 0.0;;; 0.0 0.0 0.0 0.0 0.0 0.0 0.0 0.0 0.0 0.0 0.0 0.0 0.0 0.0 0.0; 0.0 0.0 0.0 0.0 0.0 0.0 0.0 0.0 0.0 0.0 0.0 0.0 0.0 0.0 0.0; 0.0 0.0 0.0 0.0 0.0 26.0 0.0 0.0 0.0 0.0 0.0 0.0 0.0 0.0 0.0; 0.0 0.0 0.0 0.0 0.0 7.0 19.0 18.0 0.0 0.0 11.0 0.0 5.0 0.0 0.0;;; 0.0 0.0 0.0 0.0 0.0 0.0 0.0 0.0 0.0 0.0 0.0 0.0 0.0 0.0 0.0; 0.0 0.0 0.0 0.0 0.0 0.0 0.0 0.0 0.0 0.0 0.0 0.0 0.0 0.0 0.0; 0.0 0.0 0.0 0.0 0.0 0.0 0.0 0.0 0.0 13.0 13.0 0.0 0.0 0.0 0.0; 0.0 0.0 0.0 0.0 0.0 0.0 0.0 0.0 0.0 0.0 0.0 16.0 17.0 14.0 13.0;;; 0.0 0.0 0.0 0.0 0.0 0.0 0.0 0.0 0.0 0.0 0.0 0.0 0.0 0.0 0.0; 0.0 0.0 0.0 0.0 0.0 0.0 0.0 0.0 0.0 0.0 0.0 0.0 0.0 0.0 0.0; 0.0 0.0 0.0 0.0 0.0 0.0 0.0 10.0 0.0 16.0 0.0 0.0 0.0 0.0 0.0; 0.0 0.0 0.0 0.0 0.0 0.0 0.0 0.0 0.0 0.0 1.0 19.0 19.0 20.0 1.0]
evol_bb,Vector{Float64}[]
y_bb,[0.0 0.0 -0.0 -0.0 -0.0 -0.0 -0.0 -0.0 -0.0 -0.0 -0.0 -0.0 -0.0 -0.0 -0.0; -0.0 -0.0 -0.0 -0.0 -0.0 0.0 -0.0 -0.0 -0.0 -0.0 -0.0 -0.0 -0.0 -0.0 -0.0; -0.0 -0.0 -0.0 -0.0 -0.0 -0.0 0.0 0.0 0.0 16.0 16.0 -0.0 -0.0 -0.0 -0.0; -0.0 -0.0 -0.0 -0.0 -0.0 -0.0 -0.0 -0.0 -0.0 -0.0 1.0 18.0 19.0 16.0 -0.0;;; -0.0 0.0 -0.0 -0.0 -0.0 -0.0 -0.0 -0.0 -0.0 -0.0 -0.0 -0.0 -0.0 -0.0 -0.0; -0.0 -0.0 -0.0 -0.0 -0.0 -0.0 -0.0 -0.0 -0.0 -0.0 -0.0 -0.0 -0.0 -0.0 -0.0; 32.0 0.0 0.0 -0.0 0.0 0.0 -0.0 0.0 -0.0 -0.0 -0.0 -0.0 0.0 -0.0 -0.0; -0.0 28.0 -0.0 0.0 3.0 -0.0 0.0 -0.0 0.0 -0.0 6.0 0.0 17.0 0.0 -0.0;;; -0.0 -0.0 -0.0 -0.0 -0.0 -0.0 -0.0 -0.0 0.0 -0.0 0.0 -0.0 -0.0 -0.0 -0.0; -0.0 0.0 -0.0 -0.0 -0.0 -0.0 0.0 -0.0 -0.0 -0.0 -0.0 -0.0 -0.0 -0.0 -0.0; -0.0 -0.0 -0.0 -0.0 -0.0 -0.0 10.0 0.0 11.0 0.0 2.0 0.0 3.0 6.0 0.0; 0.0 19.0 -0.0 -0.0 -0.0 7.0 0.0 -0.0 -0.0 -0.0 9.0 -0.0 0.0 0.0 19.0;;; -0.0 -0.0 -0.0 -0.0 -0.0 -0.0 -0.0 -0.0 -0.0 -0.0 -0.0 -0.0 -0.0 -0.0 -0.0; -0.0 -0.0 -0.0 -0.0 -0.0 -0.0 -0.0 -0.0 -0.0 -0.0 -0.0 -0.0 -0.0 -0.0 -0.0; -0.0 -0.0 -0.0 -0.0 -0.0 -0.0 -0.0 -0.0 -0.0 -0.0 -0.0 -0.0 -0.0 -0.0 -0.0; -0.0 -0.0 -0.0 -0.0 -0.0 -0.0 -0.0 -0.0 -0.0 -0.0 -0.0 -0.0 -0.0 -0.0 -0.0]
evol_box,"[[0.497, 0.0], [2.351, 1932.7961001717485], [2.474, 121942.82884253188], [2.529, 604289.033645746], [2.685, 604289.0336457384], [2.914, 3.253079778819697e6], [3.198, 5.661518087917748e6], [3.606, 5.66193419478524e6], [3.988, 5.782215910622271e6], [4.451, 5.7822159106223015e6], [4.999, 6.26354002543403e6], [5.775, 6.624940652412571e6], [6.814, 7.587835518388854e6], [8.59, 8.190304184936424e6], [9.953, 8.310869136429857e6], [11.065, 8.551167926733384e6], [12.88, 8.912386169939587e6], [15.897, 8.912779340238955e6], [18.574, 9.153671281509008e6], [20.663, 9.153759814724866e6], [24.032, 9.514879582329627e6], [28.744, 9.875951748588081e6], [33.521, 1.0116629200607639e7], [40.445, 1.0598293507983161e7], [48.424, 1.0718709583345756e7], [56.355, 1.0719064288534498e7], [64.394, 1.0839108035767993e7], [73.453, 1.0839113577784058e7], [86.564, 1.1200381813776432e7], [98.99, 1.1200386536811166e7], [114.316, 1.1441217665825576e7], [142.697, 1.156162491993425e7], [172.949, 1.1682097505543008e7], [207.097, 1.180246852170744e7], [261.161, 1.1802583749980096e7], [316.088, 1.1802709032564808e7], [363.566, 1.1802717022911832e7], [412.594, 1.1923027738337442e7], [480.466, 1.1923283690597879e7], [558.911, 1.2043728424698405e7], [642.027, 1.216376049021511e7], [735.84, 1.2163907402514866e7], [848.079, 1.2163978510566242e7], [945.424, 1.2164026512284871e7], [1044.281, 1.2284177149064865e7], [1154.377, 1.228440584540061e7], [1339.5, 1.2404691695859682e7], [1577.553, 1.252538529390959e7], [1767.918, 1.2525419298724478e7], [2002.905, 1.26455323957985e7], [2268.763, 1.2645584907344775e7], [2797.655, 1.2765849510570103e7], [3219.03, 1.2765956532597248e7], [3600.078, 1.276594620489679e7]]"
y_pb,[[-0.0 -0.0 4.0 2.0 7.0 -0.0 -0.0 -0.0 -0.0 -0.0 -0.0 -0.0 -0.0 -0.0 -0.0; -0.0 -0.0 -0.0 -0.0 -0.0 0.0 -0.0 -0.0 -0.0 -0.0 -0.0 -0.0 -0.0 -0.0 -0.0; -0.0 -0.0 -0.0 -0.0 -0.0 -0.0 -0.0 -0.0 -0.0 2.0 -0.0 -0.0 -0.0 -0.0 -0.0; -0.0 -0.0 -0.0 -0.0 -0.0 -0.0 -0.0 -0.0 -0.0 -0.0 -0.0 22.0 24.0 24.999999999999996 -0.0;;;]]
x_bb,"[0.0, 0.0, 32.0, 54.0]"
x_box,"[0.0, 0.0, 26.0, 60.0]"
evol_zeta,"[[2.453, 32.8], [2.498, 32.166666666666664], [2.567, 23.666666666666675], [2.731, 23.333335665452335], [2.953, 23.25], [3.236, 18.999999999999982], [3.647, 18.625], [4.023, 17.1], [4.493, 16.0], [5.078, 15.777777777777779], [5.832, 16.333333333333332], [6.869, 14.545454547009093], [8.631, 15.299999999999997], [10.006, 14.0], [11.137, 14.000001110288931], [12.95, 13.285714285714285], [15.964, 14.444444444444443], [18.611, 15.100000000000003], [20.797, 13.333333333333334], [24.105, 12.555555555555555], [28.82, 13.111111111111107], [33.597, 11.90909091038182], [40.511, 12.666666666666668], [48.456, 12.875], [56.461, 11.999999999999996], [64.479, 14.0], [73.596, 11.75], [86.622, 11.799999999999999], [99.054, 12.624999999999998], [114.414, 11.2], [142.757, 10.857142857142856], [173.038, 10.11111111111111], [207.176, 10.700000000000001], [261.235, 10.25], [316.163, 10.857142857142856], [363.613, 13.363636363636363], [412.687, 9.5], [480.549, 11.111111111111107], [558.976, 12.142857142857142], [642.145, 10.399999999999999], [735.913, 10.444444444444445], [848.14, 9.875000000000002], [945.489, 10.777777777777779], [1044.326, 11.222222222222225], [1154.442, 9.100000001010002], [1339.567, 10.41666666666667], [1577.593, 12.375], [1768.023, 9.222222222222221], [2002.965, 12.777777777777775], [2268.855, 9.399999999999999], [2797.752, 9.5], [3219.1, 10.100000000000001], [3600.094, 0.0]]"
ξ_box,[33.0 13.0 24.0 -0.0; 28.0 13.0 25.0 0.0; 2.0 0.0 0.0 0.0; 2.0 0.0 -0.0 -0.0; 3.0 0.0 0.0 0.0; 24.0 33.0 19.0 24.0; 16.0 19.0 13.0 20.0; 9.0 18.0 6.0 13.0; 9.0 17.0 5.0 11.0; 17.0 16.0 13.0 19.0; 9.0 11.0 13.0 14.0; 4.0 16.0 16.0 19.0; 7.0 12.0 17.0 19.0; 10.0 9.0 14.0 20.0; 16.0 13.0 27.0 33.0]
