first,second
s_box,[17.0; 8.0; 13.0; 16.0; 22.0; 17.0; 7.0; 23.0; 0.0; 0.0; 0.0; 22.0; 22.0; 23.0; 28.0;;]
x_pb,"[-0.0, 3.0, 30.0, 51.0]"
s_bb,[17.0; 8.0; 13.0; 16.0; 22.0; 17.0; 7.0; 23.0; 0.0; 0.0; 0.0; 22.0; 22.0; 23.0; 28.0;;]
partition_bb,"[[[0.0, 0.0, 0.0, 0.0, 0.0, 0.0, 7.0, 21.0, 30.0, 13.0, 5.0, 6.0, 3.0, 1.0, 0.0], [0.0, 0.0, 0.0, 0.0, 0.0, 0.0, 0.0, 0.0, 0.0, 0.0, 7.0, 15.0, 16.0, 20.0, 28.0], [4.0, 8.0, 9.0, 10.0, 25.0, 17.0, 7.0, 0.0, 0.0, 0.0, 4.0, 0.0, 0.0, 0.0, 0.0], [0.0, 0.0, 0.0, 0.0, 0.0, 0.0, 0.0, 0.0, 0.0, 16.0, 24.0, 16.0, 15.0, 11.0, 3.0], [17.0, 8.0, 7.0, 10.0, 9.0, 17.0, 7.0, 9.0, 0.0, 0.0, 0.0, 0.0, 0.0, 0.0, 0.0], [0.0, 0.0, 0.0, 0.0, 0.0, 0.0, 0.0, 1.0, 10.0, 27.0, 19.0, 11.0, 10.0, 6.0, 0.0], [4.0, 8.0, 13.0, 16.0, 1.0, 0.0, 7.0, 22.0, 13.0, 0.0, 0.0, 0.0, 0.0, 0.0, 0.0], [0.0, 0.0, 0.0, 0.0, 0.0, 0.0, 0.0, 0.0, 0.0, 6.0, 14.0, 22.0, 19.0, 17.0, 9.0], [0.0, 0.0, 0.0, 0.0, 0.0, 0.0, 0.0, 0.0, 0.0, 5.0, 13.0, 19.0, 22.0, 18.0, 10.0], [0.0, 0.0, 0.0, 0.0, 0.0, 0.0, 0.0, 0.0, 0.0, 2.0, 10.0, 18.0, 19.0, 23.0, 15.0], [0.0, 0.0, 0.0, 0.0, 0.0, 0.0, 7.0, 23.0, 14.0, 8.0, 0.0, 8.0, 9.0, 13.0, 5.0]]]"
y_box,[0.0 0.0 -0.0 -0.0 -0.0 -0.0 -0.0 -0.0 -0.0 -0.0 -0.0 -0.0 -0.0 -0.0 -0.0; -0.0 -0.0 0.0 0.0 3.0 0.0 -0.0 -0.0 -0.0 -0.0 -0.0 -0.0 -0.0 -0.0 -0.0; -0.0 -0.0 -0.0 -0.0 -0.0 -0.0 0.0 0.0 30.0 -0.0 -0.0 -0.0 -0.0 -0.0 -0.0; -0.0 -0.0 -0.0 -0.0 -0.0 -0.0 -0.0 -0.0 -0.0 27.0 24.0 0.0 0.0 0.0 0.0;;;]
evol_bb,"[[0.434, 2.573963546615307e7]]"
y_bb,[0.0 0.0 -0.0 -0.0 -0.0 -0.0 -0.0 -0.0 -0.0 -0.0 -0.0 -0.0 -0.0 -0.0 -0.0; -0.0 -0.0 0.0 0.0 3.0 0.0 -0.0 -0.0 -0.0 -0.0 -0.0 -0.0 -0.0 -0.0 -0.0; -0.0 -0.0 -0.0 -0.0 -0.0 -0.0 0.0 0.0 30.0 -0.0 -0.0 -0.0 -0.0 -0.0 -0.0; -0.0 -0.0 -0.0 -0.0 -0.0 -0.0 -0.0 -0.0 -0.0 27.0 24.0 0.0 0.0 0.0 0.0;;;]
evol_box,"[[0.521, 0.0], [2.135, 237337.73614702473], [2.217, 8.620088932218038e6], [2.222, 1.7120854326223776e7], [2.241, 1.960018731277022e7], [2.248, 2.125313619280251e7], [2.258, 2.2551805483233657e7], [2.265, 2.373248325468529e7], [2.271, 2.479509324899176e7], [2.281, 2.5149296580427255e7], [2.29, 2.5503499911862746e7], [2.297, 2.573963546615307e7]]"
y_pb,[[0.0 -0.0 -0.0 -0.0 -0.0 -0.0 -0.0 -0.0 -0.0 -0.0 -0.0 -0.0 -0.0 -0.0 -0.0; -0.0 -0.0 -0.0 -0.0 3.0 -0.0 -0.0 -0.0 -0.0 -0.0 -0.0 -0.0 -0.0 -0.0 -0.0; -0.0 -0.0 -0.0 -0.0 -0.0 -0.0 -0.0 -0.0 30.0 -0.0 -0.0 -0.0 -0.0 -0.0 -0.0; -0.0 -0.0 -0.0 -0.0 -0.0 -0.0 -0.0 -0.0 -0.0 27.0 24.0 -0.0 -0.0 -0.0 -0.0;;;]]
x_bb,"[0.0, 3.0, 30.0, 51.0]"
x_box,"[0.0, 3.0, 30.0, 51.0]"
evol_zeta,"[[1.786, 30.000000000000004], [2.216, 27.6], [2.221, 25.0], [2.239, 16.833333333333336], [2.247, 13.000000000000062], [2.256, 11.0], [2.264, 6.0], [2.27, 5.5], [2.279, 2.5000000003500134], [2.288, 2.5], [2.296, 1.9999999999999998], [2.311, 0.0]]"
ξ_box,[17.0; 8.0; 13.0; 16.0; 25.0; 17.0; 7.0; 23.0; 30.0; 27.0; 24.0; 22.0; 22.0; 23.0; 28.0;;]
