first,second
s_box,[21.0; 16.0; 0.0; 0.0; 9.0; 29.0; 24.0; 3.0; 0.0; 0.0; 0.0; 0.0; 0.0; 34.0; 39.0;;]
x_pb,"[14.000000000000002, 20.0, -0.0, 41.0]"
s_bb,[21.0; 16.0; 0.0; 0.0; 9.0; 29.0; 24.0; 3.0; 0.0; 0.0; 0.0; 0.0; 0.0; 34.0; 39.0;;]
partition_bb,"[[[0.0, 0.0, 0.0, 0.0, 0.0, 0.0, 0.0, 0.0, 0.0, 0.0, 0.0, 0.0, 6.0, 31.0, 39.0], [0.0, 0.0, 0.0, 0.0, 19.0, 29.0, 24.0, 3.0, 0.0, 0.0, 0.0, 0.0, 0.0, 0.0, 0.0], [21.0, 16.0, 10.0, 4.0, 0.0, 0.0, 0.0, 0.0, 0.0, 0.0, 0.0, 7.0, 1.0, 11.0, 7.0], [0.0, 0.0, 0.0, 0.0, 0.0, 0.0, 0.0, 0.0, 0.0, 0.0, 6.0, 18.0, 9.0, 25.0, 17.0], [1.0, 0.0, 0.0, 4.0, 29.0, 9.0, 8.0, 0.0, 0.0, 0.0, 0.0, 0.0, 0.0, 2.0, 10.0], [0.0, 0.0, 0.0, 0.0, 0.0, 9.0, 4.0, 0.0, 1.0, 3.0, 10.0, 0.0, 0.0, 20.0, 28.0], [0.0, 0.0, 0.0, 0.0, 0.0, 0.0, 0.0, 0.0, 0.0, 0.0, 0.0, 0.0, 9.0, 34.0, 32.0]]]"
y_box,[0.0 0.0 10.0 4.0 -0.0 -0.0 -0.0 -0.0 -0.0 -0.0 -0.0 -0.0 -0.0 -0.0 -0.0; -0.0 -0.0 -0.0 -0.0 20.0 -0.0 -0.0 -0.0 -0.0 -0.0 -0.0 -0.0 -0.0 -0.0 -0.0; -0.0 -0.0 -0.0 -0.0 -0.0 0.0 0.0 0.0 -0.0 -0.0 -0.0 -0.0 -0.0 -0.0 -0.0; -0.0 -0.0 -0.0 -0.0 -0.0 -0.0 -0.0 -0.0 1.0 3.0 10.0 18.0 9.0 0.0 0.0;;;]
evol_bb,"[[0.341, 1.992406557318249e7]]"
y_bb,[0.0 0.0 10.0 4.0 -0.0 -0.0 -0.0 -0.0 -0.0 -0.0 -0.0 -0.0 -0.0 -0.0 -0.0; -0.0 -0.0 -0.0 -0.0 20.0 -0.0 -0.0 -0.0 -0.0 -0.0 -0.0 -0.0 -0.0 -0.0 -0.0; -0.0 -0.0 -0.0 -0.0 -0.0 0.0 0.0 0.0 -0.0 -0.0 -0.0 -0.0 -0.0 -0.0 -0.0; -0.0 -0.0 -0.0 -0.0 -0.0 -0.0 -0.0 -0.0 1.0 3.0 10.0 18.0 9.0 0.0 0.0;;;]
evol_box,"[[0.466, 0.0], [2.003, 116938.0390913922], [2.087, 8.654182981300928e6], [2.099, 1.5028914602220137e7], [2.11, 1.7647325392461073e7], [2.123, 1.9127203132750306e7], [2.138, 1.9696372797715195e7], [2.15, 1.992406557318249e7]]"
y_pb,[[-0.0 -0.0 10.0 4.0 -0.0 -0.0 -0.0 -0.0 -0.0 -0.0 -0.0 -0.0 -0.0 -0.0 -0.0; -0.0 -0.0 -0.0 -0.0 20.0 -0.0 -0.0 -0.0 -0.0 -0.0 -0.0 -0.0 -0.0 -0.0 -0.0; -0.0 -0.0 -0.0 -0.0 -0.0 -0.0 -0.0 0.0 -0.0 -0.0 -0.0 -0.0 -0.0 -0.0 -0.0; -0.0 -0.0 -0.0 -0.0 -0.0 -0.0 -0.0 -0.0 1.0 3.0 10.0 18.0 9.0 -0.0 -0.0;;;]]
x_bb,"[14.0, 20.0, 0.0, 41.0]"
x_box,"[14.0, 20.0, 0.0, 41.0]"
evol_zeta,"[[1.687, 38.666666666666664], [2.086, 29.0], [2.097, 21.0], [2.109, 20.0], [2.122, 9.0], [2.137, 4.0], [2.149, 2.0], [2.16, 0.0]]"
ξ_box,[21.0; 16.0; 10.0; 4.0; 29.0; 29.0; 24.0; 3.0; 1.0; 3.0; 10.0; 18.0; 9.0; 34.0; 39.0;;]
