first,second
s_box,[0.0; 0.0; 26.0; 19.0; 16.0; 25.0; 23.0; 0.0; 4.0; 29.0; 32.0; 26.0; 22.0; 15.0; 19.0;;]
x_pb,"[12.0, 24.0, -0.0, 45.0]"
s_bb,[0.0; 0.0; 26.0; 19.0; 16.0; 25.0; 23.0; 0.0; 4.0; 29.0; 32.0; 26.0; 22.0; 15.0; 19.0;;]
partition_bb,"[[[0.0, 0.0, 0.0, 0.0, 0.0, 0.0, 4.0, 7.0, 14.0, 18.0, 32.0, 7.0, 2.0, 2.0, 0.0], [4.0, 16.0, 26.0, 18.0, 15.0, 2.0, 2.0, 0.0, 0.0, 0.0, 0.0, 0.0, 0.0, 0.0, 0.0], [0.0, 0.0, 1.0, 9.0, 12.0, 25.0, 20.0, 10.0, 8.0, 0.0, 0.0, 0.0, 0.0, 0.0, 0.0], [12.0, 0.0, 0.0, 0.0, 0.0, 0.0, 0.0, 0.0, 0.0, 0.0, 0.0, 19.0, 22.0, 15.0, 13.0], [0.0, 0.0, 0.0, 5.0, 7.0, 9.0, 14.0, 24.0, 17.0, 11.0, 0.0, 0.0, 0.0, 0.0, 0.0], [0.0, 0.0, 0.0, 0.0, 0.0, 1.0, 6.0, 16.0, 18.0, 29.0, 15.0, 0.0, 0.0, 0.0, 0.0], [12.0, 24.0, 14.0, 6.0, 3.0, 0.0, 1.0, 11.0, 4.0, 0.0, 8.0, 0.0, 0.0, 0.0, 0.0], [0.0, 0.0, 0.0, 0.0, 0.0, 0.0, 0.0, 0.0, 0.0, 0.0, 6.0, 26.0, 21.0, 15.0, 13.0], [0.0, 0.0, 0.0, 0.0, 2.0, 8.0, 13.0, 18.0, 25.0, 14.0, 7.0, 0.0, 0.0, 0.0, 0.0], [0.0, 0.0, 8.0, 0.0, 0.0, 0.0, 0.0, 0.0, 7.0, 13.0, 0.0, 7.0, 12.0, 15.0, 19.0], [0.0, 0.0, 0.0, 7.0, 10.0, 18.0, 23.0, 13.0, 11.0, 0.0, 0.0, 0.0, 0.0, 0.0, 0.0], [0.0, 0.0, 5.0, 13.0, 16.0, 15.0, 10.0, 0.0, 0.0, 11.0, 6.0, 5.0, 0.0, 0.0, 0.0], [0.0, 1.0, 11.0, 19.0, 16.0, 3.0, 3.0, 0.0, 0.0, 0.0, 0.0, 2.0, 6.0, 13.0, 9.0]]]"
y_box,[12.0 -0.0 -0.0 -0.0 -0.0 -0.0 -0.0 -0.0 -0.0 -0.0 -0.0 -0.0 -0.0 -0.0 -0.0; -0.0 24.0 0.0 -0.0 -0.0 -0.0 -0.0 -0.0 -0.0 -0.0 -0.0 -0.0 -0.0 -0.0 -0.0; -0.0 -0.0 -0.0 0.0 0.0 -0.0 -0.0 -0.0 -0.0 -0.0 -0.0 -0.0 -0.0 -0.0 -0.0; -0.0 -0.0 -0.0 -0.0 -0.0 0.0 0.0 24.0 21.0 0.0 0.0 0.0 0.0 0.0 0.0;;;]
evol_bb,"[[0.394, 3.191136101062399e7]]"
y_bb,[12.0 -0.0 -0.0 -0.0 -0.0 -0.0 -0.0 -0.0 -0.0 -0.0 -0.0 -0.0 -0.0 -0.0 -0.0; -0.0 24.0 0.0 -0.0 -0.0 -0.0 -0.0 -0.0 -0.0 -0.0 -0.0 -0.0 -0.0 -0.0 -0.0; -0.0 -0.0 -0.0 0.0 0.0 -0.0 -0.0 -0.0 -0.0 -0.0 -0.0 -0.0 -0.0 -0.0 -0.0; -0.0 -0.0 -0.0 -0.0 -0.0 0.0 0.0 24.0 21.0 0.0 0.0 0.0 0.0 0.0 0.0;;;]
evol_box,"[[0.483, 0.0], [2.074, 624775.9339063135], [2.156, 1.0720741959419707e7], [2.174, 1.5956099182243781e7], [2.182, 2.418306736756959e7], [2.189, 2.6302109937799912e7], [2.197, 2.7797926557782847e7], [2.204, 2.879507780721261e7], [2.23, 2.966763840682733e7], [2.248, 3.054019435408658e7], [2.255, 3.1288103439470626e7], [2.289, 3.1662057982162647e7], [2.296, 3.191136101062399e7]]"
y_pb,[[12.0 -0.0 -0.0 -0.0 -0.0 -0.0 -0.0 -0.0 -0.0 -0.0 -0.0 -0.0 -0.0 -0.0 -0.0; -0.0 24.0 -0.0 -0.0 -0.0 -0.0 -0.0 -0.0 -0.0 -0.0 -0.0 -0.0 -0.0 -0.0 -0.0; -0.0 -0.0 0.0 -0.0 -0.0 -0.0 -0.0 -0.0 -0.0 -0.0 -0.0 -0.0 -0.0 -0.0 -0.0; -0.0 -0.0 -0.0 -0.0 -0.0 -0.0 -0.0 24.0 21.0 -0.0 -0.0 -0.0 -0.0 -0.0 -0.0;;;]]
x_bb,"[12.0, 24.0, 0.0, 45.0]"
x_box,"[12.0, 24.0, 0.0, 45.0]"
evol_zeta,"[[1.742, 31.375], [2.155, 25.714285714285715], [2.172, 22.42857142857143], [2.181, 20.0], [2.188, 13.142857142857142], [2.195, 10.333333333333332], [2.202, 8.000000000000005], [2.229, 7.0], [2.246, 6.142857142857142], [2.254, 6.0], [2.287, 2.8333333333333357], [2.294, 0.9999999999999433], [2.298, 0.0]]"
ξ_box,[12.0; 24.0; 26.0; 19.0; 16.0; 25.0; 23.0; 24.0; 25.0; 29.0; 32.0; 26.0; 22.0; 15.0; 19.0;;]
