first,second
s_box,[10.0 -0.0 2.0; 4.000000396244365 -0.0 -0.0; -0.0 14.0 -0.0; 12.0 0.0 -0.0; 19.0 23.0 22.0; 8.0 7.0 5.0; 26.0 18.0 20.0; 0.0 15.0 18.0; 26.0 3.0 32.999999538815935; 8.0 15.0 10.0; -0.0 12.0 6.0; -0.0 6.0 1.9999998847039924; 2.0 2.0 2.0; 10.0 10.0 10.0; 16.0 16.0 12.0]
x_pb,"[77.0, -0.0, -0.0, 0.0]"
s_bb,[1.0 -0.0 -0.0; -0.0 -0.0 11.0; -0.0 -0.0 18.0; -0.0 -0.0 -0.0; 25.0 14.0 8.0; 26.0 -0.0 -0.0; 25.0 -0.0 -0.0; 23.0 13.0 25.0; 33.0 -0.0 10.0; 8.0 10.0 -0.0; 12.0 -0.0 -0.0; 6.0 1.0 -0.0; 2.0 -0.0 -0.0; 2.0 10.0 -0.0; 16.0 -0.0 -0.0]
partition_bb,"[[[0.0, 0.0, 0.0, 0.0, 0.0, 0.0, 15.0, 18.0, 33.0, 7.0, 3.0, 2.0, 2.0, 2.0, 0.0], [0.0, 0.0, 0.0, 0.0, 9.0, 26.0, 9.0, 11.0, 26.0, 0.0, 0.0, 0.0, 0.0, 0.0, 0.0], [25.0, 20.0, 18.0, 14.0, 0.0, 0.0, 0.0, 0.0, 0.0, 0.0, 0.0, 0.0, 0.0, 0.0, 0.0], [4.0, 8.0, 10.0, 15.0, 0.0, 0.0, 0.0, 1.0, 16.0, 0.0, 0.0, 6.0, 2.0, 2.0, 16.0], [0.0, 5.0, 7.0, 10.0, 25.0, 8.0, 5.0, 2.0, 16.0, 0.0, 0.0, 0.0, 0.0, 0.0, 0.0], [0.0, 0.0, 0.0, 0.0, 5.0, 8.0, 25.0, 23.0, 8.0, 0.0, 0.0, 0.0, 0.0, 0.0, 10.0], [0.0, 3.0, 5.0, 10.0, 2.0, 19.0, 3.0, 0.0, 9.0, 8.0, 12.0, 6.0, 2.0, 0.0, 0.0]], [[0.0, 0.0, 0.0, 1.0, 16.0, 33.0, 16.0, 13.0, 0.0, 0.0, 0.0, 0.0, 0.0, 0.0, 0.0], [0.0, 0.0, 0.0, 0.0, 0.0, 17.0, 0.0, 0.0, 0.0, 10.0, 7.0, 1.0, 2.0, 10.0, 16.0]], [[0.0, 0.0, 0.0, 0.0, 7.0, 10.0, 27.0, 25.0, 10.0, 0.0, 0.0, 0.0, 0.0, 0.0, 0.0], [12.0, 16.0, 18.0, 23.0, 8.0, 0.0, 0.0, 0.0, 0.0, 0.0, 0.0, 0.0, 0.0, 0.0, 0.0]]]"
y_box,[-0.0 0.9999996020889682 7.0 -0.0 -0.0 25.0 -0.0 26.0 3.9686936814313715e-7 0.0 12.0 6.0 -0.0 -0.0 -0.0; -0.0 -0.0 -0.0 -0.0 -0.0 -0.0 -0.0 -0.0 -0.0 -0.0 -0.0 -0.0 -0.0 -0.0 -0.0; -0.0 -0.0 -0.0 -0.0 -0.0 -0.0 -0.0 -0.0 -0.0 -0.0 -0.0 -0.0 -0.0 -0.0 -0.0; -0.0 -0.0 -0.0 -0.0 -0.0 -0.0 -0.0 -0.0 -0.0 -0.0 -0.0 -0.0 -0.0 -0.0 -0.0;;; 17.0 12.0 0.0 19.0 -0.0 15.0 -0.0 -0.0 14.0 0.0 -0.0 -0.0 -0.0 -0.0 -0.0; -0.0 -0.0 -0.0 -0.0 -0.0 -0.0 -0.0 -0.0 -0.0 -0.0 -0.0 -0.0 -0.0 -0.0 -0.0; -0.0 -0.0 -0.0 -0.0 -0.0 -0.0 -0.0 -0.0 -0.0 -0.0 -0.0 -0.0 -0.0 -0.0 -0.0; -0.0 -0.0 -0.0 -0.0 -0.0 -0.0 -0.0 -0.0 -0.0 -0.0 -0.0 -0.0 -0.0 -0.0 -0.0;;; 23.0 21.0 19.0 14.0 -0.0 -0.0 -0.0 -0.0 0.0 0.0 -0.0 -0.0 -0.0 -0.0 -0.0; -0.0 -0.0 -0.0 -0.0 -0.0 -0.0 -0.0 -0.0 -0.0 -0.0 -0.0 -0.0 -0.0 -0.0 -0.0; -0.0 -0.0 -0.0 -0.0 -0.0 -0.0 -0.0 -0.0 -0.0 -0.0 -0.0 -0.0 -0.0 -0.0 -0.0; -0.0 -0.0 -0.0 -0.0 -0.0 -0.0 -0.0 -0.0 -0.0 -0.0 -0.0 -0.0 -0.0 -0.0 -0.0]
evol_bb,Vector{Float64}[]
y_bb,[24.0 20.0 18.0 15.0 0.0 -0.0 -0.0 -0.0 -0.0 -0.0 -0.0 -0.0 -0.0 -0.0 -0.0; -0.0 -0.0 -0.0 -0.0 -0.0 0.0 -0.0 0.0 -0.0 -0.0 -0.0 -0.0 -0.0 -0.0 -0.0; -0.0 -0.0 -0.0 -0.0 -0.0 -0.0 -0.0 -0.0 0.0 -0.0 -0.0 -0.0 -0.0 -0.0 -0.0; -0.0 -0.0 -0.0 -0.0 -0.0 -0.0 -0.0 -0.0 -0.0 -0.0 0.0 -0.0 -0.0 0.0 0.0;;; -0.0 -0.0 -0.0 1.0 2.0 33.0 16.0 0.0 -0.0 0.0 7.0 0.0 2.0 -0.0 16.0; -0.0 -0.0 -0.0 -0.0 -0.0 -0.0 -0.0 -0.0 -0.0 -0.0 0.0 -0.0 -0.0 -0.0 -0.0; -0.0 -0.0 -0.0 -0.0 -0.0 -0.0 0.0 -0.0 -0.0 -0.0 -0.0 -0.0 0.0 0.0 -0.0; -0.0 -0.0 -0.0 -0.0 -0.0 -0.0 0.0 0.0 -0.0 -0.0 -0.0 -0.0 -0.0 -0.0 -0.0;;; 12.0 5.0 0.0 23.0 0.0 10.0 27.0 0.0 0.0 -0.0 -0.0 -0.0 -0.0 -0.0 -0.0; -0.0 -0.0 -0.0 -0.0 -0.0 0.0 -0.0 -0.0 -0.0 -0.0 -0.0 -0.0 -0.0 -0.0 -0.0; 0.0 -0.0 -0.0 -0.0 -0.0 -0.0 -0.0 -0.0 -0.0 -0.0 -0.0 -0.0 -0.0 -0.0 -0.0; -0.0 -0.0 -0.0 -0.0 -0.0 0.0 -0.0 -0.0 -0.0 -0.0 -0.0 -0.0 -0.0 -0.0 -0.0]
evol_box,"[[0.448, 0.0], [1.957, 225309.8757731557], [2.046, 560899.8157641173], [2.164, 560899.815763982], [2.212, 3.1357820083929608e6], [2.39, 3.1357820083929608e6], [2.636, 5.5980061315028835e6], [2.85, 6.045843794436769e6], [3.059, 6.270142512825537e6], [3.295, 6.270142512825537e6], [3.504, 6.270142512825537e6], [3.744, 6.270142512825535e6], [4.497, 8.396654635090386e6], [5.997, 9.628074720571201e6], [7.11, 9.740348072796656e6], [9.602, 1.0075850871389171e7], [10.381, 1.0188131996358342e7], [12.067, 1.0411690118648926e7], [13.194, 1.0747529365908684e7], [14.586, 1.1083416854097378e7], [16.35, 1.1083431069407877e7], [18.076, 1.119538846486431e7], [20.441, 1.1195389089703906e7], [22.569, 1.141921737262324e7], [27.29, 1.1419339366948796e7], [31.622, 1.1531202517110389e7], [33.985, 1.1531227712124068e7], [37.03, 1.175504710768795e7], [41.636, 1.1867067829109441e7], [45.138, 1.1979123567699272e7], [48.577, 1.2090973422099112e7], [53.569, 1.2091029833754785e7], [59.368, 1.2426730588042915e7], [64.741, 1.276264634250913e7], [70.284, 1.2762646342509128e7], [76.07, 1.2986562932561725e7], [86.265, 1.3098399570367385e7], [97.716, 1.3210345986120638e7], [108.936, 1.3322378367281418e7], [126.027, 1.3546218788159946e7], [138.789, 1.3658203124915015e7], [160.615, 1.3658240199771151e7], [178.808, 1.3770258166471502e7], [201.568, 1.3882024480640149e7], [217.235, 1.3882201839520078e7], [244.842, 1.39939708963934e7], [261.482, 1.410595086692621e7], [284.919, 1.4105988806789096e7], [304.842, 1.4217913377106303e7], [349.618, 1.4217913377106301e7], [374.948, 1.4441822170203518e7], [402.582, 1.4665662531485552e7], [474.727, 1.4665834640027834e7], [541.901, 1.4777629361445723e7], [591.456, 1.477764848820308e7], [643.083, 1.4777675307785558e7], [683.954, 1.4889549668692712e7], [760.185, 1.4889584010004772e7], [812.207, 1.5001574718086902e7], [870.852, 1.500157891804385e7], [945.296, 1.5337327885432426e7], [1050.805, 1.5337412960746586e7], [1265.053, 1.5449275511294696e7], [1426.531, 1.5449320832309935e7], [1506.532, 1.5561220716938931e7], [1647.463, 1.5561220716938931e7], [1760.918, 1.5561225473036451e7], [2146.834, 1.5673167132692182e7], [2487.972, 1.5673229201266391e7], [2843.546, 1.5673229201266391e7], [3003.364, 1.5785113548445433e7], [3301.529, 1.5785123060640479e7], [3600.025, 1.5897071789907614e7]]"
y_pb,[[9.0 23.0 22.0 23.0 -0.0 -0.0 -0.0 -0.0 -0.0 -0.0 -0.0 -0.0 -0.0 -0.0 -0.0; -0.0 -0.0 -0.0 -0.0 -0.0 -0.0 -0.0 0.0 -0.0 -0.0 -0.0 -0.0 -0.0 -0.0 -0.0; -0.0 -0.0 -0.0 -0.0 -0.0 -0.0 -0.0 -0.0 0.0 -0.0 -0.0 -0.0 -0.0 -0.0 -0.0; -0.0 -0.0 -0.0 -0.0 -0.0 -0.0 -0.0 -0.0 -0.0 -0.0 -0.0 -0.0 -0.0 0.0 -0.0;;;]]
x_bb,"[77.0, -0.0, -0.0, 0.0]"
x_box,"[77.0, -0.0, -0.0, -0.0]"
evol_zeta,"[[1.638, 32.6], [2.034, 32.375], [2.078, 25.2], [2.182, 25.0], [2.257, 19.833333333333332], [2.446, 19.285714285714285], [2.691, 17.25], [2.888, 16.0], [3.117, 16.714285714285715], [3.345, 16.714285714285715], [3.528, 16.0], [3.776, 16.0], [4.522, 15.999999999999984], [6.021, 16.0], [7.134, 15.5], [9.624, 14.25], [10.415, 15.0], [12.091, 13.899999999999999], [13.212, 13.88888888888889], [14.609, 14.200000199620197], [16.381, 12.799999999999999], [18.121, 12.428571428571427], [20.465, 16.0], [22.601, 13.428571428571429], [27.315, 16.0], [31.659, 13.100000000000001], [34.008, 12.714285714285715], [37.054, 13.777777777777791], [41.685, 11.875], [45.189, 11.0], [48.603, 10.166666666666664], [53.618, 15.125003570761105], [59.425, 11.11111111111111], [64.795, 10.0], [70.348, 9.285714285714288], [76.112, 15.0], [86.305, 15.0], [97.778, 8.999999999999943], [108.977, 10.125], [126.054, 16.0], [138.824, 11.875], [160.641, 11.0], [178.846, 8.375000000937504], [201.629, 10.125], [217.282, 10.428571428571429], [244.863, 11.000000000000002], [261.51, 10.333333333333334], [284.945, 11.0], [304.883, 9.88888888888889], [349.653, 11.0], [374.977, 9.857142857142858], [402.644, 10.625], [474.764, 8.375], [541.944, 11.333333333333332], [591.485, 9.125], [643.114, 9.85714285714286], [683.989, 8.000000000900002], [760.229, 8.375], [812.268, 8.600000000000001], [870.902, 8.000000000900002], [945.362, 8.0], [1050.837, 10.0], [1265.084, 9.75], [1426.566, 9.25], [1506.554, 7.9999999999999725], [1647.483, 8.000000000900002], [1760.956, 8.125], [2146.877, 11.000000000000005], [2488.012, 8.000000000900002], [2843.568, 9.399999999999999], [3003.415, 6.833333334116649], [3301.563, 8.0], [3600.04, 0.0]]"
ξ_box,[10.0 17.0 25.0; 5.0 12.0 21.0; 7.0 14.0 19.0; 12.0 19.0 14.0; 19.0 23.0 22.0; 33.0 22.0 5.0; 26.0 18.0 20.0; 26.0 15.0 18.0; 26.000000398536034 17.0 32.99999954214927; 8.0 15.0 10.0; 12.0 12.0 6.0; 6.0 6.0 1.9999998880373258; 2.0 2.0 2.0; 10.0 10.0 10.0; 16.0 16.0 12.0]
