first,second
s_box,[38.0; 30.0; 13.0; 1.0; 4.0; 5.0; 26.0; 15.0; 0.0; 0.0; 0.0; 25.0; 21.0; 24.0; 25.0;;]
x_pb,"[-0.0, -0.0, 8.0, 69.0]"
s_bb,[38.0; 30.0; 13.0; 1.0; 4.0; 5.0; 26.0; 15.0; 0.0; 0.0; 0.0; 25.0; 21.0; 24.0; 25.0;;]
partition_bb,"[[[38.0, 28.0, 11.0, 0.0, 0.0, 0.0, 0.0, 0.0, 0.0, 0.0, 0.0, 0.0, 0.0, 0.0, 0.0], [0.0, 0.0, 1.0, 1.0, 4.0, 5.0, 26.0, 15.0, 12.0, 10.0, 3.0, 0.0, 0.0, 0.0, 0.0], [0.0, 0.0, 0.0, 0.0, 0.0, 0.0, 0.0, 0.0, 0.0, 0.0, 0.0, 13.0, 18.0, 21.0, 25.0], [0.0, 0.0, 0.0, 0.0, 0.0, 0.0, 1.0, 12.0, 16.0, 18.0, 25.0, 9.0, 0.0, 0.0, 0.0], [0.0, 0.0, 0.0, 0.0, 0.0, 0.0, 0.0, 0.0, 0.0, 2.0, 9.0, 25.0, 15.0, 13.0, 13.0], [0.0, 0.0, 0.0, 0.0, 0.0, 0.0, 12.0, 23.0, 19.0, 17.0, 10.0, 0.0, 0.0, 0.0, 0.0], [0.0, 0.0, 0.0, 0.0, 0.0, 0.0, 5.0, 16.0, 20.0, 22.0, 15.0, 0.0, 0.0, 0.0, 0.0], [0.0, 0.0, 0.0, 0.0, 0.0, 0.0, 0.0, 0.0, 0.0, 0.0, 0.0, 12.0, 21.0, 24.0, 20.0], [11.0, 21.0, 13.0, 1.0, 1.0, 0.0, 11.0, 0.0, 0.0, 0.0, 0.0, 10.0, 0.0, 3.0, 7.0], [32.0, 30.0, 13.0, 1.0, 1.0, 0.0, 0.0, 0.0, 0.0, 0.0, 0.0, 0.0, 0.0, 0.0, 0.0], [0.0, 0.0, 0.0, 0.0, 0.0, 0.0, 7.0, 18.0, 22.0, 20.0, 13.0, 0.0, 0.0, 0.0, 0.0]]]"
y_box,[0.0 0.0 0.0 -0.0 -0.0 -0.0 -0.0 -0.0 -0.0 -0.0 -0.0 -0.0 -0.0 -0.0 -0.0; -0.0 -0.0 -0.0 -0.0 -0.0 -0.0 -0.0 -0.0 -0.0 -0.0 -0.0 -0.0 -0.0 -0.0 -0.0; -0.0 -0.0 -0.0 0.0 0.0 0.0 0.0 8.0 -0.0 -0.0 -0.0 -0.0 -0.0 -0.0 -0.0; -0.0 -0.0 -0.0 -0.0 -0.0 -0.0 -0.0 -0.0 22.0 22.0 25.0 0.0 0.0 0.0 0.0;;;]
evol_bb,"[[0.354, 1.9779804941836607e7]]"
y_bb,[0.0 0.0 0.0 -0.0 -0.0 -0.0 -0.0 -0.0 -0.0 -0.0 -0.0 -0.0 -0.0 -0.0 -0.0; -0.0 -0.0 -0.0 -0.0 -0.0 -0.0 -0.0 -0.0 -0.0 -0.0 -0.0 -0.0 -0.0 -0.0 -0.0; -0.0 -0.0 -0.0 0.0 0.0 0.0 0.0 8.0 -0.0 -0.0 -0.0 -0.0 -0.0 -0.0 -0.0; -0.0 -0.0 -0.0 -0.0 -0.0 -0.0 -0.0 -0.0 22.0 22.0 25.0 0.0 0.0 0.0 0.0;;;]
evol_box,"[[0.472, 0.0], [2.037, 3199.120470980781], [2.12, 6.623414814028846e6], [2.131, 1.3332391955028195e7], [2.141, 1.6294574209172687e7], [2.148, 1.7340159212890703e7], [2.155, 1.8298582738890838e7], [2.163, 1.8734225852899935e7], [2.171, 1.9257018354758944e7], [2.184, 1.9605546689331617e7], [2.193, 1.9779804941836607e7]]"
y_pb,[[-0.0 0.0 -0.0 -0.0 -0.0 -0.0 -0.0 -0.0 -0.0 -0.0 -0.0 -0.0 -0.0 -0.0 -0.0; -0.0 -0.0 -0.0 -0.0 -0.0 -0.0 0.0 -0.0 -0.0 -0.0 -0.0 -0.0 -0.0 -0.0 -0.0; -0.0 -0.0 -0.0 -0.0 -0.0 -0.0 -0.0 8.0 -0.0 -0.0 -0.0 -0.0 -0.0 -0.0 -0.0; -0.0 -0.0 -0.0 -0.0 -0.0 -0.0 -0.0 -0.0 22.0 22.0 24.999999999999996 -0.0 -0.0 -0.0 -0.0;;;]]
x_bb,"[0.0, 0.0, 8.0, 69.0]"
x_box,"[0.0, 0.0, 8.0, 69.0]"
evol_zeta,"[[1.71, 38.0], [2.119, 26.0], [2.13, 25.0], [2.14, 21.333333333333336], [2.147, 12.0], [2.154, 7.199999999999999], [2.161, 3.8000000000000127], [2.169, 3.0], [2.183, 2.0], [2.192, 1.3999999999999986], [2.203, 0.0]]"
ξ_box,[38.0; 30.0; 13.0; 1.0; 4.0; 5.0; 26.0; 23.0; 22.0; 22.0; 25.0; 25.0; 21.0; 24.0; 25.0;;]
