first,second
s_box,[-0.0 -0.0 -0.0 11.0; -0.0 -0.0 -0.0 -0.0; -0.0 -0.0 -0.0 3.0; -0.0 -0.0 -0.0 6.0; 0.0 -0.0 14.0 -0.0; 2.0 -0.0 -0.0 16.0; 9.0 -0.0 -0.0 -0.0; 17.0 -0.0 13.0 15.0; 27.0 -0.0 -0.0 -0.0; 17.0 20.0 12.0 16.0; -0.0 17.0 14.0 7.0; 0.0 15.0 -0.0 1.0; 5.999999291277966 11.0 -0.0 -0.0; 0.0 9.0 7.0 -0.0; 0.0 5.0 17.0 -0.0]
x_pb,"[9.0, -0.0, 18.0, 41.0]"
s_bb,[-0.0 11.0 -0.0 -0.0; -0.0 -0.0 -0.0 -0.0; 3.0 2.0 -0.0 -0.0; 4.0 5.0 -0.0 -0.0; 4.0 14.0 -0.0 2.0; 4.0 -0.0 -0.0 -0.0; 9.0 10.0 -0.0 -0.0; 17.0 -0.0 -0.0 -0.0; 27.0 24.0 7.0 -0.0; 15.0 -0.0 -0.0 -0.0; 0.0 3.0 -0.0 5.0; -0.0 -0.0 -0.0 -0.0; 0.0 -0.0 -0.0 -0.0; -0.0 -0.0 8.0 -0.0; 0.0 -0.0 -0.0 -0.0]
partition_bb,"[[[0.0, 0.0, 2.0, 5.0, 14.0, 17.0, 10.0, 2.0, 0.0, 0.0, 0.0, 0.0, 4.0, 5.0, 13.0], [0.0, 0.0, 2.0, 5.0, 14.0, 17.0, 10.0, 17.0, 7.0, 0.0, 0.0, 0.0, 0.0, 0.0, 0.0], [0.0, 0.0, 1.0, 4.0, 13.0, 16.0, 9.0, 2.0, 12.0, 12.0, 3.0, 0.0, 0.0, 0.0, 0.0], [11.0, 0.0, 0.0, 0.0, 0.0, 0.0, 6.0, 14.0, 24.0, 11.0, 2.0, 0.0, 0.0, 0.0, 0.0]], [[0.0, 0.0, 0.0, 0.0, 0.0, 2.0, 9.0, 17.0, 27.0, 13.0, 5.0, 0.0, 0.0, 0.0, 0.0], [0.0, 0.0, 4.0, 4.0, 4.0, 4.0, 5.0, 8.0, 4.0, 0.0, 0.0, 3.0, 8.0, 9.0, 17.0], [0.0, 0.0, 0.0, 0.0, 0.0, 3.0, 0.0, 0.0, 1.0, 15.0, 18.0, 14.0, 9.0, 8.0, 0.0]], [[0.0, 0.0, 3.0, 6.0, 15.0, 18.0, 11.0, 3.0, 0.0, 0.0, 0.0, 2.0, 2.0, 8.0, 0.0], [0.0, 0.0, 3.0, 6.0, 15.0, 18.0, 11.0, 4.0, 14.0, 0.0, 0.0, 0.0, 0.0, 0.0, 0.0]], [[0.0, 0.0, 3.0, 6.0, 15.0, 18.0, 11.0, 3.0, 0.0, 14.0, 5.0, 0.0, 0.0, 0.0, 0.0]]]"
y_box,[10.0 -0.0 -0.0 -0.0 -0.0 0.0 -0.0 -0.0 -0.0 -0.0 -0.0 -0.0 -0.0 -0.0 -0.0; -0.0 -0.0 -0.0 -0.0 -0.0 -0.0 -0.0 -0.0 0.0 -0.0 -0.0 -0.0 -0.0 -0.0 -0.0; -0.0 -0.0 -0.0 -0.0 -0.0 -0.0 -0.0 -0.0 -0.0 -0.0 12.999999291332305 15.0 -0.0 -0.0 -0.0; -0.0 -0.0 -0.0 -0.0 -0.0 -0.0 -0.0 -0.0 -0.0 -0.0 -0.0 -0.0 4.000000707055367 9.0 17.0;;; -0.0 -0.0 -0.0 2.0 7.0 -0.0 -0.0 -0.0 -0.0 -0.0 -0.0 -0.0 -0.0 -0.0 -0.0; -0.0 -0.0 -0.0 -0.0 -0.0 -0.0 -0.0 -0.0 -0.0 -0.0 -0.0 -0.0 -0.0 -0.0 -0.0; -0.0 -0.0 -0.0 -0.0 0.0 8.0 12.0 5.0 0.0 -0.0 -0.0 -0.0 3.0 0.0 -0.0; 11.0 -0.0 -0.0 -0.0 4.0 -0.0 0.0 -0.0 15.0 -0.0 -0.0 -0.0 -0.0 -0.0 0.0;;; 1.0 -0.0 4.0 -0.0 0.0 -0.0 0.0 -0.0 3.0 0.0 -0.0 -0.0 -0.0 2.0 -0.0; -0.0 -0.0 -0.0 -0.0 -0.0 -0.0 0.0 -0.0 -0.0 -0.0 -0.0 -0.0 -0.0 -0.0 -0.0; -0.0 -0.0 0.0 0.0 -0.0 0.0 8.0 -0.0 0.0 -0.0 -0.0 8.0 12.0 -0.0 -0.0; 10.0 -0.0 -0.0 5.0 -0.0 15.0 -0.0 -0.0 -0.0 -0.0 0.0 -0.0 -0.0 -0.0 -0.0;;; -0.0 -0.0 -0.0 -0.0 10.0 -0.0 -0.0 -0.0 -0.0 -0.0 -0.0 -0.0 -0.0 0.0 -0.0; -0.0 -0.0 -0.0 -0.0 -0.0 -0.0 -0.0 -0.0 -0.0 0.0 -0.0 -0.0 -0.0 -0.0 -0.0; -0.0 -0.0 0.0 -0.0 -0.0 -0.0 22.0 -0.0 -0.0 0.0 0.0 0.0 -0.0 6.0 -7.049305093352814e-7; 0.0 -0.0 -0.0 0.0 5.0 -0.0 0.0 -0.0 20.0 -0.0 -0.0 -0.0 -0.0 -0.0 5.000000703263843]
evol_bb,Vector{Float64}[]
y_bb,[-0.0 -0.0 1.0 0.0 0.0 -0.0 0.0 -0.0 -0.0 -0.0 -0.0 -0.0 -0.0 -0.0 -0.0; -0.0 -0.0 -0.0 -0.0 -0.0 -0.0 -0.0 0.0 0.0 -0.0 -0.0 -0.0 -0.0 -0.0 -0.0; -0.0 -0.0 -0.0 -0.0 -0.0 -0.0 -0.0 -0.0 0.0 -0.0 18.0 14.0 -0.0 -0.0 -0.0; -0.0 -0.0 -0.0 -0.0 -0.0 -0.0 -0.0 -0.0 -0.0 -0.0 -0.0 -0.0 9.0 9.0 17.0;;; -0.0 -0.0 -0.0 -0.0 -0.0 1.0 0.0 -0.0 -0.0 -0.0 -0.0 -0.0 -0.0 -0.0 -0.0; -0.0 -0.0 -0.0 -0.0 -0.0 -0.0 -0.0 -0.0 -0.0 -0.0 -0.0 -0.0 -0.0 -0.0 -0.0; 0.0 -0.0 -0.0 -0.0 -0.0 15.0 -0.0 17.0 -0.0 -0.0 -0.0 -0.0 -0.0 -0.0 -0.0; -0.0 -0.0 -0.0 0.0 0.0 1.0 -0.0 -0.0 0.0 12.0 0.0 -0.0 4.0 5.0 13.0;;; -0.0 -0.0 -0.0 -0.0 -0.0 -0.0 -0.0 1.0 -0.0 -0.0 -0.0 -0.0 -0.0 -0.0 -0.0; -0.0 -0.0 -0.0 -0.0 -0.0 -0.0 0.0 -0.0 -0.0 -0.0 -0.0 -0.0 -0.0 -0.0 -0.0; -0.0 -0.0 3.0 6.0 15.0 3.0 -0.0 3.0 -0.0 -0.0 -0.0 -0.0 2.0 -0.0 -0.0; -0.0 -0.0 -0.0 -0.0 0.0 15.0 11.0 -0.0 7.0 -0.0 -0.0 2.0 -0.0 0.0 -0.0;;; -0.0 -0.0 -0.0 -0.0 -0.0 -0.0 1.0 -0.0 -0.0 -0.0 -0.0 -0.0 -0.0 -0.0 -0.0; -0.0 -0.0 -0.0 -0.0 -0.0 0.0 -0.0 -0.0 -0.0 -0.0 0.0 -0.0 -0.0 -0.0 -0.0; -0.0 -0.0 3.0 6.0 13.0 -0.0 -0.0 3.0 -0.0 7.0 0.0 -0.0 -0.0 -0.0 -0.0; -0.0 -0.0 0.0 -0.0 -0.0 18.0 10.0 0.0 -0.0 7.0 -0.0 -0.0 -0.0 -0.0 -0.0]
evol_box,"[[0.455, 0.0], [2.262, 529766.9450147687], [2.369, 529766.9450147687], [2.404, 529766.9450147687], [2.473, 529766.9450147687], [2.83, 2.7465740147677404e6], [3.264, 2.7465740147677464e6], [4.137, 3.063023629803271e6], [5.009, 3.591520048314834e6], [7.331, 4.119055103952651e6], [9.154, 4.436084500767638e6], [12.039, 4.858689842154944e6], [14.441, 5.175325894327422e6], [18.343, 5.49214449432695e6], [25.71, 5.49214449432695e6], [32.551, 5.914177196302e6], [51.017, 6.442449629988113e6], [78.703, 6.442565768440419e6], [88.222, 6.653452127873229e6], [183.686, 6.864887997820994e6], [194.221, 6.864887997820994e6], [349.999, 7.287070309430545e6], [421.657, 7.392870741912136e6], [540.557, 7.49822265019529e6], [570.877, 7.604245023922631e6], [586.556, 7.709530171065526e6], [673.012, 7.8150317409739485e6], [961.055, 7.815048619151777e6], [996.741, 7.92065164941133e6], [1910.33, 8.026237801493053e6], [1992.341, 8.026237801493053e6], [2645.547, 8.026353769589127e6], [2834.075, 8.131845831752608e6], [2911.286, 8.131905526794202e6], [3600.01, 8.237460665349769e6]]"
y_pb,[[1.0 8.0 -0.0 -0.0 -0.0 -0.0 -0.0 -0.0 -0.0 -0.0 -0.0 -0.0 -0.0 -0.0 -0.0; -0.0 -0.0 -0.0 -0.0 -0.0 -0.0 -0.0 -0.0 -0.0 0.0 -0.0 -0.0 -0.0 -0.0 -0.0; -0.0 -0.0 -0.0 -0.0 -0.0 -0.0 -0.0 -0.0 -0.0 -0.0 18.0 -0.0 -0.0 -0.0 -0.0; -0.0 -0.0 -0.0 -0.0 -0.0 -0.0 -0.0 -0.0 -0.0 -0.0 -0.0 -0.0 15.0 9.0 17.0;;;]]
x_bb,"[1.0, 0.0, 32.0, 35.0]"
x_box,"[10.0, 0.0, 27.99999929444449, 30.000000706430512]"
evol_zeta,"[[2.346, 17.0], [2.382, 17.0], [2.447, 16.5], [2.548, 15.0], [2.871, 15.0], [3.301, 14.125], [4.197, 13.87499999999998], [5.068, 13.1428551940228], [7.404, 12.333333666545778], [9.219, 12.000000110966779], [12.086, 12.0], [14.516, 11.399999999999967], [18.385, 12.0], [25.779, 11.8], [32.59, 11.0], [51.073, 11.0], [78.773, 11.000000000000085], [88.266, 11.0], [183.764, 11.42857142857143], [194.255, 11.0], [350.062, 11.0], [421.76, 10.5], [540.622, 9.875], [570.909, 11.0], [586.577, 11.0], [673.087, 11.0], [961.107, 10.600000000000001], [996.771, 9.777777777777779], [1910.389, 10.100000000000001], [1992.371, 10.0], [2645.584, 10.857142857142854], [2834.198, 9.8], [2911.325, 8.777777777777779], [3600.026, 0.0]]"
ξ_box,[10.0 11.0 11.0 11.0; 0.0 0.0 0.0 0.0; 0.0 -0.0 4.0 3.0; 0.0 2.0 5.0 6.0; 0.0 11.0 14.0 15.0; 2.0 8.0 15.0 16.0; 9.0 12.0 8.0 22.0; 17.0 5.0 13.0 15.0; 27.0 15.0 3.0 20.0; 17.0 20.0 12.0 16.0; 12.999999292972657 17.0 14.0 7.0; 15.0 15.0 8.0 1.0; 10.0 14.0 12.0 -0.0; 9.0 9.0 9.0 6.0; 17.0 5.0 17.0 5.0]
