first,second
s_box,[10.0 12.0 16.0 5.0; 6.0 19.0 12.0 7.0; 1.0 0.0 6.0 15.0; 0.0 12.0 7.0 13.0; 2.0 0.0 9.0 15.0; 0.0 0.0 0.0 0.0; 0.0 0.0 0.0 1.0; 0.0 0.0 0.0 0.0; 20.0 0.0 10.0 0.0; 9.0 0.0 10.0 17.0; 26.0 17.0 13.0 11.0; 4.0 14.0 0.0 0.0; 0.0 4.0 0.0 0.0; 3.0 3.0 1.0 0.0; 3.0 3.0 1.0 0.0]
x_pb,"[-0.0, 57.0, -0.0, 17.0]"
s_bb,[23.0 -0.0 -0.0 -0.0; 19.0 -0.0 -0.0 -0.0; 13.0 -0.0 -0.0 -0.0; 11.0 -0.0 -0.0 -0.0; 9.0 -0.0 -0.0 -0.0; -0.0 -0.0 -0.0 1.0; -0.0 17.0 2.0 22.0; -0.0 -0.0 -0.0 -0.0; 16.0 -0.0 -0.0 -0.0; 21.0 12.0 -0.0 9.0; -0.0 -0.0 -0.0 14.0; -0.0 -0.0 17.0 -0.0; -0.0 3.0 4.0 -0.0; -0.0 -0.0 -0.0 -0.0; -0.0 -0.0 -0.0 -0.0]
partition_bb,"[[[0.0, 0.0, 0.0, 0.0, 0.0, 0.0, 3.0, 10.0, 17.0, 21.0, 26.0, 0.0, 0.0, 0.0, 0.0], [23.0, 19.0, 13.0, 11.0, 9.0, 0.0, 0.0, 0.0, 0.0, 0.0, 0.0, 0.0, 0.0, 0.0, 0.0], [15.0, 11.0, 5.0, 3.0, 1.0, 0.0, 0.0, 0.0, 6.0, 10.0, 15.0, 15.0, 2.0, 1.0, 1.0], [13.0, 9.0, 3.0, 1.0, 0.0, 13.0, 5.0, 0.0, 4.0, 8.0, 13.0, 13.0, 0.0, 0.0, 0.0]], [[0.0, 1.0, 0.0, 0.0, 0.0, 8.0, 0.0, 1.0, 8.0, 12.0, 17.0, 17.0, 4.0, 3.0, 3.0], [0.0, 0.0, 0.0, 2.0, 1.0, 9.0, 17.0, 12.0, 5.0, 1.0, 0.0, 17.0, 4.0, 3.0, 3.0]], [[17.0, 13.0, 7.0, 5.0, 3.0, 0.0, 2.0, 0.0, 0.0, 0.0, 0.0, 17.0, 4.0, 3.0, 3.0], [16.0, 12.0, 6.0, 4.0, 3.0, 16.0, 8.0, 1.0, 0.0, 0.0, 0.0, 0.0, 3.0, 2.0, 3.0]], [[0.0, 0.0, 2.0, 4.0, 6.0, 14.0, 22.0, 15.0, 8.0, 4.0, 0.0, 0.0, 0.0, 0.0, 0.0], [14.0, 10.0, 4.0, 2.0, 1.0, 14.0, 6.0, 0.0, 5.0, 9.0, 14.0, 0.0, 0.0, 0.0, 0.0]]]"
y_box,[0.0 0.0 0.0 0.0 0.0 0.0 0.0 0.0 0.0 0.0 0.0 0.0 0.0 0.0 0.0; 0.0 0.0 0.0 0.0 0.0 15.0 17.0 13.0 0.0 10.0 0.0 0.0 0.0 0.0 0.0; 0.0 0.0 0.0 0.0 0.0 0.0 0.0 0.0 0.0 2.0 0.0 0.0 0.0 0.0 0.0; 0.0 0.0 0.0 0.0 0.0 0.0 0.0 0.0 0.0 0.0 0.0 13.0 4.0 0.0 0.0;;; 0.0 0.0 0.0 0.0 0.0 0.0 0.0 0.0 0.0 0.0 0.0 0.0 0.0 0.0 0.0; 11.0 0.0 13.0 0.0 12.0 0.0 0.0 11.0 8.0 0.0 0.0 0.0 0.0 0.0 0.0; 0.0 0.0 0.0 0.0 0.0 0.0 0.0 0.0 0.0 2.0 0.0 0.0 0.0 0.0 0.0; 0.0 0.0 0.0 0.0 0.0 0.0 4.0 0.0 0.0 10.0 0.0 3.0 0.0 0.0 0.0;;; 0.0 0.0 0.0 0.0 0.0 0.0 0.0 0.0 0.0 0.0 0.0 0.0 0.0 0.0 0.0; 0.0 0.0 0.0 0.0 0.0 16.0 22.0 17.0 0.0 0.0 0.0 0.0 0.0 0.0 0.0; 0.0 0.0 0.0 0.0 0.0 0.0 0.0 0.0 0.0 0.0 2.0 0.0 0.0 0.0 0.0; 0.0 0.0 0.0 0.0 0.0 0.0 0.0 0.0 0.0 0.0 0.0 15.0 2.0 0.0 0.0;;; 0.0 0.0 0.0 0.0 0.0 0.0 0.0 0.0 0.0 0.0 0.0 0.0 0.0 0.0 0.0; 0.0 0.0 0.0 0.0 0.0 16.0 14.0 11.0 14.0 0.0 0.0 0.0 0.0 0.0 0.0; 0.0 0.0 0.0 0.0 0.0 0.0 0.0 0.0 0.0 0.0 2.0 0.0 0.0 0.0 0.0; 0.0 0.0 0.0 0.0 0.0 0.0 0.0 0.0 0.0 0.0 5.0 12.0 0.0 0.0 0.0]
evol_bb,Vector{Float64}[]
y_bb,[0.0 0.0 -0.0 -0.0 -0.0 -0.0 -0.0 -0.0 -0.0 -0.0 -0.0 -0.0 -0.0 -0.0 -0.0; -0.0 -0.0 0.0 0.0 0.0 13.0 5.0 10.0 1.0 -0.0 -0.0 -0.0 -0.0 -0.0 -0.0; -0.0 -0.0 -0.0 -0.0 -0.0 -0.0 -0.0 -0.0 -0.0 -0.0 26.0 -0.0 -0.0 -0.0 -0.0; -0.0 -0.0 -0.0 -0.0 -0.0 -0.0 -0.0 -0.0 -0.0 -0.0 -0.0 15.0 2.0 1.0 1.0;;; -0.0 -0.0 -0.0 -0.0 -0.0 -0.0 -0.0 -0.0 -0.0 -0.0 0.0 -0.0 -0.0 -0.0 -0.0; -0.0 -0.0 -0.0 0.0 0.0 9.0 -0.0 -0.0 -0.0 -0.0 -0.0 16.0 1.0 -0.0 3.0; -0.0 1.0 -0.0 -0.0 -0.0 -0.0 0.0 4.0 -0.0 -0.0 17.0 1.0 -0.0 3.0 -0.0; -0.0 -0.0 -0.0 2.0 1.0 -0.0 -0.0 8.0 8.0 0.0 -0.0 -0.0 -0.0 -0.0 -0.0;;; 0.0 0.0 -0.0 -0.0 -0.0 0.0 -0.0 -0.0 -0.0 -0.0 -0.0 -0.0 -0.0 -0.0 -0.0; -0.0 -0.0 -0.0 5.0 1.0 16.0 -0.0 1.0 -0.0 -0.0 -0.0 -0.0 -0.0 3.0 3.0; 17.0 1.0 -0.0 0.0 2.0 -0.0 6.0 -0.0 -0.0 -0.0 -0.0 0.0 0.0 -0.0 -0.0; -0.0 12.0 7.0 -0.0 -0.0 -0.0 -0.0 -0.0 -0.0 -0.0 -0.0 -0.0 -0.0 -0.0 -0.0;;; 0.0 -0.0 -0.0 -0.0 -0.0 -0.0 -0.0 -0.0 -0.0 -0.0 -0.0 -0.0 -0.0 -0.0 -0.0; 14.0 -0.0 -0.0 0.0 6.0 1.0 -0.0 -0.0 8.0 -0.0 0.0 -0.0 -0.0 -0.0 -0.0; -0.0 7.0 4.0 -0.0 -0.0 -0.0 0.0 15.0 -0.0 -0.0 -0.0 -0.0 -0.0 -0.0 -0.0; 0.0 3.0 -0.0 4.0 -0.0 12.0 -0.0 -0.0 -0.0 0.0 -0.0 -0.0 -0.0 -0.0 -0.0]
evol_box,"[[0.441, 0.0], [2.114, 281616.4524565672], [2.214, 281616.45245647617], [2.252, 281616.4524565672], [2.343, 281881.6064909632], [2.774, 2.6168067756662876e6], [3.293, 2.6168067756662755e6], [3.9, 2.616806775666287e6], [4.85, 2.8968633088197047e6], [6.832, 3.737385047388413e6], [8.69, 4.297699575074305e6], [11.533, 4.39119754382214e6], [14.781, 4.671536120753674e6], [18.662, 4.951487576709577e6], [23.904, 4.951727689223948e6], [28.272, 5.138560519001975e6], [32.521, 5.325232335268901e6], [35.484, 5.792347588345742e6], [43.183, 5.885674009403374e6], [50.104, 5.885764505189798e6], [55.315, 5.979477946586832e6], [61.21, 6.0727118241728945e6], [70.946, 6.259464074259422e6], [82.942, 6.539503662821542e6], [98.951, 6.632853885291635e6], [124.559, 6.913121527759695e6], [148.598, 6.913145610959359e6], [173.181, 6.913274823882305e6], [202.21, 7.099890293187944e6], [232.203, 7.193267978536034e6], [268.629, 7.286874287563897e6], [318.204, 7.380076958250714e6], [645.922, 7.473516647576447e6], [708.773, 7.473516647576447e6], [792.417, 7.566924356037794e6], [863.22, 7.660382591647529e6], [1217.567, 7.660441773889979e6], [1319.801, 7.660537138296443e6], [1478.062, 7.660576352369995e6], [1734.551, 7.753708710077173e6], [3004.309, 7.753809212625462e6], [3164.303, 7.753927005181703e6], [3449.008, 7.847317835805709e6], [3600.036, 7.940552933683771e6]]"
y_pb,[[-0.0 -0.0 -0.0 0.0 -0.0 -0.0 -0.0 -0.0 -0.0 -0.0 -0.0 -0.0 -0.0 -0.0 -0.0; -0.0 -0.0 -0.0 -0.0 -0.0 13.0 22.0 22.0 -0.0 -0.0 -0.0 -0.0 -0.0 -0.0 -0.0; -0.0 -0.0 -0.0 -0.0 -0.0 -0.0 -0.0 -0.0 -0.0 -0.0 0.0 -0.0 -0.0 -0.0 -0.0; -0.0 -0.0 -0.0 -0.0 -0.0 -0.0 -0.0 -0.0 -0.0 -0.0 -0.0 17.0 -0.0 -0.0 -0.0;;;]]
x_bb,"[0.0, 29.0, 26.0, 19.0]"
x_box,"[0.0, 55.0, 2.0, 17.0]"
evol_zeta,"[[2.199, 22.8], [2.229, 18.874999999999996], [2.273, 17.0], [2.366, 17.0], [2.796, 17.0], [3.315, 16.0], [3.927, 16.0], [4.863, 16.0], [6.857, 15.0], [8.719, 14.727272727272727], [11.564, 14.9], [14.81, 14.08333333333332], [18.688, 13.399999999999977], [23.927, 13.20000119905458], [28.292, 14.100000000000001], [32.566, 12.11111111111111], [35.507, 14.0], [43.201, 10.600000000000001], [50.125, 12.88888888888889], [55.344, 11.7], [61.242, 11.875], [70.974, 11.5], [82.957, 10.899999999999999], [98.972, 9.571428572485729], [124.588, 9.749999999999996], [148.655, 10.222222222222221], [173.223, 9.666666666666664], [202.241, 9.142857142857139], [232.27, 8.555555555555555], [268.656, 9.333333333333334], [318.227, 9.444444444444445], [645.951, 9.000000001000002], [708.803, 9.0], [792.452, 9.249999999999998], [863.257, 10.199999999999989], [1217.625, 7.833333333333336], [1319.847, 8.181818263544633], [1478.098, 9.600000000000001], [1734.592, 8.0], [3004.348, 9.0], [3164.334, 8.88888888888889], [3449.036, 8.5], [3600.051, 0.0]]"
ξ_box,[10.0 23.0 16.0 5.0; 6.0 19.0 12.0 7.0; 1.0 13.0 6.0 15.0; 0.0 12.0 7.0 13.0; 2.0 12.0 9.0 15.0; 15.0 -0.0 16.0 16.0; 17.0 4.0 22.0 15.0; 13.0 11.0 17.0 11.0; 20.0 8.0 10.0 14.0; 21.0 12.0 10.0 17.0; 26.0 17.0 15.0 17.0; 17.0 17.0 15.0 12.0; 4.0 4.0 2.0 0.0; 3.0 3.0 1.0 0.0; 3.0 3.0 1.0 0.0]
