first,second
s_box,[0.0 1.0 0.0 0.0; 0.0 1.0 0.0 0.0; 0.0 1.0 0.0 0.0; 3.0 0.0 8.0 0.0; 18.0 18.0 17.0 13.0; 0.0 0.0 0.0 19.0; 16.0 6.0 1.0 20.0; 0.0 15.0 0.0 0.0; 0.0 0.0 15.0 0.0; 7.0 0.0 0.0 2.0; 15.0 0.0 17.0 16.0; 0.0 14.0 7.0 6.0; 7.0 10.0 0.0 1.0; 0.0 0.0 1.0 0.0; 10.0 10.0 10.0 0.0]
x_pb,"[8.0, 49.0, -0.0, -0.0]"
s_bb,[7.0 -0.0 -0.0 -0.0; 3.0 -0.0 -0.0 -0.0; 3.0 -0.0 -0.0 -0.0; 0.0 -0.0 -0.0 -0.0; 21.0 -0.0 -0.0 -0.0; 28.0 -0.0 -0.0 -0.0; 27.0 -0.0 -0.0 -0.0; 0.0 -0.0 -0.0 -0.0; 0.0 -0.0 -0.0 -0.0; 21.0 -0.0 -0.0 -0.0; 17.0 -0.0 -0.0 -0.0; 14.0 -0.0 -0.0 -0.0; 10.0 -0.0 -0.0 -0.0; 1.0 -0.0 -0.0 -0.0; 10.0 -0.0 -0.0 -0.0]
partition_bb,"[[[0.0, 0.0, 0.0, 1.0, 15.0, 28.0, 14.0, 0.0, 0.0, 0.0, 0.0, 0.0, 0.0, 0.0, 0.0], [0.0, 0.0, 0.0, 0.0, 0.0, 0.0, 11.0, 25.0, 15.0, 8.0, 2.0, 0.0, 0.0, 0.0, 0.0], [1.0, 3.0, 1.0, 0.0, 0.0, 0.0, 0.0, 0.0, 8.0, 17.0, 17.0, 7.0, 2.0, 1.0, 0.0], [0.0, 0.0, 0.0, 0.0, 0.0, 13.0, 27.0, 13.0, 5.0, 0.0, 0.0, 0.0, 0.0, 0.0, 0.0], [0.0, 0.0, 0.0, 0.0, 15.0, 23.0, 9.0, 0.0, 0.0, 0.0, 0.0, 0.0, 0.0, 0.0, 10.0], [0.0, 0.0, 0.0, 0.0, 7.0, 20.0, 6.0, 10.0, 0.0, 0.0, 0.0, 5.0, 10.0, 1.0, 0.0], [0.0, 0.0, 0.0, 0.0, 0.0, 0.0, 1.0, 13.0, 23.0, 14.0, 10.0, 0.0, 0.0, 0.0, 0.0], [0.0, 1.0, 3.0, 8.0, 7.0, 0.0, 0.0, 0.0, 0.0, 9.0, 4.0, 14.0, 10.0, 1.0, 0.0], [7.0, 3.0, 3.0, 8.0, 21.0, 8.0, 0.0, 0.0, 0.0, 0.0, 0.0, 0.0, 0.0, 1.0, 6.0], [0.0, 0.0, 0.0, 0.0, 0.0, 0.0, 0.0, 5.0, 13.0, 22.0, 14.0, 4.0, 0.0, 0.0, 0.0]], Vector{Float64}[], Vector{Float64}[], Vector{Float64}[]]"
y_box,[0.0 0.0 0.0 0.0 0.0 0.0 0.0 0.0 0.0 0.0 0.0 0.0 0.0 0.0 0.0; 0.0 0.0 0.0 0.0 0.0 28.0 0.0 4.0 14.0 0.0 0.0 7.0 3.0 1.0 0.0; 0.0 0.0 0.0 0.0 0.0 0.0 0.0 0.0 0.0 0.0 0.0 0.0 0.0 0.0 0.0; 0.0 0.0 0.0 0.0 0.0 0.0 0.0 0.0 0.0 0.0 0.0 0.0 0.0 0.0 0.0;;; 0.0 0.0 0.0 0.0 0.0 0.0 0.0 0.0 0.0 0.0 0.0 0.0 0.0 0.0 0.0; 0.0 0.0 0.0 4.0 1.0 18.0 13.0 0.0 4.0 12.0 4.0 0.0 0.0 1.0 0.0; 0.0 0.0 0.0 0.0 0.0 0.0 0.0 0.0 0.0 0.0 0.0 0.0 0.0 0.0 0.0; 0.0 0.0 0.0 0.0 0.0 0.0 0.0 0.0 0.0 0.0 0.0 0.0 0.0 0.0 0.0;;; 0.0 0.0 0.0 0.0 0.0 0.0 0.0 0.0 0.0 0.0 0.0 0.0 0.0 0.0 0.0; 0.0 3.0 3.0 0.0 0.0 15.0 0.0 15.0 0.0 19.0 0.0 0.0 2.0 0.0 0.0; 0.0 0.0 0.0 0.0 0.0 0.0 0.0 0.0 0.0 0.0 0.0 0.0 0.0 0.0 0.0; 0.0 0.0 0.0 0.0 0.0 0.0 0.0 0.0 0.0 0.0 0.0 0.0 0.0 0.0 0.0;;; 0.0 0.0 0.0 0.0 0.0 0.0 0.0 0.0 0.0 0.0 0.0 0.0 0.0 0.0 0.0; 0.0 0.0 0.0 0.0 0.0 0.0 0.0 25.0 19.0 13.0 0.0 0.0 0.0 0.0 0.0; 0.0 0.0 0.0 0.0 0.0 0.0 0.0 0.0 0.0 0.0 0.0 0.0 0.0 0.0 0.0; 0.0 0.0 0.0 0.0 0.0 0.0 0.0 0.0 0.0 0.0 0.0 0.0 0.0 0.0 0.0]
evol_bb,"[[1200.004, 1.7845034406448156e7]]"
y_bb,[0.0 0.0 0.0 8.0 0.0 0.0 0.0 -0.0 -0.0 -0.0 -0.0 -0.0 -0.0 -0.0 -0.0; -0.0 -0.0 -0.0 -0.0 -0.0 -0.0 -0.0 25.0 23.0 1.0 -0.0 -0.0 -0.0 -0.0 -0.0; -0.0 -0.0 -0.0 -0.0 -0.0 -0.0 -0.0 -0.0 -0.0 -0.0 -0.0 -0.0 -0.0 -0.0 -0.0; -0.0 -0.0 -0.0 -0.0 -0.0 -0.0 -0.0 -0.0 -0.0 -0.0 0.0 0.0 0.0 0.0 0.0;;; -0.0 -0.0 -0.0 -0.0 -0.0 -0.0 -0.0 -0.0 -0.0 -0.0 -0.0 -0.0 -0.0 -0.0 -0.0; -0.0 -0.0 -0.0 -0.0 -0.0 -0.0 -0.0 -0.0 -0.0 -0.0 -0.0 -0.0 -0.0 -0.0 -0.0; -0.0 -0.0 -0.0 -0.0 -0.0 -0.0 -0.0 -0.0 -0.0 -0.0 -0.0 -0.0 -0.0 -0.0 -0.0; -0.0 -0.0 -0.0 -0.0 -0.0 -0.0 -0.0 -0.0 -0.0 -0.0 -0.0 -0.0 -0.0 -0.0 -0.0;;; -0.0 -0.0 -0.0 -0.0 -0.0 -0.0 -0.0 -0.0 -0.0 -0.0 -0.0 -0.0 -0.0 -0.0 -0.0; -0.0 -0.0 -0.0 -0.0 -0.0 -0.0 -0.0 -0.0 -0.0 -0.0 -0.0 -0.0 -0.0 -0.0 -0.0; -0.0 -0.0 -0.0 -0.0 -0.0 -0.0 -0.0 -0.0 -0.0 -0.0 -0.0 -0.0 -0.0 -0.0 -0.0; -0.0 -0.0 -0.0 -0.0 -0.0 -0.0 -0.0 -0.0 -0.0 -0.0 -0.0 -0.0 -0.0 -0.0 -0.0;;; -0.0 -0.0 -0.0 -0.0 -0.0 -0.0 -0.0 -0.0 -0.0 -0.0 -0.0 -0.0 -0.0 -0.0 -0.0; -0.0 -0.0 -0.0 -0.0 -0.0 -0.0 -0.0 -0.0 -0.0 -0.0 -0.0 -0.0 -0.0 -0.0 -0.0; -0.0 -0.0 -0.0 -0.0 -0.0 -0.0 -0.0 -0.0 -0.0 -0.0 -0.0 -0.0 -0.0 -0.0 -0.0; -0.0 -0.0 -0.0 -0.0 -0.0 -0.0 -0.0 -0.0 -0.0 -0.0 -0.0 -0.0 -0.0 -0.0 -0.0]
evol_box,"[[0.49, 0.0], [2.149, 111862.19970871272], [2.283, 442134.3155097143], [2.396, 442134.31550971436], [2.479, 662488.9774661716], [2.664, 1.9842184541702454e6], [2.876, 2.8653861325524068e6], [3.989, 3.085624357600824e6], [4.317, 3.3059936069151e6], [4.633, 3.856603132782514e6], [9.538, 4.2973393148811385e6], [10.309, 4.627624524136198e6], [12.88, 4.847913410713566e6], [16.888, 5.068243009677686e6], [21.129, 5.178412947635755e6], [23.947, 5.398664135862518e6], [27.022, 5.618989255165812e6], [30.547, 5.729089823188573e6], [34.829, 5.7290964134859685e6], [39.807, 5.839215669763407e6], [45.573, 5.839215669763409e6], [50.388, 5.949409916878779e6], [56.055, 6.059502652602116e6], [71.239, 6.169760951130997e6], [87.272, 6.500125821164228e6], [101.365, 6.720378537796328e6], [117.553, 6.720382453889502e6], [137.278, 6.830557648435855e6], [168.685, 7.161017447582107e6], [207.462, 7.271105257009102e6], [245.664, 7.491454984973351e6], [299.623, 7.601539005875636e6], [377.42, 7.601596061068071e6], [439.634, 7.601643475120075e6], [588.505, 7.821832122837476e6], [666.414, 7.932057496311786e6], [802.103, 8.042116186072876e6], [992.688, 8.262406819940943e6], [1276.606, 8.262396617653692e6], [1450.613, 8.262435777255731e6], [1763.628, 8.372561977845507e6], [2110.152, 8.48268628452898e6], [2386.05, 8.48268628452898e6], [2789.199, 8.482688384794863e6], [3600.021, 8.482704273862166e6]]"
y_pb,[[-0.0 -0.0 -0.0 8.0 -0.0 -0.0 -0.0 -0.0 -0.0 -0.0 -0.0 -0.0 -0.0 -0.0 -0.0; -0.0 -0.0 -0.0 -0.0 -0.0 -0.0 -0.0 24.999999999999996 23.0 1.0 -0.0 -0.0 -0.0 -0.0 -0.0; -0.0 -0.0 -0.0 -0.0 -0.0 -0.0 -0.0 -0.0 -0.0 0.0 -0.0 -0.0 -0.0 -0.0 -0.0; -0.0 -0.0 -0.0 -0.0 -0.0 -0.0 -0.0 -0.0 -0.0 0.0 -0.0 -0.0 -0.0 -0.0 -0.0;;;]]
x_bb,"[8.0, 49.0, 0.0, 0.0]"
x_box,"[0.0, 57.0, 0.0, 0.0]"
evol_zeta,"[[2.262, 24.2], [2.328, 18.5], [2.454, 16.333333333333332], [2.513, 15.0], [2.698, 14.714285714285714], [2.91, 15.0], [4.044, 14.0], [4.364, 13.333333333333334], [4.672, 13.5], [9.587, 12.142857142857121], [10.353, 12.624999999999964], [12.906, 12.0], [16.91, 11.125], [21.159, 11.714285714285715], [23.97, 11.571428571428571], [27.047, 10.500000000000005], [30.597, 11.333333333333336], [34.876, 10.599999999999998], [39.827, 11.714285714285715], [45.631, 11.200000000000003], [50.407, 10.714285714285715], [56.108, 10.428571428571429], [71.267, 10.0], [87.296, 10.428571428571429], [101.392, 10.142857142857142], [117.579, 10.0], [137.301, 10.0], [168.748, 9.999999999999998], [207.508, 10.0], [245.701, 10.0], [299.657, 10.000000000000002], [377.451, 10.0], [439.675, 10.0], [588.533, 10.0], [666.442, 10.285714285714278], [802.124, 10.0], [992.714, 10.0], [1276.664, 9.125], [1450.642, 10.0], [1763.651, 10.0], [2110.17, 10.0], [2386.082, 10.0], [2789.225, 10.0], [3600.036, 0.0]]"
ξ_box,[0.0 1.0 -0.0 -0.0; 0.0 1.0 3.0 0.0; 0.0 1.0 3.0 0.0; 3.0 4.0 8.0 0.0; 18.0 19.0 17.0 13.0; 28.0 18.0 15.0 19.0; 16.0 19.0 1.0 20.0; 4.0 14.0 15.0 25.0; 14.0 4.0 15.0 19.0; 7.0 12.0 19.0 15.0; 15.0 4.0 17.0 16.0; 7.0 14.0 7.0 6.0; 10.0 10.0 2.0 1.0; 1.0 1.0 1.0 0.0; 10.0 10.0 10.0 0.0]
