first,second
s_box,[8.0 12.0 -0.0; -0.0 -0.0 -0.0; 23.0 -0.0 -0.0; 0.0 -0.0 -0.0; 20.0 0.0 -0.0; 24.0 15.0 18.0; 11.0 19.0 17.0; 8.0 20.0 18.0; -0.0 10.0 21.999999999999996; -0.0 21.0 20.0; 10.0 20.0 17.0; 11.0 19.0 16.0; 14.0 13.0 15.0; 22.0 11.0 14.0; 24.0 15.0 18.0]
x_pb,"[-0.0, 70.0, 8.0, -0.0]"
s_bb,[38.0 -0.0 20.0; 27.0 -0.0 -0.0; 20.0 21.0 -0.0; 15.0 10.0 15.0; 19.0 -0.0 17.0; -0.0 -0.0 -0.0; -0.0 18.0 11.0; -0.0 16.0 -0.0; 13.0 -0.0 20.0; 20.0 19.0 -0.0; -0.0 22.0 -0.0; -0.0 21.0 -0.0; -0.0 -0.0 -0.0; 22.0 -0.0 -0.0; 26.0 18.0 -0.0]
partition_bb,"[[[38.0, 27.0, 12.0, 2.0, 0.0, 0.0, 0.0, 0.0, 0.0, 0.0, 0.0, 0.0, 0.0, 0.0, 0.0], [0.0, 0.0, 0.0, 0.0, 0.0, 0.0, 0.0, 0.0, 0.0, 2.0, 9.0, 10.0, 14.0, 22.0, 26.0], [0.0, 9.0, 24.0, 15.0, 19.0, 12.0, 0.0, 0.0, 0.0, 0.0, 0.0, 0.0, 0.0, 0.0, 0.0], [0.0, 0.0, 0.0, 0.0, 0.0, 0.0, 0.0, 3.0, 13.0, 20.0, 4.0, 4.0, 6.0, 14.0, 18.0], [14.0, 25.0, 10.0, 0.0, 0.0, 3.0, 16.0, 13.0, 3.0, 0.0, 0.0, 0.0, 0.0, 0.0, 0.0]], [[0.0, 0.0, 0.0, 0.0, 0.0, 0.0, 13.0, 16.0, 26.0, 19.0, 3.0, 3.0, 0.0, 0.0, 0.0], [0.0, 0.0, 0.0, 0.0, 0.0, 5.0, 18.0, 15.0, 5.0, 0.0, 1.0, 2.0, 6.0, 14.0, 18.0], [0.0, 6.0, 21.0, 10.0, 7.0, 3.0, 16.0, 13.0, 3.0, 0.0, 0.0, 0.0, 0.0, 0.0, 0.0], [0.0, 0.0, 0.0, 0.0, 0.0, 0.0, 0.0, 0.0, 0.0, 6.0, 22.0, 21.0, 15.0, 9.0, 5.0]], [[0.0, 0.0, 5.0, 15.0, 17.0, 24.0, 11.0, 8.0, 0.0, 0.0, 0.0, 0.0, 0.0, 0.0, 0.0], [20.0, 9.0, 0.0, 0.0, 0.0, 0.0, 7.0, 10.0, 20.0, 13.0, 0.0, 0.0, 0.0, 0.0, 0.0]]]"
y_box,[-0.0 -0.0 -0.0 -0.0 -0.0 -0.0 -0.0 -0.0 -0.0 -0.0 -0.0 -0.0 -0.0 -0.0 -0.0; 25.0 0.0 -0.0 -0.0 -0.0 -0.0 -0.0 -0.0 -0.0 -0.0 -0.0 -0.0 -0.0 -0.0 -0.0; 5.0 27.0 0.0 16.0 -0.0 -0.0 -0.0 -0.0 -0.0 -0.0 -0.0 -0.0 -0.0 -0.0 -0.0; -0.0 -0.0 -0.0 -0.0 -0.0 -0.0 -0.0 -0.0 0.0 2.0 -0.0 -0.0 -0.0 -0.0 2.0;;; -0.0 -0.0 -0.0 -0.0 -0.0 -0.0 -0.0 -0.0 -0.0 -0.0 -0.0 -0.0 -0.0 -0.0 -0.0; 17.0 8.0 -0.0 -0.0 -0.0 -0.0 -0.0 -0.0 -0.0 -0.0 -0.0 -0.0 -0.0 -0.0 -0.0; -0.0 18.0 11.0 8.0 12.0 -0.0 -0.0 -0.0 -0.0 -0.0 -0.0 -0.0 -0.0 -0.0 -0.0; -0.0 -0.0 -0.0 -0.0 -0.0 -0.0 -0.0 -0.0 4.0 -0.0 -0.0 -0.0 -0.0 -0.0 -0.0;;; -0.0 -0.0 -0.0 -0.0 -0.0 -0.0 -0.0 -0.0 -0.0 -0.0 -0.0 -0.0 -0.0 -0.0 -0.0; 18.0 6.999999999999998 -0.0 -0.0 -0.0 -0.0 -0.0 -0.0 -0.0 -0.0 -0.0 -0.0 -0.0 -0.0 -0.0; -0.0 -0.0 19.0 16.0 14.0 -0.0 -0.0 -0.0 -0.0 -0.0 -0.0 -0.0 -0.0 -0.0 -0.0; -0.0 -0.0 -0.0 -0.0 -0.0 -0.0 -0.0 -0.0 4.0 -0.0 -0.0 -0.0 -0.0 -0.0 -0.0]
evol_bb,Vector{Float64}[]
y_bb,[-0.0 -0.0 -0.0 -0.0 -0.0 -0.0 5.0 2.0 -0.0 -0.0 -0.0 -0.0 -0.0 -0.0 -0.0; -0.0 -0.0 4.0 -0.0 -0.0 -0.0 11.0 -0.0 -0.0 -0.0 -0.0 -0.0 14.0 -0.0 -0.0; -0.0 -0.0 -0.0 -0.0 -0.0 12.0 -0.0 -0.0 -0.0 -0.0 9.0 10.0 -0.0 -0.0 -0.0; -0.0 -0.0 -0.0 -0.0 -0.0 -0.0 -0.0 11.0 -0.0 -0.0 -0.0 -0.0 -0.0 -0.0 -0.0;;; -0.0 -0.0 -0.0 -0.0 7.0 -0.0 -0.0 -0.0 -0.0 -0.0 -0.0 -0.0 -0.0 -0.0 -0.0; -0.0 -0.0 -0.0 -0.0 -0.0 -0.0 -0.0 -0.0 15.0 -0.0 -0.0 -0.0 -0.0 14.0 -0.0; -0.0 -0.0 -0.0 -0.0 -0.0 -0.0 -0.0 -0.0 16.0 -0.0 -0.0 -0.0 15.0 -0.0 -0.0; -0.0 6.0 -0.0 -0.0 -0.0 5.0 -0.0 -0.0 -0.0 -0.0 -0.0 -0.0 -0.0 -0.0 -0.0;;; -0.0 -0.0 -0.0 -0.0 -0.0 -0.0 -0.0 -0.0 -0.0 -0.0 -0.0 -0.0 -0.0 -0.0 -0.0; -0.0 9.0 5.0 -0.0 -0.0 -0.0 -0.0 10.0 -0.0 5.0 -0.0 -0.0 -0.0 -0.0 -0.0; -0.0 -0.0 -0.0 -0.0 -0.0 23.0 -0.0 -0.0 -0.0 8.0 -0.0 -0.0 -0.0 -0.0 -0.0; -0.0 -0.0 -0.0 -0.0 -0.0 11.0 -0.0 -0.0 -0.0 -0.0 -0.0 -0.0 -0.0 -0.0 -0.0]
evol_box,"[[0.453, 0.0], [1.982, 126161.3642334503], [2.074, 253750.84780542544], [2.103, 631714.9612041395], [2.195, 7.915406865970738e6], [2.338, 7.915406865971087e6], [2.484, 7.9154068659710875e6], [2.658, 9.295437944204194e6], [2.946, 9.295437944204196e6], [3.147, 9.295437944204196e6], [3.446, 1.0551503229131695e7], [4.078, 1.14313150847868e7], [4.473, 1.2059303320937192e7], [5.171, 1.2436537336244695e7], [5.705, 1.2812407600588966e7], [6.223, 1.281294249189369e7], [6.758, 1.293928692523142e7], [7.924, 1.3064933569765996e7], [10.43, 1.3691653265352018e7], [13.31, 1.3817259799966572e7], [14.206, 1.4194387008730298e7], [17.11, 1.4320624610470984e7], [18.934, 1.4947903909375846e7], [21.896, 1.5074012063914645e7], [24.04, 1.532577320862477e7], [27.576, 1.6078177341400467e7], [32.589, 1.6329390398385964e7], [35.78, 1.6455336966359463e7], [39.306, 1.7083029569342464e7], [44.511, 1.7084077891255755e7], [50.174, 1.758546882472569e7], [54.911, 1.771176213627159e7], [60.065, 1.7836668740298964e7], [67.51, 1.7963019211403728e7], [75.297, 1.7963527372309178e7], [83.049, 1.808788179728446e7], [89.689, 1.8214067623395298e7], [97.757, 1.8339094854269966e7], [108.096, 1.859075223624419e7], [116.921, 1.871645627888794e7], [131.339, 1.8842370578628175e7], [150.938, 1.8967176638650887e7], [168.867, 1.896751881680415e7], [187.301, 1.9092783167143635e7], [208.743, 1.9093343714913502e7], [233.743, 1.9218916307261296e7], [257.156, 1.9218916307261296e7], [291.53, 1.934459312178297e7], [333.841, 1.9469812851945985e7], [382.421, 1.9595209281114638e7], [435.404, 1.9720815809607387e7], [491.034, 1.9720868375256296e7], [538.263, 1.972118215023582e7], [599.288, 1.9846373196182963e7], [682.798, 1.9846617771285124e7], [752.703, 1.997199286608794e7], [811.859, 1.997252906486281e7], [913.748, 2.0097586253168464e7], [988.087, 2.0097740526383456e7], [1081.021, 2.022324192357839e7], [1285.204, 2.022374212184831e7], [1407.428, 2.0348953583368957e7], [1594.749, 2.0600166640354455e7], [1874.984, 2.0600546443477467e7], [2166.805, 2.0726003032530338e7], [2381.277, 2.097683195261771e7], [2820.551, 2.0976831952617712e7], [3093.527, 2.0977580914860405e7], [3595.297, 2.1102591501508728e7], [3600.036, 2.1982431624325827e7]]"
y_pb,[[0.0 -0.0 -0.0 -0.0 -0.0 -0.0 -0.0 -0.0 -0.0 -0.0 -0.0 -0.0 -0.0 -0.0 -0.0; 38.0 32.0 -0.0 -0.0 -0.0 -0.0 -0.0 -0.0 -0.0 -0.0 -0.0 -0.0 -0.0 -0.0 -0.0; -0.0 -0.0 8.0 -0.0 -0.0 -0.0 -0.0 -0.0 -0.0 -0.0 -0.0 -0.0 -0.0 -0.0 -0.0; -0.0 -0.0 -0.0 -0.0 -0.0 -0.0 -0.0 -0.0 0.0 -0.0 -0.0 -0.0 -0.0 -0.0 -0.0;;;]]
x_bb,"[7.0, 29.0, 31.0, 11.0]"
x_box,"[-0.0, 25.0, 49.0, 4.0]"
evol_zeta,"[[1.658, 37.75], [2.065, 25.66666666666672], [2.087, 25.166666666666664], [2.131, 23.666666666666664], [2.242, 20.625], [2.375, 19.714285716357153], [2.508, 19.125000000000004], [2.719, 18.555555555555557], [3.027, 18.5], [3.217, 18.0], [3.504, 17.85714285714286], [4.111, 17.5], [4.55, 15.100000000000003], [5.213, 17.199999999999992], [5.759, 16.625], [6.287, 16.0], [6.819, 15.142857142857135], [7.967, 15.571428571428557], [10.485, 15.666666489499512], [13.358, 16.22222222222222], [14.269, 15.0], [17.167, 15.5], [18.984, 14.888888888888886], [21.921, 13.444444444444445], [24.091, 14.88888888888889], [27.634, 14.125], [32.648, 13.399999999999999], [35.828, 14.300000001530009], [39.351, 13.125], [44.562, 13.500000000000012], [50.22, 14.375000000000009], [54.965, 12.399999999999999], [60.092, 12.333333333333332], [67.55, 13.999999999999984], [75.348, 13.999999999999995], [83.117, 12.000000001300002], [89.748, 12.49999999999999], [97.812, 13.100000000000001], [108.145, 11.777777777777779], [116.98, 12.249999999999998], [131.394, 12.0], [150.996, 14.222222222222221], [168.899, 13.0], [187.338, 13.899999999999999], [208.791, 11.0], [233.797, 10.666666666666664], [257.206, 11.09090909090909], [291.579, 12.0], [333.879, 13.499999999999986], [382.477, 12.799999999999997], [435.466, 11.875], [491.071, 13.199999999999978], [538.301, 11.428571428571427], [599.343, 9.777777777777779], [682.852, 11.22222222222227], [752.742, 10.333333333333332], [811.912, 11.250000001225004], [913.792, 10.875000000000004], [988.127, 11.375], [1081.062, 10.777777777777779], [1285.244, 10.833333333333332], [1407.457, 10.0], [1594.781, 10.125000000000002], [1875.032, 9.000000001000004], [2166.856, 10.2], [2381.322, 11.374999999999998], [2820.599, 9.555555555555543], [3093.563, 12.333333333333334], [3595.358, 8.250000000000012], [3600.051, 0.0]]"
ξ_box,[38.0 29.0 18.0; 27.0 26.0 7.0; 23.0 11.0 19.0; 16.0 8.0 16.0; 20.0 12.0 14.0; 24.0 15.0 18.0; 11.0 19.0 17.0; 8.0 20.0 18.0; 0.0 14.0 26.0; 2.0 21.0 20.0; 10.0 20.0 17.0; 11.0 19.0 16.0; 14.0 13.0 15.0; 22.0 11.0 14.0; 26.0 15.0 18.0]
