first,second
s_box,[25.0; 27.0; 0.0; 0.0; 0.0; 0.0; 19.0; 0.0; 0.0; 0.0; 0.0; 0.0; 0.0; 19.0; 33.0; 25.0; 22.0; 0.0; 0.0; 0.0;;]
x_pb,"[-0.0, 83.0, -0.0, 90.0, 46.0, -0.0, 43.0, 16.0]"
s_bb,[25.0; 27.0; 0.0; 0.0; 0.0; 0.0; 19.0; 0.0; 0.0; 0.0; 0.0; 0.0; 0.0; 19.0; 33.0; 25.0; 22.0; 0.0; 0.0; 0.0;;]
partition_bb,"[[[0.0, 0.0, 1.0, 2.0, 7.0, 11.0, 10.0, 10.0, 11.0, 15.0, 23.0, 24.0, 29.0, 36.0, 31.0, 23.0, 17.0, 14.0, 12.0, 2.0], [25.0, 27.0, 8.0, 5.0, 7.0, 3.0, 9.0, 0.0, 0.0, 0.0, 0.0, 0.0, 0.0, 7.0, 12.0, 4.0, 0.0, 0.0, 0.0, 0.0], [8.0, 6.0, 25.0, 24.0, 19.0, 15.0, 19.0, 10.0, 18.0, 15.0, 23.0, 24.0, 21.0, 14.0, 9.0, 9.0, 3.0, 0.0, 1.0, 16.0], [25.0, 27.0, 18.0, 15.0, 9.0, 10.0, 16.0, 10.0, 18.0, 14.0, 6.0, 5.0, 0.0, 7.0, 12.0, 11.0, 17.0, 17.0, 26.0, 16.0], [25.0, 27.0, 23.0, 24.0, 16.0, 15.0, 9.0, 10.0, 11.0, 15.0, 7.0, 6.0, 1.0, 3.0, 8.0, 16.0, 22.0, 17.0, 7.0, 16.0], [25.0, 24.0, 5.0, 6.0, 14.0, 15.0, 19.0, 10.0, 17.0, 13.0, 5.0, 6.0, 11.0, 18.0, 23.0, 25.0, 19.0, 17.0, 10.0, 0.0], [18.0, 20.0, 1.0, 0.0, 0.0, 0.0, 0.0, 9.0, 11.0, 15.0, 17.0, 16.0, 21.0, 28.0, 33.0, 25.0, 19.0, 17.0, 12.0, 16.0]]]"
y_box,[0.0 0.0 -0.0 -0.0 -0.0 -0.0 -0.0 -0.0 -0.0 -0.0 -0.0 -0.0 -0.0 -0.0 -0.0 -0.0 -0.0 -0.0 -0.0 -0.0; -0.0 -0.0 25.0 24.0 19.0 15.0 -0.0 -0.0 -0.0 -0.0 -0.0 -0.0 -0.0 -0.0 -0.0 -0.0 -0.0 -0.0 -0.0 -0.0; -0.0 -0.0 -0.0 -0.0 -0.0 -0.0 0.0 -0.0 -0.0 -0.0 -0.0 -0.0 -0.0 -0.0 -0.0 -0.0 -0.0 -0.0 -0.0 -0.0; -0.0 -0.0 -0.0 -0.0 -0.0 -0.0 -0.0 10.0 18.0 15.0 23.0 24.0 -0.0 -0.0 -0.0 -0.0 -0.0 -0.0 -0.0 -0.0; -0.0 -0.0 -0.0 -0.0 -0.0 -0.0 -0.0 -0.0 -0.0 -0.0 -0.0 -0.0 29.0 17.0 -0.0 -0.0 -0.0 -0.0 -0.0 -0.0; -0.0 -0.0 -0.0 -0.0 -0.0 -0.0 -0.0 -0.0 -0.0 -0.0 -0.0 -0.0 -0.0 -0.0 -0.0 -0.0 -0.0 -0.0 -0.0 -0.0; -0.0 -0.0 -0.0 -0.0 -0.0 -0.0 -0.0 -0.0 -0.0 -0.0 -0.0 -0.0 -0.0 -0.0 -0.0 0.0 0.0 17.0 26.0 -0.0; -0.0 -0.0 -0.0 -0.0 -0.0 -0.0 -0.0 -0.0 -0.0 -0.0 -0.0 -0.0 -0.0 -0.0 -0.0 -0.0 -0.0 -0.0 -0.0 16.0;;;]
evol_bb,"[[0.421, 2.1617654205078706e7]]"
y_bb,[0.0 0.0 -0.0 -0.0 -0.0 -0.0 -0.0 -0.0 -0.0 -0.0 -0.0 -0.0 -0.0 -0.0 -0.0 -0.0 -0.0 -0.0 -0.0 -0.0; -0.0 -0.0 25.0 24.0 19.0 15.0 -0.0 -0.0 -0.0 -0.0 -0.0 -0.0 -0.0 -0.0 -0.0 -0.0 -0.0 -0.0 -0.0 -0.0; -0.0 -0.0 -0.0 -0.0 -0.0 -0.0 0.0 -0.0 -0.0 -0.0 -0.0 -0.0 -0.0 -0.0 -0.0 -0.0 -0.0 -0.0 -0.0 -0.0; -0.0 -0.0 -0.0 -0.0 -0.0 -0.0 -0.0 10.0 18.0 15.0 23.0 24.0 -0.0 -0.0 -0.0 -0.0 -0.0 -0.0 -0.0 -0.0; -0.0 -0.0 -0.0 -0.0 -0.0 -0.0 -0.0 -0.0 -0.0 -0.0 -0.0 -0.0 29.0 17.0 -0.0 -0.0 -0.0 -0.0 -0.0 -0.0; -0.0 -0.0 -0.0 -0.0 -0.0 -0.0 -0.0 -0.0 -0.0 -0.0 -0.0 -0.0 -0.0 -0.0 -0.0 -0.0 -0.0 -0.0 -0.0 -0.0; -0.0 -0.0 -0.0 -0.0 -0.0 -0.0 -0.0 -0.0 -0.0 -0.0 -0.0 -0.0 -0.0 -0.0 -0.0 0.0 0.0 17.0 26.0 -0.0; -0.0 -0.0 -0.0 -0.0 -0.0 -0.0 -0.0 -0.0 -0.0 -0.0 -0.0 -0.0 -0.0 -0.0 -0.0 -0.0 -0.0 -0.0 -0.0 16.0;;;]
evol_box,"[[0.596, 0.0], [2.677, 4252.79665319508], [2.786, 1.4243701382259918e7], [2.795, 2.060056228574207e7], [2.806, 2.110910946742389e7], [2.826, 2.1490512551793877e7], [2.849, 2.1617654205078706e7]]"
y_pb,[[-0.0 0.0 -0.0 -0.0 -0.0 -0.0 -0.0 -0.0 -0.0 -0.0 -0.0 -0.0 -0.0 -0.0 -0.0 -0.0 -0.0 -0.0 -0.0 -0.0; -0.0 -0.0 25.000000000000004 24.0 19.0 15.0 -0.0 -0.0 -0.0 -0.0 -0.0 -0.0 -0.0 -0.0 -0.0 -0.0 -0.0 -0.0 -0.0 -0.0; -0.0 -0.0 -0.0 -0.0 -0.0 -0.0 0.0 -0.0 -0.0 -0.0 -0.0 -0.0 -0.0 -0.0 -0.0 -0.0 -0.0 -0.0 -0.0 -0.0; -0.0 -0.0 -0.0 -0.0 -0.0 -0.0 -0.0 10.000000000000002 18.0 15.0 23.000000000000004 24.0 -0.0 -0.0 -0.0 -0.0 -0.0 -0.0 -0.0 -0.0; -0.0 -0.0 -0.0 -0.0 -0.0 -0.0 -0.0 -0.0 -0.0 -0.0 -0.0 -0.0 29.0 17.0 -0.0 -0.0 -0.0 -0.0 -0.0 -0.0; -0.0 -0.0 -0.0 -0.0 -0.0 -0.0 -0.0 -0.0 -0.0 -0.0 -0.0 -0.0 -0.0 -0.0 0.0 -0.0 -0.0 -0.0 -0.0 -0.0; -0.0 -0.0 -0.0 -0.0 -0.0 -0.0 -0.0 -0.0 -0.0 -0.0 -0.0 -0.0 -0.0 -0.0 -0.0 -0.0 -0.0 17.000000000000004 26.0 -0.0; -0.0 -0.0 -0.0 -0.0 -0.0 -0.0 -0.0 -0.0 -0.0 -0.0 -0.0 -0.0 -0.0 -0.0 -0.0 -0.0 -0.0 -0.0 -0.0 16.0;;;]]
x_bb,"[0.0, 83.0, 0.0, 90.0, 46.0, 0.0, 43.0, 16.0]"
x_box,"[0.0, 83.0, 0.0, 90.0, 46.0, 0.0, 43.0, 16.0]"
evol_zeta,"[[2.174, 36.0], [2.783, 27.0], [2.792, 18.0], [2.803, 4.0], [2.823, 2.0], [2.846, 1.0], [2.887, 0.0]]"
ξ_box,[25.0; 27.0; 25.0; 24.0; 19.0; 15.0; 19.0; 10.0; 18.0; 15.0; 23.0; 24.0; 29.0; 36.0; 33.0; 25.0; 22.0; 17.0; 26.0; 16.0;;]
