first,second
s_box,[11.0; 27.0; 21.0; 17.0; 23.0; 25.0; 40.0; 37.0; 2.0; 0.0; 1.0; 0.0; 1.0; 0.0; 0.0; 30.0; 0.0; 0.0; 0.0; 17.0;;]
x_pb,"[89.0, 0.0, -0.0, 11.0, -0.0, 121.0, 85.0, 39.0]"
s_bb,[11.0; 27.0; 21.0; 17.0; 23.0; 25.0; 40.0; 37.0; 2.0; 0.0; 1.0; 0.0; 1.0; 0.0; 0.0; 30.0; 0.0; 0.0; 0.0; 17.0;;]
partition_bb,"[[[17.0, 17.0, 15.0, 11.0, 3.0, 3.0, 0.0, 7.0, 8.0, 9.0, 10.0, 21.0, 46.0, 36.0, 33.0, 27.0, 26.0, 23.0, 19.0, 14.0], [36.0, 28.0, 22.0, 18.0, 23.0, 25.0, 40.0, 37.0, 34.0, 33.0, 28.0, 21.0, 0.0, 0.0, 0.0, 0.0, 0.0, 0.0, 0.0, 0.0], [0.0, 10.0, 4.0, 0.0, 8.0, 6.0, 18.0, 24.0, 30.0, 29.0, 32.0, 21.0, 0.0, 10.0, 13.0, 7.0, 6.0, 9.0, 5.0, 0.0], [29.0, 18.0, 12.0, 8.0, 2.0, 0.0, 0.0, 0.0, 0.0, 0.0, 0.0, 11.0, 36.0, 39.0, 36.0, 30.0, 29.0, 26.0, 22.0, 17.0], [39.0, 28.0, 22.0, 18.0, 23.0, 25.0, 10.0, 15.0, 23.0, 22.0, 17.0, 21.0, 27.0, 17.0, 14.0, 8.0, 7.0, 4.0, 0.0, 8.0]]]"
y_box,[28.0 1.0 1.0 1.0 -0.0 -0.0 -0.0 -0.0 -0.0 -0.0 -0.0 -0.0 -0.0 -0.0 -0.0 -0.0 -0.0 -0.0 -0.0 -0.0; -0.0 -0.0 -0.0 -0.0 -0.0 0.0 -0.0 -0.0 -0.0 -0.0 -0.0 -0.0 -0.0 -0.0 -0.0 -0.0 -0.0 -0.0 -0.0 -0.0; -0.0 -0.0 -0.0 -0.0 -0.0 -0.0 -0.0 -0.0 -0.0 -0.0 -0.0 -0.0 -0.0 -0.0 -0.0 -0.0 -0.0 -0.0 -0.0 -0.0; -0.0 -0.0 -0.0 -0.0 -0.0 -0.0 0.0 0.0 32.0 33.0 31.0 -0.0 -0.0 -0.0 -0.0 -0.0 -0.0 -0.0 -0.0 -0.0; -0.0 -0.0 -0.0 -0.0 -0.0 -0.0 -0.0 -0.0 -0.0 -0.0 -0.0 21.0 -0.0 -0.0 -0.0 -0.0 -0.0 -0.0 -0.0 -0.0; -0.0 -0.0 -0.0 -0.0 -0.0 -0.0 -0.0 -0.0 -0.0 -0.0 -0.0 -0.0 45.0 39.0 36.0 -0.0 -0.0 -0.0 -0.0 -0.0; -0.0 -0.0 -0.0 -0.0 -0.0 -0.0 -0.0 -0.0 -0.0 -0.0 -0.0 -0.0 -0.0 -0.0 -0.0 -0.0 29.0 26.0 -0.0 -0.0; -0.0 -0.0 -0.0 -0.0 -0.0 -0.0 -0.0 -0.0 -0.0 -0.0 -0.0 -0.0 -0.0 -0.0 -0.0 -0.0 -0.0 -0.0 22.0 -0.0;;;]
evol_bb,"[[0.344, 3.177155215562278e7]]"
y_bb,[28.0 1.0 1.0 1.0 -0.0 -0.0 -0.0 -0.0 -0.0 -0.0 -0.0 -0.0 -0.0 -0.0 -0.0 -0.0 -0.0 -0.0 -0.0 -0.0; -0.0 -0.0 -0.0 -0.0 -0.0 0.0 -0.0 -0.0 -0.0 -0.0 -0.0 -0.0 -0.0 -0.0 -0.0 -0.0 -0.0 -0.0 -0.0 -0.0; -0.0 -0.0 -0.0 -0.0 -0.0 -0.0 -0.0 -0.0 -0.0 -0.0 -0.0 -0.0 -0.0 -0.0 -0.0 -0.0 -0.0 -0.0 -0.0 -0.0; -0.0 -0.0 -0.0 -0.0 -0.0 -0.0 0.0 0.0 32.0 33.0 31.0 -0.0 -0.0 -0.0 -0.0 -0.0 -0.0 -0.0 -0.0 -0.0; -0.0 -0.0 -0.0 -0.0 -0.0 -0.0 -0.0 -0.0 -0.0 -0.0 -0.0 21.0 -0.0 -0.0 -0.0 -0.0 -0.0 -0.0 -0.0 -0.0; -0.0 -0.0 -0.0 -0.0 -0.0 -0.0 -0.0 -0.0 -0.0 -0.0 -0.0 -0.0 45.0 39.0 36.0 -0.0 -0.0 -0.0 -0.0 -0.0; -0.0 -0.0 -0.0 -0.0 -0.0 -0.0 -0.0 -0.0 -0.0 -0.0 -0.0 -0.0 -0.0 -0.0 -0.0 -0.0 29.0 26.0 -0.0 -0.0; -0.0 -0.0 -0.0 -0.0 -0.0 -0.0 -0.0 -0.0 -0.0 -0.0 -0.0 -0.0 -0.0 -0.0 -0.0 -0.0 -0.0 -0.0 22.0 -0.0;;;]
evol_box,"[[0.47, 0.0], [2.255, 3122.215165868948], [2.343, 2.8241745859971855e7], [2.355, 2.8746059217437778e7], [2.365, 3.139336172739911e7], [2.38, 3.177155215562278e7]]"
y_pb,[[39.0 28.000000000000004 22.0 -0.0 -0.0 -0.0 -0.0 -0.0 -0.0 -0.0 -0.0 -0.0 -0.0 -0.0 -0.0 -0.0 -0.0 -0.0 -0.0 -0.0; -0.0 -0.0 -0.0 -0.0 -0.0 -0.0 -0.0 -0.0 -0.0 -0.0 -0.0 -0.0 -0.0 -0.0 -0.0 -0.0 -0.0 -0.0 -0.0 -0.0; -0.0 -0.0 -0.0 -0.0 -0.0 -0.0 -0.0 0.0 -0.0 -0.0 -0.0 -0.0 -0.0 -0.0 -0.0 -0.0 -0.0 -0.0 -0.0 -0.0; -0.0 -0.0 -0.0 -0.0 -0.0 -0.0 -0.0 11.0 -0.0 -0.0 -0.0 -0.0 -0.0 -0.0 -0.0 -0.0 -0.0 -0.0 -0.0 -0.0; -0.0 -0.0 -0.0 -0.0 -0.0 -0.0 -0.0 -0.0 -0.0 -0.0 -0.0 -0.0 0.0 -0.0 -0.0 -0.0 -0.0 -0.0 -0.0 -0.0; -0.0 -0.0 -0.0 -0.0 -0.0 -0.0 -0.0 -0.0 -0.0 -0.0 -0.0 -0.0 46.00000000000001 39.0 36.0 -0.0 -0.0 -0.0 -0.0 -0.0; -0.0 -0.0 -0.0 -0.0 -0.0 -0.0 -0.0 -0.0 -0.0 -0.0 -0.0 -0.0 -0.0 -0.0 -0.0 30.0 29.0 26.0 -0.0 -0.0; -0.0 -0.0 -0.0 -0.0 -0.0 -0.0 -0.0 -0.0 -0.0 -0.0 -0.0 -0.0 -0.0 -0.0 -0.0 -0.0 -0.0 -0.0 22.0 17.000000000000004;;;]]
x_bb,"[31.0, 0.0, 0.0, 96.0, 21.0, 120.0, 55.0, 22.0]"
x_box,"[31.0, 0.0, 0.0, 96.0, 21.0, 120.0, 55.0, 22.0]"
evol_zeta,"[[1.851, 46.00000000000001], [2.34, 40.0], [2.352, 4.000000000000028], [2.362, 3.000000000400007], [2.377, 3.0], [2.391, 0.0]]"
ξ_box,[39.0; 28.0; 22.0; 18.0; 23.0; 25.0; 40.0; 37.0; 34.0; 33.0; 32.0; 21.0; 46.0; 39.0; 36.0; 30.0; 29.0; 26.0; 22.0; 17.0;;]
