first,second
s_box,[0.0; 0.0; 0.0; 30.0; 35.0; 32.0; 29.0; 0.0; 0.0; 0.0; 0.0; 7.0; 17.0; 8.0; 0.0; 0.0; 0.0; 0.0; 0.0; 0.0;;]
x_pb,"[29.0, -0.0, -0.0, -0.0, 108.0, -0.0, 122.0, -0.0]"
s_bb,[0.0; 0.0; 0.0; 30.0; 35.0; 32.0; 29.0; 0.0; 0.0; 0.0; 0.0; 7.0; 17.0; 8.0; 0.0; 0.0; 0.0; 0.0; 0.0; 0.0;;]
partition_bb,"[[[3.0, 4.0, 18.0, 30.0, 35.0, 25.0, 22.0, 18.0, 18.0, 15.0, 10.0, 16.0, 14.0, 0.0, 0.0, 0.0, 0.0, 0.0, 18.0, 14.0], [1.0, 0.0, 6.0, 15.0, 13.0, 8.0, 7.0, 8.0, 7.0, 8.0, 6.0, 6.0, 6.0, 8.0, 12.0, 15.0, 24.0, 27.0, 6.0, 7.0], [0.0, 0.0, 5.0, 26.0, 31.0, 32.0, 29.0, 24.0, 22.0, 25.0, 25.0, 19.0, 17.0, 3.0, 1.0, 0.0, 0.0, 0.0, 0.0, 0.0], [1.0, 0.0, 6.0, 20.0, 16.0, 20.0, 17.0, 20.0, 18.0, 17.0, 9.0, 11.0, 9.0, 0.0, 4.0, 8.0, 18.0, 15.0, 19.0, 23.0], [7.0, 4.0, 4.0, 27.0, 22.0, 32.0, 29.0, 24.0, 22.0, 25.0, 17.0, 12.0, 14.0, 0.0, 0.0, 0.0, 9.0, 12.0, 0.0, 0.0], [1.0, 0.0, 9.0, 30.0, 32.0, 25.0, 24.0, 21.0, 21.0, 18.0, 10.0, 4.0, 2.0, 8.0, 10.0, 16.0, 5.0, 8.0, 11.0, 7.0], [0.0, 0.0, 9.0, 30.0, 30.0, 22.0, 19.0, 14.0, 12.0, 15.0, 7.0, 1.0, 2.0, 7.0, 11.0, 14.0, 25.0, 26.0, 11.0, 7.0]]]"
y_box,[7.0 4.0 18.0 0.0 -0.0 -0.0 -0.0 -0.0 -0.0 -0.0 -0.0 -0.0 -0.0 -0.0 -0.0 -0.0 -0.0 -0.0 -0.0 -0.0; -0.0 -0.0 -0.0 -0.0 -0.0 -0.0 -0.0 -0.0 -0.0 -0.0 -0.0 -0.0 -0.0 -0.0 -0.0 -0.0 -0.0 -0.0 -0.0 -0.0; -0.0 -0.0 -0.0 -0.0 0.0 0.0 0.0 -0.0 -0.0 -0.0 -0.0 -0.0 -0.0 -0.0 -0.0 -0.0 -0.0 -0.0 -0.0 -0.0; -0.0 -0.0 -0.0 -0.0 -0.0 -0.0 -0.0 -0.0 -0.0 -0.0 -0.0 -0.0 -0.0 -0.0 -0.0 -0.0 -0.0 -0.0 -0.0 -0.0; -0.0 -0.0 -0.0 -0.0 -0.0 -0.0 -0.0 24.0 22.0 25.0 25.0 12.0 -0.0 -0.0 -0.0 -0.0 -0.0 -0.0 -0.0 -0.0; -0.0 -0.0 -0.0 -0.0 -0.0 -0.0 -0.0 -0.0 -0.0 -0.0 -0.0 -0.0 0.0 -0.0 -0.0 -0.0 -0.0 -0.0 -0.0 -0.0; -0.0 -0.0 -0.0 -0.0 -0.0 -0.0 -0.0 -0.0 -0.0 -0.0 -0.0 -0.0 -0.0 0.0 12.0 16.0 25.0 27.0 19.0 23.0; -0.0 -0.0 -0.0 -0.0 -0.0 -0.0 -0.0 -0.0 -0.0 -0.0 -0.0 -0.0 -0.0 -0.0 -0.0 -0.0 -0.0 -0.0 -0.0 -0.0;;;]
evol_bb,"[[0.364, 2.048890461167722e7]]"
y_bb,[7.0 4.0 18.0 0.0 -0.0 -0.0 -0.0 -0.0 -0.0 -0.0 -0.0 -0.0 -0.0 -0.0 -0.0 -0.0 -0.0 -0.0 -0.0 -0.0; -0.0 -0.0 -0.0 -0.0 -0.0 -0.0 -0.0 -0.0 -0.0 -0.0 -0.0 -0.0 -0.0 -0.0 -0.0 -0.0 -0.0 -0.0 -0.0 -0.0; -0.0 -0.0 -0.0 -0.0 0.0 0.0 0.0 -0.0 -0.0 -0.0 -0.0 -0.0 -0.0 -0.0 -0.0 -0.0 -0.0 -0.0 -0.0 -0.0; -0.0 -0.0 -0.0 -0.0 -0.0 -0.0 -0.0 -0.0 -0.0 -0.0 -0.0 -0.0 -0.0 -0.0 -0.0 -0.0 -0.0 -0.0 -0.0 -0.0; -0.0 -0.0 -0.0 -0.0 -0.0 -0.0 -0.0 24.0 22.0 25.0 25.0 12.0 -0.0 -0.0 -0.0 -0.0 -0.0 -0.0 -0.0 -0.0; -0.0 -0.0 -0.0 -0.0 -0.0 -0.0 -0.0 -0.0 -0.0 -0.0 -0.0 -0.0 0.0 -0.0 -0.0 -0.0 -0.0 -0.0 -0.0 -0.0; -0.0 -0.0 -0.0 -0.0 -0.0 -0.0 -0.0 -0.0 -0.0 -0.0 -0.0 -0.0 -0.0 0.0 12.0 16.0 25.0 27.0 19.0 23.0; -0.0 -0.0 -0.0 -0.0 -0.0 -0.0 -0.0 -0.0 -0.0 -0.0 -0.0 -0.0 -0.0 -0.0 -0.0 -0.0 -0.0 -0.0 -0.0 -0.0;;;]
evol_box,"[[0.456, 0.0], [2.207, 137985.45178784218], [2.3, 1.1285350314475132e7], [2.309, 1.72481920046084e7], [2.321, 1.91926963564291e7], [2.333, 1.984073503788083e7], [2.342, 2.035927143968884e7], [2.356, 2.048890461167722e7]]"
y_pb,[[7.000000000000001 4.0 18.0 -0.0 -0.0 -0.0 -0.0 -0.0 -0.0 -0.0 -0.0 -0.0 -0.0 -0.0 -0.0 -0.0 -0.0 -0.0 -0.0 -0.0; -0.0 -0.0 -0.0 -0.0 -0.0 0.0 -0.0 -0.0 -0.0 -0.0 -0.0 -0.0 -0.0 -0.0 -0.0 -0.0 -0.0 -0.0 -0.0 -0.0; -0.0 -0.0 -0.0 -0.0 -0.0 0.0 -0.0 -0.0 -0.0 -0.0 -0.0 -0.0 -0.0 -0.0 -0.0 -0.0 -0.0 -0.0 -0.0 -0.0; -0.0 -0.0 -0.0 -0.0 -0.0 -0.0 0.0 -0.0 -0.0 -0.0 -0.0 -0.0 -0.0 -0.0 -0.0 -0.0 -0.0 -0.0 -0.0 -0.0; -0.0 -0.0 -0.0 -0.0 -0.0 -0.0 -0.0 24.0 22.0 25.000000000000004 25.000000000000004 12.0 -0.0 -0.0 -0.0 -0.0 -0.0 -0.0 -0.0 -0.0; -0.0 -0.0 -0.0 -0.0 -0.0 -0.0 -0.0 -0.0 -0.0 -0.0 -0.0 -0.0 0.0 -0.0 -0.0 -0.0 -0.0 -0.0 -0.0 -0.0; -0.0 -0.0 -0.0 -0.0 -0.0 -0.0 -0.0 -0.0 -0.0 -0.0 -0.0 -0.0 -0.0 -0.0 12.0 16.0 25.000000000000004 27.0 19.0 23.000000000000004; -0.0 -0.0 -0.0 -0.0 -0.0 -0.0 -0.0 -0.0 -0.0 -0.0 -0.0 -0.0 -0.0 -0.0 -0.0 -0.0 -0.0 -0.0 -0.0 0.0;;;]]
x_bb,"[29.0, 0.0, 0.0, 0.0, 108.0, 0.0, 122.0, 0.0]"
x_box,"[29.0, 0.0, 0.0, 0.0, 108.0, 0.0, 122.0, 0.0]"
evol_zeta,"[[1.798, 35.0], [2.298, 27.0], [2.307, 15.0], [2.318, 7.0], [2.33, 4.0], [2.339, 4.0], [2.353, 1.0], [2.375, 0.0]]"
ξ_box,[7.0; 4.0; 18.0; 30.0; 35.0; 32.0; 29.0; 24.0; 22.0; 25.0; 25.0; 19.0; 17.0; 8.0; 12.0; 16.0; 25.0; 27.0; 19.0; 23.0;;]
