first,second
s_box,[0.0; 0.0; 0.0; 0.0; 0.0; 0.0; 0.0; 0.0; 22.0; 0.0; 20.0; 16.0; 15.0; 11.0; 5.0; 2.0; 10.0; 0.0; 0.0; 0.0;;]
x_pb,"[39.0, 32.0, 77.0, 71.0, 21.0, -0.0, -0.0, 85.0]"
s_bb,[0.0; 0.0; 0.0; 0.0; 0.0; 0.0; 0.0; 0.0; 22.0; 0.0; 20.0; 16.0; 15.0; 11.0; 5.0; 2.0; 10.0; 0.0; 0.0; 0.0;;]
partition_bb,"[[[2.0, 9.0, 17.0, 21.0, 19.0, 27.0, 19.0, 21.0, 20.0, 15.0, 16.0, 16.0, 15.0, 7.0, 5.0, 2.0, 10.0, 15.0, 34.0, 36.0], [16.0, 23.0, 32.0, 28.0, 16.0, 15.0, 10.0, 12.0, 13.0, 0.0, 0.0, 7.0, 6.0, 0.0, 0.0, 0.0, 8.0, 3.0, 3.0, 6.0], [16.0, 16.0, 24.0, 28.0, 19.0, 24.0, 32.0, 30.0, 29.0, 17.0, 16.0, 16.0, 15.0, 11.0, 5.0, 2.0, 10.0, 15.0, 0.0, 0.0], [16.0, 23.0, 21.0, 25.0, 19.0, 27.0, 29.0, 31.0, 30.0, 21.0, 20.0, 16.0, 15.0, 11.0, 5.0, 2.0, 10.0, 5.0, 0.0, 0.0], [16.0, 23.0, 32.0, 31.0, 19.0, 27.0, 32.0, 30.0, 29.0, 17.0, 16.0, 16.0, 15.0, 7.0, 5.0, 2.0, 10.0, 5.0, 0.0, 0.0]]]"
y_box,[16.0 23.0 -0.0 -0.0 -0.0 -0.0 -0.0 -0.0 -0.0 -0.0 -0.0 -0.0 -0.0 -0.0 -0.0 -0.0 -0.0 -0.0 -0.0 -0.0; -0.0 -0.0 32.0 -0.0 -0.0 -0.0 -0.0 -0.0 -0.0 -0.0 -0.0 -0.0 -0.0 -0.0 -0.0 -0.0 -0.0 -0.0 -0.0 -0.0; -0.0 -0.0 -0.0 31.0 19.0 27.0 -0.0 -0.0 -0.0 -0.0 -0.0 -0.0 -0.0 -0.0 -0.0 -0.0 -0.0 -0.0 -0.0 -0.0; -0.0 -0.0 -0.0 -0.0 -0.0 -0.0 32.0 31.0 8.0 -0.0 -0.0 -0.0 -0.0 -0.0 -0.0 -0.0 -0.0 -0.0 -0.0 -0.0; -0.0 -0.0 -0.0 -0.0 -0.0 -0.0 -0.0 -0.0 -0.0 21.0 0.0 -0.0 -0.0 -0.0 -0.0 -0.0 -0.0 -0.0 -0.0 -0.0; -0.0 -0.0 -0.0 -0.0 -0.0 -0.0 -0.0 -0.0 -0.0 -0.0 -0.0 -0.0 -0.0 -0.0 -0.0 -0.0 -0.0 -0.0 -0.0 -0.0; -0.0 -0.0 -0.0 -0.0 -0.0 -0.0 -0.0 -0.0 -0.0 -0.0 -0.0 0.0 0.0 0.0 0.0 0.0 -0.0 -0.0 -0.0 -0.0; -0.0 -0.0 -0.0 -0.0 -0.0 -0.0 -0.0 -0.0 -0.0 -0.0 -0.0 -0.0 -0.0 -0.0 -0.0 -0.0 0.0 15.0 34.0 36.0;;;]
evol_bb,"[[0.521, 1.3148745100220691e7]]"
y_bb,[16.0 23.0 -0.0 -0.0 -0.0 -0.0 -0.0 -0.0 -0.0 -0.0 -0.0 -0.0 -0.0 -0.0 -0.0 -0.0 -0.0 -0.0 -0.0 -0.0; -0.0 -0.0 32.0 -0.0 -0.0 -0.0 -0.0 -0.0 -0.0 -0.0 -0.0 -0.0 -0.0 -0.0 -0.0 -0.0 -0.0 -0.0 -0.0 -0.0; -0.0 -0.0 -0.0 31.0 19.0 27.0 -0.0 -0.0 -0.0 -0.0 -0.0 -0.0 -0.0 -0.0 -0.0 -0.0 -0.0 -0.0 -0.0 -0.0; -0.0 -0.0 -0.0 -0.0 -0.0 -0.0 32.0 31.0 8.0 -0.0 -0.0 -0.0 -0.0 -0.0 -0.0 -0.0 -0.0 -0.0 -0.0 -0.0; -0.0 -0.0 -0.0 -0.0 -0.0 -0.0 -0.0 -0.0 -0.0 21.0 0.0 -0.0 -0.0 -0.0 -0.0 -0.0 -0.0 -0.0 -0.0 -0.0; -0.0 -0.0 -0.0 -0.0 -0.0 -0.0 -0.0 -0.0 -0.0 -0.0 -0.0 -0.0 -0.0 -0.0 -0.0 -0.0 -0.0 -0.0 -0.0 -0.0; -0.0 -0.0 -0.0 -0.0 -0.0 -0.0 -0.0 -0.0 -0.0 -0.0 -0.0 0.0 0.0 0.0 0.0 0.0 -0.0 -0.0 -0.0 -0.0; -0.0 -0.0 -0.0 -0.0 -0.0 -0.0 -0.0 -0.0 -0.0 -0.0 -0.0 -0.0 -0.0 -0.0 -0.0 -0.0 0.0 15.0 34.0 36.0;;;]
evol_box,"[[0.436, 0.0], [2.225, 135849.4162036974], [2.332, 9.635053320750639e6], [2.363, 1.236791594408198e7], [2.461, 1.2628192719841942e7], [2.492, 1.2888468972869407e7], [2.545, 1.3148745100220691e7]]"
y_pb,[[16.0 23.000000000000004 -0.0 -0.0 -0.0 -0.0 -0.0 -0.0 -0.0 -0.0 -0.0 -0.0 -0.0 -0.0 -0.0 -0.0 -0.0 -0.0 -0.0 -0.0; -0.0 -0.0 32.0 -0.0 -0.0 -0.0 -0.0 -0.0 -0.0 -0.0 -0.0 -0.0 -0.0 -0.0 -0.0 -0.0 -0.0 -0.0 -0.0 -0.0; -0.0 -0.0 -0.0 31.000000000000004 19.0 27.0 -0.0 -0.0 -0.0 -0.0 -0.0 -0.0 -0.0 -0.0 -0.0 -0.0 -0.0 -0.0 -0.0 -0.0; -0.0 -0.0 -0.0 -0.0 -0.0 -0.0 32.0 31.000000000000004 8.0 -0.0 -0.0 -0.0 -0.0 -0.0 -0.0 -0.0 -0.0 -0.0 -0.0 -0.0; -0.0 -0.0 -0.0 -0.0 -0.0 -0.0 -0.0 -0.0 -0.0 21.0 -0.0 -0.0 -0.0 -0.0 -0.0 -0.0 -0.0 -0.0 -0.0 -0.0; -0.0 -0.0 -0.0 -0.0 -0.0 -0.0 -0.0 -0.0 -0.0 -0.0 0.0 -0.0 -0.0 -0.0 -0.0 -0.0 -0.0 -0.0 -0.0 -0.0; -0.0 -0.0 -0.0 -0.0 -0.0 -0.0 -0.0 -0.0 -0.0 -0.0 -0.0 -0.0 -0.0 0.0 -0.0 -0.0 -0.0 -0.0 -0.0 -0.0; -0.0 -0.0 -0.0 -0.0 -0.0 -0.0 -0.0 -0.0 -0.0 -0.0 -0.0 -0.0 -0.0 -0.0 -0.0 -0.0 -0.0 15.0 34.00000000000001 36.0;;;]]
x_bb,"[39.0, 32.0, 77.0, 71.0, 21.0, 0.0, 0.0, 85.0]"
x_box,"[39.0, 32.0, 77.0, 71.0, 21.0, 0.0, 0.0, 85.0]"
evol_zeta,"[[1.805, 36.0], [2.33, 15.0], [2.361, 8.0], [2.458, 2.0], [2.49, 2.0], [2.541, 1.0000000002000036], [2.563, 0.0]]"
ξ_box,[16.0; 23.0; 32.0; 31.0; 19.0; 27.0; 32.0; 31.0; 30.0; 21.0; 20.0; 16.0; 15.0; 11.0; 5.0; 2.0; 10.0; 15.0; 34.0; 36.0;;]
