first,second
s_box,[-0.0 -0.0; -0.0 -0.0; -0.0 -0.0; -0.0 -0.0; -0.0 0.0; 11.0 -0.0; 8.0 -0.0; 7.0 -0.0; -0.0 -0.0; -0.0 0.0; -0.0 6.0; -0.0 11.0; -0.0 15.0; 16.0 -0.0; 29.0 29.0; -0.0 25.0; -0.0 -0.0; -0.0 -0.0; -0.0 -0.0; -0.0 -0.0]
x_pb,"[36.0, 53.0, 41.0, 8.0, 16.0, -0.0, -0.0, 129.0]"
s_bb,[-0.0 -0.0; -0.0 -0.0; -0.0 -0.0; -0.0 -0.0; 2.0 -0.0; -0.0 -0.0; -0.0 -0.0; -0.0 -0.0; -0.0 -0.0; -0.0 -0.0; -0.0 6.0; -0.0 11.0; -0.0 15.0; -0.0 -0.0; -0.0 29.0; -0.0 25.0; 31.0 -0.0; -0.0 -0.0; -0.0 0.0; -0.0 -0.0]
partition_bb,"[[[36.0, 28.0, 25.0, 13.0, 2.0, 2.0, 1.0, 1.0, 0.0, 0.0, 1.0, 4.0, 5.0, 5.0, 14.0, 16.0, 20.0, 19.0, 15.0, 17.0], [30.0, 22.0, 19.0, 7.0, 0.0, 0.0, 0.0, 0.0, 0.0, 0.0, 6.0, 11.0, 8.0, 8.0, 21.0, 25.0, 34.0, 35.0, 33.0, 27.0]], [[27.0, 19.0, 16.0, 13.0, 2.0, 11.0, 8.0, 7.0, 7.0, 1.0, 1.0, 5.0, 10.0, 11.0, 29.0, 25.0, 34.0, 23.0, 21.0, 15.0], [36.0, 28.0, 25.0, 13.0, 2.0, 11.0, 8.0, 7.0, 7.0, 1.0, 0.0, 2.0, 8.0, 8.0, 27.0, 23.0, 14.0, 17.0, 21.0, 27.0], [8.0, 9.0, 7.0, 1.0, 2.0, 11.0, 8.0, 7.0, 7.0, 1.0, 6.0, 11.0, 15.0, 16.0, 29.0, 25.0, 24.0, 35.0, 33.0, 27.0]]]"
y_box,[-0.0 20.0 0.0 13.0 2.0 -0.0 -0.0 -0.0 -0.0 1.0 -0.0 -0.0 -0.0 -0.0 -0.0 -0.0 -0.0 -0.0 -0.0 -0.0; 21.0 -0.0 25.0 -0.0 -0.0 -0.0 -0.0 7.0 -0.0 -0.0 -0.0 -0.0 -0.0 -0.0 -0.0 -0.0 -0.0 -0.0 -0.0 -0.0; 2.0 8.0 -0.0 -0.0 0.0 -0.0 -0.0 -0.0 -0.0 1.0 -0.0 5.0 -0.0 -0.0 -0.0 25.0 -0.0 -0.0 -0.0 -0.0; 3.0 -0.0 -0.0 -0.0 -0.0 -0.0 -0.0 -0.0 5.0 -0.0 -0.0 -0.0 -0.0 -0.0 -0.0 -0.0 -0.0 -0.0 -0.0 -0.0; 10.0 -0.0 -0.0 -0.0 -0.0 -0.0 -0.0 -0.0 -0.0 1.0 5.0 -0.0 -0.0 -0.0 -0.0 -0.0 -0.0 0.0 -0.0 -0.0; -0.0 -0.0 -0.0 -0.0 -0.0 -0.0 -0.0 -0.0 -0.0 -0.0 -0.0 -0.0 -0.0 -0.0 -0.0 -0.0 -0.0 -0.0 -0.0 -0.0; -0.0 -0.0 -0.0 -0.0 -0.0 -0.0 -0.0 -0.0 -0.0 -0.0 -0.0 -0.0 -0.0 -0.0 -0.0 -0.0 -0.0 -0.0 -0.0 -0.0; -0.0 -0.0 -0.0 -0.0 -0.0 -0.0 -0.0 2.0 -0.0 -0.0 -0.0 -0.0 6.0 -0.0 -0.0 -0.0 32.0 29.0 33.0 27.0;;; 36.0 -0.0 -0.0 -0.0 -0.0 -0.0 -0.0 -0.0 -0.0 -0.0 -0.0 -0.0 -0.0 -0.0 -0.0 -0.0 -0.0 -0.0 -0.0 -0.0; -0.0 28.0 25.0 0.0 -0.0 -0.0 -0.0 -0.0 -0.0 -0.0 -0.0 -0.0 -0.0 -0.0 -0.0 -0.0 -0.0 -0.0 -0.0 -0.0; -0.0 -0.0 -0.0 13.0 2.0 11.0 8.0 7.0 0.0 -0.0 -0.0 -0.0 -0.0 -0.0 -0.0 -0.0 -0.0 -0.0 -0.0 -0.0; -0.0 -0.0 -0.0 -0.0 -0.0 0.0 -0.0 0.0 7.0 1.0 -0.0 -0.0 -0.0 -0.0 -0.0 -0.0 -0.0 -0.0 -0.0 -0.0; -0.0 -0.0 -0.0 -0.0 -0.0 -0.0 -0.0 -0.0 -0.0 -0.0 0.0 0.0 0.0 16.0 -0.0 -0.0 -0.0 -0.0 -0.0 -0.0; -0.0 -0.0 -0.0 -0.0 -0.0 -0.0 -0.0 -0.0 -0.0 -0.0 -0.0 -0.0 -0.0 0.0 0.0 0.0 -0.0 -0.0 -0.0 -0.0; -0.0 -0.0 -0.0 -0.0 -0.0 -0.0 -0.0 -0.0 -0.0 -0.0 -0.0 -0.0 -0.0 -0.0 -0.0 0.0 -0.0 -0.0 -0.0 -0.0; -0.0 -0.0 -0.0 -0.0 -0.0 -0.0 -0.0 -0.0 -0.0 -0.0 -0.0 -0.0 -0.0 -0.0 -0.0 -0.0 34.0 35.0 33.0 27.0]
evol_bb,"[[0.409, 1.149902257112429e7], [0.83, 1.1496651643792486e7], [0.864, 1.1496651643792482e7]]"
y_bb,[-0.0 -0.0 -0.0 -0.0 0.0 2.0 -0.0 -0.0 -0.0 -0.0 -0.0 -0.0 -0.0 -0.0 21.0 13.0 -0.0 0.0 0.0 -0.0; 21.0 -0.0 -0.0 13.0 -0.0 -0.0 -0.0 -0.0 -0.0 -0.0 -0.0 11.0 8.0 -0.0 -0.0 -0.0 -0.0 -0.0 -0.0 -0.0; -0.0 2.0 -0.0 -0.0 -0.0 -0.0 0.0 -0.0 -0.0 -0.0 6.0 0.0 -0.0 -0.0 -0.0 -0.0 -0.0 -0.0 33.0 0.0; 5.0 -0.0 -0.0 -0.0 -0.0 -0.0 -0.0 -0.0 -0.0 -0.0 -0.0 -0.0 -0.0 -0.0 -0.0 -0.0 3.0 -0.0 -0.0 -0.0; -0.0 -0.0 4.0 -0.0 -0.0 -0.0 -0.0 -0.0 -0.0 -0.0 -0.0 -0.0 -0.0 -0.0 -0.0 12.0 -0.0 -0.0 -0.0 -0.0; -0.0 -0.0 -0.0 -0.0 0.0 0.0 -0.0 -0.0 -0.0 -0.0 -0.0 -0.0 -0.0 -0.0 -0.0 -0.0 -0.0 -0.0 -0.0 -0.0; -0.0 -0.0 -0.0 -0.0 -0.0 -0.0 -0.0 -0.0 -0.0 -0.0 0.0 0.0 -0.0 -0.0 -0.0 -0.0 -0.0 -0.0 -0.0 -0.0; 10.0 26.0 21.0 -0.0 -0.0 -0.0 1.0 1.0 -0.0 -0.0 -0.0 -0.0 0.0 8.0 -0.0 -0.0 -0.0 35.0 -0.0 27.0;;; 36.0 -0.0 -0.0 -0.0 -0.0 -0.0 -0.0 -0.0 -0.0 -0.0 -0.0 -0.0 -0.0 -0.0 -0.0 -0.0 -0.0 -0.0 -0.0 -0.0; -0.0 28.0 25.0 -0.0 -0.0 -0.0 -0.0 -0.0 -0.0 -0.0 -0.0 -0.0 -0.0 -0.0 -0.0 -0.0 -0.0 -0.0 -0.0 -0.0; -0.0 -0.0 -0.0 13.0 2.0 11.0 8.0 7.0 0.0 -0.0 -0.0 -0.0 -0.0 -0.0 -0.0 -0.0 -0.0 -0.0 -0.0 -0.0; -0.0 -0.0 -0.0 -0.0 -0.0 0.0 0.0 0.0 7.0 1.0 -0.0 -0.0 -0.0 -0.0 -0.0 -0.0 -0.0 -0.0 -0.0 -0.0; -0.0 -0.0 -0.0 -0.0 -0.0 -0.0 -0.0 -0.0 -0.0 -0.0 0.0 0.0 -0.0 16.0 -0.0 -0.0 -0.0 -0.0 -0.0 -0.0; -0.0 -0.0 -0.0 -0.0 -0.0 -0.0 -0.0 -0.0 -0.0 -0.0 -0.0 -0.0 -0.0 0.0 -0.0 -0.0 -0.0 -0.0 -0.0 -0.0; -0.0 -0.0 -0.0 -0.0 -0.0 -0.0 -0.0 -0.0 -0.0 -0.0 -0.0 -0.0 -0.0 -0.0 0.0 -0.0 0.0 -0.0 -0.0 -0.0; -0.0 -0.0 -0.0 -0.0 -0.0 -0.0 -0.0 -0.0 -0.0 -0.0 -0.0 -0.0 -0.0 -0.0 -0.0 -0.0 34.0 35.0 33.0 27.0]
evol_box,"[[0.417, 0.0], [2.056, 2760.7464649751732], [2.173, 405160.38257275906], [2.245, 4.413777732069112e6], [2.487, 4.413777732069666e6], [2.723, 6.285188047211492e6], [2.888, 8.289460818556864e6], [3.041, 8.556904867550932e6], [3.354, 8.95781529194733e6], [3.582, 1.0561201167938631e7], [3.793, 1.056120116793863e7], [3.969, 1.0694835924841383e7], [4.177, 1.0828438591556098e7], [4.369, 1.0828438591556096e7], [4.544, 1.08284385915561e7], [4.683, 1.0962074456384007e7], [4.882, 1.1496651643792484e7]]"
y_pb,[[36.0 -0.0 -0.0 -0.0 -0.0 -0.0 -0.0 -0.0 -0.0 -0.0 -0.0 -0.0 -0.0 -0.0 -0.0 -0.0 -0.0 -0.0 -0.0 -0.0; -0.0 28.000000000000004 25.000000000000004 -0.0 -0.0 -0.0 -0.0 -0.0 -0.0 -0.0 -0.0 -0.0 -0.0 -0.0 -0.0 -0.0 -0.0 -0.0 -0.0 -0.0; -0.0 -0.0 -0.0 13.0 2.0 11.0 8.0 7.000000000000001 -0.0 -0.0 -0.0 -0.0 -0.0 -0.0 -0.0 -0.0 -0.0 -0.0 -0.0 -0.0; -0.0 -0.0 -0.0 -0.0 -0.0 -0.0 -0.0 -0.0 7.000000000000001 1.0 -0.0 -0.0 -0.0 -0.0 -0.0 -0.0 -0.0 -0.0 -0.0 -0.0; -0.0 -0.0 -0.0 -0.0 -0.0 -0.0 -0.0 -0.0 -0.0 -0.0 -0.0 0.0 -0.0 16.0 -0.0 -0.0 -0.0 -0.0 -0.0 -0.0; -0.0 -0.0 -0.0 -0.0 -0.0 -0.0 -0.0 -0.0 -0.0 -0.0 -0.0 -0.0 -0.0 0.0 -0.0 -0.0 -0.0 -0.0 -0.0 -0.0; -0.0 -0.0 -0.0 -0.0 -0.0 -0.0 -0.0 -0.0 -0.0 -0.0 -0.0 -0.0 -0.0 -0.0 -0.0 -0.0 0.0 -0.0 -0.0 -0.0; -0.0 -0.0 -0.0 -0.0 -0.0 -0.0 -0.0 -0.0 -0.0 -0.0 -0.0 -0.0 -0.0 -0.0 -0.0 -0.0 34.00000000000001 35.0 33.0 27.0;;;]]
x_bb,"[36.0, 53.0, 41.0, 8.0, 16.0, -0.0, -0.0, 129.0]"
x_box,"[36.0, 53.0, 41.0, 8.0, 16.0, 0.0, 0.0, 129.0]"
evol_zeta,"[[1.678, 36.0], [2.149, 18.0], [2.183, 11.0], [2.273, 9.0], [2.49, 9.0], [2.77, 9.0], [2.937, 7.0], [3.075, 6.0], [3.389, 6.0], [3.598, 6.0], [3.802, 6.0], [3.988, 4.999999999999989], [4.21, 2.0], [4.402, 2.0], [4.547, 2.0], [4.691, 3.0], [4.922, 0.0]]"
ξ_box,[36.0 36.0; 28.0 28.0; 25.0 25.0; 13.0 13.0; 2.0 2.0; 11.0 11.0; 8.0 8.0; 7.0 7.0; 5.0 7.0; 0.0 1.0; 5.0 6.0; 5.0 11.0; 6.0 15.0; 6.0 16.0; 25.0 29.0; 23.0 25.0; 32.0 34.0; 29.0 35.0; 33.0 33.0; 27.0 27.0]
