first,second
s_box,[49.0; 47.0; 44.0; 39.0; 37.0; 36.0; 29.0; 0.0; 0.0; 2.0; 0.0; 0.0; 0.0; 0.0; 0.0; 0.0; 1.0; 0.0; 0.0; 0.0;;]
x_pb,"[99.0, 111.0, 84.0, -0.0, -0.0, -0.0, 84.0, -0.0]"
s_bb,[49.0; 47.0; 44.0; 39.0; 37.0; 36.0; 29.0; 0.0; 0.0; 2.0; 0.0; 0.0; 0.0; 0.0; 0.0; 0.0; 1.0; 0.0; 0.0; 0.0;;]
partition_bb,"[[[54.0, 45.0, 45.0, 38.0, 38.0, 36.0, 30.0, 25.0, 24.0, 17.0, 17.0, 9.0, 0.0, 0.0, 0.0, 0.0, 0.0, 0.0, 0.0, 0.0], [0.0, 5.0, 5.0, 12.0, 12.0, 14.0, 20.0, 25.0, 26.0, 33.0, 38.0, 46.0, 26.0, 25.0, 23.0, 21.0, 23.0, 8.0, 6.0, 0.0], [0.0, 0.0, 5.0, 9.0, 14.0, 16.0, 10.0, 5.0, 4.0, 11.0, 16.0, 24.0, 16.0, 17.0, 19.0, 21.0, 24.0, 33.0, 31.0, 20.0], [39.0, 48.0, 43.0, 39.0, 34.0, 32.0, 30.0, 25.0, 24.0, 20.0, 15.0, 7.0, 5.0, 4.0, 2.0, 0.0, 0.0, 0.0, 0.0, 0.0], [17.0, 8.0, 8.0, 11.0, 12.0, 14.0, 20.0, 25.0, 26.0, 19.0, 14.0, 22.0, 17.0, 18.0, 20.0, 21.0, 25.0, 33.0, 31.0, 18.0]]]"
y_box,[5.0 1.0 1.0 0.0 1.0 -0.0 -0.0 -0.0 -0.0 -0.0 -0.0 -0.0 -0.0 -0.0 -0.0 -0.0 -0.0 -0.0 -0.0 -0.0; -0.0 -0.0 -0.0 -0.0 -0.0 -0.0 1.0 25.0 26.0 -0.0 -0.0 -0.0 -0.0 -0.0 -0.0 -0.0 -0.0 -0.0 -0.0 -0.0; -0.0 -0.0 -0.0 -0.0 -0.0 -0.0 -0.0 -0.0 -0.0 31.0 38.0 46.0 -0.0 -0.0 -0.0 -0.0 -0.0 -0.0 -0.0 -0.0; -0.0 -0.0 -0.0 -0.0 -0.0 -0.0 -0.0 -0.0 -0.0 -0.0 -0.0 -0.0 -0.0 -0.0 -0.0 -0.0 -0.0 -0.0 -0.0 -0.0; -0.0 -0.0 -0.0 -0.0 -0.0 -0.0 -0.0 -0.0 -0.0 -0.0 -0.0 -0.0 26.0 25.0 23.0 21.0 -0.0 -0.0 -0.0 -0.0; -0.0 -0.0 -0.0 -0.0 -0.0 -0.0 -0.0 -0.0 -0.0 -0.0 -0.0 -0.0 -0.0 -0.0 -0.0 -0.0 -0.0 -0.0 -0.0 -0.0; -0.0 -0.0 -0.0 -0.0 -0.0 -0.0 -0.0 -0.0 -0.0 -0.0 -0.0 -0.0 -0.0 -0.0 -0.0 -0.0 24.0 33.0 31.0 20.0; -0.0 -0.0 -0.0 -0.0 -0.0 -0.0 -0.0 -0.0 -0.0 -0.0 -0.0 -0.0 -0.0 -0.0 -0.0 -0.0 -0.0 -0.0 -0.0 -0.0;;;]
evol_bb,"[[0.372, 3.819480179242247e7]]"
y_bb,[5.0 1.0 1.0 0.0 -0.0 -0.0 -0.0 -0.0 -0.0 -0.0 -0.0 -0.0 -0.0 -0.0 -0.0 -0.0 -0.0 -0.0 -0.0 -0.0; -0.0 -0.0 -0.0 -0.0 1.0 -0.0 1.0 25.0 26.0 -0.0 -0.0 -0.0 -0.0 -0.0 -0.0 -0.0 -0.0 -0.0 -0.0 -0.0; -0.0 -0.0 -0.0 -0.0 -0.0 -0.0 -0.0 -0.0 -0.0 31.0 38.0 46.0 -0.0 -0.0 -0.0 -0.0 -0.0 -0.0 -0.0 -0.0; -0.0 -0.0 -0.0 -0.0 -0.0 -0.0 -0.0 -0.0 -0.0 -0.0 -0.0 -0.0 -0.0 -0.0 -0.0 -0.0 -0.0 -0.0 -0.0 -0.0; -0.0 -0.0 -0.0 -0.0 -0.0 -0.0 -0.0 -0.0 -0.0 -0.0 -0.0 -0.0 26.0 25.0 23.0 21.0 -0.0 -0.0 -0.0 -0.0; -0.0 -0.0 -0.0 -0.0 -0.0 -0.0 -0.0 -0.0 -0.0 -0.0 -0.0 -0.0 -0.0 -0.0 -0.0 -0.0 -0.0 -0.0 -0.0 -0.0; -0.0 -0.0 -0.0 -0.0 -0.0 -0.0 -0.0 -0.0 -0.0 -0.0 -0.0 -0.0 -0.0 -0.0 -0.0 -0.0 24.0 33.0 31.0 20.0; -0.0 -0.0 -0.0 -0.0 -0.0 -0.0 -0.0 -0.0 -0.0 -0.0 -0.0 -0.0 -0.0 -0.0 -0.0 -0.0 -0.0 -0.0 -0.0 -0.0;;;]
evol_box,"[[0.557, 0.0], [2.436, 5239.5883958058785], [2.541, 2.797529510098528e7], [2.553, 3.765692448299215e7], [2.564, 3.819480179242247e7]]"
y_pb,[[54.0 -0.0 45.0 -0.0 -0.0 -0.0 -0.0 -0.0 -0.0 -0.0 -0.0 -0.0 -0.0 -0.0 -0.0 -0.0 -0.0 -0.0 -0.0 -0.0; -0.0 -0.0 -0.0 -0.0 -0.0 30.0 30.0 25.000000000000004 26.0 -0.0 -0.0 -0.0 -0.0 -0.0 -0.0 -0.0 -0.0 -0.0 -0.0 -0.0; -0.0 -0.0 -0.0 -0.0 -0.0 -0.0 -0.0 -0.0 -0.0 -0.0 38.0 46.00000000000001 -0.0 -0.0 -0.0 -0.0 -0.0 -0.0 -0.0 -0.0; -0.0 -0.0 -0.0 -0.0 -0.0 -0.0 -0.0 -0.0 -0.0 -0.0 -0.0 0.0 -0.0 -0.0 -0.0 -0.0 -0.0 -0.0 -0.0 -0.0; -0.0 -0.0 -0.0 -0.0 -0.0 -0.0 -0.0 -0.0 -0.0 -0.0 -0.0 -0.0 0.0 -0.0 -0.0 -0.0 -0.0 -0.0 -0.0 -0.0; -0.0 -0.0 -0.0 -0.0 -0.0 -0.0 -0.0 -0.0 -0.0 -0.0 -0.0 -0.0 -0.0 0.0 -0.0 -0.0 -0.0 -0.0 -0.0 -0.0; -0.0 -0.0 -0.0 -0.0 -0.0 -0.0 -0.0 -0.0 -0.0 -0.0 -0.0 -0.0 -0.0 -0.0 -0.0 -0.0 -0.0 33.0 31.000000000000004 20.000000000000004; -0.0 -0.0 -0.0 -0.0 -0.0 -0.0 -0.0 -0.0 -0.0 -0.0 -0.0 -0.0 -0.0 -0.0 -0.0 -0.0 -0.0 -0.0 -0.0 0.0;;;]]
x_bb,"[7.0, 53.0, 115.0, 0.0, 95.0, 0.0, 108.0, 0.0]"
x_box,"[8.0, 52.0, 115.0, 0.0, 95.0, 0.0, 108.0, 0.0]"
evol_zeta,"[[1.994, 54.0], [2.538, 37.0], [2.55, 25.0], [2.561, 3.0], [2.587, 0.0]]"
ξ_box,[54.0; 48.0; 45.0; 39.0; 38.0; 36.0; 30.0; 25.0; 26.0; 33.0; 38.0; 46.0; 26.0; 25.0; 23.0; 21.0; 25.0; 33.0; 31.0; 20.0;;]
