first,second
s_box,[30.0; 25.0; 28.0; 29.0; 0.0; 0.0; 0.0; 30.0; 0.0; 0.0; 0.0; 0.0; 25.0; 0.0; 15.0; 28.0; 33.0; 35.0; 38.0; 0.0;;]
x_pb,"[112.0, -0.0, 92.0, -0.0, 26.0, -0.0, 52.0, -0.0]"
s_bb,[30.0; 25.0; 28.0; 29.0; 0.0; 0.0; 0.0; 30.0; 0.0; 0.0; 0.0; 0.0; 25.0; 0.0; 15.0; 28.0; 33.0; 35.0; 38.0; 0.0;;]
partition_bb,"[[[0.0, 0.0, 0.0, 0.0, 0.0, 0.0, 3.0, 4.0, 9.0, 9.0, 3.0, 8.0, 21.0, 20.0, 21.0, 28.0, 33.0, 35.0, 38.0, 52.0], [22.0, 25.0, 28.0, 29.0, 44.0, 33.0, 22.0, 20.0, 18.0, 16.0, 15.0, 10.0, 5.0, 0.0, 0.0, 0.0, 0.0, 0.0, 0.0, 0.0], [10.0, 14.0, 17.0, 18.0, 32.0, 21.0, 31.0, 29.0, 25.0, 25.0, 19.0, 23.0, 9.0, 6.0, 5.0, 0.0, 0.0, 0.0, 0.0, 0.0], [30.0, 25.0, 23.0, 21.0, 29.0, 18.0, 7.0, 5.0, 6.0, 6.0, 0.0, 5.0, 0.0, 5.0, 6.0, 9.0, 12.0, 16.0, 23.0, 37.0], [0.0, 0.0, 3.0, 4.0, 11.0, 0.0, 7.0, 5.0, 1.0, 1.0, 7.0, 9.0, 25.0, 20.0, 21.0, 28.0, 25.0, 29.0, 36.0, 50.0], [13.0, 16.0, 19.0, 20.0, 26.0, 37.0, 26.0, 24.0, 22.0, 20.0, 19.0, 14.0, 5.0, 10.0, 9.0, 2.0, 0.0, 0.0, 0.0, 0.0], [0.0, 0.0, 2.0, 4.0, 6.0, 17.0, 28.0, 30.0, 25.0, 25.0, 19.0, 17.0, 15.0, 20.0, 21.0, 19.0, 12.0, 8.0, 14.0, 0.0]]]"
y_box,[0.0 0.0 0.0 0.0 44.0 37.0 31.0 -0.0 -0.0 -0.0 -0.0 -0.0 -0.0 -0.0 -0.0 -0.0 -0.0 -0.0 -0.0 -0.0; -0.0 -0.0 -0.0 -0.0 -0.0 -0.0 -0.0 0.0 -0.0 -0.0 -0.0 -0.0 -0.0 -0.0 -0.0 -0.0 -0.0 -0.0 -0.0 -0.0; -0.0 -0.0 -0.0 -0.0 -0.0 -0.0 -0.0 -0.0 25.0 25.0 19.0 23.0 -0.0 -0.0 -0.0 -0.0 -0.0 -0.0 -0.0 -0.0; -0.0 -0.0 -0.0 -0.0 -0.0 -0.0 -0.0 -0.0 -0.0 -0.0 -0.0 -0.0 -0.0 -0.0 -0.0 -0.0 -0.0 -0.0 -0.0 -0.0; -0.0 -0.0 -0.0 -0.0 -0.0 -0.0 -0.0 -0.0 -0.0 -0.0 -0.0 -0.0 0.0 20.0 6.0 0.0 -0.0 -0.0 -0.0 -0.0; -0.0 -0.0 -0.0 -0.0 -0.0 -0.0 -0.0 -0.0 -0.0 -0.0 -0.0 -0.0 -0.0 -0.0 -0.0 -0.0 0.0 0.0 0.0 -0.0; -0.0 -0.0 -0.0 -0.0 -0.0 -0.0 -0.0 -0.0 -0.0 -0.0 -0.0 -0.0 -0.0 -0.0 -0.0 -0.0 -0.0 -0.0 -0.0 52.0; -0.0 -0.0 -0.0 -0.0 -0.0 -0.0 -0.0 -0.0 -0.0 -0.0 -0.0 -0.0 -0.0 -0.0 -0.0 -0.0 -0.0 -0.0 -0.0 -0.0;;;]
evol_bb,"[[0.379, 4.2907500120389946e7]]"
y_bb,[0.0 0.0 0.0 0.0 44.0 37.0 31.0 -0.0 -0.0 -0.0 -0.0 -0.0 -0.0 -0.0 -0.0 -0.0 -0.0 -0.0 -0.0 -0.0; -0.0 -0.0 -0.0 -0.0 -0.0 -0.0 -0.0 0.0 -0.0 -0.0 -0.0 -0.0 -0.0 -0.0 -0.0 -0.0 -0.0 -0.0 -0.0 -0.0; -0.0 -0.0 -0.0 -0.0 -0.0 -0.0 -0.0 -0.0 25.0 25.0 19.0 23.0 -0.0 -0.0 -0.0 -0.0 -0.0 -0.0 -0.0 -0.0; -0.0 -0.0 -0.0 -0.0 -0.0 -0.0 -0.0 -0.0 -0.0 -0.0 -0.0 -0.0 -0.0 -0.0 -0.0 -0.0 -0.0 -0.0 -0.0 -0.0; -0.0 -0.0 -0.0 -0.0 -0.0 -0.0 -0.0 -0.0 -0.0 -0.0 -0.0 -0.0 0.0 20.0 6.0 0.0 -0.0 -0.0 -0.0 -0.0; -0.0 -0.0 -0.0 -0.0 -0.0 -0.0 -0.0 -0.0 -0.0 -0.0 -0.0 -0.0 -0.0 -0.0 -0.0 -0.0 0.0 0.0 0.0 -0.0; -0.0 -0.0 -0.0 -0.0 -0.0 -0.0 -0.0 -0.0 -0.0 -0.0 -0.0 -0.0 -0.0 -0.0 -0.0 -0.0 -0.0 -0.0 -0.0 52.0; -0.0 -0.0 -0.0 -0.0 -0.0 -0.0 -0.0 -0.0 -0.0 -0.0 -0.0 -0.0 -0.0 -0.0 -0.0 -0.0 -0.0 -0.0 -0.0 -0.0;;;]
evol_box,"[[0.507, 0.0], [2.296, 276628.53225518885], [2.387, 3.367520100814131e7], [2.397, 3.5983224763431646e7], [2.407, 4.127823771058605e7], [2.418, 4.236441265045532e7], [2.427, 4.2907500120389946e7]]"
y_pb,[[-0.0 -0.0 -0.0 -0.0 44.0 37.00000000000001 31.000000000000004 -0.0 -0.0 -0.0 -0.0 -0.0 -0.0 -0.0 -0.0 -0.0 -0.0 -0.0 -0.0 -0.0; -0.0 -0.0 -0.0 -0.0 -0.0 -0.0 -0.0 0.0 -0.0 -0.0 -0.0 -0.0 -0.0 -0.0 -0.0 -0.0 -0.0 -0.0 -0.0 -0.0; -0.0 -0.0 -0.0 -0.0 -0.0 -0.0 -0.0 -0.0 25.000000000000004 25.000000000000004 19.0 23.000000000000004 -0.0 -0.0 -0.0 -0.0 -0.0 -0.0 -0.0 -0.0; -0.0 -0.0 -0.0 -0.0 -0.0 -0.0 -0.0 -0.0 -0.0 -0.0 -0.0 -0.0 -0.0 0.0 -0.0 -0.0 -0.0 -0.0 -0.0 -0.0; -0.0 -0.0 -0.0 -0.0 -0.0 -0.0 -0.0 -0.0 -0.0 -0.0 -0.0 -0.0 -0.0 20.000000000000004 6.0 -0.0 -0.0 -0.0 -0.0 -0.0; -0.0 -0.0 -0.0 -0.0 -0.0 -0.0 -0.0 -0.0 -0.0 -0.0 -0.0 -0.0 -0.0 -0.0 -0.0 -0.0 0.0 -0.0 -0.0 -0.0; -0.0 -0.0 -0.0 -0.0 -0.0 -0.0 -0.0 -0.0 -0.0 -0.0 -0.0 -0.0 -0.0 -0.0 -0.0 -0.0 -0.0 -0.0 -0.0 52.0; -0.0 -0.0 -0.0 -0.0 -0.0 -0.0 -0.0 -0.0 -0.0 -0.0 -0.0 -0.0 -0.0 -0.0 -0.0 -0.0 -0.0 -0.0 -0.0 0.0;;;]]
x_bb,"[112.0, 0.0, 92.0, 0.0, 26.0, 0.0, 52.0, 0.0]"
x_box,"[112.0, 0.0, 92.0, 0.0, 26.0, 0.0, 52.0, 0.0]"
evol_zeta,"[[1.854, 52.0], [2.384, 43.61538461538461], [2.394, 13.0], [2.405, 10.0], [2.415, 8.0], [2.424, 4.0], [2.444, 0.0]]"
ξ_box,[30.0; 25.0; 28.0; 29.0; 44.0; 37.0; 31.0; 30.0; 25.0; 25.0; 19.0; 23.0; 25.0; 20.0; 21.0; 28.0; 33.0; 35.0; 38.0; 52.0;;]
