first,second
s_box,[21.0; 0.0; 0.0; 0.0; 3.0; 28.0; 30.0; 38.0; 39.0; 39.0; 0.0; 0.0; 0.0; 0.0; 0.0; 0.0; 0.0; 0.0; 0.0; 0.0;;]
x_pb,"[57.0, -0.0, -0.0, 98.0, 51.0, -0.0, -0.0, 58.0]"
s_bb,[21.0; 0.0; 0.0; 0.0; 3.0; 28.0; 30.0; 38.0; 39.0; 39.0; 0.0; 0.0; 0.0; 0.0; 0.0; 0.0; 0.0; 0.0; 0.0; 0.0;;]
partition_bb,"[[[0.0, 0.0, 3.0, 0.0, 11.0, 14.0, 15.0, 27.0, 28.0, 39.0, 25.0, 23.0, 22.0, 22.0, 10.0, 10.0, 9.0, 7.0, 0.0, 0.0], [0.0, 4.0, 8.0, 11.0, 19.0, 7.0, 5.0, 17.0, 21.0, 32.0, 18.0, 16.0, 15.0, 13.0, 7.0, 7.0, 8.0, 10.0, 23.0, 30.0], [21.0, 17.0, 8.0, 11.0, 24.0, 16.0, 14.0, 17.0, 30.0, 30.0, 16.0, 14.0, 13.0, 11.0, 0.0, 0.0, 0.0, 0.0, 18.0, 11.0], [0.0, 4.0, 8.0, 11.0, 16.0, 28.0, 30.0, 33.0, 20.0, 9.0, 5.0, 3.0, 3.0, 2.0, 7.0, 11.0, 12.0, 10.0, 28.0, 30.0], [0.0, 0.0, 1.0, 2.0, 9.0, 21.0, 23.0, 26.0, 39.0, 28.0, 24.0, 22.0, 22.0, 20.0, 8.0, 8.0, 7.0, 5.0, 0.0, 0.0], [21.0, 17.0, 8.0, 11.0, 24.0, 23.0, 25.0, 13.0, 9.0, 0.0, 0.0, 1.0, 2.0, 4.0, 16.0, 13.0, 12.0, 10.0, 28.0, 30.0], [0.0, 2.0, 8.0, 11.0, 21.0, 25.0, 26.0, 38.0, 25.0, 14.0, 14.0, 12.0, 11.0, 9.0, 5.0, 7.0, 8.0, 10.0, 14.0, 7.0], [0.0, 4.0, 3.0, 0.0, 0.0, 12.0, 14.0, 11.0, 24.0, 13.0, 27.0, 25.0, 24.0, 22.0, 10.0, 10.0, 9.0, 7.0, 0.0, 0.0]]]"
y_box,[0.0 17.0 8.0 11.0 21.0 0.0 0.0 -0.0 -0.0 -0.0 -0.0 -0.0 -0.0 -0.0 -0.0 -0.0 -0.0 -0.0 -0.0 -0.0; -0.0 -0.0 -0.0 -0.0 -0.0 -0.0 -0.0 0.0 -0.0 -0.0 -0.0 -0.0 -0.0 -0.0 -0.0 -0.0 -0.0 -0.0 -0.0 -0.0; -0.0 -0.0 -0.0 -0.0 -0.0 -0.0 -0.0 -0.0 0.0 0.0 -0.0 -0.0 -0.0 -0.0 -0.0 -0.0 -0.0 -0.0 -0.0 -0.0; -0.0 -0.0 -0.0 -0.0 -0.0 -0.0 -0.0 -0.0 -0.0 -0.0 27.0 25.0 24.0 22.0 -0.0 -0.0 -0.0 -0.0 -0.0 -0.0; -0.0 -0.0 -0.0 -0.0 -0.0 -0.0 -0.0 -0.0 -0.0 -0.0 -0.0 -0.0 -0.0 -0.0 16.0 13.0 12.0 10.0 -0.0 -0.0; -0.0 -0.0 -0.0 -0.0 -0.0 -0.0 -0.0 -0.0 -0.0 -0.0 -0.0 -0.0 -0.0 -0.0 -0.0 -0.0 -0.0 -0.0 -0.0 -0.0; -0.0 -0.0 -0.0 -0.0 -0.0 -0.0 -0.0 -0.0 -0.0 -0.0 -0.0 -0.0 -0.0 -0.0 -0.0 -0.0 -0.0 -0.0 -0.0 -0.0; -0.0 -0.0 -0.0 -0.0 -0.0 -0.0 -0.0 -0.0 -0.0 -0.0 -0.0 -0.0 -0.0 -0.0 -0.0 -0.0 -0.0 -0.0 28.0 30.0;;;]
evol_bb,"[[0.408, 2.4794816191644862e7]]"
y_bb,[0.0 17.0 8.0 11.0 21.0 0.0 0.0 -0.0 -0.0 -0.0 -0.0 -0.0 -0.0 -0.0 -0.0 -0.0 -0.0 -0.0 -0.0 -0.0; -0.0 -0.0 -0.0 -0.0 -0.0 -0.0 -0.0 0.0 -0.0 -0.0 -0.0 -0.0 -0.0 -0.0 -0.0 -0.0 -0.0 -0.0 -0.0 -0.0; -0.0 -0.0 -0.0 -0.0 -0.0 -0.0 -0.0 -0.0 0.0 0.0 -0.0 -0.0 -0.0 -0.0 -0.0 -0.0 -0.0 -0.0 -0.0 -0.0; -0.0 -0.0 -0.0 -0.0 -0.0 -0.0 -0.0 -0.0 -0.0 -0.0 27.0 25.0 24.0 22.0 -0.0 -0.0 -0.0 -0.0 -0.0 -0.0; -0.0 -0.0 -0.0 -0.0 -0.0 -0.0 -0.0 -0.0 -0.0 -0.0 -0.0 -0.0 -0.0 -0.0 16.0 13.0 12.0 10.0 -0.0 -0.0; -0.0 -0.0 -0.0 -0.0 -0.0 -0.0 -0.0 -0.0 -0.0 -0.0 -0.0 -0.0 -0.0 -0.0 -0.0 -0.0 -0.0 -0.0 -0.0 -0.0; -0.0 -0.0 -0.0 -0.0 -0.0 -0.0 -0.0 -0.0 -0.0 -0.0 -0.0 -0.0 -0.0 -0.0 -0.0 -0.0 -0.0 -0.0 -0.0 -0.0; -0.0 -0.0 -0.0 -0.0 -0.0 -0.0 -0.0 -0.0 -0.0 -0.0 -0.0 -0.0 -0.0 -0.0 -0.0 -0.0 -0.0 -0.0 28.0 30.0;;;]
evol_box,"[[0.494, 0.0], [2.41, 130466.51283071739], [2.509, 1.0646635169483712e7], [2.519, 1.9035481967660397e7], [2.53, 2.0412768067205437e7], [2.541, 2.254110402617126e7], [2.554, 2.404359768092172e7], [2.566, 2.4794816191644862e7]]"
y_pb,[[-0.0 17.000000000000004 8.0 11.0 21.0 -0.0 -0.0 -0.0 -0.0 -0.0 -0.0 -0.0 -0.0 -0.0 -0.0 -0.0 -0.0 -0.0 -0.0 -0.0; -0.0 -0.0 -0.0 -0.0 -0.0 -0.0 -0.0 0.0 -0.0 -0.0 -0.0 -0.0 -0.0 -0.0 -0.0 -0.0 -0.0 -0.0 -0.0 -0.0; -0.0 -0.0 -0.0 -0.0 -0.0 -0.0 -0.0 -0.0 0.0 -0.0 -0.0 -0.0 -0.0 -0.0 -0.0 -0.0 -0.0 -0.0 -0.0 -0.0; -0.0 -0.0 -0.0 -0.0 -0.0 -0.0 -0.0 -0.0 -0.0 -0.0 27.0 25.000000000000004 24.0 22.0 -0.0 -0.0 -0.0 -0.0 -0.0 -0.0; -0.0 -0.0 -0.0 -0.0 -0.0 -0.0 -0.0 -0.0 -0.0 -0.0 -0.0 -0.0 -0.0 -0.0 16.0 13.0 12.0 10.000000000000002 -0.0 -0.0; -0.0 -0.0 -0.0 -0.0 -0.0 -0.0 -0.0 -0.0 -0.0 -0.0 -0.0 -0.0 -0.0 -0.0 -0.0 -0.0 -0.0 0.0 -0.0 -0.0; -0.0 -0.0 -0.0 -0.0 -0.0 -0.0 -0.0 -0.0 -0.0 -0.0 -0.0 -0.0 -0.0 -0.0 -0.0 -0.0 -0.0 -0.0 0.0 -0.0; -0.0 -0.0 -0.0 -0.0 -0.0 -0.0 -0.0 -0.0 -0.0 -0.0 -0.0 -0.0 -0.0 -0.0 -0.0 -0.0 -0.0 -0.0 28.000000000000004 30.0;;;]]
x_bb,"[57.0, 0.0, 0.0, 98.0, 51.0, 0.0, 0.0, 58.0]"
x_box,"[57.0, 0.0, 0.0, 98.0, 51.0, 0.0, 0.0, 58.0]"
evol_zeta,"[[1.964, 39.0], [2.506, 30.0], [2.516, 21.0], [2.527, 10.9375], [2.539, 6.0], [2.551, 4.0], [2.563, 2.0], [2.574, 0.0]]"
ξ_box,[21.0; 17.0; 8.0; 11.0; 24.0; 28.0; 30.0; 38.0; 39.0; 39.0; 27.0; 25.0; 24.0; 22.0; 16.0; 13.0; 12.0; 10.0; 28.0; 30.0;;]
