first,second
s_box,[32.0; 46.0; 50.0; 48.0; 39.0; 43.0; 41.0; 41.0; 41.0; 38.0; 0.0; 0.0; 5.0; 0.0; 0.0; 0.0; 0.0; 0.0; 0.0; 0.0;;]
x_pb,"[99.0, -0.0, -0.0, 128.0, 18.0, 39.0, 28.0, 36.0]"
s_bb,[32.0; 46.0; 50.0; 48.0; 39.0; 43.0; 41.0; 41.0; 41.0; 38.0; 0.0; 0.0; 5.0; 0.0; 0.0; 0.0; 0.0; 0.0; 0.0; 0.0;;]
partition_bb,"[[[52.0, 47.0, 43.0, 37.0, 27.0, 25.0, 25.0, 23.0, 14.0, 14.0, 10.0, 6.0, 0.0, 0.0, 0.0, 0.0, 0.0, 12.0, 10.0, 4.0], [0.0, 0.0, 0.0, 0.0, 0.0, 9.0, 15.0, 15.0, 26.0, 26.0, 30.0, 34.0, 45.0, 38.0, 36.0, 31.0, 19.0, 12.0, 9.0, 4.0], [13.0, 15.0, 20.0, 23.0, 24.0, 36.0, 40.0, 42.0, 31.0, 31.0, 27.0, 23.0, 12.0, 7.0, 7.0, 0.0, 0.0, 0.0, 0.0, 0.0], [44.0, 39.0, 35.0, 29.0, 19.0, 23.0, 17.0, 17.0, 6.0, 10.0, 10.0, 14.0, 14.0, 7.0, 5.0, 0.0, 6.0, 18.0, 15.0, 21.0], [33.0, 35.0, 42.0, 48.0, 40.0, 35.0, 29.0, 29.0, 18.0, 18.0, 14.0, 10.0, 0.0, 0.0, 0.0, 0.0, 0.0, 0.0, 0.0, 0.0], [4.0, 9.0, 9.0, 12.0, 13.0, 25.0, 31.0, 31.0, 42.0, 38.0, 35.0, 34.0, 23.0, 17.0, 15.0, 9.0, 0.0, 0.0, 0.0, 1.0], [9.0, 4.0, 0.0, 0.0, 0.0, 0.0, 0.0, 0.0, 8.0, 11.0, 15.0, 15.0, 26.0, 33.0, 31.0, 39.0, 28.0, 18.0, 15.0, 21.0], [17.0, 19.0, 26.0, 31.0, 32.0, 44.0, 38.0, 38.0, 27.0, 27.0, 23.0, 19.0, 8.0, 3.0, 3.0, 0.0, 0.0, 0.0, 0.0, 0.0], [41.0, 43.0, 50.0, 44.0, 34.0, 32.0, 28.0, 28.0, 17.0, 17.0, 13.0, 9.0, 0.0, 0.0, 0.0, 0.0, 0.0, 0.0, 0.0, 0.0], [9.0, 4.0, 0.0, 0.0, 10.0, 8.0, 12.0, 14.0, 15.0, 18.0, 22.0, 22.0, 33.0, 40.0, 42.0, 33.0, 25.0, 18.0, 15.0, 10.0], [15.0, 10.0, 17.0, 23.0, 13.0, 14.0, 20.0, 20.0, 31.0, 31.0, 35.0, 39.0, 28.0, 21.0, 19.0, 14.0, 2.0, 0.0, 0.0, 0.0], [0.0, 0.0, 0.0, 1.0, 11.0, 3.0, 9.0, 9.0, 19.0, 20.0, 24.0, 26.0, 37.0, 44.0, 42.0, 35.0, 25.0, 18.0, 15.0, 10.0], [15.0, 17.0, 20.0, 23.0, 24.0, 36.0, 42.0, 40.0, 31.0, 31.0, 27.0, 23.0, 12.0, 7.0, 7.0, 0.0, 0.0, 0.0, 0.0, 0.0], [7.0, 12.0, 12.0, 15.0, 16.0, 28.0, 34.0, 32.0, 35.0, 39.0, 35.0, 31.0, 20.0, 15.0, 15.0, 6.0, 0.0, 0.0, 0.0, 0.0]]]"
y_box,[20.0 1.0 -0.0 -0.0 -0.0 -0.0 -0.0 -0.0 -0.0 -0.0 -0.0 -0.0 -0.0 -0.0 -0.0 -0.0 -0.0 -0.0 -0.0 -0.0; -0.0 -0.0 0.0 0.0 -0.0 -0.0 -0.0 -0.0 -0.0 -0.0 -0.0 -0.0 -0.0 -0.0 -0.0 -0.0 -0.0 -0.0 -0.0 -0.0; -0.0 -0.0 -0.0 -0.0 -0.0 -0.0 -0.0 -0.0 -0.0 -0.0 -0.0 -0.0 -0.0 -0.0 -0.0 -0.0 -0.0 -0.0 -0.0 -0.0; -0.0 -0.0 -0.0 -0.0 1.0 1.0 1.0 1.0 1.0 -0.0 -0.0 -0.0 -0.0 -0.0 -0.0 -0.0 -0.0 -0.0 -0.0 -0.0; -0.0 -0.0 -0.0 -0.0 -0.0 -0.0 -0.0 -0.0 -0.0 1.0 35.0 39.0 -0.0 -0.0 -0.0 -0.0 -0.0 -0.0 -0.0 -0.0; -0.0 -0.0 -0.0 -0.0 -0.0 -0.0 -0.0 -0.0 -0.0 -0.0 -0.0 -0.0 40.0 44.0 42.0 39.0 -0.0 -0.0 -0.0 -0.0; -0.0 -0.0 -0.0 -0.0 -0.0 -0.0 -0.0 -0.0 -0.0 -0.0 -0.0 -0.0 -0.0 -0.0 -0.0 -0.0 28.0 18.0 -0.0 -0.0; -0.0 -0.0 -0.0 -0.0 -0.0 -0.0 -0.0 -0.0 -0.0 -0.0 -0.0 -0.0 -0.0 -0.0 -0.0 -0.0 -0.0 -0.0 15.0 21.0;;;]
evol_bb,"[[0.5, 5.522137921640896e7]]"
y_bb,[20.0 1.0 -0.0 -0.0 -0.0 -0.0 -0.0 -0.0 -0.0 -0.0 -0.0 -0.0 -0.0 -0.0 -0.0 -0.0 -0.0 -0.0 -0.0 -0.0; -0.0 -0.0 0.0 0.0 -0.0 -0.0 -0.0 -0.0 -0.0 -0.0 -0.0 -0.0 -0.0 -0.0 -0.0 -0.0 -0.0 -0.0 -0.0 -0.0; -0.0 -0.0 -0.0 -0.0 -0.0 -0.0 -0.0 -0.0 -0.0 -0.0 -0.0 -0.0 -0.0 -0.0 -0.0 -0.0 -0.0 -0.0 -0.0 -0.0; -0.0 -0.0 -0.0 -0.0 1.0 1.0 1.0 1.0 1.0 -0.0 -0.0 -0.0 -0.0 -0.0 -0.0 -0.0 -0.0 -0.0 -0.0 -0.0; -0.0 -0.0 -0.0 -0.0 -0.0 -0.0 -0.0 -0.0 -0.0 1.0 35.0 39.0 -0.0 -0.0 -0.0 -0.0 -0.0 -0.0 -0.0 -0.0; -0.0 -0.0 -0.0 -0.0 -0.0 -0.0 -0.0 -0.0 -0.0 -0.0 -0.0 -0.0 40.0 44.0 42.0 39.0 -0.0 -0.0 -0.0 -0.0; -0.0 -0.0 -0.0 -0.0 -0.0 -0.0 -0.0 -0.0 -0.0 -0.0 -0.0 -0.0 -0.0 -0.0 -0.0 -0.0 28.0 18.0 -0.0 -0.0; -0.0 -0.0 -0.0 -0.0 -0.0 -0.0 -0.0 -0.0 -0.0 -0.0 -0.0 -0.0 -0.0 -0.0 -0.0 -0.0 -0.0 -0.0 15.0 21.0;;;]
evol_box,"[[0.443, 0.0], [1.964, 133698.7080663906], [2.047, 3.1519385874655418e7], [2.068, 3.8682244208920255e7], [2.079, 4.23285654647903e7], [2.09, 4.519361259745677e7], [2.107, 4.8188931643952034e7], [2.122, 4.9621468344107665e7], [2.143, 5.066327903492052e7], [2.161, 5.17051235530709e7], [2.176, 5.261673118863142e7], [2.196, 5.417950874950695e7], [2.211, 5.4830687522102565e7], [2.224, 5.509114865164016e7], [2.244, 5.522137921640896e7]]"
y_pb,[[52.0 47.0 -0.0 -0.0 -0.0 -0.0 -0.0 -0.0 -0.0 -0.0 -0.0 -0.0 -0.0 -0.0 -0.0 -0.0 -0.0 -0.0 -0.0 -0.0; -0.0 0.0 -0.0 -0.0 -0.0 -0.0 -0.0 -0.0 -0.0 -0.0 -0.0 -0.0 -0.0 -0.0 -0.0 -0.0 -0.0 -0.0 -0.0 -0.0; -0.0 0.0 -0.0 -0.0 -0.0 -0.0 -0.0 -0.0 -0.0 -0.0 -0.0 -0.0 -0.0 -0.0 -0.0 -0.0 -0.0 -0.0 -0.0 -0.0; -0.0 -0.0 -0.0 -0.0 -0.0 44.0 42.0 42.0 -0.0 -0.0 -0.0 -0.0 -0.0 -0.0 -0.0 -0.0 -0.0 -0.0 -0.0 -0.0; -0.0 -0.0 -0.0 -0.0 -0.0 -0.0 -0.0 -0.0 -0.0 18.0 -0.0 -0.0 -0.0 -0.0 -0.0 -0.0 -0.0 -0.0 -0.0 -0.0; -0.0 -0.0 -0.0 -0.0 -0.0 -0.0 -0.0 -0.0 -0.0 -0.0 -0.0 -0.0 -0.0 -0.0 -0.0 39.0 -0.0 -0.0 -0.0 -0.0; -0.0 -0.0 -0.0 -0.0 -0.0 -0.0 -0.0 -0.0 -0.0 -0.0 -0.0 -0.0 -0.0 -0.0 -0.0 -0.0 28.000000000000004 -0.0 -0.0 -0.0; -0.0 -0.0 -0.0 -0.0 -0.0 -0.0 -0.0 -0.0 -0.0 -0.0 -0.0 -0.0 -0.0 -0.0 -0.0 -0.0 -0.0 -0.0 15.0 21.0;;;]]
x_bb,"[21.0, 0.0, 0.0, 5.0, 75.0, 165.0, 46.0, 36.0]"
x_box,"[21.0, 0.0, 0.0, 5.0, 75.0, 165.0, 46.0, 36.0]"
evol_zeta,"[[2.045, 44.93333333333334], [2.066, 18.800000000000004], [2.076, 17.0], [2.088, 13.0], [2.104, 11.0], [2.119, 10.916666666666664], [2.141, 8.0], [2.159, 7.533333333333399], [2.174, 6.333333333333329], [2.194, 6.0], [2.209, 5.0], [2.222, 1.5333333333333314], [2.241, 1.0], [2.251, 0.0]]"
ξ_box,[52.0; 47.0; 50.0; 48.0; 40.0; 44.0; 42.0; 42.0; 42.0; 39.0; 35.0; 39.0; 45.0; 44.0; 42.0; 39.0; 28.0; 18.0; 15.0; 21.0;;]
