first,second
s_box,[24.0; 25.0; 26.0; 32.0; 0.0; 0.0; 0.0; 0.0; 0.0; 0.0; 0.0; 0.0; 0.0; 0.0; 0.0; 0.0; 0.0; 0.0; 0.0; 0.0;;]
x_pb,"[-0.0, 148.0, -0.0, -0.0, 46.0, 12.0, 18.0, 85.0]"
s_bb,[24.0; 25.0; 26.0; 32.0; 0.0; 0.0; 0.0; 0.0; 0.0; 0.0; 0.0; 0.0; 0.0; 0.0; 0.0; 0.0; 0.0; 0.0; 0.0; 0.0;;]
partition_bb,"[[[17.0, 19.0, 20.0, 26.0, 40.0, 37.0, 37.0, 25.0, 15.0, 11.0, 5.0, 0.0, 0.0, 0.0, 0.0, 0.0, 0.0, 0.0, 0.0, 0.0], [15.0, 13.0, 12.0, 15.0, 31.0, 34.0, 35.0, 27.0, 24.0, 17.0, 5.0, 12.0, 18.0, 15.0, 15.0, 11.0, 6.0, 5.0, 4.0, 0.0], [24.0, 26.0, 27.0, 33.0, 28.0, 25.0, 24.0, 13.0, 23.0, 16.0, 5.0, 0.0, 0.0, 9.0, 9.0, 5.0, 6.0, 11.0, 11.0, 15.0], [28.0, 26.0, 27.0, 33.0, 27.0, 24.0, 23.0, 12.0, 2.0, 0.0, 5.0, 12.0, 18.0, 15.0, 15.0, 11.0, 6.0, 11.0, 10.0, 6.0], [8.0, 10.0, 11.0, 17.0, 31.0, 33.0, 34.0, 22.0, 24.0, 17.0, 5.0, 12.0, 4.0, 15.0, 15.0, 11.0, 6.0, 11.0, 12.0, 15.0]]]"
y_box,[-0.0 -0.0 -0.0 -0.0 -0.0 -0.0 -0.0 -0.0 -0.0 -0.0 -0.0 -0.0 -0.0 -0.0 -0.0 -0.0 -0.0 -0.0 -0.0 -0.0; 4.0 1.0 1.0 1.0 40.0 37.0 37.0 27.0 -0.0 -0.0 -0.0 -0.0 -0.0 -0.0 -0.0 -0.0 -0.0 -0.0 -0.0 -0.0; -0.0 -0.0 -0.0 -0.0 -0.0 -0.0 -0.0 -0.0 -0.0 -0.0 -0.0 -0.0 -0.0 -0.0 -0.0 -0.0 -0.0 -0.0 -0.0 -0.0; -0.0 -0.0 -0.0 -0.0 -0.0 -0.0 -0.0 -0.0 -0.0 -0.0 -0.0 -0.0 -0.0 -0.0 -0.0 -0.0 -0.0 -0.0 -0.0 -0.0; -0.0 -0.0 -0.0 -0.0 -0.0 -0.0 -0.0 -0.0 24.0 17.0 5.0 -0.0 -0.0 -0.0 -0.0 -0.0 -0.0 -0.0 -0.0 -0.0; -0.0 -0.0 -0.0 -0.0 -0.0 -0.0 -0.0 -0.0 -0.0 -0.0 -0.0 12.0 -0.0 -0.0 -0.0 -0.0 -0.0 -0.0 -0.0 -0.0; -0.0 -0.0 -0.0 -0.0 -0.0 -0.0 -0.0 -0.0 -0.0 -0.0 -0.0 -0.0 18.0 -0.0 -0.0 -0.0 -0.0 -0.0 -0.0 -0.0; -0.0 -0.0 -0.0 -0.0 -0.0 -0.0 -0.0 -0.0 -0.0 -0.0 -0.0 -0.0 -0.0 15.0 15.0 11.0 6.0 11.0 12.0 15.0;;;]
evol_bb,"[[0.337, 1.1546180611713197e7]]"
y_bb,[-0.0 -0.0 -0.0 -0.0 -0.0 -0.0 -0.0 -0.0 -0.0 -0.0 -0.0 -0.0 -0.0 -0.0 -0.0 -0.0 -0.0 -0.0 -0.0 -0.0; 4.0 1.0 1.0 1.0 40.0 37.0 37.0 27.0 -0.0 -0.0 -0.0 -0.0 -0.0 -0.0 -0.0 -0.0 -0.0 -0.0 -0.0 -0.0; -0.0 -0.0 -0.0 -0.0 -0.0 -0.0 -0.0 -0.0 -0.0 -0.0 -0.0 -0.0 -0.0 -0.0 -0.0 -0.0 -0.0 -0.0 -0.0 -0.0; -0.0 -0.0 -0.0 -0.0 -0.0 -0.0 -0.0 -0.0 -0.0 -0.0 -0.0 -0.0 -0.0 -0.0 -0.0 -0.0 -0.0 -0.0 -0.0 -0.0; -0.0 -0.0 -0.0 -0.0 -0.0 -0.0 -0.0 -0.0 24.0 17.0 5.0 -0.0 -0.0 -0.0 -0.0 -0.0 -0.0 -0.0 -0.0 -0.0; -0.0 -0.0 -0.0 -0.0 -0.0 -0.0 -0.0 -0.0 -0.0 -0.0 -0.0 12.0 -0.0 -0.0 -0.0 -0.0 -0.0 -0.0 -0.0 -0.0; -0.0 -0.0 -0.0 -0.0 -0.0 -0.0 -0.0 -0.0 -0.0 -0.0 -0.0 -0.0 18.0 -0.0 -0.0 -0.0 -0.0 -0.0 -0.0 -0.0; -0.0 -0.0 -0.0 -0.0 -0.0 -0.0 -0.0 -0.0 -0.0 -0.0 -0.0 -0.0 -0.0 15.0 15.0 11.0 6.0 11.0 12.0 15.0;;;]
evol_box,"[[0.528, 0.0], [2.362, 9625.353783923103], [2.458, 4.969418565760714e6], [2.467, 8.095769402618205e6], [2.475, 1.1114884889499307e7], [2.486, 1.1546180611713197e7]]"
y_pb,[[-0.0 -0.0 -0.0 0.0 -0.0 -0.0 -0.0 -0.0 -0.0 -0.0 -0.0 -0.0 -0.0 -0.0 -0.0 -0.0 -0.0 -0.0 -0.0 -0.0; -0.0 -0.0 -0.0 7.0 40.00000000000001 37.00000000000001 37.00000000000001 27.0 -0.0 -0.0 -0.0 -0.0 -0.0 -0.0 -0.0 -0.0 -0.0 -0.0 -0.0 -0.0; -0.0 -0.0 -0.0 -0.0 -0.0 -0.0 -0.0 0.0 -0.0 -0.0 -0.0 -0.0 -0.0 -0.0 -0.0 -0.0 -0.0 -0.0 -0.0 -0.0; -0.0 -0.0 -0.0 -0.0 -0.0 -0.0 -0.0 -0.0 0.0 -0.0 -0.0 -0.0 -0.0 -0.0 -0.0 -0.0 -0.0 -0.0 -0.0 -0.0; -0.0 -0.0 -0.0 -0.0 -0.0 -0.0 -0.0 -0.0 24.0 17.000000000000004 5.000000000000001 -0.0 -0.0 -0.0 -0.0 -0.0 -0.0 -0.0 -0.0 -0.0; -0.0 -0.0 -0.0 -0.0 -0.0 -0.0 -0.0 -0.0 -0.0 -0.0 -0.0 12.0 -0.0 -0.0 -0.0 -0.0 -0.0 -0.0 -0.0 -0.0; -0.0 -0.0 -0.0 -0.0 -0.0 -0.0 -0.0 -0.0 -0.0 -0.0 -0.0 -0.0 18.0 -0.0 -0.0 -0.0 -0.0 -0.0 -0.0 -0.0; -0.0 -0.0 -0.0 -0.0 -0.0 -0.0 -0.0 -0.0 -0.0 -0.0 -0.0 -0.0 -0.0 15.0 15.0 11.0 6.0 11.0 12.0 15.0;;;]]
x_bb,"[0.0, 148.0, 0.0, 0.0, 46.0, 12.0, 18.0, 85.0]"
x_box,"[0.0, 148.0, 0.0, 0.0, 46.0, 12.0, 18.0, 85.0]"
evol_zeta,"[[1.915, 40.0], [2.455, 18.0], [2.464, 15.0], [2.472, 11.0], [2.483, 2.0], [2.496, 0.0]]"
ξ_box,[28.0; 26.0; 27.0; 33.0; 40.0; 37.0; 37.0; 27.0; 24.0; 17.0; 5.0; 12.0; 18.0; 15.0; 15.0; 11.0; 6.0; 11.0; 12.0; 15.0;;]
