first,second
s_box,[15.0; 30.0; 28.0; 24.0; 12.0; 19.0; 21.0; 23.0; 25.0; 27.0; 1.0; 0.0; 0.0; 0.0; 0.0; 2.0; 0.0; 44.0; 2.0; 0.0;;]
x_pb,"[52.0, 54.0, -0.0, -0.0, 145.0, -0.0, 98.0, -0.0]"
s_bb,[15.0; 30.0; 28.0; 24.0; 12.0; 19.0; 21.0; 23.0; 25.0; 27.0; 1.0; 0.0; 0.0; 0.0; 0.0; 2.0; 0.0; 44.0; 2.0; 0.0;;]
partition_bb,"[[[0.0, 0.0, 0.0, 0.0, 0.0, 4.0, 8.0, 10.0, 12.0, 14.0, 15.0, 16.0, 15.0, 19.0, 21.0, 36.0, 40.0, 44.0, 54.0, 44.0], [21.0, 31.0, 29.0, 25.0, 13.0, 18.0, 14.0, 16.0, 18.0, 20.0, 21.0, 22.0, 21.0, 17.0, 13.0, 15.0, 19.0, 23.0, 0.0, 0.0], [16.0, 6.0, 4.0, 8.0, 13.0, 17.0, 21.0, 23.0, 25.0, 27.0, 28.0, 29.0, 29.0, 33.0, 37.0, 11.0, 11.0, 7.0, 4.0, 0.0], [10.0, 0.0, 0.0, 0.0, 5.0, 11.0, 13.0, 15.0, 17.0, 19.0, 20.0, 21.0, 22.0, 20.0, 24.0, 48.0, 40.0, 40.0, 17.0, 7.0], [20.0, 30.0, 21.0, 17.0, 13.0, 17.0, 21.0, 23.0, 25.0, 27.0, 28.0, 29.0, 30.0, 26.0, 22.0, 1.0, 1.0, 0.0, 0.0, 0.0], [0.0, 10.0, 19.0, 23.0, 13.0, 19.0, 21.0, 23.0, 25.0, 27.0, 28.0, 29.0, 30.0, 34.0, 32.0, 6.0, 6.0, 2.0, 0.0, 0.0]]]"
y_box,[6.0 1.0 -0.0 -0.0 -0.0 -0.0 -0.0 -0.0 -0.0 -0.0 -0.0 -0.0 -0.0 -0.0 -0.0 -0.0 -0.0 -0.0 -0.0 -0.0; -0.0 -0.0 1.0 1.0 1.0 0.0 0.0 -0.0 -0.0 -0.0 -0.0 -0.0 -0.0 -0.0 -0.0 -0.0 -0.0 -0.0 -0.0 -0.0; -0.0 -0.0 -0.0 -0.0 -0.0 -0.0 -0.0 -0.0 -0.0 -0.0 -0.0 -0.0 -0.0 -0.0 -0.0 -0.0 -0.0 -0.0 -0.0 -0.0; -0.0 -0.0 -0.0 -0.0 -0.0 -0.0 -0.0 -0.0 -0.0 -0.0 0.0 -0.0 -0.0 -0.0 -0.0 -0.0 -0.0 -0.0 -0.0 -0.0; -0.0 -0.0 -0.0 -0.0 -0.0 -0.0 -0.0 0.0 0.0 0.0 27.0 29.0 30.0 34.0 37.0 46.0 40.0 -0.0 -0.0 -0.0; -0.0 -0.0 -0.0 -0.0 -0.0 -0.0 -0.0 -0.0 -0.0 -0.0 -0.0 -0.0 -0.0 -0.0 -0.0 -0.0 -0.0 -0.0 -0.0 -0.0; -0.0 -0.0 -0.0 -0.0 -0.0 -0.0 -0.0 -0.0 -0.0 -0.0 -0.0 -0.0 -0.0 -0.0 -0.0 -0.0 -0.0 -0.0 52.0 44.0; -0.0 -0.0 -0.0 -0.0 -0.0 -0.0 -0.0 -0.0 -0.0 -0.0 -0.0 -0.0 -0.0 -0.0 -0.0 -0.0 -0.0 -0.0 -0.0 -0.0;;;]
evol_bb,"[[0.412, 3.478737804866965e7]]"
y_bb,[6.0 1.0 -0.0 -0.0 -0.0 -0.0 -0.0 -0.0 -0.0 -0.0 -0.0 -0.0 -0.0 -0.0 -0.0 -0.0 -0.0 -0.0 -0.0 -0.0; -0.0 -0.0 1.0 1.0 1.0 0.0 0.0 -0.0 -0.0 -0.0 -0.0 -0.0 -0.0 -0.0 -0.0 -0.0 -0.0 -0.0 -0.0 -0.0; -0.0 -0.0 -0.0 -0.0 -0.0 -0.0 -0.0 -0.0 -0.0 -0.0 0.0 -0.0 -0.0 -0.0 -0.0 -0.0 -0.0 -0.0 -0.0 -0.0; -0.0 -0.0 -0.0 -0.0 -0.0 -0.0 -0.0 -0.0 -0.0 -0.0 -0.0 -0.0 -0.0 -0.0 -0.0 -0.0 -0.0 -0.0 -0.0 -0.0; -0.0 -0.0 -0.0 -0.0 -0.0 -0.0 -0.0 0.0 0.0 0.0 27.0 29.0 30.0 34.0 37.0 46.0 40.0 -0.0 -0.0 -0.0; -0.0 -0.0 -0.0 -0.0 -0.0 -0.0 -0.0 -0.0 -0.0 -0.0 -0.0 -0.0 -0.0 -0.0 -0.0 -0.0 -0.0 -0.0 -0.0 -0.0; -0.0 -0.0 -0.0 -0.0 -0.0 -0.0 -0.0 -0.0 -0.0 -0.0 -0.0 -0.0 -0.0 -0.0 -0.0 -0.0 -0.0 -0.0 52.0 44.0; -0.0 -0.0 -0.0 -0.0 -0.0 -0.0 -0.0 -0.0 -0.0 -0.0 -0.0 -0.0 -0.0 -0.0 -0.0 -0.0 -0.0 -0.0 -0.0 -0.0;;;]
evol_box,"[[0.521, 0.0], [2.567, 388716.7244329741], [2.67, 2.7524647669768184e7], [2.682, 3.3258387699095767e7], [2.696, 3.478737804866965e7]]"
y_pb,[[21.0 31.000000000000004 -0.0 -0.0 -0.0 -0.0 -0.0 -0.0 -0.0 -0.0 -0.0 -0.0 -0.0 -0.0 -0.0 -0.0 -0.0 -0.0 -0.0 -0.0; -0.0 -0.0 29.0 25.000000000000004 -0.0 -0.0 -0.0 -0.0 -0.0 -0.0 -0.0 -0.0 -0.0 -0.0 -0.0 -0.0 -0.0 -0.0 -0.0 -0.0; -0.0 -0.0 -0.0 -0.0 -0.0 -0.0 -0.0 -0.0 -0.0 -0.0 0.0 -0.0 -0.0 -0.0 -0.0 -0.0 -0.0 -0.0 -0.0 -0.0; -0.0 -0.0 -0.0 -0.0 -0.0 -0.0 -0.0 -0.0 -0.0 -0.0 -0.0 0.0 -0.0 -0.0 -0.0 -0.0 -0.0 -0.0 -0.0 -0.0; -0.0 -0.0 -0.0 -0.0 -0.0 -0.0 -0.0 -0.0 -0.0 -0.0 -0.0 4.0 30.0 34.00000000000001 37.00000000000001 -0.0 40.00000000000001 -0.0 -0.0 -0.0; -0.0 -0.0 -0.0 -0.0 -0.0 -0.0 -0.0 -0.0 -0.0 -0.0 -0.0 -0.0 -0.0 -0.0 -0.0 -0.0 -0.0 -0.0 0.0 -0.0; -0.0 -0.0 -0.0 -0.0 -0.0 -0.0 -0.0 -0.0 -0.0 -0.0 -0.0 -0.0 -0.0 -0.0 -0.0 -0.0 -0.0 -0.0 54.0 44.0; -0.0 -0.0 -0.0 -0.0 -0.0 -0.0 -0.0 -0.0 -0.0 -0.0 -0.0 -0.0 -0.0 -0.0 -0.0 -0.0 -0.0 -0.0 -0.0 0.0;;;]]
x_bb,"[7.0, 3.0, 0.0, 0.0, 243.0, 0.0, 96.0, 0.0]"
x_box,"[7.0, 3.0, 0.0, 0.0, 243.0, 0.0, 96.0, 0.0]"
evol_zeta,"[[2.066, 54.0], [2.667, 31.0], [2.679, 16.0], [2.693, 12.0], [2.714, 0.0]]"
ξ_box,[21.0; 31.0; 29.0; 25.0; 13.0; 19.0; 21.0; 23.0; 25.0; 27.0; 28.0; 29.0; 30.0; 34.0; 37.0; 48.0; 40.0; 44.0; 54.0; 44.0;;]
