first,second
s_box,[0.0; 0.0; 26.0; 0.0; 0.0; 0.0; 26.0; 23.0; 0.0; 0.0; 0.0; 0.0; 31.0; 30.0; 7.0; 8.0; 5.0; 0.0; 0.0; 0.0;;]
x_pb,"[16.0, -0.0, 62.0, 66.0, 74.0, -0.0, 12.0, 23.0]"
s_bb,[0.0; 0.0; 26.0; 0.0; 0.0; 0.0; 26.0; 23.0; 0.0; 0.0; 0.0; 0.0; 31.0; 30.0; 7.0; 8.0; 5.0; 0.0; 0.0; 0.0;;]
partition_bb,"[[[0.0, 0.0, 0.0, 9.0, 11.0, 15.0, 16.0, 17.0, 27.0, 27.0, 30.0, 39.0, 29.0, 28.0, 5.0, 3.0, 1.0, 0.0, 0.0, 0.0], [6.0, 10.0, 26.0, 18.0, 18.0, 19.0, 28.0, 22.0, 17.0, 17.0, 14.0, 5.0, 4.0, 3.0, 7.0, 3.0, 5.0, 12.0, 13.0, 10.0], [0.0, 0.0, 5.0, 15.0, 16.0, 17.0, 22.0, 23.0, 33.0, 33.0, 30.0, 21.0, 20.0, 19.0, 0.0, 0.0, 0.0, 0.0, 0.0, 0.0], [4.0, 0.0, 10.0, 20.0, 18.0, 22.0, 17.0, 23.0, 19.0, 18.0, 15.0, 17.0, 27.0, 28.0, 7.0, 8.0, 5.0, 0.0, 0.0, 0.0], [0.0, 0.0, 4.0, 14.0, 14.0, 15.0, 21.0, 22.0, 31.0, 32.0, 35.0, 26.0, 23.0, 22.0, 0.0, 0.0, 0.0, 0.0, 0.0, 0.0], [6.0, 10.0, 0.0, 8.0, 8.0, 9.0, 18.0, 23.0, 25.0, 26.0, 29.0, 20.0, 30.0, 30.0, 7.0, 5.0, 5.0, 0.0, 0.0, 0.0], [6.0, 10.0, 0.0, 2.0, 4.0, 8.0, 9.0, 10.0, 20.0, 20.0, 23.0, 32.0, 31.0, 30.0, 7.0, 8.0, 5.0, 12.0, 13.0, 10.0]]]"
y_box,[6.0 10.0 -0.0 -0.0 -0.0 -0.0 -0.0 -0.0 -0.0 -0.0 -0.0 -0.0 -0.0 -0.0 -0.0 -0.0 -0.0 -0.0 -0.0 -0.0; -0.0 -0.0 0.0 -0.0 -0.0 -0.0 -0.0 -0.0 -0.0 -0.0 -0.0 -0.0 -0.0 -0.0 -0.0 -0.0 -0.0 -0.0 -0.0 -0.0; -0.0 -0.0 -0.0 20.0 18.0 22.0 2.0 -0.0 -0.0 -0.0 -0.0 -0.0 -0.0 -0.0 -0.0 -0.0 -0.0 -0.0 -0.0 -0.0; -0.0 -0.0 -0.0 -0.0 -0.0 -0.0 -0.0 -0.0 33.0 33.0 -0.0 -0.0 -0.0 -0.0 -0.0 -0.0 -0.0 -0.0 -0.0 -0.0; -0.0 -0.0 -0.0 -0.0 -0.0 -0.0 -0.0 -0.0 -0.0 -0.0 35.0 39.0 -0.0 -0.0 -0.0 -0.0 -0.0 -0.0 -0.0 -0.0; -0.0 -0.0 -0.0 -0.0 -0.0 -0.0 -0.0 -0.0 -0.0 -0.0 -0.0 -0.0 0.0 0.0 0.0 -0.0 -0.0 -0.0 -0.0 -0.0; -0.0 -0.0 -0.0 -0.0 -0.0 -0.0 -0.0 -0.0 -0.0 -0.0 -0.0 -0.0 -0.0 -0.0 -0.0 -0.0 0.0 12.0 -0.0 -0.0; -0.0 -0.0 -0.0 -0.0 -0.0 -0.0 -0.0 -0.0 -0.0 -0.0 -0.0 -0.0 -0.0 -0.0 -0.0 -0.0 -0.0 -0.0 13.0 10.0;;;]
evol_bb,"[[0.476, 1.9196222104991715e7]]"
y_bb,[6.0 10.0 -0.0 -0.0 -0.0 -0.0 -0.0 -0.0 -0.0 -0.0 -0.0 -0.0 -0.0 -0.0 -0.0 -0.0 -0.0 -0.0 -0.0 -0.0; -0.0 -0.0 0.0 -0.0 -0.0 -0.0 -0.0 -0.0 -0.0 -0.0 -0.0 -0.0 -0.0 -0.0 -0.0 -0.0 -0.0 -0.0 -0.0 -0.0; -0.0 -0.0 -0.0 20.0 18.0 22.0 2.0 -0.0 -0.0 -0.0 -0.0 -0.0 -0.0 -0.0 -0.0 -0.0 -0.0 -0.0 -0.0 -0.0; -0.0 -0.0 -0.0 -0.0 -0.0 -0.0 -0.0 -0.0 33.0 33.0 -0.0 -0.0 -0.0 -0.0 -0.0 -0.0 -0.0 -0.0 -0.0 -0.0; -0.0 -0.0 -0.0 -0.0 -0.0 -0.0 -0.0 -0.0 -0.0 -0.0 35.0 39.0 -0.0 -0.0 -0.0 -0.0 -0.0 -0.0 -0.0 -0.0; -0.0 -0.0 -0.0 -0.0 -0.0 -0.0 -0.0 -0.0 -0.0 -0.0 -0.0 -0.0 0.0 0.0 0.0 -0.0 -0.0 -0.0 -0.0 -0.0; -0.0 -0.0 -0.0 -0.0 -0.0 -0.0 -0.0 -0.0 -0.0 -0.0 -0.0 -0.0 -0.0 -0.0 -0.0 -0.0 0.0 12.0 -0.0 -0.0; -0.0 -0.0 -0.0 -0.0 -0.0 -0.0 -0.0 -0.0 -0.0 -0.0 -0.0 -0.0 -0.0 -0.0 -0.0 -0.0 -0.0 -0.0 13.0 10.0;;;]
evol_box,"[[0.63, 0.0], [2.793, 494002.9430096173], [2.915, 1.5258885877788337e7], [2.929, 1.685841336448995e7], [3.006, 1.7473636901100833e7], [3.019, 1.7965805372961532e7], [3.031, 1.858100269148646e7], [3.092, 1.907318152077516e7], [3.154, 1.9196222104991715e7]]"
y_pb,[[6.0 10.000000000000002 -0.0 -0.0 -0.0 -0.0 -0.0 -0.0 -0.0 -0.0 -0.0 -0.0 -0.0 -0.0 -0.0 -0.0 -0.0 -0.0 -0.0 -0.0; -0.0 -0.0 0.0 -0.0 -0.0 -0.0 -0.0 -0.0 -0.0 -0.0 -0.0 -0.0 -0.0 -0.0 -0.0 -0.0 -0.0 -0.0 -0.0 -0.0; -0.0 -0.0 -0.0 20.000000000000004 18.0 22.0 2.0 -0.0 -0.0 -0.0 -0.0 -0.0 -0.0 -0.0 -0.0 -0.0 -0.0 -0.0 -0.0 -0.0; -0.0 -0.0 -0.0 -0.0 -0.0 -0.0 -0.0 -0.0 33.0 33.0 -0.0 -0.0 -0.0 -0.0 -0.0 -0.0 -0.0 -0.0 -0.0 -0.0; -0.0 -0.0 -0.0 -0.0 -0.0 -0.0 -0.0 -0.0 -0.0 -0.0 35.0 39.0 -0.0 -0.0 -0.0 -0.0 -0.0 -0.0 -0.0 -0.0; -0.0 -0.0 -0.0 -0.0 -0.0 -0.0 -0.0 -0.0 -0.0 -0.0 -0.0 -0.0 -0.0 0.0 -0.0 -0.0 -0.0 -0.0 -0.0 -0.0; -0.0 -0.0 -0.0 -0.0 -0.0 -0.0 -0.0 -0.0 -0.0 -0.0 -0.0 -0.0 -0.0 -0.0 -0.0 -0.0 -0.0 12.0 -0.0 -0.0; -0.0 -0.0 -0.0 -0.0 -0.0 -0.0 -0.0 -0.0 -0.0 -0.0 -0.0 -0.0 -0.0 -0.0 -0.0 -0.0 -0.0 -0.0 13.0 10.000000000000002;;;]]
x_bb,"[16.0, 0.0, 62.0, 66.0, 74.0, 0.0, 12.0, 23.0]"
x_box,"[16.0, 0.0, 62.0, 66.0, 74.0, 0.0, 12.0, 23.0]"
evol_zeta,"[[2.276, 38.714285714285715], [2.912, 26.0], [2.926, 5.999999999999995], [3.002, 5.000000000600011], [3.016, 3.5], [3.028, 3.0], [3.09, 2.0], [3.15, 1.0000000002000036], [3.229, 0.0]]"
ξ_box,[6.0; 10.0; 26.0; 20.0; 18.0; 22.0; 28.0; 23.0; 33.0; 33.0; 35.0; 39.0; 31.0; 30.0; 7.0; 8.0; 5.0; 12.0; 13.0; 10.0;;]
