first,second
s_box,[0.0; 0.0; 0.0; 0.0; 0.0; 0.0; 0.0; 0.0; 0.0; 0.0; 0.0; 0.0; 20.0; 19.0; 12.0; 14.0; 0.0; 0.0; 3.0; 32.0;;]
x_pb,"[39.0, 29.0, 59.0, 114.0, 0.0, -0.0, -0.0, 65.0]"
s_bb,[0.0; 0.0; 0.0; 0.0; 0.0; 0.0; 0.0; 0.0; 0.0; 0.0; 0.0; 0.0; 20.0; 19.0; 12.0; 14.0; 0.0; 0.0; 3.0; 32.0;;]
partition_bb,"[[[0.0, 0.0, 7.0, 11.0, 13.0, 13.0, 16.0, 17.0, 23.0, 28.0, 31.0, 32.0, 20.0, 19.0, 12.0, 14.0, 11.0, 15.0, 19.0, 8.0], [16.0, 9.0, 7.0, 11.0, 9.0, 9.0, 6.0, 5.0, 14.0, 19.0, 22.0, 27.0, 20.0, 19.0, 12.0, 10.0, 18.0, 20.0, 21.0, 32.0], [16.0, 23.0, 16.0, 11.0, 10.0, 10.0, 7.0, 5.0, 13.0, 18.0, 21.0, 26.0, 20.0, 19.0, 12.0, 10.0, 24.0, 20.0, 16.0, 10.0], [2.0, 0.0, 7.0, 11.0, 11.0, 11.0, 14.0, 14.0, 23.0, 24.0, 21.0, 16.0, 16.0, 15.0, 8.0, 6.0, 18.0, 20.0, 24.0, 13.0], [16.0, 23.0, 18.0, 11.0, 13.0, 13.0, 16.0, 17.0, 23.0, 28.0, 25.0, 20.0, 20.0, 19.0, 12.0, 10.0, 12.0, 8.0, 4.0, 0.0]]]"
y_box,[16.0 23.0 -0.0 -0.0 -0.0 -0.0 -0.0 -0.0 -0.0 -0.0 -0.0 -0.0 -0.0 -0.0 -0.0 -0.0 -0.0 -0.0 -0.0 -0.0; -0.0 -0.0 18.0 11.0 -0.0 -0.0 -0.0 -0.0 -0.0 -0.0 -0.0 -0.0 -0.0 -0.0 -0.0 -0.0 -0.0 -0.0 -0.0 -0.0; -0.0 -0.0 -0.0 -0.0 13.0 13.0 16.0 17.0 -0.0 -0.0 -0.0 -0.0 -0.0 -0.0 -0.0 -0.0 -0.0 -0.0 -0.0 -0.0; -0.0 -0.0 -0.0 -0.0 -0.0 -0.0 -0.0 -0.0 23.0 28.0 31.0 32.0 -0.0 -0.0 -0.0 -0.0 -0.0 -0.0 -0.0 -0.0; -0.0 -0.0 -0.0 -0.0 -0.0 -0.0 -0.0 -0.0 -0.0 -0.0 -0.0 -0.0 -0.0 -0.0 -0.0 -0.0 -0.0 -0.0 -0.0 -0.0; -0.0 -0.0 -0.0 -0.0 -0.0 -0.0 -0.0 -0.0 -0.0 -0.0 -0.0 -0.0 -0.0 -0.0 -0.0 -0.0 -0.0 -0.0 -0.0 -0.0; -0.0 -0.0 -0.0 -0.0 -0.0 -0.0 -0.0 -0.0 -0.0 -0.0 -0.0 -0.0 0.0 0.0 0.0 0.0 -0.0 -0.0 -0.0 -0.0; -0.0 -0.0 -0.0 -0.0 -0.0 -0.0 -0.0 -0.0 -0.0 -0.0 -0.0 -0.0 -0.0 -0.0 -0.0 -0.0 24.0 20.0 21.0 0.0;;;]
evol_bb,"[[0.281, 1.1924184685926683e7]]"
y_bb,[16.0 23.0 -0.0 -0.0 -0.0 -0.0 -0.0 -0.0 -0.0 -0.0 -0.0 -0.0 -0.0 -0.0 -0.0 -0.0 -0.0 -0.0 -0.0 -0.0; -0.0 -0.0 18.0 11.0 -0.0 -0.0 -0.0 -0.0 -0.0 -0.0 -0.0 -0.0 -0.0 -0.0 -0.0 -0.0 -0.0 -0.0 -0.0 -0.0; -0.0 -0.0 -0.0 -0.0 13.0 13.0 16.0 17.0 -0.0 -0.0 -0.0 -0.0 -0.0 -0.0 -0.0 -0.0 -0.0 -0.0 -0.0 -0.0; -0.0 -0.0 -0.0 -0.0 -0.0 -0.0 -0.0 -0.0 23.0 28.0 31.0 32.0 -0.0 -0.0 -0.0 -0.0 -0.0 -0.0 -0.0 -0.0; -0.0 -0.0 -0.0 -0.0 -0.0 -0.0 -0.0 -0.0 -0.0 -0.0 -0.0 -0.0 -0.0 -0.0 -0.0 -0.0 -0.0 -0.0 -0.0 -0.0; -0.0 -0.0 -0.0 -0.0 -0.0 -0.0 -0.0 -0.0 -0.0 -0.0 -0.0 -0.0 -0.0 -0.0 -0.0 -0.0 -0.0 -0.0 -0.0 -0.0; -0.0 -0.0 -0.0 -0.0 -0.0 -0.0 -0.0 -0.0 -0.0 -0.0 -0.0 -0.0 0.0 0.0 0.0 0.0 -0.0 -0.0 -0.0 -0.0; -0.0 -0.0 -0.0 -0.0 -0.0 -0.0 -0.0 -0.0 -0.0 -0.0 -0.0 -0.0 -0.0 -0.0 -0.0 -0.0 24.0 20.0 21.0 0.0;;;]
evol_box,"[[0.45, 0.0], [1.976, 362247.7703399103], [2.05, 6.918132187733393e6], [2.056, 1.156656757224223e7], [2.064, 1.1924184685926683e7]]"
y_pb,[[16.0 23.000000000000004 -0.0 -0.0 -0.0 -0.0 -0.0 -0.0 -0.0 -0.0 -0.0 -0.0 -0.0 -0.0 -0.0 -0.0 -0.0 -0.0 -0.0 -0.0; -0.0 -0.0 18.0 11.0 -0.0 -0.0 -0.0 -0.0 -0.0 -0.0 -0.0 -0.0 -0.0 -0.0 -0.0 -0.0 -0.0 -0.0 -0.0 -0.0; -0.0 -0.0 -0.0 -0.0 13.0 13.0 16.0 17.000000000000004 -0.0 -0.0 -0.0 -0.0 -0.0 -0.0 -0.0 -0.0 -0.0 -0.0 -0.0 -0.0; -0.0 -0.0 -0.0 -0.0 -0.0 -0.0 -0.0 -0.0 23.000000000000004 28.000000000000004 31.000000000000004 32.0 -0.0 -0.0 -0.0 -0.0 -0.0 -0.0 -0.0 -0.0; -0.0 -0.0 -0.0 -0.0 -0.0 -0.0 -0.0 -0.0 -0.0 -0.0 -0.0 -0.0 -0.0 -0.0 -0.0 -0.0 -0.0 -0.0 -0.0 -0.0; -0.0 -0.0 -0.0 -0.0 -0.0 -0.0 -0.0 -0.0 -0.0 -0.0 -0.0 -0.0 0.0 -0.0 -0.0 -0.0 -0.0 -0.0 -0.0 -0.0; -0.0 -0.0 -0.0 -0.0 -0.0 -0.0 -0.0 -0.0 -0.0 -0.0 -0.0 -0.0 -0.0 0.0 -0.0 -0.0 -0.0 -0.0 -0.0 -0.0; -0.0 -0.0 -0.0 -0.0 -0.0 -0.0 -0.0 -0.0 -0.0 -0.0 -0.0 -0.0 -0.0 -0.0 -0.0 -0.0 24.0 20.000000000000004 21.0 -0.0;;;]]
x_bb,"[39.0, 29.0, 59.0, 114.0, 0.0, 0.0, 0.0, 65.0]"
x_box,"[39.0, 29.0, 59.0, 114.0, 0.0, 0.0, 0.0, 65.0]"
evol_zeta,"[[2.047, 24.0], [2.054, 23.0], [2.062, 3.0], [2.071, 0.0]]"
ξ_box,[16.0; 23.0; 18.0; 11.0; 13.0; 13.0; 16.0; 17.0; 23.0; 28.0; 31.0; 32.0; 20.0; 19.0; 12.0; 14.0; 24.0; 20.0; 24.0; 32.0;;]
