first,second
s_box,[-0.0 -0.0; -0.0 -0.0; -0.0 -0.0; -0.0 -0.0; 13.0 -0.0; 5.0 -0.0; -0.0 -0.0; -0.0 -0.0; 11.0 -0.0; -0.0 -0.0; -0.0 -0.0; -0.0 6.0; -0.0 14.0; -0.0 10.0; -0.0 -0.0; -0.0 -0.0; -0.0 -0.0; -0.0 -0.0; -0.0 -0.0; -0.0 -0.0]
x_pb,"[26.0, 35.0, 0.0, 67.0, -0.0, -0.0, 11.0, 143.0]"
s_bb,[-0.0 -0.0; -0.0 -0.0; -0.0 -0.0; -0.0 -0.0; -0.0 -0.0; -0.0 -0.0; -0.0 -0.0; -0.0 -0.0; -0.0 -0.0; -0.0 -0.0; -0.0 -0.0; 6.0 -0.0; 14.0 -0.0; 10.0 -0.0; -0.0 -0.0; -0.0 -0.0; -0.0 -0.0; -0.0 -0.0; -0.0 -0.0; -0.0 -0.0]
partition_bb,"[[[15.0, 11.0, 8.0, 15.0, 6.0, 1.0, 0.0, 4.0, 11.0, 17.0, 11.0, 6.0, 14.0, 21.0, 22.0, 21.0, 19.0, 15.0, 31.0, 35.0], [15.0, 11.0, 14.0, 21.0, 13.0, 8.0, 3.0, 4.0, 11.0, 13.0, 0.0, 1.0, 9.0, 16.0, 22.0, 21.0, 19.0, 15.0, 31.0, 35.0]], [[15.0, 11.0, 14.0, 21.0, 13.0, 8.0, 3.0, 2.0, 9.0, 15.0, 11.0, 6.0, 14.0, 21.0, 14.0, 13.0, 11.0, 15.0, 31.0, 35.0]]]"
y_box,[15.0 0.0 -0.0 4.0 -0.0 -0.0 3.0 4.0 -0.0 0.0 -0.0 -0.0 -0.0 -0.0 -0.0 -0.0 -0.0 -0.0 -0.0 -0.0; -0.0 -0.0 12.0 -0.0 -0.0 -0.0 3.0 -0.0 -0.0 -0.0 -0.0 6.0 14.0 -0.0 -0.0 -0.0 -0.0 -0.0 -0.0 -0.0; -0.0 -0.0 -0.0 -0.0 -0.0 -0.0 -0.0 -0.0 -0.0 -0.0 -0.0 -0.0 -0.0 -0.0 -0.0 -0.0 -0.0 -0.0 -0.0 -0.0; -0.0 11.0 -0.0 18.0 -0.0 -0.0 -0.0 -0.0 0.0 17.0 11.0 -0.0 -0.0 10.0 -0.0 -0.0 -0.0 -0.0 -0.0 -0.0; -0.0 -0.0 -0.0 -0.0 -0.0 -0.0 -0.0 -0.0 -0.0 -0.0 -0.0 -0.0 0.0 -0.0 -0.0 -0.0 -0.0 -0.0 -0.0 -0.0; -0.0 -0.0 -0.0 -0.0 -0.0 -0.0 -0.0 -0.0 -0.0 -0.0 -0.0 -0.0 -0.0 -0.0 -0.0 -0.0 -0.0 -0.0 -0.0 -0.0; -0.0 -0.0 -0.0 -0.0 -0.0 -0.0 -0.0 -0.0 -0.0 -0.0 -0.0 -0.0 -0.0 11.0 -0.0 -0.0 -0.0 -0.0 -0.0 -0.0; -0.0 -0.0 -0.0 -0.0 -0.0 -0.0 -0.0 -0.0 -0.0 -0.0 -0.0 -0.0 -0.0 -0.0 22.0 21.0 19.0 15.0 31.0 35.0;;; 15.0 11.0 -0.0 -0.0 -0.0 -0.0 -0.0 -0.0 -0.0 -0.0 -0.0 -0.0 -0.0 -0.0 -0.0 -0.0 -0.0 -0.0 -0.0 -0.0; -0.0 -0.0 14.0 21.0 -0.0 -0.0 -0.0 -0.0 -0.0 -0.0 -0.0 -0.0 -0.0 -0.0 -0.0 -0.0 -0.0 -0.0 -0.0 -0.0; -0.0 -0.0 -0.0 -0.0 -0.0 -0.0 -0.0 -0.0 -0.0 -0.0 -0.0 -0.0 -0.0 -0.0 -0.0 -0.0 -0.0 -0.0 -0.0 -0.0; -0.0 -0.0 -0.0 -0.0 13.0 8.0 3.0 4.0 11.0 17.0 11.0 -0.0 -0.0 -0.0 -0.0 -0.0 -0.0 -0.0 -0.0 -0.0; -0.0 -0.0 -0.0 -0.0 -0.0 -0.0 -0.0 -0.0 -0.0 -0.0 0.0 0.0 -0.0 -0.0 -0.0 -0.0 -0.0 -0.0 -0.0 -0.0; -0.0 -0.0 -0.0 -0.0 -0.0 -0.0 -0.0 -0.0 -0.0 -0.0 -0.0 -0.0 -0.0 -0.0 -0.0 -0.0 -0.0 -0.0 -0.0 -0.0; -0.0 -0.0 -0.0 -0.0 -0.0 -0.0 -0.0 -0.0 -0.0 -0.0 -0.0 -0.0 -0.0 11.0 -0.0 -0.0 -0.0 -0.0 -0.0 -0.0; -0.0 -0.0 -0.0 -0.0 -0.0 -0.0 -0.0 -0.0 -0.0 -0.0 -0.0 -0.0 -0.0 -0.0 22.0 21.0 19.0 15.0 31.0 35.0]
evol_bb,"[[0.351, 3.9730721418013754e6], [0.391, 3.973072141801375e6]]"
y_bb,[15.0 11.0 -0.0 -0.0 -0.0 -0.0 -0.0 -0.0 -0.0 -0.0 -0.0 -0.0 -0.0 -0.0 -0.0 -0.0 -0.0 -0.0 -0.0 -0.0; -0.0 -0.0 14.0 21.0 -0.0 -0.0 -0.0 -0.0 -0.0 -0.0 -0.0 -0.0 -0.0 -0.0 -0.0 -0.0 -0.0 -0.0 -0.0 -0.0; -0.0 -0.0 -0.0 0.0 -0.0 -0.0 -0.0 -0.0 -0.0 -0.0 -0.0 -0.0 -0.0 -0.0 -0.0 -0.0 -0.0 -0.0 -0.0 -0.0; -0.0 -0.0 -0.0 -0.0 13.0 8.0 3.0 4.0 11.0 17.0 11.0 -0.0 -0.0 -0.0 -0.0 -0.0 -0.0 -0.0 -0.0 -0.0; -0.0 -0.0 -0.0 -0.0 -0.0 -0.0 -0.0 -0.0 0.0 0.0 0.0 0.0 -0.0 -0.0 -0.0 -0.0 -0.0 -0.0 -0.0 -0.0; -0.0 -0.0 -0.0 -0.0 -0.0 -0.0 -0.0 -0.0 -0.0 -0.0 -0.0 -0.0 -0.0 -0.0 -0.0 -0.0 -0.0 -0.0 -0.0 -0.0; -0.0 -0.0 -0.0 -0.0 -0.0 -0.0 -0.0 -0.0 -0.0 -0.0 -0.0 -0.0 -0.0 11.0 -0.0 -0.0 0.0 0.0 -0.0 0.0; -0.0 -0.0 -0.0 -0.0 -0.0 -0.0 -0.0 -0.0 -0.0 -0.0 -0.0 -0.0 -0.0 -0.0 22.0 21.0 19.0 15.0 31.0 35.0;;; -0.0 -0.0 -0.0 -0.0 -0.0 -0.0 -0.0 -0.0 -0.0 -0.0 -0.0 -0.0 14.0 12.0 -0.0 -0.0 -0.0 -0.0 -0.0 -0.0; -0.0 -0.0 -0.0 -0.0 13.0 4.0 3.0 -0.0 -0.0 15.0 -0.0 -0.0 0.0 -0.0 -0.0 -0.0 -0.0 0.0 -0.0 -0.0; -0.0 -0.0 -0.0 -0.0 -0.0 -0.0 -0.0 -0.0 -0.0 -0.0 -0.0 -0.0 -0.0 -0.0 -0.0 -0.0 -0.0 -0.0 -0.0 -0.0; 0.0 -0.0 14.0 0.0 -0.0 -0.0 0.0 2.0 9.0 -0.0 -0.0 6.0 -0.0 -0.0 -0.0 13.0 -0.0 -0.0 23.0 -0.0; -0.0 -0.0 -0.0 -0.0 -0.0 -0.0 -0.0 -0.0 -0.0 -0.0 -0.0 0.0 -0.0 -0.0 -0.0 -0.0 -0.0 -0.0 -0.0 -0.0; 0.0 -0.0 -0.0 -0.0 0.0 -0.0 -0.0 -0.0 -0.0 -0.0 -0.0 -0.0 -0.0 -0.0 -0.0 -0.0 -0.0 -0.0 -0.0 -0.0; -0.0 -0.0 -0.0 -0.0 -0.0 0.0 -0.0 -0.0 -0.0 0.0 11.0 -0.0 -0.0 -0.0 -0.0 -0.0 -0.0 -0.0 -0.0 -0.0; 15.0 11.0 -0.0 21.0 -0.0 4.0 -0.0 -0.0 -0.0 -0.0 -0.0 -0.0 -0.0 9.0 14.0 -0.0 11.0 15.0 8.0 35.0]
evol_box,"[[0.641, 0.0], [3.019, 138865.26131147458], [3.146, 138865.26131147458], [3.199, 138865.26131147458], [3.328, 2.3864634257583665e6], [3.459, 2.3864634257583665e6], [3.551, 2.3864634257583665e6], [3.7, 2.3864634257583665e6], [3.834, 2.3864634257583665e6], [4.008, 3.1797552054936816e6], [4.144, 3.4441040340306396e6], [4.343, 3.444194184262913e6], [4.524, 3.708580175949858e6], [4.781, 3.708643632970536e6], [4.985, 3.8408557889542514e6], [5.213, 3.9730721418013754e6]]"
y_pb,[[15.0 11.0 -0.0 -0.0 -0.0 -0.0 -0.0 -0.0 -0.0 -0.0 -0.0 -0.0 -0.0 -0.0 -0.0 -0.0 -0.0 -0.0 -0.0 -0.0; -0.0 -0.0 14.000000000000002 21.0 -0.0 -0.0 -0.0 -0.0 -0.0 -0.0 -0.0 -0.0 -0.0 -0.0 -0.0 -0.0 -0.0 -0.0 -0.0 -0.0; -0.0 -0.0 -0.0 -0.0 -0.0 -0.0 -0.0 -0.0 -0.0 -0.0 -0.0 -0.0 -0.0 -0.0 -0.0 -0.0 -0.0 -0.0 -0.0 -0.0; -0.0 -0.0 -0.0 -0.0 13.0 8.0 3.0 4.0 11.0 17.000000000000004 11.0 -0.0 -0.0 -0.0 -0.0 -0.0 -0.0 -0.0 -0.0 -0.0; -0.0 -0.0 -0.0 -0.0 -0.0 -0.0 -0.0 -0.0 -0.0 -0.0 0.0 -0.0 -0.0 -0.0 -0.0 -0.0 -0.0 -0.0 -0.0 -0.0; -0.0 -0.0 -0.0 -0.0 -0.0 -0.0 -0.0 -0.0 -0.0 -0.0 -0.0 -0.0 -0.0 0.0 -0.0 -0.0 -0.0 -0.0 -0.0 -0.0; -0.0 -0.0 -0.0 -0.0 -0.0 -0.0 -0.0 -0.0 -0.0 -0.0 -0.0 -0.0 -0.0 11.0 -0.0 -0.0 -0.0 -0.0 -0.0 -0.0; -0.0 -0.0 -0.0 -0.0 -0.0 -0.0 -0.0 -0.0 -0.0 -0.0 -0.0 -0.0 -0.0 -0.0 22.0 21.0 19.0 15.0 31.000000000000004 35.0;;;]]
x_bb,"[26.0, 35.0, 0.0, 67.0, 0.0, 0.0, 11.0, 143.0]"
x_box,"[26.0, 35.0, -0.0, 67.0, 0.0, -0.0, 11.0, 143.0]"
evol_zeta,"[[2.408, 35.0], [3.128, 7.000000000800014], [3.181, 7.0], [3.212, 6.999999999999999], [3.352, 6.0], [3.462, 6.0], [3.555, 6.0], [3.712, 6.0], [3.838, 6.0], [4.015, 6.0], [4.151, 2.0], [4.346, 2.0], [4.53, 2.0], [4.791, 1.0000000002000036], [4.992, 1.0], [5.218, 0.0]]"
ξ_box,[15.0 15.0; 11.0 11.0; 12.0 14.0; 21.0 21.0; 13.0 13.0; 5.0 8.0; 3.0 3.0; 4.0 4.0; 11.0 11.0; 17.0 17.0; 11.0 11.0; 6.0 6.0; 14.0 14.0; 21.0 21.0; 22.0 22.0; 21.0 21.0; 19.0 19.0; 15.0 15.0; 31.0 31.0; 35.0 35.0]
