first,second
s_box,[19.0; 42.0; 51.0; 49.0; 47.0; 0.0; 0.0; 0.0; 0.0; 0.0; 0.0; 0.0; 0.0; 0.0; 0.0; 0.0; 0.0; 0.0; 0.0; 2.0;;]
x_pb,"[17.0, 50.0, 75.0, 104.0, 42.0, 35.0, 10.0, -0.0]"
s_bb,[19.0; 42.0; 51.0; 49.0; 47.0; 0.0; 0.0; 0.0; 0.0; 0.0; 0.0; 0.0; 0.0; 0.0; 0.0; 0.0; 0.0; 0.0; 0.0; 2.0;;]
partition_bb,"[[[42.0, 43.0, 51.0, 39.0, 35.0, 30.0, 26.0, 27.0, 22.0, 12.0, 6.0, 3.0, 0.0, 0.0, 0.0, 0.0, 0.0, 0.0, 0.0, 0.0], [22.0, 23.0, 31.0, 19.0, 23.0, 35.0, 30.0, 31.0, 26.0, 19.0, 13.0, 9.0, 5.0, 3.0, 0.0, 0.0, 4.0, 6.0, 16.0, 21.0], [29.0, 31.0, 32.0, 44.0, 48.0, 35.0, 31.0, 28.0, 26.0, 13.0, 7.0, 4.0, 0.0, 0.0, 2.0, 3.0, 0.0, 0.0, 0.0, 0.0], [21.0, 23.0, 24.0, 36.0, 40.0, 27.0, 23.0, 20.0, 18.0, 30.0, 25.0, 17.0, 13.0, 11.0, 8.0, 3.0, 0.0, 0.0, 0.0, 0.0], [18.0, 20.0, 21.0, 33.0, 29.0, 21.0, 26.0, 33.0, 36.0, 23.0, 17.0, 14.0, 10.0, 11.0, 8.0, 3.0, 4.0, 6.0, 0.0, 0.0], [6.0, 7.0, 15.0, 20.0, 23.0, 35.0, 40.0, 38.0, 33.0, 23.0, 17.0, 17.0, 13.0, 9.0, 8.0, 3.0, 4.0, 6.0, 0.0, 0.0], [35.0, 37.0, 38.0, 50.0, 46.0, 34.0, 30.0, 27.0, 25.0, 12.0, 6.0, 3.0, 0.0, 0.0, 0.0, 0.0, 0.0, 0.0, 0.0, 0.0], [12.0, 13.0, 21.0, 9.0, 13.0, 0.0, 5.0, 12.0, 17.0, 22.0, 25.0, 17.0, 13.0, 11.0, 8.0, 3.0, 4.0, 6.0, 19.0, 21.0], [45.0, 43.0, 36.0, 44.0, 40.0, 28.0, 24.0, 28.0, 23.0, 13.0, 7.0, 4.0, 0.0, 0.0, 0.0, 0.0, 0.0, 0.0, 0.0, 0.0]]]"
y_box,[26.0 1.0 0.0 -0.0 -0.0 -0.0 -0.0 -0.0 -0.0 -0.0 -0.0 -0.0 -0.0 -0.0 -0.0 -0.0 -0.0 -0.0 -0.0 -0.0; -0.0 -0.0 -0.0 1.0 1.0 -0.0 -0.0 -0.0 -0.0 -0.0 -0.0 -0.0 -0.0 -0.0 -0.0 -0.0 -0.0 -0.0 -0.0 -0.0; -0.0 -0.0 -0.0 -0.0 -0.0 35.0 40.0 -0.0 -0.0 -0.0 -0.0 -0.0 -0.0 -0.0 -0.0 -0.0 -0.0 -0.0 -0.0 -0.0; -0.0 -0.0 -0.0 -0.0 -0.0 -0.0 -0.0 38.0 36.0 30.0 -0.0 -0.0 -0.0 -0.0 -0.0 -0.0 -0.0 -0.0 -0.0 -0.0; -0.0 -0.0 -0.0 -0.0 -0.0 -0.0 -0.0 -0.0 -0.0 -0.0 25.0 17.0 -0.0 -0.0 -0.0 -0.0 -0.0 -0.0 -0.0 -0.0; -0.0 -0.0 -0.0 -0.0 -0.0 -0.0 -0.0 -0.0 -0.0 -0.0 -0.0 -0.0 13.0 11.0 8.0 3.0 -0.0 -0.0 -0.0 -0.0; -0.0 -0.0 -0.0 -0.0 -0.0 -0.0 -0.0 -0.0 -0.0 -0.0 -0.0 -0.0 -0.0 -0.0 -0.0 -0.0 4.0 6.0 -0.0 -0.0; -0.0 -0.0 -0.0 -0.0 -0.0 -0.0 -0.0 -0.0 -0.0 -0.0 -0.0 -0.0 -0.0 -0.0 -0.0 -0.0 -0.0 -0.0 19.0 19.0;;;]
evol_bb,"[[0.374, 2.5695840403830547e7]]"
y_bb,[26.0 1.0 0.0 -0.0 -0.0 -0.0 -0.0 -0.0 -0.0 -0.0 -0.0 -0.0 -0.0 -0.0 -0.0 -0.0 -0.0 -0.0 -0.0 -0.0; -0.0 -0.0 -0.0 1.0 1.0 -0.0 -0.0 -0.0 -0.0 -0.0 -0.0 -0.0 -0.0 -0.0 -0.0 -0.0 -0.0 -0.0 -0.0 -0.0; -0.0 -0.0 -0.0 -0.0 -0.0 35.0 40.0 -0.0 -0.0 -0.0 -0.0 -0.0 -0.0 -0.0 -0.0 -0.0 -0.0 -0.0 -0.0 -0.0; -0.0 -0.0 -0.0 -0.0 -0.0 -0.0 -0.0 38.0 36.0 30.0 -0.0 -0.0 -0.0 -0.0 -0.0 -0.0 -0.0 -0.0 -0.0 -0.0; -0.0 -0.0 -0.0 -0.0 -0.0 -0.0 -0.0 -0.0 -0.0 -0.0 25.0 17.0 -0.0 -0.0 -0.0 -0.0 -0.0 -0.0 -0.0 -0.0; -0.0 -0.0 -0.0 -0.0 -0.0 -0.0 -0.0 -0.0 -0.0 -0.0 -0.0 -0.0 13.0 11.0 8.0 3.0 -0.0 -0.0 -0.0 -0.0; -0.0 -0.0 -0.0 -0.0 -0.0 -0.0 -0.0 -0.0 -0.0 -0.0 -0.0 -0.0 -0.0 -0.0 -0.0 -0.0 4.0 6.0 -0.0 -0.0; -0.0 -0.0 -0.0 -0.0 -0.0 -0.0 -0.0 -0.0 -0.0 -0.0 -0.0 -0.0 -0.0 -0.0 -0.0 -0.0 -0.0 -0.0 19.0 19.0;;;]
evol_box,"[[0.424, 0.0], [1.899, 370413.74639307725], [1.973, 1.1626076360582259e7], [1.983, 1.3950663358139724e7], [1.99, 2.1291535465072744e7], [2.0, 2.26372701429641e7], [2.009, 2.361596230617467e7], [2.045, 2.4350049494456828e7], [2.055, 2.4961754125326153e7], [2.064, 2.5328797719467234e7], [2.071, 2.5695840403830547e7]]"
y_pb,[[-0.0 17.0 -0.0 -0.0 -0.0 -0.0 -0.0 -0.0 -0.0 -0.0 -0.0 -0.0 -0.0 -0.0 -0.0 -0.0 -0.0 -0.0 -0.0 -0.0; -0.0 -0.0 -0.0 50.00000000000001 -0.0 -0.0 -0.0 -0.0 -0.0 -0.0 -0.0 -0.0 -0.0 -0.0 -0.0 -0.0 -0.0 -0.0 -0.0 -0.0; -0.0 -0.0 -0.0 -0.0 -0.0 35.0 40.00000000000001 -0.0 -0.0 -0.0 -0.0 -0.0 -0.0 -0.0 -0.0 -0.0 -0.0 -0.0 -0.0 -0.0; -0.0 -0.0 -0.0 -0.0 -0.0 -0.0 -0.0 38.0 36.0 30.0 -0.0 -0.0 -0.0 -0.0 -0.0 -0.0 -0.0 -0.0 -0.0 -0.0; -0.0 -0.0 -0.0 -0.0 -0.0 -0.0 -0.0 -0.0 -0.0 -0.0 25.000000000000004 17.000000000000004 -0.0 -0.0 -0.0 -0.0 -0.0 -0.0 -0.0 -0.0; -0.0 -0.0 -0.0 -0.0 -0.0 -0.0 -0.0 -0.0 -0.0 -0.0 -0.0 -0.0 13.0 11.0 8.0 3.0 -0.0 -0.0 -0.0 -0.0; -0.0 -0.0 -0.0 -0.0 -0.0 -0.0 -0.0 -0.0 -0.0 -0.0 -0.0 -0.0 -0.0 -0.0 -0.0 -0.0 4.0 6.0 -0.0 -0.0; -0.0 -0.0 -0.0 -0.0 -0.0 -0.0 -0.0 -0.0 -0.0 -0.0 -0.0 -0.0 -0.0 -0.0 -0.0 -0.0 -0.0 -0.0 0.0 -0.0;;;]]
x_bb,"[27.0, 2.0, 75.0, 104.0, 42.0, 35.0, 10.0, 38.0]"
x_box,"[27.0, 2.0, 75.0, 104.0, 42.0, 35.0, 10.0, 38.0]"
evol_zeta,"[[1.572, 51.0], [1.971, 21.0], [1.981, 13.000000000000021], [1.988, 12.0], [1.998, 9.0], [2.007, 8.0], [2.043, 5.166666666666671], [2.053, 5.0], [2.061, 3.0], [2.069, 3.0], [2.086, 0.0]]"
ξ_box,[45.0; 43.0; 51.0; 50.0; 48.0; 35.0; 40.0; 38.0; 36.0; 30.0; 25.0; 17.0; 13.0; 11.0; 8.0; 3.0; 4.0; 6.0; 19.0; 21.0;;]
