first,second
s_box,[37.0; 38.0; 33.0; 29.0; 21.0; 19.0; 0.0; 16.0; 0.0; 0.0; 0.0; 0.0; 6.0; 0.0; 0.0; 0.0; 0.0; 0.0; 0.0; 33.0;;]
x_pb,"[142.0, 46.0, 31.0, -0.0, -0.0, 87.0, 29.0, 19.0]"
s_bb,[37.0; 38.0; 33.0; 29.0; 21.0; 19.0; 0.0; 16.0; 0.0; 0.0; 0.0; 0.0; 6.0; 0.0; 0.0; 0.0; 0.0; 0.0; 0.0; 33.0;;]
partition_bb,"[[[21.0, 20.0, 12.0, 10.0, 5.0, 7.0, 9.0, 11.0, 15.0, 20.0, 26.0, 31.0, 47.0, 36.0, 35.0, 25.0, 17.0, 10.0, 0.0, 0.0], [26.0, 26.0, 20.0, 18.0, 9.0, 11.0, 11.0, 9.0, 5.0, 0.0, 0.0, 5.0, 21.0, 27.0, 31.0, 32.0, 24.0, 29.0, 19.0, 33.0], [25.0, 26.0, 34.0, 30.0, 22.0, 20.0, 19.0, 16.0, 15.0, 14.0, 8.0, 3.0, 0.0, 3.0, 4.0, 14.0, 22.0, 29.0, 19.0, 33.0], [38.0, 39.0, 31.0, 30.0, 22.0, 20.0, 20.0, 16.0, 17.0, 12.0, 6.0, 1.0, 17.0, 6.0, 5.0, 0.0, 0.0, 0.0, 0.0, 0.0], [1.0, 2.0, 0.0, 4.0, 13.0, 14.0, 12.0, 16.0, 15.0, 10.0, 16.0, 21.0, 37.0, 43.0, 42.0, 32.0, 24.0, 29.0, 19.0, 5.0], [19.0, 20.0, 26.0, 30.0, 22.0, 20.0, 20.0, 16.0, 20.0, 15.0, 9.0, 4.0, 20.0, 17.0, 21.0, 28.0, 24.0, 17.0, 7.0, 0.0], [39.0, 38.0, 30.0, 28.0, 22.0, 20.0, 20.0, 16.0, 16.0, 11.0, 5.0, 0.0, 5.0, 16.0, 17.0, 27.0, 23.0, 16.0, 6.0, 0.0]]]"
y_box,[2.0 1.0 1.0 1.0 1.0 1.0 20.0 -0.0 -0.0 -0.0 -0.0 -0.0 -0.0 -0.0 -0.0 -0.0 -0.0 -0.0 -0.0 -0.0; -0.0 -0.0 -0.0 -0.0 -0.0 -0.0 -0.0 0.0 20.0 20.0 26.0 -0.0 -0.0 -0.0 -0.0 -0.0 -0.0 -0.0 -0.0 -0.0; -0.0 -0.0 -0.0 -0.0 -0.0 -0.0 -0.0 -0.0 -0.0 -0.0 -0.0 31.0 41.0 -0.0 -0.0 -0.0 -0.0 -0.0 -0.0 -0.0; -0.0 -0.0 -0.0 -0.0 -0.0 -0.0 -0.0 -0.0 -0.0 -0.0 -0.0 -0.0 -0.0 -0.0 -0.0 -0.0 -0.0 -0.0 -0.0 -0.0; -0.0 -0.0 -0.0 -0.0 -0.0 -0.0 -0.0 -0.0 -0.0 -0.0 -0.0 -0.0 -0.0 -0.0 -0.0 -0.0 -0.0 -0.0 -0.0 -0.0; -0.0 -0.0 -0.0 -0.0 -0.0 -0.0 -0.0 -0.0 -0.0 -0.0 -0.0 -0.0 -0.0 43.0 42.0 32.0 24.0 -0.0 -0.0 -0.0; -0.0 -0.0 -0.0 -0.0 -0.0 -0.0 -0.0 -0.0 -0.0 -0.0 -0.0 -0.0 -0.0 -0.0 -0.0 -0.0 -0.0 29.0 -0.0 -0.0; -0.0 -0.0 -0.0 -0.0 -0.0 -0.0 -0.0 -0.0 -0.0 -0.0 -0.0 -0.0 -0.0 -0.0 -0.0 -0.0 -0.0 -0.0 19.0 -0.0;;;]
evol_bb,"[[0.401, 2.7940424179467134e7]]"
y_bb,[2.0 1.0 1.0 1.0 1.0 1.0 20.0 -0.0 -0.0 -0.0 -0.0 -0.0 -0.0 -0.0 -0.0 -0.0 -0.0 -0.0 -0.0 -0.0; -0.0 -0.0 -0.0 -0.0 -0.0 -0.0 -0.0 0.0 20.0 20.0 26.0 -0.0 -0.0 -0.0 -0.0 -0.0 -0.0 -0.0 -0.0 -0.0; -0.0 -0.0 -0.0 -0.0 -0.0 -0.0 -0.0 -0.0 -0.0 -0.0 -0.0 31.0 41.0 -0.0 -0.0 -0.0 -0.0 -0.0 -0.0 -0.0; -0.0 -0.0 -0.0 -0.0 -0.0 -0.0 -0.0 -0.0 -0.0 -0.0 -0.0 -0.0 -0.0 -0.0 -0.0 -0.0 -0.0 -0.0 -0.0 -0.0; -0.0 -0.0 -0.0 -0.0 -0.0 -0.0 -0.0 -0.0 -0.0 -0.0 -0.0 -0.0 -0.0 -0.0 -0.0 -0.0 -0.0 -0.0 -0.0 -0.0; -0.0 -0.0 -0.0 -0.0 -0.0 -0.0 -0.0 -0.0 -0.0 -0.0 -0.0 -0.0 -0.0 43.0 42.0 32.0 24.0 -0.0 -0.0 -0.0; -0.0 -0.0 -0.0 -0.0 -0.0 -0.0 -0.0 -0.0 -0.0 -0.0 -0.0 -0.0 -0.0 -0.0 -0.0 -0.0 -0.0 29.0 -0.0 -0.0; -0.0 -0.0 -0.0 -0.0 -0.0 -0.0 -0.0 -0.0 -0.0 -0.0 -0.0 -0.0 -0.0 -0.0 -0.0 -0.0 -0.0 -0.0 19.0 -0.0;;;]
evol_box,"[[0.486, 0.0], [2.362, 365157.05937443295], [2.461, 9.516821620796833e6], [2.472, 2.348524405211712e7], [2.484, 2.782000183272431e7], [2.503, 2.7940424179467134e7]]"
y_pb,[[39.0 39.0 34.00000000000001 30.0 -0.0 -0.0 -0.0 -0.0 -0.0 -0.0 -0.0 -0.0 -0.0 -0.0 -0.0 -0.0 -0.0 -0.0 -0.0 -0.0; -0.0 -0.0 -0.0 -0.0 -0.0 -0.0 -0.0 -0.0 -0.0 20.000000000000004 26.0 -0.0 -0.0 -0.0 -0.0 -0.0 -0.0 -0.0 -0.0 -0.0; -0.0 -0.0 -0.0 -0.0 -0.0 -0.0 -0.0 -0.0 -0.0 -0.0 -0.0 31.000000000000004 -0.0 -0.0 -0.0 -0.0 -0.0 -0.0 -0.0 -0.0; -0.0 -0.0 -0.0 -0.0 -0.0 -0.0 -0.0 -0.0 -0.0 -0.0 -0.0 -0.0 0.0 -0.0 -0.0 -0.0 -0.0 -0.0 -0.0 -0.0; -0.0 -0.0 -0.0 -0.0 -0.0 -0.0 -0.0 -0.0 -0.0 -0.0 -0.0 -0.0 -0.0 0.0 -0.0 -0.0 -0.0 -0.0 -0.0 -0.0; -0.0 -0.0 -0.0 -0.0 -0.0 -0.0 -0.0 -0.0 -0.0 -0.0 -0.0 -0.0 -0.0 -0.0 31.0 32.0 24.0 -0.0 -0.0 -0.0; -0.0 -0.0 -0.0 -0.0 -0.0 -0.0 -0.0 -0.0 -0.0 -0.0 -0.0 -0.0 -0.0 -0.0 -0.0 -0.0 -0.0 29.0 -0.0 -0.0; -0.0 -0.0 -0.0 -0.0 -0.0 -0.0 -0.0 -0.0 -0.0 -0.0 -0.0 -0.0 -0.0 -0.0 -0.0 -0.0 -0.0 -0.0 19.0 -0.0;;;]]
x_bb,"[27.0, 66.0, 72.0, 0.0, 0.0, 141.0, 29.0, 19.0]"
x_box,"[27.0, 66.0, 72.0, 0.0, 0.0, 141.0, 29.0, 19.0]"
evol_zeta,"[[1.894, 47.0], [2.458, 33.0], [2.469, 22.0], [2.481, 14.0], [2.499, 1.0], [2.511, 0.0]]"
ξ_box,[39.0; 39.0; 34.0; 30.0; 22.0; 20.0; 20.0; 16.0; 20.0; 20.0; 26.0; 31.0; 47.0; 43.0; 42.0; 32.0; 24.0; 29.0; 19.0; 33.0;;]
