first,second
s_box,[0.0; 0.0; 0.0; 0.0; 0.0; 8.0; 31.0; 0.0; 0.0; 0.0; 0.0; 18.0; 12.0; 11.0; 10.0; 1.0; 9.0; 14.0; 17.0; 4.0;;]
x_pb,"[25.0, 162.0, 101.0, -0.0, -0.0, -0.0, -0.0, -0.0]"
s_bb,[0.0; 0.0; 0.0; 0.0; 0.0; 8.0; 31.0; 0.0; 0.0; 0.0; 0.0; 18.0; 12.0; 11.0; 10.0; 1.0; 9.0; 14.0; 17.0; 4.0;;]
partition_bb,"[[[15.0, 30.0, 31.0, 38.0, 33.0, 28.0, 24.0, 16.0, 9.0, 7.0, 2.0, 6.0, 12.0, 11.0, 10.0, 1.0, 9.0, 4.0, 1.0, 4.0], [15.0, 18.0, 22.0, 15.0, 10.0, 9.0, 11.0, 21.0, 28.0, 30.0, 22.0, 18.0, 12.0, 11.0, 10.0, 1.0, 9.0, 14.0, 11.0, 4.0], [25.0, 35.0, 31.0, 31.0, 27.0, 20.0, 18.0, 21.0, 17.0, 15.0, 4.0, 0.0, 0.0, 2.0, 0.0, 1.0, 9.0, 14.0, 17.0, 4.0], [0.0, 10.0, 12.0, 18.0, 22.0, 29.0, 31.0, 21.0, 28.0, 26.0, 15.0, 18.0, 12.0, 11.0, 10.0, 1.0, 9.0, 4.0, 7.0, 4.0], [0.0, 16.0, 16.0, 23.0, 28.0, 33.0, 31.0, 21.0, 24.0, 22.0, 11.0, 8.0, 6.0, 0.0, 0.0, 0.0, 0.0, 0.0, 3.0, 0.0]]]"
y_box,[25.0 -0.0 -0.0 -0.0 -0.0 -0.0 -0.0 -0.0 -0.0 -0.0 -0.0 -0.0 -0.0 -0.0 -0.0 -0.0 -0.0 -0.0 -0.0 -0.0; -0.0 35.0 31.0 38.0 33.0 25.0 0.0 -0.0 -0.0 -0.0 -0.0 -0.0 -0.0 -0.0 -0.0 0.0 -0.0 -0.0 -0.0 -0.0; -0.0 -0.0 -0.0 -0.0 -0.0 -0.0 -0.0 21.0 28.0 30.0 22.0 -0.0 -0.0 -0.0 -0.0 -0.0 -0.0 -0.0 -0.0 -0.0; -0.0 -0.0 -0.0 -0.0 -0.0 -0.0 -0.0 -0.0 -0.0 -0.0 -0.0 0.0 0.0 0.0 -0.0 -0.0 -0.0 -0.0 -0.0 -0.0; -0.0 -0.0 -0.0 -0.0 -0.0 -0.0 -0.0 -0.0 -0.0 -0.0 -0.0 -0.0 -0.0 -0.0 0.0 0.0 -0.0 -0.0 -0.0 -0.0; -0.0 -0.0 -0.0 -0.0 -0.0 -0.0 -0.0 -0.0 -0.0 -0.0 -0.0 -0.0 -0.0 -0.0 -0.0 -0.0 -0.0 -0.0 -0.0 -0.0; -0.0 -0.0 -0.0 -0.0 -0.0 -0.0 -0.0 -0.0 -0.0 -0.0 -0.0 -0.0 -0.0 -0.0 -0.0 -0.0 -0.0 -0.0 -0.0 -0.0; -0.0 -0.0 -0.0 -0.0 -0.0 -0.0 -0.0 -0.0 -0.0 -0.0 -0.0 -0.0 -0.0 -0.0 -0.0 -0.0 0.0 0.0 0.0 0.0;;;]
evol_bb,"[[0.354, 1.813912291190012e7]]"
y_bb,[25.0 -0.0 -0.0 -0.0 -0.0 -0.0 -0.0 -0.0 -0.0 -0.0 -0.0 -0.0 -0.0 -0.0 -0.0 -0.0 -0.0 -0.0 -0.0 -0.0; -0.0 35.0 31.0 38.0 33.0 25.0 0.0 -0.0 -0.0 -0.0 -0.0 -0.0 -0.0 -0.0 -0.0 0.0 -0.0 -0.0 -0.0 -0.0; -0.0 -0.0 -0.0 -0.0 -0.0 -0.0 -0.0 21.0 28.0 30.0 22.0 -0.0 -0.0 -0.0 -0.0 -0.0 -0.0 -0.0 -0.0 -0.0; -0.0 -0.0 -0.0 -0.0 -0.0 -0.0 -0.0 -0.0 -0.0 -0.0 -0.0 0.0 0.0 0.0 -0.0 -0.0 -0.0 -0.0 -0.0 -0.0; -0.0 -0.0 -0.0 -0.0 -0.0 -0.0 -0.0 -0.0 -0.0 -0.0 -0.0 -0.0 -0.0 -0.0 0.0 0.0 -0.0 -0.0 -0.0 -0.0; -0.0 -0.0 -0.0 -0.0 -0.0 -0.0 -0.0 -0.0 -0.0 -0.0 -0.0 -0.0 -0.0 -0.0 -0.0 -0.0 -0.0 -0.0 -0.0 -0.0; -0.0 -0.0 -0.0 -0.0 -0.0 -0.0 -0.0 -0.0 -0.0 -0.0 -0.0 -0.0 -0.0 -0.0 -0.0 -0.0 -0.0 -0.0 -0.0 -0.0; -0.0 -0.0 -0.0 -0.0 -0.0 -0.0 -0.0 -0.0 -0.0 -0.0 -0.0 -0.0 -0.0 -0.0 -0.0 -0.0 0.0 0.0 0.0 0.0;;;]
evol_box,"[[0.489, 0.0], [2.341, 406009.66675160243], [2.434, 1.22278808086328e7], [2.444, 1.5989549166458437e7], [2.455, 1.7333028109976448e7], [2.466, 1.773607897525278e7], [2.475, 1.813912291190012e7]]"
y_pb,[[25.000000000000004 -0.0 -0.0 -0.0 -0.0 -0.0 -0.0 -0.0 -0.0 -0.0 -0.0 -0.0 -0.0 -0.0 -0.0 -0.0 -0.0 -0.0 -0.0 -0.0; -0.0 35.0 31.000000000000004 38.0 33.0 25.0 -0.0 -0.0 -0.0 -0.0 -0.0 -0.0 -0.0 -0.0 -0.0 -0.0 -0.0 -0.0 -0.0 -0.0; -0.0 -0.0 -0.0 -0.0 -0.0 -0.0 -0.0 21.0 28.000000000000004 30.0 22.0 -0.0 -0.0 -0.0 -0.0 -0.0 -0.0 -0.0 -0.0 -0.0; -0.0 -0.0 -0.0 -0.0 -0.0 -0.0 -0.0 -0.0 -0.0 -0.0 -0.0 0.0 -0.0 -0.0 -0.0 -0.0 -0.0 -0.0 -0.0 -0.0; -0.0 -0.0 -0.0 -0.0 -0.0 -0.0 -0.0 -0.0 -0.0 -0.0 -0.0 -0.0 -0.0 -0.0 0.0 -0.0 -0.0 -0.0 -0.0 -0.0; -0.0 -0.0 -0.0 -0.0 -0.0 -0.0 -0.0 -0.0 -0.0 -0.0 -0.0 -0.0 -0.0 -0.0 0.0 -0.0 -0.0 -0.0 -0.0 -0.0; -0.0 -0.0 -0.0 -0.0 -0.0 -0.0 -0.0 -0.0 -0.0 -0.0 -0.0 -0.0 -0.0 -0.0 -0.0 -0.0 -0.0 -0.0 0.0 -0.0; -0.0 -0.0 -0.0 -0.0 -0.0 -0.0 -0.0 -0.0 -0.0 -0.0 -0.0 -0.0 -0.0 -0.0 -0.0 -0.0 -0.0 -0.0 0.0 -0.0;;;]]
x_bb,"[25.0, 162.0, 101.0, 0.0, 0.0, 0.0, 0.0, 0.0]"
x_box,"[25.0, 162.0, 101.0, 0.0, 0.0, 0.0, 0.0, 0.0]"
evol_zeta,"[[1.919, 38.0], [2.431, 23.0], [2.441, 10.0], [2.452, 5.000000000600011], [2.464, 2.0], [2.472, 2.0], [2.486, 0.0]]"
ξ_box,[25.0; 35.0; 31.0; 38.0; 33.0; 33.0; 31.0; 21.0; 28.0; 30.0; 22.0; 18.0; 12.0; 11.0; 10.0; 1.0; 9.0; 14.0; 17.0; 4.0;;]
