first,second
y_bb,[0.0 -0.0 -0.0 -0.0 -0.0 -0.0 -0.0 -0.0 -0.0; 0.0 -0.0 -0.0 -0.0 -0.0 -0.0 -0.0 -0.0 -0.0; -0.0 -0.0 8000.0 -0.0 -0.0 -0.0 -0.0 -0.0 -0.0; -0.0 0.0 -0.0 -0.0 -0.0 -0.0 -0.0 -0.0 -0.0;;; -0.0 -0.0 -0.0 -0.0 -0.0 -0.0 -0.0 -0.0 -0.0; -0.0 -0.0 -0.0 -0.0 -0.0 -0.0 -0.0 -0.0 -0.0; -0.0 -0.0 -0.0 -0.0 -0.0 -0.0 -0.0 -0.0 -0.0; -0.0 -0.0 -0.0 -0.0 -0.0 -0.0 -0.0 -0.0 -0.0;;; -0.0 -0.0 -0.0 -0.0 -0.0 -0.0 -0.0 -0.0 -0.0; -0.0 -0.0 -0.0 -0.0 -0.0 -0.0 -0.0 -0.0 -0.0; -0.0 -0.0 -0.0 -0.0 -0.0 -0.0 -0.0 -0.0 -0.0; -0.0 -0.0 -0.0 -0.0 -0.0 -0.0 -0.0 -0.0 -0.0]
evol_box,"[[0.5, 0.0], [1.249, 5.837194e9], [1.353, 5.837798e9], [1.362, 5.837871415400001e9], [1.413, 1.35143472e10], [1.483, 1.35143472e10], [1.568, 1.35143472e10], [1.647, 1.35143472e10], [1.755, 1.35145772e10], [1.909, 1.351458951e10], [2.021, 1.351458951e10], [2.122, 1.3514594e10], [2.243, 1.3514657419900002e10], [2.388, 1.351481119e10], [2.501, 1.56581772e10], [2.687, 1.5658194e10], [2.881, 1.56586372e10], [3.177, 1.56586372e10], [3.386, 1.56586372e10], [3.711, 1.60735572e10], [4.01, 1.60737872e10], [4.281, 1.73530472e10], [4.964, 1.73530472e10], [5.526, 1.73530472e10], [6.125, 1.7353294e10], [6.711, 1.75777572e10], [7.241, 1.75779872e10], [8.094, 1.75779872e10], [9.18, 1.78020072e10], [10.117, 1.79931372e10], [11.334, 1.79931372e10], [12.015, 1.79935972e10], [13.242, 1.88574772e10], [16.143, 1.92723972e10], [17.808, 1.92723972e10], [19.825, 1.92726272e10], [21.852, 1.92728572e10], [23.857, 1.93963672e10], [26.055, 1.97068672e10], [28.652, 2.05712072e10], [30.544, 2.07729172e10], [32.791, 2.07765972e10], [35.016, 2.07768272e10], [38.459, 2.07768272e10], [42.14, 2.07768272e10], [45.64, 2.08416872e10], [49.677, 2.09861272e10], [53.583, 2.09861272e10], [58.082, 2.12106072e10], [63.558, 2.12715572e10], [67.784, 2.1501102487800003e10], [73.402, 2.15013272e10], [80.38, 2.18276972e10], [86.916, 2.18506972e10], [93.534, 2.18980772e10], [100.545, 2.19896172e10], [113.938, 2.23083972e10], [129.599, 2.24038472e10], [138.01, 2.2403864e10], [153.431, 2.24523772023e10], [164.37, 2.24716972e10], [177.393, 2.25248272e10], [200.406, 2.25436872e10], [220.728, 2.25478272e10], [243.489, 2.25765772e10], [264.334, 2.26927272e10], [283.007, 2.27430972021e10], [301.311, 2.27568972e10], [318.005, 2.28668372e10], [345.451, 2.28831672e10], [366.409, 2.28831672e10], [385.378, 2.29135272e10], [414.58, 2.29139872e10], [447.251, 2.29477972e10], [470.648, 2.29997772e10], [510.996, 2.31301872e10], [552.393, 2.31833172e10], [590.793, 2.31991872e10], [627.224, 2.32051672e10], [673.469, 2.32067772e10], [715.835, 2.32334572e10], [758.486, 2.32801472e10], [805.715, 2.32803772e10], [864.336, 2.33450072e10], [921.35, 2.33450072e10], [984.425, 2.33758272e10], [1042.867, 2.33999772e10], [1106.306, 2.34059572e10], [1173.454, 2.34061872e10], [1214.661, 2.34151572e10], [1268.532, 2.34312572e10], [1332.443, 2.34728872e10], [1396.065, 2.35694872e10], [1466.62, 2.35694872e10], [1556.848, 2.36322772e10], [1659.124, 2.36534372e10], [1766.162, 2.36635572e10], [1854.95, 2.36865572e10], [1919.23, 2.36872472e10], [2023.889, 2.37028872e10], [2141.66, 2.37403772e10], [2250.71, 2.38733172006e10], [2388.597, 2.38737772e10], [2523.176, 2.38737772e10], [2650.207, 2.38737772e10], [2777.933, 2.38737772e10], [2911.07, 2.39643972e10], [3068.254, 2.39784272e10], [3243.736, 2.40517972e10], [3475.508, 2.40676672e10], [3636.391, 2.40865272e10], [3838.607, 2.40977972e10], [4092.982, 2.40977972e10], [4246.901, 2.40977972e10], [4465.671, 2.40977972e10], [4678.66, 2.40977972e10], [4875.98, 2.40977972e10], [5033.768, 2.40977972e10], [5205.896, 2.40977972e10], [5384.571, 2.41258572e10], [5605.069, 2.41587472e10], [5929.898, 2.4252144e10], [6228.805, 2.43034172e10], [6400.233, 2.43222772e10], [6719.702, 2.43222772e10], [6997.031, 2.43530972e10], [7200.023, 2.43530972e10]]"
y_pb,[[0.0 -0.0 -0.0 -0.0 -0.0 -0.0 -0.0 -0.0 -0.0; -0.0 -0.0 -0.0 -0.0 -0.0 -0.0 -0.0 -0.0 -0.0; -0.0 -0.0 8000.0 -0.0 -0.0 -0.0 -0.0 -0.0 -0.0; -0.0 0.0 -0.0 -0.0 -0.0 -0.0 -0.0 -0.0 -0.0;;;]]
s_box,[25379.0 12517.0 20984.0; 33379.0 22948.0 12517.0; 9321.0 25379.0 17675.0; 7451.0 7451.0 7451.0; 9321.0 8345.0 9321.0; 5482.0 5482.0 4553.0; 8476.0 16690.0 33379.0; 3798.0 3798.0 0.0; 3273.0 3273.0 0.0]
x_pb,"[0.0, 0.0, 8000.0, -0.0]"
s_bb,[33379.0 -0.0 -0.0; 33379.0 -0.0 -0.0; 25379.0 9321.0 -0.0; 7451.0 -0.0 -0.0; 9321.0 9321.0 -0.0; 5482.0 -0.0 -0.0; 33379.0 14739.0 -0.0; 3798.0 -0.0 -0.0; 3273.0 -0.0 -0.0]
x_bb,"[0.0, -0.0, 8000.0, -0.0]"
x_box,"[0.0, 0.0, 8000.0, 0.0]"
partition_bb,"[[[33379.0, 0.0, 0.0, 0.0, 0.0, 0.0, 0.0, 0.0, 0.0], [0.0, 0.0, 0.0, 0.0, 0.0, 0.0, 33379.0, 0.0, 0.0], [0.0, 0.0, 33379.0, 0.0, 0.0, 0.0, 0.0, 0.0, 0.0], [0.0, 33379.0, 0.0, 0.0, 0.0, 0.0, 0.0, 0.0, 0.0], [11508.0, 0.0, 0.0, 0.0, 9321.0, 5482.0, 0.0, 3798.0, 3273.0], [3740.0, 0.0, 0.0, 7451.0, 0.0, 0.0, 22190.0, 0.0, 0.0]], [[0.0, 0.0, 9321.0, 0.0, 9321.0, 0.0, 14739.0, 0.0, 0.0]], Vector{Float64}[]]"
evol_zeta,"[[0.986, 33379.0], [1.348, 33379.0], [1.356, 33379.0], [1.365, 33379.0], [1.435, 16689.5], [1.489, 16689.5], [1.592, 16689.5], [1.688, 16689.5], [1.801, 16689.0], [1.931, 11126.333333333334], [2.036, 16689.5], [2.127, 11126.333333333332], [2.29, 11126.333333333334], [2.394, 9320.010700000013], [2.506, 9320.010700000013], [2.693, 9320.010700000013], [2.887, 8344.5], [3.183, 8344.5], [3.404, 8344.5], [3.718, 11126.333333333332], [4.016, 9320.010699999984], [4.292, 8347.0], [5.007, 8344.5], [5.545, 8345.0], [6.166, 8344.5], [6.719, 8344.5], [7.297, 8344.5], [8.102, 8344.5], [9.24, 8344.666666666668], [10.134, 8344.5], [11.374, 7887.5], [12.022, 8344.5], [13.298, 8344.5], [16.199, 7450.342899999989], [17.827, 7450.342899999941], [19.844, 7450.342899999989], [21.869, 7450.342899999989], [23.874, 8344.5], [26.083, 7450.342899999989], [28.671, 7417.333333333334], [30.562, 7417.333333333334], [32.848, 7450.342899999989], [35.04, 5562.666666666666], [38.515, 5481.709999999992], [42.161, 6821.0], [45.658, 7450.342899999989], [49.697, 5481.709999999992], [53.605, 5481.709999999992], [58.103, 5481.709999999992], [63.578, 5563.0], [67.808, 5481.709999999992], [73.41, 5481.709999999992], [80.401, 7450.342899999989], [86.943, 5481.709999999992], [93.552, 5481.709999999992], [100.565, 5481.709999999999], [113.966, 4172.0], [129.618, 7417.333333333334], [138.039, 7240.333333333334], [153.457, 5481.7099999999855], [164.391, 4944.666666666667], [177.418, 5237.6666666666715], [200.43, 4635.666666666667], [220.75, 4547.333333333334], [243.535, 4172.0], [264.359, 4310.333333333333], [283.028, 4050.0], [301.33, 4172.0], [318.071, 5237.666666666669], [345.474, 4172.0], [366.433, 3797.0959000000003], [385.399, 4310.333333333334], [414.604, 4172.0], [447.276, 7417.333333333334], [470.667, 4172.000000417302], [511.017, 5481.709999999992], [552.413, 4172.0], [590.817, 4039.5], [627.247, 6213.333333333334], [673.48, 4172.0], [715.854, 4635.666666666667], [758.511, 5481.709999999992], [805.733, 3553.0958999999857], [864.397, 4172.0], [921.406, 3943.5], [984.449, 6954.0], [1042.89, 4400.5], [1106.329, 5237.666666666667], [1173.478, 4547.333333333334], [1214.684, 3797.095900000015], [1268.567, 4172.0], [1332.462, 4635.666666666667], [1396.096, 3708.6666666666624], [1466.641, 3708.666666666667], [1556.909, 7417.333333333334], [1659.148, 4172.0], [1766.186, 3553.0958999999857], [1854.969, 4172.000000000001], [1919.254, 4017.6666666666742], [2023.909, 3797.0958999999857], [2141.696, 3272.470499999996], [2250.727, 3272.470499999996], [2388.654, 3725.0], [2523.194, 4172.0], [2650.224, 4172.0], [2777.957, 3797.0959000000003], [2911.094, 7417.333333333334], [3068.28, 4172.0], [3243.756, 5481.709999999992], [3475.548, 4635.666666666667], [3636.449, 3272.4704999999994], [3838.652, 4017.666666666667], [4093.0, 2147.0], [4246.923, 3028.4704999999994], [4465.691, 2086.0], [4678.731, 2086.0], [4875.998, 4172.0], [5033.792, 4635.666666666666], [5205.956, 2086.0], [5384.593, 2086.0], [5605.093, 3725.000000000002], [5929.933, 4172.0], [6228.832, 3272.470499999996], [6400.264, 5481.71], [6719.724, 4690.0], [6997.092, 2086.0], [7200.046, 0.0]]"
y_box,[0.0 0.0 0.0 0.0 0.0 0.0 0.0 0.0 0.0; 0.0 0.0 0.0 0.0 0.0 0.0 0.0 0.0 0.0; 8000.0 0.0 0.0 0.0 0.0 0.0 0.0 0.0 0.0; 0.0 0.0 0.0 0.0 0.0 0.0 0.0 0.0 0.0;;; 0.0 0.0 0.0 0.0 0.0 0.0 0.0 0.0 0.0; 0.0 0.0 0.0 0.0 0.0 0.0 0.0 0.0 0.0; 0.0 0.0 8000.0 0.0 0.0 0.0 0.0 0.0 0.0; 0.0 0.0 0.0 0.0 0.0 0.0 0.0 0.0 0.0;;; 0.0 0.0 0.0 0.0 0.0 0.0 0.0 0.0 0.0; 0.0 0.0 0.0 0.0 0.0 0.0 0.0 0.0 0.0; 0.0 0.0 0.0 0.0 0.0 929.0 0.0 3798.0 3273.0; 0.0 0.0 0.0 0.0 0.0 0.0 0.0 0.0 0.0]
ξ_box,[33379.0 12517.0 20984.0; 33379.0 22948.0 12517.0; 9321.0 33379.0 16690.0; 7451.0 7451.0 7451.0; 9321.0 8345.0 9321.0; 5482.0 5482.0 5482.0; 8345.0 16690.0 33379.0; 3798.0 3798.0 3798.0; 3273.0 3273.0 3273.0]
evol_bb,"[[4.953, 3.56134372e10]]"
