first,second
s_box,[2.0; 30.0; 18.0; 18.0; 28.0; 22.0; 34.0; 0.0; 22.0; 23.0; 21.0; 10.0; 0.0; 0.0; 9.0;;]
x_pb,"[29.000000000000004, -0.0, -0.0, 27.999999999999996, -0.0, 9.0]"
s_bb,[2.0; 30.0; 18.0; 18.0; 28.0; 22.0; 34.0; 0.0; 22.0; 23.0; 21.0; 10.0; 0.0; 0.0; 9.0;;]
partition_bb,"[[[0.0, 0.0, 0.0, 0.0, 0.0, 18.0, 34.0, 7.0, 5.0, 3.0, 0.0, 0.0, 0.0, 0.0, 0.0], [31.0, 17.0, 8.0, 8.0, 2.0, 0.0, 0.0, 0.0, 0.0, 0.0, 0.0, 0.0, 0.0, 0.0, 0.0], [0.0, 3.0, 13.0, 13.0, 28.0, 9.0, 0.0, 0.0, 0.0, 0.0, 0.0, 0.0, 0.0, 0.0, 0.0], [0.0, 0.0, 0.0, 0.0, 0.0, 0.0, 0.0, 4.0, 14.0, 16.0, 21.0, 1.0, 1.0, 5.0, 4.0], [0.0, 0.0, 0.0, 0.0, 0.0, 1.0, 1.0, 28.0, 16.0, 13.0, 11.0, 0.0, 0.0, 0.0, 0.0], [16.0, 30.0, 8.0, 8.0, 5.0, 0.0, 0.0, 0.0, 0.0, 0.0, 0.0, 0.0, 0.0, 0.0, 0.0], [0.0, 0.0, 0.0, 0.0, 0.0, 0.0, 0.0, 21.0, 9.0, 6.0, 4.0, 10.0, 1.0, 8.0, 9.0], [0.0, 0.0, 0.0, 0.0, 0.0, 0.0, 0.0, 8.0, 20.0, 23.0, 18.0, 0.0, 0.0, 0.0, 0.0], [0.0, 0.0, 18.0, 18.0, 3.0, 0.0, 0.0, 0.0, 0.0, 0.0, 0.0, 9.0, 1.0, 8.0, 9.0], [0.0, 0.0, 0.0, 0.0, 3.0, 22.0, 6.0, 0.0, 0.0, 1.0, 6.0, 10.0, 1.0, 8.0, 9.0], [0.0, 0.0, 0.0, 0.0, 0.0, 0.0, 0.0, 10.0, 22.0, 19.0, 15.0, 0.0, 0.0, 0.0, 0.0]]]"
y_box,[29.0 0.0 -0.0 -0.0 -0.0 -0.0 -0.0 -0.0 -0.0 -0.0 -0.0 -0.0 -0.0 -0.0 -0.0; -0.0 -0.0 0.0 -0.0 -0.0 -0.0 -0.0 -0.0 -0.0 -0.0 -0.0 -0.0 -0.0 -0.0 -0.0; -0.0 -0.0 -0.0 -0.0 0.0 0.0 0.0 -0.0 -0.0 -0.0 -0.0 -0.0 -0.0 -0.0 -0.0; -0.0 -0.0 -0.0 -0.0 -0.0 -0.0 -0.0 28.0 0.0 0.0 -0.0 -0.0 -0.0 -0.0 -0.0; -0.0 -0.0 -0.0 -0.0 -0.0 -0.0 -0.0 -0.0 -0.0 -0.0 0.0 -0.0 -0.0 -0.0 -0.0; -0.0 -0.0 -0.0 -0.0 -0.0 -0.0 -0.0 -0.0 -0.0 -0.0 -0.0 0.0 1.0 8.0 0.0;;;]
evol_bb,"[[0.368, 3.121601589524084e7]]"
y_bb,[29.0 0.0 -0.0 -0.0 -0.0 -0.0 -0.0 -0.0 -0.0 -0.0 -0.0 -0.0 -0.0 -0.0 -0.0; -0.0 -0.0 0.0 -0.0 -0.0 -0.0 -0.0 -0.0 -0.0 -0.0 -0.0 -0.0 -0.0 -0.0 -0.0; -0.0 -0.0 -0.0 -0.0 0.0 0.0 0.0 -0.0 -0.0 -0.0 -0.0 -0.0 -0.0 -0.0 -0.0; -0.0 -0.0 -0.0 -0.0 -0.0 -0.0 -0.0 28.0 0.0 0.0 -0.0 -0.0 -0.0 -0.0 -0.0; -0.0 -0.0 -0.0 -0.0 -0.0 -0.0 -0.0 -0.0 -0.0 -0.0 0.0 -0.0 -0.0 -0.0 -0.0; -0.0 -0.0 -0.0 -0.0 -0.0 -0.0 -0.0 -0.0 -0.0 -0.0 -0.0 0.0 1.0 8.0 0.0;;;]
evol_box,"[[0.556, 0.0], [2.377, 132842.98699043863], [2.466, 8.825144203778762e6], [2.471, 1.3566768059153961e7], [2.479, 2.0679171931375332e7], [2.486, 2.3708443835810013e7], [2.491, 2.542069732171682e7], [2.499, 2.6606103581190757e7], [2.506, 2.805493345388113e7], [2.513, 2.910862698950939e7], [2.518, 3.0425745055591546e7], [2.524, 3.095259228202441e7], [2.555, 3.121601589524084e7]]"
y_pb,[[29.000000000000004 -0.0 -0.0 -0.0 -0.0 -0.0 -0.0 -0.0 -0.0 -0.0 -0.0 -0.0 -0.0 -0.0 -0.0; -0.0 -0.0 -0.0 -0.0 0.0 -0.0 -0.0 -0.0 -0.0 -0.0 -0.0 -0.0 -0.0 -0.0 -0.0; -0.0 -0.0 -0.0 -0.0 0.0 -0.0 -0.0 -0.0 -0.0 -0.0 -0.0 -0.0 -0.0 -0.0 -0.0; -0.0 -0.0 -0.0 -0.0 -0.0 -0.0 -0.0 28.0 -0.0 -0.0 -0.0 -0.0 -0.0 -0.0 -0.0; -0.0 -0.0 -0.0 -0.0 -0.0 -0.0 -0.0 -0.0 -0.0 -0.0 0.0 -0.0 -0.0 -0.0 -0.0; -0.0 -0.0 -0.0 -0.0 -0.0 -0.0 -0.0 -0.0 -0.0 -0.0 -0.0 -0.0 1.0 8.0 -0.0;;;]]
x_bb,"[29.0, 0.0, 0.0, 28.0, 0.0, 9.0]"
x_box,"[29.0, 0.0, 0.0, 28.0, 0.0, 9.0]"
evol_zeta,"[[1.996, 33.8], [2.464, 31.0], [2.469, 26.0], [2.477, 21.0], [2.484, 20.333333333333332], [2.49, 12.8], [2.497, 9.0], [2.504, 6.2499999999999964], [2.511, 5.0], [2.516, 5.000000000600011], [2.522, 4.0], [2.553, 2.0], [2.558, 0.0]]"
ξ_box,[31.0; 30.0; 18.0; 18.0; 28.0; 22.0; 34.0; 28.0; 22.0; 23.0; 21.0; 10.0; 1.0; 8.0; 9.0;;]
