first,second
s_box,[0.0; 23.0; 0.0; 21.0; 22.0; 25.0; 6.0; 0.0; 20.0; 23.0; 24.0; 26.0; 27.0; 23.0; 11.0;;]
x_pb,"[29.0, 21.0, 22.0, -0.0, -0.0, -0.0]"
s_bb,[0.0; 23.0; 0.0; 21.0; 22.0; 25.0; 6.0; 0.0; 20.0; 23.0; 24.0; 26.0; 27.0; 23.0; 11.0;;]
partition_bb,"[[[29.0, 19.0, 12.0, 9.0, 4.0, 0.0, 0.0, 0.0, 0.0, 0.0, 0.0, 0.0, 0.0, 0.0, 0.0], [0.0, 0.0, 0.0, 0.0, 0.0, 0.0, 0.0, 0.0, 2.0, 9.0, 13.0, 13.0, 27.0, 13.0, 1.0], [0.0, 0.0, 7.0, 10.0, 15.0, 25.0, 13.0, 7.0, 0.0, 0.0, 0.0, 0.0, 0.0, 0.0, 0.0], [0.0, 0.0, 0.0, 0.0, 3.0, 0.0, 12.0, 11.0, 20.0, 13.0, 2.0, 0.0, 0.0, 0.0, 11.0], [0.0, 0.0, 0.0, 0.0, 0.0, 0.0, 0.0, 0.0, 4.0, 11.0, 22.0, 26.0, 12.0, 0.0, 0.0], [1.0, 11.0, 18.0, 21.0, 16.0, 6.0, 0.0, 0.0, 0.0, 0.0, 0.0, 0.0, 0.0, 0.0, 0.0], [4.0, 14.0, 7.0, 4.0, 0.0, 0.0, 0.0, 0.0, 0.0, 0.0, 0.0, 0.0, 9.0, 23.0, 11.0], [0.0, 0.0, 0.0, 0.0, 0.0, 0.0, 2.0, 8.0, 16.0, 23.0, 12.0, 8.0, 5.0, 0.0, 0.0], [0.0, 7.0, 14.0, 17.0, 22.0, 12.0, 0.0, 0.0, 0.0, 0.0, 0.0, 0.0, 0.0, 0.0, 0.0], [0.0, 0.0, 0.0, 0.0, 0.0, 5.0, 17.0, 11.0, 3.0, 0.0, 0.0, 0.0, 6.0, 20.0, 11.0], [13.0, 23.0, 16.0, 13.0, 8.0, 0.0, 0.0, 0.0, 0.0, 0.0, 0.0, 0.0, 0.0, 0.0, 0.0], [4.0, 14.0, 21.0, 18.0, 13.0, 3.0, 0.0, 0.0, 0.0, 0.0, 0.0, 0.0, 0.0, 0.0, 0.0], [0.0, 0.0, 0.0, 0.0, 0.0, 0.0, 0.0, 0.0, 6.0, 13.0, 24.0, 20.0, 10.0, 0.0, 0.0]]]"
y_box,[29.0 -0.0 -0.0 -0.0 -0.0 -0.0 -0.0 -0.0 -0.0 -0.0 -0.0 -0.0 -0.0 -0.0 -0.0; -0.0 0.0 21.0 0.0 0.0 -0.0 -0.0 -0.0 -0.0 -0.0 -0.0 -0.0 -0.0 -0.0 -0.0; -0.0 -0.0 -0.0 -0.0 -0.0 0.0 11.0 11.0 0.0 0.0 -0.0 -0.0 -0.0 -0.0 -0.0; -0.0 -0.0 -0.0 -0.0 -0.0 -0.0 -0.0 -0.0 -0.0 -0.0 -0.0 -0.0 -0.0 -0.0 -0.0; -0.0 -0.0 -0.0 -0.0 -0.0 -0.0 -0.0 -0.0 -0.0 -0.0 0.0 0.0 -0.0 -0.0 -0.0; -0.0 -0.0 -0.0 -0.0 -0.0 -0.0 -0.0 -0.0 -0.0 -0.0 -0.0 -0.0 0.0 0.0 0.0;;;]
evol_bb,"[[0.438, 3.159450131934908e7]]"
y_bb,[29.0 -0.0 -0.0 -0.0 -0.0 -0.0 -0.0 -0.0 -0.0 -0.0 -0.0 -0.0 -0.0 -0.0 -0.0; -0.0 0.0 21.0 0.0 0.0 -0.0 -0.0 -0.0 -0.0 -0.0 -0.0 -0.0 -0.0 -0.0 -0.0; -0.0 -0.0 -0.0 -0.0 -0.0 0.0 11.0 11.0 0.0 0.0 -0.0 -0.0 -0.0 -0.0 -0.0; -0.0 -0.0 -0.0 -0.0 -0.0 -0.0 -0.0 -0.0 -0.0 -0.0 -0.0 -0.0 -0.0 -0.0 -0.0; -0.0 -0.0 -0.0 -0.0 -0.0 -0.0 -0.0 -0.0 -0.0 -0.0 0.0 0.0 -0.0 -0.0 -0.0; -0.0 -0.0 -0.0 -0.0 -0.0 -0.0 -0.0 -0.0 -0.0 -0.0 -0.0 -0.0 0.0 0.0 0.0;;;]
evol_box,"[[0.534, 0.0], [2.239, 126369.85676553441], [2.333, 9.944457648801222e6], [2.343, 1.711915161730197e7], [2.355, 2.165055364033779e7], [2.367, 2.4419758580388278e7], [2.379, 2.6685461286942285e7], [2.39, 2.794419080514705e7], [2.402, 2.9202920323351815e7], [2.416, 2.9958158034274675e7], [2.427, 3.0461649779298835e7], [2.455, 3.096514158658074e7], [2.464, 3.1342755415708132e7], [2.471, 3.159450131934908e7]]"
y_pb,[[29.000000000000004 -0.0 -0.0 -0.0 -0.0 -0.0 -0.0 -0.0 -0.0 -0.0 -0.0 -0.0 -0.0 -0.0 -0.0; -0.0 -0.0 21.0 -0.0 -0.0 -0.0 -0.0 -0.0 -0.0 -0.0 -0.0 -0.0 -0.0 -0.0 -0.0; -0.0 -0.0 -0.0 -0.0 -0.0 -0.0 11.0 11.0 -0.0 -0.0 -0.0 -0.0 -0.0 -0.0 -0.0; -0.0 -0.0 -0.0 -0.0 -0.0 -0.0 -0.0 -0.0 -0.0 -0.0 -0.0 0.0 -0.0 -0.0 -0.0; -0.0 -0.0 -0.0 -0.0 -0.0 -0.0 -0.0 -0.0 -0.0 -0.0 -0.0 0.0 -0.0 -0.0 -0.0; -0.0 -0.0 -0.0 -0.0 -0.0 -0.0 -0.0 -0.0 -0.0 -0.0 -0.0 -0.0 0.0 -0.0 -0.0;;;]]
x_bb,"[29.0, 21.0, 22.0, 0.0, 0.0, 0.0]"
x_box,"[29.0, 21.0, 22.0, 0.0, 0.0, 0.0]"
evol_zeta,"[[1.863, 28.800000000000004], [2.331, 26.142857142857146], [2.341, 24.166666666666664], [2.353, 18.0], [2.365, 12.399999999999999], [2.377, 10.833333333333332], [2.388, 10.0], [2.4, 9.714285714285715], [2.414, 6.0], [2.425, 4.0], [2.453, 3.8000000000000007], [2.462, 2.8333333333333357], [2.469, 1.8000000000000007], [2.479, 0.0]]"
ξ_box,[29.0; 23.0; 21.0; 21.0; 22.0; 25.0; 17.0; 11.0; 20.0; 23.0; 24.0; 26.0; 27.0; 23.0; 11.0;;]
