first,second
s_box,[17.0; 14.0; 12.0; 0.0; 10.0; 0.0; 25.0; 28.0; 28.0; 30.0; 28.0; 29.0; 8.0; 0.0; 0.0;;]
x_pb,"[-0.0, 1.0, 17.0, -0.0, -0.0, 73.0]"
s_bb,[17.0; 14.0; 12.0; 0.0; 10.0; 0.0; 25.0; 28.0; 28.0; 30.0; 28.0; 29.0; 8.0; 0.0; 0.0;;]
partition_bb,"[[[0.0, 0.0, 0.0, 0.0, 0.0, 0.0, 0.0, 0.0, 0.0, 5.0, 10.0, 10.0, 33.0, 19.0, 19.0], [0.0, 0.0, 0.0, 0.0, 2.0, 9.0, 23.0, 28.0, 26.0, 3.0, 3.0, 1.0, 0.0, 0.0, 0.0], [0.0, 0.0, 0.0, 0.0, 0.0, 0.0, 1.0, 5.0, 7.0, 30.0, 25.0, 25.0, 2.0, 0.0, 0.0], [17.0, 11.0, 6.0, 1.0, 1.0, 17.0, 3.0, 0.0, 2.0, 15.0, 10.0, 10.0, 0.0, 0.0, 0.0], [17.0, 11.0, 6.0, 1.0, 10.0, 3.0, 17.0, 12.0, 10.0, 5.0, 0.0, 0.0, 0.0, 0.0, 0.0], [17.0, 14.0, 12.0, 1.0, 10.0, 0.0, 9.0, 14.0, 16.0, 0.0, 0.0, 0.0, 0.0, 0.0, 0.0], [0.0, 0.0, 0.0, 1.0, 10.0, 0.0, 0.0, 0.0, 0.0, 0.0, 3.0, 3.0, 26.0, 23.0, 25.0], [0.0, 0.0, 0.0, 0.0, 0.0, 0.0, 0.0, 2.0, 4.0, 24.0, 27.0, 29.0, 6.0, 0.0, 0.0], [0.0, 0.0, 0.0, 1.0, 3.0, 11.0, 25.0, 26.0, 24.0, 1.0, 1.0, 0.0, 0.0, 0.0, 0.0], [0.0, 0.0, 0.0, 0.0, 0.0, 7.0, 21.0, 26.0, 28.0, 5.0, 5.0, 3.0, 0.0, 0.0, 0.0], [0.0, 0.0, 0.0, 0.0, 0.0, 0.0, 0.0, 4.0, 6.0, 23.0, 28.0, 26.0, 5.0, 0.0, 0.0]]]"
y_box,[0.0 0.0 -0.0 -0.0 -0.0 -0.0 -0.0 -0.0 -0.0 -0.0 -0.0 -0.0 -0.0 -0.0 -0.0; -0.0 -0.0 0.0 1.0 0.0 -0.0 -0.0 -0.0 -0.0 -0.0 -0.0 -0.0 -0.0 -0.0 -0.0; -0.0 -0.0 -0.0 -0.0 -0.0 17.0 -0.0 -0.0 -0.0 -0.0 -0.0 -0.0 -0.0 -0.0 -0.0; -0.0 -0.0 -0.0 -0.0 -0.0 -0.0 0.0 0.0 0.0 0.0 0.0 0.0 -0.0 -0.0 -0.0; -0.0 -0.0 -0.0 -0.0 -0.0 -0.0 -0.0 -0.0 -0.0 -0.0 -0.0 -0.0 -0.0 -0.0 -0.0; -0.0 -0.0 -0.0 -0.0 -0.0 -0.0 -0.0 -0.0 -0.0 -0.0 -0.0 -0.0 25.0 23.0 25.0;;;]
evol_bb,"[[0.434, 2.803705211478801e7]]"
y_bb,[0.0 0.0 -0.0 -0.0 -0.0 -0.0 -0.0 -0.0 -0.0 -0.0 -0.0 -0.0 -0.0 -0.0 -0.0; -0.0 -0.0 0.0 1.0 0.0 -0.0 -0.0 -0.0 -0.0 -0.0 -0.0 -0.0 -0.0 -0.0 -0.0; -0.0 -0.0 -0.0 -0.0 -0.0 17.0 -0.0 -0.0 -0.0 -0.0 -0.0 -0.0 -0.0 -0.0 -0.0; -0.0 -0.0 -0.0 -0.0 -0.0 -0.0 0.0 0.0 0.0 0.0 0.0 0.0 -0.0 -0.0 -0.0; -0.0 -0.0 -0.0 -0.0 -0.0 -0.0 -0.0 -0.0 -0.0 -0.0 -0.0 -0.0 -0.0 -0.0 -0.0; -0.0 -0.0 -0.0 -0.0 -0.0 -0.0 -0.0 -0.0 -0.0 -0.0 -0.0 -0.0 25.0 23.0 25.0;;;]
evol_box,"[[0.598, 0.0], [2.564, 612983.7760908421], [2.665, 1.1386690618952174e7], [2.677, 1.8120317056467105e7], [2.683, 2.338474650224717e7], [2.689, 2.497633093293252e7], [2.698, 2.6200608540920306e7], [2.709, 2.693518597046739e7], [2.716, 2.7424904256832115e7], [2.723, 2.7669763400014475e7], [2.731, 2.7914622543196835e7], [2.74, 2.803705211478801e7]]"
y_pb,[[0.0 -0.0 -0.0 -0.0 -0.0 -0.0 -0.0 -0.0 -0.0 -0.0 -0.0 -0.0 -0.0 -0.0 -0.0; -0.0 -0.0 -0.0 1.0 -0.0 -0.0 -0.0 -0.0 -0.0 -0.0 -0.0 -0.0 -0.0 -0.0 -0.0; -0.0 -0.0 -0.0 -0.0 -0.0 17.0 -0.0 -0.0 -0.0 -0.0 -0.0 -0.0 -0.0 -0.0 -0.0; -0.0 -0.0 -0.0 -0.0 -0.0 -0.0 -0.0 -0.0 0.0 -0.0 -0.0 -0.0 -0.0 -0.0 -0.0; -0.0 -0.0 -0.0 -0.0 -0.0 -0.0 -0.0 -0.0 -0.0 -0.0 -0.0 -0.0 0.0 -0.0 -0.0; -0.0 -0.0 -0.0 -0.0 -0.0 -0.0 -0.0 -0.0 -0.0 -0.0 -0.0 -0.0 25.0 23.0 25.0;;;]]
x_bb,"[0.0, 1.0, 17.0, 0.0, 0.0, 73.0]"
x_box,"[0.0, 1.0, 17.0, 0.0, 0.0, 73.0]"
evol_zeta,"[[2.121, 32.16666666666667], [2.663, 27.5], [2.675, 24.42857142857143], [2.681, 17.0], [2.687, 8.0], [2.696, 6.0], [2.707, 3.833333333333325], [2.714, 3.0], [2.721, 2.0], [2.729, 1.428571428571427], [2.738, 1.0], [2.743, 0.0]]"
ξ_box,[17.0; 14.0; 12.0; 1.0; 10.0; 17.0; 25.0; 28.0; 28.0; 30.0; 28.0; 29.0; 33.0; 23.0; 25.0;;]
