first,second
s_box,[0.0; 0.0; 10.0; 0.0; 20.0; 36.0; 35.0; 16.0; 24.0; 22.0; 22.0; 21.0; 22.0; 22.0; 27.0;;]
x_pb,"[83.0, 0.0, -0.0, -0.0, -0.0, -0.0]"
s_bb,[0.0; 0.0; 10.0; 0.0; 20.0; 36.0; 35.0; 16.0; 24.0; 22.0; 22.0; 21.0; 22.0; 22.0; 27.0;;]
partition_bb,"[[[0.0, 0.0, 0.0, 3.0, 18.0, 36.0, 24.0, 3.0, 0.0, 0.0, 0.0, 0.0, 0.0, 0.0, 0.0], [0.0, 0.0, 0.0, 0.0, 0.0, 0.0, 0.0, 0.0, 0.0, 2.0, 5.0, 14.0, 19.0, 21.0, 27.0], [0.0, 0.0, 0.0, 0.0, 0.0, 0.0, 0.0, 15.0, 24.0, 17.0, 15.0, 9.0, 5.0, 3.0, 0.0], [23.0, 22.0, 21.0, 17.0, 0.0, 0.0, 0.0, 0.0, 0.0, 0.0, 0.0, 0.0, 0.0, 0.0, 0.0], [0.0, 0.0, 0.0, 0.0, 5.0, 23.0, 35.0, 14.0, 5.0, 3.0, 0.0, 0.0, 0.0, 0.0, 0.0], [18.0, 19.0, 19.0, 24.0, 3.0, 0.0, 0.0, 0.0, 0.0, 0.0, 0.0, 0.0, 0.0, 0.0, 0.0], [0.0, 0.0, 0.0, 0.0, 0.0, 0.0, 0.0, 0.0, 6.0, 9.0, 12.0, 21.0, 16.0, 14.0, 8.0], [0.0, 0.0, 0.0, 0.0, 0.0, 0.0, 0.0, 8.0, 13.0, 19.0, 22.0, 13.0, 8.0, 6.0, 0.0], [0.0, 0.0, 0.0, 0.0, 0.0, 0.0, 0.0, 10.0, 15.0, 22.0, 19.0, 10.0, 5.0, 3.0, 0.0], [0.0, 0.0, 0.0, 0.0, 0.0, 0.0, 0.0, 0.0, 3.0, 5.0, 8.0, 17.0, 22.0, 20.0, 14.0], [0.0, 0.0, 0.0, 0.0, 20.0, 12.0, 0.0, 16.0, 7.0, 4.0, 2.0, 5.0, 0.0, 2.0, 8.0], [21.0, 22.0, 23.0, 18.0, 0.0, 0.0, 0.0, 0.0, 0.0, 0.0, 0.0, 0.0, 0.0, 0.0, 0.0], [0.0, 0.0, 0.0, 0.0, 0.0, 0.0, 0.0, 0.0, 1.0, 3.0, 6.0, 15.0, 20.0, 22.0, 16.0], [22.0, 23.0, 22.0, 18.0, 0.0, 0.0, 0.0, 0.0, 0.0, 0.0, 0.0, 0.0, 0.0, 0.0, 0.0]]]"
y_box,[23.0 23.0 13.0 24.0 -0.0 -0.0 -0.0 -0.0 -0.0 -0.0 -0.0 -0.0 -0.0 -0.0 -0.0; -0.0 -0.0 -0.0 -0.0 -0.0 -0.0 -0.0 -0.0 -0.0 -0.0 -0.0 -0.0 -0.0 -0.0 -0.0; -0.0 -0.0 -0.0 -0.0 -0.0 -0.0 -0.0 -0.0 -0.0 -0.0 -0.0 -0.0 -0.0 -0.0 -0.0; -0.0 -0.0 -0.0 -0.0 0.0 0.0 -0.0 -0.0 -0.0 -0.0 -0.0 -0.0 -0.0 -0.0 -0.0; -0.0 -0.0 -0.0 -0.0 -0.0 -0.0 0.0 0.0 -0.0 -0.0 -0.0 -0.0 -0.0 -0.0 -0.0; -0.0 -0.0 -0.0 -0.0 -0.0 -0.0 -0.0 -0.0 0.0 0.0 0.0 0.0 0.0 0.0 0.0;;;]
evol_bb,"[[0.441, 3.497370958451249e7]]"
y_bb,[23.0 23.0 13.0 24.0 -0.0 -0.0 -0.0 -0.0 -0.0 -0.0 -0.0 -0.0 -0.0 -0.0 -0.0; -0.0 -0.0 -0.0 -0.0 -0.0 -0.0 -0.0 -0.0 -0.0 -0.0 -0.0 -0.0 -0.0 -0.0 -0.0; -0.0 -0.0 -0.0 -0.0 -0.0 -0.0 -0.0 -0.0 -0.0 -0.0 -0.0 -0.0 -0.0 -0.0 -0.0; -0.0 -0.0 -0.0 -0.0 0.0 0.0 -0.0 -0.0 -0.0 -0.0 -0.0 -0.0 -0.0 -0.0 -0.0; -0.0 -0.0 -0.0 -0.0 -0.0 -0.0 0.0 0.0 -0.0 -0.0 -0.0 -0.0 -0.0 -0.0 -0.0; -0.0 -0.0 -0.0 -0.0 -0.0 -0.0 -0.0 -0.0 0.0 0.0 0.0 0.0 0.0 0.0 0.0;;;]
evol_box,"[[0.494, 0.0], [2.096, 128500.19376447734], [2.185, 1.1238826921633465e7], [2.196, 1.8940242025233284e7], [2.207, 2.9039787396268897e7], [2.217, 3.042857823725252e7], [2.228, 3.1312352634071656e7], [2.238, 3.2196128623788506e7], [2.25, 3.3332412039138746e7], [2.261, 3.371117317758882e7], [2.273, 3.408993431603891e7], [2.285, 3.434244174167229e7], [2.293, 3.459494916730568e7], [2.303, 3.472120288012237e7], [2.337, 3.4847456592939064e7], [2.369, 3.497370958451249e7]]"
y_pb,[[23.0 23.0 13.0 24.000000000000004 -0.0 -0.0 -0.0 -0.0 -0.0 -0.0 -0.0 -0.0 -0.0 -0.0 -0.0; -0.0 -0.0 -0.0 0.0 -0.0 -0.0 -0.0 -0.0 -0.0 -0.0 -0.0 -0.0 -0.0 -0.0 -0.0; -0.0 -0.0 -0.0 0.0 -0.0 -0.0 -0.0 -0.0 -0.0 -0.0 -0.0 -0.0 -0.0 -0.0 -0.0; -0.0 -0.0 -0.0 -0.0 -0.0 0.0 -0.0 -0.0 -0.0 -0.0 -0.0 -0.0 -0.0 -0.0 -0.0; -0.0 -0.0 -0.0 -0.0 -0.0 -0.0 -0.0 0.0 -0.0 -0.0 -0.0 -0.0 -0.0 -0.0 -0.0; -0.0 -0.0 -0.0 -0.0 -0.0 -0.0 -0.0 0.0 -0.0 -0.0 -0.0 -0.0 -0.0 -0.0 -0.0;;;]]
x_bb,"[83.0, 0.0, 0.0, 0.0, 0.0, 0.0]"
x_box,"[83.0, 0.0, 0.0, 0.0, 0.0, 0.0]"
evol_zeta,"[[1.739, 35.8], [2.183, 26.166666666666668], [2.195, 23.28571428571429], [2.205, 23.00000000000001], [2.215, 10.666666666666664], [2.226, 7.0], [2.236, 6.571428571428569], [2.249, 6.142857142857142], [2.26, 2.857142857142861], [2.271, 2.1428571428571352], [2.283, 2.0], [2.291, 1.75], [2.301, 1.0], [2.335, 1.0], [2.367, 0.5000000001500098], [2.379, 0.0]]"
ξ_box,[23.0; 23.0; 23.0; 24.0; 20.0; 36.0; 35.0; 16.0; 24.0; 22.0; 22.0; 21.0; 22.0; 22.0; 27.0;;]
