first,second
s_box,[14.0; 35.0; 31.0; 31.0; 28.0; 20.0; 0.0; 0.0; 0.0; 0.0; 0.0; 0.0; 4.0; 2.0; 10.0;;]
x_pb,"[25.0, -0.0, -0.0, -0.0, 30.0, 31.0]"
s_bb,[14.0; 35.0; 31.0; 31.0; 28.0; 20.0; 0.0; 0.0; 0.0; 0.0; 0.0; 0.0; 4.0; 2.0; 10.0;;]
partition_bb,"[[[39.0, 27.0, 21.0, 0.0, 0.0, 0.0, 0.0, 0.0, 0.0, 0.0, 0.0, 0.0, 0.0, 0.0, 0.0], [0.0, 0.0, 0.0, 31.0, 19.0, 17.0, 11.0, 7.0, 3.0, 0.0, 0.0, 0.0, 0.0, 0.0, 0.0], [25.0, 13.0, 7.0, 0.0, 0.0, 0.0, 0.0, 0.0, 4.0, 15.0, 9.0, 7.0, 4.0, 2.0, 0.0], [18.0, 6.0, 0.0, 0.0, 9.0, 0.0, 0.0, 4.0, 6.0, 0.0, 5.0, 7.0, 4.0, 2.0, 10.0], [28.0, 25.0, 31.0, 0.0, 0.0, 0.0, 0.0, 0.0, 0.0, 0.0, 0.0, 0.0, 2.0, 0.0, 0.0], [0.0, 0.0, 0.0, 16.0, 28.0, 19.0, 13.0, 9.0, 5.0, 0.0, 0.0, 0.0, 0.0, 0.0, 0.0], [23.0, 35.0, 29.0, 0.0, 0.0, 0.0, 0.0, 0.0, 0.0, 0.0, 0.0, 0.0, 0.0, 0.0, 0.0], [13.0, 1.0, 0.0, 6.0, 11.0, 20.0, 14.0, 10.0, 6.0, 0.0, 0.0, 0.0, 4.0, 2.0, 0.0]]]"
y_box,[25.0 0.0 -0.0 -0.0 -0.0 -0.0 -0.0 -0.0 -0.0 -0.0 -0.0 -0.0 -0.0 -0.0 -0.0; -0.0 -0.0 0.0 -0.0 -0.0 -0.0 -0.0 -0.0 -0.0 -0.0 -0.0 -0.0 -0.0 -0.0 -0.0; -0.0 -0.0 -0.0 -0.0 0.0 -0.0 -0.0 -0.0 -0.0 -0.0 -0.0 -0.0 -0.0 -0.0 -0.0; -0.0 -0.0 -0.0 -0.0 -0.0 -0.0 -0.0 -0.0 -0.0 -0.0 -0.0 -0.0 -0.0 -0.0 -0.0; -0.0 -0.0 -0.0 -0.0 -0.0 0.0 14.0 10.0 6.0 -0.0 -0.0 -0.0 -0.0 -0.0 -0.0; -0.0 -0.0 -0.0 -0.0 -0.0 -0.0 -0.0 -0.0 -0.0 15.0 9.0 7.0 0.0 0.0 0.0;;;]
evol_bb,"[[0.31, 2.05557837048679e7]]"
y_bb,[25.0 0.0 -0.0 -0.0 -0.0 -0.0 -0.0 -0.0 -0.0 -0.0 -0.0 -0.0 -0.0 -0.0 -0.0; -0.0 -0.0 0.0 -0.0 -0.0 -0.0 -0.0 -0.0 -0.0 -0.0 -0.0 -0.0 -0.0 -0.0 -0.0; -0.0 -0.0 -0.0 -0.0 0.0 -0.0 -0.0 -0.0 -0.0 -0.0 -0.0 -0.0 -0.0 -0.0 -0.0; -0.0 -0.0 -0.0 -0.0 -0.0 -0.0 -0.0 -0.0 -0.0 -0.0 -0.0 -0.0 -0.0 -0.0 -0.0; -0.0 -0.0 -0.0 -0.0 -0.0 0.0 14.0 10.0 6.0 -0.0 -0.0 -0.0 -0.0 -0.0 -0.0; -0.0 -0.0 -0.0 -0.0 -0.0 -0.0 -0.0 -0.0 -0.0 15.0 9.0 7.0 0.0 0.0 0.0;;;]
evol_box,"[[0.494, 0.0], [2.036, 118841.22551224571], [2.112, 1.0454776429514563e7], [2.118, 1.4917920536145916e7], [2.123, 1.6679729635444164e7], [2.128, 1.7854293384246245e7], [2.145, 1.9381222056606863e7], [2.152, 2.0320873055648528e7], [2.158, 2.05557837048679e7]]"
y_pb,[[25.0 -0.0 -0.0 -0.0 -0.0 -0.0 -0.0 -0.0 -0.0 -0.0 -0.0 -0.0 -0.0 -0.0 -0.0; -0.0 -0.0 0.0 -0.0 -0.0 -0.0 -0.0 -0.0 -0.0 -0.0 -0.0 -0.0 -0.0 -0.0 -0.0; -0.0 -0.0 -0.0 0.0 -0.0 -0.0 -0.0 -0.0 -0.0 -0.0 -0.0 -0.0 -0.0 -0.0 -0.0; -0.0 -0.0 -0.0 0.0 -0.0 -0.0 -0.0 -0.0 -0.0 -0.0 -0.0 -0.0 -0.0 -0.0 -0.0; -0.0 -0.0 -0.0 -0.0 -0.0 -0.0 14.0 10.0 6.000000000000001 -0.0 -0.0 -0.0 -0.0 -0.0 -0.0; -0.0 -0.0 -0.0 -0.0 -0.0 -0.0 -0.0 -0.0 -0.0 15.0 9.0 7.0 -0.0 -0.0 -0.0;;;]]
x_bb,"[25.0, 0.0, 0.0, 0.0, 30.0, 31.0]"
x_box,"[25.0, 0.0, 0.0, 0.0, 30.0, 31.0]"
evol_zeta,"[[1.705, 38.666666666666664], [2.111, 30.666666666666668], [2.116, 15.0], [2.121, 10.0], [2.126, 10.0], [2.143, 8.333333333333334], [2.15, 7.666666666666664], [2.156, 1.0], [2.161, 0.0]]"
ξ_box,[39.0; 35.0; 31.0; 31.0; 28.0; 20.0; 14.0; 10.0; 6.0; 15.0; 9.0; 7.0; 4.0; 2.0; 10.0;;]
