first,second
s_box,[0.0; 0.0; 0.0; 0.0; 0.0; 2.0; 4.0; 16.0; 18.0; 3.0; 22.0; 21.0; 18.0; 16.0; 9.0;;]
x_pb,"[17.0, 24.0, 29.0, -0.0, 10.0, -0.0]"
s_bb,[0.0; 0.0; 0.0; 0.0; 0.0; 2.0; 4.0; 16.0; 18.0; 3.0; 22.0; 21.0; 18.0; 16.0; 9.0;;]
partition_bb,"[[[17.0, 6.0, 18.0, 22.0, 7.0, 2.0, 4.0, 0.0, 0.0, 0.0, 0.0, 0.0, 3.0, 1.0, 0.0], [0.0, 0.0, 2.0, 2.0, 0.0, 2.0, 0.0, 4.0, 4.0, 13.0, 22.0, 11.0, 8.0, 6.0, 0.0], [0.0, 6.0, 0.0, 0.0, 7.0, 2.0, 4.0, 16.0, 18.0, 0.0, 0.0, 0.0, 8.0, 10.0, 9.0], [0.0, 6.0, 0.0, 0.0, 0.0, 2.0, 4.0, 0.0, 2.0, 6.0, 10.0, 21.0, 11.0, 9.0, 9.0], [0.0, 0.0, 7.0, 2.0, 0.0, 2.0, 0.0, 8.0, 6.0, 0.0, 4.0, 8.0, 18.0, 16.0, 9.0]]]"
y_box,[17.0 -0.0 -0.0 -0.0 -0.0 -0.0 -0.0 -0.0 -0.0 -0.0 -0.0 -0.0 -0.0 -0.0 -0.0; -0.0 6.0 18.0 -0.0 -0.0 -0.0 -0.0 -0.0 -0.0 -0.0 -0.0 -0.0 -0.0 -0.0 -0.0; -0.0 -0.0 -0.0 22.0 7.0 0.0 0.0 0.0 0.0 -0.0 -0.0 -0.0 -0.0 -0.0 -0.0; -0.0 -0.0 -0.0 -0.0 -0.0 -0.0 -0.0 -0.0 -0.0 -0.0 -0.0 -0.0 -0.0 -0.0 -0.0; -0.0 -0.0 -0.0 -0.0 -0.0 -0.0 -0.0 -0.0 -0.0 10.0 -0.0 -0.0 -0.0 -0.0 -0.0; -0.0 -0.0 -0.0 -0.0 -0.0 -0.0 -0.0 -0.0 -0.0 -0.0 0.0 0.0 0.0 0.0 0.0;;;]
evol_bb,"[[0.299, 1.602279619548483e7]]"
y_bb,[17.0 -0.0 -0.0 -0.0 -0.0 -0.0 -0.0 -0.0 -0.0 -0.0 -0.0 -0.0 -0.0 -0.0 -0.0; -0.0 6.0 18.0 -0.0 -0.0 -0.0 -0.0 -0.0 -0.0 -0.0 -0.0 -0.0 -0.0 -0.0 -0.0; -0.0 -0.0 -0.0 22.0 7.0 0.0 0.0 0.0 0.0 -0.0 -0.0 -0.0 -0.0 -0.0 -0.0; -0.0 -0.0 -0.0 -0.0 -0.0 -0.0 -0.0 -0.0 -0.0 -0.0 -0.0 -0.0 -0.0 -0.0 -0.0; -0.0 -0.0 -0.0 -0.0 -0.0 -0.0 -0.0 -0.0 -0.0 10.0 -0.0 -0.0 -0.0 -0.0 -0.0; -0.0 -0.0 -0.0 -0.0 -0.0 -0.0 -0.0 -0.0 -0.0 -0.0 0.0 0.0 0.0 0.0 0.0;;;]
evol_box,"[[0.506, 0.0], [2.156, 868.9673359831124], [2.242, 7.949701993135894e6], [2.247, 1.155154402187619e7], [2.253, 1.602279619548483e7]]"
y_pb,[[17.0 -0.0 -0.0 -0.0 -0.0 -0.0 -0.0 -0.0 -0.0 -0.0 -0.0 -0.0 -0.0 -0.0 -0.0; -0.0 6.000000000000001 18.0 -0.0 -0.0 -0.0 -0.0 -0.0 -0.0 -0.0 -0.0 -0.0 -0.0 -0.0 -0.0; -0.0 -0.0 -0.0 22.0 7.0 -0.0 -0.0 -0.0 -0.0 -0.0 -0.0 -0.0 -0.0 -0.0 -0.0; -0.0 -0.0 -0.0 -0.0 -0.0 -0.0 -0.0 -0.0 -0.0 0.0 -0.0 -0.0 -0.0 -0.0 -0.0; -0.0 -0.0 -0.0 -0.0 -0.0 -0.0 -0.0 -0.0 -0.0 10.0 -0.0 -0.0 -0.0 -0.0 -0.0; -0.0 -0.0 -0.0 -0.0 -0.0 -0.0 -0.0 -0.0 -0.0 -0.0 0.0 -0.0 -0.0 -0.0 -0.0;;;]]
x_bb,"[17.0, 24.0, 29.0, 0.0, 10.0, 0.0]"
x_box,"[17.0, 24.0, 29.0, 0.0, 10.0, 0.0]"
evol_zeta,"[[1.794, 22.0], [2.24, 22.0], [2.245, 14.0], [2.251, 9.0], [2.282, 0.0]]"
ξ_box,[17.0; 6.0; 18.0; 22.0; 7.0; 2.0; 4.0; 16.0; 18.0; 13.0; 22.0; 21.0; 18.0; 16.0; 9.0;;]
