first,second
s_box,[35.0 14.0 9.99999889476877; -0.0 -0.0 -0.0; 7.0 -0.0 -0.0; 26.0 20.99999888311076 11.0; 26.0 17.0 21.0; 6.000001113555941 -0.0 2.000002376255015; 16.0 5.0 14.0; 13.0 5.0 17.0; 10.0 10.0 20.0; 13.999998886446535 14.0 14.0; 0.0 17.0 17.0; -0.0 13.0 13.0; 0.0 11.0 11.0; 9.99999236755564 24.0 13.000002785973184; -0.0 12.0 -0.0]
x_pb,"[-0.0, 63.0, 26.0, -0.0, -0.0, 0.0]"
s_bb,f
partition_bb,e
y_box,[-0.0 12.0 -0.0 -0.0 -0.0 -0.0 -0.0 -0.0 -0.0 1.1123041431636394e-6 -0.0 -0.0 -0.0 -0.0 -0.0; -0.0 15.0 24.0 -0.0 -0.0 -0.0 -0.0 -0.0 -0.0 -0.0 -0.0 -0.0 -0.0 -0.0 -0.0; -0.0 -0.0 -0.0 -0.0 -0.0 15.999998883126905 -0.0 -0.0 -0.0 -0.0 -0.0 -0.0 -0.0 -0.0 -0.0; -0.0 -0.0 -0.0 -0.0 -0.0 -0.0 -0.0 -0.0 -0.0 -0.0 -0.0 -0.0 -0.0 -0.0 -0.0; -0.0 -0.0 -0.0 -0.0 -0.0 -0.0 -0.0 -0.0 -0.0 -0.0 -0.0 -0.0 -0.0 -0.0 -0.0; -0.0 -0.0 -0.0 -0.0 -0.0 -0.0 -0.0 -0.0 -0.0 -0.0 -0.0 0.0 -0.0 4.0 18.0;;; 12.0 1.1118892743995685e-6 -0.0 -0.0 -0.0 -0.0 -0.0 -0.0 -0.0 -0.0 -0.0 -0.0 -0.0 -0.0 -0.0; -0.0 15.99999888644406 23.0 1.1143892738424296e-6 -0.0 -0.0 -0.0 -0.0 -0.0 -0.0 -0.0 -0.0 -0.0 -0.0 -0.0; -0.0 -0.0 -0.0 -0.0 -0.0 15.99999889195159 -0.0 -0.0 -0.0 -0.0 -0.0 -0.0 -0.0 -0.0 -0.0; -0.0 -0.0 -0.0 -0.0 -0.0 -0.0 -0.0 -0.0 -0.0 -0.0 -0.0 -0.0 -0.0 -0.0 -0.0; -0.0 -0.0 -0.0 -0.0 -0.0 -0.0 -0.0 -0.0 -0.0 -0.0 -0.0 -0.0 -0.0 -0.0 -0.0; -0.0 -0.0 0.0 -0.0 -0.0 -0.0 -0.0 -0.0 -0.0 -0.0 -0.0 -0.0 -0.0 -0.0 22.0;;; 6.000001113555941 6.0 -0.0 -0.0 -0.0 -0.0 -0.0 -0.0 -0.0 -0.0 -0.0 -0.0 -0.0 -0.0 -0.0; -0.0 20.0 19.0 -0.0 -0.0 -0.0 -0.0 -0.0 -0.0 -0.0 -0.0 -0.0 -0.0 -0.0 -0.0; -0.0 -0.0 -0.0 -0.0 -0.0 15.999998889569051 -0.0 -0.0 -0.0 -0.0 -0.0 -0.0 -0.0 -0.0 -0.0; -0.0 -0.0 -0.0 -0.0 -0.0 -0.0 -0.0 -0.0 -0.0 -0.0 -0.0 -0.0 -0.0 -0.0 -0.0; -0.0 -0.0 -0.0 -0.0 -0.0 -0.0 -0.0 -0.0 -0.0 -0.0 -0.0 -0.0 -0.0 -0.0 -0.0; -0.0 -0.0 -0.0 -0.0 -0.0 -0.0 -0.0 -0.0 -0.0 -0.0 -0.0 -0.0 -0.0 2.0 20.0]
evol_bb,b
y_bb,n
evol_box,"[[0.463, 0.0], [2.202, 245411.51993591824], [2.357, 245411.51993591824], [2.458, 367815.8753956061], [2.576, 5.385260365019958e6], [2.702, 5.385260365019958e6], [2.868, 6.731635898490769e6], [3.339, 8.322483565917584e6], [3.6, 8.811986776970088e6], [3.943, 1.0158092236309156e7], [4.329, 1.0770008654449817e7], [4.816, 1.1014729388225613e7], [5.271, 1.125951221283583e7], [5.956, 1.2116252614895841e7], [7.208, 1.2360988830596525e7], [8.64, 1.2605657598125683e7], [9.606, 1.2605657598125683e7], [11.055, 1.2605660302895363e7], [14.283, 1.2605744036146324e7], [15.666, 1.2972836605327617e7], [18.403, 1.3462320460061857e7], [20.104, 1.4319064356766213e7], [23.058, 1.4930931137962213e7], [26.388, 1.4930990018332038e7], [28.97, 1.5298064426763885e7], [32.403, 1.529825313602133e7], [35.952, 1.5787666382288735e7], [40.052, 1.5787990864386793e7], [46.279, 1.603235685186804e7], [53.674, 1.6521831597280994e7], [59.595, 1.6521961977178976e7], [66.964, 1.6766800728060825e7], [74.716, 1.6889073759240974e7], [80.749, 1.7011446167446688e7], [89.021, 1.71337452600296e7], [99.768, 1.7256233458263736e7], [112.087, 1.737853635062505e7], [121.862, 1.7378587485410437e7], [129.511, 1.7500879524483968e7], [140.089, 1.750091824885898e7], [149.718, 1.750113061261434e7], [162.47, 1.7623260425751075e7], [181.188, 1.786807241384766e7], [201.644, 1.7990397673239566e7], [235.644, 1.8112810362235744e7], [264.032, 1.8112927394878417e7], [296.316, 1.823517370163429e7], [332.469, 1.8235222691419773e7], [363.707, 1.8357584501890495e7], [401.016, 1.8479986219417546e7], [438.131, 1.860234403528688e7], [482.016, 1.8602349711963974e7], [532.066, 1.8724710270196725e7], [629.278, 1.87247294424407e7], [673.624, 1.8969429471008345e7], [737.242, 1.8969545213495463e7], [804.523, 1.9091908398419768e7], [898.262, 1.9336563678359903e7], [1025.725, 1.9336677250198483e7], [1157.367, 1.94589842634873e7], [1356.821, 1.958135004908876e7], [1587.554, 1.958135583310207e7], [1731.391, 1.958138156246656e7], [1845.654, 1.9581383161431108e7], [1968.401, 1.9581425193904497e7], [2202.953, 1.9703718060411148e7], [2432.221, 1.970371875307262e7], [2771.759, 1.982608538725895e7], [2995.092, 1.982611564584172e7], [3317.908, 1.9826218466559377e7], [3600.028, 1.9948528731745724e7]]"
y_pb,[[-0.0 0.0 -0.0 -0.0 -0.0 -0.0 -0.0 -0.0 -0.0 -0.0 -0.0 -0.0 -0.0 -0.0 -0.0; -0.0 31.0 32.0 -0.0 -0.0 -0.0 -0.0 -0.0 -0.0 -0.0 -0.0 -0.0 -0.0 -0.0 -0.0; -0.0 -0.0 -0.0 -0.0 -0.0 26.0 -0.0 -0.0 -0.0 -0.0 -0.0 -0.0 -0.0 -0.0 -0.0; -0.0 -0.0 -0.0 -0.0 -0.0 -0.0 -0.0 -0.0 -0.0 0.0 -0.0 -0.0 -0.0 -0.0 -0.0; -0.0 -0.0 -0.0 -0.0 -0.0 -0.0 -0.0 -0.0 -0.0 -0.0 -0.0 -0.0 -0.0 0.0 -0.0; -0.0 -0.0 -0.0 -0.0 -0.0 -0.0 -0.0 -0.0 -0.0 -0.0 -0.0 -0.0 -0.0 -0.0 0.0;;;]]
x_bb,i
x_box,"[12.000001112930947, 39.0, 15.99999888894405, -0.0, -0.0, 22.0]"
evol_zeta,"[[2.336, 34.0], [2.373, 24.57142857142857], [2.478, 24.142857142857146], [2.589, 20.375], [2.755, 19.74999999999999], [2.91, 17.333333333333325], [3.365, 17.3], [3.623, 17.857142857142858], [3.998, 16.88888888888888], [4.351, 17.0], [4.845, 15.100000000000001], [5.29, 15.444444444444443], [5.984, 14.25], [7.231, 17.0], [8.659, 16.875], [9.634, 15.0], [11.095, 15.399999999999991], [14.32, 14.555555555555557], [15.683, 15.100000000000001], [18.435, 14.444444444444443], [20.129, 14.874999999999995], [23.092, 14.875], [26.412, 14.727272727272728], [28.996, 14.714285714285712], [32.441, 14.0], [35.987, 13.999999999999977], [40.067, 14.0], [46.31, 13.888888888888891], [53.711, 13.11111111111111], [59.623, 14.0], [67.024, 10.833333333333336], [74.755, 14.0], [80.782, 10.777782754618368], [89.035, 14.7], [99.783, 14.0], [112.117, 11.62499999999999], [121.884, 15.600000000000007], [129.539, 13.555555555555557], [140.123, 12.727272727272727], [149.749, 14.100000000000001], [162.499, 12.222222222222221], [181.207, 13.999999999999998], [201.662, 14.0], [235.675, 12.55555555555554], [264.049, 12.285714285714285], [296.351, 10.8], [332.509, 10.222222223344446], [363.75, 11.454545454545455], [401.044, 11.000000999801028], [438.155, 11.833333333333332], [482.038, 12.75], [532.091, 11.700000000000003], [629.33, 10.250000001125017], [673.67, 11.0], [737.301, 10.5], [804.577, 9.571428572485711], [898.293, 14.0], [1025.757, 9.999999999999986], [1157.399, 11.45454753362595], [1356.871, 10.428571428571429], [1587.59, 11.200000000000003], [1731.413, 11.599999999999952], [1845.673, 11.0], [1968.434, 11.0], [2202.976, 10.333333333333314], [2432.262, 9.090909091918185], [2771.793, 10.700000000000001], [2995.141, 8.499999999999998], [3317.934, 11.625], [3600.043, 0.0]]"
ξ_box,[35.0 26.0 16.0; 27.0 16.0 26.0; 31.0 23.0 19.0; 26.0 21.0 11.0; 26.0 17.0 21.0; 22.0 15.999998895284921 18.000001267074065; 16.0 5.0 14.0; 13.0 5.0 17.0; 10.0 10.0 20.0; 14.0 14.0 14.0; 0.0 17.0 17.0; 0.0 13.0 13.0; 0.0 11.0 11.0; 13.999992370888974 24.0 15.000002787223183; 18.0 34.0 20.0]
