first,second
s_box,[0.0; 19.0; 12.0; 0.0; 0.0; 11.0; 21.0; 22.0; 29.0; 17.0; 7.0; 5.0; 16.0; 18.0; 26.0;;]
x_pb,"[21.0, 56.0, -0.0, -0.0, -0.0, -0.0]"
s_bb,[0.0; 19.0; 12.0; 0.0; 0.0; 11.0; 21.0; 22.0; 29.0; 17.0; 7.0; 5.0; 16.0; 18.0; 26.0;;]
partition_bb,"[[[0.0, 0.0, 0.0, 0.0, 6.0, 9.0, 12.0, 14.0, 29.0, 7.0, 2.0, 0.0, 0.0, 0.0, 0.0], [0.0, 0.0, 0.0, 0.0, 0.0, 0.0, 0.0, 0.0, 0.0, 5.0, 7.0, 5.0, 16.0, 18.0, 26.0], [3.0, 5.0, 5.0, 25.0, 16.0, 13.0, 10.0, 7.0, 0.0, 0.0, 0.0, 0.0, 0.0, 0.0, 0.0], [21.0, 19.0, 12.0, 12.0, 3.0, 0.0, 0.0, 0.0, 3.0, 0.0, 2.0, 0.0, 0.0, 5.0, 0.0], [13.0, 15.0, 12.0, 9.0, 0.0, 0.0, 0.0, 0.0, 0.0, 17.0, 7.0, 5.0, 0.0, 0.0, 0.0], [0.0, 0.0, 0.0, 6.0, 15.0, 16.0, 21.0, 18.0, 4.0, 0.0, 0.0, 0.0, 0.0, 0.0, 0.0], [0.0, 0.0, 0.0, 9.0, 18.0, 21.0, 16.0, 13.0, 1.0, 0.0, 0.0, 0.0, 0.0, 0.0, 0.0], [0.0, 0.0, 0.0, 4.0, 13.0, 14.0, 19.0, 22.0, 7.0, 0.0, 0.0, 0.0, 0.0, 0.0, 0.0], [0.0, 0.0, 0.0, 12.0, 21.0, 18.0, 15.0, 12.0, 0.0, 0.0, 0.0, 0.0, 0.0, 0.0, 0.0]]]"
y_box,[21.0 -0.0 0.0 -0.0 -0.0 -0.0 -0.0 -0.0 -0.0 -0.0 -0.0 -0.0 -0.0 -0.0 -0.0; -0.0 -0.0 -0.0 25.0 21.0 10.0 0.0 0.0 -0.0 -0.0 -0.0 -0.0 -0.0 -0.0 -0.0; -0.0 -0.0 -0.0 -0.0 -0.0 -0.0 -0.0 -0.0 -0.0 -0.0 -0.0 -0.0 -0.0 -0.0 -0.0; -0.0 -0.0 -0.0 -0.0 -0.0 -0.0 -0.0 -0.0 0.0 0.0 0.0 -0.0 -0.0 -0.0 -0.0; -0.0 -0.0 -0.0 -0.0 -0.0 -0.0 -0.0 -0.0 -0.0 -0.0 -0.0 -0.0 -0.0 -0.0 -0.0; -0.0 -0.0 -0.0 -0.0 -0.0 -0.0 -0.0 -0.0 -0.0 -0.0 -0.0 -0.0 0.0 0.0 0.0;;;]
evol_bb,"[[0.373, 2.4953311306733854e7]]"
y_bb,[21.0 -0.0 0.0 -0.0 -0.0 -0.0 -0.0 -0.0 -0.0 -0.0 -0.0 -0.0 -0.0 -0.0 -0.0; -0.0 -0.0 -0.0 25.0 21.0 10.0 0.0 0.0 -0.0 -0.0 -0.0 -0.0 -0.0 -0.0 -0.0; -0.0 -0.0 -0.0 -0.0 -0.0 -0.0 -0.0 -0.0 -0.0 -0.0 -0.0 -0.0 -0.0 -0.0 -0.0; -0.0 -0.0 -0.0 -0.0 -0.0 -0.0 -0.0 -0.0 0.0 0.0 0.0 -0.0 -0.0 -0.0 -0.0; -0.0 -0.0 -0.0 -0.0 -0.0 -0.0 -0.0 -0.0 -0.0 -0.0 -0.0 -0.0 -0.0 -0.0 -0.0; -0.0 -0.0 -0.0 -0.0 -0.0 -0.0 -0.0 -0.0 -0.0 -0.0 -0.0 -0.0 0.0 0.0 0.0;;;]
evol_box,"[[0.508, 0.0], [2.182, 247644.53805876418], [2.271, 9.589091203641022e6], [2.279, 1.5242830847407097e7], [2.289, 1.9790742876977153e7], [2.298, 2.1388685616877425e7], [2.331, 2.2863703361740008e7], [2.338, 2.4092890084740218e7], [2.347, 2.4461636617533773e7], [2.354, 2.4707473962133814e7], [2.385, 2.4953311306733854e7]]"
y_pb,[[21.0 -0.0 -0.0 -0.0 -0.0 -0.0 -0.0 -0.0 -0.0 -0.0 -0.0 -0.0 -0.0 -0.0 -0.0; -0.0 -0.0 -0.0 25.0 21.0 10.0 -0.0 -0.0 -0.0 -0.0 -0.0 -0.0 -0.0 -0.0 -0.0; -0.0 -0.0 -0.0 -0.0 -0.0 -0.0 -0.0 0.0 -0.0 -0.0 -0.0 -0.0 -0.0 -0.0 -0.0; -0.0 -0.0 -0.0 -0.0 -0.0 -0.0 -0.0 -0.0 -0.0 -0.0 0.0 -0.0 -0.0 -0.0 -0.0; -0.0 -0.0 -0.0 -0.0 -0.0 -0.0 -0.0 -0.0 -0.0 -0.0 -0.0 -0.0 -0.0 -0.0 0.0; -0.0 -0.0 -0.0 -0.0 -0.0 -0.0 -0.0 -0.0 -0.0 -0.0 -0.0 -0.0 -0.0 -0.0 0.0;;;]]
x_bb,"[21.0, 56.0, 0.0, 0.0, 0.0, 0.0]"
x_box,"[21.0, 56.0, 0.0, 0.0, 0.0, 0.0]"
evol_zeta,"[[1.813, 28.71428571428571], [2.269, 26.0], [2.277, 24.125], [2.288, 16.000000000000007], [2.296, 10.0], [2.329, 7.833333333333332], [2.337, 6.666666666666668], [2.345, 2.799999999999999], [2.352, 2.0], [2.383, 1.5], [2.393, 0.0]]"
ξ_box,[21.0; 19.0; 12.0; 25.0; 21.0; 21.0; 21.0; 22.0; 29.0; 17.0; 7.0; 5.0; 16.0; 18.0; 26.0;;]
