first,second
s_box,[32.0; 29.0; 29.0; 0.0; 0.0; 20.0; 11.0; 13.0; 20.0; 21.0; 0.0; 21.0; 15.0; 13.0; 8.0;;]
x_pb,"[-0.0, 55.99999999999999, 2.000000000000007, 21.0, -0.0, -0.0]"
s_bb,[32.0; 29.0; 29.0; 0.0; 0.0; 20.0; 11.0; 13.0; 20.0; 21.0; 0.0; 21.0; 15.0; 13.0; 8.0;;]
partition_bb,"[[[32.0, 23.0, 22.0, 2.0, 0.0, 0.0, 0.0, 0.0, 0.0, 0.0, 0.0, 0.0, 0.0, 0.0, 0.0], [0.0, 0.0, 0.0, 20.0, 28.0, 17.0, 8.0, 5.0, 3.0, 2.0, 0.0, 0.0, 0.0, 0.0, 0.0], [0.0, 0.0, 0.0, 0.0, 0.0, 0.0, 0.0, 9.0, 11.0, 13.0, 21.0, 17.0, 5.0, 3.0, 0.0], [4.0, 13.0, 14.0, 0.0, 0.0, 9.0, 0.0, 0.0, 0.0, 0.0, 0.0, 3.0, 15.0, 13.0, 8.0], [0.0, 0.0, 0.0, 0.0, 0.0, 0.0, 5.0, 15.0, 20.0, 18.0, 10.0, 6.0, 0.0, 0.0, 5.0], [0.0, 7.0, 8.0, 28.0, 20.0, 15.0, 6.0, 0.0, 0.0, 0.0, 0.0, 0.0, 0.0, 0.0, 0.0], [19.0, 25.0, 29.0, 9.0, 1.0, 0.0, 0.0, 0.0, 0.0, 0.0, 0.0, 0.0, 0.0, 0.0, 0.0], [0.0, 0.0, 0.0, 0.0, 0.0, 0.0, 0.0, 7.0, 7.0, 9.0, 17.0, 21.0, 9.0, 7.0, 2.0], [20.0, 29.0, 25.0, 8.0, 0.0, 0.0, 0.0, 0.0, 0.0, 0.0, 0.0, 0.0, 0.0, 0.0, 0.0], [4.0, 13.0, 9.0, 0.0, 8.0, 2.0, 11.0, 14.0, 9.0, 8.0, 2.0, 0.0, 0.0, 0.0, 0.0], [0.0, 0.0, 0.0, 7.0, 9.0, 20.0, 11.0, 14.0, 9.0, 8.0, 2.0, 0.0, 0.0, 0.0, 0.0], [0.0, 0.0, 0.0, 0.0, 0.0, 0.0, 5.0, 15.0, 19.0, 21.0, 13.0, 9.0, 0.0, 0.0, 0.0]]]"
y_box,[0.0 0.0 -0.0 -0.0 -0.0 -0.0 -0.0 -0.0 -0.0 -0.0 -0.0 -0.0 -0.0 -0.0 -0.0; -0.0 -0.0 0.0 28.0 28.0 -0.0 -0.0 -0.0 -0.0 -0.0 -0.0 -0.0 -0.0 -0.0 -0.0; -0.0 -0.0 -0.0 -0.0 -0.0 0.0 0.0 2.0 -0.0 -0.0 -0.0 -0.0 -0.0 -0.0 -0.0; -0.0 -0.0 -0.0 -0.0 -0.0 -0.0 -0.0 -0.0 0.0 0.0 21.0 0.0 -0.0 -0.0 -0.0; -0.0 -0.0 -0.0 -0.0 -0.0 -0.0 -0.0 -0.0 -0.0 -0.0 -0.0 -0.0 -0.0 -0.0 -0.0; -0.0 -0.0 -0.0 -0.0 -0.0 -0.0 -0.0 -0.0 -0.0 -0.0 -0.0 -0.0 0.0 0.0 0.0;;;]
evol_bb,"[[0.426, 2.335113432479032e7]]"
y_bb,[0.0 0.0 -0.0 -0.0 -0.0 -0.0 -0.0 -0.0 -0.0 -0.0 -0.0 -0.0 -0.0 -0.0 -0.0; -0.0 -0.0 0.0 28.0 28.0 -0.0 -0.0 -0.0 -0.0 -0.0 -0.0 -0.0 -0.0 -0.0 -0.0; -0.0 -0.0 -0.0 -0.0 -0.0 0.0 0.0 2.0 -0.0 -0.0 -0.0 -0.0 -0.0 -0.0 -0.0; -0.0 -0.0 -0.0 -0.0 -0.0 -0.0 -0.0 -0.0 0.0 0.0 21.0 0.0 -0.0 -0.0 -0.0; -0.0 -0.0 -0.0 -0.0 -0.0 -0.0 -0.0 -0.0 -0.0 -0.0 -0.0 -0.0 -0.0 -0.0 -0.0; -0.0 -0.0 -0.0 -0.0 -0.0 -0.0 -0.0 -0.0 -0.0 -0.0 -0.0 -0.0 0.0 0.0 0.0;;;]
evol_box,"[[0.519, 0.0], [2.214, 1894.6408506016205], [2.3, 8.153397282767075e6], [2.308, 1.5098034537550967e7], [2.318, 1.7916175768930264e7], [2.328, 1.9929133667413563e7], [2.34, 2.0734288895652406e7], [2.351, 2.164012000573861e7], [2.362, 2.2042711610221364e7], [2.37, 2.244530321470412e7], [2.379, 2.274724691806619e7], [2.386, 2.304919062142825e7], [2.395, 2.335113432479032e7]]"
y_pb,[[-0.0 0.0 -0.0 -0.0 -0.0 -0.0 -0.0 -0.0 -0.0 -0.0 -0.0 -0.0 -0.0 -0.0 -0.0; -0.0 -0.0 -0.0 28.0 28.0 -0.0 -0.0 -0.0 -0.0 -0.0 -0.0 -0.0 -0.0 -0.0 -0.0; -0.0 -0.0 -0.0 -0.0 -0.0 -0.0 -0.0 2.000000000000007 -0.0 -0.0 -0.0 -0.0 -0.0 -0.0 -0.0; -0.0 -0.0 -0.0 -0.0 -0.0 -0.0 -0.0 -0.0 -0.0 -0.0 21.0 -0.0 -0.0 -0.0 -0.0; -0.0 -0.0 -0.0 -0.0 -0.0 -0.0 -0.0 -0.0 -0.0 -0.0 0.0 -0.0 -0.0 -0.0 -0.0; -0.0 -0.0 -0.0 -0.0 -0.0 -0.0 -0.0 -0.0 -0.0 -0.0 0.0 -0.0 -0.0 -0.0 -0.0;;;]]
x_bb,"[0.0, 56.0, 2.0, 21.0, 0.0, 0.0]"
x_box,"[0.0, 56.0, 2.0, 21.0, 0.0, 0.0]"
evol_zeta,"[[1.843, 32.0], [2.298, 27.42857142857143], [2.306, 21.0], [2.316, 10.0], [2.326, 9.000000000000057], [2.338, 7.166666666666668], [2.349, 6.199999999999999], [2.36, 4.0], [2.368, 3.25], [2.377, 3.0], [2.384, 3.0], [2.393, 2.5], [2.405, 0.0]]"
ξ_box,[32.0; 29.0; 29.0; 28.0; 28.0; 20.0; 11.0; 15.0; 20.0; 21.0; 21.0; 21.0; 15.0; 13.0; 8.0;;]
