first,second
s_box,[20.0; 0.0; 0.0; 17.0; 4.0; 15.0; 18.0; 19.0; 6.0; 8.0; 14.0; 21.0; 29.0; 0.0; 34.0;;]
x_pb,"[33.0, -0.0, 7.0, -0.0, -0.0, 31.0]"
s_bb,[20.0; 0.0; 0.0; 17.0; 4.0; 15.0; 18.0; 19.0; 6.0; 8.0; 14.0; 21.0; 29.0; 0.0; 34.0;;]
partition_bb,"[[[0.0, 0.0, 0.0, 0.0, 0.0, 0.0, 0.0, 0.0, 0.0, 0.0, 0.0, 4.0, 7.0, 28.0, 34.0], [0.0, 0.0, 0.0, 0.0, 0.0, 0.0, 0.0, 0.0, 0.0, 5.0, 11.0, 18.0, 29.0, 8.0, 2.0], [20.0, 15.0, 10.0, 8.0, 4.0, 0.0, 0.0, 0.0, 10.0, 5.0, 0.0, 0.0, 0.0, 0.0, 0.0], [0.0, 0.0, 2.0, 0.0, 4.0, 13.0, 15.0, 19.0, 4.0, 8.0, 2.0, 0.0, 0.0, 0.0, 4.0], [5.0, 10.0, 15.0, 17.0, 4.0, 6.0, 9.0, 5.0, 0.0, 0.0, 0.0, 0.0, 0.0, 0.0, 0.0], [0.0, 0.0, 0.0, 0.0, 4.0, 0.0, 0.0, 0.0, 13.0, 8.0, 14.0, 21.0, 10.0, 0.0, 1.0], [8.0, 13.0, 18.0, 16.0, 4.0, 0.0, 0.0, 0.0, 0.0, 5.0, 0.0, 0.0, 0.0, 0.0, 0.0], [0.0, 0.0, 0.0, 0.0, 4.0, 15.0, 18.0, 14.0, 3.0, 8.0, 2.0, 0.0, 0.0, 1.0, 7.0], [0.0, 0.0, 0.0, 0.0, 0.0, 0.0, 0.0, 0.0, 0.0, 0.0, 0.0, 7.0, 10.0, 31.0, 25.0]]]"
y_box,[0.0 15.0 18.0 0.0 0.0 -0.0 -0.0 -0.0 -0.0 -0.0 -0.0 -0.0 -0.0 -0.0 -0.0; -0.0 -0.0 -0.0 -0.0 -0.0 0.0 -0.0 -0.0 -0.0 -0.0 -0.0 -0.0 -0.0 -0.0 -0.0; -0.0 -0.0 -0.0 -0.0 -0.0 -0.0 0.0 0.0 7.0 0.0 -0.0 -0.0 -0.0 -0.0 -0.0; -0.0 -0.0 -0.0 -0.0 -0.0 -0.0 -0.0 -0.0 -0.0 -0.0 -0.0 -0.0 -0.0 -0.0 -0.0; -0.0 -0.0 -0.0 -0.0 -0.0 -0.0 -0.0 -0.0 -0.0 -0.0 -0.0 0.0 0.0 -0.0 -0.0; -0.0 -0.0 -0.0 -0.0 -0.0 -0.0 -0.0 -0.0 -0.0 -0.0 -0.0 -0.0 -0.0 31.0 0.0;;;]
evol_bb,"[[0.341, 2.275903793307741e7]]"
y_bb,[0.0 15.0 18.0 0.0 0.0 -0.0 -0.0 -0.0 -0.0 -0.0 -0.0 -0.0 -0.0 -0.0 -0.0; -0.0 -0.0 -0.0 -0.0 -0.0 0.0 -0.0 -0.0 -0.0 -0.0 -0.0 -0.0 -0.0 -0.0 -0.0; -0.0 -0.0 -0.0 -0.0 -0.0 -0.0 0.0 0.0 7.0 0.0 -0.0 -0.0 -0.0 -0.0 -0.0; -0.0 -0.0 -0.0 -0.0 -0.0 -0.0 -0.0 -0.0 -0.0 -0.0 -0.0 -0.0 -0.0 -0.0 -0.0; -0.0 -0.0 -0.0 -0.0 -0.0 -0.0 -0.0 -0.0 -0.0 -0.0 -0.0 0.0 0.0 -0.0 -0.0; -0.0 -0.0 -0.0 -0.0 -0.0 -0.0 -0.0 -0.0 -0.0 -0.0 -0.0 -0.0 -0.0 31.0 0.0;;;]
evol_box,"[[0.542, 0.0], [2.359, 222708.70562457168], [2.456, 5.995458026396137e6], [2.463, 1.2323360152230838e7], [2.47, 1.8429350490631487e7], [2.477, 1.9761561539750874e7], [2.483, 2.131580725100947e7], [2.491, 2.164886130067709e7], [2.498, 2.198191535034471e7], [2.505, 2.2314967204215184e7], [2.535, 2.2648019916521534e7], [2.543, 2.275903793307741e7]]"
y_pb,[[-0.0 15.0 18.0 -0.0 -0.0 -0.0 -0.0 -0.0 -0.0 -0.0 -0.0 -0.0 -0.0 -0.0 -0.0; -0.0 -0.0 -0.0 -0.0 -0.0 -0.0 0.0 -0.0 -0.0 -0.0 -0.0 -0.0 -0.0 -0.0 -0.0; -0.0 -0.0 -0.0 -0.0 -0.0 -0.0 -0.0 -0.0 7.0 -0.0 -0.0 -0.0 -0.0 -0.0 -0.0; -0.0 -0.0 -0.0 -0.0 -0.0 -0.0 -0.0 -0.0 -0.0 -0.0 0.0 -0.0 -0.0 -0.0 -0.0; -0.0 -0.0 -0.0 -0.0 -0.0 -0.0 -0.0 -0.0 -0.0 -0.0 -0.0 0.0 -0.0 -0.0 -0.0; -0.0 -0.0 -0.0 -0.0 -0.0 -0.0 -0.0 -0.0 -0.0 -0.0 -0.0 -0.0 -0.0 31.0 -0.0;;;]]
x_bb,"[33.0, 0.0, 7.0, 0.0, 0.0, 31.0]"
x_box,"[33.0, 0.0, 7.0, 0.0, 0.0, 31.0]"
evol_zeta,"[[1.923, 33.5], [2.454, 21.666666666666668], [2.461, 20.0], [2.468, 19.0], [2.475, 9.0], [2.482, 9.0], [2.489, 3.0], [2.496, 3.0], [2.503, 3.0], [2.534, 2.5], [2.541, 0.9999999999999929], [2.556, 0.0]]"
ξ_box,[20.0; 15.0; 18.0; 17.0; 4.0; 15.0; 18.0; 19.0; 13.0; 8.0; 14.0; 21.0; 29.0; 31.0; 34.0;;]
