first,second
s_box,[1.0; 9.0; 10.0; 34.0; 30.0; 30.0; 29.0; 0.0; 0.0; 23.0; 23.0; 25.0; 23.0; 0.0; 27.0;;]
x_pb,"[0.0, -0.0, 27.999999999999996, 26.0, -0.0, 26.000000000000004]"
s_bb,[1.0; 9.0; 10.0; 34.0; 30.0; 30.0; 29.0; 0.0; 0.0; 23.0; 23.0; 25.0; 23.0; 0.0; 27.0;;]
partition_bb,"[[[1.0, 9.0, 10.0, 34.0, 17.0, 8.0, 1.0, 0.0, 0.0, 0.0, 0.0, 0.0, 0.0, 0.0, 0.0], [0.0, 0.0, 0.0, 0.0, 7.0, 12.0, 18.0, 28.0, 11.0, 4.0, 1.0, 0.0, 0.0, 0.0, 0.0], [0.0, 0.0, 0.0, 0.0, 0.0, 0.0, 0.0, 0.0, 1.0, 4.0, 5.0, 5.0, 17.0, 26.0, 27.0], [0.0, 0.0, 0.0, 0.0, 0.0, 0.0, 0.0, 0.0, 8.0, 15.0, 18.0, 25.0, 13.0, 4.0, 3.0], [0.0, 0.0, 0.0, 0.0, 21.0, 30.0, 15.0, 14.0, 0.0, 0.0, 0.0, 0.0, 0.0, 0.0, 0.0], [0.0, 0.0, 0.0, 0.0, 0.0, 0.0, 2.0, 9.0, 26.0, 19.0, 16.0, 9.0, 5.0, 1.0, 0.0], [0.0, 0.0, 0.0, 0.0, 13.0, 14.0, 29.0, 19.0, 5.0, 4.0, 1.0, 0.0, 0.0, 0.0, 0.0], [0.0, 0.0, 0.0, 8.0, 30.0, 21.0, 14.0, 9.0, 0.0, 0.0, 0.0, 0.0, 0.0, 0.0, 0.0], [0.0, 0.0, 0.0, 0.0, 0.0, 0.0, 0.0, 0.0, 2.0, 9.0, 11.0, 11.0, 23.0, 14.0, 13.0], [0.0, 0.0, 0.0, 0.0, 0.0, 0.0, 0.0, 0.0, 13.0, 20.0, 23.0, 16.0, 11.0, 2.0, 1.0], [0.0, 0.0, 0.0, 0.0, 0.0, 0.0, 0.0, 0.0, 16.0, 23.0, 20.0, 13.0, 9.0, 1.0, 0.0]]]"
y_box,[0.0 0.0 0.0 0.0 -0.0 -0.0 -0.0 -0.0 -0.0 -0.0 -0.0 -0.0 -0.0 -0.0 -0.0; -0.0 -0.0 -0.0 -0.0 0.0 0.0 0.0 -0.0 -0.0 -0.0 -0.0 -0.0 -0.0 -0.0 -0.0; -0.0 -0.0 -0.0 -0.0 -0.0 -0.0 -0.0 28.0 -0.0 -0.0 -0.0 -0.0 -0.0 -0.0 -0.0; -0.0 -0.0 -0.0 -0.0 -0.0 -0.0 -0.0 -0.0 26.0 -0.0 -0.0 -0.0 -0.0 -0.0 -0.0; -0.0 -0.0 -0.0 -0.0 -0.0 -0.0 -0.0 -0.0 -0.0 0.0 0.0 0.0 -0.0 -0.0 -0.0; -0.0 -0.0 -0.0 -0.0 -0.0 -0.0 -0.0 -0.0 -0.0 -0.0 -0.0 -0.0 0.0 26.0 0.0;;;]
evol_bb,"[[0.44, 3.379328639377667e7]]"
y_bb,[0.0 0.0 0.0 0.0 -0.0 -0.0 -0.0 -0.0 -0.0 -0.0 -0.0 -0.0 -0.0 -0.0 -0.0; -0.0 -0.0 -0.0 -0.0 0.0 0.0 0.0 -0.0 -0.0 -0.0 -0.0 -0.0 -0.0 -0.0 -0.0; -0.0 -0.0 -0.0 -0.0 -0.0 -0.0 -0.0 28.0 -0.0 -0.0 -0.0 -0.0 -0.0 -0.0 -0.0; -0.0 -0.0 -0.0 -0.0 -0.0 -0.0 -0.0 -0.0 26.0 -0.0 -0.0 -0.0 -0.0 -0.0 -0.0; -0.0 -0.0 -0.0 -0.0 -0.0 -0.0 -0.0 -0.0 -0.0 0.0 0.0 0.0 -0.0 -0.0 -0.0; -0.0 -0.0 -0.0 -0.0 -0.0 -0.0 -0.0 -0.0 -0.0 -0.0 -0.0 -0.0 0.0 26.0 0.0;;;]
evol_box,"[[0.458, 0.0], [2.11, 1182.8083921183825], [2.201, 8.320726205189829e6], [2.213, 1.8432830649699204e7], [2.25, 2.406500252207668e7], [2.262, 2.6881088458265416e7], [2.273, 2.9313149677112773e7], [2.286, 3.072119264520714e7], [2.295, 3.1873227800920714e7], [2.303, 3.2641251238063097e7], [2.312, 3.3409274675205484e7], [2.321, 3.379328639377667e7]]"
y_pb,[[-0.0 -0.0 -0.0 -0.0 -0.0 -0.0 -0.0 -0.0 -0.0 -0.0 -0.0 -0.0 -0.0 -0.0 -0.0; -0.0 -0.0 -0.0 -0.0 -0.0 -0.0 0.0 -0.0 -0.0 -0.0 -0.0 -0.0 -0.0 -0.0 -0.0; -0.0 -0.0 -0.0 -0.0 -0.0 -0.0 -0.0 28.0 -0.0 -0.0 -0.0 -0.0 -0.0 -0.0 -0.0; -0.0 -0.0 -0.0 -0.0 -0.0 -0.0 -0.0 -0.0 26.0 -0.0 -0.0 -0.0 -0.0 -0.0 -0.0; -0.0 -0.0 -0.0 -0.0 -0.0 -0.0 -0.0 -0.0 -0.0 -0.0 0.0 -0.0 -0.0 -0.0 -0.0; -0.0 -0.0 -0.0 -0.0 -0.0 -0.0 -0.0 -0.0 -0.0 -0.0 -0.0 -0.0 -0.0 26.0 0.0;;;]]
x_bb,"[0.0, 0.0, 28.0, 26.0, 0.0, 26.0]"
x_box,"[0.0, 0.0, 28.0, 26.0, 0.0, 26.0]"
evol_zeta,"[[1.748, 34.0], [2.2, 27.857142857142858], [2.212, 26.28571428571429], [2.248, 19.142857142857142], [2.26, 18.0], [2.271, 14.125], [2.284, 10.285714285714288], [2.293, 8.600000000000001], [2.301, 5.571428571428575], [2.31, 4.142857142857139], [2.319, 2.6666666666666985], [2.331, 0.0]]"
ξ_box,[1.0; 9.0; 10.0; 34.0; 30.0; 30.0; 29.0; 28.0; 26.0; 23.0; 23.0; 25.0; 23.0; 26.0; 27.0;;]
