first,second
s_box,[0.0; 0.0; 0.0; 0.0; 13.0; 0.0; 0.0; 1.0; 5.0; 15.0; 25.0; 27.0; 27.0; 32.0; 39.0;;]
x_pb,"[58.0, -0.0, -0.0, 25.0, -0.0, -0.0]"
s_bb,[0.0; 0.0; 0.0; 0.0; 13.0; 0.0; 0.0; 1.0; 5.0; 15.0; 25.0; 27.0; 27.0; 32.0; 39.0;;]
partition_bb,"[[[0.0, 0.0, 0.0, 0.0, 0.0, 0.0, 0.0, 0.0, 0.0, 0.0, 1.0, 7.0, 12.0, 27.0, 39.0], [5.0, 8.0, 19.0, 26.0, 7.0, 9.0, 3.0, 1.0, 5.0, 0.0, 0.0, 0.0, 0.0, 0.0, 0.0], [0.0, 0.0, 0.0, 0.0, 0.0, 0.0, 3.0, 1.0, 5.0, 15.0, 25.0, 16.0, 17.0, 2.0, 0.0], [0.0, 0.0, 0.0, 0.0, 0.0, 0.0, 0.0, 0.0, 1.0, 11.0, 18.0, 27.0, 22.0, 7.0, 0.0], [0.0, 0.0, 14.0, 7.0, 16.0, 14.0, 8.0, 1.0, 5.0, 0.0, 0.0, 0.0, 0.0, 0.0, 0.0], [0.0, 0.0, 0.0, 0.0, 0.0, 0.0, 0.0, 0.0, 0.0, 6.0, 16.0, 22.0, 27.0, 12.0, 0.0], [0.0, 0.0, 0.0, 0.0, 0.0, 0.0, 0.0, 0.0, 0.0, 0.0, 6.0, 12.0, 17.0, 32.0, 20.0]]]"
y_box,[5.0 8.0 19.0 26.0 -0.0 -0.0 -0.0 -0.0 -0.0 -0.0 -0.0 -0.0 -0.0 -0.0 -0.0; -0.0 -0.0 -0.0 -0.0 -0.0 -0.0 -0.0 -0.0 -0.0 -0.0 -0.0 -0.0 -0.0 -0.0 -0.0; -0.0 -0.0 -0.0 -0.0 -0.0 -0.0 -0.0 -0.0 -0.0 -0.0 -0.0 -0.0 -0.0 -0.0 -0.0; -0.0 -0.0 -0.0 -0.0 3.0 14.0 8.0 0.0 0.0 -0.0 -0.0 -0.0 -0.0 -0.0 -0.0; -0.0 -0.0 -0.0 -0.0 -0.0 -0.0 -0.0 -0.0 -0.0 -0.0 -0.0 -0.0 -0.0 -0.0 -0.0; -0.0 -0.0 -0.0 -0.0 -0.0 -0.0 -0.0 -0.0 -0.0 0.0 0.0 0.0 0.0 0.0 0.0;;;]
evol_bb,"[[0.279, 2.134083837716128e7]]"
y_bb,[5.0 8.0 19.0 26.0 -0.0 -0.0 -0.0 -0.0 -0.0 -0.0 -0.0 -0.0 -0.0 -0.0 -0.0; -0.0 -0.0 -0.0 -0.0 -0.0 -0.0 -0.0 -0.0 -0.0 -0.0 -0.0 -0.0 -0.0 -0.0 -0.0; -0.0 -0.0 -0.0 -0.0 -0.0 -0.0 -0.0 -0.0 -0.0 -0.0 -0.0 -0.0 -0.0 -0.0 -0.0; -0.0 -0.0 -0.0 -0.0 3.0 14.0 8.0 0.0 -0.0 -0.0 -0.0 -0.0 -0.0 -0.0 -0.0; -0.0 -0.0 -0.0 -0.0 -0.0 -0.0 -0.0 -0.0 -0.0 -0.0 -0.0 -0.0 -0.0 -0.0 -0.0; -0.0 -0.0 -0.0 -0.0 -0.0 -0.0 -0.0 -0.0 0.0 0.0 0.0 0.0 0.0 0.0 0.0;;;]
evol_box,"[[0.367, 0.0], [1.81, 352456.07054055296], [1.88, 9.74361003465821e6], [1.884, 1.5658239857334636e7], [1.89, 1.786174842323584e7], [1.896, 1.9253382434871282e7], [1.905, 2.018109702668696e7], [1.911, 2.0760967701924123e7], [1.918, 2.134083837716128e7]]"
y_pb,[[5.0 8.0 19.0 26.0 -0.0 -0.0 -0.0 -0.0 -0.0 -0.0 -0.0 -0.0 -0.0 -0.0 -0.0; -0.0 -0.0 -0.0 0.0 -0.0 -0.0 -0.0 -0.0 -0.0 -0.0 -0.0 -0.0 -0.0 -0.0 -0.0; -0.0 -0.0 -0.0 -0.0 0.0 -0.0 -0.0 -0.0 -0.0 -0.0 -0.0 -0.0 -0.0 -0.0 -0.0; -0.0 -0.0 -0.0 -0.0 3.0 14.0 8.0 -0.0 -0.0 -0.0 -0.0 -0.0 -0.0 -0.0 -0.0; -0.0 -0.0 -0.0 -0.0 -0.0 -0.0 -0.0 0.0 -0.0 -0.0 -0.0 -0.0 -0.0 -0.0 -0.0; -0.0 -0.0 -0.0 -0.0 -0.0 -0.0 -0.0 -0.0 -0.0 -0.0 0.0 -0.0 -0.0 -0.0 -0.0;;;]]
x_bb,"[58.0, 0.0, 0.0, 25.0, 0.0, 0.0]"
x_box,"[58.0, 0.0, 0.0, 25.0, 0.0, 0.0]"
evol_zeta,"[[1.495, 38.4], [1.878, 26.0], [1.883, 24.0], [1.889, 13.0], [1.895, 9.0], [1.903, 6.0], [1.909, 4.5], [1.916, 4.199999999999999], [1.925, 0.0]]"
ξ_box,[5.0; 8.0; 19.0; 26.0; 16.0; 14.0; 8.0; 1.0; 5.0; 15.0; 25.0; 27.0; 27.0; 32.0; 39.0;;]
