first,second
s_box,[4.0; 25.0; 25.0; 27.0; 33.0; 30.0; 0.0; 0.0; 15.0; 14.0; 0.0; 21.0; 29.0; 30.0; 33.0;;]
x_pb,"[25.0, -0.0, -0.0, 52.0, 6.999999999999999, -0.0]"
s_bb,[4.0; 25.0; 25.0; 27.0; 33.0; 30.0; 0.0; 0.0; 15.0; 14.0; 0.0; 21.0; 29.0; 30.0; 33.0;;]
partition_bb,"[[[0.0, 0.0, 0.0, 0.0, 0.0, 0.0, 0.0, 0.0, 0.0, 0.0, 0.0, 8.0, 18.0, 25.0, 33.0], [0.0, 1.0, 4.0, 4.0, 33.0, 19.0, 13.0, 10.0, 3.0, 0.0, 0.0, 0.0, 0.0, 0.0, 0.0], [29.0, 21.0, 20.0, 16.0, 0.0, 0.0, 0.0, 0.0, 0.0, 0.0, 0.0, 0.0, 0.0, 0.0, 0.0], [0.0, 0.0, 0.0, 0.0, 3.0, 6.0, 23.0, 26.0, 13.0, 10.0, 7.0, 0.0, 0.0, 0.0, 0.0], [0.0, 0.0, 0.0, 0.0, 0.0, 0.0, 16.0, 19.0, 6.0, 4.0, 7.0, 21.0, 9.0, 4.0, 0.0], [0.0, 0.0, 0.0, 0.0, 0.0, 0.0, 0.0, 0.0, 0.0, 0.0, 3.0, 17.0, 29.0, 21.0, 14.0], [14.0, 22.0, 23.0, 27.0, 0.0, 0.0, 0.0, 0.0, 0.0, 0.0, 0.0, 0.0, 0.0, 0.0, 0.0], [0.0, 0.0, 0.0, 0.0, 16.0, 30.0, 13.0, 10.0, 10.0, 9.0, 2.0, 0.0, 0.0, 0.0, 0.0], [0.0, 0.0, 0.0, 0.0, 0.0, 0.0, 0.0, 0.0, 0.0, 0.0, 0.0, 13.0, 22.0, 30.0, 22.0], [0.0, 6.0, 9.0, 5.0, 0.0, 0.0, 14.0, 11.0, 11.0, 14.0, 7.0, 0.0, 0.0, 8.0, 0.0], [17.0, 25.0, 22.0, 20.0, 0.0, 0.0, 0.0, 0.0, 0.0, 0.0, 0.0, 0.0, 0.0, 0.0, 0.0], [0.0, 0.0, 0.0, 0.0, 6.0, 9.0, 26.0, 23.0, 11.0, 8.0, 5.0, 0.0, 0.0, 0.0, 0.0], [16.0, 8.0, 11.0, 13.0, 0.0, 0.0, 0.0, 2.0, 15.0, 12.0, 7.0, 0.0, 0.0, 0.0, 0.0], [16.0, 22.0, 25.0, 21.0, 0.0, 0.0, 0.0, 0.0, 0.0, 0.0, 0.0, 0.0, 0.0, 0.0, 0.0]]]"
y_box,[25.0 0.0 0.0 0.0 -0.0 -0.0 -0.0 -0.0 -0.0 -0.0 -0.0 -0.0 -0.0 -0.0 -0.0; -0.0 -0.0 -0.0 -0.0 0.0 -0.0 -0.0 -0.0 -0.0 -0.0 -0.0 -0.0 -0.0 -0.0 -0.0; -0.0 -0.0 -0.0 -0.0 -0.0 -0.0 -0.0 -0.0 -0.0 -0.0 -0.0 -0.0 -0.0 -0.0 -0.0; -0.0 -0.0 -0.0 -0.0 -0.0 0.0 26.0 26.0 -0.0 -0.0 -0.0 -0.0 -0.0 -0.0 -0.0; -0.0 -0.0 -0.0 -0.0 -0.0 -0.0 -0.0 -0.0 0.0 0.0 7.0 -0.0 -0.0 -0.0 -0.0; -0.0 -0.0 -0.0 -0.0 -0.0 -0.0 -0.0 -0.0 -0.0 -0.0 -0.0 0.0 0.0 0.0 0.0;;;]
evol_bb,"[[0.37, 3.444086816692806e7]]"
y_bb,[25.0 0.0 0.0 0.0 -0.0 -0.0 -0.0 -0.0 -0.0 -0.0 -0.0 -0.0 -0.0 -0.0 -0.0; -0.0 -0.0 -0.0 -0.0 0.0 -0.0 -0.0 -0.0 -0.0 -0.0 -0.0 -0.0 -0.0 -0.0 -0.0; -0.0 -0.0 -0.0 -0.0 -0.0 -0.0 -0.0 -0.0 -0.0 -0.0 -0.0 -0.0 -0.0 -0.0 -0.0; -0.0 -0.0 -0.0 -0.0 -0.0 0.0 26.0 26.0 -0.0 -0.0 -0.0 -0.0 -0.0 -0.0 -0.0; -0.0 -0.0 -0.0 -0.0 -0.0 -0.0 -0.0 -0.0 0.0 0.0 7.0 -0.0 -0.0 -0.0 -0.0; -0.0 -0.0 -0.0 -0.0 -0.0 -0.0 -0.0 -0.0 -0.0 -0.0 -0.0 0.0 0.0 0.0 0.0;;;]
evol_box,"[[0.434, 0.0], [1.868, 2091.1508765903445], [1.94, 1.0477911119422141e7], [1.95, 1.9749760671103436e7], [1.96, 2.6131887018775113e7], [1.97, 2.7697348292649366e7], [1.98, 2.9021969370542966e7], [1.99, 3.0828270840397872e7], [1.997, 3.2152891918291472e7], [2.008, 3.2754992408243105e7], [2.019, 3.3236672800204415e7], [2.026, 3.35979330941754e7], [2.034, 3.395918777496675e7], [2.044, 3.420002797094741e7], [2.051, 3.444086816692806e7]]"
y_pb,[[25.0 -0.0 -0.0 -0.0 -0.0 -0.0 -0.0 -0.0 -0.0 -0.0 -0.0 -0.0 -0.0 -0.0 -0.0; -0.0 -0.0 0.0 -0.0 -0.0 -0.0 -0.0 -0.0 -0.0 -0.0 -0.0 -0.0 -0.0 -0.0 -0.0; -0.0 -0.0 -0.0 -0.0 0.0 -0.0 -0.0 -0.0 -0.0 -0.0 -0.0 -0.0 -0.0 -0.0 -0.0; -0.0 -0.0 -0.0 -0.0 -0.0 -0.0 26.0 26.0 -0.0 -0.0 -0.0 -0.0 -0.0 -0.0 -0.0; -0.0 -0.0 -0.0 -0.0 -0.0 -0.0 -0.0 -0.0 -0.0 -0.0 7.0 -0.0 -0.0 -0.0 -0.0; -0.0 -0.0 -0.0 -0.0 -0.0 -0.0 -0.0 -0.0 -0.0 -0.0 -0.0 0.0 -0.0 -0.0 -0.0;;;]]
x_bb,"[25.0, 0.0, 0.0, 52.0, 7.0, 0.0]"
x_box,"[25.0, 0.0, 0.0, 52.0, 7.0, 0.0]"
evol_zeta,"[[1.559, 33.0], [1.938, 32.625], [1.948, 28.5], [1.959, 15.42857142857143], [1.969, 13.0], [1.979, 11.0], [1.988, 10.5], [1.996, 10.142857142857139], [2.006, 4.25], [2.018, 4.0], [2.024, 3.0], [2.033, 2.4285714285714306], [2.042, 2.0], [2.05, 2.0], [2.054, 0.0]]"
ξ_box,[29.0; 25.0; 25.0; 27.0; 33.0; 30.0; 26.0; 26.0; 15.0; 14.0; 7.0; 21.0; 29.0; 30.0; 33.0;;]
