first,second
s_box,[0.0; 0.0; 26.0; 28.0; 23.0; 22.0; 22.0; 23.0; 24.0; 12.0;;]
x_pb,"[49.0, 0.0, -0.0, -0.0]"
s_bb,[0.0; 0.0; 26.0; 28.0; 23.0; 22.0; 22.0; 23.0; 24.0; 12.0;;]
partition_bb,"[[[0.0, 0.0, 3.0, 28.0, 16.0, 5.0, 0.0, 0.0, 0.0, 0.0], [25.0, 20.0, 6.0, 0.0, 0.0, 0.0, 0.0, 0.0, 0.0, 0.0], [5.0, 0.0, 0.0, 0.0, 0.0, 0.0, 0.0, 8.0, 24.0, 12.0], [0.0, 0.0, 0.0, 0.0, 4.0, 15.0, 22.0, 10.0, 0.0, 0.0], [8.0, 12.0, 27.0, 2.0, 0.0, 0.0, 0.0, 0.0, 0.0, 0.0], [0.0, 0.0, 0.0, 0.0, 0.0, 4.0, 11.0, 23.0, 7.0, 6.0], [0.0, 0.0, 0.0, 0.0, 11.0, 22.0, 15.0, 3.0, 0.0, 0.0], [0.0, 0.0, 0.0, 11.0, 23.0, 12.0, 5.0, 0.0, 0.0, 0.0], [18.0, 23.0, 8.0, 0.0, 0.0, 0.0, 0.0, 0.0, 0.0, 0.0]]]"
y_box,[25.0 23.0 1.0 -0.0 -0.0 -0.0 -0.0 -0.0 -0.0 -0.0; -0.0 -0.0 -0.0 0.0 -0.0 -0.0 -0.0 -0.0 -0.0 -0.0; -0.0 -0.0 -0.0 -0.0 0.0 0.0 0.0 -0.0 -0.0 -0.0; -0.0 -0.0 -0.0 -0.0 -0.0 -0.0 -0.0 0.0 0.0 0.0;;;]
evol_bb,"[[0.342, 2.095016966515011e7]]"
y_bb,[25.0 23.0 1.0 -0.0 -0.0 -0.0 -0.0 -0.0 -0.0 -0.0; -0.0 -0.0 -0.0 0.0 -0.0 -0.0 -0.0 -0.0 -0.0 -0.0; -0.0 -0.0 -0.0 -0.0 0.0 0.0 0.0 -0.0 -0.0 -0.0; -0.0 -0.0 -0.0 -0.0 -0.0 -0.0 -0.0 0.0 0.0 0.0;;;]
evol_box,"[[0.488, 0.0], [2.477, 350209.8706775806], [2.565, 5.93622062986779e6], [2.572, 1.1057261149137288e7], [2.578, 1.5014428823118262e7], [2.584, 1.745856179822416e7], [2.59, 1.8971596497099236e7], [2.596, 1.9786307488801204e7], [2.601, 2.0601018480503164e7], [2.606, 2.095016966515011e7]]"
y_pb,[[24.999999999999996 23.0 1.0 -0.0 -0.0 -0.0 -0.0 -0.0 -0.0 -0.0; -0.0 -0.0 0.0 -0.0 -0.0 -0.0 -0.0 -0.0 -0.0 -0.0; -0.0 -0.0 -0.0 -0.0 -0.0 0.0 -0.0 -0.0 -0.0 -0.0; -0.0 -0.0 -0.0 -0.0 -0.0 -0.0 0.0 -0.0 -0.0 -0.0;;;]]
x_bb,"[49.0, 0.0, 0.0, 0.0]"
x_box,"[49.0, 0.0, 0.0, 0.0]"
evol_zeta,"[[2.018, 27.25], [2.564, 24.333333333333332], [2.571, 24.0], [2.576, 21.5], [2.583, 21.0], [2.589, 12.600000000000001], [2.595, 6.5], [2.599, 6.5], [2.605, 3.0000000000000284], [2.609, 0.0]]"
ξ_box,[25.0; 23.0; 27.0; 28.0; 23.0; 22.0; 22.0; 23.0; 24.0; 12.0;;]
