first,second
s_box,[31.0; 28.0; 29.0; 32.0; 36.0; 25.0; 29.0; 24.0; 0.0; 0.0;;]
x_pb,"[-0.0, 13.0, -0.0, 50.0]"
s_bb,[31.0; 28.0; 29.0; 32.0; 36.0; 25.0; 29.0; 24.0; 0.0; 0.0;;]
partition_bb,"[[[0.0, 0.0, 0.0, 0.0, 19.0, 38.0, 7.0, 0.0, 0.0, 0.0], [2.0, 8.0, 19.0, 32.0, 6.0, 0.0, 0.0, 0.0, 0.0, 0.0], [31.0, 25.0, 8.0, 1.0, 0.0, 0.0, 0.0, 0.0, 0.0, 0.0], [0.0, 0.0, 0.0, 0.0, 0.0, 0.0, 5.0, 13.0, 19.0, 26.0], [0.0, 0.0, 0.0, 0.0, 0.0, 0.0, 29.0, 17.0, 11.0, 8.0], [0.0, 0.0, 3.0, 10.0, 36.0, 17.0, 1.0, 0.0, 0.0, 0.0], [6.0, 12.0, 29.0, 16.0, 0.0, 0.0, 0.0, 0.0, 0.0, 0.0], [0.0, 0.0, 0.0, 0.0, 0.0, 0.0, 12.0, 24.0, 18.0, 11.0], [0.0, 0.0, 0.0, 0.0, 0.0, 0.0, 6.0, 18.0, 24.0, 17.0], [22.0, 28.0, 11.0, 4.0, 0.0, 0.0, 0.0, 0.0, 0.0, 0.0]]]"
y_box,[0.0 0.0 0.0 0.0 -0.0 -0.0 -0.0 -0.0 -0.0 -0.0; -0.0 -0.0 -0.0 -0.0 0.0 13.0 0.0 -0.0 -0.0 -0.0; -0.0 -0.0 -0.0 -0.0 -0.0 -0.0 -0.0 0.0 -0.0 -0.0; -0.0 -0.0 -0.0 -0.0 -0.0 -0.0 -0.0 -0.0 24.0 26.0;;;]
evol_bb,"[[0.29, 2.962301751604289e7]]"
y_bb,[0.0 0.0 0.0 0.0 -0.0 -0.0 -0.0 -0.0 -0.0 -0.0; -0.0 -0.0 -0.0 -0.0 0.0 13.0 0.0 -0.0 -0.0 -0.0; -0.0 -0.0 -0.0 -0.0 -0.0 -0.0 -0.0 0.0 -0.0 -0.0; -0.0 -0.0 -0.0 -0.0 -0.0 -0.0 -0.0 -0.0 24.0 26.0;;;]
evol_box,"[[0.389, 0.0], [1.955, 127797.68077970571], [2.036, 7.849780910494724e6], [2.043, 1.3672915805033918e7], [2.049, 2.1014914579450224e7], [2.055, 2.4306251693754986e7], [2.062, 2.6458279806954253e7], [2.076, 2.772417869707147e7], [2.081, 2.861030792015352e7], [2.085, 2.9243247849007726e7], [2.099, 2.962301751604289e7]]"
y_pb,[[-0.0 -0.0 -0.0 0.0 -0.0 -0.0 -0.0 -0.0 -0.0 -0.0; -0.0 -0.0 -0.0 -0.0 -0.0 13.0 -0.0 -0.0 -0.0 -0.0; -0.0 -0.0 -0.0 -0.0 -0.0 -0.0 -0.0 -0.0 0.0 -0.0; -0.0 -0.0 -0.0 -0.0 -0.0 -0.0 -0.0 -0.0 24.0 26.0;;;]]
x_bb,"[0.0, 13.0, 0.0, 50.0]"
x_box,"[0.0, 13.0, 0.0, 50.0]"
evol_zeta,"[[1.597, 37.666666666666664], [2.035, 31.2], [2.042, 28.5], [2.048, 26.0], [2.054, 21.5], [2.061, 16.200000000000003], [2.075, 10.0], [2.08, 6.4999999999999964], [2.084, 4.5], [2.098, 2.500000000000001], [2.105, 0.0]]"
ξ_box,[31.0; 28.0; 29.0; 32.0; 36.0; 38.0; 29.0; 24.0; 24.0; 26.0;;]
