first,second
s_box,[9.0 21.0 11.000006704342518; 8.0 17.0 10.0; -0.0 -0.0 6.0; 4.0 6.0 3.0; -0.0 -0.0 0.0; -0.0 -0.0 0.0; 6.0 6.0 6.0; 9.0 14.0 5.0; 26.0 12.999993288990824 18.0; 15.0 -0.0 17.0]
x_pb,"[4.0, -0.0, 30.0, -0.0]"
s_bb,[21.0 -0.0 -0.0; 17.0 -0.0 -0.0; 6.0 -0.0 -0.0; 6.0 -0.0 -0.0; 10.0 -0.0 -0.0; 2.0 -0.0 -0.0; 6.0 -0.0 -0.0; 20.0 -0.0 -0.0; 26.0 -0.0 -0.0; -0.0 -0.0 -0.0]
partition_bb,"[[[0.0, 0.0, 0.0, 0.0, 0.0, 0.0, 0.0, 0.0, 4.0, 30.0], [0.0, 0.0, 0.0, 0.0, 0.0, 0.0, 0.0, 9.0, 26.0, 0.0], [21.0, 14.0, 0.0, 0.0, 0.0, 0.0, 0.0, 0.0, 0.0, 0.0], [0.0, 0.0, 0.0, 0.0, 14.0, 2.0, 0.0, 14.0, 0.0, 4.0], [0.0, 0.0, 6.0, 6.0, 0.0, 2.0, 6.0, 0.0, 0.0, 14.0], [0.0, 0.0, 6.0, -0.0, 0.0, 2.0, 4.0, 20.0, 3.0, 0.0], [10.0, 17.0, 0.0, 0.0, 0.0, 0.0, 0.0, 0.0, 0.0, 7.0]], [[0.0, 0.0, 0.0, 0.0, 14.0, 2.0, 4.0, 0.0, 0.0, 14.0]], [[0.0, 0.0, 0.0, 0.0, 0.0, 2.0, 6.0, 20.0, 3.0, 0.0]]]"
y_box,[-0.0 -0.0 6.0 2.0 9.0 2.0 0.0 -0.0 -0.0 -0.0; -0.0 -0.0 -0.0 -0.0 -0.0 -0.0 -0.0 0.0 -0.0 -0.0; -0.0 -0.0 -0.0 -0.0 -0.0 -0.0 -0.0 -0.0 -0.0 15.0; -0.0 -0.0 -0.0 -0.0 -0.0 -0.0 -0.0 -0.0 -0.0 -0.0;;; -0.0 -0.0 6.0 -0.0 11.0 2.0 -0.0 -0.0 -0.0 -0.0; -0.0 -0.0 -0.0 -0.0 -0.0 -0.0 -0.0 0.0 -0.0 -0.0; -0.0 -0.0 -0.0 -0.0 -0.0 -0.0 -0.0 -0.0 1.0 14.0; -0.0 -0.0 -0.0 -0.0 -0.0 -0.0 -0.0 -0.0 -0.0 -0.0;;; -0.0 -0.0 -0.0 3.0 14.0 2.0 -0.0 -0.0 -0.0 -0.0; -0.0 -0.0 -0.0 -0.0 -0.0 -0.0 -0.0 0.0 -0.0 -0.0; -0.0 -0.0 -0.0 -0.0 -0.0 -0.0 -0.0 15.0 -0.0 0.0; -0.0 -0.0 -0.0 -0.0 -0.0 -0.0 -0.0 -0.0 -0.0 -0.0]
evol_bb,"[[4.062, 1.500166508560235e7], [12.828, 1.5001665085602349e7], [41.464, 1.5001665085602347e7]]"
y_bb,[0.0 -0.0 0.0 0.0 4.0 -0.0 -0.0 -0.0 -0.0 -0.0; -0.0 -0.0 -0.0 -0.0 -0.0 -0.0 -0.0 0.0 0.0 -0.0; -0.0 -0.0 -0.0 -0.0 -0.0 -0.0 -0.0 -0.0 -0.0 30.0; -0.0 -0.0 -0.0 -0.0 -0.0 -0.0 -0.0 -0.0 -0.0 0.0;;; -0.0 -0.0 -0.0 -0.0 4.0 -0.0 -0.0 -0.0 -0.0 -0.0; -0.0 -0.0 -0.0 -0.0 0.0 -0.0 0.0 -0.0 -0.0 -0.0; -0.0 -0.0 -0.0 -0.0 10.0 2.0 4.0 -0.0 -0.0 14.0; -0.0 -0.0 -0.0 -0.0 0.0 -0.0 -0.0 -0.0 -0.0 -0.0;;; -0.0 -0.0 -0.0 -0.0 -0.0 -0.0 -0.0 4.0 -0.0 -0.0; -0.0 -0.0 -0.0 -0.0 -0.0 -0.0 0.0 -0.0 -0.0 -0.0; -0.0 -0.0 -0.0 -0.0 -0.0 2.0 6.0 16.0 3.0 -0.0; -0.0 -0.0 -0.0 -0.0 -0.0 0.0 -0.0 -0.0 -0.0 -0.0]
evol_box,"[[0.421, 0.0], [2.085, 410.9364088019356], [2.181, 132464.17439339223], [2.212, 133236.34761451447], [2.258, 2.369027605805616e6], [2.299, 2.369027605805616e6], [2.369, 2.3690276058055796e6], [2.492, 3.9480821370738507e6], [2.604, 4.3428817037571315e6], [2.749, 4.474549786536923e6], [2.854, 4.474549786536922e6], [2.986, 5.000910833574388e6], [3.254, 5.2640136161345085e6], [3.436, 5.264015830118828e6], [3.643, 5.396064792082846e6], [3.883, 5.790452518504601e6], [4.121, 5.921973230263356e6], [4.542, 5.922288848328076e6], [4.84, 6.053633064898135e6], [5.637, 6.053716997303442e6], [5.978, 6.05389806533099e6], [6.422, 6.18511676499577e6], [6.942, 6.44829732781244e6], [8.191, 6.580036123887859e6], [9.401, 6.8431157611295525e6], [10.894, 6.8431157611295525e6], [12.645, 6.84318869281296e6], [15.222, 6.974778966009729e6], [16.737, 6.974873899136934e6], [18.188, 7.106248693796279e6], [20.458, 7.106248693796279e6], [24.275, 7.10624869379628e6], [28.881, 7.106317867842817e6], [34.109, 7.369429240189815e6], [40.855, 7.3697141846820675e6], [50.179, 7.501161346111922e6], [58.97, 7.632713355247031e6], [64.718, 7.76432169928585e6], [71.096, 8.159018493097231e6], [76.89, 8.159092518876133e6], [83.51, 8.422151425763957e6], [87.448, 8.422151425763957e6], [94.09, 8.422366904301379e6], [99.921, 8.422396472175006e6], [105.893, 8.553768906804617e6], [114.186, 8.685331972157493e6], [123.664, 8.816922245354261e6], [137.852, 8.816922245354261e6], [148.728, 8.948560132277839e6], [161.416, 8.948700136673955e6], [173.602, 9.080150405474607e6], [183.261, 9.08038042253922e6], [205.016, 9.211693064944565e6], [221.327, 9.211693064944565e6], [239.096, 9.211693064944565e6], [252.645, 9.211740678671375e6], [268.759, 9.211796633608244e6], [290.951, 9.211850444652183e6], [314.847, 9.343624560251389e6], [333.542, 9.47492122506491e6], [354.537, 9.475057737396099e6], [378.436, 9.606463884534867e6], [401.401, 9.60646388453487e6], [425.91, 9.606463884534867e6], [455.051, 9.60646388453487e6], [475.429, 9.606501894339733e6], [505.72, 9.606675988061301e6], [534.872, 9.606617232132314e6], [562.135, 9.606724317287263e6], [604.525, 9.738054157731635e6], [641.894, 9.738054157731637e6], [707.554, 9.738054157731637e6], [758.847, 9.738058157731635e6], [800.52, 9.738233867383534e6], [871.616, 9.738303238973463e6], [934.358, 9.738312394464295e6], [979.239, 9.869644430928405e6], [1028.23, 9.869644430928404e6], [1072.341, 9.869644430928405e6], [1124.133, 9.869644430928404e6], [1172.119, 9.869671638772296e6], [1225.99, 9.869678440733269e6], [1267.854, 9.869708044655215e6], [1372.888, 9.869712450538132e6], [1415.001, 9.869723521875827e6], [1479.596, 9.869828556986403e6], [1557.396, 9.869844673390808e6], [1627.387, 9.870001654925298e6], [1723.058, 1.000123470412517e7], [1798.359, 1.0001234704125172e7], [1904.36, 1.0001282317851981e7], [2012.628, 1.0001335129617818e7], [2116.913, 1.000133912961782e7], [2202.536, 1.0001339129617818e7], [2283.426, 1.000134927229321e7], [2374.555, 1.0001576631063525e7], [2460.946, 1.000158267367445e7], [2573.48, 1.013282497732194e7], [2667.242, 1.013282497732194e7], [2767.028, 1.013282497732194e7], [2840.578, 1.013282497732194e7], [2975.303, 1.0132824977321938e7], [3099.097, 1.0132932474152282e7], [3211.992, 1.0132936073058667e7], [3326.614, 1.013295034745095e7], [3435.629, 1.0132947006736532e7], [3589.007, 1.0132971951372895e7], [3600.032, 1.0132978941341776e7]]"
y_pb,[[-0.0 -0.0 -0.0 -0.0 4.0 -0.0 -0.0 -0.0 -0.0 -0.0; -0.0 -0.0 -0.0 -0.0 -0.0 -0.0 -0.0 0.0 -0.0 -0.0; -0.0 -0.0 -0.0 -0.0 -0.0 -0.0 -0.0 -0.0 -0.0 30.0; -0.0 -0.0 -0.0 -0.0 -0.0 -0.0 -0.0 -0.0 -0.0 0.0;;;]]
x_bb,"[4.0, 0.0, 30.0, 0.0]"
x_box,"[19.0, 0.0, 15.0, -0.0]"
evol_zeta,"[[1.703, 30.0], [2.174, 21.5], [2.197, 20.5], [2.229, 16.666666666666668], [2.273, 14.333333333333334], [2.308, 14.0], [2.392, 14.0], [2.512, 14.0], [2.616, 14.0], [2.756, 13.666666666666668], [2.864, 13.666666666666666], [3.001, 10.666666560832454], [3.271, 10.66666666783334], [3.441, 13.666666666666666], [3.661, 10.25], [3.894, 10.250000001125002], [4.131, 10.25], [4.554, 10.25], [4.846, 8.5], [5.646, 8.499999999999996], [5.988, 10.25], [6.43, 10.25], [6.958, 9.0], [8.2, 9.0], [9.409, 7.2], [10.903, 7.2], [12.669, 7.0], [15.232, 7.000004093635669], [16.754, 7.5], [18.204, 6.333333333333334], [20.466, 6.799999999999997], [24.309, 7.499999999999998], [28.924, 6.0], [34.143, 6.333333333333332], [40.89, 6.0], [50.217, 7.0], [58.99, 6.166666666666668], [64.732, 6.0], [71.105, 6.75], [76.9, 6.0], [83.526, 6.0], [87.473, 6.0], [94.098, 7.5], [99.928, 6.5], [105.902, 6.0], [114.2, 6.0], [123.669, 6.0], [137.883, 6.0], [148.747, 6.8], [161.425, 6.0], [173.621, 6.799999999999986], [183.273, 6.0], [205.031, 6.0], [221.336, 6.0], [239.12, 6.0], [252.667, 6.000000000000001], [268.767, 6.0], [290.968, 5.800000000000001], [314.855, 10.0], [333.561, 6.0], [354.558, 6.000000000700002], [378.45, 6.0], [401.411, 6.0], [425.923, 6.0], [455.062, 5.666666666666668], [475.445, 6.0], [505.743, 7.0], [534.886, 6.0], [562.145, 6.25], [604.537, 7.750000000000006], [641.905, 6.000000000700002], [707.576, 6.000000000700002], [758.872, 6.0000000000000275], [800.545, 5.75], [871.639, 6.666666666666667], [934.371, 6.0], [979.248, 7.75], [1028.252, 6.0], [1072.374, 6.0], [1124.157, 5.249999999999988], [1172.162, 6.0], [1226.002, 6.0], [1267.888, 5.0], [1372.899, 6.0], [1415.031, 6.0], [1479.612, 6.0], [1557.416, 4.75], [1627.406, 6.000000000700002], [1723.075, 4.75], [1798.399, 6.0], [1904.384, 6.0], [2012.639, 4.666666666666668], [2116.921, 5.75], [2202.545, 4.0], [2283.441, 4.75], [2374.575, 4.666666666666665], [2460.967, 6.0], [2573.513, 6.0], [2667.246, 6.0], [2767.064, 5.0], [2840.589, 6.0], [2975.333, 6.0], [3099.134, 5.0], [3212.004, 4.0], [3326.626, 6.0], [3435.65, 4.333333333333332], [3589.038, 5.0], [3600.048, 0.0]]"
ξ_box,[9.0 21.0 11.000006706009184; 8.0 17.0 10.0; 6.0 6.0 6.0; 6.0 6.0 6.0; 9.0 11.0 14.0; 2.0 2.0 2.0; 6.0 6.0 6.0; 9.0 14.0 20.0; 26.0 13.999993292324158 18.0; 30.0 14.0 17.0]
