first,second
s_box,[27.0; 20.0; 0.0; 0.0; 24.0; 24.0; 22.0; 21.0; 24.0; 16.0;;]
x_pb,"[-0.0, 41.0, 0.0, 10.0]"
s_bb,[27.0; 20.0; 0.0; 0.0; 24.0; 24.0; 22.0; 21.0; 24.0; 16.0;;]
partition_bb,"[[[27.0, 20.0, 4.0, 0.0, 0.0, 0.0, 0.0, 0.0, 0.0, 0.0], [0.0, 0.0, 0.0, 0.0, 0.0, 0.0, 0.0, 4.0, 22.0, 26.0], [0.0, 0.0, 9.0, 16.0, 24.0, 1.0, 0.0, 0.0, 0.0, 1.0], [0.0, 0.0, 0.0, 0.0, 1.0, 24.0, 14.0, 14.0, 0.0, 0.0], [0.0, 7.0, 23.0, 16.0, 8.0, 0.0, 0.0, 0.0, 0.0, 0.0], [0.0, 0.0, 0.0, 0.0, 0.0, 12.0, 22.0, 18.0, 0.0, 0.0], [0.0, 0.0, 0.0, 0.0, 0.0, 11.0, 17.0, 21.0, 3.0, 0.0], [0.0, 0.0, 11.0, 18.0, 10.0, 0.0, 0.0, 0.0, 0.0, 0.0], [0.0, 0.0, 0.0, 0.0, 0.0, 0.0, 2.0, 6.0, 24.0, 20.0]]]"
y_box,[0.0 -0.0 -0.0 -0.0 -0.0 -0.0 -0.0 -0.0 -0.0 -0.0; -0.0 0.0 23.0 18.0 -0.0 -0.0 -0.0 -0.0 -0.0 -0.0; -0.0 -0.0 -0.0 -0.0 -0.0 0.0 -0.0 -0.0 -0.0 -0.0; -0.0 -0.0 -0.0 -0.0 -0.0 -0.0 0.0 0.0 0.0 10.0;;;]
evol_bb,"[[0.278, 2.0990916210985005e7]]"
y_bb,[0.0 -0.0 -0.0 -0.0 -0.0 -0.0 -0.0 -0.0 -0.0 -0.0; -0.0 0.0 23.0 18.0 -0.0 -0.0 -0.0 -0.0 -0.0 -0.0; -0.0 -0.0 -0.0 -0.0 -0.0 0.0 -0.0 -0.0 -0.0 -0.0; -0.0 -0.0 -0.0 -0.0 -0.0 -0.0 0.0 0.0 0.0 10.0;;;]
evol_box,"[[0.438, 0.0], [1.905, 1040.3974376841443], [1.979, 6.132852079493945e6], [1.985, 1.1792996597060038e7], [1.99, 1.733541069201902e7], [1.996, 1.8868297124251705e7], [2.001, 2.0283381574028466e7], [2.006, 2.0637152686472654e7], [2.012, 2.0873000094768785e7], [2.018, 2.0990916210985005e7]]"
y_pb,[[0.0 -0.0 -0.0 -0.0 -0.0 -0.0 -0.0 -0.0 -0.0 -0.0; -0.0 -0.0 23.0 18.0 -0.0 -0.0 -0.0 -0.0 -0.0 -0.0; -0.0 -0.0 -0.0 -0.0 -0.0 -0.0 -0.0 -0.0 -0.0 -0.0; -0.0 -0.0 -0.0 -0.0 -0.0 -0.0 -0.0 -0.0 -0.0 10.0;;;]]
x_bb,"[0.0, 41.0, 0.0, 10.0]"
x_box,"[0.0, 41.0, 0.0, 10.0]"
evol_zeta,"[[1.572, 27.0], [1.978, 25.666666666666668], [1.984, 24.0], [1.989, 22.5], [1.995, 12.249999999999998], [2.0, 7.666666666666664], [2.005, 2.75], [2.011, 1.75], [2.016, 1.0000000000000353], [2.02, 0.0]]"
ξ_box,[27.0; 20.0; 23.0; 18.0; 24.0; 24.0; 22.0; 21.0; 24.0; 26.0;;]
