first,second
s_box,[0.0 20.0 16.0; 18.0 0.0 8.0; 21.0 16.0 11.0; 25.0 0.0 4.0; 4.0 0.0 19.0; 1.0 17.0 23.0; 0.0 15.0 0.0; 0.0 3.0 3.0; 11.0 17.0 12.0; 20.0 12.0 5.0]
x_pb,"[-0.0, -0.0, 17.0, 20.0]"
s_bb,[28.0 -0.0 -0.0; 21.0 -0.0 -0.0; 21.0 -0.0 -0.0; 25.0 -0.0 -0.0; 19.0 -0.0 -0.0; 23.0 -0.0 -0.0; 0.0 -0.0 -0.0; 3.0 -0.0 -0.0; 17.0 -0.0 -0.0; 5.0 -0.0 -0.0]
partition_bb,"[[[28.0, 6.0, 5.0, 0.0, 0.0, 0.0, 0.0, 0.0, 0.0, 0.0], [0.0, 0.0, 0.0, 0.0, 0.0, 0.0, 0.0, 3.0, 9.0, 25.0], [0.0, 0.0, 4.0, 25.0, 10.0, 1.0, 0.0, 0.0, 0.0, 0.0], [0.0, 0.0, 0.0, 0.0, 8.0, 23.0, 8.0, 1.0, 0.0, 0.0], [0.0, 16.0, 21.0, 0.0, 0.0, 0.0, 0.0, 0.0, 0.0, 0.0], [0.0, 7.0, 12.0, 0.0, 0.0, 2.0, 17.0, 0.0, 0.0, 0.0], [0.0, 0.0, 0.0, 4.0, 19.0, 4.0, 0.0, 1.0, 9.0, 0.0], [0.0, 11.0, 6.0, 0.0, 0.0, 0.0, 0.0, 3.0, 17.0, 1.0], [0.0, 21.0, 16.0, 0.0, 0.0, 0.0, 0.0, 0.0, 0.0, 0.0]], Vector{Float64}[], Vector{Float64}[]]"
y_box,[0.0 0.0 0.0 0.0 0.0 0.0 0.0 0.0 0.0 0.0; 0.0 0.0 0.0 0.0 0.0 0.0 0.0 0.0 0.0 0.0; 17.0 0.0 0.0 0.0 0.0 0.0 0.0 0.0 0.0 0.0; 11.0 0.0 0.0 0.0 9.0 0.0 0.0 0.0 0.0 0.0;;; 0.0 0.0 0.0 0.0 0.0 0.0 0.0 0.0 0.0 0.0; 0.0 0.0 0.0 0.0 0.0 0.0 0.0 0.0 0.0 0.0; 0.0 14.0 0.0 0.0 3.0 0.0 0.0 0.0 0.0 0.0; 0.0 0.0 0.0 18.0 0.0 0.0 2.0 0.0 0.0 0.0;;; 0.0 0.0 0.0 0.0 0.0 0.0 0.0 0.0 0.0 0.0; 0.0 0.0 0.0 0.0 0.0 0.0 0.0 0.0 0.0 0.0; 0.0 0.0 0.0 0.0 0.0 0.0 17.0 0.0 0.0 0.0; 0.0 0.0 0.0 0.0 0.0 0.0 0.0 0.0 0.0 20.0]
evol_bb,"[[30.696, 1.9724611256591167e7]]"
y_bb,[0.0 0.0 0.0 -0.0 -0.0 -0.0 -0.0 -0.0 -0.0 -0.0; -0.0 -0.0 -0.0 0.0 0.0 -0.0 -0.0 -0.0 -0.0 -0.0; -0.0 -0.0 -0.0 -0.0 -0.0 0.0 17.0 -0.0 -0.0 -0.0; -0.0 -0.0 -0.0 -0.0 -0.0 -0.0 -0.0 0.0 0.0 20.0;;; -0.0 -0.0 -0.0 -0.0 -0.0 -0.0 -0.0 -0.0 -0.0 -0.0; -0.0 -0.0 -0.0 -0.0 -0.0 -0.0 -0.0 -0.0 -0.0 -0.0; -0.0 -0.0 -0.0 -0.0 -0.0 -0.0 -0.0 -0.0 -0.0 -0.0; -0.0 -0.0 -0.0 -0.0 -0.0 -0.0 -0.0 -0.0 -0.0 -0.0;;; -0.0 -0.0 -0.0 -0.0 -0.0 -0.0 -0.0 -0.0 -0.0 -0.0; -0.0 -0.0 -0.0 -0.0 -0.0 -0.0 -0.0 -0.0 -0.0 -0.0; -0.0 -0.0 -0.0 -0.0 -0.0 -0.0 -0.0 -0.0 -0.0 -0.0; -0.0 -0.0 -0.0 -0.0 -0.0 -0.0 -0.0 -0.0 -0.0 -0.0]
evol_box,"[[0.474, 0.0], [2.335, 244553.90871114982], [2.434, 244553.90871114982], [2.469, 366165.25502228923], [2.537, 4.140379012366768e6], [2.611, 4.140379012366768e6], [2.699, 4.140379012366768e6], [2.794, 4.505759884018641e6], [2.913, 4.627532851497788e6], [3.028, 4.627625377638157e6], [3.178, 5.844672351826494e6], [3.362, 6.818703152160857e6], [3.619, 6.940477956668363e6], [3.902, 7.549238949450803e6], [4.16, 7.670980102453424e6], [4.451, 7.79273395249522e6], [4.833, 7.793155815129126e6], [5.184, 7.793265316307003e6], [5.57, 8.036262607044522e6], [6.015, 8.279847611613509e6], [6.988, 8.523528334447294e6], [8.385, 8.645157690612853e6], [9.064, 8.88853309746239e6], [10.418, 9.010282115973847e6], [11.796, 9.375632261989668e6], [13.523, 9.497287853080355e6], [15.906, 9.497386112031464e6], [18.429, 9.497579361337185e6], [20.21, 9.740795553163946e6], [22.582, 9.740970067156948e6], [25.18, 9.740977970373072e6], [27.8, 9.862549403205743e6], [31.438, 9.862553604287831e6], [34.275, 9.862553604287833e6], [37.017, 9.862657824165583e6], [39.777, 9.862767475619705e6], [42.486, 9.984303253247537e6], [45.405, 9.984361161798378e6], [49.009, 1.0106078529951727e7], [53.257, 1.010613881805312e7], [57.623, 1.0227942356926506e7], [61.325, 1.0227974964618906e7], [66.184, 1.0349579297963934e7], [71.422, 1.0349579297963934e7], [76.785, 1.0471318653414719e7], [82.183, 1.0471328217686398e7], [88.009, 1.0471374179308848e7], [94.52, 1.047157397043221e7], [106.353, 1.0593072503456514e7], [114.534, 1.0593145056665702e7], [121.408, 1.071484084808932e7], [138.493, 1.0836594698131116e7], [152.71, 1.0836597638316711e7], [163.964, 1.0836691747130468e7], [174.115, 1.0836708685517032e7], [190.047, 1.095843097108106e7], [205.346, 1.1080087903623695e7], [222.88, 1.1080107229745043e7], [240.425, 1.10801053384003e7], [263.915, 1.1201841753665492e7], [283.065, 1.1201841753665492e7], [308.862, 1.1201841753665492e7], [337.952, 1.1201856248256503e7], [368.666, 1.1201910500016687e7], [406.864, 1.1323595603707286e7], [461.427, 1.144536877987043e7], [505.354, 1.1567112966851553e7], [550.365, 1.1567214286256066e7], [614.56, 1.1688857153832672e7], [691.583, 1.1688886143014695e7], [778.528, 1.1688900637605706e7], [861.866, 1.181061100387447e7], [941.721, 1.1810611003874468e7], [1024.929, 1.1810611003874468e7], [1199.381, 1.1810615835404802e7], [1336.034, 1.19323696854466e7], [1444.986, 1.1932432470871152e7], [1597.215, 1.1932466734445952e7], [1768.676, 1.1932447359472604e7], [1927.204, 1.2054118703958059e7], [2190.29, 1.205413965842377e7], [2385.695, 1.2054167858905982e7], [2624.268, 1.2175872553999856e7], [2841.224, 1.2175893980662249e7], [3102.85, 1.2175911206242552e7], [3376.349, 1.217594169226875e7], [3600.036, 1.2297626404041648e7]]"
y_pb,[[-0.0 -0.0 -0.0 0.0 -0.0 -0.0 -0.0 -0.0 -0.0 -0.0; -0.0 -0.0 -0.0 0.0 -0.0 -0.0 -0.0 -0.0 -0.0 -0.0; -0.0 -0.0 -0.0 -0.0 -0.0 -0.0 17.0 -0.0 -0.0 -0.0; -0.0 -0.0 -0.0 -0.0 -0.0 -0.0 -0.0 -0.0 -0.0 20.0;;;]]
x_bb,"[0.0, 0.0, 17.0, 20.0]"
x_box,"[0.0, 0.0, 17.0, 20.0]"
evol_zeta,"[[1.906, 27.333333333333332], [2.425, 25.000000000000025], [2.442, 24.25], [2.479, 21.25], [2.549, 17.66666666853334], [2.624, 17.333333333333332], [2.711, 17.0], [2.807, 17.0], [2.925, 17.0], [3.046, 16.0], [3.192, 16.75], [3.373, 15.250001748376874], [3.643, 15.8], [3.915, 15.25], [4.172, 15.0], [4.466, 14.999999999999993], [4.848, 14.25], [5.203, 15.8], [5.584, 14.25], [6.028, 14.0], [6.999, 14.5], [8.403, 11.666666666666668], [9.081, 14.0], [10.435, 11.0], [11.817, 11.0], [13.542, 11.333333334566667], [15.919, 14.0], [18.449, 11.333333334566667], [20.229, 12.333333333333332], [22.599, 11.333333333333334], [25.202, 12.0], [27.821, 11.333333333333329], [31.457, 10.666666666666668], [34.295, 10.666666666666664], [37.037, 10.5], [39.789, 10.333331848529117], [42.5, 11.333333333333334], [45.424, 11.333333333333334], [49.027, 10.66666983275328], [53.275, 11.333333333333332], [57.645, 11.333333333333329], [61.337, 10.33333333333333], [66.206, 10.499999999999995], [71.436, 10.499999999999995], [76.801, 10.50000000115], [82.199, 10.5], [88.021, 10.5], [94.532, 11.333333333333332], [106.366, 10.666666666666668], [114.548, 10.5], [121.423, 10.5], [138.505, 10.5], [152.723, 10.5], [163.978, 10.5], [174.131, 8.500000000000004], [190.06, 10.5], [205.362, 10.5], [222.891, 10.5], [240.439, 10.250000001125002], [263.936, 7.500000000850001], [283.082, 7.75], [308.873, 7.25], [337.964, 10.5], [368.684, 6.75], [406.884, 7.800000000000001], [461.445, 7.500000000850001], [505.366, 9.500000001050012], [550.382, 7.2], [614.579, 7.000000000800014], [691.605, 6.75], [778.546, 7.200000000820001], [861.88, 7.0], [941.74, 7.0], [1024.947, 6.600000000760005], [1199.401, 6.666666666666667], [1336.052, 7.000000000800014], [1445.0, 11.333333333333332], [1597.228, 11.333333333333334], [1768.688, 10.666666666666668], [1927.223, 6.0], [2190.303, 11.333333333333332], [2385.71, 7.0], [2624.279, 10.66666833275167], [2841.233, 10.0], [3102.868, 8.000000000900002], [3376.372, 8.0], [3600.052, 0.0]]"
ξ_box,[28.0 20.0 16.0; 18.0 14.0 8.0; 21.0 16.0 11.0; 25.0 18.0 4.0; 13.0 3.0 19.0; 1.0 17.0 23.0; 0.0 17.0 17.0; 0.0 3.0 3.0; 11.0 17.0 12.0; 18.0 12.0 25.0]
