first,second
s_box,[0.0 19.0 11.0 0.0; 0.0 0.0 12.0 12.0; 0.0 0.0 0.0 9.0; 0.0 0.0 6.0 2.0; 12.0 5.0 9.0 0.0; 12.0 12.0 10.0 4.0; 0.0 0.0 7.0 8.0; 10.0 0.0 0.0 7.0; 0.0 1.0 0.0 13.0; 21.0 18.0 1.0 0.0]
x_pb,"[17.0, 25.0, -0.0, -0.0]"
s_bb,[19.0 -0.0 -0.0 -0.0; 17.0 -0.0 -0.0 -0.0; -0.0 -0.0 -0.0 -0.0; 6.0 -0.0 -0.0 -0.0; 12.0 -0.0 -0.0 -0.0; 12.0 -0.0 -0.0 -0.0; 15.0 -0.0 -0.0 -0.0; 7.0 -0.0 -0.0 -0.0; -0.0 -0.0 -0.0 -0.0; 21.0 -0.0 -0.0 -0.0]
partition_bb,"[[[0.0, 0.0, 0.0, 0.0, 0.0, 0.0, 4.0, 6.0, 11.0, 21.0], [19.0, 14.0, 11.0, 0.0, 0.0, 0.0, 0.0, 0.0, 0.0, 0.0], [0.0, 0.0, 0.0, 0.0, 0.0, 12.0, 13.0, 11.0, 6.0, 0.0], [0.0, 0.0, 0.0, 6.0, 12.0, 10.0, 0.0, 0.0, 2.0, 12.0], [9.0, 14.0, 17.0, 0.0, 0.0, 0.0, 2.0, 0.0, 0.0, 0.0], [0.0, 0.0, 0.0, 0.0, 0.0, 0.0, 14.0, 16.0, 11.0, 1.0], [0.0, 0.0, 0.0, 0.0, 0.0, 0.0, 9.0, 11.0, 16.0, 6.0], [12.0, 17.0, 14.0, 0.0, 0.0, 0.0, 0.0, 0.0, 0.0, 0.0], [0.0, 0.0, 0.0, 0.0, 0.0, 1.0, 15.0, 16.0, 11.0, 1.0]], [[0.0, 0.0, 0.0, 4.0, 0.0, 1.0, 15.0, 13.0, 8.0, 1.0]], Vector{Float64}[], Vector{Float64}[]]"
y_box,[1.0 1.0 0.0 6.0 0.0 0.0 0.0 4.0 0.0 0.0; 0.0 0.0 0.0 0.0 0.0 0.0 13.0 0.0 2.0 0.0; 0.0 0.0 0.0 0.0 0.0 0.0 0.0 0.0 11.0 0.0; 0.0 0.0 0.0 0.0 0.0 0.0 0.0 0.0 0.0 0.0;;; 0.0 1.0 11.0 0.0 0.0 0.0 0.0 0.0 0.0 0.0; 0.0 13.0 0.0 6.0 0.0 0.0 0.0 0.0 0.0 0.0; 0.0 0.0 4.0 0.0 7.0 0.0 0.0 0.0 0.0 0.0; 0.0 0.0 0.0 0.0 0.0 0.0 0.0 0.0 0.0 0.0;;; 0.0 0.0 12.0 0.0 0.0 0.0 0.0 0.0 0.0 0.0; 0.0 0.0 0.0 0.0 0.0 0.0 5.0 14.0 0.0 0.0; 0.0 0.0 0.0 0.0 0.0 0.0 0.0 0.0 11.0 0.0; 0.0 0.0 0.0 0.0 0.0 0.0 0.0 0.0 0.0 0.0;;; 12.0 0.0 0.0 0.0 0.0 0.0 0.0 0.0 0.0 0.0; 0.0 0.0 0.0 0.0 0.0 2.0 0.0 0.0 0.0 17.0; 1.0 0.0 0.0 0.0 8.0 2.0 0.0 0.0 0.0 0.0; 0.0 0.0 0.0 0.0 0.0 0.0 0.0 0.0 0.0 0.0]
evol_bb,"[[108.66, 1.2305929476883758e7], [897.644, 1.2305929476883754e7]]"
y_bb,[0.0 0.0 17.0 -0.0 -0.0 -0.0 -0.0 -0.0 -0.0 -0.0; -0.0 -0.0 -0.0 -0.0 -0.0 -0.0 -0.0 9.0 -0.0 -0.0; -0.0 -0.0 -0.0 -0.0 -0.0 -0.0 -0.0 -0.0 16.0 -0.0; -0.0 -0.0 -0.0 -0.0 -0.0 -0.0 -0.0 -0.0 -0.0 0.0;;; -0.0 -0.0 -0.0 4.0 -0.0 1.0 11.0 -0.0 -0.0 1.0; -0.0 -0.0 -0.0 -0.0 -0.0 -0.0 4.0 5.0 -0.0 -0.0; -0.0 -0.0 -0.0 -0.0 -0.0 -0.0 -0.0 8.0 8.0 -0.0; -0.0 -0.0 -0.0 -0.0 -0.0 -0.0 -0.0 0.0 -0.0 -0.0;;; -0.0 -0.0 -0.0 -0.0 -0.0 -0.0 -0.0 -0.0 -0.0 -0.0; -0.0 -0.0 -0.0 -0.0 -0.0 -0.0 -0.0 -0.0 -0.0 -0.0; -0.0 -0.0 -0.0 -0.0 -0.0 -0.0 -0.0 -0.0 -0.0 -0.0; -0.0 -0.0 -0.0 -0.0 -0.0 -0.0 -0.0 -0.0 -0.0 -0.0;;; -0.0 -0.0 -0.0 -0.0 -0.0 -0.0 -0.0 -0.0 -0.0 -0.0; -0.0 -0.0 -0.0 -0.0 -0.0 -0.0 -0.0 -0.0 -0.0 -0.0; -0.0 -0.0 -0.0 -0.0 -0.0 -0.0 -0.0 -0.0 -0.0 -0.0; -0.0 -0.0 -0.0 -0.0 -0.0 -0.0 -0.0 -0.0 -0.0 -0.0]
evol_box,"[[0.462, 0.0], [2.272, 557.3283972539939], [2.368, 226399.35823651857], [2.392, 226399.35823651857], [2.438, 226399.35823651857], [2.567, 2.0326449249343756e6], [2.741, 2.0326449249343756e6], [2.91, 2.0326449249343756e6], [3.076, 2.2584954254418933e6], [3.416, 2.2584954254418937e6], [3.592, 2.822994429563018e6], [3.843, 2.935783548182399e6], [4.243, 2.9357952495571673e6], [4.602, 3.387449432592649e6], [5.044, 3.500248633985379e6], [5.703, 3.500248633985379e6], [6.472, 3.613171930515551e6], [7.481, 3.726050792289902e6], [8.834, 3.8389445476530753e6], [10.826, 4.0647255850353404e6], [12.542, 4.290507675684856e6], [15.187, 4.290531073151838e6], [17.62, 4.629190227316168e6], [21.574, 4.6292267185456585e6], [24.828, 4.742086369347233e6], [28.621, 4.854970634011868e6], [32.554, 4.968051581426562e6], [38.736, 5.080737544833527e6], [44.909, 5.080750148079797e6], [50.443, 5.080765909239615e6], [58.531, 5.19366945646434e6], [68.576, 5.306590012042863e6], [75.551, 5.306618672503322e6], [85.716, 5.419416240676969e6], [104.139, 5.419434476554231e6], [130.198, 5.419445257446158e6], [142.32, 5.419497487147309e6], [163.374, 5.645203410919657e6], [186.387, 5.645204792341601e6], [214.797, 5.645215654194959e6], [238.819, 5.645218071384566e6], [263.133, 5.645215654194959e6], [322.522, 5.75810569684555e6], [367.963, 5.7581066735845655e6], [455.659, 5.8709939802615885e6], [587.034, 5.871006877633888e6], [676.055, 5.871111161593751e6], [786.345, 5.9838831477013845e6], [927.281, 5.9839023280323455e6], [1146.661, 6.096780237964531e6], [1289.269, 6.09678225564183e6], [1549.247, 6.096785498649381e6], [1882.476, 6.096791422459906e6], [2218.175, 6.096792951286919e6], [2442.355, 6.096802861059195e6], [2718.797, 6.209673845441856e6], [3115.517, 6.209673993327705e6], [3469.922, 6.209684854219505e6], [3600.057, 6.322566707752593e6]]"
y_pb,[[-0.0 -0.0 17.0 -0.0 -0.0 -0.0 -0.0 -0.0 -0.0 -0.0; -0.0 -0.0 -0.0 -0.0 -0.0 -0.0 -0.0 9.0 16.0 -0.0; -0.0 -0.0 -0.0 -0.0 -0.0 -0.0 -0.0 -0.0 0.0 -0.0; -0.0 -0.0 -0.0 -0.0 -0.0 -0.0 -0.0 -0.0 -0.0 0.0;;;]]
x_bb,"[17.0, 9.0, 16.0, -0.0]"
x_box,"[12.0, 19.0, 11.0, 0.0]"
evol_zeta,"[[2.355, 18.333333333333332], [2.378, 13.0], [2.416, 12.0], [2.459, 12.0], [2.59, 12.0], [2.761, 12.000000000000053], [2.926, 11.999999999999986], [3.1, 12.0], [3.463, 11.6], [3.614, 10.666666666666668], [3.867, 10.833333333333332], [4.275, 10.25], [4.636, 10.199999999999989], [5.064, 9.499999999999998], [5.731, 9.142857142857144], [6.493, 9.166666666666668], [7.497, 10.142857142857151], [8.852, 10.166666666666666], [10.868, 9.4], [12.566, 8.833333333333332], [15.217, 8.50000209943212], [17.654, 7.750000000875005], [21.606, 8.0], [24.866, 7.714285714285714], [28.652, 8.285714285714286], [32.583, 6.666666666666667], [38.773, 7.5], [44.94, 7.5], [50.464, 7.444444444444445], [58.553, 6.166666666666669], [68.615, 6.857142857142858], [75.569, 7.0], [85.741, 8.285714285714286], [104.155, 7.0], [130.216, 6.5], [142.341, 5.833333333333333], [163.4, 6.0], [186.432, 5.833333333333333], [214.826, 5.666666666666666], [238.839, 6.571428571428572], [263.172, 5.800000000680001], [322.571, 5.666666667333335], [367.992, 5.66666673320007], [455.68, 6.857142857142858], [587.072, 5.666666666666666], [676.099, 5.666666666666666], [786.364, 6.499999999999998], [927.309, 6.4], [1146.684, 5.0], [1289.285, 7.75], [1549.284, 5.0], [1882.501, 6.0], [2218.214, 5.666666666666666], [2442.373, 5.666666666666666], [2718.813, 8.428571428571429], [3115.54, 6.428571428571428], [3469.944, 5.499999999999998], [3600.071, 0.0]]"
ξ_box,[1.0 19.0 11.0 13.0; 1.0 14.0 12.0 12.0; -0.0 15.0 12.0 9.0; 6.0 6.0 6.0 2.0; 12.0 12.0 9.0 8.0; 12.0 12.0 10.0 8.0; 13.0 0.0 12.0 8.0; 13.0 0.0 14.0 7.0; 13.0 1.0 11.0 13.0; 21.0 11.0 1.0 17.0]
