first,second
s_box,[0.0; 21.0; 14.0; 17.0; 13.0; 32.0; 18.0; 30.0; 28.0; 34.0;;]
x_pb,"[44.0, -0.0, -0.0, 12.0]"
s_bb,[0.0; 21.0; 14.0; 17.0; 13.0; 32.0; 18.0; 30.0; 28.0; 34.0;;]
partition_bb,"[[[44.0, 10.0, 3.0, 0.0, 0.0, 0.0, 0.0, 0.0, 0.0, 0.0], [0.0, 0.0, 0.0, 0.0, 0.0, 0.0, 0.0, 5.0, 18.0, 34.0], [0.0, 0.0, 0.0, 4.0, 7.0, 32.0, 15.0, 0.0, 0.0, 0.0], [0.0, 0.0, 0.0, 0.0, 0.0, 0.0, 11.0, 30.0, 17.0, 1.0], [0.0, 0.0, 0.0, 0.0, 2.0, 13.0, 30.0, 11.0, 4.0, 0.0], [0.0, 4.0, 8.0, 17.0, 13.0, 14.0, 0.0, 0.0, 0.0, 0.0], [0.0, 21.0, 14.0, 8.0, 4.0, 0.0, 9.0, 0.0, 0.0, 0.0], [0.0, 0.0, 0.0, 0.0, 0.0, 0.0, 2.0, 15.0, 28.0, 12.0]]]"
y_box,[44.0 0.0 0.0 0.0 -0.0 -0.0 -0.0 -0.0 -0.0 -0.0; -0.0 -0.0 -0.0 -0.0 0.0 -0.0 -0.0 -0.0 -0.0 -0.0; -0.0 -0.0 -0.0 -0.0 -0.0 -0.0 -0.0 -0.0 -0.0 -0.0; -0.0 -0.0 -0.0 -0.0 -0.0 0.0 12.0 0.0 0.0 0.0;;;]
evol_bb,"[[0.319, 2.6095919665028468e7]]"
y_bb,[44.0 0.0 0.0 0.0 -0.0 -0.0 -0.0 -0.0 -0.0 -0.0; -0.0 -0.0 -0.0 -0.0 0.0 -0.0 -0.0 -0.0 -0.0 -0.0; -0.0 -0.0 -0.0 -0.0 -0.0 -0.0 -0.0 -0.0 -0.0 -0.0; -0.0 -0.0 -0.0 -0.0 -0.0 0.0 12.0 0.0 0.0 0.0;;;]
evol_box,"[[0.502, 0.0], [2.232, 126925.47527026573], [2.318, 7.3125308057064805e6], [2.324, 1.4624143342243923e7], [2.33, 1.777573024410781e7], [2.337, 1.9666682385226138e7], [2.344, 2.269220581101547e7], [2.347, 2.4835284904282913e7], [2.35, 2.6095919665028468e7]]"
y_pb,[[44.0 -0.0 -0.0 -0.0 -0.0 -0.0 -0.0 -0.0 -0.0 -0.0; -0.0 -0.0 -0.0 -0.0 -0.0 0.0 -0.0 -0.0 -0.0 -0.0; -0.0 -0.0 -0.0 -0.0 -0.0 0.0 -0.0 -0.0 -0.0 -0.0; -0.0 -0.0 -0.0 -0.0 -0.0 -0.0 12.0 -0.0 -0.0 -0.0;;;]]
x_bb,"[44.0, 0.0, 0.0, 12.0]"
x_box,"[44.0, 0.0, 0.0, 12.0]"
evol_zeta,"[[1.834, 43.666666666666664], [2.317, 33.666666666666664], [2.323, 31.5], [2.329, 24.25], [2.336, 14.200000000000003], [2.342, 13.0], [2.346, 11.0], [2.349, 9.75], [2.355, 0.0]]"
ξ_box,[44.0; 21.0; 14.0; 17.0; 13.0; 32.0; 30.0; 30.0; 28.0; 34.0;;]
