first,second
s_box,[5.0 -0.0 5.0; 1.0 -0.0 -0.0; 7.0 0.0 6.0; 9.999995093359246 11.0 4.000004906640752; -0.0 1.0 13.0; 10.0 16.0 22.0; 17.0 4.893862976067199e-6 20.0; -0.0 10.0 0.0; -0.0 15.0 4.000004893307422; 27.0 23.0 3.0]
x_pb,"[0.0, -0.0, -0.0, 35.0]"
s_bb,[5.0 -0.0 -0.0; 1.0 -0.0 -0.0; 7.0 7.0 -0.0; 11.0 -0.0 -0.0; 20.0 -0.0 -0.0; 22.0 -0.0 -0.0; 20.0 -0.0 -0.0; -0.0 -0.0 -0.0; 6.0 19.0 -0.0; 27.0 -0.0 -0.0]
partition_bb,"[[[0.0, 0.0, 0.0, 0.0, 0.0, 0.0, 0.0, 0.0, 8.0, 27.0], [0.0, 0.0, 0.0, 0.0, 12.0, 22.0, 0.0, 0.0, 0.0, 0.0], [0.0, 0.0, 0.0, 0.0, 0.0, 0.0, 20.0, 16.0, 1.0, 0.0], [0.0, 0.0, 0.0, 0.0, 1.0, 0.0, 3.0, 5.0, 22.0, 4.0], [0.0, 0.0, 1.0, 11.0, 0.0, 0.0, 5.0, 1.0, 18.0, 0.0], [0.0, 1.0, 0.0, 0.0, 20.0, 14.0, 0.0, 0.0, 0.0, 0.0], [0.0, 1.0, 7.0, 0.0, 0.0, 0.0, 4.0, 8.0, 0.0, 0.0], [5.0, 0.0, 0.0, 0.0, 0.0, 0.0, 9.0, 5.0, 0.0, 16.0], [0.0, 0.0, 0.0, 0.0, 0.0, 0.0, 15.0, 19.0, 2.0, 0.0]], [[0.0, 1.0, 7.0, 0.0, 0.0, 0.0, 0.0, 2.0, 19.0, 6.0], [5.0, 1.0, 1.0, 11.0, 0.0, 0.0, 5.0, 1.0, 0.0, 11.0]], Vector{Float64}[]]"
y_box,[-0.0 -0.0 -0.0 1.0000049016407537 -0.0 -0.0 -0.0 -0.0 -0.0 -0.0; -0.0 -0.0 -0.0 -0.0 -0.0 -0.0 -0.0 -0.0 -0.0 -0.0; -0.0 -0.0 -0.0 -0.0 -0.0 -0.0 -0.0 -0.0 -0.0 -0.0; -0.0 -0.0 -0.0 -0.0 -0.0 -0.0 -0.0 13.999995100514925 20.0 -0.0;;; -0.0 1.0 -0.0 0.0 -0.0 -0.0 -0.0 -0.0 -0.0 -0.0; -0.0 -0.0 -0.0 -0.0 -0.0 -0.0 -0.0 -0.0 -0.0 -0.0; -0.0 -0.0 -0.0 -0.0 -0.0 -0.0 -0.0 -0.0 -0.0 -0.0; 1.0 -0.0 7.0 -0.0 19.0 -0.0 6.99999510280369 -0.0 -0.0 -0.0;;; -0.0 -0.0 -0.0 1.0000048999740836 -0.0 -0.0 -0.0 -0.0 -0.0 -0.0; -0.0 -0.0 -0.0 -0.0 -0.0 -0.0 -0.0 -0.0 -0.0 -0.0; -0.0 -0.0 -0.0 -0.0 -0.0 -0.0 -0.0 -0.0 -0.0 -0.0; -0.0 0.0 -0.0 -0.0 -0.0 -0.0 -0.0 16.0 17.999995103359247 -0.0]
evol_bb,"[[35.179, 1.2212813094219891e7], [870.483, 1.221281309421989e7]]"
y_bb,[0.0 -0.0 -0.0 0.0 -0.0 -0.0 -0.0 -0.0 -0.0 -0.0; -0.0 -0.0 -0.0 -0.0 0.0 -0.0 -0.0 -0.0 -0.0 -0.0; -0.0 -0.0 -0.0 -0.0 -0.0 0.0 -0.0 -0.0 -0.0 -0.0; -0.0 -0.0 -0.0 -0.0 -0.0 -0.0 0.0 19.0 16.0 0.0;;; -0.0 -0.0 -0.0 -0.0 -0.0 -0.0 -0.0 -0.0 -0.0 -0.0; 0.0 -0.0 -0.0 -0.0 -0.0 -0.0 -0.0 -0.0 -0.0 -0.0; 0.0 0.0 -0.0 -0.0 -0.0 -0.0 0.0 -0.0 -0.0 0.0; 5.0 1.0 0.0 11.0 -0.0 -0.0 5.0 2.0 0.0 11.0;;; -0.0 -0.0 -0.0 -0.0 -0.0 -0.0 -0.0 -0.0 -0.0 -0.0; -0.0 -0.0 -0.0 -0.0 -0.0 -0.0 -0.0 -0.0 -0.0 -0.0; -0.0 -0.0 -0.0 -0.0 -0.0 -0.0 -0.0 -0.0 -0.0 -0.0; -0.0 -0.0 -0.0 -0.0 -0.0 -0.0 -0.0 -0.0 -0.0 -0.0]
evol_box,"[[0.574, 0.0], [2.841, 876.7606092571514], [2.974, 1237.716649187841], [2.994, 205676.94766071942], [3.045, 1.4374377302830692e6], [3.204, 2.0531855146278178e6], [3.288, 2.0531855146278178e6], [3.399, 2.8739076427135793e6], [3.508, 2.8739076427135793e6], [3.725, 3.489810197853419e6], [4.003, 3.489810197853419e6], [4.302, 3.6949272103959816e6], [4.587, 4.0028934251545575e6], [5.035, 4.208188928050799e6], [5.631, 4.618528947931291e6], [6.862, 4.926405546587309e6], [7.362, 4.92640554658731e6], [8.09, 4.926433605020062e6], [8.625, 4.926451460386359e6], [9.132, 4.926504660884585e6], [10.098, 5.131667001117777e6], [10.69, 5.131667001117777e6], [11.698, 5.131689958017302e6], [12.308, 5.234399819778638e6], [13.938, 5.336928084261581e6], [15.742, 5.439731682325001e6], [16.784, 5.542158743899351e6], [18.292, 5.542169132659137e6], [19.974, 5.542194745475934e6], [21.991, 5.542276418434657e6], [23.457, 5.644784225165437e6], [25.49, 5.747517532911027e6], [28.23, 5.850035342555371e6], [30.664, 5.952671264200497e6], [33.177, 5.952719592351111e6], [36.375, 6.055296797085837e6], [39.629, 6.055322620203955e6], [42.781, 6.157963878291616e6], [45.727, 6.157984288056068e6], [50.916, 6.260547862856518e6], [57.322, 6.260547862856517e6], [61.547, 6.260573125130614e6], [66.028, 6.260655050384093e6], [70.02, 6.260655148632038e6], [74.246, 6.2606551486320365e6], [80.013, 6.363163006982069e6], [87.77, 6.568424461512536e6], [99.377, 6.568450340565339e6], [107.727, 6.568481398606873e6], [116.949, 6.671062933924277e6], [125.212, 6.671067664070843e6], [151.813, 6.77367121410775e6], [165.722, 6.773688281116285e6], [178.26, 6.773711052322479e6], [192.486, 6.876296746993089e6], [208.42, 6.876300874475225e6], [226.389, 6.876309500826159e6], [239.242, 6.87632262604589e6], [255.671, 6.97892227987843e6], [275.286, 6.978926593053896e6], [300.402, 6.97901658411235e6], [323.397, 7.081552125939237e6], [354.624, 7.081552125939237e6], [378.096, 7.081565065465637e6], [404.304, 7.18416727006479e6], [456.648, 7.18416727006479e6], [479.895, 7.18417334564911e6], [507.885, 7.184194911526443e6], [553.742, 7.28681163236752e6], [590.745, 7.286811632367519e6], [633.981, 7.286815945542986e6], [670.073, 7.2868161312363185e6], [720.655, 7.286833513696833e6], [801.293, 7.389457203630648e6], [866.029, 7.492054071787266e6], [940.6, 7.492064274853721e6], [988.502, 7.492072137454881e6], [1061.85, 7.492172202932624e6], [1163.03, 7.594679790365936e6], [1238.297, 7.594684891899165e6], [1354.229, 7.594692729892338e6], [1430.845, 7.594697460038902e6], [1528.588, 7.594715315405199e6], [1638.723, 7.697307874017891e6], [1743.703, 7.697310424784504e6], [1900.213, 7.697320442157628e6], [2023.201, 7.799920467376829e6], [2131.465, 7.799938694129789e6], [2239.382, 7.799945975042969e6], [2377.146, 7.799947320480725e6], [2549.11, 7.799948525809583e6], [2704.841, 7.79994936701486e6], [2906.982, 7.799960785760423e6], [3068.731, 7.902549525079875e6], [3280.034, 7.902551287488729e6], [3502.148, 7.902551287488729e6], [3600.027, 7.902551677472205e6]]"
y_pb,[[-0.0 -0.0 -0.0 0.0 -0.0 -0.0 -0.0 -0.0 -0.0 -0.0; -0.0 -0.0 -0.0 -0.0 0.0 -0.0 -0.0 -0.0 -0.0 -0.0; -0.0 -0.0 -0.0 -0.0 -0.0 -0.0 0.0 -0.0 -0.0 -0.0; -0.0 -0.0 -0.0 -0.0 -0.0 -0.0 -0.0 19.0 16.0 -0.0;;;]]
x_bb,"[0.0, 0.0, 0.0, 35.0]"
x_box,"[1.0000049032316602, -0.0, -0.0, 33.999995101692576]"
evol_zeta,"[[2.33, 27.0], [2.948, 22.0], [2.982, 19.333333333333332], [3.014, 15.0], [3.085, 15.0], [3.222, 13.0], [3.302, 12.666666666666668], [3.421, 12.25], [3.561, 11.666666666666668], [3.771, 11.0], [4.052, 11.0], [4.317, 11.75], [4.658, 11.0], [5.046, 11.0], [5.68, 11.666666666666668], [6.89, 9.750000001075001], [7.381, 9.75], [8.133, 9.75], [8.65, 9.750000001075001], [9.143, 11.0], [10.118, 10.6], [10.701, 9.75], [11.714, 8.000000000900002], [12.32, 9.500000000000004], [13.977, 9.333333333333332], [15.752, 9.499998453023217], [16.797, 9.5], [18.304, 8.000000000900002], [19.989, 9.0], [22.007, 6.750001416409755], [23.48, 6.75], [25.514, 8.000000000900002], [28.257, 10.249999999999929], [30.679, 7.0], [33.197, 7.25], [36.39, 7.0], [39.643, 7.0], [42.79, 10.249999999999998], [45.742, 7.0], [50.93, 6.0], [57.345, 6.75], [61.559, 7.666666666666666], [66.042, 7.25], [70.033, 7.000000000800014], [74.253, 7.0], [80.064, 6.5], [87.786, 8.0], [99.401, 6.25], [107.75, 6.333333333333333], [116.974, 7.000000000000011], [125.226, 5.9999999999999964], [151.83, 6.5], [165.737, 6.0], [178.282, 7.333333333333334], [192.505, 5.800000000680001], [208.435, 7.25], [226.403, 6.0000000000000115], [239.255, 6.0], [255.683, 6.333333333333332], [275.299, 5.000000000600011], [300.45, 6.0], [323.413, 6.25], [354.638, 5.600000000660003], [378.115, 5.0], [404.321, 7.0], [456.661, 7.0], [479.914, 5.0], [507.943, 5.0], [553.759, 5.000000000000004], [590.77, 5.2], [634.0, 5.25], [670.087, 5.000000000600011], [720.67, 5.333333333333333], [801.31, 5.0], [866.047, 5.0], [940.653, 4.333333333333333], [988.521, 5.0], [1061.867, 4.75], [1163.043, 4.75], [1238.308, 5.0], [1354.277, 6.333333333333333], [1430.872, 4.4], [1528.607, 4.666666666666668], [1638.738, 5.333333333333334], [1743.733, 4.0], [1900.228, 4.0], [2023.229, 5.000000000600001], [2131.483, 6.0], [2239.4, 4.0], [2377.16, 6.0], [2549.138, 3.833333333333332], [2704.855, 4.5], [2907.002, 3.25], [3068.752, 4.0], [3280.063, 3.333333333333332], [3502.19, 4.25], [3600.047, 0.0]]"
ξ_box,[5.0 1.0 5.0; 1.0 1.0 0.0; 7.0 7.0 6.0; 11.0 11.0 5.0000098082815025; -0.0 20.0 13.0; 10.0 16.0 22.0; 17.0 7.0 20.0; 13.999995105514925 10.0 16.0; 20.0 15.0 22.0; 27.0 23.0 3.0]
