first,second
s_box,[0.0 8.0 17.0 20.0 29.0; 0.0 8.0 14.0 0.0 20.0; 5.0 0.0 14.0 24.0 24.0; 18.0 20.0 1.0 0.0 0.0; 24.0 0.0 19.0 13.0 0.0; 0.0 10.0 0.0 0.0 0.0; 0.0 17.0 0.0 0.0 0.0; 0.0 0.0 0.0 0.0 0.0; 26.0 0.0 0.0 0.0 0.0; 0.0 10.0 9.0 16.0 0.0]
x_pb,"[-0.0, 32.0, -0.0, 31.0]"
s_bb,[29.0 -0.0 -0.0 -0.0 -0.0; 27.0 -0.0 -0.0 -0.0 -0.0; 28.0 -0.0 -0.0 -0.0 -0.0; 30.0 -0.0 -0.0 -0.0 -0.0; 30.0 -0.0 -0.0 -0.0 -0.0; 10.0 -0.0 -0.0 -0.0 -0.0; 5.0 -0.0 -0.0 -0.0 -0.0; 0.0 -0.0 -0.0 -0.0 -0.0; 0.0 -0.0 -0.0 -0.0 -0.0; 36.0 -0.0 -0.0 -0.0 -0.0]
partition_bb,"[[[0.0, 0.0, 0.0, 0.0, 0.0, 0.0, 0.0, 3.0, 26.0, 36.0], [0.0, 0.0, 4.0, 6.0, 30.0, 10.0, 3.0, 0.0, 0.0, 0.0], [29.0, 23.0, 8.0, 3.0, 0.0, 0.0, 0.0, 0.0, 0.0, 0.0], [4.0, 8.0, 17.0, 30.0, 6.0, 0.0, 0.0, 0.0, 0.0, 0.0], [0.0, 6.0, 0.0, 0.0, 0.0, 10.0, 17.0, 20.0, 0.0, 10.0], [7.0, 13.0, 28.0, 15.0, 2.0, 0.0, 0.0, 0.0, 0.0, 0.0], [0.0, 0.0, 0.0, 0.0, 0.0, 0.0, 4.0, 7.0, 31.0, 21.0], [21.0, 27.0, 12.0, 5.0, 0.0, 0.0, 0.0, 0.0, 0.0, 0.0]], Vector{Float64}[], Vector{Float64}[], Vector{Float64}[], Vector{Float64}[]]"
y_box,[0.0 0.0 0.0 0.0 0.0 0.0 0.0 0.0 0.0 0.0; 5.0 0.0 0.0 0.0 0.0 0.0 0.0 3.0 0.0 36.0; 0.0 0.0 0.0 0.0 0.0 0.0 0.0 0.0 0.0 0.0; 0.0 0.0 0.0 0.0 6.0 10.0 3.0 0.0 0.0 0.0;;; 0.0 0.0 0.0 0.0 0.0 0.0 0.0 0.0 0.0 0.0; 6.0 0.0 20.0 0.0 0.0 0.0 0.0 18.0 0.0 0.0; 0.0 0.0 0.0 0.0 0.0 0.0 0.0 0.0 0.0 0.0; 0.0 0.0 0.0 0.0 0.0 0.0 0.0 0.0 17.0 2.0;;; 0.0 0.0 0.0 0.0 0.0 0.0 0.0 0.0 0.0 0.0; 0.0 0.0 0.0 0.0 0.0 9.0 16.0 19.0 0.0 0.0; 0.0 0.0 0.0 0.0 0.0 0.0 0.0 0.0 0.0 0.0; 0.0 0.0 0.0 0.0 0.0 0.0 0.0 0.0 14.0 5.0;;; 0.0 0.0 0.0 0.0 0.0 0.0 0.0 0.0 0.0 0.0; 0.0 16.0 0.0 6.0 0.0 0.0 0.0 0.0 22.0 0.0; 0.0 0.0 0.0 0.0 0.0 0.0 0.0 0.0 0.0 0.0; 0.0 0.0 0.0 16.0 3.0 0.0 0.0 0.0 0.0 0.0;;; 0.0 0.0 0.0 0.0 0.0 0.0 0.0 0.0 0.0 0.0; 0.0 7.0 0.0 30.0 4.0 3.0 0.0 0.0 0.0 0.0; 0.0 0.0 0.0 0.0 0.0 0.0 0.0 0.0 0.0 0.0; 0.0 0.0 0.0 0.0 19.0 0.0 0.0 0.0 0.0 0.0]
evol_bb,"[[38.233, 2.1517913893711284e7]]"
y_bb,[0.0 0.0 0.0 0.0 -0.0 -0.0 -0.0 -0.0 -0.0 -0.0; -0.0 -0.0 -0.0 -0.0 0.0 0.0 12.0 20.0 -0.0 -0.0; -0.0 -0.0 -0.0 -0.0 -0.0 -0.0 -0.0 -0.0 -0.0 -0.0; -0.0 -0.0 -0.0 -0.0 -0.0 -0.0 -0.0 -0.0 31.0 0.0;;; -0.0 -0.0 -0.0 -0.0 -0.0 -0.0 -0.0 -0.0 -0.0 -0.0; -0.0 -0.0 -0.0 -0.0 -0.0 -0.0 -0.0 -0.0 -0.0 -0.0; -0.0 -0.0 -0.0 -0.0 -0.0 -0.0 -0.0 -0.0 -0.0 -0.0; -0.0 -0.0 -0.0 -0.0 -0.0 -0.0 -0.0 -0.0 -0.0 -0.0;;; -0.0 -0.0 -0.0 -0.0 -0.0 -0.0 -0.0 -0.0 -0.0 -0.0; -0.0 -0.0 -0.0 -0.0 -0.0 -0.0 -0.0 -0.0 -0.0 -0.0; -0.0 -0.0 -0.0 -0.0 -0.0 -0.0 -0.0 -0.0 -0.0 -0.0; -0.0 -0.0 -0.0 -0.0 -0.0 -0.0 -0.0 -0.0 -0.0 -0.0;;; -0.0 -0.0 -0.0 -0.0 -0.0 -0.0 -0.0 -0.0 -0.0 -0.0; -0.0 -0.0 -0.0 -0.0 -0.0 -0.0 -0.0 -0.0 -0.0 -0.0; -0.0 -0.0 -0.0 -0.0 -0.0 -0.0 -0.0 -0.0 -0.0 -0.0; -0.0 -0.0 -0.0 -0.0 -0.0 -0.0 -0.0 -0.0 -0.0 -0.0;;; -0.0 -0.0 -0.0 -0.0 -0.0 -0.0 -0.0 -0.0 -0.0 -0.0; -0.0 -0.0 -0.0 -0.0 -0.0 -0.0 -0.0 -0.0 -0.0 -0.0; -0.0 -0.0 -0.0 -0.0 -0.0 -0.0 -0.0 -0.0 -0.0 -0.0; -0.0 -0.0 -0.0 -0.0 -0.0 -0.0 -0.0 -0.0 -0.0 -0.0]
evol_box,"[[0.454, 0.0], [2.271, 221693.3715206173], [2.391, 221693.3715206173], [2.485, 221693.3715206173], [2.743, 223985.75874085427], [3.041, 332630.29322946677], [3.614, 3.0909493283008966e6], [4.187, 3.312036554029612e6], [4.755, 3.533254391352264e6], [5.733, 3.973712325880298e6], [9.926, 3.973712325880298e6], [14.688, 4.0850923021141705e6], [16.46, 4.635658474576607e6], [21.964, 4.8570397099474985e6], [25.488, 5.407688196481476e6], [30.402, 5.628366979510178e6], [34.776, 6.070259503626935e6], [56.293, 6.181491205036059e6], [73.351, 6.401633629881453e6], [81.437, 6.621482248205245e6], [120.066, 6.621845832174574e6], [155.331, 6.732034145993754e6], [189.003, 6.843537685474262e6], [224.344, 6.952500346169048e6], [263.236, 7.173822547759198e6], [311.731, 7.284453993370434e6], [377.506, 7.284505451240071e6], [485.925, 7.505682275789857e6], [1009.154, 7.615563877296164e6], [1186.121, 7.725559460542348e6], [1399.323, 7.945621213722082e6], [1576.055, 7.94562121372208e6], [1822.363, 7.946644586263958e6], [2341.906, 8.056020346855634e6], [2696.104, 8.0566503481501825e6], [3069.887, 8.056547189940473e6], [3600.029, 8.166361829602848e6]]"
y_pb,[[-0.0 -0.0 -0.0 0.0 -0.0 -0.0 -0.0 -0.0 -0.0 -0.0; -0.0 -0.0 -0.0 -0.0 -0.0 -0.0 11.999999999999996 20.0 -0.0 -0.0; -0.0 -0.0 -0.0 -0.0 -0.0 -0.0 -0.0 0.0 -0.0 -0.0; -0.0 -0.0 -0.0 -0.0 -0.0 -0.0 -0.0 -0.0 31.0 -0.0;;;]]
x_bb,"[0.0, 32.0, 0.0, 31.0]"
x_box,"[0.0, 44.0, 0.0, 19.0]"
evol_zeta,"[[1.868, 35.333333333333336], [2.355, 30.0], [2.409, 29.0], [2.542, 23.6], [2.786, 23.25], [3.063, 21.5], [3.642, 19.75], [4.225, 19.5], [4.847, 17.799999999999997], [5.811, 17.0], [9.988, 16.666666666666664], [14.743, 17.2], [16.503, 16.6], [21.985, 19.0], [25.536, 15.8], [30.476, 16.4], [34.83, 15.33333333333333], [56.323, 14.333333333333332], [73.4, 14.0], [81.48, 14.0], [120.128, 14.333333333333334], [155.397, 13.833333333333334], [189.058, 14.333333333333332], [224.392, 13.714285714285722], [263.283, 13.142857144271431], [311.78, 13.666666666666686], [377.559, 13.571428571428571], [485.982, 13.333335165951837], [1009.206, 12.333333333333332], [1186.183, 13.0], [1399.379, 11.500000001250001], [1576.113, 12.428571428571429], [1822.42, 13.399999999999999], [2341.932, 13.333333333333334], [2696.168, 11.500000001250001], [3069.944, 12.285714285714286], [3600.045, 0.0]]"
ξ_box,[-0.0 14.0 17.0 20.0 29.0; 0.0 8.0 14.0 16.0 23.0; 5.0 20.0 14.0 24.0 22.0; 18.0 20.0 1.0 22.0 30.0; 30.0 0.0 19.0 16.0 23.0; 10.0 10.0 9.0 0.0 2.9999999999999996; 3.0 17.0 16.0 0.0 0.0; 3.0 18.0 19.0 0.0 0.0; 26.0 17.0 14.0 22.0 0.0; 36.0 12.0 14.0 16.0 0.0]
