first,second
s_box,[-0.0 -0.0 7.0 -0.0 1.0; -0.0 3.999997970688695 18.0 10.0 -0.0; -0.0 13.0 16.0 12.0 3.0; -0.0 23.0 14.0 -0.0 11.0; -0.0 6.0 -0.0 -0.0 13.0; 4.0 7.0 -0.0 -0.0 12.0; -0.0 1.9999918827510597 0.0 -0.0 10.0; 15.0 -0.0 0.0 4.0 -0.0; -0.0 -0.0 -0.0 16.0 -0.0; 35.0 -0.0 8.101339874235375e-6 12.0 5.0]
x_pb,"[19.0, 38.0, -0.0, -0.0]"
s_bb,[2.0 -0.0 -0.0 -0.0 -0.0; 20.0 -0.0 -0.0 -0.0 -0.0; 20.0 -0.0 -0.0 -0.0 -0.0; 23.0 -0.0 -0.0 -0.0 -0.0; 18.0 -0.0 -0.0 -0.0 -0.0; 17.0 -0.0 -0.0 -0.0 -0.0; 18.0 -0.0 -0.0 -0.0 -0.0; 0.0 -0.0 -0.0 -0.0 -0.0; 0.0 -0.0 -0.0 -0.0 -0.0; 35.0 -0.0 -0.0 -0.0 -0.0]
partition_bb,"[[[0.0, 0.0, 0.0, 0.0, 0.0, 0.0, 1.0, 11.0, 11.0, 35.0], [6.0, 9.0, 12.0, 23.0, 6.0, 4.0, 3.0, 0.0, 0.0, 0.0], [21.0, 18.0, 15.0, 4.0, 0.0, 0.0, 0.0, 0.0, 0.0, 0.0], [0.0, 0.0, 0.0, 0.0, 12.0, 14.0, 18.0, 8.0, 8.0, 0.0], [0.0, 0.0, 0.0, 0.0, 6.0, 8.0, 9.0, 19.0, 17.0, 0.0], [0.0, 0.0, 0.0, 1.0, 18.0, 16.0, 12.0, 5.0, 5.0, 0.0], [14.0, 17.0, 20.0, 9.0, 0.0, 0.0, 0.0, 0.0, 0.0, 0.0], [0.0, 0.0, 0.0, 0.0, 6.0, 8.0, 9.0, 17.0, 19.0, 0.0], [17.0, 20.0, 17.0, 6.0, 0.0, 0.0, 0.0, 0.0, 0.0, 0.0], [0.0, 0.0, 0.0, 0.0, 15.0, 17.0, 13.0, 6.0, 6.0, 0.0]], Vector{Float64}[], Vector{Float64}[], Vector{Float64}[], Vector{Float64}[]]"
y_box,[-0.0 -0.0 -0.0 12.0 2.0 -0.0 -0.0 -0.0 -0.0 -0.0; 10.0 -0.0 -0.0 -0.0 -0.0 -0.0 -0.0 -0.0 13.0 -0.0; -0.0 6.0 4.0 3.0 -0.0 -0.0 5.0 -0.0 -0.0 -0.0; -0.0 -0.0 -0.0 -0.0 -0.0 -0.0 -0.0 -0.0 -0.0 -0.0;;; 7.9999979707531805 6.000002026812241 0.0 0.0 -0.0 -0.0 -0.0 -0.0 -0.0 -0.0; -0.0 -0.0 -0.0 -0.0 -0.0 -0.0 9.0 8.0 6.0 -0.0; -0.0 -0.0 -0.0 -0.0 0.0 0.0 8.11524894043714e-6 -0.0 -0.0 19.99999188566015; -0.0 -0.0 -0.0 -0.0 -0.0 -0.0 0.0 -0.0 -0.0 -0.0;;; 14.0 0.0 0.0 0.0 -0.0 -0.0 -0.0 -0.0 -0.0 -0.0; -0.0 -0.0 -0.0 1.0 6.081270053411679e-6 2.022645573359449e-6 1.0 11.0 9.0 0.9999918969934607; -0.0 -0.0 -0.0 -0.0 -0.0 -0.0 -0.0 -0.0 -0.0 20.0; -0.0 -0.0 -0.0 -0.0 -0.0 -0.0 -0.0 -0.0 -0.0 0.0;;; 1.0 -0.0 -0.0 1.0 -0.0 11.0 -0.0 -0.0 1.0 -0.0; 10.0 -0.0 -0.0 -0.0 1.0 -0.0 7.0 5.0 -0.0 -0.0; 2.0 -0.0 0.0 -0.0 12.0 -0.0 -0.0 6.0 -0.0 -0.0; -0.0 -0.0 -0.0 -0.0 -0.0 -0.0 -0.0 -0.0 -0.0 -0.0;;; 8.0 6.0 0.0 -0.0 -0.0 -0.0 -0.0 -0.0 -0.0 -0.0; -0.0 -0.0 -0.0 -0.0 0.0 0.0 5.0 10.0 8.0 -0.0; -0.0 -0.0 -0.0 -0.0 -0.0 -0.0 -0.0 -0.0 -0.0 20.0; -0.0 -0.0 -0.0 -0.0 -0.0 -0.0 -0.0 0.0 -0.0 -0.0]
evol_bb,"[[3328.285, 1.2521228495292515e7]]"
y_bb,[19.0 0.0 0.0 0.0 -0.0 -0.0 -0.0 -0.0 -0.0 -0.0; -0.0 -0.0 -0.0 -0.0 0.0 0.0 0.0 19.0 19.0 -0.0; -0.0 -0.0 -0.0 -0.0 -0.0 -0.0 -0.0 -0.0 -0.0 0.0; -0.0 -0.0 -0.0 -0.0 -0.0 -0.0 -0.0 -0.0 -0.0 -0.0;;; -0.0 -0.0 -0.0 -0.0 -0.0 -0.0 -0.0 -0.0 -0.0 -0.0; -0.0 -0.0 -0.0 -0.0 -0.0 -0.0 -0.0 -0.0 -0.0 -0.0; -0.0 -0.0 -0.0 -0.0 -0.0 -0.0 -0.0 -0.0 -0.0 -0.0; -0.0 -0.0 -0.0 -0.0 -0.0 -0.0 -0.0 -0.0 -0.0 -0.0;;; -0.0 -0.0 -0.0 -0.0 -0.0 -0.0 -0.0 -0.0 -0.0 -0.0; -0.0 -0.0 -0.0 -0.0 -0.0 -0.0 -0.0 -0.0 -0.0 -0.0; -0.0 -0.0 -0.0 -0.0 -0.0 -0.0 -0.0 -0.0 -0.0 -0.0; -0.0 -0.0 -0.0 -0.0 -0.0 -0.0 -0.0 -0.0 -0.0 -0.0;;; -0.0 -0.0 -0.0 -0.0 -0.0 -0.0 -0.0 -0.0 -0.0 -0.0; -0.0 -0.0 -0.0 -0.0 -0.0 -0.0 -0.0 -0.0 -0.0 -0.0; -0.0 -0.0 -0.0 -0.0 -0.0 -0.0 -0.0 -0.0 -0.0 -0.0; -0.0 -0.0 -0.0 -0.0 -0.0 -0.0 -0.0 -0.0 -0.0 -0.0;;; -0.0 -0.0 -0.0 -0.0 -0.0 -0.0 -0.0 -0.0 -0.0 -0.0; -0.0 -0.0 -0.0 -0.0 -0.0 -0.0 -0.0 -0.0 -0.0 -0.0; -0.0 -0.0 -0.0 -0.0 -0.0 -0.0 -0.0 -0.0 -0.0 -0.0; -0.0 -0.0 -0.0 -0.0 -0.0 -0.0 -0.0 -0.0 -0.0 -0.0]
evol_box,"[[0.415, 0.0], [2.124, 82361.56442889008], [2.224, 492051.00068171625], [2.261, 492051.00068171625], [2.34, 492051.00068171625], [2.454, 492051.00068171625], [3.424, 1.310029823987322e6], [4.865, 2.1284523303525215e6], [6.347, 2.1284521193905766e6], [8.797, 2.21006668447731e6], [10.925, 2.5375489369737427e6], [14.132, 2.8647558060912676e6], [18.711, 2.8647558060912676e6], [24.259, 2.8647558060912676e6], [29.379, 3.028402198172224e6], [35.892, 3.028402198172224e6], [45.612, 3.3558904566973047e6], [53.045, 3.356205115880027e6], [64.084, 3.519394076119736e6], [74.033, 3.519663108482271e6], [89.327, 3.6012650887316996e6], [100.11, 3.6012650887317136e6], [115.529, 3.601265088731714e6], [140.068, 3.7649062098462326e6], [173.357, 3.8467363377758274e6], [242.023, 4.010410527173795e6], [273.061, 4.092264258794903e6], [308.621, 4.337906309661897e6], [434.629, 4.2559244483627975e6], [469.83, 4.255934659295421e6], [501.49, 4.338283072508125e6], [583.718, 4.41974612702021e6], [630.82, 4.419605059795938e6], [1428.033, 4.337980522939916e6], [1488.707, 4.583346388021626e6], [1573.867, 4.501474958882077e6], [1788.989, 4.501474958882077e6], [1921.537, 4.50149720791307e6], [3600.044, 4.501505685925262e6]]"
y_pb,[[19.0 -0.0 -0.0 -0.0 -0.0 -0.0 -0.0 -0.0 -0.0 -0.0; -0.0 -0.0 -0.0 -0.0 -0.0 -0.0 -0.0 19.0 19.0 -0.0; -0.0 -0.0 -0.0 -0.0 -0.0 -0.0 -0.0 -0.0 -0.0 0.0; -0.0 -0.0 -0.0 -0.0 -0.0 -0.0 -0.0 -0.0 -0.0 0.0;;;]]
x_bb,"[19.0, 38.0, 0.0, 0.0]"
x_box,"[14.0, 23.0, 20.0, 0.0]"
evol_zeta,"[[1.651, 34.75], [2.205, 22.142857142857146], [2.239, 19.285714285714285], [2.309, 14.750000001575003], [2.37, 14.75], [2.503, 14.2], [3.489, 13.666666666666666], [4.905, 13.0], [6.4, 12.714285714285715], [8.864, 11.125], [10.991, 11.2], [14.239, 11.0], [18.804, 11.0], [24.343, 11.0], [29.461, 10.500000001150003], [35.98, 10.200000001120003], [45.693, 11.000000000000002], [53.149, 9.714285735920578], [64.151, 9.714285714285714], [74.093, 9.0], [89.401, 9.4], [100.237, 8.49999999999999], [115.603, 8.250000000925011], [140.177, 8.100000000000001], [173.423, 9.25], [242.102, 8.285714286642865], [273.127, 8.166666667583343], [308.701, 7.666666667533335], [434.707, 7.571428571428572], [469.908, 7.666666667533335], [501.561, 7.444444445288901], [583.794, 7.6250000008625065], [630.941, 7.500000000850001], [1428.117, 7.777777777777778], [1488.784, 7.444444444444445], [1573.947, 7.0], [1789.065, 7.333333334166667], [1921.622, 6.571428572185717], [3600.061, 0.0]]"
ξ_box,[10.0 7.999997972753181 21.0 13.0 9.0; 6.0 10.0 18.0 10.0 6.0; 4.0 13.0 16.0 12.0 3.0; 15.0 23.0 15.0 1.0 11.0; 2.0 6.0 6.082936720078346e-6 13.0 13.0; 4.0 7.0 2.0243122400261155e-6 11.0 12.0; 5.0 11.0 1.0 7.0 15.0; 15.0 8.0 11.0 15.0 10.0; 13.0 6.0 9.0 17.0 8.0; 35.0 19.99999188766015 21.0 12.0 25.0]
