first,second
s_box,[16.0 0.0; 6.0 22.0; 0.0 0.0; 11.0 11.0; 13.0 16.0; 14.0 16.0; 8.0 8.0; 4.0 4.0; 12.0 12.0; 24.0 19.0]
x_pb,"[30.0, 25.0, -0.0, -0.0]"
s_bb,[1.0 16.0; 23.0 7.0; 0.0 0.0; 11.0 11.0; 16.0 12.0; 16.0 14.0; 7.0 8.0; 3.0 4.0; 12.0 12.0; 19.0 24.0]
partition_bb,"[[[0.0, 19.0, 25.0, 6.0, 3.0, 2.0, 0.0, 0.0, 0.0, 0.0], [17.0, 0.0, 0.0, 3.0, 11.0, 16.0, 8.0, 0.0, 0.0, 0.0], [0.0, 0.0, 0.0, 3.0, 11.0, 16.0, 8.0, 0.0, 4.0, 16.0], [0.0, 16.0, 22.0, 3.0, 0.0, 0.0, 0.0, 4.0, 12.0, 0.0], [0.0, 27.0, 21.0, 6.0, 3.0, 0.0, 0.0, 0.0, 0.0, 0.0], [24.0, 13.0, 19.0, 0.0, 0.0, 0.0, 0.0, 0.0, 0.0, 0.0], [0.0, 24.0, 18.0, 11.0, 3.0, 0.0, 0.0, 0.0, 0.0, 0.0], [0.0, 0.0, 1.0, 8.0, 16.0, 11.0, 8.0, 0.0, 0.0, 0.0], [0.0, 0.0, 0.0, 2.0, 10.0, 15.0, 7.0, 0.0, 6.0, 18.0], [25.0, 0.0, 0.0, 5.0, 13.0, 8.0, 5.0, 0.0, 0.0, 0.0], [0.0, 19.0, 13.0, 0.0, 0.0, 0.0, 0.0, 0.0, 7.0, 19.0], [25.0, 0.0, 0.0, 1.0, 9.0, 14.0, 6.0, 0.0, 0.0, 0.0]], [[41.0, 9.0, 7.0, 0.0, 0.0, 0.0, 0.0, 0.0, 0.0, 0.0], [0.0, 6.0, 0.0, 0.0, 0.0, 0.0, 0.0, 4.0, 12.0, 24.0], [30.0, 0.0, 0.0, 0.0, 8.0, 13.0, 5.0, 0.0, 0.0, 0.0], [28.0, 4.0, 10.0, 11.0, 3.0, 0.0, 0.0, 0.0, 0.0, 0.0], [26.0, 18.0, 12.0, 0.0, 0.0, 0.0, 0.0, 0.0, 0.0, 0.0], [0.0, 12.0, 18.0, 11.0, 3.0, 0.0, 8.0, 4.0, 0.0, 0.0], [28.0, 0.0, 0.0, 4.0, 12.0, 7.0, 4.0, 0.0, 0.0, 0.0], [25.0, 0.0, 0.0, 1.0, 9.0, 14.0, 6.0, 0.0, 0.0, 0.0], [0.0, 0.0, 0.0, 5.0, 13.0, 8.0, 5.0, 0.0, 7.0, 19.0]]]"
y_box,[25.0 0.0 0.0 0.0 0.0 0.0 0.0 0.0 0.0 0.0; 0.0 12.0 18.0 0.0 0.0 0.0 0.0 0.0 0.0 0.0; 0.0 0.0 0.0 0.0 0.0 0.0 0.0 0.0 0.0 0.0; 0.0 0.0 0.0 0.0 0.0 0.0 0.0 0.0 0.0 0.0;;; 25.0 0.0 0.0 0.0 0.0 0.0 0.0 0.0 0.0 0.0; 0.0 5.0 25.0 0.0 0.0 0.0 0.0 0.0 0.0 0.0; 0.0 0.0 0.0 0.0 0.0 0.0 0.0 0.0 0.0 0.0; 0.0 0.0 0.0 0.0 0.0 0.0 0.0 0.0 0.0 0.0]
evol_bb,"[[0.703, 1.5266401285330895e7], [1.118, 1.5266401285330893e7], [11.768, 1.5148058562698701e7], [26.895, 1.502971584006651e7], [38.864, 1.4911373117434317e7], [47.308, 1.4676990764734214e7], [51.805, 1.4674694380373867e7], [60.257, 1.4674687672169931e7], [114.145, 1.4319661740341334e7], [123.038, 1.4085198553850083e7], [124.254, 1.408297405900897e7], [176.271, 1.3846288613744587e7], [184.233, 1.3727945891112393e7], [215.115, 1.3611792956310349e7], [229.35, 1.3374129857918458e7], [232.427, 1.3136250166495252e7], [255.135, 1.301789166677542e7], [262.565, 1.2899802284379274e7], [262.593, 1.2899579999655945e7], [267.351, 1.2899562485162891e7], [268.523, 1.289954894414323e7], [268.583, 1.2899548944143228e7], [268.99, 1.2899548416279186e7], [3600.001, 1.2781460089611124e7]]"
y_bb,[23.0 2.0 0.0 0.0 0.0 0.0 1.0 1.0 0.0 0.0; 1.0 2.0 25.0 0.0 0.0 0.0 0.0 0.0 0.0 0.0; 0.0 0.0 0.0 0.0 0.0 0.0 0.0 0.0 0.0 0.0; 0.0 0.0 0.0 0.0 0.0 0.0 0.0 0.0 0.0 0.0;;; 25.0 1.0 0.0 0.0 1.0 0.0 0.0 0.0 0.0 0.0; 0.0 10.0 18.0 0.0 0.0 0.0 0.0 0.0 0.0 0.0; 0.0 0.0 0.0 0.0 0.0 0.0 0.0 0.0 0.0 0.0; 0.0 0.0 0.0 0.0 0.0 0.0 0.0 0.0 0.0 0.0]
evol_box,"[[0.547, 0.0], [2.588, 236919.4553143821], [2.689, 236919.4553143821], [2.712, 2.6047099294977686e6], [2.731, 4.261584091667319e6], [2.817, 6.154039003331863e6], [2.843, 6.390742894420967e6], [2.93, 7.100821590893896e6], [3.033, 7.810832120182555e6], [3.103, 8.165842150311716e6], [3.205, 8.758030577126684e6], [3.317, 8.99425934650448e6], [3.408, 9.349265681585327e6], [3.544, 9.704337265889768e6], [3.736, 1.0059323073106568e7], [3.837, 1.0177664160089567e7], [3.951, 1.0296011157691179e7], [4.106, 1.041434957802229e7], [4.222, 1.0532692380043203e7], [4.368, 1.0769379408899723e7], [4.553, 1.1006063270571973e7], [4.748, 1.1124432048932258e7], [4.913, 1.1242766604380177e7], [5.163, 1.1242773312584082e7], [5.379, 1.1479462328285012e7], [5.615, 1.1597794772276752e7], [5.879, 1.1716121189957261e7], [6.141, 1.171612330141344e7], [6.386, 1.1834466024045631e7], [6.627, 1.1834541801133273e7], [6.85, 1.20711477742617e7], [7.11, 1.2071147774266414e7], [7.371, 1.20711477742617e7], [7.629, 1.2071149357853837e7], [7.915, 1.2071165662805524e7], [8.193, 1.2189491024757938e7], [8.497, 1.2307851108069904e7], [8.893, 1.2426179637206597e7], [9.227, 1.2426187525750417e7], [9.552, 1.24261938307021e7], [9.846, 1.242621333225491e7], [10.274, 1.2544520248382606e7], [10.64, 1.2544520248382606e7], [11.066, 1.2544520248382606e7], [11.54, 1.2544536553334288e7], [11.939, 1.2544543261538224e7], [12.255, 1.2544544471294967e7], [12.541, 1.2544549595906766e7], [13.048, 1.2662861387422666e7], [13.511, 1.266286585955862e7], [13.885, 1.2662867443150751e7], [14.279, 1.266287480383053e7], [14.604, 1.2662879151354687e7], [15.005, 1.2662879216932565e7], [15.36, 1.266287927596648e7], [15.681, 1.2662880082470978e7], [16.046, 1.2662882193927161e7], [16.386, 1.266288508247098e7], [16.724, 1.2662889554606935e7], [17.059, 1.2781204110054856e7], [17.41, 1.2781205693646992e7], [17.723, 1.2781206221511036e7], [18.072, 1.2781206221510986e7], [18.422, 1.2781206695936587e7], [18.747, 1.278120934925326e7], [19.455, 1.2781217526462723e7], [19.839, 1.278121858219081e7], [20.242, 1.2781221942436028e7], [20.545, 1.2781222805103173e7], [20.98, 1.2781224234666655e7], [21.449, 1.2781224388695307e7], [21.909, 1.278122609689924e7], [22.211, 1.278122609689924e7]]"
y_pb,[[30.0 -0.0 -0.0 -0.0 -0.0 -0.0 -0.0 -0.0 -0.0 -0.0; -0.0 -0.0 24.999999999999996 -0.0 -0.0 -0.0 -0.0 -0.0 -0.0 -0.0; -0.0 -0.0 -0.0 -0.0 -0.0 0.0 -0.0 -0.0 -0.0 -0.0; -0.0 -0.0 -0.0 -0.0 -0.0 0.0 -0.0 -0.0 -0.0 -0.0;;;]]
x_bb,"[27.0, 28.0, 0.0, 0.0]"
x_box,"[25.0, 30.0, 0.0, 0.0]"
evol_zeta,"[[2.139, 40.33333333333333], [2.681, 24.0], [2.704, 21.75], [2.718, 18.25], [2.744, 16.0], [2.821, 14.5], [2.85, 14.833333333333332], [2.964, 12.0], [3.04, 11.6], [3.11, 10.0], [3.212, 14.749999999999998], [3.323, 9.0], [3.42, 9.0], [3.551, 10.0], [3.739, 6.666666666666664], [3.852, 13.4], [3.96, 8.0], [4.116, 8.166666666666668], [4.231, 5.500000000000005], [4.375, 5.333333333333332], [4.56, 6.0], [4.753, 8.000000000900002], [4.947, 5.399999999999974], [5.194, 5.000000000600011], [5.397, 5.500000000000001], [5.622, 5.0], [5.89, 5.0], [6.152, 5.0], [6.396, 4.333333333333332], [6.637, 4.6666666666666705], [6.858, 10.0], [7.118, 6.142857142857144], [7.378, 7.666666666666664], [7.665, 4.0], [7.925, 3.000000000400007], [8.202, 5.0], [8.511, 3.0], [8.903, 3.0], [9.241, 5.333333333333329], [9.562, 2.0], [9.856, 3.000000000400007], [10.28, 1.4999999999999911], [10.658, 3.75], [11.076, 1.5], [11.551, 2.6000000000000014], [11.95, 2.0], [12.266, 1.3333333333333333], [12.554, 1.666666666666666], [13.058, 4.0], [13.518, 4.750000000000002], [13.895, 5.0], [14.291, 2.666666666666668], [14.616, 2.0], [15.016, 0.8000000000000007], [15.37, 0.6666666666666714], [15.693, 3.0000000000000004], [16.067, 2.0], [16.418, 2.142857142857146], [16.734, 1.2000000000000006], [17.07, 1.75], [17.421, 1.0], [17.735, 0.3333333333333333], [18.082, 2.0], [18.439, 0.6666666666666643], [18.759, 2.0000000000000115], [19.462, 2.0], [19.849, 1.75], [20.254, 0.666666666666662], [20.556, 2.0], [20.99, 1.3333333333333324], [21.461, 1.1999999999999997], [21.921, 7.999607988917745e-6], [22.227, 0.0]]"
ξ_box,[41.0 25.0; 18.0 27.0; 18.0 25.0; 11.0 11.0; 13.0 16.0; 14.0 16.0; 8.0 8.0; 4.0 4.0; 12.0 12.0; 24.0 19.0]
