first,second
s_box,[0.0; 23.0; 2.0; 27.0; 24.0; 28.0; 25.0; 13.0; 9.0; 0.0;;]
x_pb,"[26.0, 21.0, -0.0, 4.0]"
s_bb,[0.0; 23.0; 2.0; 27.0; 24.0; 28.0; 25.0; 13.0; 9.0; 0.0;;]
partition_bb,"[[[0.0, 0.0, 0.0, 2.0, 13.0, 28.0, 9.0, 0.0, 0.0, 0.0], [26.0, 15.0, 12.0, 0.0, 0.0, 0.0, 0.0, 0.0, 0.0, 0.0], [0.0, 1.0, 7.0, 27.0, 16.0, 1.0, 0.0, 0.0, 0.0, 0.0], [0.0, 0.0, 0.0, 0.0, 3.0, 6.0, 25.0, 11.0, 7.0, 0.0], [9.0, 17.0, 23.0, 3.0, 2.0, 0.0, 0.0, 0.0, 0.0, 0.0], [0.0, 0.0, 3.0, 13.0, 24.0, 9.0, 2.0, 0.0, 0.0, 0.0], [12.0, 23.0, 17.0, 0.0, 0.0, 0.0, 0.0, 0.0, 0.0, 0.0], [0.0, 0.0, 0.0, 0.0, 11.0, 26.0, 7.0, 0.0, 0.0, 4.0], [21.0, 10.0, 7.0, 0.0, 0.0, 0.0, 0.0, 5.0, 9.0, 0.0], [0.0, 10.0, 4.0, 11.0, 0.0, 0.0, 0.0, 13.0, 9.0, 4.0]]]"
y_box,[26.0 0.0 -0.0 -0.0 -0.0 -0.0 -0.0 -0.0 -0.0 -0.0; -0.0 -0.0 21.0 0.0 -0.0 -0.0 -0.0 -0.0 -0.0 -0.0; -0.0 -0.0 -0.0 -0.0 0.0 0.0 0.0 -0.0 -0.0 -0.0; -0.0 -0.0 -0.0 -0.0 -0.0 -0.0 -0.0 0.0 0.0 4.0;;;]
evol_bb,"[[0.328, 1.666928255723378e7]]"
y_bb,[26.0 0.0 -0.0 -0.0 -0.0 -0.0 -0.0 -0.0 -0.0 -0.0; -0.0 -0.0 21.0 0.0 -0.0 -0.0 -0.0 -0.0 -0.0 -0.0; -0.0 -0.0 -0.0 -0.0 0.0 0.0 0.0 -0.0 -0.0 -0.0; -0.0 -0.0 -0.0 -0.0 -0.0 -0.0 -0.0 0.0 0.0 4.0;;;]
evol_box,"[[0.456, 0.0], [2.205, 111594.03532498845], [2.288, 5.961458200509199e6], [2.295, 9.052384275328847e6], [2.303, 1.2805651651895562e7], [2.31, 1.4240717966411766e7], [2.317, 1.5123839702074522e7], [2.323, 1.578618100382159e7], [2.326, 1.6227721689402401e7], [2.332, 1.6448502123318091e7], [2.335, 1.666928255723378e7]]"
y_pb,[[26.0 -0.0 -0.0 -0.0 -0.0 -0.0 -0.0 -0.0 -0.0 -0.0; -0.0 -0.0 21.0 -0.0 -0.0 -0.0 -0.0 -0.0 -0.0 -0.0; -0.0 -0.0 -0.0 -0.0 0.0 -0.0 -0.0 -0.0 -0.0 -0.0; -0.0 -0.0 -0.0 -0.0 -0.0 -0.0 -0.0 -0.0 -0.0 4.0;;;]]
x_bb,"[26.0, 21.0, 0.0, 4.0]"
x_box,"[26.0, 21.0, 0.0, 4.0]"
evol_zeta,"[[1.772, 27.75], [2.287, 25.333333333333332], [2.294, 24.8], [2.302, 15.8], [2.309, 10.399999999999999], [2.316, 8.0], [2.322, 5.666666666666664], [2.325, 4.0], [2.331, 2.0], [2.334, 2.0], [2.337, 0.0]]"
ξ_box,[26.0; 23.0; 23.0; 27.0; 24.0; 28.0; 25.0; 13.0; 9.0; 4.0;;]
