first,second
s_box,[30.0 0.0 0.0 0.0; 21.0 0.0 14.0 18.0; 15.0 15.0 0.0 13.0; 10.0 0.0 6.0 10.0; 1.0 14.0 0.0 2.0; 0.0 8.0 14.0 3.0; 0.0 14.0 14.0 6.0; 0.0 22.0 0.0 18.0; 0.0 0.0 14.0 0.0; 0.0 0.0 14.0 6.0]
x_pb,"[-0.0, -0.0, 0.0, 44.0]"
s_bb,[32.0 -0.0 -0.0 -0.0; 23.0 -0.0 -0.0 -0.0; 15.0 -0.0 -0.0 -0.0; 10.0 -0.0 -0.0 -0.0; 18.0 -0.0 -0.0 -0.0; 16.0 -0.0 -0.0 -0.0; 19.0 -0.0 -0.0 -0.0; 22.0 -0.0 -0.0 -0.0; 0.0 -0.0 -0.0 -0.0; 14.0 -0.0 -0.0 -0.0]
partition_bb,"[[[32.0, 8.0, 4.0, 0.0, 0.0, 0.0, 0.0, 0.0, 0.0, 0.0], [0.0, 0.0, 0.0, 0.0, 0.0, 0.0, 0.0, 0.0, 15.0, 29.0], [0.0, 0.0, 0.0, 0.0, 6.0, 7.0, 10.0, 22.0, 0.0, 0.0], [0.0, 23.0, 7.0, 2.0, 0.0, 0.0, 0.0, 12.0, 0.0, 0.0], [0.0, 0.0, 0.0, 0.0, 0.0, 0.0, 0.0, 0.0, 29.0, 15.0], [0.0, 0.0, 4.0, 9.0, 18.0, 11.0, 5.0, 2.0, 0.0, 0.0], [0.0, 0.0, 0.0, 0.0, 6.0, 13.0, 19.0, 7.0, 0.0, 0.0], [18.0, 0.0, 15.0, 10.0, 1.0, 0.0, 0.0, 0.0, 0.0, 0.0], [0.0, 0.0, 0.0, 4.0, 13.0, 16.0, 10.0, 1.0, 0.0, 0.0]], Vector{Float64}[], Vector{Float64}[], Vector{Float64}[]]"
y_box,[2.0 0.0 0.0 0.0 0.0 0.0 0.0 0.0 0.0 0.0; 0.0 0.0 0.0 0.0 0.0 0.0 0.0 0.0 0.0 0.0; 0.0 0.0 0.0 0.0 0.0 0.0 0.0 0.0 0.0 0.0; 0.0 0.0 0.0 0.0 0.0 0.0 0.0 0.0 20.0 22.0;;; 2.0 0.0 0.0 0.0 0.0 0.0 0.0 0.0 0.0 0.0; 0.0 0.0 0.0 0.0 0.0 0.0 0.0 0.0 0.0 0.0; 0.0 0.0 0.0 0.0 0.0 0.0 0.0 0.0 0.0 0.0; 27.0 5.0 0.0 10.0 0.0 0.0 0.0 0.0 0.0 0.0;;; 2.0 0.0 0.0 0.0 0.0 0.0 0.0 0.0 0.0 0.0; 0.0 0.0 0.0 0.0 0.0 0.0 0.0 0.0 0.0 0.0; 0.0 0.0 0.0 0.0 0.0 0.0 0.0 0.0 0.0 0.0; 12.0 0.0 1.0 0.0 15.0 0.0 0.0 14.0 0.0 0.0;;; 0.0 0.0 2.0 0.0 0.0 0.0 0.0 0.0 0.0 0.0; 0.0 0.0 0.0 0.0 0.0 0.0 0.0 0.0 0.0 0.0; 0.0 0.0 0.0 0.0 0.0 0.0 0.0 0.0 0.0 0.0; 0.0 0.0 0.0 0.0 0.0 0.0 0.0 0.0 19.0 23.0]
evol_bb,"[[156.994, 1.756741265914151e7]]"
y_bb,[0.0 0.0 0.0 0.0 -0.0 -0.0 -0.0 -0.0 -0.0 -0.0; -0.0 -0.0 -0.0 -0.0 -0.0 -0.0 -0.0 -0.0 -0.0 -0.0; -0.0 -0.0 -0.0 -0.0 0.0 0.0 0.0 0.0 -0.0 -0.0; -0.0 -0.0 -0.0 -0.0 -0.0 -0.0 -0.0 -0.0 29.0 15.0;;; -0.0 -0.0 -0.0 -0.0 -0.0 -0.0 -0.0 -0.0 -0.0 -0.0; -0.0 -0.0 -0.0 -0.0 -0.0 -0.0 -0.0 -0.0 -0.0 -0.0; -0.0 -0.0 -0.0 -0.0 -0.0 -0.0 -0.0 -0.0 -0.0 -0.0; -0.0 -0.0 -0.0 -0.0 -0.0 -0.0 -0.0 -0.0 -0.0 -0.0;;; -0.0 -0.0 -0.0 -0.0 -0.0 -0.0 -0.0 -0.0 -0.0 -0.0; -0.0 -0.0 -0.0 -0.0 -0.0 -0.0 -0.0 -0.0 -0.0 -0.0; -0.0 -0.0 -0.0 -0.0 -0.0 -0.0 -0.0 -0.0 -0.0 -0.0; -0.0 -0.0 -0.0 -0.0 -0.0 -0.0 -0.0 -0.0 -0.0 -0.0;;; -0.0 -0.0 -0.0 -0.0 -0.0 -0.0 -0.0 -0.0 -0.0 -0.0; -0.0 -0.0 -0.0 -0.0 -0.0 -0.0 -0.0 -0.0 -0.0 -0.0; -0.0 -0.0 -0.0 -0.0 -0.0 -0.0 -0.0 -0.0 -0.0 -0.0; -0.0 -0.0 -0.0 -0.0 -0.0 -0.0 -0.0 -0.0 -0.0 -0.0]
evol_box,"[[0.468, 0.0], [2.282, 1558.418793838995], [2.447, 2498.446565851393], [2.474, 105455.95791787458], [2.636, 208618.44204764592], [2.789, 2.495454684545127e6], [3.044, 2.495454684545127e6], [3.353, 2.7035345471884543e6], [3.569, 2.703534547188453e6], [3.916, 3.0158785205247346e6], [4.374, 3.223125296127278e6], [5.503, 3.8470141333087957e6], [7.502, 3.847047317605248e6], [8.61, 4.0545204223280745e6], [9.418, 4.054520422328075e6], [11.586, 4.0552818643120946e6], [14.542, 4.470250328246221e6], [16.519, 4.678606534518637e6], [20.403, 4.885968833095296e6], [24.403, 4.885968833095296e6], [27.558, 4.886040587016851e6], [32.566, 5.509681355338743e6], [38.347, 5.509914702824527e6], [45.332, 5.717674053235311e6], [52.113, 5.718424447063479e6], [61.866, 5.821795494004172e6], [72.913, 5.9254398524123235e6], [82.025, 5.925451253481404e6], [100.826, 6.238024695179316e6], [118.914, 6.238187218669973e6], [139.64, 6.34123966120822e6], [157.068, 6.34161428685617e6], [181.041, 6.549813984256293e6], [201.513, 6.653099476587483e6], [220.828, 6.653171944099429e6], [244.974, 6.653197970620666e6], [280.173, 6.653961033409644e6], [313.943, 6.861473578772663e6], [354.453, 6.861473578772663e6], [383.028, 6.965039276415778e6], [420.311, 6.965110907213299e6], [468.52, 7.069261439191834e6], [515.299, 7.1728343264971115e6], [607.276, 7.1728343264971115e6], [698.837, 7.277314699290843e6], [861.236, 7.381335177906156e6], [1062.431, 7.380699279456185e6], [1239.386, 7.484646381387888e6], [1341.772, 7.4846463813878875e6], [1567.934, 7.484760160622129e6], [1715.435, 7.4850526089576185e6], [1929.739, 7.692540585251296e6], [2264.611, 7.692924302847204e6], [2628.259, 7.797173890189833e6], [2966.313, 7.9004347891147025e6], [3399.252, 7.9004347891147025e6], [3600.026, 8.00441180169963e6]]"
y_pb,[[0.0 -0.0 -0.0 -0.0 -0.0 -0.0 -0.0 -0.0 -0.0 -0.0; -0.0 -0.0 -0.0 -0.0 -0.0 -0.0 0.0 -0.0 -0.0 -0.0; -0.0 -0.0 -0.0 -0.0 -0.0 -0.0 -0.0 -0.0 0.0 -0.0; -0.0 -0.0 -0.0 -0.0 -0.0 -0.0 -0.0 -0.0 28.999999999999996 15.000000000000004;;;]]
x_bb,"[0.0, 0.0, 0.0, 44.0]"
x_box,"[2.0, 0.0, 0.0, 42.0]"
evol_zeta,"[[2.372, 29.0], [2.457, 21.75], [2.486, 19.333333333333332], [2.655, 18.5], [2.803, 17.4], [3.058, 17.166666666666664], [3.377, 16.833333333333336], [3.621, 15.799999999999999], [3.96, 15.333333333333332], [4.393, 16.0], [5.567, 14.0], [7.541, 14.0], [8.654, 14.000003666170338], [9.435, 13.0], [11.644, 13.66666666666667], [14.56, 14.5], [16.545, 14.0], [20.459, 12.833333333333336], [24.473, 13.666666666666666], [27.587, 12.0], [32.596, 13.0], [38.401, 12.000000000000007], [45.405, 12.833333333333334], [52.147, 11.4], [61.907, 12.4], [72.969, 11.399999999999999], [82.092, 11.0], [100.897, 11.750006746183367], [118.968, 10.8], [139.708, 11.4], [157.086, 11.333333333333332], [181.09, 10.8], [201.552, 11.5], [220.854, 10.8], [244.995, 10.5], [280.253, 10.75], [313.972, 11.666666666666666], [354.474, 10.8], [383.069, 10.8], [420.38, 11.166666666666664], [468.601, 10.333333333333332], [515.327, 10.75], [607.341, 10.6], [698.908, 10.2], [861.316, 10.749999999999995], [1062.499, 10.2], [1239.418, 10.2], [1341.802, 10.999999999999996], [1567.988, 10.249999999999973], [1715.483, 10.199999999999998], [1929.789, 9.4], [2264.646, 9.666666666666666], [2628.311, 10.200000000000008], [2966.356, 9.333333333333332], [3399.285, 9.400000000000002], [3600.045, 0.0]]"
ξ_box,[32.0 29.0 14.0 -0.0; 21.0 5.0 14.0 18.0; 15.0 15.0 1.0 15.0; 10.0 10.0 6.0 10.0; 1.0 14.0 15.0 2.0; 0.0 8.0 14.0 3.0; -0.0 14.0 14.0 6.0; -0.0 22.0 14.0 18.0; 20.0 -0.0 14.0 19.0; 22.0 -0.0 14.0 29.0]
