first,second
s_box,[0.0 14.0 11.0; 8.0 13.0 11.0; 13.0 0.0 0.0; 9.0 0.0 0.0; 17.0 10.0 22.0; 19.0 12.0 24.0; 15.0 11.0 21.0; 11.0 13.0 20.0; 16.0 22.0 0.0; 0.0 14.0 0.0]
x_pb,"[-0.0, 41.0, 0.0, 10.0]"
s_bb,[27.0 -0.0 -0.0; 20.0 -0.0 -0.0; 0.0 -0.0 -0.0; 0.0 -0.0 -0.0; 24.0 -0.0 -0.0; 24.0 -0.0 -0.0; 22.0 -0.0 -0.0; 21.0 -0.0 -0.0; 24.0 -0.0 -0.0; 16.0 -0.0 -0.0]
partition_bb,"[[[27.0, 20.0, 4.0, 0.0, 0.0, 0.0, 0.0, 0.0, 0.0, 0.0], [0.0, 0.0, 0.0, 0.0, 0.0, 0.0, 0.0, 4.0, 22.0, 26.0], [0.0, 0.0, 9.0, 16.0, 24.0, 2.0, 0.0, 0.0, 0.0, 0.0], [0.0, 0.0, 0.0, 0.0, 0.0, 12.0, 22.0, 18.0, 0.0, 0.0], [0.0, 7.0, 23.0, 16.0, 8.0, 0.0, 0.0, 0.0, 0.0, 0.0], [0.0, 0.0, 0.0, 0.0, 1.0, 24.0, 14.0, 14.0, 0.0, 0.0], [0.0, 0.0, 0.0, 0.0, 0.0, 11.0, 17.0, 21.0, 3.0, 0.0], [0.0, 0.0, 11.0, 18.0, 10.0, 0.0, 0.0, 0.0, 4.0, 0.0], [0.0, 0.0, 0.0, 0.0, 0.0, 0.0, 2.0, 6.0, 24.0, 20.0]], Vector{Float64}[], Vector{Float64}[]]"
y_box,[0.0 0.0 0.0 0.0 0.0 0.0 0.0 0.0 0.0 0.0; 27.0 0.0 0.0 0.0 0.0 0.0 0.0 0.0 0.0 12.0; 0.0 0.0 0.0 0.0 0.0 0.0 0.0 0.0 0.0 0.0; 0.0 12.0 0.0 0.0 0.0 0.0 0.0 0.0 0.0 0.0;;; 0.0 0.0 0.0 0.0 0.0 0.0 0.0 0.0 0.0 0.0; 0.0 0.0 21.0 18.0 0.0 0.0 0.0 0.0 0.0 0.0; 0.0 0.0 0.0 0.0 0.0 0.0 0.0 0.0 0.0 0.0; 0.0 0.0 0.0 0.0 0.0 0.0 0.0 0.0 0.0 12.0;;; 0.0 0.0 0.0 0.0 0.0 0.0 0.0 0.0 0.0 0.0; 0.0 0.0 19.0 18.0 2.0 0.0 0.0 0.0 0.0 0.0; 0.0 0.0 0.0 0.0 0.0 0.0 0.0 0.0 0.0 0.0; 0.0 0.0 0.0 0.0 0.0 0.0 0.0 0.0 4.0 8.0]
evol_bb,"[[48.814, 2.0990916210985005e7]]"
y_bb,[0.0 -0.0 -0.0 -0.0 -0.0 -0.0 -0.0 -0.0 -0.0 -0.0; -0.0 0.0 23.0 18.0 -0.0 -0.0 -0.0 -0.0 -0.0 -0.0; -0.0 -0.0 -0.0 -0.0 -0.0 0.0 -0.0 -0.0 -0.0 -0.0; -0.0 -0.0 -0.0 -0.0 -0.0 -0.0 0.0 0.0 0.0 10.0;;; -0.0 -0.0 -0.0 -0.0 -0.0 -0.0 -0.0 -0.0 -0.0 -0.0; -0.0 -0.0 -0.0 -0.0 -0.0 -0.0 -0.0 -0.0 -0.0 -0.0; -0.0 -0.0 -0.0 -0.0 -0.0 -0.0 -0.0 -0.0 -0.0 -0.0; -0.0 -0.0 -0.0 -0.0 -0.0 -0.0 -0.0 -0.0 -0.0 -0.0;;; -0.0 -0.0 -0.0 -0.0 -0.0 -0.0 -0.0 -0.0 -0.0 -0.0; -0.0 -0.0 -0.0 -0.0 -0.0 -0.0 -0.0 -0.0 -0.0 -0.0; -0.0 -0.0 -0.0 -0.0 -0.0 -0.0 -0.0 -0.0 -0.0 -0.0; -0.0 -0.0 -0.0 -0.0 -0.0 -0.0 -0.0 -0.0 -0.0 -0.0]
evol_box,"[[0.479, 0.0], [2.324, 1040.3974376841422], [2.434, 118824.84788716679], [2.476, 118824.84788716679], [2.67, 5.543069267187795e6], [2.869, 5.543069267187795e6], [3.19, 5.897072123529427e6], [3.413, 5.897072123529427e6], [3.759, 5.897072123529411e6], [4.087, 6.250592817354072e6], [4.369, 6.840152431530683e6], [5.123, 7.193926246460596e6], [5.852, 7.665715134185318e6], [6.844, 7.783595180238049e6], [7.934, 7.901751413023751e6], [8.764, 8.255259955246356e6], [9.901, 8.255295401801763e6], [11.154, 8.609007993751638e6], [12.297, 8.609293637912132e6], [14.532, 8.844838605980532e6], [15.562, 8.844840150258087e6], [18.158, 8.844878396714397e6], [21.005, 9.316533422572719e6], [25.217, 9.31679209149166e6], [28.197, 9.552604955607394e6], [31.581, 9.670304921086365e6], [34.256, 9.670340544329226e6], [39.91, 9.788228239165038e6], [42.668, 9.788232485928316e6], [49.339, 1.0024079894224443e7], [52.975, 1.0024115411822617e7], [56.382, 1.0024150049982691e7], [60.688, 1.0024160713299189e7], [67.255, 1.0142113434278993e7], [72.233, 1.0377934394773165e7], [76.299, 1.049574399463571e7], [82.228, 1.049581033405956e7], [86.081, 1.0613672717685828e7], [94.435, 1.0613907950532643e7], [103.89, 1.0731591402931837e7], [115.479, 1.0731593719348134e7], [126.753, 1.0849548984441282e7], [138.009, 1.0967480124750204e7], [150.331, 1.096761149031804e7], [157.097, 1.120328621952409e7], [168.618, 1.1203291238426145e7], [180.069, 1.1203335507047558e7], [201.056, 1.1321364879484525e7], [225.776, 1.1439134399958994e7], [249.6, 1.1439318625216553e7], [274.147, 1.1557227958675591e7], [299.571, 1.1675030323639812e7], [318.707, 1.1675117341440538e7], [339.444, 1.1675177126196127e7], [374.696, 1.1675291221640343e7], [396.579, 1.1792949781024598e7], [458.179, 1.191082921655125e7], [476.33, 1.2028752148560535e7], [499.68, 1.2028752920699313e7], [535.104, 1.2146811385894014e7], [560.49, 1.214682694782708e7], [590.525, 1.2264600328995438e7], [622.431, 1.2264701342835918e7], [683.744, 1.2264730590665348e7], [734.645, 1.2264730590665348e7], [819.808, 1.2382524033143502e7], [868.442, 1.2382694926527407e7], [912.926, 1.238280839934131e7], [967.805, 1.2500449281569121e7], [1013.457, 1.25004500537079e7], [1070.572, 1.2500450439777287e7], [1131.431, 1.2500488278675029e7], [1202.691, 1.2500499362847123e7], [1282.371, 1.2500649685826829e7], [1356.207, 1.261837066930085e7], [1507.796, 1.2618381962854883e7], [1595.061, 1.2618450770547062e7], [1676.573, 1.2618472455280108e7], [1825.024, 1.2618515503723098e7], [1933.601, 1.2736294373448914e7], [2073.134, 1.2736294373448916e7], [2240.506, 1.2736294373448916e7], [2370.021, 1.2736321846003095e7], [2677.713, 1.2736309549312593e7], [2949.17, 1.273632416241943e7], [3077.132, 1.2736360712872764e7], [3216.733, 1.2736335686971156e7], [3369.218, 1.2854199351182802e7], [3600.015, 1.2854220394013312e7]]"
y_pb,[[0.0 -0.0 -0.0 -0.0 -0.0 -0.0 -0.0 -0.0 -0.0 -0.0; -0.0 -0.0 23.0 18.0 -0.0 -0.0 -0.0 -0.0 -0.0 -0.0; -0.0 -0.0 -0.0 -0.0 -0.0 -0.0 -0.0 -0.0 -0.0 -0.0; -0.0 -0.0 -0.0 -0.0 -0.0 -0.0 -0.0 -0.0 -0.0 10.0;;;]]
x_bb,"[0.0, 41.0, 0.0, 10.0]"
x_box,"[0.0, 39.0, 0.0, 12.0]"
evol_zeta,"[[1.858, 27.0], [2.415, 25.666666666666668], [2.448, 24.0], [2.497, 22.499999999999996], [2.69, 15.6], [2.886, 15.5], [3.209, 16.200005697425773], [3.529, 14.8], [3.78, 15.0], [4.12, 15.0], [4.388, 14.666666666666663], [5.209, 13.599999999999998], [5.875, 11.285714285714285], [6.865, 11.714285714285715], [7.958, 11.28571428571428], [8.783, 11.857142857142856], [9.975, 11.666666666666666], [11.215, 11.5], [12.318, 10.799999999999999], [14.553, 12.000000001300009], [15.582, 11.857142857142856], [18.175, 10.799999999999997], [21.028, 10.20000319552318], [25.244, 10.0], [28.215, 12.0], [31.653, 10.599999999999998], [34.274, 10.285714285714285], [39.933, 10.333333333333332], [42.691, 9.571428571428571], [49.36, 9.428571428571425], [53.001, 9.999999999999996], [56.41, 9.499999518055404], [60.706, 10.4], [67.279, 9.5], [72.257, 9.833333333333336], [76.359, 9.5], [82.312, 8.4], [86.161, 8.600000000000001], [94.464, 8.333333333333336], [103.914, 8.25], [115.515, 10.142857143971426], [126.778, 7.999999979380976], [138.03, 10.42857142857143], [150.405, 8.0], [157.173, 7.599999999999999], [168.642, 8.25], [180.087, 9.749999999999996], [201.082, 9.0], [225.808, 7.625], [249.626, 7.5], [274.206, 6.666666666666664], [299.632, 6.4], [318.727, 7.500000000000005], [339.469, 6.800000000000001], [374.729, 7.125], [396.605, 7.333333334166667], [458.204, 6.25], [476.348, 9.333333333333332], [499.728, 6.000000000700006], [535.128, 7.399999999999995], [560.518, 8.42857142857143], [590.568, 6.166666666666666], [622.48, 5.000000000600004], [683.768, 6.199999999999999], [734.668, 6.1999999999999975], [819.836, 5.833333333333332], [868.485, 6.249999999999998], [912.951, 7.5], [967.829, 6.799999999999997], [1013.482, 8.142857142857139], [1070.616, 5.500000000000002], [1131.457, 7.000000000000003], [1202.733, 5.199999999999999], [1282.427, 6.0], [1356.233, 7.0], [1507.841, 5.600000000000005], [1595.107, 5.200000000620001], [1676.6, 6.199999999999999], [1825.048, 4.5], [1933.62, 8.0], [2073.154, 7.833333333333333], [2240.529, 5.399999999999999], [2370.047, 6.8000000007800026], [2677.736, 5.0], [2949.194, 6.833333333333332], [3077.176, 5.25], [3216.757, 5.6], [3369.241, 6.75], [3600.03, 0.0]]"
ξ_box,[27.0 14.0 11.0; 20.0 13.0 11.0; 13.0 21.0 19.0; 9.0 18.0 18.0; 17.0 10.0 24.0; 19.0 12.0 24.0; 15.0 11.0 21.0; 11.0 13.0 20.0; 16.0 22.0 4.0; 12.0 26.0 8.0]
