first,second
s_box,[0.0; 23.0; 18.0; 17.0; 16.0; 14.0; 15.0; 2.0; 5.0; 15.0;;]
x_pb,"[-0.0, 35.0, -0.0, 1.0]"
s_bb,[0.0; 23.0; 18.0; 17.0; 16.0; 14.0; 15.0; 2.0; 5.0; 15.0;;]
partition_bb,"[[[35.0, 1.0, 0.0, 0.0, 0.0, 0.0, 0.0, 0.0, 0.0, 0.0], [0.0, 23.0, 10.0, 4.0, 0.0, 0.0, 0.0, 0.0, 0.0, 0.0], [0.0, 0.0, 0.0, 2.0, 16.0, 10.0, 9.0, 0.0, 0.0, 0.0], [0.0, 0.0, 4.0, 10.0, 0.0, 0.0, 0.0, 2.0, 5.0, 15.0], [0.0, 5.0, 18.0, 12.0, 2.0, 0.0, 0.0, 0.0, 0.0, 0.0], [0.0, 0.0, 0.0, 0.0, 8.0, 13.0, 15.0, 0.0, 0.0, 0.0], [0.0, 0.0, 11.0, 17.0, 7.0, 1.0, 0.0, 0.0, 0.0, 0.0], [0.0, 0.0, 0.0, 0.0, 9.0, 15.0, 13.0, 0.0, 0.0, 0.0]]]"
y_box,[-0.0 -0.0 -0.0 -0.0 -0.0 -0.0 -0.0 -0.0 -0.0 -0.0; 35.0 0.0 -0.0 -0.0 -0.0 -0.0 -0.0 -0.0 -0.0 -0.0; -0.0 -0.0 -0.0 -0.0 -0.0 -0.0 -0.0 -0.0 -0.0 -0.0; -0.0 -0.0 0.0 0.0 0.0 1.0 0.0 0.0 0.0 0.0;;;]
evol_bb,"[[0.304, 1.6267712622317923e7]]"
y_bb,[-0.0 -0.0 -0.0 -0.0 -0.0 -0.0 -0.0 -0.0 -0.0 -0.0; 35.0 0.0 -0.0 -0.0 -0.0 -0.0 -0.0 -0.0 -0.0 -0.0; -0.0 -0.0 -0.0 -0.0 -0.0 -0.0 -0.0 -0.0 -0.0 -0.0; -0.0 -0.0 0.0 0.0 0.0 1.0 0.0 0.0 0.0 0.0;;;]
evol_box,"[[0.427, 0.0], [2.117, 416.0100741329202], [2.198, 4.6853979737533955e6], [2.203, 9.24023967679903e6], [2.207, 1.2884114537438454e7], [2.213, 1.418549841623825e7], [2.218, 1.5356743907158067e7], [2.222, 1.6007435846557964e7], [2.225, 1.6267712622317923e7]]"
y_pb,[[0.0 -0.0 -0.0 -0.0 -0.0 -0.0 -0.0 -0.0 -0.0 -0.0; 35.0 -0.0 -0.0 -0.0 -0.0 -0.0 -0.0 -0.0 -0.0 -0.0; -0.0 0.0 -0.0 -0.0 -0.0 -0.0 -0.0 -0.0 -0.0 -0.0; -0.0 -0.0 -0.0 -0.0 -0.0 1.0 -0.0 -0.0 -0.0 -0.0;;;]]
x_bb,"[0.0, 35.0, 0.0, 1.0]"
x_box,"[0.0, 35.0, 0.0, 1.0]"
evol_zeta,"[[1.746, 35.0], [2.197, 21.666666666666668], [2.202, 15.75], [2.206, 15.0], [2.212, 7.75], [2.217, 6.0], [2.221, 5.0], [2.224, 1.6666666666666679], [2.23, 0.0]]"
ξ_box,[35.0; 23.0; 18.0; 17.0; 16.0; 15.0; 15.0; 2.0; 5.0; 15.0;;]
