first,second
s_box,[29.0; 21.0; 20.0; 19.0; 21.0; 26.0; 4.0; 30.0; 22.0; 0.0;;]
x_pb,"[-0.0, 27.0, -0.0, 32.0]"
s_bb,[29.0; 21.0; 20.0; 19.0; 21.0; 26.0; 4.0; 30.0; 22.0; 0.0;;]
partition_bb,"[[[0.0, 0.0, 0.0, 0.0, 0.0, 0.0, 0.0, 11.0, 17.0, 32.0], [0.0, 0.0, 0.0, 0.0, 0.0, 11.0, 31.0, 13.0, 5.0, 0.0], [29.0, 16.0, 10.0, 5.0, 1.0, 0.0, 0.0, 0.0, 0.0, 0.0], [0.0, 6.0, 12.0, 17.0, 21.0, 6.0, 0.0, 0.0, 0.0, 0.0], [0.0, 0.0, 0.0, 0.0, 0.0, 0.0, 12.0, 30.0, 11.0, 9.0], [0.0, 1.0, 7.0, 11.0, 11.0, 26.0, 6.0, 0.0, 0.0, 0.0], [1.0, 14.0, 20.0, 15.0, 11.0, 1.0, 0.0, 0.0, 0.0, 0.0], [0.0, 0.0, 0.0, 0.0, 0.0, 0.0, 0.0, 3.0, 22.0, 7.0], [8.0, 21.0, 15.0, 10.0, 6.0, 0.0, 0.0, 0.0, 0.0, 0.0], [0.0, 8.0, 14.0, 19.0, 15.0, 4.0, 0.0, 0.0, 0.0, 0.0]]]"
y_box,[0.0 0.0 0.0 -0.0 -0.0 -0.0 -0.0 -0.0 -0.0 -0.0; -0.0 -0.0 -0.0 0.0 0.0 0.0 27.0 -0.0 -0.0 -0.0; -0.0 -0.0 -0.0 -0.0 -0.0 -0.0 -0.0 0.0 -0.0 -0.0; -0.0 -0.0 -0.0 -0.0 -0.0 -0.0 -0.0 -0.0 0.0 32.0;;;]
evol_bb,"[[0.313, 2.1830988882965446e7]]"
y_bb,[0.0 0.0 0.0 -0.0 -0.0 -0.0 -0.0 -0.0 -0.0 -0.0; -0.0 -0.0 -0.0 0.0 0.0 0.0 27.0 -0.0 -0.0 -0.0; -0.0 -0.0 -0.0 -0.0 -0.0 -0.0 -0.0 0.0 -0.0 -0.0; -0.0 -0.0 -0.0 -0.0 -0.0 -0.0 -0.0 -0.0 0.0 32.0;;;]
evol_box,"[[0.391, 0.0], [1.918, 114129.70319942353], [1.994, 5.116888488388419e6], [1.999, 1.2052671645321745e7], [2.004, 1.591851799508786e7], [2.01, 1.785144116997092e7], [2.016, 1.9556961618397146e7], [2.022, 2.0466572524224468e7], [2.028, 2.1035079340366542e7], [2.032, 2.1603586156508617e7], [2.036, 2.1830988882965446e7]]"
y_pb,[[0.0 -0.0 -0.0 -0.0 -0.0 -0.0 -0.0 -0.0 -0.0 -0.0; -0.0 -0.0 -0.0 -0.0 -0.0 -0.0 27.0 -0.0 -0.0 -0.0; -0.0 -0.0 -0.0 -0.0 -0.0 -0.0 -0.0 0.0 -0.0 -0.0; -0.0 -0.0 -0.0 -0.0 -0.0 -0.0 -0.0 -0.0 -0.0 32.0;;;]]
x_bb,"[0.0, 27.0, 0.0, 32.0]"
x_box,"[0.0, 27.0, 0.0, 32.0]"
evol_zeta,"[[1.583, 31.666666666666664], [1.993, 30.75], [1.998, 28.6], [2.003, 19.4], [2.009, 16.25], [2.015, 14.5], [2.021, 7.499999999999999], [2.027, 5.0], [2.031, 4.800000000000001], [2.035, 1.8000000000000007], [2.038, 0.0]]"
ξ_box,[29.0; 21.0; 20.0; 19.0; 21.0; 26.0; 31.0; 30.0; 22.0; 32.0;;]
