first,second
s_box,[18.0 9.0 12.0; 8.0 6.0 10.0; 4.0 3.0 11.0; 8.0 1.0 10.0; 10.0 9.0 13.0; 11.0 13.0 5.0; 7.0 16.0 0.0; 0.0 1.0 0.0; 0.0 0.0 0.0; 0.0 9.0 5.0]
x_pb,"[-0.0, -0.0, 0.0, 27.0]"
s_bb,[18.0 -0.0 -0.0; 12.0 -0.0 -0.0; 11.0 -0.0 -0.0; 11.0 -0.0 -0.0; 14.0 -0.0 -0.0; 16.0 -0.0 -0.0; 16.0 -0.0 -0.0; 4.0 -0.0 -0.0; 0.0 -0.0 -0.0; 9.0 -0.0 -0.0]
partition_bb,"[[[18.0, 6.0, 3.0, 0.0, 0.0, 0.0, 0.0, 0.0, 0.0, 0.0], [0.0, 0.0, 0.0, 0.0, 0.0, 7.0, 16.0, 4.0, 0.0, 0.0], [0.0, 0.0, 0.0, 0.0, 0.0, 0.0, 0.0, 11.0, 15.0, 3.0], [0.0, 0.0, 3.0, 6.0, 14.0, 4.0, 0.0, 0.0, 0.0, 0.0], [0.0, 0.0, 0.0, 0.0, 6.0, 16.0, 7.0, 0.0, 0.0, 0.0], [0.0, 8.0, 11.0, 8.0, 0.0, 0.0, 0.0, 0.0, 0.0, 0.0], [0.0, 6.0, 3.0, 0.0, 0.0, 9.0, 0.0, 0.0, 0.0, 9.0], [0.0, 0.0, 0.0, 0.0, 0.0, 0.0, 0.0, 16.0, 12.0, 0.0], [0.0, 12.0, 9.0, 6.0, 0.0, 0.0, 0.0, 0.0, 0.0, 0.0], [0.0, 5.0, 8.0, 11.0, 3.0, 0.0, 0.0, 0.0, 0.0, 0.0]], Vector{Float64}[], Vector{Float64}[]]"
y_box,[0.0 0.0 0.0 0.0 0.0 0.0 0.0 0.0 0.0 0.0; 0.0 0.0 0.0 0.0 0.0 0.0 0.0 0.0 0.0 0.0; 0.0 0.0 0.0 0.0 0.0 0.0 0.0 0.0 0.0 0.0; 0.0 0.0 1.0 0.0 0.0 0.0 0.0 7.0 11.0 8.0;;; 0.0 0.0 0.0 0.0 0.0 0.0 0.0 0.0 0.0 0.0; 0.0 0.0 0.0 0.0 0.0 0.0 0.0 0.0 0.0 0.0; 0.0 0.0 0.0 0.0 0.0 0.0 0.0 0.0 0.0 0.0; 0.0 0.0 0.0 0.0 0.0 0.0 0.0 15.0 12.0 0.0;;; 0.0 0.0 0.0 0.0 0.0 0.0 0.0 0.0 0.0 0.0; 0.0 0.0 0.0 0.0 0.0 0.0 0.0 0.0 0.0 0.0; 0.0 0.0 0.0 0.0 0.0 0.0 0.0 0.0 0.0 0.0; 0.0 0.0 0.0 0.0 1.0 0.0 12.0 3.0 7.0 4.0]
evol_bb,"[[131.69, 1.3894680112571077e7]]"
y_bb,[-0.0 -0.0 -0.0 -0.0 -0.0 -0.0 -0.0 -0.0 -0.0 -0.0; 0.0 0.0 0.0 0.0 0.0 -0.0 -0.0 -0.0 -0.0 -0.0; -0.0 -0.0 -0.0 -0.0 -0.0 0.0 0.0 -0.0 -0.0 -0.0; -0.0 -0.0 -0.0 -0.0 -0.0 -0.0 -0.0 12.0 15.0 0.0;;; -0.0 -0.0 -0.0 -0.0 -0.0 -0.0 -0.0 -0.0 -0.0 -0.0; -0.0 -0.0 -0.0 -0.0 -0.0 -0.0 -0.0 -0.0 -0.0 -0.0; -0.0 -0.0 -0.0 -0.0 -0.0 -0.0 -0.0 -0.0 -0.0 -0.0; -0.0 -0.0 -0.0 -0.0 -0.0 -0.0 -0.0 -0.0 -0.0 -0.0;;; -0.0 -0.0 -0.0 -0.0 -0.0 -0.0 -0.0 -0.0 -0.0 -0.0; -0.0 -0.0 -0.0 -0.0 -0.0 -0.0 -0.0 -0.0 -0.0 -0.0; -0.0 -0.0 -0.0 -0.0 -0.0 -0.0 -0.0 -0.0 -0.0 -0.0; -0.0 -0.0 -0.0 -0.0 -0.0 -0.0 -0.0 -0.0 -0.0 -0.0]
evol_box,"[[0.463, 0.0], [2.322, 817.2621114232695], [2.427, 888.2456974167526], [2.458, 125345.35353765781], [2.58, 2.3790600466629267e6], [2.704, 2.3790600466629677e6], [2.817, 2.8797595754269967e6], [2.944, 2.8797983529443764e6], [3.084, 2.8797983529443764e6], [3.243, 2.879798352944377e6], [3.384, 3.5050940128317196e6], [3.632, 3.8811486759777367e6], [3.862, 4.506701222854918e6], [4.086, 4.63220393359864e6], [4.399, 5.132542900540266e6], [4.839, 5.257720521946575e6], [5.561, 5.508332264063522e6], [6.113, 5.633549943036512e6], [6.702, 5.883435661964577e6], [7.505, 6.0086115382347265e6], [8.488, 6.008713046032383e6], [9.273, 6.133787414504877e6], [10.612, 6.134332358450916e6], [11.977, 6.259064798572684e6], [13.443, 6.384139167045178e6], [15.372, 6.384546766330431e6], [17.001, 6.509356440843401e6], [18.985, 6.6344909195854785e6], [21.621, 6.634571055391192e6], [24.653, 6.634859846871218e6], [27.184, 6.759666795855629e6], [30.14, 6.759708193383701e6], [33.346, 6.884842672125779e6], [36.704, 6.884884069653824e6], [40.964, 7.01001854839593e6], [44.835, 7.010018548395929e6], [48.151, 7.0101200561935855e6], [51.895, 7.0102234767328305e6], [57.108, 7.1352358221941525e6], [62.144, 7.135245434691102e6], [67.506, 7.135274560471794e6], [73.029, 7.13539702615477e6], [82.925, 7.260370300936231e6], [90.468, 7.260443975189171e6], [100.123, 7.260777900221485e6], [112.274, 7.385546177206382e6], [122.732, 7.385546177206381e6], [133.997, 7.385587574734454e6], [145.353, 7.385604941020152e6], [160.296, 7.385953776491635e6], [173.319, 7.385956685051899e6], [185.767, 7.510722053476533e6], [203.649, 7.510780817290301e6], [225.619, 7.510780817290303e6], [253.152, 7.635897929746682e6], [274.337, 7.635897929746682e6], [298.927, 7.635944133523229e6], [318.385, 7.635970440575518e6], [353.752, 7.635978065552395e6], [376.281, 7.6360305508451e6], [402.793, 7.636287452222315e6], [440.601, 7.761073806016833e6], [477.926, 7.761073806016833e6], [525.778, 7.76111132665053e6], [560.067, 7.761231804813436e6], [638.234, 7.8862496822869815e6], [684.334, 7.886249682286983e6], [737.198, 7.886351190084639e6], [806.292, 7.886425176181154e6], [886.973, 8.011425558557133e6], [993.818, 8.011425558557134e6], [1078.211, 8.011425558557132e6], [1186.678, 8.011466956085206e6], [1290.725, 8.011466956085206e6], [1419.187, 8.011489257431249e6], [1690.831, 8.011494063679723e6], [1772.637, 8.011505694362847e6], [1875.783, 8.01152706635479e6], [1964.974, 8.136601434827283e6], [2075.091, 8.137010779248697e6], [2242.874, 8.261845816220025e6], [2446.062, 8.26187881889509e6], [2709.091, 8.261941045496613e6], [2977.461, 8.386953187367584e6], [3205.416, 8.386953187367585e6], [3453.439, 8.386953187367585e6], [3600.01, 8.386953187367585e6]]"
y_pb,[[0.0 -0.0 -0.0 -0.0 -0.0 -0.0 -0.0 -0.0 -0.0 -0.0; -0.0 0.0 -0.0 -0.0 -0.0 -0.0 -0.0 -0.0 -0.0 -0.0; -0.0 -0.0 -0.0 -0.0 -0.0 -0.0 -0.0 0.0 -0.0 -0.0; -0.0 -0.0 -0.0 -0.0 -0.0 -0.0 -0.0 12.0 15.0 -0.0;;;]]
x_bb,"[0.0, 0.0, 0.0, 27.0]"
x_box,"[0.0, 0.0, 0.0, 27.0]"
evol_zeta,"[[1.895, 18.0], [2.413, 16.0], [2.438, 15.5], [2.478, 14.0], [2.599, 12.000000001300002], [2.718, 11.2], [2.832, 11.0], [2.965, 10.333333333333334], [3.103, 10.0], [3.258, 9.750000001075001], [3.404, 9.000000001000004], [3.644, 9.499999999999998], [3.878, 9.0], [4.099, 9.4], [4.413, 9.0], [4.851, 9.0], [5.581, 8.5], [6.126, 9.0], [6.718, 8.75], [7.524, 8.499999999999996], [8.512, 7.200000000820001], [9.303, 7.0], [10.633, 7.2], [11.986, 8.400000000000004], [13.461, 7.750000000875005], [15.392, 7.400001066107733], [17.023, 6.666666666666667], [19.002, 7.75], [21.644, 7.2], [24.678, 6.666666666666668], [27.2, 7.75], [30.153, 6.666666666666665], [33.362, 7.4], [36.724, 6.666666666666668], [40.978, 7.2], [44.853, 6.666666666666668], [48.165, 7.199999999999999], [51.909, 6.0], [57.13, 6.0], [62.159, 7.200000000820001], [67.517, 8.5], [73.044, 6.8], [82.946, 5.75], [90.48, 6.666666666666667], [100.137, 7.0], [112.289, 6.166666667383332], [122.746, 5.6], [134.011, 7.0], [145.373, 6.166669499286162], [160.312, 6.166666666666667], [173.341, 5.0], [185.784, 6.6], [203.669, 6.000003998604243], [225.637, 5.6], [253.168, 5.6], [274.354, 5.500000000650001], [298.945, 5.499999999999999], [318.397, 5.666666666666667], [353.769, 5.500000000650001], [376.296, 5.5], [402.811, 5.200000000620001], [440.615, 6.750000000775003], [477.939, 7.4], [525.797, 4.833333333333332], [560.079, 6.4], [638.249, 5.8], [684.35, 5.666666666666666], [737.218, 5.0], [806.31, 5.333333333333334], [886.989, 6.25], [993.831, 7.2], [1078.234, 4.6], [1186.692, 5.5], [1290.741, 5.4], [1419.202, 5.0], [1690.848, 5.5], [1772.659, 4.5], [1875.807, 4.0], [1964.997, 4.142857142857143], [2075.114, 4.000003999004012], [2242.89, 5.666666666666671], [2446.08, 5.4999999999999964], [2709.111, 5.666666666666667], [2977.478, 4.666666666666667], [3205.433, 5.75], [3453.464, 4.500000000550003], [3600.025, 0.0]]"
ξ_box,[18.0 9.0 12.0; 8.0 6.0 10.0; 5.0 3.0 11.0; 8.0 1.0 10.0; 10.0 9.0 14.0; 11.0 13.0 5.0; 7.0 16.0 12.0; 7.0 16.0 3.0; 11.0 12.0 7.0; 8.0 9.0 9.0]
