first,second
s_box,[0.0 12.0 0.0 1.0; 0.0 5.0 20.0 12.0; 11.0 0.0 19.0 0.0; 15.0 0.0 16.0 0.0; 11.0 8.0 24.0 10.0; 16.0 24.0 0.0 0.0; 9.0 17.0 0.0 0.0; 17.0 14.0 0.0 8.0; 0.0 0.0 0.0 22.0; 0.0 0.0 0.0 26.0]
x_pb,"[-0.0, 41.0, 0.0, 10.0]"
s_bb,[27.0 -0.0 -0.0 -0.0; 20.0 -0.0 -0.0 -0.0; 0.0 -0.0 -0.0 -0.0; 0.0 -0.0 -0.0 -0.0; 24.0 -0.0 -0.0 -0.0; 24.0 -0.0 -0.0 -0.0; 22.0 -0.0 -0.0 -0.0; 21.0 -0.0 -0.0 -0.0; 24.0 -0.0 -0.0 -0.0; 16.0 -0.0 -0.0 -0.0]
partition_bb,"[[[27.0, 20.0, 4.0, 0.0, 0.0, 0.0, 0.0, 0.0, 0.0, 0.0], [0.0, 0.0, 0.0, 0.0, 0.0, 0.0, 0.0, 4.0, 22.0, 26.0], [0.0, 0.0, 9.0, 16.0, 24.0, 2.0, 0.0, 0.0, 0.0, 0.0], [0.0, 0.0, 0.0, 0.0, 0.0, 12.0, 22.0, 18.0, 0.0, 0.0], [0.0, 7.0, 23.0, 16.0, 8.0, 0.0, 0.0, 0.0, 0.0, 0.0], [0.0, 0.0, 0.0, 0.0, 1.0, 24.0, 14.0, 14.0, 0.0, 0.0], [0.0, 0.0, 0.0, 0.0, 0.0, 11.0, 17.0, 21.0, 3.0, 0.0], [0.0, 0.0, 11.0, 18.0, 10.0, 0.0, 0.0, 0.0, 4.0, 0.0], [0.0, 0.0, 0.0, 0.0, 0.0, 0.0, 2.0, 6.0, 24.0, 20.0]], Vector{Float64}[], Vector{Float64}[], Vector{Float64}[]]"
y_box,[0.0 0.0 0.0 0.0 0.0 0.0 0.0 0.0 0.0 0.0; 11.0 20.0 0.0 0.0 0.0 0.0 0.0 0.0 0.0 0.0; 0.0 0.0 0.0 0.0 0.0 0.0 0.0 0.0 0.0 0.0; 16.0 0.0 0.0 0.0 0.0 0.0 4.0 0.0 0.0 0.0;;; 0.0 0.0 0.0 0.0 0.0 0.0 0.0 0.0 0.0 0.0; 0.0 0.0 15.0 8.0 8.0 0.0 0.0 0.0 0.0 0.0; 0.0 0.0 0.0 0.0 0.0 0.0 0.0 0.0 0.0 0.0; 0.0 0.0 0.0 0.0 0.0 0.0 0.0 0.0 12.0 8.0;;; 0.0 0.0 0.0 0.0 0.0 0.0 0.0 0.0 0.0 0.0; 16.0 0.0 0.0 1.0 0.0 1.0 0.0 0.0 13.0 0.0; 0.0 0.0 0.0 0.0 0.0 0.0 0.0 0.0 0.0 0.0; 0.0 0.0 0.0 0.0 0.0 0.0 0.0 0.0 3.0 17.0;;; 0.0 0.0 0.0 0.0 0.0 0.0 0.0 0.0 0.0 0.0; 4.0 0.0 13.0 2.0 0.0 0.0 12.0 0.0 0.0 0.0; 0.0 0.0 0.0 0.0 0.0 0.0 0.0 0.0 0.0 0.0; 0.0 0.0 0.0 10.0 0.0 10.0 0.0 0.0 0.0 0.0]
evol_bb,"[[164.717, 2.099091621098501e7]]"
y_bb,[0.0 -0.0 -0.0 -0.0 -0.0 -0.0 -0.0 -0.0 -0.0 -0.0; -0.0 0.0 23.0 18.0 -0.0 -0.0 -0.0 -0.0 -0.0 -0.0; -0.0 -0.0 -0.0 -0.0 -0.0 0.0 -0.0 -0.0 -0.0 -0.0; -0.0 -0.0 -0.0 -0.0 -0.0 -0.0 0.0 0.0 0.0 10.0;;; -0.0 -0.0 -0.0 -0.0 -0.0 -0.0 -0.0 -0.0 -0.0 -0.0; -0.0 -0.0 -0.0 -0.0 -0.0 -0.0 -0.0 -0.0 -0.0 -0.0; -0.0 -0.0 -0.0 -0.0 -0.0 -0.0 -0.0 -0.0 -0.0 -0.0; -0.0 -0.0 -0.0 -0.0 -0.0 -0.0 -0.0 -0.0 -0.0 -0.0;;; -0.0 -0.0 -0.0 -0.0 -0.0 -0.0 -0.0 -0.0 -0.0 -0.0; -0.0 -0.0 -0.0 -0.0 -0.0 -0.0 -0.0 -0.0 -0.0 -0.0; -0.0 -0.0 -0.0 -0.0 -0.0 -0.0 -0.0 -0.0 -0.0 -0.0; -0.0 -0.0 -0.0 -0.0 -0.0 -0.0 -0.0 -0.0 -0.0 -0.0;;; -0.0 -0.0 -0.0 -0.0 -0.0 -0.0 -0.0 -0.0 -0.0 -0.0; -0.0 -0.0 -0.0 -0.0 -0.0 -0.0 -0.0 -0.0 -0.0 -0.0; -0.0 -0.0 -0.0 -0.0 -0.0 -0.0 -0.0 -0.0 -0.0 -0.0; -0.0 -0.0 -0.0 -0.0 -0.0 -0.0 -0.0 -0.0 -0.0 -0.0]
evol_box,"[[0.428, 0.0], [2.133, 1040.3974376827828], [2.337, 118824.84788716679], [2.441, 118824.84788716679], [2.522, 237626.87184976914], [2.799, 3.0668241725682886e6], [3.32, 3.1853465193538205e6], [3.701, 3.1853465193538205e6], [4.051, 3.18534651935382e6], [4.583, 5.543069267187784e6], [5.377, 5.543069267187795e6], [6.333, 5.543069267187793e6], [7.818, 5.543069267187795e6], [8.688, 5.897072123529427e6], [10.66, 5.89707212352939e6], [14.845, 6.014689204979962e6], [17.682, 6.250728921155356e6], [21.251, 6.250753265687098e6], [26.289, 6.368516135432746e6], [30.98, 6.48668785412068e6], [34.32, 6.840238424579181e6], [40.905, 6.840244854302853e6], [46.399, 7.1940274912987705e6], [51.137, 7.311863946648413e6], [55.997, 7.429848740320579e6], [62.104, 7.430058983532969e6], [69.187, 7.665715134185318e6], [77.977, 7.665715134185318e6], [91.917, 7.783595180238064e6], [108.298, 7.783595180238064e6], [126.651, 7.784136395971658e6], [155.899, 8.01953576675901e6], [188.127, 8.137336922475612e6], [228.522, 8.255482967490289e6], [267.651, 8.255477028662348e6], [307.842, 8.373184330771739e6], [350.3, 8.373195192457493e6], [402.28, 8.373389280772895e6], [453.395, 8.609135090940436e6], [527.31, 8.726964189355936e6], [632.458, 8.726982915770112e6], [777.812, 8.727039204129828e6], [996.613, 8.844986721390346e6], [1180.735, 8.962817045855021e6], [1521.682, 9.080716806383643e6], [1747.127, 9.080740750003085e6], [1995.198, 9.080755925866762e6], [2252.637, 9.080841990951322e6], [2525.643, 9.19881601453551e6], [2829.947, 9.316514541086914e6], [3259.017, 9.43444056165131e6], [3600.028, 9.434551710837658e6]]"
y_pb,[[0.0 -0.0 -0.0 -0.0 -0.0 -0.0 -0.0 -0.0 -0.0 -0.0; -0.0 -0.0 23.0 18.0 -0.0 -0.0 -0.0 -0.0 -0.0 -0.0; -0.0 -0.0 -0.0 -0.0 -0.0 -0.0 -0.0 -0.0 -0.0 -0.0; -0.0 -0.0 -0.0 -0.0 -0.0 -0.0 -0.0 -0.0 -0.0 10.0;;;]]
x_bb,"[0.0, 41.0, 0.0, 10.0]"
x_box,"[0.0, 31.0, 0.0, 20.0]"
evol_zeta,"[[2.246, 25.666666666666668], [2.357, 24.0], [2.47, 22.499999999999996], [2.585, 16.2000025321892], [2.843, 15.6], [3.364, 15.6], [3.748, 15.500000001650001], [4.077, 15.0], [4.663, 14.666666666666668], [5.447, 14.8], [6.421, 11.857142858428574], [7.912, 11.714285715557146], [8.779, 11.714285714285715], [10.718, 11.666666667933335], [14.918, 11.142857142857144], [17.711, 12.000000001300009], [21.319, 12.000000001300002], [26.342, 12.0], [31.04, 10.799999999999999], [34.399, 10.800000001180003], [40.991, 10.800000001180003], [46.487, 10.600000001160005], [51.218, 11.500000001250001], [56.099, 10.250000001125002], [62.203, 9.750000001075001], [69.24, 9.857142857142858], [78.06, 9.000000001000004], [91.985, 9.375], [108.385, 8.857142857142858], [126.735, 10.5], [155.932, 9.599999999999998], [188.181, 8.875000000987502], [228.551, 9.714285714285714], [267.705, 9.857142857142858], [307.893, 9.200000001020001], [350.339, 10.000000001100005], [402.311, 10.0], [453.431, 9.428571428571429], [527.359, 9.0], [632.51, 8.625000000962501], [777.843, 8.399999999999999], [996.665, 8.399999999999999], [1180.789, 8.833333334316666], [1521.746, 8.000000000900002], [1747.178, 8.666666667633336], [1995.258, 8.166666666666668], [2252.686, 9.75], [2525.699, 8.250000000925002], [2830.013, 8.142857142857144], [3259.054, 8.857142857142858], [3600.044, 0.0]]"
ξ_box,[27.0 12.0 16.0 5.0; 20.0 5.0 20.0 12.0; 11.0 15.0 19.0 13.0; 15.0 8.0 17.0 12.0; 11.0 16.0 24.0 10.0; 16.0 24.0 1.0 10.0; 13.0 17.0 0.0 12.0; 17.0 14.0 -0.0 8.0; 0.0 12.0 16.0 22.0; -0.0 8.0 17.0 26.0]
