first,second
s_box,[0.0 14.0 21.0 8.0; 0.0 0.0 0.0 13.0; 6.0 0.0 0.0 0.0; 0.0 0.0 0.0 0.0; 14.0 14.0 0.0 0.0; 0.0 0.0 0.0 1.0; 0.0 0.0 0.0 4.0; 8.0 6.0 0.0 20.0; 26.0 12.0 8.0 9.0; 0.0 8.0 25.0 0.0]
x_pb,"[4.0, -0.0, 30.0, -0.0]"
s_bb,[21.0 -0.0 -0.0 -0.0; 17.0 -0.0 -0.0 -0.0; 6.0 -0.0 -0.0 -0.0; 6.0 -0.0 -0.0 -0.0; 10.0 -0.0 -0.0 -0.0; 2.0 -0.0 -0.0 -0.0; 6.0 -0.0 -0.0 -0.0; 20.0 -0.0 -0.0 -0.0; 26.0 -0.0 -0.0 -0.0; -0.0 -0.0 -0.0 -0.0]
partition_bb,"[[[0.0, 0.0, 0.0, 0.0, 0.0, 0.0, 0.0, 0.0, 4.0, 30.0], [0.0, 0.0, 0.0, 0.0, 0.0, 0.0, 0.0, 9.0, 26.0, 0.0], [21.0, 14.0, 0.0, 0.0, 0.0, 0.0, 0.0, 0.0, 0.0, 0.0], [0.0, 0.0, 0.0, 0.0, 14.0, 2.0, 0.0, 14.0, 0.0, 0.0], [0.0, 0.0, 6.0, 0.0, 14.0, 2.0, 6.0, 0.0, 6.0, 0.0], [0.0, 0.0, 0.0, 6.0, 14.0, 2.0, 6.0, 0.0, 0.0, 6.0], [0.0, 0.0, 0.0, 0.0, 0.0, 2.0, 6.0, 20.0, 3.0, 0.0], [10.0, 17.0, 0.0, 0.0, 0.0, 0.0, 0.0, 3.0, 3.0, 1.0]], [[0.0, 0.0, 0.0, 0.0, 14.0, 2.0, 0.0, 0.0, 0.0, 18.0]], [[10.0, 17.0, 0.0, 0.0, 0.0, 0.0, 0.0, 0.0, 0.0, 3.0]], Vector{Float64}[]]"
y_box,[0.0 0.0 0.0 0.0 0.0 0.0 0.0 4.0 0.0 11.0; 0.0 0.0 0.0 0.0 0.0 0.0 0.0 0.0 0.0 0.0; 0.0 0.0 0.0 0.0 0.0 0.0 0.0 0.0 0.0 19.0; 0.0 0.0 0.0 0.0 0.0 0.0 0.0 0.0 0.0 0.0;;; 0.0 7.0 0.0 6.0 0.0 2.0 0.0 0.0 0.0 0.0; 0.0 0.0 0.0 0.0 0.0 0.0 0.0 0.0 0.0 0.0; 0.0 1.0 0.0 0.0 0.0 0.0 6.0 0.0 11.0 1.0; 0.0 0.0 0.0 0.0 0.0 0.0 0.0 0.0 0.0 0.0;;; 0.0 14.0 0.0 0.0 0.0 0.0 0.0 1.0 0.0 0.0; 0.0 0.0 0.0 0.0 0.0 0.0 0.0 0.0 0.0 0.0; 0.0 0.0 0.0 0.0 0.0 0.0 0.0 13.0 6.0 0.0; 0.0 0.0 0.0 0.0 0.0 0.0 0.0 0.0 0.0 0.0;;; 0.0 0.0 0.0 0.0 14.0 1.0 0.0 0.0 0.0 0.0; 0.0 0.0 0.0 0.0 0.0 0.0 0.0 0.0 0.0 0.0; 0.0 0.0 0.0 0.0 0.0 0.0 0.0 0.0 0.0 19.0; 0.0 0.0 0.0 0.0 0.0 0.0 0.0 0.0 0.0 0.0]
evol_bb,"[[15.251, 1.5001665085602349e7], [794.274, 1.5001665085602347e7]]"
y_bb,[0.0 -0.0 0.0 -0.0 4.0 -0.0 0.0 -0.0 -0.0 -0.0; -0.0 -0.0 -0.0 -0.0 -0.0 -0.0 -0.0 0.0 0.0 -0.0; -0.0 -0.0 -0.0 -0.0 -0.0 -0.0 -0.0 -0.0 -0.0 30.0; -0.0 -0.0 -0.0 -0.0 -0.0 -0.0 -0.0 -0.0 -0.0 -0.0;;; -0.0 -0.0 -0.0 -0.0 4.0 -0.0 -0.0 -0.0 -0.0 -0.0; -0.0 -0.0 -0.0 -0.0 0.0 -0.0 -0.0 -0.0 -0.0 -0.0; -0.0 -0.0 -0.0 -0.0 10.0 2.0 -0.0 -0.0 -0.0 18.0; -0.0 -0.0 -0.0 -0.0 0.0 -0.0 -0.0 -0.0 -0.0 0.0;;; 0.0 4.0 -0.0 -0.0 -0.0 -0.0 -0.0 -0.0 -0.0 -0.0; -0.0 0.0 -0.0 -0.0 -0.0 -0.0 -0.0 -0.0 -0.0 -0.0; 10.0 13.0 -0.0 -0.0 -0.0 -0.0 -0.0 -0.0 -0.0 3.0; -0.0 -0.0 -0.0 -0.0 -0.0 -0.0 -0.0 -0.0 -0.0 0.0;;; -0.0 -0.0 -0.0 -0.0 -0.0 -0.0 -0.0 -0.0 -0.0 -0.0; -0.0 -0.0 -0.0 -0.0 -0.0 -0.0 -0.0 -0.0 -0.0 -0.0; -0.0 -0.0 -0.0 -0.0 -0.0 -0.0 -0.0 -0.0 -0.0 -0.0; -0.0 -0.0 -0.0 -0.0 -0.0 -0.0 -0.0 -0.0 -0.0 -0.0]
evol_box,"[[0.491, 0.0], [2.123, 410.93640879541636], [2.208, 132464.17439339223], [2.232, 133236.3476145144], [2.279, 133257.91311804473], [2.357, 2.1060775107878656e6], [2.457, 2.3690276058056164e6], [2.572, 2.369522657525502e6], [2.694, 2.8954525194414905e6], [3.065, 2.895452420865523e6], [3.455, 3.816829782157e6], [3.775, 3.9480821370738507e6], [4.109, 3.9480821370738507e6], [4.613, 4.080217283930438e6], [6.047, 4.474535797802704e6], [7.005, 4.606126070999472e6], [8.013, 4.606415592660198e6], [9.608, 4.869406120112263e6], [10.955, 4.869453211890949e6], [12.387, 4.86947324791999e6], [14.023, 4.8695739528667275e6], [15.728, 5.0008968905897755e6], [17.825, 5.132487163786544e6], [20.523, 5.132487163786542e6], [22.706, 5.132529129989197e6], [25.525, 5.395575142238297e6], [29.419, 5.527165415435065e6], [34.113, 5.527257983376847e6], [39.886, 5.527314766066339e6], [49.061, 5.658755688631833e6], [53.582, 5.658848256573615e6], [57.676, 5.658873510027258e6], [64.048, 5.658990589991506e6], [77.306, 5.790606982825563e6], [84.996, 5.790717063509384e6], [111.471, 6.053686031822688e6], [137.108, 6.185243449651408e6], [173.271, 6.185332259956327e6], [199.076, 6.185368246061716e6], [238.699, 6.316788454436729e6], [380.765, 6.316794880053537e6], [435.509, 6.316974396975044e6], [500.864, 6.317067523402558e6], [570.833, 6.317103633679418e6], [643.69, 6.44829732781244e6], [729.775, 6.579887601009208e6], [819.139, 6.579921610814072e6], [923.541, 6.580159826476086e6], [1106.171, 6.711477874205976e6], [1233.963, 6.711477874205975e6], [1439.803, 6.711525487932786e6], [1604.034, 6.711603783088429e6], [1803.199, 6.843068147402744e6], [1975.247, 6.84322048423005e6], [2321.722, 6.843283625940166e6], [2836.738, 6.974748044131184e6], [3218.564, 7.10624869379628e6], [3467.387, 7.106363531341039e6], [3600.029, 7.237919260768801e6]]"
y_pb,[[-0.0 -0.0 -0.0 -0.0 4.0 -0.0 -0.0 -0.0 -0.0 -0.0; -0.0 -0.0 -0.0 -0.0 -0.0 -0.0 -0.0 0.0 -0.0 -0.0; -0.0 -0.0 -0.0 -0.0 -0.0 -0.0 -0.0 -0.0 -0.0 30.0; -0.0 -0.0 -0.0 -0.0 -0.0 -0.0 -0.0 -0.0 -0.0 0.0;;;]]
x_bb,"[4.0, 0.0, 30.0, 0.0]"
x_box,"[15.0, 0.0, 19.0, 0.0]"
evol_zeta,"[[2.199, 21.5], [2.217, 20.5], [2.239, 16.666666666666668], [2.285, 14.333333333333332], [2.367, 14.0], [2.471, 14.0], [2.578, 14.0], [2.705, 13.666666666666666], [3.072, 13.666666666666664], [3.469, 13.666666666666666], [3.788, 11.333333333333332], [4.116, 11.333333333333334], [4.626, 10.25], [6.062, 10.25], [7.017, 10.25], [8.024, 10.25], [9.621, 8.5], [10.967, 10.249997986137558], [12.393, 10.25], [14.033, 8.0], [15.74, 8.25], [17.837, 8.250000000000028], [20.535, 8.0], [22.717, 7.499999999993051], [25.539, 8.0], [29.432, 8.333333333333336], [34.125, 7.666666666666667], [39.9, 7.0], [49.072, 8.25], [53.592, 8.2], [57.687, 8.2], [64.061, 8.0], [77.317, 7.4], [85.005, 6.800000000000001], [111.478, 6.0], [137.119, 7.0], [173.284, 6.75], [199.091, 6.800000000000001], [238.709, 7.333333333333333], [380.776, 8.25], [435.52, 6.75], [500.873, 7.0], [570.848, 6.75], [643.701, 6.0], [729.785, 6.333333333333333], [819.153, 6.75], [923.553, 6.750000000000021], [1106.182, 6.75], [1233.976, 6.5], [1439.811, 7.0], [1604.041, 6.0], [1803.208, 6.75], [1975.26, 6.200000000419998], [2321.73, 6.0], [2836.747, 6.0], [3218.573, 6.0], [3467.395, 6.0], [3600.045, 0.0]]"
ξ_box,[-0.0 14.0 21.0 8.0; -0.0 8.0 14.0 13.0; 6.0 0.0 0.0 0.0; 0.0 6.0 0.0 0.0; 12.0 14.0 -0.0 14.0; -0.0 2.0 -0.0 2.0; -0.0 6.0 0.0 4.0; 12.0 6.0 14.0 20.0; 26.0 23.0 14.0 9.0; 30.0 9.0 25.0 19.0]
