first,second
s_box,[0.0 0.0 0.0 0.0 0.0; 0.0 1.0 0.0 0.0 0.0; 0.0 6.0 1.0 0.0 1.0; 7.0 1.0 0.0 9.0 0.0; 4.0 3.0 17.0 10.0 0.0; 15.0 6.0 13.0 0.0 0.0; 0.0 20.0 0.0 0.0 4.0; 0.0 0.0 0.0 0.0 0.0; 0.0 0.0 0.0 13.0 16.0; 15.0 5.0 11.0 9.0 21.0]
x_pb,"[0.0, -0.0, -0.0, 35.0]"
s_bb,[5.0 -0.0 -0.0 -0.0 -0.0; 1.0 -0.0 -0.0 -0.0 -0.0; 7.0 -0.0 -0.0 -0.0 -0.0; 11.0 -0.0 -0.0 -0.0 -0.0; 20.0 -0.0 -0.0 -0.0 -0.0; 22.0 -0.0 -0.0 -0.0 -0.0; 20.0 -0.0 -0.0 -0.0 -0.0; 0.0 -0.0 -0.0 -0.0 -0.0; 6.0 -0.0 -0.0 -0.0 -0.0; 27.0 -0.0 -0.0 -0.0 -0.0]
partition_bb,"[[[0.0, 0.0, 0.0, 0.0, 0.0, 0.0, 0.0, 0.0, 8.0, 27.0], [0.0, 0.0, 0.0, 0.0, 12.0, 22.0, 0.0, 0.0, 0.0, 0.0], [0.0, 0.0, 0.0, 0.0, 0.0, 0.0, 20.0, 16.0, 1.0, 0.0], [0.0, 0.0, 0.0, 0.0, 1.0, 0.0, 3.0, 5.0, 22.0, 4.0], [0.0, 0.0, 1.0, 11.0, 0.0, 0.0, 5.0, 1.0, 18.0, 0.0], [0.0, 1.0, 0.0, 0.0, 20.0, 14.0, 0.0, 0.0, 0.0, 0.0], [0.0, 1.0, 7.0, 0.0, 0.0, 0.0, 0.0, 2.0, 19.0, 6.0], [5.0, 0.0, 0.0, 0.0, 0.0, 0.0, 6.0, 2.0, 19.0, 5.0], [0.0, 0.0, 0.0, 0.0, 0.0, 0.0, 15.0, 19.0, 2.0, 0.0]], Vector{Float64}[], Vector{Float64}[], Vector{Float64}[], Vector{Float64}[]]"
y_box,[0.0 0.0 0.0 1.0 0.0 0.0 0.0 0.0 10.0 0.0; 0.0 0.0 0.0 0.0 0.0 0.0 0.0 0.0 0.0 0.0; 0.0 0.0 0.0 0.0 7.0 0.0 0.0 0.0 2.0 0.0; 0.0 0.0 0.0 0.0 1.0 0.0 0.0 0.0 0.0 12.0;;; 0.0 0.0 1.0 10.0 0.0 0.0 0.0 0.0 0.0 0.0; 0.0 0.0 0.0 0.0 0.0 0.0 0.0 0.0 0.0 0.0; 0.0 0.0 0.0 0.0 0.0 7.0 0.0 2.0 0.0 0.0; 0.0 0.0 0.0 0.0 0.0 0.0 0.0 14.0 1.0 0.0;;; 0.0 0.0 0.0 11.0 0.0 0.0 0.0 0.0 0.0 0.0; 0.0 0.0 0.0 0.0 0.0 0.0 0.0 0.0 0.0 0.0; 0.0 0.0 0.0 0.0 0.0 9.0 0.0 0.0 0.0 0.0; 0.0 0.0 0.0 0.0 0.0 0.0 0.0 0.0 15.0 0.0;;; 0.0 0.0 0.0 0.0 4.0 0.0 7.0 0.0 0.0 0.0; 0.0 0.0 0.0 0.0 0.0 0.0 0.0 0.0 0.0 0.0; 0.0 0.0 0.0 0.0 0.0 0.0 1.0 8.0 0.0 0.0; 0.0 0.0 0.0 0.0 0.0 11.0 3.0 0.0 0.0 1.0;;; 0.0 0.0 0.0 11.0 0.0 0.0 0.0 0.0 0.0 0.0; 0.0 0.0 0.0 0.0 0.0 0.0 0.0 0.0 0.0 0.0; 0.0 0.0 0.0 0.0 0.0 0.0 6.0 3.0 0.0 0.0; 0.0 0.0 0.0 0.0 0.0 0.0 0.0 10.0 5.0 0.0]
evol_bb,"[[230.176, 1.2212813094219891e7]]"
y_bb,[0.0 0.0 0.0 0.0 -0.0 -0.0 -0.0 -0.0 -0.0 -0.0; -0.0 -0.0 -0.0 -0.0 0.0 -0.0 -0.0 -0.0 -0.0 -0.0; -0.0 -0.0 -0.0 -0.0 -0.0 0.0 -0.0 -0.0 -0.0 -0.0; -0.0 -0.0 -0.0 -0.0 -0.0 -0.0 0.0 19.0 16.0 0.0;;; -0.0 -0.0 -0.0 -0.0 -0.0 -0.0 -0.0 -0.0 -0.0 -0.0; -0.0 -0.0 -0.0 -0.0 -0.0 -0.0 -0.0 -0.0 -0.0 -0.0; -0.0 -0.0 -0.0 -0.0 -0.0 -0.0 -0.0 -0.0 -0.0 -0.0; -0.0 -0.0 -0.0 -0.0 -0.0 -0.0 -0.0 -0.0 -0.0 -0.0;;; -0.0 -0.0 -0.0 -0.0 -0.0 -0.0 -0.0 -0.0 -0.0 -0.0; -0.0 -0.0 -0.0 -0.0 -0.0 -0.0 -0.0 -0.0 -0.0 -0.0; -0.0 -0.0 -0.0 -0.0 -0.0 -0.0 -0.0 -0.0 -0.0 -0.0; -0.0 -0.0 -0.0 -0.0 -0.0 -0.0 -0.0 -0.0 -0.0 -0.0;;; -0.0 -0.0 -0.0 -0.0 -0.0 -0.0 -0.0 -0.0 -0.0 -0.0; -0.0 -0.0 -0.0 -0.0 -0.0 -0.0 -0.0 -0.0 -0.0 -0.0; -0.0 -0.0 -0.0 -0.0 -0.0 -0.0 -0.0 -0.0 -0.0 -0.0; -0.0 -0.0 -0.0 -0.0 -0.0 -0.0 -0.0 -0.0 -0.0 -0.0;;; -0.0 -0.0 -0.0 -0.0 -0.0 -0.0 -0.0 -0.0 -0.0 -0.0; -0.0 -0.0 -0.0 -0.0 -0.0 -0.0 -0.0 -0.0 -0.0 -0.0; -0.0 -0.0 -0.0 -0.0 -0.0 -0.0 -0.0 -0.0 -0.0 -0.0; -0.0 -0.0 -0.0 -0.0 -0.0 -0.0 -0.0 -0.0 -0.0 -0.0]
evol_box,"[[0.479, 0.0], [2.358, 876.7606092580827], [2.486, 1237.716649187841], [2.603, 205676.94766071942], [2.776, 205676.94766071942], [2.939, 205676.94766071942], [3.257, 1.4374377302830692e6], [3.477, 1.4375133456562303e6], [3.742, 1.8476854738261586e6], [4.018, 1.8476854738261595e6], [4.404, 1.8479447913649487e6], [5.625, 2.2583918122768058e6], [7.109, 2.6687425312060183e6], [8.301, 2.668839569548846e6], [10.44, 2.771315269794219e6], [12.064, 2.77131526979422e6], [13.794, 2.9765663355648885e6], [15.669, 2.9765663355648997e6], [17.919, 2.976566335564893e6], [20.393, 2.9765663355648993e6], [23.166, 2.976725200078376e6], [26.677, 3.18181740133558e6], [30.626, 3.181884796674736e6], [36.93, 3.181919908716227e6], [40.857, 3.181971749912301e6], [54.155, 3.3871026076167184e6], [72.858, 3.489736189422433e6], [87.063, 3.5923394937177156e6], [101.58, 3.592342648635286e6], [142.459, 3.6949328690092047e6], [192.596, 3.797581884547368e6], [290.268, 3.7976423593838774e6], [356.45, 3.9001629715669793e6], [443.673, 3.9001961315329596e6], [541.018, 4.002788504452319e6], [634.296, 4.002816145913974e6], [869.47, 4.002821664418299e6], [976.594, 4.0028934251545575e6], [1180.052, 4.1054393137260317e6], [1368.093, 4.1055390450077807e6], [1737.387, 4.1055418264599266e6], [1958.483, 4.208082253679875e6], [2510.616, 4.208084393906471e6], [2960.652, 4.208193920185621e6], [3600.127, 4.310770023810578e6]]"
y_pb,[[-0.0 -0.0 -0.0 0.0 -0.0 -0.0 -0.0 -0.0 -0.0 -0.0; -0.0 -0.0 -0.0 -0.0 0.0 -0.0 -0.0 -0.0 -0.0 -0.0; -0.0 -0.0 -0.0 -0.0 -0.0 -0.0 0.0 -0.0 -0.0 -0.0; -0.0 -0.0 -0.0 -0.0 -0.0 -0.0 -0.0 19.0 16.0 -0.0;;;]]
x_bb,"[0.0, 0.0, 0.0, 35.0]"
x_box,"[11.0, 0.0, 9.0, 15.0]"
evol_zeta,"[[1.948, 27.0], [2.446, 22.0], [2.516, 19.333333333333332], [2.65, 15.0], [2.812, 15.0], [2.99, 12.999999999999963], [3.304, 12.666666666666666], [3.515, 12.25], [3.77, 11.333333333333332], [4.081, 11.25], [4.451, 11.0], [5.649, 10.999999999999993], [7.135, 11.0], [8.343, 11.0], [10.465, 11.0], [12.112, 10.75], [13.823, 10.6], [15.702, 11.0], [17.946, 10.25], [20.41, 10.2], [23.19, 9.749999999999998], [26.716, 9.75], [30.651, 9.75], [36.956, 9.75], [40.891, 9.5], [54.182, 8.749999999999957], [72.903, 8.749999999999979], [87.097, 8.333333333333332], [101.653, 8.0], [142.482, 8.6], [192.634, 8.666666666666668], [290.336, 7.999999999999978], [356.482, 7.999999999999972], [443.702, 8.0], [541.051, 8.200000000000035], [634.331, 7.800000000880001], [869.527, 8.0], [976.664, 7.000000000800001], [1180.098, 7.800000000880001], [1368.136, 7.400000000000007], [1737.428, 7.0], [1958.514, 8.399999999999999], [2510.647, 7.3999999999999995], [2960.682, 7.2500000008250005], [3600.146, 0.0]]"
ξ_box,[0.0 0.0 0.0 0.0 0.0; -0.0 1.0 -0.0 -0.0 -0.0; -0.0 7.0 1.0 -0.0 1.0; 8.0 11.0 11.0 9.0 11.0; 12.0 3.0 17.0 14.0 -0.0; 15.0 13.0 22.0 11.0 -0.0; -0.0 20.0 -0.0 11.0 10.0; -0.0 16.0 0.0 8.0 13.0; 12.0 1.0 15.0 13.0 21.0; 27.0 5.0 11.0 10.0 21.0]
