first,second
s_box,[24.0; 16.0; 6.0; 21.0; 6.0; 0.0; 20.0; 17.0; 16.0; 0.0;;]
x_pb,"[-0.0, 16.0, 21.0, 11.0]"
s_bb,[24.0; 16.0; 6.0; 21.0; 6.0; 0.0; 20.0; 17.0; 16.0; 0.0;;]
partition_bb,"[[[24.0, 6.0, 6.0, 12.0, 0.0, 0.0, 0.0, 0.0, 0.0, 0.0], [0.0, 0.0, 0.0, 0.0, 22.0, 16.0, 6.0, 5.0, 1.0, 0.0], [0.0, 0.0, 6.0, 0.0, 0.0, 0.0, 3.0, 12.0, 16.0, 11.0], [0.0, 0.0, 0.0, 0.0, 4.0, 6.0, 20.0, 9.0, 7.0, 2.0], [0.0, 16.0, 6.0, 0.0, 0.0, 0.0, 0.0, 0.0, 0.0, 5.0], [20.0, 2.0, 6.0, 21.0, 0.0, 0.0, 0.0, 0.0, 0.0, 0.0], [0.0, 0.0, 0.0, 0.0, 0.0, 2.0, 6.0, 17.0, 13.0, 10.0], [0.0, 0.0, 0.0, 0.0, 15.0, 21.0, 7.0, 6.0, 2.0, 0.0]]]"
y_box,[0.0 0.0 0.0 0.0 -0.0 -0.0 -0.0 -0.0 -0.0 -0.0; -0.0 -0.0 -0.0 -0.0 16.0 -0.0 -0.0 -0.0 -0.0 -0.0; -0.0 -0.0 -0.0 -0.0 -0.0 21.0 0.0 -0.0 -0.0 -0.0; -0.0 -0.0 -0.0 -0.0 -0.0 -0.0 -0.0 0.0 0.0 11.0;;;]
evol_bb,"[[0.345, 1.3736888110685756e7]]"
y_bb,[0.0 0.0 0.0 0.0 -0.0 -0.0 -0.0 -0.0 -0.0 -0.0; -0.0 -0.0 -0.0 -0.0 16.0 -0.0 -0.0 -0.0 -0.0 -0.0; -0.0 -0.0 -0.0 -0.0 -0.0 21.0 0.0 -0.0 -0.0 -0.0; -0.0 -0.0 -0.0 -0.0 -0.0 -0.0 -0.0 0.0 0.0 11.0;;;]
evol_box,"[[0.433, 0.0], [2.188, 1978.6280320541046], [2.279, 5.451553311158557e6], [2.286, 9.049117214013048e6], [2.291, 1.0575374073129494e7], [2.295, 1.1665557543926956e7], [2.3, 1.2646722667644672e7], [2.306, 1.3191814403043402e7], [2.309, 1.3736888110685756e7]]"
y_pb,[[-0.0 -0.0 -0.0 0.0 -0.0 -0.0 -0.0 -0.0 -0.0 -0.0; -0.0 -0.0 -0.0 -0.0 16.0 -0.0 -0.0 -0.0 -0.0 -0.0; -0.0 -0.0 -0.0 -0.0 -0.0 21.0 -0.0 -0.0 -0.0 -0.0; -0.0 -0.0 -0.0 -0.0 -0.0 -0.0 -0.0 -0.0 -0.0 11.0;;;]]
x_bb,"[0.0, 16.0, 21.0, 11.0]"
x_box,"[0.0, 16.0, 21.0, 11.0]"
evol_zeta,"[[1.756, 24.0], [2.278, 21.6], [2.284, 15.0], [2.29, 14.0], [2.294, 10.0], [2.299, 9.0], [2.305, 5.0], [2.308, 4.399999999999999], [2.315, 0.0]]"
ξ_box,[24.0; 16.0; 6.0; 21.0; 22.0; 21.0; 20.0; 17.0; 16.0; 11.0;;]
