first,second
s_box,[0.0 0.0 0.0 0.0; 0.0 0.0 1.0 1.0; 10.0 0.0 0.0 0.0; 0.0 15.0 17.0 2.0; 4.0 0.0 0.0 14.0; 14.0 9.0 11.0 0.0; 3.0 1.0 15.0 0.0; 0.0 15.0 0.0 22.0; 0.0 0.0 11.0 5.0; 25.0 15.0 0.0 11.0]
x_pb,"[14.0, -0.0, -0.0, 25.0]"
s_bb,[3.0 -0.0 -0.0 -0.0; 1.0 -0.0 -0.0 -0.0; 11.0 -0.0 -0.0 -0.0; 3.0 -0.0 -0.0 -0.0; 14.0 -0.0 -0.0 -0.0; 19.0 -0.0 -0.0 -0.0; 21.0 -0.0 -0.0 -0.0; 22.0 -0.0 -0.0 -0.0; -0.0 -0.0 -0.0 -0.0; 25.0 -0.0 -0.0 -0.0]
partition_bb,"[[[0.0, 0.0, 0.0, 0.0, 0.0, 0.0, 0.0, 0.0, 25.0, 15.0], [0.0, 0.0, 0.0, 0.0, 0.0, 6.0, 13.0, 22.0, 0.0, 0.0], [0.0, 1.0, 11.0, 17.0, 5.0, 0.0, 0.0, 0.0, 0.0, 5.0], [0.0, 0.0, 0.0, 0.0, 12.0, 19.0, 6.0, 3.0, 0.0, 0.0], [0.0, 0.0, 0.0, 0.0, 0.0, 0.0, 0.0, 0.0, 15.0, 25.0], [0.0, 0.0, 0.0, 0.0, 1.0, 8.0, 21.0, 12.0, 0.0, 0.0], [3.0, 0.0, 0.0, 0.0, 3.0, 0.0, 5.0, 0.0, 9.0, 19.0], [0.0, 0.0, 2.0, 2.0, 14.0, 7.0, 3.0, 12.0, 0.0, 0.0]], [[3.0, 0.0, 0.0, 0.0, 0.0, 0.0, 3.0, 0.0, 0.0, 3.0]], Vector{Float64}[], Vector{Float64}[]]"
y_box,[0.0 0.0 0.0 4.0 10.0 0.0 0.0 0.0 0.0 0.0; 0.0 0.0 0.0 0.0 0.0 0.0 0.0 0.0 0.0 0.0; 0.0 0.0 0.0 0.0 0.0 0.0 0.0 0.0 0.0 0.0; 0.0 0.0 0.0 0.0 0.0 0.0 0.0 0.0 25.0 0.0;;; 0.0 0.0 9.0 0.0 3.0 0.0 2.0 0.0 0.0 0.0; 0.0 0.0 0.0 0.0 0.0 0.0 0.0 0.0 0.0 0.0; 0.0 0.0 0.0 0.0 0.0 0.0 0.0 0.0 0.0 0.0; 0.0 0.0 0.0 0.0 0.0 0.0 8.0 0.0 17.0 0.0;;; 0.0 0.0 11.0 0.0 3.0 0.0 0.0 0.0 0.0 0.0; 0.0 0.0 0.0 0.0 0.0 0.0 0.0 0.0 0.0 0.0; 0.0 0.0 0.0 0.0 0.0 0.0 0.0 0.0 0.0 0.0; 0.0 0.0 0.0 0.0 6.0 2.0 0.0 16.0 0.0 1.0;;; 0.0 0.0 0.0 0.0 0.0 13.0 1.0 0.0 0.0 0.0; 0.0 0.0 0.0 0.0 0.0 0.0 0.0 0.0 0.0 0.0; 0.0 0.0 0.0 0.0 0.0 0.0 0.0 0.0 0.0 0.0; 0.0 0.0 0.0 0.0 0.0 2.0 16.0 0.0 7.0 0.0]
evol_bb,"[[38.924, 1.3136868014639718e7], [180.958, 1.3136868014639717e7]]"
y_bb,[0.0 -0.0 0.0 14.0 0.0 -0.0 -0.0 -0.0 -0.0 -0.0; -0.0 -0.0 -0.0 -0.0 -0.0 -0.0 0.0 -0.0 -0.0 -0.0; -0.0 -0.0 -0.0 -0.0 -0.0 -0.0 0.0 -0.0 -0.0 -0.0; -0.0 -0.0 -0.0 -0.0 -0.0 -0.0 -0.0 -0.0 25.0 0.0;;; 3.0 -0.0 -0.0 -0.0 -0.0 -0.0 3.0 -0.0 -0.0 3.0; -0.0 -0.0 -0.0 -0.0 -0.0 -0.0 -0.0 -0.0 -0.0 -0.0; -0.0 -0.0 -0.0 -0.0 -0.0 -0.0 -0.0 -0.0 -0.0 -0.0; -0.0 -0.0 -0.0 -0.0 -0.0 -0.0 -0.0 -0.0 -0.0 -0.0;;; -0.0 -0.0 -0.0 -0.0 -0.0 -0.0 -0.0 -0.0 -0.0 -0.0; -0.0 -0.0 -0.0 -0.0 -0.0 -0.0 -0.0 -0.0 -0.0 -0.0; -0.0 -0.0 -0.0 -0.0 -0.0 -0.0 -0.0 -0.0 -0.0 -0.0; -0.0 -0.0 -0.0 -0.0 -0.0 -0.0 -0.0 -0.0 -0.0 -0.0;;; -0.0 -0.0 -0.0 -0.0 -0.0 -0.0 -0.0 -0.0 -0.0 -0.0; -0.0 -0.0 -0.0 -0.0 -0.0 -0.0 -0.0 -0.0 -0.0 -0.0; -0.0 -0.0 -0.0 -0.0 -0.0 -0.0 -0.0 -0.0 -0.0 -0.0; -0.0 -0.0 -0.0 -0.0 -0.0 -0.0 -0.0 -0.0 -0.0 -0.0]
evol_box,"[[0.501, 0.0], [2.524, 111383.7524370944], [2.65, 222017.8301653315], [2.7, 222017.8301653315], [2.783, 222017.8301653315], [3.197, 2.429483189475973e6], [3.681, 2.4294831894759806e6], [4.196, 2.4294831894759806e6], [4.55, 2.429483189475979e6], [5.116, 3.091828951180992e6], [6.203, 3.0919876793833515e6], [7.529, 3.423006495459348e6], [9.653, 3.754158250755969e6], [12.097, 3.754158250755969e6], [14.601, 3.8645071290423074e6], [17.484, 4.085278226881411e6], [18.735, 4.085295544351205e6], [21.526, 4.195673917699149e6], [23.872, 4.306142810663425e6], [26.574, 4.416471597639704e6], [29.2, 4.526821492666683e6], [32.465, 4.637206110037657e6], [36.823, 4.747592867622768e6], [41.354, 4.857955920930672e6], [47.75, 4.857990902292362e6], [53.694, 5.078947275321043e6], [64.517, 5.189133438886926e6], [74.883, 5.189266205994189e6], [87.499, 5.299520550383752e6], [102.373, 5.409887899195808e6], [119.253, 5.409912055339153e6], [178.858, 5.520302482913497e6], [197.426, 5.520304461093228e6], [227.18, 5.630677612817879e6], [277.788, 5.63070636162991e6], [320.823, 5.741052943117524e6], [410.765, 5.7411006787271565e6], [559.927, 5.85141825604574e6], [714.429, 5.851427108233052e6], [773.143, 5.851495834491361e6], [840.636, 5.851505563900303e6], [910.379, 5.961834359774164e6], [1008.496, 5.961841541676744e6], [1289.517, 5.961844659411273e6], [1407.256, 5.961872182651517e6], [1714.497, 5.961860521921447e6], [1990.537, 6.072210817722166e6], [2175.865, 6.072211223807424e6], [2393.461, 6.07222285040701e6], [3466.091, 6.072223024112019e6], [3600.253, 6.182571185010119e6]]"
y_pb,[[-0.0 -0.0 -0.0 14.0 -0.0 -0.0 -0.0 -0.0 -0.0 -0.0; -0.0 -0.0 -0.0 -0.0 -0.0 -0.0 0.0 -0.0 -0.0 -0.0; -0.0 -0.0 -0.0 -0.0 -0.0 -0.0 0.0 -0.0 -0.0 -0.0; -0.0 -0.0 -0.0 -0.0 -0.0 -0.0 -0.0 -0.0 24.999999999999996 -0.0;;;]]
x_bb,"[14.0, -0.0, -0.0, 25.0]"
x_box,"[14.0, 0.0, 0.0, 25.0]"
evol_zeta,"[[2.629, 21.333333333333332], [2.669, 17.0], [2.74, 14.500000001550006], [2.845, 14.0], [3.231, 13.8], [3.718, 12.999999999999996], [4.235, 12.166666666666666], [4.591, 12.200000000000001], [5.186, 12.0], [6.249, 11.999999967693498], [7.61, 11.5], [9.722, 11.25], [12.133, 11.0], [14.666, 10.8], [17.527, 10.833333333333332], [18.808, 10.571428571428571], [21.552, 10.333333333333332], [23.923, 10.166666666666668], [26.627, 10.0], [29.247, 10.285714285714286], [32.543, 9.5], [36.843, 10.0], [41.407, 9.833333333333332], [47.789, 8.5], [53.716, 10.166666666666668], [64.54, 8.5], [74.924, 8.4], [87.528, 9.0], [102.451, 8.4], [119.289, 8.333333333333332], [178.902, 8.5], [197.451, 8.4], [227.207, 8.166666666666666], [277.851, 8.14285714377143], [320.847, 8.285714285714285], [410.815, 8.0], [559.962, 8.8], [714.446, 8.75], [773.165, 7.4], [840.668, 8.0], [910.435, 7.4], [1008.531, 8.333333333333336], [1289.569, 7.166666666666667], [1407.295, 8.000000000900002], [1714.538, 7.0], [1990.596, 7.800000000880001], [2175.89, 7.4], [2393.488, 7.999999999999995], [3466.121, 7.333333333333336], [3600.271, 0.0]]"
ξ_box,[0.0 0.0 0.0 0.0; 0.0 -0.0 1.0 0.0; 10.0 9.0 11.0 -0.0; 4.0 15.0 17.0 2.0; 14.0 3.0 9.0 14.0; 14.0 9.0 13.0 15.0; 3.0 11.0 15.0 17.0; -0.0 15.0 16.0 22.0; 25.0 17.0 11.0 12.0; 25.0 15.0 1.0 11.0]
