first,second
s_box,[26.0; 24.0; 29.0; 18.0; 15.0; 0.0; 11.0; 0.0; 20.0; 22.0;;]
x_pb,"[-0.0, -0.0, 25.0, 23.0]"
s_bb,[26.0; 24.0; 29.0; 18.0; 15.0; 0.0; 11.0; 0.0; 20.0; 22.0;;]
partition_bb,"[[[6.0, 13.0, 29.0, 1.0, 1.0, 0.0, 0.0, 0.0, 0.0, 0.0], [0.0, 0.0, 0.0, 0.0, 3.0, 25.0, 12.0, 10.0, 1.0, 1.0], [0.0, 0.0, 0.0, 0.0, 0.0, 0.0, 4.0, 11.0, 13.0, 22.0], [26.0, 19.0, 3.0, 0.0, 0.0, 0.0, 0.0, 0.0, 0.0, 0.0], [0.0, 0.0, 0.0, 18.0, 15.0, 8.0, 7.0, 0.0, 0.0, 0.0], [0.0, 0.0, 0.0, 0.0, 0.0, 3.0, 11.0, 18.0, 9.0, 7.0], [0.0, 0.0, 0.0, 0.0, 0.0, 0.0, 9.0, 11.0, 20.0, 11.0], [17.0, 24.0, 8.0, 0.0, 0.0, 0.0, 0.0, 0.0, 0.0, 0.0], [0.0, 0.0, 11.0, 0.0, 0.0, 3.0, 16.0, 9.0, 9.0, 0.0]]]"
y_box,[0.0 0.0 0.0 -0.0 -0.0 -0.0 -0.0 -0.0 -0.0 -0.0; -0.0 -0.0 -0.0 -0.0 -0.0 -0.0 -0.0 -0.0 -0.0 -0.0; -0.0 -0.0 -0.0 0.0 0.0 25.0 -0.0 -0.0 -0.0 -0.0; -0.0 -0.0 -0.0 -0.0 -0.0 -0.0 5.0 18.0 0.0 0.0;;;]
evol_bb,"[[0.314, 1.2485243400533408e7]]"
y_bb,[0.0 0.0 0.0 -0.0 -0.0 -0.0 -0.0 -0.0 -0.0 -0.0; -0.0 -0.0 -0.0 -0.0 -0.0 -0.0 -0.0 -0.0 -0.0 -0.0; -0.0 -0.0 -0.0 0.0 0.0 25.0 -0.0 -0.0 -0.0 -0.0; -0.0 -0.0 -0.0 -0.0 -0.0 -0.0 5.0 18.0 0.0 0.0;;;]
evol_box,"[[0.461, 0.0], [2.211, 152930.95582788697], [2.296, 4.010913097004389e6], [2.303, 6.583475052452061e6], [2.308, 8.550732026006864e6], [2.312, 1.074498018881799e7], [2.319, 1.1274623724499684e7], [2.324, 1.1804269832764437e7], [2.33, 1.2182588481524976e7], [2.335, 1.2485243400533408e7]]"
y_pb,[[-0.0 0.0 -0.0 -0.0 -0.0 -0.0 -0.0 -0.0 -0.0 -0.0; -0.0 -0.0 0.0 -0.0 -0.0 -0.0 -0.0 -0.0 -0.0 -0.0; -0.0 -0.0 -0.0 -0.0 -0.0 24.999999999999996 -0.0 -0.0 -0.0 -0.0; -0.0 -0.0 -0.0 -0.0 -0.0 -0.0 5.0 18.0 -0.0 -0.0;;;]]
x_bb,"[0.0, 0.0, 25.0, 23.0]"
x_box,"[0.0, 0.0, 25.0, 23.0]"
evol_zeta,"[[1.769, 28.6], [2.295, 24.333333333333336], [2.302, 20.5], [2.307, 19.999999999999996], [2.311, 17.0], [2.317, 7.0], [2.323, 6.25], [2.329, 4.666666666666671], [2.334, 4.0], [2.337, 0.0]]"
ξ_box,[26.0; 24.0; 29.0; 18.0; 15.0; 25.0; 16.0; 18.0; 20.0; 22.0;;]
