first,second
s_box,[15.0 10.0 21.0 0.0 -0.0; 11.0 6.0 14.0 14.0 -0.0; -0.0 -0.0 -0.0 -0.0 -0.0; -0.0 -0.0 -0.0 -0.0 -0.0; 2.0 1.0 -0.0 2.0 -0.0; -0.0 -0.0 -0.0 -0.0 2.0; 0.0 -0.0 1.9999986263364216 4.0 1.0; -0.0 3.0 5.0 11.0 5.0; 1.114664656823756e-6 20.0 -0.0 10.0 15.0; 14.0 2.0 -0.0 -0.0 18.0]
x_pb,"[4.0, -0.0, 30.0, -0.0]"
s_bb,[21.0 -0.0 -0.0 -0.0 -0.0; 17.0 -0.0 -0.0 -0.0 -0.0; 6.0 -0.0 -0.0 -0.0 -0.0; 6.0 -0.0 -0.0 -0.0 -0.0; 10.0 -0.0 -0.0 -0.0 -0.0; 2.0 -0.0 -0.0 -0.0 -0.0; 6.0 -0.0 -0.0 -0.0 -0.0; 20.0 -0.0 -0.0 -0.0 -0.0; 26.0 -0.0 -0.0 -0.0 -0.0; -0.0 -0.0 -0.0 -0.0 -0.0]
partition_bb,"[[[0.0, 0.0, 0.0, 0.0, 0.0, 0.0, 0.0, 0.0, 4.0, 30.0], [0.0, 0.0, 0.0, 0.0, 0.0, 0.0, 0.0, 9.0, 26.0, 0.0], [21.0, 14.0, 0.0, 0.0, 0.0, 0.0, 0.0, 0.0, 0.0, 0.0], [0.0, 0.0, 0.0, 0.0, 14.0, 2.0, 0.0, 14.0, 0.0, 4.0], [0.0, 0.0, 6.0, 6.0, 0.0, 2.0, 6.0, 0.0, 0.0, 14.0], [0.0, 0.0, 0.0, 0.0, 0.0, 2.0, 6.0, 20.0, 3.0, 0.0], [10.0, 17.0, 0.0, 0.0, 0.0, 0.0, 0.0, 0.0, 3.0, 0.0]], [[0.0, 0.0, 0.0, 0.0, 14.0, 2.0, 4.0, 0.0, 0.0, 14.0]], Vector{Float64}[], Vector{Float64}[], Vector{Float64}[]]"
y_box,[-0.0 -0.0 -0.0 -0.0 9.0 -0.0 -0.0 -0.0 -0.0 -0.0; -0.0 -0.0 -0.0 -0.0 -0.0 -0.0 -0.0 1.1172404141799756e-6 8.999998883668676 3.0; -0.0 -0.0 -0.0 -0.0 -0.0 -0.0 -0.0 -0.0 -0.0 13.0; -0.0 -0.0 -0.0 -0.0 -0.0 -0.0 -0.0 -0.0 -0.0 -0.0;;; -0.0 2.0 -0.0 -0.0 7.0 0.0 -0.0 -0.0 -0.0 -0.0; -0.0 -0.0 -0.0 -0.0 -0.0 -0.0 -0.0 6.0 6.0 -0.0; -0.0 -0.0 -0.0 -0.0 -0.0 -0.0 -0.0 -0.0 0.0 13.0; -0.0 -0.0 -0.0 -0.0 -0.0 -0.0 -0.0 -0.0 -0.0 -0.0;;; -0.0 -0.0 -0.0 -0.0 9.0 0.0 0.0 -0.0 0.0 -0.0; -0.0 -0.0 -0.0 -0.0 -0.0 -0.0 -0.0 12.0 -0.0 -0.0; -0.0 0.0 -0.0 -0.0 0.0 -0.0 1.1214070825119768e-6 1.0 1.0 10.999998880021488; -0.0 -0.0 -0.0 -0.0 -0.0 -0.0 -0.0 -0.0 -0.0 -0.0;;; -0.0 -0.0 -0.0 -0.0 -0.0 -0.0 -0.0 9.0 -0.0 -0.0; -0.0 -0.0 -0.0 -0.0 12.0 -0.0 -0.0 -0.0 -0.0 -0.0; 7.0 -0.0 -0.0 -0.0 -0.0 2.0 0.0 -0.0 4.0 -0.0; -0.0 -0.0 -0.0 -0.0 -0.0 -0.0 -0.0 -0.0 -0.0 -0.0;;; -0.0 -0.0 -0.0 -0.0 9.0 -0.0 -0.0 -0.0 -0.0 -0.0; -0.0 -0.0 -0.0 -0.0 -0.0 -0.0 -0.0 12.0 -0.0 0.0; -0.0 -0.0 -0.0 -0.0 5.0 0.0 -0.0 -0.0 0.0 8.0; -0.0 -0.0 -0.0 -0.0 -0.0 -0.0 -0.0 -0.0 -0.0 -0.0]
evol_bb,"[[30.293, 1.500166508560235e7], [31.343, 1.5001665085602349e7]]"
y_bb,[0.0 0.0 0.0 0.0 4.0 0.0 -0.0 -0.0 -0.0 -0.0; -0.0 -0.0 -0.0 -0.0 -0.0 -0.0 0.0 0.0 0.0 -0.0; -0.0 -0.0 -0.0 -0.0 -0.0 -0.0 -0.0 -0.0 -0.0 30.0; -0.0 -0.0 -0.0 -0.0 -0.0 -0.0 -0.0 -0.0 -0.0 0.0;;; -0.0 -0.0 -0.0 -0.0 0.0 2.0 -0.0 -0.0 -0.0 2.0; -0.0 -0.0 -0.0 -0.0 -0.0 -0.0 -0.0 -0.0 -0.0 0.0; -0.0 -0.0 -0.0 -0.0 14.0 -0.0 4.0 -0.0 -0.0 12.0; -0.0 -0.0 -0.0 -0.0 -0.0 -0.0 -0.0 -0.0 -0.0 0.0;;; -0.0 -0.0 -0.0 -0.0 -0.0 -0.0 -0.0 -0.0 -0.0 -0.0; -0.0 -0.0 -0.0 -0.0 -0.0 -0.0 -0.0 -0.0 -0.0 -0.0; -0.0 -0.0 -0.0 -0.0 -0.0 -0.0 -0.0 -0.0 -0.0 -0.0; -0.0 -0.0 -0.0 -0.0 -0.0 -0.0 -0.0 -0.0 -0.0 -0.0;;; -0.0 -0.0 -0.0 -0.0 -0.0 -0.0 -0.0 -0.0 -0.0 -0.0; -0.0 -0.0 -0.0 -0.0 -0.0 -0.0 -0.0 -0.0 -0.0 -0.0; -0.0 -0.0 -0.0 -0.0 -0.0 -0.0 -0.0 -0.0 -0.0 -0.0; -0.0 -0.0 -0.0 -0.0 -0.0 -0.0 -0.0 -0.0 -0.0 -0.0;;; -0.0 -0.0 -0.0 -0.0 -0.0 -0.0 -0.0 -0.0 -0.0 -0.0; -0.0 -0.0 -0.0 -0.0 -0.0 -0.0 -0.0 -0.0 -0.0 -0.0; -0.0 -0.0 -0.0 -0.0 -0.0 -0.0 -0.0 -0.0 -0.0 -0.0; -0.0 -0.0 -0.0 -0.0 -0.0 -0.0 -0.0 -0.0 -0.0 -0.0]
evol_box,"[[0.391, 0.0], [1.877, 410.9364088018774], [1.956, 132464.17439339223], [2.035, 133236.34761451444], [2.125, 133256.37828845633], [2.257, 263828.1202868791], [2.397, 2.105818312319101e6], [2.597, 2.1060775107878656e6], [2.806, 2.106084800900659e6], [3.89, 2.106084800900659e6], [4.154, 2.237819474469044e6], [4.96, 2.2378709858384198e6], [6.716, 2.763806673540928e6], [8.447, 3.422037431976045e6], [9.268, 3.553521918121357e6], [10.289, 3.553521918121357e6], [11.721, 3.5535219181213565e6], [13.434, 3.553742242772914e6], [16.21, 3.8168009136494733e6], [18.375, 3.8168192635813816e6], [22.726, 4.079701157363598e6], [25.457, 4.079794049776351e6], [28.896, 4.080025023573328e6], [33.434, 4.079870554582881e6], [39.625, 4.21140874267637e6], [45.244, 4.343144789989094e6], [54.582, 4.342998452540633e6], [65.814, 4.474443229860921e6], [73.025, 4.474443229860922e6], [83.582, 4.474668122220332e6], [97.482, 4.474844680695498e6], [120.945, 4.606099614403494e6], [146.181, 4.606164295362698e6], [164.89, 4.6062637233320605e6], [210.872, 4.737623776254458e6], [274.7, 4.869404538532532e6], [339.526, 5.001034542922365e6], [413.03, 5.001199525700872e6], [584.384, 5.001292897975129e6], [811.983, 5.264212001272302e6], [1150.707, 5.264218402528265e6], [1374.043, 5.264241735685467e6], [1728.75, 5.3955751422382975e6], [2180.038, 5.3956038893312765e6], [2733.058, 5.395802274469071e6], [3273.011, 5.395895414492013e6], [3600.087, 5.527412863458519e6]]"
y_pb,[[-0.0 -0.0 -0.0 -0.0 4.0 -0.0 -0.0 -0.0 -0.0 -0.0; -0.0 -0.0 -0.0 -0.0 -0.0 -0.0 -0.0 0.0 -0.0 -0.0; -0.0 -0.0 -0.0 -0.0 -0.0 -0.0 -0.0 -0.0 -0.0 30.0; -0.0 -0.0 -0.0 -0.0 -0.0 -0.0 -0.0 -0.0 -0.0 0.0;;;]]
x_bb,"[4.0, -0.0, 30.0, -0.0]"
x_box,"[9.0, 12.0, 13.0, -0.0]"
evol_zeta,"[[1.565, 30.0], [1.949, 21.5], [1.974, 20.5], [2.05, 16.666666666666668], [2.16, 14.333333333333332], [2.273, 14.0], [2.413, 14.0], [2.616, 14.0], [2.828, 13.666666666666666], [3.899, 13.666666666666666], [4.192, 13.666666666666666], [4.979, 13.25], [6.75, 11.333333333333353], [8.468, 10.666666666666668], [9.294, 10.666666666666668], [10.323, 10.0], [11.75, 10.25], [13.466, 10.25], [16.232, 9.25], [18.402, 8.5], [22.748, 9.0], [25.489, 10.249999999999993], [28.923, 8.5], [33.46, 10.25], [39.643, 9.0], [45.271, 7.75], [54.607, 8.5], [65.85, 8.75], [73.048, 7.75], [83.609, 8.200000000000001], [97.511, 8.2], [120.967, 8.2], [146.199, 7.666666666666666], [164.915, 7.666666666666668], [210.897, 8.0], [274.715, 7.5], [339.551, 7.5], [413.052, 8.0], [584.41, 6.8000000007800026], [812.005, 7.500000000850001], [1150.73, 7.0], [1374.057, 8.2], [1728.772, 7.25], [2180.072, 6.800000000000002], [2733.097, 6.75], [3273.035, 7.0], [3600.103, 0.0]]"
ξ_box,[15.0 10.0 21.0 7.0 -0.0; 11.0 8.0 14.0 14.0 -0.0; 0.0 0.0 0.0 0.0 0.0; 0.0 0.0 0.0 0.0 0.0; 11.0 8.0 9.0 14.0 14.0; 0.0 0.0 0.0 2.0 2.0; 0.0 -0.0 1.9999997502435025 4.0 1.0; 1.1189070808466423e-6 9.0 18.0 20.0 17.0; 9.0 26.0 1.0 14.0 15.0; 30.0 15.0 10.999998885021489 0.0 26.0]
