first,second
s_box,[42.0 16.0 20.0 15.0; 20.0 0.0 27.0 0.0; 1.0 34.0 14.0 22.0; 16.0 0.0 17.0 0.0; 0.0 18.0 15.0 21.0; 0.0 13.0 0.0 26.0; 0.0 0.0 0.0 0.0; 0.0 0.0 0.0 11.0; 17.0 0.0 3.0 0.0; 0.0 14.0 0.0 0.0]
x_pb,"[-0.0, -0.0, 48.0, 14.0]"
s_bb,[42.0 -0.0 -0.0 -0.0; 33.0 -0.0 -0.0 -0.0; 34.0 -0.0 -0.0 -0.0; 31.0 -0.0 -0.0 -0.0; 21.0 -0.0 -0.0 -0.0; 23.0 -0.0 -0.0 -0.0; 0.0 -0.0 -0.0 -0.0; 0.0 -0.0 -0.0 -0.0; 23.0 -0.0 -0.0 -0.0; 0.0 -0.0 -0.0 -0.0]
partition_bb,"[[[42.0, 20.0, 1.0, 0.0, 0.0, 0.0, 0.0, 0.0, 0.0, 0.0], [0.0, 15.0, 34.0, 10.0, 6.0, 0.0, 0.0, 0.0, 0.0, 0.0], [0.0, 0.0, 0.0, 2.0, 19.0, 26.0, 10.0, 6.0, 1.0, 0.0], [0.0, 0.0, 0.0, 0.0, 0.0, 0.0, 14.0, 18.0, 23.0, 9.0], [0.0, 3.0, 7.0, 31.0, 14.0, 7.0, 1.0, 0.0, 0.0, 0.0], [11.0, 33.0, 14.0, 5.0, 0.0, 0.0, 0.0, 0.0, 0.0, 0.0], [0.0, 0.0, 0.0, 0.0, 0.0, 7.0, 23.0, 19.0, 14.0, 0.0], [0.0, 0.0, 0.0, 0.0, 17.0, 10.0, 12.0, 8.0, 3.0, 14.0], [0.0, 0.0, 0.0, 0.0, 0.0, 2.0, 18.0, 22.0, 17.0, 3.0], [0.0, 0.0, 2.0, 26.0, 21.0, 14.0, 0.0, 0.0, 0.0, 0.0]], Vector{Float64}[], Vector{Float64}[], Vector{Float64}[]]"
y_box,[0.0 0.0 0.0 0.0 0.0 0.0 0.0 0.0 0.0 0.0; 0.0 0.0 0.0 0.0 0.0 0.0 0.0 0.0 0.0 0.0; 0.0 0.0 0.0 0.0 0.0 4.0 20.0 18.0 6.0 0.0; 0.0 0.0 0.0 0.0 0.0 0.0 0.0 0.0 0.0 14.0;;; 0.0 0.0 0.0 0.0 0.0 0.0 0.0 0.0 0.0 0.0; 0.0 0.0 0.0 0.0 0.0 0.0 0.0 0.0 0.0 0.0; 0.0 25.0 0.0 23.0 0.0 0.0 0.0 0.0 0.0 0.0; 10.0 0.0 0.0 4.0 0.0 0.0 0.0 0.0 0.0 0.0;;; 0.0 0.0 0.0 0.0 0.0 0.0 0.0 0.0 0.0 0.0; 0.0 0.0 0.0 0.0 0.0 0.0 0.0 0.0 0.0 0.0; 0.0 0.0 0.0 0.0 0.0 22.0 6.0 9.0 11.0 0.0; 0.0 0.0 0.0 0.0 0.0 0.0 0.0 0.0 0.0 14.0;;; 0.0 0.0 0.0 0.0 0.0 0.0 0.0 0.0 0.0 0.0; 0.0 0.0 0.0 0.0 0.0 0.0 0.0 0.0 0.0 0.0; 0.0 3.0 0.0 14.0 0.0 0.0 10.0 2.0 19.0 0.0; 0.0 0.0 0.0 7.0 0.0 0.0 0.0 1.0 0.0 5.0]
evol_bb,"[[1088.374, 2.6834748583927847e7]]"
y_bb,[0.0 0.0 -0.0 -0.0 -0.0 -0.0 -0.0 -0.0 -0.0 -0.0; -0.0 -0.0 0.0 0.0 0.0 -0.0 -0.0 -0.0 -0.0 -0.0; -0.0 -0.0 -0.0 -0.0 -0.0 3.0 23.0 22.0 0.0 -0.0; -0.0 -0.0 -0.0 -0.0 -0.0 -0.0 -0.0 -0.0 -0.0 14.0;;; -0.0 -0.0 -0.0 -0.0 -0.0 -0.0 -0.0 -0.0 -0.0 -0.0; -0.0 -0.0 -0.0 -0.0 -0.0 -0.0 -0.0 -0.0 -0.0 -0.0; -0.0 -0.0 -0.0 -0.0 -0.0 -0.0 -0.0 -0.0 -0.0 -0.0; -0.0 -0.0 -0.0 -0.0 -0.0 -0.0 -0.0 -0.0 -0.0 -0.0;;; -0.0 -0.0 -0.0 -0.0 -0.0 -0.0 -0.0 -0.0 -0.0 -0.0; -0.0 -0.0 -0.0 -0.0 -0.0 -0.0 -0.0 -0.0 -0.0 -0.0; -0.0 -0.0 -0.0 -0.0 -0.0 -0.0 -0.0 -0.0 -0.0 -0.0; -0.0 -0.0 -0.0 -0.0 -0.0 -0.0 -0.0 -0.0 -0.0 -0.0;;; -0.0 -0.0 -0.0 -0.0 -0.0 -0.0 -0.0 -0.0 -0.0 -0.0; -0.0 -0.0 -0.0 -0.0 -0.0 -0.0 -0.0 -0.0 -0.0 -0.0; -0.0 -0.0 -0.0 -0.0 -0.0 -0.0 -0.0 -0.0 -0.0 -0.0; -0.0 -0.0 -0.0 -0.0 -0.0 -0.0 -0.0 -0.0 -0.0 -0.0]
evol_box,"[[0.471, 0.0], [2.317, 131547.74756932267], [2.423, 390595.5917591844], [2.491, 390595.5917592578], [2.608, 390595.59175925906], [2.784, 3.7610146399738854e6], [2.955, 5.057192440581003e6], [3.235, 5.057397140797178e6], [3.475, 6.093616553290486e6], [3.845, 6.352666648332125e6], [4.461, 6.48314630341898e6], [4.893, 6.483146303418963e6], [5.717, 6.7417870555505e6], [7.05, 7.260173400227657e6], [8.017, 7.260173400227657e6], [9.557, 7.649383081090017e6], [11.649, 7.909220562363915e6], [15.448, 8.686189248820672e6], [18.264, 8.686189248820672e6], [21.451, 8.81593266278255e6], [24.389, 8.815714556920193e6], [27.958, 8.945348657372197e6], [31.754, 9.075474300377807e6], [35.098, 9.205462412911044e6], [40.774, 9.59350374687836e6], [45.633, 9.594331460041141e6], [52.685, 9.594331460041141e6], [57.888, 9.723221308815714e6], [64.921, 9.982610415899768e6], [72.389, 9.982857968295002e6], [81.046, 1.011224242880588e7], [90.068, 1.011250708980884e7], [100.128, 1.0371468754882323e7], [111.639, 1.0630660011979736e7], [132.819, 1.076031471298474e7], [153.528, 1.0760380048660168e7], [218.627, 1.1019648249564175e7], [249.678, 1.1019532093945358e7], [283.911, 1.1149118034726638e7], [332.774, 1.1278717889012327e7], [370.424, 1.1278771171649707e7], [423.464, 1.1278869176235046e7], [473.072, 1.1278979305243682e7], [535.035, 1.140861125103947e7], [611.585, 1.140872813056457e7], [688.195, 1.1408898517501088e7], [794.159, 1.1667620190368336e7], [895.762, 1.166804019510211e7], [988.735, 1.1668127424355155e7], [1092.045, 1.1797419203145368e7], [1314.056, 1.1797486501407018e7], [1471.494, 1.1797443859854357e7], [1606.407, 1.1926922637438657e7], [1791.276, 1.1926935599101799e7], [1984.227, 1.1927026017987326e7], [2192.996, 1.1927169155157577e7], [2421.171, 1.2056629767540488e7], [2723.192, 1.205677230604926e7], [2953.063, 1.2056815702207984e7], [3526.716, 1.2186190838342663e7], [3600.069, 1.2445532068896497e7]]"
y_pb,[[0.0 -0.0 -0.0 -0.0 -0.0 -0.0 -0.0 -0.0 -0.0 -0.0; -0.0 -0.0 -0.0 -0.0 0.0 -0.0 -0.0 -0.0 -0.0 -0.0; -0.0 -0.0 -0.0 -0.0 -0.0 3.0 23.0 22.0 -0.0 -0.0; -0.0 -0.0 -0.0 -0.0 -0.0 -0.0 -0.0 -0.0 -0.0 14.0;;;]]
x_bb,"[0.0, 0.0, 48.0, 14.0]"
x_box,"[0.0, 0.0, 48.0, 14.0]"
evol_zeta,"[[2.407, 32.250000000000014], [2.432, 25.666666666666664], [2.503, 25.5], [2.621, 22.833333333333332], [2.799, 21.5], [2.989, 20.0], [3.256, 19.4], [3.496, 19.0], [3.907, 18.0], [4.483, 18.0], [4.941, 17.2], [5.753, 19.5], [7.077, 17.749999999999996], [8.066, 17.166666666666664], [9.579, 16.8], [11.703, 16.166666666666664], [15.501, 14.800000001580003], [18.316, 14.4], [21.493, 16.666666666666664], [24.435, 15.0], [27.997, 15.0], [31.783, 15.2], [35.124, 14.0], [40.806, 14.833333333333334], [45.661, 14.0], [52.714, 14.0], [57.908, 15.5], [64.947, 15.2], [72.436, 14.0], [81.073, 14.666666666666666], [90.096, 14.0], [100.151, 13.833333333333332], [111.695, 13.833333334816665], [132.863, 13.833333333333332], [153.553, 14.666666666666666], [218.652, 13.5], [249.737, 11.8], [283.943, 14.0], [332.819, 13.8], [370.451, 14.0], [423.517, 12.000000001300002], [473.144, 12.333333333333332], [535.076, 13.6], [611.638, 11.666668327001743], [688.223, 11.333333333333332], [794.2, 13.0], [895.81, 12.25], [988.764, 13.4], [1092.095, 12.333333333333332], [1314.096, 11.285716320509177], [1471.544, 11.857142857142856], [1606.449, 12.5], [1791.312, 13.0], [1984.276, 12.2], [2193.049, 11.714285715557146], [2421.225, 11.571428571428571], [2723.233, 11.857142858428574], [2953.098, 11.0], [3526.761, 12.333333333333332], [3600.091, 0.0]]"
ξ_box,[42.0 26.0 20.0 15.0; 20.0 25.0 27.0 3.0; 1.0 34.0 14.0 22.0; 16.0 27.0 17.0 21.0; -0.0 18.0 15.0 21.0; 4.0 13.0 22.0 26.0; 20.0 -0.0 6.0 10.0; 18.0 -0.0 9.0 14.0; 23.0 -0.0 14.0 19.0; 14.0 14.0 14.0 5.0]
