first,second
s_box,[3.0 0.0 0.0; 1.0 0.0 0.0; 7.0 11.0 2.0; 0.0 17.0 0.0; 8.0 0.0 14.0; 17.0 2.0 18.0; 8.0 14.0 21.0; 9.0 16.0 0.0; 0.0 17.0 10.0; 25.0 0.0 12.0]
x_pb,"[14.0, -0.0, -0.0, 25.0]"
s_bb,[3.0 -0.0 -0.0; 1.0 1.0 -0.0; 11.0 -0.0 -0.0; 3.0 -0.0 -0.0; 14.0 -0.0 -0.0; 19.0 -0.0 -0.0; 21.0 -0.0 -0.0; 22.0 -0.0 -0.0; -0.0 -0.0 -0.0; 25.0 -0.0 -0.0]
partition_bb,"[[[0.0, 0.0, 0.0, 0.0, 0.0, 0.0, 0.0, 0.0, 25.0, 15.0], [0.0, 0.0, 0.0, 0.0, 0.0, 6.0, 13.0, 22.0, 0.0, 0.0], [0.0, 1.0, 11.0, 17.0, 5.0, 0.0, 0.0, 0.0, 0.0, 5.0], [0.0, 0.0, 0.0, 0.0, 12.0, 19.0, 6.0, 3.0, 0.0, 0.0], [0.0, 0.0, 0.0, 0.0, 0.0, 0.0, 0.0, 0.0, 15.0, 25.0], [0.0, 0.0, 0.0, 0.0, 1.0, 8.0, 21.0, 12.0, 0.0, 0.0], [3.0, 1.0, 11.0, 12.0, 0.0, 0.0, 0.0, 9.0, 3.0, 0.0], [3.0, 1.0, 0.0, 2.0, 14.0, 7.0, 0.0, 5.0, 5.0, 2.0]], [[0.0, 1.0, 0.0, 2.0, 14.0, 7.0, 0.0, 0.0, 3.0, 13.0]], Vector{Float64}[]]"
y_box,[0.0 0.0 0.0 11.0 3.0 0.0 0.0 0.0 0.0 0.0; 0.0 0.0 0.0 0.0 0.0 0.0 0.0 0.0 0.0 0.0; 0.0 0.0 0.0 0.0 0.0 0.0 0.0 0.0 0.0 0.0; 0.0 0.0 0.0 0.0 0.0 0.0 0.0 0.0 25.0 0.0;;; 0.0 1.0 0.0 0.0 4.0 9.0 0.0 0.0 0.0 0.0; 0.0 0.0 0.0 0.0 0.0 0.0 0.0 0.0 0.0 0.0; 0.0 0.0 0.0 0.0 0.0 0.0 0.0 0.0 0.0 0.0; 0.0 0.0 0.0 0.0 8.0 0.0 0.0 0.0 0.0 17.0;;; 0.0 0.0 7.0 7.0 0.0 0.0 0.0 0.0 0.0 0.0; 0.0 0.0 0.0 0.0 0.0 0.0 0.0 0.0 0.0 0.0; 0.0 0.0 0.0 0.0 0.0 0.0 0.0 0.0 0.0 0.0; 3.0 0.0 0.0 0.0 0.0 0.0 0.0 22.0 0.0 0.0]
evol_bb,"[[8.246, 1.3136868014639718e7], [26.547, 1.3136868014639717e7]]"
y_bb,[0.0 -0.0 0.0 14.0 0.0 -0.0 -0.0 -0.0 -0.0 -0.0; -0.0 -0.0 -0.0 -0.0 -0.0 -0.0 0.0 -0.0 -0.0 -0.0; -0.0 -0.0 -0.0 -0.0 -0.0 -0.0 0.0 -0.0 -0.0 -0.0; -0.0 -0.0 -0.0 -0.0 -0.0 -0.0 -0.0 -0.0 25.0 0.0;;; -0.0 0.0 -0.0 2.0 12.0 -0.0 -0.0 -0.0 -0.0 -0.0; -0.0 -0.0 -0.0 -0.0 0.0 -0.0 -0.0 -0.0 -0.0 -0.0; -0.0 -0.0 -0.0 -0.0 -0.0 -0.0 -0.0 -0.0 -0.0 0.0; -0.0 -0.0 -0.0 -0.0 2.0 7.0 -0.0 -0.0 3.0 13.0;;; -0.0 -0.0 -0.0 -0.0 -0.0 -0.0 -0.0 -0.0 -0.0 -0.0; -0.0 -0.0 -0.0 -0.0 -0.0 -0.0 -0.0 -0.0 -0.0 -0.0; -0.0 -0.0 -0.0 -0.0 -0.0 -0.0 -0.0 -0.0 -0.0 -0.0; -0.0 -0.0 -0.0 -0.0 -0.0 -0.0 -0.0 -0.0 -0.0 -0.0]
evol_box,"[[0.466, 0.0], [2.042, 111383.7524370944], [2.13, 222017.8301653315], [2.175, 222017.8301653315], [2.25, 2.4294831894759806e6], [2.329, 2.6503108976280484e6], [2.416, 2.650310897628138e6], [2.573, 3.533314981834434e6], [2.711, 3.643772795733897e6], [2.902, 4.526833271029288e6], [3.084, 4.637196939036824e6], [3.361, 4.637232662951001e6], [3.669, 4.637278334048902e6], [3.904, 4.968327141264598e6], [4.264, 5.078747158741044e6], [4.759, 5.189188005452266e6], [5.488, 5.52025557865481e6], [6.176, 5.520299487698355e6], [7.355, 5.741078240701699e6], [8.247, 5.961827622317702e6], [9.487, 5.961844862728575e6], [10.709, 6.07218401604502e6], [12.383, 6.07221343876402e6], [13.455, 6.182569703523062e6], [14.925, 6.182640489346609e6], [16.251, 6.292986051156307e6], [17.843, 6.293001908354964e6], [19.975, 6.513770675000734e6], [21.946, 6.624161206905374e6], [24.447, 6.7344999718376435e6], [27.262, 6.734529594058562e6], [30.145, 6.844885606175784e6], [33.079, 6.844941195292648e6], [36.692, 6.844955188351659e6], [39.413, 6.844965913252796e6], [42.34, 6.955349959261653e6], [46.428, 6.955354620027199e6], [49.449, 7.065655203347401e6], [54.276, 7.065655203347401e6], [59.371, 7.065684497098124e6], [63.831, 7.176070313544442e6], [67.607, 7.176089068828914e6], [71.662, 7.176119296266794e6], [78.384, 7.286483015899448e6], [83.733, 7.396812265781527e6], [90.258, 7.396812265781527e6], [95.963, 7.396837402558474e6], [102.81, 7.396843853189823e6], [114.819, 7.396891501132167e6], [124.199, 7.507197953259569e6], [136.045, 7.507198526673961e6], [145.798, 7.5071998791927425e6], [155.694, 7.507236801580273e6], [167.692, 7.617609630244241e6], [182.474, 7.617613527083157e6], [197.524, 7.6176301772719e6], [214.516, 7.6176301772719e6], [230.39, 7.617633610484269e6], [252.947, 7.727969328215653e6], [269.462, 7.727971106000122e6], [298.145, 7.727994603433173e6], [324.766, 7.727971254148826e6], [344.695, 7.727999404613923e6], [367.379, 7.728016913624306e6], [394.557, 7.7280258476764e6], [423.788, 7.838382775637788e6], [467.657, 7.838401552227984e6], [504.836, 7.838401552227984e6], [585.422, 7.83840168119626e6], [620.482, 7.838412083218804e6], [659.972, 7.9487407031717375e6], [696.904, 7.9487407031717375e6], [732.329, 7.9487407031717375e6], [788.355, 7.948740851320444e6], [848.83, 7.948741443915267e6], [892.248, 7.94875737254091e6], [940.882, 7.948769996922461e6], [987.741, 8.059173976058433e6], [1055.485, 8.169512078127822e6], [1106.719, 8.169512078127822e6], [1149.042, 8.169534976517161e6], [1262.043, 8.169538956526686e6], [1302.495, 8.169544200589652e6], [1352.991, 8.169547614621591e6], [1421.993, 8.169552522047028e6], [1483.884, 8.169558891779093e6], [1548.963, 8.169560385099573e6], [1643.411, 8.279927532618251e6], [1776.085, 8.279927059356588e6], [1895.728, 8.279928502482785e6], [2010.433, 8.279944431108429e6], [2137.105, 8.390284193827435e6], [2259.948, 8.390312142333366e6], [2401.014, 8.390314705833932e6], [2493.015, 8.390334579367483e6], [2587.68, 8.500669881305477e6], [2703.608, 8.500670177602889e6], [2834.231, 8.500682446020449e6], [2979.269, 8.500695130068578e6], [3107.167, 8.50069690050604e6], [3283.051, 8.61105482803999e6], [3477.441, 8.61105482803999e6], [3600.012, 8.611055272486107e6]]"
y_pb,[[-0.0 -0.0 -0.0 14.0 -0.0 -0.0 -0.0 -0.0 -0.0 -0.0; -0.0 -0.0 -0.0 -0.0 -0.0 -0.0 0.0 -0.0 -0.0 -0.0; -0.0 -0.0 -0.0 -0.0 -0.0 -0.0 0.0 -0.0 -0.0 -0.0; -0.0 -0.0 -0.0 -0.0 -0.0 -0.0 -0.0 -0.0 24.999999999999996 -0.0;;;]]
x_bb,"[14.0, -0.0, -0.0, 25.0]"
x_box,"[14.0, 0.0, 0.0, 25.0]"
evol_zeta,"[[1.684, 24.5], [2.121, 21.333333333333332], [2.162, 17.0], [2.199, 14.500000001550006], [2.261, 14.0], [2.344, 13.8], [2.427, 13.4], [2.585, 12.666666666666668], [2.722, 11.749999999999993], [2.929, 10.8], [3.102, 12.0], [3.371, 10.833333333333332], [3.68, 11.75], [3.919, 10.66666666783334], [4.274, 11.600000000000003], [4.77, 10.6], [5.501, 9.833333333333332], [6.194, 10.285714285714286], [7.371, 9.666666666666668], [8.262, 9.833333333333332], [9.505, 10.285714426091147], [10.716, 10.0], [12.395, 10.0], [13.463, 9.5], [14.943, 9.0], [16.268, 8.75], [17.852, 9.833333333333334], [19.993, 8.6], [21.963, 7.666666666666666], [24.458, 10.0], [27.275, 9.25], [30.156, 8.2], [33.092, 7.833333333333332], [36.711, 8.749999936493445], [39.431, 9.5], [42.352, 8.200000000000006], [46.448, 8.166666666666666], [49.466, 7.166666666666667], [54.294, 6.666666666666666], [59.392, 6.5], [63.843, 8.4], [67.63, 8.8], [71.676, 6.333333333333331], [78.398, 8.166666666666666], [83.748, 8.5], [90.279, 6.1666666666666785], [95.974, 8.333333333333332], [102.83, 7.6], [114.83, 6.666666666666668], [124.212, 5.6], [136.056, 6.833333333333332], [145.815, 6.6000000007600015], [155.712, 6.000000000000002], [167.71, 6.0], [182.486, 6.750000000000002], [197.541, 6.5], [214.537, 5.199999999999999], [230.4, 6.333333333333333], [252.96, 5.4], [269.474, 5.800000000000001], [298.165, 5.166666666666664], [324.78, 4.999999999999999], [344.706, 5.166666666666667], [367.397, 4.75], [394.57, 5.199999999999999], [423.799, 4.6], [467.686, 4.333333333333334], [504.858, 6.0], [585.44, 4.0], [620.502, 3.75], [659.988, 5.1666666666666785], [696.921, 5.333333333333334], [732.345, 5.8], [788.369, 4.5], [848.845, 5.16666666666667], [892.258, 4.80000479913476], [940.901, 3.25], [987.765, 3.5000000004499903], [1055.495, 4.4999999999999964], [1106.731, 3.5999999999999996], [1149.061, 4.0], [1262.063, 5.0], [1302.507, 4.2], [1353.008, 3.000000000400007], [1422.007, 4.666666666666668], [1483.901, 4.5], [1548.979, 3.000000000400007], [1643.437, 4.0], [1776.098, 3.25], [1895.745, 3.000000000400007], [2010.45, 3.0], [2137.121, 3.800000799880806], [2259.959, 3.5], [2401.033, 3.0], [2493.037, 4.199999999999999], [2587.698, 3.6000000000000005], [2703.628, 3.8], [2834.249, 3.6666666666666665], [2979.279, 4.000000000000002], [3107.185, 3.0], [3283.068, 4.0], [3477.458, 3.0000000004], [3600.026, 0.0]]"
ξ_box,[3.0 0.0 3.0; 1.0 1.0 0.0; 7.0 11.0 9.0; 11.0 17.0 7.0; 11.0 12.0 14.0; 17.0 11.0 18.0; 8.0 14.0 21.0; 9.0 16.0 22.0; 25.0 17.0 10.0; 25.0 17.0 11.0]
