first,second
s_box,[15.0 12.0 18.0; 0.0 4.0 12.0; 8.0 0.0 0.0; 27.0 21.0 8.0; 20.0 8.0 19.0; 0.0 18.0 12.0; 2.0 21.0 27.0; 0.0 0.0 0.0; 9.0 0.0 0.0; 14.0 12.0 0.0]
x_pb,"[-0.0, 8.0, -0.0, 37.0]"
s_bb,[18.0 -0.0 -0.0; 16.0 -0.0 -0.0; 0.0 -0.0 -0.0; 27.0 -0.0 -0.0; 23.0 -0.0 -0.0; 26.0 -0.0 -0.0; 27.0 -0.0 -0.0; 0.0 -0.0 -0.0; 0.0 -0.0 -0.0; 8.0 -0.0 -0.0]
partition_bb,"[[[0.0, 0.0, 1.0, 27.0, 14.0, 4.0, 0.0, 0.0, 0.0, 0.0], [0.0, 0.0, 0.0, 0.0, 0.0, 0.0, 27.0, 13.0, 7.0, 1.0], [0.0, 0.0, 0.0, 3.0, 16.0, 26.0, 0.0, 0.0, 0.0, 0.0], [0.0, 0.0, 8.0, 0.0, 0.0, 0.0, 0.0, 8.0, 9.0, 20.0], [18.0, 16.0, 8.0, 0.0, 0.0, 0.0, 0.0, 0.0, 3.0, 0.0], [0.0, 0.0, 0.0, 10.0, 23.0, 13.0, 0.0, 0.0, 0.0, 0.0], [0.0, 0.0, 8.0, 6.0, 0.0, 0.0, 2.0, 16.0, 9.0, 4.0]], Vector{Float64}[], Vector{Float64}[]]"
y_box,[0.0 0.0 0.0 0.0 0.0 0.0 0.0 0.0 0.0 0.0; 0.0 11.0 0.0 0.0 0.0 1.0 0.0 0.0 0.0 0.0; 0.0 0.0 0.0 0.0 0.0 0.0 0.0 0.0 0.0 0.0; 0.0 0.0 0.0 0.0 0.0 25.0 6.0 2.0 0.0 0.0;;; 0.0 0.0 0.0 0.0 0.0 0.0 0.0 0.0 0.0 0.0; 0.0 4.0 8.0 0.0 0.0 0.0 0.0 0.0 0.0 0.0; 0.0 0.0 0.0 0.0 0.0 0.0 0.0 0.0 0.0 0.0; 0.0 0.0 0.0 0.0 0.0 0.0 0.0 16.0 9.0 8.0;;; 0.0 0.0 0.0 0.0 0.0 0.0 0.0 0.0 0.0 0.0; 0.0 4.0 8.0 0.0 0.0 0.0 0.0 0.0 0.0 0.0; 0.0 0.0 0.0 0.0 0.0 0.0 0.0 0.0 0.0 0.0; 0.0 0.0 0.0 0.0 0.0 0.0 0.0 16.0 9.0 8.0]
evol_bb,"[[2.996, 1.6533743785511628e7]]"
y_bb,[-0.0 -0.0 -0.0 -0.0 -0.0 -0.0 -0.0 -0.0 -0.0 -0.0; 0.0 0.0 8.0 -0.0 -0.0 -0.0 -0.0 -0.0 -0.0 -0.0; -0.0 -0.0 -0.0 0.0 0.0 0.0 -0.0 -0.0 -0.0 -0.0; -0.0 -0.0 -0.0 -0.0 -0.0 -0.0 0.0 16.0 9.0 12.0;;; -0.0 -0.0 -0.0 -0.0 -0.0 -0.0 -0.0 -0.0 -0.0 -0.0; -0.0 -0.0 -0.0 -0.0 -0.0 -0.0 -0.0 -0.0 -0.0 -0.0; -0.0 -0.0 -0.0 -0.0 -0.0 -0.0 -0.0 -0.0 -0.0 -0.0; -0.0 -0.0 -0.0 -0.0 -0.0 -0.0 -0.0 -0.0 -0.0 -0.0;;; -0.0 -0.0 -0.0 -0.0 -0.0 -0.0 -0.0 -0.0 -0.0 -0.0; -0.0 -0.0 -0.0 -0.0 -0.0 -0.0 -0.0 -0.0 -0.0 -0.0; -0.0 -0.0 -0.0 -0.0 -0.0 -0.0 -0.0 -0.0 -0.0 -0.0; -0.0 -0.0 -0.0 -0.0 -0.0 -0.0 -0.0 -0.0 -0.0 -0.0]
evol_box,"[[0.4, 0.0], [1.966, 115441.05020922262], [2.052, 342982.3837659314], [2.086, 342982.3837659314], [2.203, 2.737151955216427e6], [2.272, 2.851950116507252e6], [2.376, 4.219389920873163e6], [2.5, 4.561756734096441e6], [2.672, 5.131612437245729e6], [2.912, 5.359656292677092e6], [3.057, 5.473676491143158e6], [3.251, 5.47383638690056e6], [3.512, 6.044013013070126e6], [3.757, 6.955928763848122e6], [4.117, 6.9561416175648095e6], [4.606, 6.956184752476588e6], [5.129, 7.183980974947928e6], [6.184, 7.297993885170428e6], [6.617, 7.29802906384367e6], [7.206, 7.298266958809304e6], [8.097, 7.298272857278869e6], [9.866, 7.640303485374883e6], [11.724, 7.754116696804437e6], [13.035, 7.754116774706394e6], [14.033, 7.982219884975955e6], [15.908, 7.982219884975954e6], [18.592, 7.982374663615192e6], [21.268, 8.096135491679954e6], [22.783, 8.096234076492448e6], [24.98, 8.096234076492455e6], [27.552, 8.324287997063851e6], [30.261, 8.552223174069043e6], [34.122, 8.552268539466547e6], [38.673, 8.552406897806458e6], [42.073, 8.66623256421152e6], [46.269, 8.66629959646147e6], [52.189, 8.894283005925557e6], [56.415, 8.894287194607835e6], [60.004, 8.894296314230949e6], [67.179, 8.894493322806833e6], [73.282, 9.122392408676298e6], [80.616, 9.236350124433326e6], [90.738, 9.350461708513401e6], [99.471, 9.46447190138814e6], [105.692, 9.464535867710033e6], [121.406, 9.578418760901924e6], [135.122, 9.692428122570764e6], [146.522, 9.692533911186807e6], [166.45, 9.806450050286446e6], [192.181, 9.920535688535972e6], [218.399, 9.920548711421847e6], [261.023, 1.0034503618443092e7], [282.24, 1.0034525831929283e7], [317.202, 1.0034545141557708e7], [345.678, 1.003456143574839e7], [372.649, 1.0034520812171511e7], [399.608, 1.0148524013097323e7], [442.639, 1.0148528371006694e7], [479.165, 1.0148573334063198e7], [518.888, 1.0262559446819121e7], [591.481, 1.0262620693826284e7], [631.306, 1.0262737584706848e7], [672.624, 1.0376559688864851e7], [706.253, 1.037655968886485e7], [780.485, 1.0376614454560313e7], [871.966, 1.0376642621541968e7], [946.056, 1.0490581616580531e7], [1015.577, 1.0490594182627372e7], [1074.022, 1.0490658859336402e7], [1183.692, 1.0490658859336402e7], [1235.216, 1.0490699058136534e7], [1290.777, 1.0604603544296212e7], [1386.324, 1.0604618006983466e7], [1491.656, 1.0604679483537432e7], [1614.673, 1.0604619875150248e7], [1824.298, 1.0718625472011894e7], [2007.298, 1.0718625472011894e7], [2197.194, 1.0718625472011894e7], [2317.408, 1.0718625472011894e7], [2468.719, 1.0832647399727575e7], [2589.891, 1.0832654986289237e7], [2843.702, 1.083268930126417e7], [3011.677, 1.0946669327443255e7], [3232.35, 1.0946671118525142e7], [3458.939, 1.0946671118525142e7], [3600.036, 1.0946676914004918e7]]"
y_pb,[[-0.0 0.0 -0.0 -0.0 -0.0 -0.0 -0.0 -0.0 -0.0 -0.0; -0.0 -0.0 8.0 -0.0 -0.0 -0.0 -0.0 -0.0 -0.0 -0.0; -0.0 -0.0 0.0 -0.0 -0.0 -0.0 -0.0 -0.0 -0.0 -0.0; -0.0 -0.0 -0.0 -0.0 -0.0 -0.0 -0.0 16.0 9.0 12.0;;;]]
x_bb,"[0.0, 8.0, 0.0, 37.0]"
x_box,"[0.0, 12.0, 0.0, 33.0]"
evol_zeta,"[[1.623, 26.75], [2.041, 26.25], [2.068, 22.0], [2.102, 19.0], [2.21, 18.0], [2.29, 18.0], [2.395, 17.25], [2.522, 16.2], [2.687, 15.599999999999993], [2.922, 14.6], [3.093, 16.25], [3.276, 14.4], [3.522, 13.666666666666666], [3.774, 11.8], [4.136, 13.5], [4.622, 11.8], [5.164, 12.99999986603604], [6.203, 13.0], [6.633, 10.857142857142861], [7.222, 11.666666666666668], [8.129, 11.5], [9.878, 11.428571428571429], [11.741, 10.142857142857142], [13.052, 10.833333333333334], [14.052, 11.0], [15.924, 11.0], [18.615, 9.8], [21.281, 13.0], [22.793, 10.2], [24.987, 11.0], [27.568, 11.0], [30.281, 8.0], [34.133, 11.000000000000004], [38.69, 9.0], [42.092, 10.0], [46.304, 9.333333333333332], [52.207, 7.5], [56.43, 10.833333333333334], [60.019, 8.000000000000002], [67.192, 8.2], [73.3, 8.000000000900002], [80.633, 7.750000000000001], [90.756, 7.000000000000002], [99.483, 8.0], [105.726, 7.600000000000001], [121.424, 7.000000000000011], [135.132, 7.0], [146.568, 7.799999999999997], [166.462, 7.000000000800014], [192.196, 7.333333333333355], [218.42, 6.799999999999997], [261.04, 7.8], [282.252, 6.166666666666667], [317.225, 7.200000000820001], [345.689, 7.399999999999999], [372.66, 6.600000000000014], [399.626, 6.2], [442.651, 7.600000000860007], [479.187, 7.400000000000001], [518.904, 7.5], [591.496, 8.5], [631.317, 8.2], [672.633, 9.0], [706.27, 9.25], [780.498, 8.0], [871.982, 6.5], [946.068, 8.0], [1015.599, 6.999999999999998], [1074.036, 6.0], [1183.715, 6.0], [1235.235, 6.0], [1290.792, 7.0], [1386.338, 7.666666666666666], [1491.668, 9.0], [1614.686, 6.0], [1824.317, 8.0], [2007.315, 7.399999999999999], [2197.205, 7.800000000000001], [2317.421, 6.749999999999986], [2468.739, 5.25], [2589.9, 7.5], [2843.719, 6.799999999999999], [3011.696, 5.0], [3232.362, 7.799999999999997], [3458.955, 6.0], [3600.05, 0.0]]"
ξ_box,[14.999999999999998 12.0 18.0; 11.0 8.0 16.0; 8.0 8.0 8.0; 27.0 21.0 8.0; 20.0 8.0 19.0; 26.0 18.0 12.0; 8.0 21.0 27.0; 2.0 16.0 16.0; 9.0 9.0 9.0; 14.0 20.0 8.0]
