first,second
s_box,[18.0; 12.0; 11.0; 11.0; 14.0; 16.0; 16.0; 4.0; 0.0; 9.0;;]
x_pb,"[-0.0, -0.0, 0.0, 27.0]"
s_bb,[18.0; 12.0; 11.0; 11.0; 14.0; 16.0; 16.0; 4.0; 0.0; 9.0;;]
partition_bb,"[[[18.0, 6.0, 3.0, 0.0, 0.0, 0.0, 0.0, 0.0, 0.0, 0.0], [0.0, 0.0, 0.0, 0.0, 0.0, 7.0, 16.0, 0.0, 0.0, 4.0], [0.0, 0.0, 0.0, 0.0, 0.0, 0.0, 0.0, 16.0, 12.0, 0.0], [0.0, 0.0, 3.0, 6.0, 14.0, 4.0, 0.0, 0.0, 0.0, 0.0], [0.0, 0.0, 0.0, 0.0, 6.0, 16.0, 7.0, 0.0, 0.0, 0.0], [0.0, 8.0, 11.0, 8.0, 0.0, 0.0, 0.0, 0.0, 0.0, 0.0], [0.0, 0.0, 0.0, 0.0, 0.0, 0.0, 0.0, 0.0, 0.0, 9.0], [0.0, 12.0, 9.0, 6.0, 0.0, 0.0, 0.0, 0.0, 0.0, 0.0], [0.0, 5.0, 8.0, 11.0, 3.0, 0.0, 0.0, 0.0, 0.0, 0.0], [0.0, 0.0, 0.0, 0.0, 0.0, 0.0, 0.0, 11.0, 15.0, 3.0]]]"
y_box,[-0.0 -0.0 -0.0 -0.0 -0.0 -0.0 -0.0 -0.0 -0.0 -0.0; 0.0 0.0 0.0 0.0 0.0 -0.0 -0.0 -0.0 -0.0 -0.0; -0.0 -0.0 -0.0 -0.0 -0.0 0.0 0.0 -0.0 -0.0 -0.0; -0.0 -0.0 -0.0 -0.0 -0.0 -0.0 -0.0 12.0 15.0 0.0;;;]
evol_bb,"[[0.273, 1.3894680112571077e7]]"
y_bb,[-0.0 -0.0 -0.0 -0.0 -0.0 -0.0 -0.0 -0.0 -0.0 -0.0; 0.0 0.0 0.0 0.0 0.0 -0.0 -0.0 -0.0 -0.0 -0.0; -0.0 -0.0 -0.0 -0.0 -0.0 0.0 0.0 -0.0 -0.0 -0.0; -0.0 -0.0 -0.0 -0.0 -0.0 -0.0 -0.0 12.0 15.0 0.0;;;]
evol_box,"[[0.399, 0.0], [1.927, 817.2621114232719], [1.997, 3.380395578924869e6], [2.001, 6.88484267212578e6], [2.006, 9.388360197528787e6], [2.011, 1.051494308396014e7], [2.015, 1.2017053599201946e7], [2.02, 1.2642932980552698e7], [2.024, 1.31436364856333e7], [2.028, 1.3519164114443751e7], [2.032, 1.3894680112571077e7]]"
y_pb,[[0.0 -0.0 -0.0 -0.0 -0.0 -0.0 -0.0 -0.0 -0.0 -0.0; -0.0 0.0 -0.0 -0.0 -0.0 -0.0 -0.0 -0.0 -0.0 -0.0; -0.0 -0.0 -0.0 -0.0 -0.0 -0.0 -0.0 0.0 -0.0 -0.0; -0.0 -0.0 -0.0 -0.0 -0.0 -0.0 -0.0 12.0 15.0 -0.0;;;]]
x_bb,"[0.0, 0.0, 0.0, 27.0]"
x_box,"[0.0, 0.0, 0.0, 27.0]"
evol_zeta,"[[1.597, 18.0], [1.996, 16.0], [2.001, 15.5], [2.005, 14.0], [2.01, 8.333333333333334], [2.014, 8.0], [2.019, 5.0], [2.023, 4.0], [2.027, 3.0], [2.031, 2.333333333333334], [2.036, 1.000017846308765e-10]]"
ξ_box,[18.0; 12.0; 11.0; 11.0; 14.0; 16.0; 16.0; 16.0; 15.0; 9.0;;]
