first,second
s_box,[0.0 18.0 15.0 18.0 28.0; 0.0 6.0 0.0 11.0 0.0; 3.0 0.0 14.0 18.0 20.0; 0.0 0.0 0.0 0.0 0.0; 0.0 1.0 0.0 11.0 0.0; 18.0 15.0 0.0 0.0 0.0; 0.0 0.0 18.0 0.0 10.0; 0.0 28.0 0.0 0.0 12.0; 25.0 0.0 14.0 0.0 0.0; 25.0 0.0 9.0 12.0 0.0]
x_pb,"[-0.0, 25.0, -0.0, 28.0]"
s_bb,[28.0 -0.0 -0.0 -0.0 -0.0; 24.0 -0.0 -0.0 -0.0 -0.0; 26.0 -0.0 -0.0 -0.0 -0.0; 0.0 -0.0 -0.0 -0.0 -0.0; 20.0 -0.0 -0.0 -0.0 -0.0; 24.0 -0.0 -0.0 -0.0 -0.0; 25.0 -0.0 -0.0 -0.0 -0.0; 0.0 -0.0 -0.0 -0.0 -0.0; 30.0 -0.0 -0.0 -0.0 -0.0; 29.0 -0.0 -0.0 -0.0 -0.0]
partition_bb,"[[[0.0, 0.0, 0.0, 0.0, 0.0, 0.0, 0.0, 0.0, 30.0, 23.0], [28.0, 16.0, 9.0, 0.0, 0.0, 0.0, 0.0, 0.0, 0.0, 0.0], [0.0, 0.0, 0.0, 0.0, 0.0, 6.0, 21.0, 28.0, 0.0, 0.0], [0.0, 0.0, 3.0, 25.0, 20.0, 8.0, 0.0, 0.0, 0.0, 0.0], [7.0, 19.0, 26.0, 4.0, 1.0, 0.0, 0.0, 0.0, 0.0, 0.0], [0.0, 0.0, 0.0, 7.0, 12.0, 24.0, 9.0, 2.0, 0.0, 0.0], [0.0, 0.0, 0.0, 0.0, 0.0, 0.0, 0.0, 0.0, 22.0, 29.0], [12.0, 24.0, 17.0, 0.0, 0.0, 0.0, 0.0, 0.0, 0.0, 0.0], [0.0, 0.0, 0.0, 0.0, 0.0, 10.0, 25.0, 18.0, 0.0, 0.0]], Vector{Float64}[], Vector{Float64}[], Vector{Float64}[], Vector{Float64}[]]"
y_box,[0.0 0.0 0.0 0.0 0.0 0.0 0.0 0.0 0.0 0.0; 0.0 0.0 0.0 25.0 20.0 0.0 0.0 0.0 0.0 0.0; 0.0 0.0 0.0 0.0 0.0 0.0 0.0 0.0 0.0 0.0; 0.0 0.0 0.0 0.0 0.0 0.0 3.0 0.0 5.0 0.0;;; 0.0 0.0 0.0 0.0 0.0 0.0 0.0 0.0 0.0 0.0; 0.0 0.0 0.0 19.0 13.0 0.0 13.0 0.0 0.0 0.0; 0.0 0.0 0.0 0.0 0.0 0.0 0.0 0.0 0.0 0.0; 0.0 0.0 0.0 0.0 0.0 0.0 8.0 0.0 0.0 0.0;;; 0.0 0.0 0.0 0.0 0.0 0.0 0.0 0.0 0.0 0.0; 0.0 7.0 0.0 0.0 2.0 14.0 5.0 17.0 0.0 0.0; 0.0 0.0 0.0 0.0 0.0 0.0 0.0 0.0 0.0 0.0; 0.0 0.0 0.0 0.0 0.0 0.0 0.0 0.0 0.0 8.0;;; 0.0 0.0 0.0 0.0 0.0 0.0 0.0 0.0 0.0 0.0; 0.0 0.0 0.0 15.0 0.0 0.0 0.0 12.0 18.0 0.0; 0.0 0.0 0.0 0.0 0.0 0.0 0.0 0.0 0.0 0.0; 0.0 0.0 0.0 0.0 0.0 3.0 5.0 0.0 0.0 0.0;;; 0.0 0.0 0.0 0.0 0.0 0.0 0.0 0.0 0.0 0.0; 0.0 16.0 0.0 6.0 4.0 19.0 0.0 0.0 0.0 0.0; 0.0 0.0 0.0 0.0 0.0 0.0 0.0 0.0 0.0 0.0; 0.0 0.0 0.0 0.0 3.0 0.0 0.0 5.0 0.0 0.0]
evol_bb,"[[269.774, 2.2582865635448687e7]]"
y_bb,[0.0 0.0 0.0 -0.0 -0.0 -0.0 -0.0 -0.0 -0.0 -0.0; -0.0 -0.0 -0.0 25.0 0.0 -0.0 -0.0 -0.0 -0.0 -0.0; -0.0 -0.0 -0.0 -0.0 -0.0 0.0 -0.0 -0.0 -0.0 -0.0; -0.0 -0.0 -0.0 -0.0 -0.0 -0.0 0.0 28.0 0.0 0.0;;; -0.0 -0.0 -0.0 -0.0 -0.0 -0.0 -0.0 -0.0 -0.0 -0.0; -0.0 -0.0 -0.0 -0.0 -0.0 -0.0 -0.0 -0.0 -0.0 -0.0; -0.0 -0.0 -0.0 -0.0 -0.0 -0.0 -0.0 -0.0 -0.0 -0.0; -0.0 -0.0 -0.0 -0.0 -0.0 -0.0 -0.0 -0.0 -0.0 -0.0;;; -0.0 -0.0 -0.0 -0.0 -0.0 -0.0 -0.0 -0.0 -0.0 -0.0; -0.0 -0.0 -0.0 -0.0 -0.0 -0.0 -0.0 -0.0 -0.0 -0.0; -0.0 -0.0 -0.0 -0.0 -0.0 -0.0 -0.0 -0.0 -0.0 -0.0; -0.0 -0.0 -0.0 -0.0 -0.0 -0.0 -0.0 -0.0 -0.0 -0.0;;; -0.0 -0.0 -0.0 -0.0 -0.0 -0.0 -0.0 -0.0 -0.0 -0.0; -0.0 -0.0 -0.0 -0.0 -0.0 -0.0 -0.0 -0.0 -0.0 -0.0; -0.0 -0.0 -0.0 -0.0 -0.0 -0.0 -0.0 -0.0 -0.0 -0.0; -0.0 -0.0 -0.0 -0.0 -0.0 -0.0 -0.0 -0.0 -0.0 -0.0;;; -0.0 -0.0 -0.0 -0.0 -0.0 -0.0 -0.0 -0.0 -0.0 -0.0; -0.0 -0.0 -0.0 -0.0 -0.0 -0.0 -0.0 -0.0 -0.0 -0.0; -0.0 -0.0 -0.0 -0.0 -0.0 -0.0 -0.0 -0.0 -0.0 -0.0; -0.0 -0.0 -0.0 -0.0 -0.0 -0.0 -0.0 -0.0 -0.0 -0.0]
evol_box,"[[0.47, 0.0], [2.271, 1461.9060574593022], [2.442, 3086.23104263697], [2.529, 220018.21742075123], [2.635, 329750.8465024677], [2.792, 549371.708607997], [2.97, 2.632298658923778e6], [3.303, 2.8509449208060824e6], [3.609, 3.1803920373386443e6], [3.993, 3.2895723620478227e6], [5.195, 3.72833106990946e6], [6.01, 4.0570106110446155e6], [7.57, 4.057010611044604e6], [8.862, 4.934298070879949e6], [13.259, 5.591719712105572e6], [15.887, 5.701086814115197e6], [19.653, 5.70128695856766e6], [23.563, 5.810943549803998e6], [28.549, 5.920350256729551e6], [34.661, 5.920720757745189e6], [44.163, 6.030547113192409e6], [70.923, 6.139781222419544e6], [90.26, 6.359024695151163e6], [111.663, 6.468604749642757e6], [177.321, 6.468869781803523e6], [251.076, 6.578095575126351e6], [328.696, 6.687806148727935e6], [501.876, 6.797548754130036e6], [589.864, 6.907366578509754e6], [788.396, 7.016791749622328e6], [909.976, 7.126193115480227e6], [1170.476, 7.126257590325316e6], [1356.156, 7.126366507861578e6], [1604.759, 7.345401765462377e6], [1951.564, 7.345519731909767e6], [2492.321, 7.455071536447042e6], [3452.757, 7.455138475819649e6], [3600.043, 7.784016657764985e6]]"
y_pb,[[-0.0 0.0 -0.0 -0.0 -0.0 -0.0 -0.0 -0.0 -0.0 -0.0; -0.0 -0.0 -0.0 24.999999999999996 -0.0 -0.0 -0.0 -0.0 -0.0 -0.0; -0.0 -0.0 -0.0 -0.0 0.0 -0.0 -0.0 -0.0 -0.0 -0.0; -0.0 -0.0 -0.0 -0.0 -0.0 -0.0 0.0 28.0 -0.0 -0.0;;;]]
x_bb,"[0.0, 25.0, 0.0, 28.0]"
x_box,"[0.0, 45.0, 0.0, 8.0]"
evol_zeta,"[[1.88, 30.0], [2.359, 27.999999999999996], [2.454, 27.33333333333333], [2.551, 24.25], [2.662, 18.166666666666664], [2.819, 18.0], [3.002, 18.0], [3.332, 17.333333333333332], [3.666, 16.75], [4.021, 16.75], [5.232, 16.75], [6.089, 16.249999999999993], [7.643, 16.2], [8.929, 16.166666666666664], [13.319, 15.75], [15.96, 14.0], [19.702, 14.0], [23.621, 14.75], [28.625, 13.200000000000003], [34.717, 13.4], [44.222, 13.166666666666666], [70.98, 12.600000001360002], [90.33, 13.166666666666663], [111.717, 12.833333333333334], [177.389, 13.166666666666666], [251.13, 12.5], [328.751, 12.333333333333332], [501.928, 12.000000001300002], [589.922, 13.166666666666666], [788.472, 12.0], [910.052, 11.166666666666668], [1170.545, 10.666666666666666], [1356.221, 12.600000001360002], [1604.827, 11.5], [1951.63, 10.40000000114], [2492.411, 10.0], [3452.816, 13.0], [3600.062, 0.0]]"
ξ_box,[-0.0 18.0 15.0 18.0 28.0; -0.0 6.0 7.0 11.0 16.0; 3.0 0.0 14.0 18.0 20.0; 25.0 19.0 -0.0 15.0 6.0; 20.0 14.0 2.0 10.0 7.0; 18.0 15.0 14.0 3.0 19.0; 3.0 21.0 21.0 5.0 10.0; -0.0 28.0 17.0 12.0 17.0; 30.0 -0.0 14.0 18.0 0.0; 25.0 -0.0 17.0 12.0 0.0]
