first,second
s_box,[12.0 12.0; 17.0 0.0; 15.999999500101522 23.0; 16.0 23.0; 13.0 13.0; 0.999999930844562 4.0; -0.0 14.0; 22.0 15.0; -0.0 1.0000002289492378; 29.0 20.0]
x_pb,"[-0.0, 19.0, -0.0, 24.0]"
s_bb,[12.0 -0.0; 26.0 13.0; 21.0 23.0; 23.0 13.0; 13.0 13.0; 1.0 -0.0; -0.0 -0.0; 20.0 22.0; -0.0 4.0; 29.0 -0.0]
partition_bb,"[[[0.0, 0.0, 0.0, 0.0, 0.0, 0.0, 0.0, 0.0, 14.0, 29.0], [4.0, 26.0, 13.0, 0.0, 0.0, 0.0, 0.0, 0.0, 0.0, 0.0], [0.0, 0.0, 10.0, 23.0, 10.0, 1.0, 0.0, 0.0, 0.0, 0.0], [0.0, 0.0, 0.0, 0.0, 0.0, 0.0, 10.0, 17.0, 2.0, 17.0], [0.0, 0.0, 0.0, 0.0, 0.0, 0.0, 5.0, 7.0, 24.0, 9.0], [12.0, 0.0, 6.0, 19.0, 6.0, 0.0, 0.0, 0.0, 0.0, 0.0], [0.0, 8.0, 21.0, 8.0, 1.0, 0.0, 0.0, 0.0, 0.0, 8.0], [0.0, 0.0, 0.0, 2.0, 0.0, 4.0, 16.0, 9.0, 0.0, 12.0], [0.0, 16.0, 3.0, 11.0, 13.0, 0.0, 0.0, 0.0, 0.0, 0.0], [0.0, 0.0, 0.0, 0.0, 0.0, 1.0, 13.0, 20.0, 3.0, 9.0]], [[0.0, 0.0, 0.0, 0.0, 0.0, 3.0, 15.0, 22.0, 5.0, 0.0], [0.0, 10.0, 23.0, 10.0, 3.0, 0.0, 0.0, 0.0, 0.0, 0.0], [12.0, 0.0, 0.0, 0.0, 0.0, 0.0, 12.0, 19.0, 2.0, 0.0], [0.0, 0.0, 0.0, 0.0, 8.0, 4.0, 16.0, 9.0, 0.0, 6.0], [0.0, 0.0, 0.0, 0.0, 0.0, 2.0, 14.0, 21.0, 9.0, 0.0], [0.0, 13.0, 0.0, 13.0, 13.0, 4.0, 0.0, 0.0, 0.0, 0.0]]]"
y_box,[-0.0 -0.0 -0.0 -0.0 -0.0 -0.0 -0.0 -0.0 -0.0 -0.0; -0.0 -0.0 -0.0 -0.0 -0.0 3.0 16.0 0.0 -0.0 -0.0; -0.0 -0.0 -0.0 -0.0 -0.0 -0.0 -0.0 -0.0 -0.0 -0.0; -0.0 -0.0 -0.0 -0.0 -0.0 -0.0 -0.0 -0.0 24.0 0.0;;; -0.0 -0.0 -0.0 -0.0 -0.0 -0.0 -0.0 -0.0 -0.0 -0.0; -0.0 2.0 -0.0 -0.0 -0.0 0.0 0.0 1.14891285619755e-7 16.99999988677538 -0.0; -0.0 -0.0 -0.0 -0.0 -0.0 -0.0 -0.0 -0.0 -0.0 -0.0; -0.0 24.0 -0.0 -0.0 -0.0 -0.0 -0.0 -0.0 0.0 -0.0]
evol_bb,"[[6.731, 1.6480121008501146e7], [77.884, 1.6369518115229767e7], [236.035, 1.625891522195839e7], [733.642, 1.6258915221958388e7], [2089.339, 1.614831232868701e7], [2089.677, 1.603770943541563e7]]"
y_bb,[0.0 0.0 0.0 0.0 0.0 -0.0 -0.0 -0.0 -0.0 -0.0; -0.0 -0.0 -0.0 -0.0 -0.0 3.0 16.0 0.0 -0.0 -0.0; -0.0 -0.0 -0.0 -0.0 -0.0 -0.0 -0.0 0.0 -0.0 -0.0; -0.0 -0.0 -0.0 -0.0 -0.0 -0.0 -0.0 -0.0 24.0 -0.0;;; 0.0 0.0 -0.0 -0.0 -0.0 -0.0 -0.0 -0.0 -0.0 -0.0; 12.0 -0.0 0.0 -0.0 -0.0 4.0 -0.0 -0.0 3.0 0.0; -0.0 -0.0 -0.0 -0.0 0.0 -0.0 0.0 -0.0 -0.0 -0.0; -0.0 -0.0 -0.0 -0.0 -0.0 -0.0 16.0 0.0 2.0 6.0]
evol_box,"[[0.538, 0.0], [2.659, 450.26692571141757], [2.769, 2095.1252791718416], [2.787, 3.7613177641685903e6], [2.806, 4.424435069957888e6], [2.836, 4.977469573247602e6], [2.869, 6.083921761227995e6], [2.952, 6.9683016151996e6], [3.046, 7.300241222836711e6], [3.179, 7.632032004679933e6], [3.259, 7.632032004679921e6], [3.405, 8.516870702452766e6], [3.631, 9.069776624288617e6], [3.953, 9.29097353110856e6], [4.241, 9.401545255817773e6], [4.681, 9.51214814908915e6], [5.117, 1.0065162575260147e7], [5.39, 1.0397011343545163e7], [5.738, 1.0507574188531559e7], [6.063, 1.0839382868345698e7], [6.483, 1.095004006271675e7], [6.887, 1.139239733470257e7], [7.49, 1.1392457085636128e7], [8.258, 1.1503044696231406e7], [8.962, 1.1613662872178888e7], [9.552, 1.161367972743411e7], [9.959, 1.1834808907788105e7], [10.654, 1.1945411801059484e7], [11.423, 1.1945416253711222e7], [12.502, 1.2166617549662527e7], [13.084, 1.216666502892401e7], [13.534, 1.2166672193702351e7], [14.253, 1.2166678507948717e7], [14.74, 1.2277220480873618e7], [15.161, 1.227727508697373e7], [15.517, 1.238787081546677e7], [16.116, 1.2498435172719853e7], [16.671, 1.2609067274920927e7], [17.665, 1.2719640959262611e7], [18.303, 1.271964300676934e7], [19.143, 1.283022604192704e7], [19.547, 1.2830234947230512e7], [20.013, 1.2940842293153632e7], [20.579, 1.2940846694644045e7], [21.344, 1.2940918701086305e7], [21.985, 1.3051431828469796e7], [22.541, 1.3051431828469798e7], [23.331, 1.305144518642501e7], [23.999, 1.3051451413435666e7], [24.599, 1.3162034721741175e7], [25.382, 1.316204360146399e7], [26.335, 1.3162052506767467e7], [27.422, 1.327264648345775e7], [28.248, 1.3272646520316027e7], [29.579, 1.3272655374458183e7], [30.409, 1.3383294582570609e7], [31.503, 1.338329685490918e7], [32.362, 1.3493843366360866e7], [33.395, 1.3493843401555311e7], [34.833, 1.3493852306858785e7], [36.46, 1.3493859928505896e7], [37.955, 1.3493861212162262e7], [39.176, 1.3493865613640342e7], [40.31, 1.3604446294826686e7], [42.278, 1.3604446233378574e7], [43.087, 1.360444629482669e7], [43.929, 1.3604446221159372e7], [44.626, 1.3604452973804297e7], [46.188, 1.3715049095936155e7], [47.78, 1.371504915123971e7], [49.692, 1.3715049132808728e7], [50.846, 1.3715049188098067e7], [52.413, 1.3715053613107888e7], [53.704, 1.3715055830203695e7], [61.629, 1.3715055867075678e7], [62.932, 1.3715056329177925e7], [63.877, 1.3715057067336187e7], [65.726, 1.3715058093401542e7], [67.786, 1.3715058093401544e7], [69.976, 1.3715063476850599e7], [74.89, 1.3715063517654749e7], [76.131, 1.3715064440328088e7], [78.624, 1.371506574183303e7], [82.153, 1.371507068243309e7], [83.924, 1.371507932942549e7], [85.403, 1.3825651569988053e7], [87.081, 1.3825658728751969e7], [88.353, 1.3825658760347052e7], [90.743, 1.3825660986672923e7], [92.221, 1.3825660986672923e7], [94.669, 1.3825663108588474e7], [96.643, 1.3825666159855891e7], [98.121, 1.3825667884576745e7], [100.143, 1.3825671349378595e7], [101.59, 1.3825671349378595e7], [103.396, 1.3825671349378595e7], [107.106, 1.3825674344628138e7], [109.341, 1.3825675316229599e7], [110.188, 1.3825706731088495e7], [111.716, 1.393625446325943e7], [113.406, 1.3936254463259432e7], [114.525, 1.3936254463259434e7], [117.092, 1.3936254463259434e7], [118.563, 1.3936254463259432e7], [122.903, 1.3936254463259434e7], [124.58, 1.3936254400320424e7]]"
y_pb,[[-0.0 -0.0 -0.0 -0.0 0.0 -0.0 -0.0 -0.0 -0.0 -0.0; -0.0 -0.0 -0.0 -0.0 -0.0 3.0 16.0 -0.0 -0.0 -0.0; -0.0 -0.0 -0.0 -0.0 -0.0 -0.0 -0.0 0.0 -0.0 -0.0; -0.0 -0.0 -0.0 -0.0 -0.0 -0.0 -0.0 -0.0 24.0 -0.0;;;]]
x_bb,"[0.0, 19.0, -0.0, 24.0]"
x_box,"[0.0, 19.0, -0.0, 24.0]"
evol_zeta,"[[2.217, 29.0], [2.752, 25.99999999999998], [2.776, 22.75], [2.794, 21.5], [2.816, 17.75], [2.844, 17.25], [2.88, 15.333333333333332], [2.961, 15.200000000000001], [3.057, 15.750000000000002], [3.189, 15.400000000000002], [3.265, 14.666666666666668], [3.413, 13.399999999999997], [3.639, 13.499999999999998], [3.961, 13.4], [4.255, 13.8], [4.696, 11.999999999999996], [5.123, 13.250000000000002], [5.402, 12.0], [5.748, 12.0], [6.076, 11.0], [6.491, 8.0], [6.906, 12.0], [7.505, 8.0], [8.272, 10.0], [8.977, 8.0], [9.561, 9.0], [10.004, 8.25], [10.661, 8.0], [11.439, 9.250000000000002], [12.518, 8.666666666666666], [13.092, 7.333333333333333], [13.542, 7.0], [14.263, 6.750000000000002], [14.753, 4.666666666666667], [15.168, 8.0], [15.533, 5.800000000000001], [16.127, 7.499999999999999], [16.695, 7.666666666666669], [17.675, 8.333333333333334], [18.312, 9.499999944772583], [19.155, 5.250000000000001], [19.56, 3.600000000000003], [20.025, 4.666666666666671], [20.589, 4.0], [21.356, 5.749999999999998], [21.994, 6.75], [22.551, 6.199999999999999], [23.34, 7.0], [24.011, 3.2500000000000036], [24.612, 3.4000000000000004], [25.393, 3.199999999999996], [26.345, 4.5], [27.436, 2.75], [28.261, 3.0], [29.59, 2.2500000000000004], [30.424, 2.9999999999999982], [31.515, 6.0], [32.382, 3.333333333333336], [33.407, 2.6666666666666674], [34.846, 2.6000000000000014], [36.473, 1.2500005124888958], [37.965, 5.800000000000004], [39.188, 5.25], [40.325, 1.000000000000001], [42.29, 2.8000000000000007], [43.121, 1.3333333333333321], [43.942, 2.9999999999999987], [44.64, 1.7500000000000002], [46.195, 0.75], [47.79, 1.999999735429423], [49.706, 1.2500002482786101], [50.859, 0.75], [52.419, 1.75], [53.718, 0.7999999999999936], [61.64, 0.666666666666681], [62.944, 1.0], [63.887, 3.9999987712392087], [65.737, 2.7500000000000147], [67.8, 1.7499999999999984], [69.993, 2.25], [74.898, 2.25], [76.145, 1.0], [78.638, 1.0000000196170902], [82.17, 0.5000000000000102], [83.937, 1.1999999999999948], [85.417, 0.3999999999999986], [87.095, 0.749999876272696], [88.365, 0.5999999999999992], [90.756, 1.75], [92.233, 2.2499999999999973], [94.683, 2.000009723604279], [96.655, 0.9999978824953359], [98.133, 1.5999997961740346], [100.155, 0.5000000001500098], [101.602, 0.8000000000000016], [103.41, 0.39999999999999836], [107.122, 1.7499999999999973], [109.357, 0.25], [110.201, 1.0000000002000018], [111.73, 0.25], [113.421, 0.75], [114.537, 0.25], [117.105, 0.6000000000000014], [118.569, 1.6666666666666679], [122.916, 0.6666666666666702], [124.593, 0.0]]"
ξ_box,[12.0 12.0; 17.0 26.0; 15.99999950510152 23.0; 16.0 23.0; 13.0 13.0; 4.0 4.0; 16.0 14.0; 22.0 15.00000011822462; 24.0 18.00000011822462; 29.0 20.0]
