first,second
s_box,[0.0 1.0 10.0 1.0; 0.0 0.0 0.0 13.0; 0.0 18.0 0.0 8.0; 0.0 16.0 0.0 6.0; 6.0 0.0 14.0 21.0; 26.0 8.0 0.0 12.0; 0.0 2.0 20.0 0.0; 0.0 0.0 22.0 0.0; 8.0 3.0 0.0 0.0; 32.0 24.0 6.0 12.0]
x_pb,"[0.0, -0.0, 45.0, -0.0]"
s_bb,[-0.0 -0.0 -0.0 -0.0; 14.0 -0.0 -0.0 -0.0; 10.0 -0.0 6.0 -0.0; -0.0 -0.0 -0.0 -0.0; 5.0 18.0 12.0 -0.0; 26.0 20.0 5.0 -0.0; -0.0 -0.0 -0.0 16.0; -0.0 18.0 -0.0 22.0; -0.0 -0.0 -0.0 -0.0; 32.0 -0.0 -0.0 -0.0]
partition_bb,"[[[0.0, 0.0, 0.0, 0.0, 0.0, 0.0, 0.0, 0.0, 11.0, 32.0], [0.0, 0.0, 0.0, 0.0, 6.0, 26.0, 8.0, 5.0, 0.0, 0.0], [0.0, 14.0, 10.0, 8.0, 0.0, 0.0, 0.0, 0.0, 0.0, 14.0], [0.0, 13.0, 8.0, 6.0, 18.0, 0.0, 0.0, 0.0, 0.0, 0.0]], [[0.0, 0.0, 3.0, 5.0, 22.0, 2.0, 1.0, 0.0, 0.0, 16.0], [0.0, 0.0, 2.0, 4.0, 21.0, 20.0, 2.0, 0.0, 0.0, 0.0], [0.0, 0.0, 0.0, 0.0, 0.0, 0.0, 12.0, 18.0, 5.0, 13.0]], [[0.0, 1.0, 6.0, 8.0, 25.0, 5.0, 4.0, 0.0, 0.0, 0.0], [0.0, 0.0, 1.0, 3.0, 20.0, 0.0, 8.0, 14.0, 1.0, 0.0]], [[0.0, 0.0, 0.0, 0.0, 0.0, 0.0, 16.0, 22.0, 9.0, 0.0]]]"
y_box,[9.0 0.0 0.0 0.0 0.0 0.0 0.0 0.0 0.0 0.0; 0.0 0.0 0.0 0.0 0.0 0.0 0.0 0.0 0.0 0.0; 1.0 0.0 0.0 0.0 0.0 0.0 15.0 17.0 3.0 0.0; 0.0 0.0 0.0 0.0 0.0 0.0 0.0 0.0 0.0 0.0;;; 0.0 9.0 0.0 0.0 0.0 0.0 0.0 0.0 0.0 0.0; 0.0 0.0 0.0 0.0 0.0 0.0 0.0 0.0 0.0 0.0; 0.0 5.0 0.0 0.0 22.0 9.0 0.0 0.0 0.0 0.0; 0.0 0.0 0.0 0.0 0.0 0.0 0.0 0.0 0.0 0.0;;; 0.0 9.0 0.0 0.0 0.0 0.0 0.0 0.0 0.0 0.0; 0.0 0.0 0.0 0.0 0.0 0.0 0.0 0.0 0.0 0.0; 0.0 0.0 4.0 2.0 0.0 2.0 0.0 0.0 11.0 17.0; 0.0 0.0 0.0 0.0 0.0 0.0 0.0 0.0 0.0 0.0;;; 9.0 0.0 0.0 0.0 0.0 0.0 0.0 0.0 0.0 0.0; 0.0 0.0 0.0 0.0 0.0 0.0 0.0 0.0 0.0 0.0; 0.0 0.0 0.0 0.0 0.0 0.0 11.0 14.0 11.0 0.0; 0.0 0.0 0.0 0.0 0.0 0.0 0.0 0.0 0.0 0.0]
evol_bb,"[[150.944, 1.9806027850977555e7], [3600.001, 1.1264444747152466e7]]"
y_bb,[-0.0 -0.0 -0.0 -0.0 -0.0 -0.0 -0.0 5.0 -0.0 -0.0; -0.0 -0.0 -0.0 -0.0 13.0 -0.0 -0.0 -0.0 -0.0 -0.0; -0.0 -0.0 -0.0 -0.0 -0.0 -0.0 -0.0 -0.0 9.0 -0.0; -0.0 -0.0 -0.0 8.0 -0.0 -0.0 8.0 -0.0 2.0 -0.0;;; -0.0 -0.0 -0.0 -0.0 -0.0 -0.0 5.0 -0.0 -0.0 -0.0; -0.0 -0.0 3.0 5.0 -0.0 -0.0 -0.0 -0.0 5.0 -0.0; -0.0 -0.0 -0.0 -0.0 4.0 -0.0 -0.0 -0.0 -0.0 5.0; -0.0 -0.0 -0.0 -0.0 -0.0 -0.0 7.0 -0.0 -0.0 11.0;;; -0.0 -0.0 -0.0 -0.0 5.0 -0.0 -0.0 -0.0 -0.0 -0.0; -0.0 -0.0 -0.0 -0.0 -0.0 -0.0 -0.0 12.0 1.0 -0.0; -0.0 1.0 -0.0 -0.0 -0.0 -0.0 8.0 -0.0 -0.0 -0.0; -0.0 -0.0 -0.0 8.0 8.0 -0.0 -0.0 2.0 -0.0 -0.0;;; -0.0 -0.0 -0.0 -0.0 -0.0 -0.0 -0.0 5.0 -0.0 -0.0; -0.0 -0.0 -0.0 -0.0 -0.0 -0.0 -0.0 4.0 9.0 -0.0; -0.0 -0.0 -0.0 -0.0 -0.0 -0.0 -0.0 9.0 -0.0 -0.0; -0.0 -0.0 -0.0 -0.0 -0.0 -0.0 -0.0 -0.0 -0.0 -0.0]
evol_box,"[[0.51, 0.0], [2.492, 1006.970875615254], [2.6, 130449.37341280523], [2.633, 130696.7529653322], [2.704, 389706.3720083885], [2.829, 2.8488397227071747e6], [3.042, 2.9785332380817514e6], [3.287, 4.401627770050918e6], [3.552, 4.401627770050904e6], [3.794, 4.401627770050915e6], [4.223, 4.401627770050912e6], [4.685, 4.660525433230793e6], [5.216, 5.567493513771773e6], [6.009, 5.826262820716527e6], [7.206, 5.95577425050934e6], [9.488, 6.084648478435517e6], [11.505, 6.084700825184941e6], [13.997, 6.085278998846296e6], [16.367, 6.473209024815176e6], [18.919, 6.473209024815175e6], [21.244, 6.602624752605585e6], [24.616, 6.6026821618664e6], [27.887, 6.86175088806189e6], [31.199, 6.990942502214005e6], [39.566, 7.249671963029837e6], [44.846, 7.249793700849287e6], [50.251, 7.379316211349513e6], [55.943, 7.379316102499109e6], [63.16, 7.638021179395729e6], [72.441, 7.638023701847117e6], [81.184, 7.896912378966972e6], [95.283, 7.896912378966972e6], [108.615, 7.897087384934967e6], [123.585, 8.155638447021142e6], [143.354, 8.155638447021142e6], [157.739, 8.15575026509898e6], [183.433, 8.414536110201016e6], [226.277, 8.414730033162944e6], [265.378, 8.414772761899699e6], [298.21, 8.543984941790953e6], [355.192, 8.544249865536299e6], [445.743, 8.544463578639602e6], [494.124, 8.673576678102417e6], [581.367, 8.802882604970828e6], [641.522, 8.80288260497083e6], [721.25, 8.932331436560767e6], [809.064, 8.93253148858349e6], [926.987, 8.932558083233293e6], [1031.425, 8.93256593957467e6], [1118.536, 8.93263232664416e6], [1228.301, 8.932927482390666e6], [1373.033, 9.061780268150704e6], [1553.746, 9.061850561396427e6], [1758.617, 9.061878855642915e6], [1931.0, 9.062189512964403e6], [2200.182, 9.061960062334511e6], [2394.451, 9.062256608805804e6], [2528.385, 9.062271786239546e6], [2735.154, 9.191229099740641e6], [3224.292, 9.32067611828459e6], [3534.52, 9.320705273044065e6], [3600.027, 9.450209278789101e6]]"
y_pb,[[0.0 -0.0 -0.0 -0.0 -0.0 -0.0 -0.0 -0.0 -0.0 -0.0; -0.0 -0.0 -0.0 -0.0 0.0 -0.0 -0.0 -0.0 -0.0 -0.0; -0.0 -0.0 -0.0 -0.0 -0.0 -0.0 22.0 22.0 1.0 -0.0; -0.0 -0.0 -0.0 -0.0 -0.0 -0.0 -0.0 -0.0 -0.0 0.0;;;]]
x_bb,"[5.0, 13.0, 9.0, 18.0]"
x_box,"[9.0, 0.0, 36.0, 0.0]"
evol_zeta,"[[2.592, 26.0], [2.611, 20.75], [2.674, 19.4], [2.722, 17.333333333333332], [2.848, 15.399999999999999], [3.065, 14.333333333333336], [3.316, 16.0], [3.593, 14.0], [3.816, 14.0], [4.246, 14.0], [4.714, 13.666666666666666], [5.239, 12.999999999999986], [6.037, 12.599999999999998], [7.234, 11.2], [9.524, 11.2], [11.531, 11.4], [14.058, 10.200000000004366], [16.389, 11.4], [18.949, 11.4], [21.27, 11.000000000000028], [24.65, 10.5], [27.948, 10.5], [31.221, 10.4], [39.595, 11.0], [44.874, 10.5], [50.294, 10.0], [55.965, 10.0], [63.179, 10.666666666666668], [72.469, 10.5], [81.207, 10.2], [95.312, 10.0], [108.662, 9.999999999999975], [123.609, 10.666666666666668], [143.386, 10.0], [157.773, 10.0], [183.482, 10.0], [226.305, 9.60000000106001], [265.392, 10.0], [298.264, 9.0], [355.21, 10.0], [445.775, 10.0], [494.153, 10.0], [581.409, 10.0], [641.597, 9.5], [721.31, 9.0], [809.111, 9.750000746775793], [927.009, 10.0], [1031.463, 9.000000833167494], [1118.564, 10.0], [1228.333, 9.0], [1373.067, 9.000003749253747], [1553.794, 9.5], [1758.649, 9.200000000000006], [1931.04, 8.857143313891877], [2200.209, 9.5], [2394.477, 10.0], [2528.438, 9.0], [2735.185, 9.600000001060003], [3224.334, 9.499999999999998], [3534.576, 8.857142857142858], [3600.046, 0.0]]"
ξ_box,[10.0 1.0 10.0 10.0; 0.0 14.0 9.0 13.0; 0.0 18.0 4.0 8.0; 0.0 16.0 2.0 6.0; 6.0 22.0 12.0 21.0; 26.0 17.0 2.0 12.0; 15.0 1.0 20.0 11.0; 17.0 0.0 22.0 14.0; 11.0 3.0 11.0 11.0; 32.0 24.0 23.0 12.0]
