first,second
s_box,[13.0 0.0 0.0; 11.0 7.0 4.0; 13.0 11.0 0.0; 0.0 20.0 16.0; 9.0 16.0 8.0; 28.0 1.0 23.0; 10.0 19.0 22.0; 0.0 13.0 13.0; 9.0 7.0 9.0; 0.0 0.0 0.0]
x_pb,"[26.0, 21.0, -0.0, 4.0]"
s_bb,[-0.0 -0.0 -0.0; 23.0 -0.0 -0.0; 2.0 -0.0 -0.0; 27.0 -0.0 -0.0; 24.0 4.0 -0.0; 28.0 -0.0 -0.0; 25.0 7.0 -0.0; 13.0 4.0 -0.0; 9.0 4.0 -0.0; -0.0 4.0 -0.0]
partition_bb,"[[[0.0, 0.0, 0.0, 2.0, 13.0, 28.0, 9.0, 0.0, 0.0, 0.0], [26.0, 15.0, 12.0, 0.0, 0.0, 0.0, 0.0, 0.0, 0.0, 0.0], [0.0, 1.0, 7.0, 27.0, 16.0, 1.0, 0.0, 0.0, 0.0, 0.0], [0.0, 0.0, 0.0, 0.0, 3.0, 6.0, 25.0, 11.0, 7.0, 0.0], [9.0, 17.0, 23.0, 3.0, 2.0, 0.0, 0.0, 0.0, 0.0, 0.0], [0.0, 0.0, 3.0, 13.0, 24.0, 9.0, 2.0, 0.0, 0.0, 0.0], [12.0, 23.0, 17.0, 0.0, 0.0, 0.0, 0.0, 0.0, 0.0, 0.0], [0.0, 11.0, 14.0, 0.0, 0.0, 0.0, 0.0, 13.0, 9.0, 4.0]], [[0.0, 0.0, 0.0, 0.0, 11.0, 26.0, 7.0, 0.0, 0.0, 4.0], [0.0, 0.0, 0.0, 18.0, 7.0, 0.0, 0.0, 4.0, 4.0, 4.0]], Vector{Float64}[]]"
y_box,[0.0 0.0 0.0 21.0 0.0 0.0 0.0 12.0 0.0 0.0; 0.0 0.0 0.0 4.0 12.0 0.0 0.0 0.0 0.0 0.0; 0.0 0.0 0.0 0.0 0.0 0.0 0.0 0.0 0.0 0.0; 0.0 0.0 0.0 2.0 0.0 0.0 0.0 0.0 0.0 0.0;;; 26.0 7.0 0.0 0.0 0.0 0.0 0.0 0.0 0.0 0.0; 0.0 9.0 7.0 0.0 0.0 0.0 0.0 0.0 0.0 0.0; 0.0 0.0 0.0 0.0 0.0 0.0 0.0 0.0 0.0 0.0; 0.0 0.0 0.0 0.0 0.0 0.0 0.0 0.0 2.0 0.0;;; 21.0 12.0 0.0 0.0 0.0 0.0 0.0 0.0 0.0 0.0; 0.0 0.0 16.0 0.0 0.0 0.0 0.0 0.0 0.0 0.0; 0.0 0.0 0.0 0.0 0.0 0.0 0.0 0.0 0.0 0.0; 0.0 0.0 0.0 0.0 0.0 0.0 0.0 0.0 0.0 2.0]
evol_bb,"[[123.351, 1.666928255723378e7], [123.545, 1.6669282557233779e7]]"
y_bb,[26.0 -0.0 -0.0 -0.0 -0.0 -0.0 -0.0 -0.0 -0.0 -0.0; -0.0 -0.0 21.0 0.0 -0.0 -0.0 -0.0 -0.0 -0.0 -0.0; -0.0 -0.0 -0.0 0.0 0.0 0.0 0.0 -0.0 -0.0 -0.0; -0.0 -0.0 -0.0 -0.0 -0.0 -0.0 -0.0 -0.0 0.0 4.0;;; -0.0 -0.0 -0.0 18.0 7.0 1.0 -0.0 -0.0 -0.0 -0.0; -0.0 -0.0 -0.0 -0.0 -0.0 21.0 -0.0 -0.0 -0.0 -0.0; -0.0 -0.0 -0.0 -0.0 -0.0 0.0 -0.0 -0.0 -0.0 -0.0; -0.0 -0.0 -0.0 -0.0 -0.0 4.0 -0.0 -0.0 -0.0 -0.0;;; -0.0 -0.0 -0.0 -0.0 -0.0 -0.0 -0.0 -0.0 -0.0 -0.0; -0.0 -0.0 -0.0 -0.0 -0.0 -0.0 -0.0 -0.0 -0.0 -0.0; -0.0 -0.0 -0.0 -0.0 -0.0 -0.0 -0.0 -0.0 -0.0 -0.0; -0.0 -0.0 -0.0 -0.0 -0.0 -0.0 -0.0 -0.0 -0.0 -0.0]
evol_box,"[[0.545, 0.0], [2.649, 111594.03532498845], [2.765, 221166.91870128], [2.792, 221166.91870128], [2.845, 2.3191743035486154e6], [2.912, 2.7601419087317055e6], [3.018, 3.6435068244897127e6], [3.138, 4.085417774874129e6], [3.269, 4.747165813972908e6], [3.414, 4.968156706470944e6], [3.663, 5.078336464846442e6], [3.862, 5.188726681804287e6], [4.099, 5.740958477114975e6], [4.35, 5.741049248505656e6], [4.76, 5.961690452477105e6], [5.15, 6.182622117161095e6], [5.683, 6.292668032986452e6], [6.3, 6.513504905298016e6], [7.143, 7.065356821395402e6], [8.599, 7.2861384382085055e6], [9.307, 7.28620617280784e6], [10.521, 7.396527472268937e6], [11.149, 7.396759108554383e6], [12.484, 7.507151149891023e6], [13.33, 7.617307906184626e6], [14.774, 7.617543428403282e6], [16.704, 7.83840431028511e6], [19.536, 7.948560639499765e6], [21.341, 8.1693017212698115e6], [22.784, 8.1693741499034045e6], [24.751, 8.279649799380399e6], [27.032, 8.279736631660295e6], [30.094, 8.5006427849084e6], [32.906, 8.610821633151349e6], [36.343, 8.721210075763071e6], [39.555, 8.831600292720916e6], [43.404, 8.831933617918631e6], [46.366, 8.942050884050392e6], [51.269, 8.942254710553156e6], [56.88, 9.052380726636605e6], [60.107, 9.052380726636605e6], [63.703, 9.052423456932567e6], [68.82, 9.052485545914164e6], [76.427, 9.05250156977515e6], [82.591, 9.162770943594448e6], [87.769, 9.273161160552293e6], [95.352, 9.273203890848257e6], [107.036, 9.273320042005533e6], [117.96, 9.383588766519105e6], [126.436, 9.383594107806101e6], [136.633, 9.383615815876076e6], [150.883, 9.493941594467983e6], [166.992, 9.493941594467983e6], [184.416, 9.494156797435628e6], [204.404, 9.494263876845414e6], [241.325, 9.604429533847969e6], [257.03, 9.604491163331531e6], [284.153, 9.604539559770495e6], [324.539, 9.714760008841347e6], [349.172, 9.714722028383672e6], [378.504, 9.714937231351318e6], [421.496, 9.825112245341517e6], [458.323, 9.825112245341515e6], [490.413, 9.825128269202502e6], [549.102, 9.825284922495678e6], [581.909, 9.935502462299362e6], [624.679, 9.93550246229936e6], [673.512, 9.93550246229936e6], [708.714, 1.015628289621505e7], [754.168, 1.0156304261363031e7], [791.136, 1.015630485281174e7], [867.792, 1.0156331902168708e7], [928.042, 1.0156488216654668e7], [1081.285, 1.015656976824956e7], [1158.017, 1.0266673113172894e7], [1213.973, 1.0266673113172894e7], [1329.373, 1.0266694478320878e7], [1474.089, 1.0266710502181863e7], [1546.811, 1.0266758933097301e7], [1681.421, 1.0266888316140542e7], [1817.223, 1.037706333013074e7], [1912.543, 1.037706333013074e7], [2109.311, 1.037706333013074e7], [2363.25, 1.0377074604153438e7], [2597.175, 1.0377101310588414e7], [2703.444, 1.0377111401713697e7], [2837.629, 1.0377130399228705e7], [2969.72, 1.0377149647108575e7], [3117.114, 1.0377150659464063e7], [3405.966, 1.0487453547088586e7], [3558.703, 1.0487454138537291e7], [3600.023, 1.048747075384698e7]]"
y_pb,[[26.0 -0.0 -0.0 -0.0 -0.0 -0.0 -0.0 -0.0 -0.0 -0.0; -0.0 -0.0 21.0 -0.0 -0.0 -0.0 -0.0 -0.0 -0.0 -0.0; -0.0 -0.0 -0.0 -0.0 0.0 -0.0 -0.0 -0.0 -0.0 -0.0; -0.0 -0.0 -0.0 -0.0 -0.0 -0.0 -0.0 -0.0 -0.0 4.0;;;]]
x_bb,"[26.0, 21.0, -0.0, 4.0]"
x_box,"[33.0, 16.0, 0.0, 2.0]"
evol_zeta,"[[2.175, 27.75], [2.755, 25.333333333333332], [2.775, 24.8], [2.804, 18.6], [2.857, 18.2], [2.931, 18.0], [3.033, 17.4], [3.157, 14.666666666666666], [3.282, 14.5], [3.428, 14.428571428571429], [3.677, 12.8], [3.872, 14.0], [4.112, 12.999999999999998], [4.364, 13.499999999999995], [4.772, 11.8], [5.163, 13.166666666666668], [5.698, 11.571428571428571], [6.312, 11.5], [7.155, 11.0], [8.614, 11.2], [9.322, 11.400000000000002], [10.534, 12.600000000000001], [11.165, 9.5], [12.498, 10.0], [13.343, 9.999999999999998], [14.79, 8.142857142857142], [16.72, 8.333333333333332], [19.551, 12.0], [21.355, 9.833333333333334], [22.797, 9.249999999999998], [24.765, 11.6], [27.046, 9.25], [30.114, 9.0], [32.917, 9.000000000000004], [36.357, 8.6], [39.57, 9.249999999999998], [43.418, 11.0], [46.38, 9.0], [51.285, 9.0], [56.893, 9.0], [60.127, 8.000000000900002], [63.721, 8.571428571428571], [68.834, 13.4], [76.442, 8.285714285714286], [82.606, 9.0], [87.778, 11.0], [95.367, 9.0], [107.053, 8.0], [117.972, 8.0], [126.457, 7.333333333333333], [136.655, 7.333333333333333], [150.897, 8.666666666666666], [167.011, 8.0], [184.431, 7.833333333333329], [204.428, 5.999999999999997], [241.343, 7.2], [257.044, 8.5], [284.174, 6.000000000000001], [324.553, 7.999999999999995], [349.187, 8.2], [378.52, 7.6000000000000005], [421.511, 8.0], [458.344, 6.6], [490.428, 9.75], [549.127, 6.199999999999999], [581.924, 7.200000000000005], [624.695, 6.333333333333333], [673.528, 5.666666666666664], [708.727, 7.8], [754.204, 5.571428572085711], [791.152, 9.142857142857144], [867.812, 5.199999999999999], [928.059, 7.0], [1081.303, 6.333333333333333], [1158.032, 7.285714285714288], [1213.995, 4.800000000000001], [1329.395, 6.000000000000013], [1474.105, 5.8], [1546.824, 8.0], [1681.437, 7.833333333333332], [1817.24, 6.5], [1912.568, 5.0], [2109.334, 5.600000000000001], [2363.266, 7.0], [2597.198, 5.142857142857143], [2703.459, 7.666666666666668], [2837.649, 7.2500000000000036], [2969.735, 7.000000000000001], [3117.124, 5.8], [3405.985, 6.0], [3558.718, 7.0], [3600.041, 0.0]]"
ξ_box,[13.0 26.0 21.0; 11.0 23.0 16.0; 13.0 18.0 16.0; 27.0 20.0 16.0; 21.0 16.0 8.0; 28.0 1.0 23.0; 10.0 19.0 22.0; 12.0 13.0 13.0; 9.0 9.0 9.0; -0.0 -0.0 2.0]
