first,second
s_box,[12.0 18.0; 12.0 16.0; 0.0 -0.0; 27.0 18.0; 0.0 15.999999333343837; 26.0 17.0; 18.0 27.0; 6.607470922063969e-7 -0.0; 9.0 -0.0; 15.0 8.0]
x_pb,"[-0.0, 8.0, -0.0, 37.0]"
s_bb,[18.0 18.0; 16.0 -0.0; -0.0 -0.0; 27.0 4.0; 20.0 23.0; 14.0 18.0; 18.0 27.0; 16.0 16.0; -0.0 -0.0; -0.0 20.0]
partition_bb,"[[[0.0, 0.0, 1.0, 27.0, 14.0, 4.0, 0.0, 0.0, 0.0, 0.0], [0.0, 0.0, 0.0, 3.0, 16.0, 26.0, 0.0, 0.0, 0.0, 0.0], [0.0, 0.0, 0.0, 0.0, 8.0, 18.0, 18.0, 4.0, 0.0, 0.0], [0.0, 0.0, 0.0, 0.0, 6.0, 16.0, 0.0, 4.0, 5.0, 16.0], [14.0, 10.0, 4.0, 0.0, 4.0, 14.0, 0.0, 0.0, 0.0, 0.0], [0.0, 0.0, 0.0, 0.0, 2.0, 12.0, 2.0, 16.0, 9.0, 4.0], [0.0, 0.0, 8.0, 25.0, 12.0, 2.0, 0.0, 0.0, 0.0, 0.0], [0.0, 0.0, 0.0, 6.0, 19.0, 21.0, 0.0, 0.0, 0.0, 0.0], [18.0, 16.0, 8.0, 0.0, 0.0, 3.0, 0.0, 0.0, 0.0, 0.0], [0.0, 0.0, 0.0, 7.0, 20.0, 19.0, 0.0, 0.0, 0.0, 0.0]], [[0.0, 0.0, 0.0, 0.0, 0.0, 0.0, 27.0, 13.0, 7.0, 1.0], [0.0, 0.0, 0.0, 0.0, 0.0, 0.0, 1.0, 15.0, 9.0, 20.0], [18.0, 14.0, 8.0, 0.0, 0.0, 0.0, 0.0, 0.0, 0.0, 5.0], [0.0, 0.0, 0.0, 18.0, 5.0, 0.0, 18.0, 4.0, 0.0, 0.0], [0.0, 0.0, 0.0, 10.0, 23.0, 13.0, 0.0, 0.0, 0.0, 0.0], [0.0, 0.0, 0.0, 8.0, 21.0, 18.0, 0.0, 0.0, 0.0, 0.0], [0.0, 0.0, 0.0, 0.0, 0.0, 0.0, 2.0, 16.0, 9.0, 18.0]]]"
y_box,[-0.0 -0.0 -0.0 -0.0 -0.0 -0.0 -0.0 -0.0 -0.0 -0.0; -0.0 -0.0 8.0 -0.0 -0.0 -0.0 -0.0 -0.0 -0.0 -0.0; -0.0 -0.0 -0.0 -0.0 -0.0 -0.0 -0.0 -0.0 -0.0 -0.0; -0.0 -0.0 -0.0 -0.0 23.0 -0.0 -0.0 13.999999337586242 -0.0 6.599895176735754e-7;;; -0.0 -0.0 -0.0 -0.0 -0.0 -0.0 -0.0 -0.0 -0.0 -0.0; -0.0 -0.0 8.0 -0.0 -0.0 -0.0 -0.0 -0.0 -0.0 -0.0; -0.0 -0.0 -0.0 -0.0 -0.0 -0.0 -0.0 -0.0 -0.0 -0.0; -0.0 -0.0 -0.0 -0.0 -0.0 -0.0 -0.0 16.0 9.0 12.0]
evol_bb,"[[0.975, 1.6533743785511628e7], [108.689, 1.6419721857795946e7], [218.671, 1.6307322984158555e7], [506.934, 1.6077656074648904e7], [999.091, 1.5965505617917236e7], [1373.46, 1.596363414693322e7], [1462.078, 1.5735590291501861e7], [2479.242, 1.562400317151761e7], [2613.666, 1.562156836378618e7], [2635.498, 1.5165480652923455e7], [3179.21, 1.4939437582232436e7], [3179.224, 1.4823414869776413e7], [3179.652, 1.4710804692343637e7]]"
y_bb,[-0.0 -0.0 -0.0 -0.0 -0.0 8.0 -0.0 -0.0 -0.0 -0.0; -0.0 -0.0 8.0 -0.0 -0.0 -0.0 -0.0 -0.0 9.0 -0.0; -0.0 -0.0 -0.0 -0.0 -0.0 -0.0 -0.0 -0.0 -0.0 -0.0; -0.0 -0.0 -0.0 -0.0 -0.0 4.0 -0.0 -0.0 -0.0 16.0;;; -0.0 -0.0 8.0 -0.0 -0.0 -0.0 -0.0 -0.0 -0.0 -0.0; -0.0 3.0 -0.0 14.0 -0.0 -0.0 -0.0 -0.0 -0.0 -0.0; -0.0 -0.0 -0.0 -0.0 -0.0 -0.0 -0.0 -0.0 -0.0 -0.0; -0.0 11.0 -0.0 -0.0 -0.0 -0.0 -0.0 -0.0 9.0 -0.0]
evol_box,"[[0.431, 0.0], [2.105, 115441.05020922262], [2.19, 342982.3837659314], [2.206, 2.851950116507252e6], [2.219, 2.9651660315990634e6], [2.245, 7.52601328705471e6], [2.339, 7.52601328705471e6], [2.432, 7.8683111051753275e6], [2.519, 7.9821308510890305e6], [2.607, 8.096388836849782e6], [2.726, 8.552210636495838e6], [2.849, 9.464386058221288e6], [2.965, 9.46440071860927e6], [3.138, 1.0148517624515375e7], [3.318, 1.0376636917334175e7], [3.507, 1.0376762501484128e7], [3.739, 1.0832707936322244e7], [3.907, 1.0832723338968791e7], [4.113, 1.0946729864037942e7], [4.376, 1.1060691255158937e7], [4.606, 1.1060703821205774e7], [4.897, 1.1516791532068502e7], [5.1, 1.1630800893737342e7], [5.389, 1.1630807176760761e7], [5.853, 1.1858844749168705e7], [6.224, 1.185884654025059e7], [6.62, 1.1858906099482285e7], [6.885, 1.2086918469933854e7], [7.309, 1.2086923369971344e7], [7.886, 1.2200923098362587e7], [8.356, 1.2314942628477875e7], [8.938, 1.2314945026078269e7], [9.454, 1.2428962765111668e7], [9.99, 1.2428984683695123e7], [10.4, 1.2429005976025913e7], [10.867, 1.2543021536563326e7], [11.363, 1.265699824317847e7], [11.818, 1.265699824317847e7], [12.28, 1.2657028942913005e7], [12.687, 1.2885063315142293e7], [13.301, 1.2885065211782705e7], [14.08, 1.2999064026325515e7], [14.769, 1.3113085954041196e7], [15.693, 1.3113085954041194e7], [16.245, 1.3113085954041196e7], [16.969, 1.3113085954041189e7], [18.314, 1.3113094909450626e7], [19.153, 1.3113111932141526e7], [20.741, 1.3227107847552927e7], [22.098, 1.3227107881756878e7], [22.978, 1.3227119853230922e7], [23.944, 1.3227126320368387e7], [24.509, 1.3227130448730955e7], [25.351, 1.3341129809472557e7], [26.854, 1.3341129809472557e7], [27.906, 1.3341129809472559e7], [28.827, 1.3341129809472557e7], [29.524, 1.3341129809472557e7], [30.409, 1.3341140872639462e7], [31.736, 1.3455151737188239e7], [32.832, 1.3455151737188239e7], [34.117, 1.3455151737188239e7], [34.963, 1.3455151737188239e7], [36.035, 1.345515173718824e7], [37.186, 1.345515171818708e7], [37.833, 1.3455152718610445e7], [38.774, 1.3455161449913526e7], [39.422, 1.3455162800355144e7], [40.318, 1.3455170175799748e7], [41.092, 1.345517017579975e7], [42.136, 1.356917366490392e7], [42.743, 1.356917366490392e7], [43.483, 1.3569173664903918e7], [44.713, 1.356917366490392e7], [45.819, 1.356917366490392e7], [46.609, 1.356917366490392e7], [47.422, 1.3569173827729702e7], [48.434, 1.3569174291782582e7], [49.464, 1.356917507214806e7], [50.427, 1.356917447903205e7], [51.028, 1.356917432901358e7], [52.037, 1.3569176420414513e7], [53.439, 1.3569184728070825e7], [54.905, 1.356918472807082e7], [56.05, 1.3683195592619598e7], [57.155, 1.3683195592619598e7], [58.072, 1.3683195592619603e7], [59.215, 1.3683195592619602e7], [60.365, 1.3683195592619602e7], [61.513, 1.3683195592619602e7], [62.565, 1.36831955926196e7], [64.066, 1.3683195516605182e7], [65.231, 1.3683195592619592e7], [66.833, 1.3683195592619602e7], [67.975, 1.36831955926196e7], [69.659, 1.36831955926196e7], [70.856, 1.3683195516606178e7]]"
y_pb,[[-0.0 0.0 -0.0 -0.0 -0.0 -0.0 -0.0 -0.0 -0.0 -0.0; -0.0 -0.0 8.0 -0.0 -0.0 -0.0 -0.0 -0.0 -0.0 -0.0; -0.0 -0.0 0.0 -0.0 -0.0 -0.0 -0.0 -0.0 -0.0 -0.0; -0.0 -0.0 -0.0 -0.0 -0.0 -0.0 -0.0 16.0 9.0 12.0;;;]]
x_bb,"[8.0, 17.0, -0.0, 20.0]"
x_box,"[0.0, 8.0, -0.0, 37.0]"
evol_zeta,"[[1.741, 26.75], [2.184, 26.25], [2.196, 22.0], [2.212, 19.0], [2.225, 18.0], [2.254, 18.0], [2.347, 16.2], [2.438, 17.249999999999996], [2.525, 14.600000000000001], [2.632, 14.4], [2.733, 15.0], [2.854, 13.8], [2.972, 11.166666666666664], [3.145, 11.666666666666664], [3.323, 13.0], [3.515, 10.166666666666666], [3.748, 10.285714820582712], [3.915, 10.666666666666666], [4.12, 10.833333333333334], [4.385, 8.000000000000002], [4.613, 8.000000000900002], [4.905, 7.199999999999992], [5.106, 14.666666666666657], [5.396, 11.000000000000002], [5.856, 9.428571428571429], [6.231, 7.499999999999999], [6.628, 7.0], [6.893, 6.6], [7.316, 5.666666666666669], [7.893, 6.800000000000001], [8.362, 6.0], [8.947, 6.0], [9.467, 4.0], [9.999, 3.9999978776821195], [10.409, 6.0], [10.9, 6.5], [11.373, 5.0], [11.828, 5.0], [12.29, 3.666666666666665], [12.731, 6.25000000000001], [13.31, 3.799999999999996], [14.09, 3.0], [14.799, 3.5999999999999996], [15.704, 4.800000000000001], [16.257, 2.3999999999999986], [16.979, 3.0000000000000004], [18.324, 2.8000000000000065], [19.161, 7.0], [20.779, 2.333333333333332], [22.108, 2.5], [22.988, 4.000001961867001], [23.95, 3.5], [24.519, 2.333333333333335], [25.362, 2.1999999999999993], [26.864, 2.833333333333332], [27.916, 4.249999999999986], [28.833, 2.0], [29.534, 2.666666666666668], [30.419, 1.9999999999999984], [31.742, 3.2000000004200047], [32.84, 6.199999999999999], [34.124, 1.7500000002750085], [34.973, 2.800000000000024], [36.043, 3.666666666666667], [37.192, 2.16666674914857], [37.843, 2.1999999999999993], [38.783, 5.000000000000002], [39.432, 2.0], [40.326, 2.0], [41.097, 2.0], [42.172, 2.0], [42.755, 1.0], [43.495, 1.8000000000000007], [44.723, 4.8], [45.83, 2.1999999999999993], [46.619, 1.6000000000000014], [47.434, 3.200001712959232], [48.443, 1.0], [49.476, 2.333334339166491], [50.437, 2.7999962894805783], [51.038, 0.7999994175596925], [52.051, 0.5], [53.45, 1.1999999999999993], [54.913, 1.1666666666666745], [56.061, 2.1999999999999993], [57.166, 0.33333333333333504], [58.083, 3.999999999999999], [59.223, 1.0000000002000036], [60.406, 0.8333333333333357], [61.526, 0.3999999999999986], [62.575, 1.0000000000000042], [64.081, 0.7999999999999997], [65.239, 1.0], [66.847, 0.6666666666666679], [67.984, 0.5], [69.67, 3.9999373744803395e-6], [70.884, 4.4110411323572407e-7]]"
ξ_box,[12.0 18.0; 12.0 16.0; 8.0 8.0; 27.0 18.0; 23.0 15.999999338343837; 26.0 17.0; 18.0 27.0; 14.0 16.0; 9.0 9.0; 15.000000661656184 20.0]
