first,second
s_box,[21.0 1.999999601823063 0.0 15.0 3.0; 20.0 4.000004405139435 0.9999984306335558 -0.0 -0.0; 2.0 -0.0 -0.0 16.0 13.0; 16.0 -0.0 2.9999983941366253 10.0 -0.0; -0.0 -0.0 15.99999678827325 2.0 15.0; -0.0 16.0 24.0 -0.0 13.0; -0.0 17.0 16.999996587540338 -0.0 3.0; -0.0 13.0 -0.0 4.0 3.0; -0.0 9.0 -0.0 13.0 11.0; 1.0 0.0 -0.0 -0.0 -0.0]
x_pb,"[-0.0, 41.0, 0.0, 10.0]"
s_bb,[27.0 -0.0 -0.0 -0.0 -0.0; 20.0 -0.0 -0.0 -0.0 -0.0; 0.0 -0.0 -0.0 -0.0 -0.0; 0.0 -0.0 -0.0 -0.0 -0.0; 24.0 -0.0 -0.0 -0.0 -0.0; 24.0 -0.0 -0.0 -0.0 -0.0; 22.0 -0.0 -0.0 -0.0 -0.0; 21.0 -0.0 -0.0 -0.0 -0.0; 24.0 -0.0 -0.0 -0.0 -0.0; 16.0 -0.0 -0.0 -0.0 -0.0]
partition_bb,"[[[27.0, 20.0, 4.0, 0.0, 0.0, 0.0, 0.0, 0.0, 0.0, 0.0], [0.0, 0.0, 0.0, 0.0, 0.0, 0.0, 0.0, 4.0, 22.0, 26.0], [0.0, 0.0, 9.0, 16.0, 24.0, 2.0, 0.0, 0.0, 0.0, 0.0], [0.0, 0.0, 0.0, 0.0, 0.0, 12.0, 22.0, 18.0, 0.0, 0.0], [0.0, 7.0, 23.0, 16.0, 8.0, 0.0, 0.0, 0.0, 0.0, 0.0], [0.0, 0.0, 0.0, 0.0, 1.0, 24.0, 14.0, 14.0, 0.0, 0.0], [0.0, 0.0, 0.0, 0.0, 0.0, 11.0, 17.0, 21.0, 3.0, 0.0], [0.0, 0.0, 11.0, 18.0, 10.0, 0.0, 0.0, 0.0, 4.0, 0.0], [0.0, 0.0, 0.0, 0.0, 0.0, 0.0, 2.0, 6.0, 24.0, 20.0]], Vector{Float64}[], Vector{Float64}[], Vector{Float64}[], Vector{Float64}[]]"
y_box,[-0.0 -0.0 11.0 -0.0 3.000000394647664 -0.0 -0.0 -0.0 -0.0 -0.0; 0.0 0.0 -0.0 -0.0 9.999999604519003 10.0 -0.0 -0.0 -0.0 -0.0; -0.0 -0.0 -0.0 -0.0 -0.0 -0.0 -0.0 -0.0 -0.0 0.0; 6.0 -0.0 -0.0 -0.0 11.0 -0.0 -0.0 -0.0 -0.0 -0.0;;; 14.000000399465844 -0.0 -0.0 -0.0 -0.0 -0.0 -0.0 -0.0 -0.0 -0.0; -0.0 15.9999955931939 4.0 8.012650206936754e-7 3.2050600827747017e-6 -0.0 -0.0 -0.0 -0.0 -0.0; -0.0 -0.0 -0.0 -0.0 -0.0 -0.0 -0.0 -0.0 -0.0 -0.0; -0.0 -0.0 -0.0 -0.0 -0.0 -0.0 0.0 -0.0 2.0 15.0;;; 11.0 3.000000399799177 -0.0 -0.0 -0.0 -0.0 -0.0 -0.0 -0.0 -0.0; -0.0 -0.0 14.999999603712604 5.0 -0.0 -0.0 -0.0 -0.0 -0.0 -0.0; -0.0 -0.0 -0.0 -0.0 0.0 -0.0 -0.0 -0.0 -0.0 -0.0; -0.0 -0.0 -0.0 -0.0 -0.0 -0.0 0.0 17.0 -0.0 -0.0;;; 1.0 11.0 1.0000003946476608 -0.0 1.0 -0.0 -0.0 -0.0 -0.0 -0.0; -0.0 -0.0 0.9999996045190015 1.0 -0.0 0.0 -0.0 0.0 8.0 10.0; -0.0 -0.0 -0.0 -0.0 -0.0 -0.0 -0.0 -0.0 0.0 -0.0; -0.0 -0.0 -0.0 -0.0 -0.0 -0.0 -0.0 -0.0 1.0 16.0;;; 8.0 6.000000394647662 -0.0 -0.0 -0.0 -0.0 -0.0 -0.0 -0.0 -0.0; 2.0 8.999999604519003 -0.0 8.0 1.0 -0.0 -0.0 -0.0 -0.0 -0.0; -0.0 -0.0 -0.0 -0.0 -0.0 0.0 0.0 0.0 -0.0 0.0; -0.0 -0.0 -0.0 -0.0 -0.0 -0.0 -0.0 -0.0 5.0 12.0]
evol_bb,"[[347.145, 2.0990916210985005e7]]"
y_bb,[0.0 -0.0 -0.0 -0.0 -0.0 -0.0 -0.0 -0.0 -0.0 -0.0; -0.0 0.0 23.0 18.0 -0.0 -0.0 -0.0 -0.0 -0.0 -0.0; -0.0 -0.0 -0.0 -0.0 -0.0 0.0 -0.0 -0.0 -0.0 -0.0; -0.0 -0.0 -0.0 -0.0 -0.0 -0.0 0.0 0.0 0.0 10.0;;; -0.0 -0.0 -0.0 -0.0 -0.0 -0.0 -0.0 -0.0 -0.0 -0.0; -0.0 -0.0 -0.0 -0.0 -0.0 -0.0 -0.0 -0.0 -0.0 -0.0; -0.0 -0.0 -0.0 -0.0 -0.0 -0.0 -0.0 -0.0 -0.0 -0.0; -0.0 -0.0 -0.0 -0.0 -0.0 -0.0 -0.0 -0.0 -0.0 -0.0;;; -0.0 -0.0 -0.0 -0.0 -0.0 -0.0 -0.0 -0.0 -0.0 -0.0; -0.0 -0.0 -0.0 -0.0 -0.0 -0.0 -0.0 -0.0 -0.0 -0.0; -0.0 -0.0 -0.0 -0.0 -0.0 -0.0 -0.0 -0.0 -0.0 -0.0; -0.0 -0.0 -0.0 -0.0 -0.0 -0.0 -0.0 -0.0 -0.0 -0.0;;; -0.0 -0.0 -0.0 -0.0 -0.0 -0.0 -0.0 -0.0 -0.0 -0.0; -0.0 -0.0 -0.0 -0.0 -0.0 -0.0 -0.0 -0.0 -0.0 -0.0; -0.0 -0.0 -0.0 -0.0 -0.0 -0.0 -0.0 -0.0 -0.0 -0.0; -0.0 -0.0 -0.0 -0.0 -0.0 -0.0 -0.0 -0.0 -0.0 -0.0;;; -0.0 -0.0 -0.0 -0.0 -0.0 -0.0 -0.0 -0.0 -0.0 -0.0; -0.0 -0.0 -0.0 -0.0 -0.0 -0.0 -0.0 -0.0 -0.0 -0.0; -0.0 -0.0 -0.0 -0.0 -0.0 -0.0 -0.0 -0.0 -0.0 -0.0; -0.0 -0.0 -0.0 -0.0 -0.0 -0.0 -0.0 -0.0 -0.0 -0.0]
evol_box,"[[0.482, 0.0], [2.048, 1040.39743767865], [2.213, 118824.84788716679], [2.328, 118824.84788716679], [2.385, 237626.87184976912], [2.583, 472591.1104120949], [3.275, 3.0668241725682886e6], [3.813, 3.0674503055212656e6], [4.861, 3.1845885503617753e6], [6.157, 3.1845885503617753e6], [7.18, 3.184588508041833e6], [9.248, 3.8920765263545737e6], [11.822, 4.481873358934404e6], [14.536, 4.953412807440607e6], [19.065, 4.953412807440607e6], [24.547, 4.953412807440607e6], [28.023, 5.307185074822472e6], [32.843, 5.307741082559382e6], [42.359, 5.543069267187795e6], [49.798, 5.543069267187795e6], [66.16, 5.896785872285084e6], [74.442, 5.897001293032391e6], [83.037, 5.897050829608144e6], [111.461, 6.014679455703486e6], [142.417, 6.250574708006979e6], [187.017, 6.368497257217368e6], [305.693, 6.368633126750466e6], [484.026, 6.604292473930603e6], [664.132, 6.604344665513495e6], [1151.0, 6.72229086714221e6], [1375.254, 6.722610615366679e6], [1486.361, 6.722725630367e6], [1833.366, 6.95814605892298e6], [2570.435, 7.076016538352286e6], [2908.181, 7.076140175371917e6], [3158.852, 7.076287871088779e6], [3600.07, 7.194320711675356e6]]"
y_pb,[[0.0 -0.0 -0.0 -0.0 -0.0 -0.0 -0.0 -0.0 -0.0 -0.0; -0.0 -0.0 23.0 18.0 -0.0 -0.0 -0.0 -0.0 -0.0 -0.0; -0.0 -0.0 -0.0 -0.0 -0.0 -0.0 -0.0 -0.0 -0.0 -0.0; -0.0 -0.0 -0.0 -0.0 -0.0 -0.0 -0.0 -0.0 -0.0 10.0;;;]]
x_bb,"[0.0, 41.0, 0.0, 10.0]"
x_box,"[14.000000398890085, 19.99999960360991, 0.0, 17.0]"
evol_zeta,"[[1.688, 27.0], [2.129, 25.666666666666668], [2.226, 24.0], [2.346, 22.5], [2.469, 16.200002532189192], [2.701, 15.6], [3.303, 15.599999999999998], [3.887, 15.499999999999998], [4.946, 15.0], [6.23, 14.666666666666663], [7.268, 14.4], [9.322, 14.166666666666664], [11.898, 13.599999999999996], [14.636, 12.285714285714285], [19.163, 11.714285715557146], [24.632, 11.499999999999943], [28.102, 12.142857142857144], [32.922, 11.71428463555561], [42.427, 11.571428571428571], [49.902, 10.800000001180003], [66.23, 11.2], [74.505, 10.600000001160005], [83.109, 10.800000001180003], [111.588, 10.666666666666666], [142.512, 10.200000532587307], [187.164, 10.200000001120003], [305.788, 9.571428572485722], [484.107, 10.125], [664.265, 9.666666666666663], [1151.085, 10.000000001100004], [1375.361, 9.857142857142858], [1486.435, 9.8], [1833.456, 10.142857142857144], [2570.507, 9.500000001050012], [2908.29, 10.0], [3158.996, 9.0], [3600.091, 0.0]]"
ξ_box,[27.0 16.0 11.0 16.0 13.0; 20.0 20.0 3.9999988320993993 9.0 15.0; 9.0 4.0 14.999999605352338 18.0 13.0; 16.0 8.02931687360342e-7 7.999998395803292 11.0 8.0; 24.0 3.206726749441368e-6 15.999996789939917 3.0 16.0; 10.0 16.0 24.0 0.0 13.0; -0.0 17.0 16.999996589207004 -0.0 3.0; -0.0 13.0 17.0 4.0 3.0; -0.0 11.0 -0.0 22.0 16.0; 1.0 15.0 -0.0 26.0 12.0]
