first,second
s_box,[0.0 0.0 0.0 0.0 0.0; 16.0 0.0 19.0 0.0 0.0; 9.0 0.0 0.0 0.0 5.0; 4.0 0.0 0.0 0.0 17.0; 7.0 0.0 1.0 0.0 13.0; 32.0 23.0 20.0 1.0 0.0; 4.0 0.0 0.0 18.0 0.0; 0.0 0.0 18.0 0.0 15.0; 0.0 24.0 0.0 18.0 0.0; 0.0 23.0 13.0 34.0 16.0]
x_pb,"[44.0, -0.0, -0.0, 12.0]"
s_bb,[0.0 -0.0 -0.0 -0.0 -0.0; 21.0 -0.0 -0.0 -0.0 -0.0; 14.0 -0.0 -0.0 -0.0 -0.0; 17.0 -0.0 -0.0 -0.0 -0.0; 13.0 -0.0 -0.0 -0.0 -0.0; 32.0 -0.0 -0.0 -0.0 -0.0; 18.0 -0.0 -0.0 -0.0 -0.0; 30.0 -0.0 -0.0 -0.0 -0.0; 28.0 -0.0 -0.0 -0.0 -0.0; 34.0 -0.0 -0.0 -0.0 -0.0]
partition_bb,"[[[44.0, 10.0, 3.0, 0.0, 0.0, 0.0, 0.0, 0.0, 0.0, 0.0], [0.0, 0.0, 0.0, 0.0, 0.0, 0.0, 0.0, 5.0, 18.0, 34.0], [0.0, 0.0, 0.0, 4.0, 7.0, 32.0, 15.0, 0.0, 0.0, 0.0], [0.0, 0.0, 0.0, 0.0, 0.0, 0.0, 11.0, 30.0, 17.0, 1.0], [0.0, 0.0, 0.0, 0.0, 2.0, 13.0, 30.0, 11.0, 4.0, 0.0], [0.0, 4.0, 8.0, 17.0, 13.0, 14.0, 0.0, 0.0, 0.0, 0.0], [0.0, 21.0, 14.0, 9.0, 13.0, 0.0, 0.0, 0.0, 0.0, 0.0], [0.0, 0.0, 0.0, 0.0, 0.0, 0.0, 2.0, 15.0, 28.0, 12.0]], Vector{Float64}[], Vector{Float64}[], Vector{Float64}[], Vector{Float64}[]]"
y_box,[44.0 0.0 0.0 0.0 0.0 0.0 0.0 0.0 0.0 0.0; 0.0 0.0 0.0 0.0 0.0 0.0 0.0 0.0 0.0 0.0; 0.0 0.0 0.0 0.0 0.0 0.0 0.0 0.0 0.0 0.0; 0.0 0.0 0.0 0.0 0.0 0.0 12.0 0.0 0.0 0.0;;; 6.0 0.0 0.0 0.0 0.0 0.0 6.0 22.0 0.0 0.0; 0.0 0.0 0.0 0.0 0.0 0.0 0.0 0.0 0.0 0.0; 0.0 0.0 0.0 0.0 0.0 0.0 0.0 0.0 0.0 0.0; 12.0 0.0 0.0 0.0 0.0 0.0 0.0 0.0 0.0 0.0;;; 0.0 0.0 12.0 6.0 0.0 0.0 22.0 0.0 0.0 1.0; 0.0 0.0 0.0 0.0 0.0 0.0 0.0 0.0 0.0 0.0; 0.0 0.0 0.0 0.0 0.0 0.0 0.0 0.0 0.0 0.0; 0.0 0.0 0.0 0.0 2.0 0.0 0.0 0.0 5.0 5.0;;; 14.0 0.0 0.0 0.0 0.0 0.0 0.0 30.0 0.0 0.0; 0.0 0.0 0.0 0.0 0.0 0.0 0.0 0.0 0.0 0.0; 0.0 0.0 0.0 0.0 0.0 0.0 0.0 0.0 0.0 0.0; 10.0 0.0 0.0 0.0 0.0 0.0 0.0 0.0 0.0 0.0;;; 16.0 16.0 4.0 0.0 0.0 0.0 0.0 0.0 8.0 0.0; 0.0 0.0 0.0 0.0 0.0 0.0 0.0 0.0 0.0 0.0; 0.0 0.0 0.0 0.0 0.0 0.0 0.0 0.0 0.0 0.0; 0.0 0.0 0.0 0.0 0.0 0.0 0.0 0.0 12.0 0.0]
evol_bb,"[[43.514, 2.609591966502846e7]]"
y_bb,[44.0 0.0 0.0 0.0 -0.0 -0.0 -0.0 -0.0 -0.0 -0.0; -0.0 -0.0 -0.0 -0.0 0.0 -0.0 -0.0 -0.0 -0.0 -0.0; -0.0 -0.0 -0.0 -0.0 -0.0 -0.0 -0.0 -0.0 -0.0 -0.0; -0.0 -0.0 -0.0 -0.0 -0.0 0.0 12.0 0.0 0.0 0.0;;; -0.0 -0.0 -0.0 -0.0 -0.0 -0.0 -0.0 -0.0 -0.0 -0.0; -0.0 -0.0 -0.0 -0.0 -0.0 -0.0 -0.0 -0.0 -0.0 -0.0; -0.0 -0.0 -0.0 -0.0 -0.0 -0.0 -0.0 -0.0 -0.0 -0.0; -0.0 -0.0 -0.0 -0.0 -0.0 -0.0 -0.0 -0.0 -0.0 -0.0;;; -0.0 -0.0 -0.0 -0.0 -0.0 -0.0 -0.0 -0.0 -0.0 -0.0; -0.0 -0.0 -0.0 -0.0 -0.0 -0.0 -0.0 -0.0 -0.0 -0.0; -0.0 -0.0 -0.0 -0.0 -0.0 -0.0 -0.0 -0.0 -0.0 -0.0; -0.0 -0.0 -0.0 -0.0 -0.0 -0.0 -0.0 -0.0 -0.0 -0.0;;; -0.0 -0.0 -0.0 -0.0 -0.0 -0.0 -0.0 -0.0 -0.0 -0.0; -0.0 -0.0 -0.0 -0.0 -0.0 -0.0 -0.0 -0.0 -0.0 -0.0; -0.0 -0.0 -0.0 -0.0 -0.0 -0.0 -0.0 -0.0 -0.0 -0.0; -0.0 -0.0 -0.0 -0.0 -0.0 -0.0 -0.0 -0.0 -0.0 -0.0;;; -0.0 -0.0 -0.0 -0.0 -0.0 -0.0 -0.0 -0.0 -0.0 -0.0; -0.0 -0.0 -0.0 -0.0 -0.0 -0.0 -0.0 -0.0 -0.0 -0.0; -0.0 -0.0 -0.0 -0.0 -0.0 -0.0 -0.0 -0.0 -0.0 -0.0; -0.0 -0.0 -0.0 -0.0 -0.0 -0.0 -0.0 -0.0 -0.0 -0.0]
evol_box,"[[0.528, 0.0], [2.637, 126925.47527026525], [2.8, 129628.30110484177], [2.915, 254014.71085903503], [3.071, 254162.60895591238], [3.37, 380072.60068404156], [3.731, 3.152956556050043e6], [4.01, 3.404888639451161e6], [4.412, 3.404888639451161e6], [6.377, 4.1609445895651057e6], [9.805, 4.666230787218925e6], [12.841, 4.918181552468382e6], [15.001, 5.547958250727058e6], [20.648, 5.800715787375236e6], [25.617, 5.926238123959378e6], [32.025, 6.3043391071743965e6], [36.21, 6.55653578002359e6], [40.547, 6.55653578002359e6], [60.043, 6.934844766278477e6], [92.267, 7.06075157026019e6], [200.696, 7.186815046334745e6], [260.535, 7.187309587598556e6], [291.91, 7.312856397762378e6], [359.605, 7.31297433672745e6], [538.92, 7.313571735208565e6], [777.452, 7.439117699637248e6], [823.935, 7.691228036061871e6], [861.808, 7.691260172505006e6], [914.854, 7.691389389851319e6], [1853.742, 7.817624780183437e6], [1931.852, 7.943690669594053e6], [2008.762, 8.447418200441837e6], [2076.298, 8.447635267853163e6], [2220.036, 8.825223442814374e6], [2413.163, 8.826239213164568e6], [3198.979, 8.951659462084675e6], [3600.056, 9.077350394963486e6]]"
y_pb,[[44.0 -0.0 -0.0 -0.0 -0.0 -0.0 -0.0 -0.0 -0.0 -0.0; -0.0 -0.0 -0.0 -0.0 -0.0 0.0 -0.0 -0.0 -0.0 -0.0; -0.0 -0.0 -0.0 -0.0 -0.0 0.0 -0.0 -0.0 -0.0 -0.0; -0.0 -0.0 -0.0 -0.0 -0.0 -0.0 12.0 -0.0 -0.0 -0.0;;;]]
x_bb,"[44.0, 0.0, 0.0, 12.0]"
x_box,"[44.0, 0.0, 0.0, 12.0]"
evol_zeta,"[[2.173, 43.666666666666664], [2.734, 33.666666666666664], [2.81, 31.5], [2.943, 24.333333333333332], [3.113, 24.25], [3.427, 24.000000002500002], [3.757, 22.25], [4.064, 21.5], [4.487, 18.333333333333336], [6.407, 22.0], [9.841, 17.8], [12.893, 17.666666666666664], [15.128, 18.166666666666664], [20.719, 17.666666666666664], [25.658, 18.0], [32.045, 17.2], [36.248, 15.25], [40.608, 15.200000001620005], [60.079, 17.250000001825015], [92.306, 15.0], [200.748, 15.0], [260.558, 14.833333333333334], [291.933, 17.4], [359.657, 14.285714285714285], [538.975, 13.8], [777.492, 15.0], [823.98, 15.2], [861.837, 14.666666666666666], [914.887, 15.2], [1853.801, 14.0], [1931.884, 14.0], [2008.808, 14.500000000000002], [2076.334, 14.5], [2220.06, 14.142857142857142], [2413.208, 13.333333334766678], [3199.042, 13.333333333333334], [3600.078, 0.0]]"
ξ_box,[44.0 18.0 0.0 24.0 16.0; 16.0 -0.0 19.0 0.0 16.0; 9.0 -0.0 12.0 0.0 9.0; 4.0 -0.0 6.0 0.0 17.0; 7.0 -0.0 2.0 -0.0 13.0; 32.0 23.0 20.0 1.0 0.0; 16.0 6.0 22.0 18.0 0.0; -0.0 22.0 18.0 30.0 15.0; -0.0 24.0 5.0 18.0 20.0; -0.0 23.0 19.0 34.0 16.0]
