first,second
s_box,[29.0 13.0 19.0 0.0; 16.0 19.0 6.0 0.0; 10.0 0.0 3.0 8.0; 5.0 13.0 7.0 0.0; 1.0 9.0 7.0 21.0; 3.0 19.0 22.0 0.0; 5.0 0.0 0.0 31.0; 0.0 0.0 9.0 0.0; 19.0 17.0 18.0 7.0; 3.0 0.0 0.0 23.0]
x_pb,"[-0.0, 27.0, -0.0, 32.0]"
s_bb,[29.0 -0.0 -0.0 -0.0; 21.0 -0.0 -0.0 -0.0; 20.0 -0.0 -0.0 -0.0; 19.0 -0.0 -0.0 -0.0; 21.0 -0.0 -0.0 -0.0; 26.0 -0.0 -0.0 -0.0; 4.0 -0.0 -0.0 -0.0; 30.0 -0.0 -0.0 -0.0; 22.0 -0.0 -0.0 -0.0; 0.0 -0.0 -0.0 -0.0]
partition_bb,"[[[0.0, 0.0, 0.0, 0.0, 0.0, 0.0, 0.0, 11.0, 17.0, 32.0], [0.0, 0.0, 0.0, 0.0, 0.0, 11.0, 31.0, 13.0, 5.0, 0.0], [29.0, 16.0, 10.0, 5.0, 1.0, 0.0, 0.0, 0.0, 0.0, 0.0], [0.0, 6.0, 12.0, 17.0, 21.0, 6.0, 0.0, 0.0, 0.0, 0.0], [0.0, 0.0, 0.0, 0.0, 0.0, 0.0, 12.0, 30.0, 11.0, 9.0], [0.0, 1.0, 7.0, 11.0, 11.0, 26.0, 6.0, 0.0, 0.0, 0.0], [1.0, 14.0, 20.0, 15.0, 11.0, 1.0, 0.0, 0.0, 0.0, 0.0], [0.0, 1.0, 7.0, 12.0, 8.0, 0.0, 0.0, 3.0, 22.0, 7.0], [8.0, 21.0, 15.0, 10.0, 6.0, 0.0, 0.0, 0.0, 0.0, 0.0], [0.0, 8.0, 14.0, 19.0, 15.0, 4.0, 0.0, 0.0, 0.0, 0.0]], Vector{Float64}[], Vector{Float64}[], Vector{Float64}[]]"
y_box,[0.0 0.0 0.0 0.0 0.0 0.0 0.0 0.0 0.0 0.0; 0.0 0.0 0.0 0.0 0.0 0.0 18.0 0.0 0.0 0.0; 0.0 0.0 0.0 0.0 0.0 0.0 0.0 12.0 0.0 6.0; 0.0 0.0 0.0 0.0 0.0 0.0 0.0 0.0 0.0 23.0;;; 0.0 0.0 0.0 0.0 0.0 0.0 0.0 0.0 0.0 0.0; 0.0 0.0 0.0 0.0 8.0 0.0 10.0 0.0 0.0 0.0; 0.0 0.0 0.0 0.0 0.0 0.0 4.0 14.0 0.0 0.0; 0.0 0.0 17.0 0.0 0.0 0.0 0.0 4.0 0.0 2.0;;; 0.0 0.0 0.0 0.0 0.0 0.0 0.0 0.0 0.0 0.0; 0.0 0.0 0.0 0.0 0.0 0.0 18.0 0.0 0.0 0.0; 0.0 0.0 0.0 0.0 0.0 0.0 0.0 18.0 0.0 0.0; 0.0 0.0 0.0 0.0 0.0 0.0 0.0 0.0 4.0 19.0;;; 0.0 0.0 0.0 0.0 0.0 0.0 0.0 0.0 0.0 0.0; 0.0 0.0 7.0 7.0 0.0 0.0 0.0 4.0 0.0 0.0; 0.0 9.0 0.0 0.0 0.0 0.0 0.0 9.0 0.0 0.0; 0.0 0.0 0.0 10.0 0.0 13.0 0.0 0.0 0.0 0.0]
evol_bb,"[[1048.623, 2.183098888296545e7]]"
y_bb,[0.0 0.0 0.0 -0.0 -0.0 -0.0 -0.0 -0.0 -0.0 -0.0; -0.0 -0.0 -0.0 0.0 0.0 0.0 27.0 -0.0 -0.0 -0.0; -0.0 -0.0 -0.0 -0.0 -0.0 -0.0 -0.0 0.0 -0.0 -0.0; -0.0 -0.0 -0.0 -0.0 -0.0 -0.0 -0.0 -0.0 0.0 32.0;;; -0.0 -0.0 -0.0 -0.0 -0.0 -0.0 -0.0 -0.0 -0.0 -0.0; -0.0 -0.0 -0.0 -0.0 -0.0 -0.0 -0.0 -0.0 -0.0 -0.0; -0.0 -0.0 -0.0 -0.0 -0.0 -0.0 -0.0 -0.0 -0.0 -0.0; -0.0 -0.0 -0.0 -0.0 -0.0 -0.0 -0.0 -0.0 -0.0 -0.0;;; -0.0 -0.0 -0.0 -0.0 -0.0 -0.0 -0.0 -0.0 -0.0 -0.0; -0.0 -0.0 -0.0 -0.0 -0.0 -0.0 -0.0 -0.0 -0.0 -0.0; -0.0 -0.0 -0.0 -0.0 -0.0 -0.0 -0.0 -0.0 -0.0 -0.0; -0.0 -0.0 -0.0 -0.0 -0.0 -0.0 -0.0 -0.0 -0.0 -0.0;;; -0.0 -0.0 -0.0 -0.0 -0.0 -0.0 -0.0 -0.0 -0.0 -0.0; -0.0 -0.0 -0.0 -0.0 -0.0 -0.0 -0.0 -0.0 -0.0 -0.0; -0.0 -0.0 -0.0 -0.0 -0.0 -0.0 -0.0 -0.0 -0.0 -0.0; -0.0 -0.0 -0.0 -0.0 -0.0 -0.0 -0.0 -0.0 -0.0 -0.0]
evol_box,"[[0.444, 0.0], [2.227, 114129.70319942338], [2.332, 114885.24165433548], [2.361, 228723.20960793272], [2.518, 341561.28621538356], [2.762, 3.07027818905091e6], [3.494, 3.41185252882982e6], [3.718, 3.979976052965539e6], [4.19, 4.3218204112275755e6], [4.693, 4.889738754802939e6], [5.194, 5.116888488388418e6], [6.11, 6.25446503790611e6], [7.69, 6.368156833997074e6], [9.126, 6.708858512015596e6], [10.734, 6.823026297831148e6], [11.987, 6.823026297831148e6], [14.226, 6.936452277142109e6], [16.515, 7.050070309432646e6], [24.763, 7.163606468332054e6], [29.553, 7.5046313549591005e6], [33.482, 7.618430098503964e6], [45.1, 7.732183458526903e6], [50.945, 7.732361501919953e6], [57.835, 7.8457212058703825e6], [67.524, 8.187223493549744e6], [78.99, 8.41450339459556e6], [105.077, 8.5281266268113e6], [131.41, 8.64249391400235e6], [150.863, 8.755481488147428e6], [190.726, 8.869230716496544e6], [255.287, 9.096579857714782e6], [318.169, 9.096634382523103e6], [363.859, 9.210137564611364e6], [450.17, 9.210359660374433e6], [557.349, 9.437683947400026e6], [644.82, 9.437683947400026e6], [761.153, 9.55124165429661e6], [919.91, 9.55124165429661e6], [1015.857, 9.55124165429661e6], [1163.361, 9.892598400181891e6], [1554.424, 9.892826540457105e6], [1727.723, 1.0006271775131233e7], [2039.338, 1.011984750374266e7], [2236.179, 1.0119912086323623e7], [2811.053, 1.0120187837705454e7], [3249.102, 1.0233753121500103e7], [3600.046, 1.0347348120644879e7]]"
y_pb,[[0.0 -0.0 -0.0 -0.0 -0.0 -0.0 -0.0 -0.0 -0.0 -0.0; -0.0 -0.0 -0.0 -0.0 -0.0 -0.0 27.0 -0.0 -0.0 -0.0; -0.0 -0.0 -0.0 -0.0 -0.0 -0.0 -0.0 0.0 -0.0 -0.0; -0.0 -0.0 -0.0 -0.0 -0.0 -0.0 -0.0 -0.0 -0.0 32.0;;;]]
x_bb,"[0.0, 27.0, 0.0, 32.0]"
x_box,"[0.0, 18.0, 18.0, 23.0]"
evol_zeta,"[[2.316, 30.75], [2.343, 28.6], [2.383, 22.4], [2.546, 21.5], [2.78, 21.166666666666657], [3.554, 19.400000000000013], [3.742, 18.714285714285715], [4.245, 18.28571428571429], [4.719, 17.166666666666664], [5.253, 16.833333333333336], [6.128, 17.166666666666664], [7.72, 15.857142857142856], [9.189, 16.4], [10.773, 15.666666666666666], [12.02, 15.142857142857142], [14.257, 14.4], [16.537, 15.5], [24.791, 14.0], [29.573, 13.833333333333336], [33.517, 14.6], [45.134, 14.0], [50.975, 14.285714285714285], [57.955, 13.399999999999999], [67.595, 12.0], [79.053, 11.428571428571429], [105.115, 11.166666666666666], [131.507, 11.166666667883334], [150.896, 11.5], [190.76, 11.166666666666666], [255.307, 14.166666666666666], [318.201, 11.0], [363.893, 13.6], [450.205, 9.833333333333332], [557.374, 11.714285715557146], [644.9, 11.714285715557146], [761.235, 10.833333334516666], [919.933, 11.0], [1015.885, 11.5], [1163.442, 11.666666667933335], [1554.513, 9.571428571428571], [1727.753, 11.833333333333332], [2039.416, 11.833333333333332], [2236.268, 11.500000001250001], [2811.121, 10.833333333333336], [3249.135, 10.666666666666666], [3600.06, 0.0]]"
ξ_box,[29.0 13.0 19.0 0.0; 16.0 19.0 6.0 9.0; 10.0 17.0 3.0 15.0; 5.0 13.0 7.0 17.0; 1.0 17.0 7.0 21.0; 3.0 18.0 22.0 13.0; 23.0 14.0 18.0 31.0; 12.0 18.0 27.0 13.0; 19.0 17.0 22.0 7.0; 32.0 2.0 19.0 22.0]
