first,second
s_box,[14.0 18.0 29.0; 29.0 13.0 23.0; 8.0 9.0 10.0; 0.0 14.0 5.0; 0.0 11.0 1.0; 0.0 0.0 0.0; 0.0 0.0 0.0; 0.0 0.0 0.0; 15.0 12.0 6.0; 17.0 7.0 10.0]
x_pb,"[22.0, 13.0, -0.0, -0.0]"
s_bb,[29.0 -0.0 -0.0; 29.0 -0.0 -0.0; 10.0 -0.0 -0.0; 16.0 -0.0 -0.0; 11.0 -0.0 -0.0; 0.0 -0.0 -0.0; 0.0 -0.0 -0.0; 0.0 -0.0 -0.0; 17.0 -0.0 -0.0; 20.0 -0.0 -0.0]
partition_bb,"[[[7.0, 29.0, 0.0, 0.0, 0.0, 0.0, 0.0, 0.0, 0.0, 0.0], [29.0, 7.0, 0.0, 0.0, 0.0, 0.0, 0.0, 0.0, 0.0, 0.0], [0.0, 0.0, 0.0, 0.0, 0.0, 0.0, 0.0, 0.0, 15.0, 20.0], [0.0, 0.0, 6.0, 12.0, 17.0, 0.0, 0.0, 0.0, 0.0, 0.0], [0.0, 0.0, 0.0, 0.0, 0.0, 0.0, 5.0, 13.0, 0.0, 0.0], [0.0, 11.0, 0.0, 0.0, 0.0, 11.0, 5.0, 0.0, 7.0, 2.0], [0.0, 0.0, 10.0, 4.0, 0.0, 3.0, 5.0, 13.0, 0.0, 0.0], [0.0, 0.0, 10.0, 16.0, 11.0, 0.0, 0.0, 0.0, 0.0, 0.0], [0.0, 0.0, 0.0, 0.0, 0.0, 1.0, 5.0, 0.0, 17.0, 12.0]], Vector{Float64}[], Vector{Float64}[]]"
y_box,[0.0 0.0 0.0 2.0 7.0 7.0 1.0 8.0 0.0 0.0; 0.0 0.0 0.0 7.0 0.0 0.0 0.0 0.0 0.0 3.0; 0.0 0.0 0.0 0.0 0.0 0.0 0.0 0.0 0.0 0.0; 0.0 0.0 0.0 0.0 0.0 0.0 0.0 0.0 0.0 0.0;;; 0.0 0.0 0.0 0.0 6.0 11.0 5.0 3.0 0.0 0.0; 0.0 0.0 0.0 0.0 0.0 0.0 0.0 10.0 0.0 0.0; 0.0 0.0 0.0 0.0 0.0 0.0 0.0 0.0 0.0 0.0; 0.0 0.0 0.0 0.0 0.0 0.0 0.0 0.0 0.0 0.0;;; 0.0 0.0 0.0 0.0 9.0 11.0 5.0 0.0 0.0 0.0; 0.0 0.0 0.0 0.0 0.0 0.0 0.0 10.0 0.0 0.0; 0.0 0.0 0.0 0.0 0.0 0.0 0.0 0.0 0.0 0.0; 0.0 0.0 0.0 0.0 0.0 0.0 0.0 0.0 0.0 0.0]
evol_bb,"[[33.11, 1.4865560583478168e7]]"
y_bb,[0.0 0.0 0.0 0.0 6.0 11.0 5.0 -0.0 -0.0 -0.0; -0.0 -0.0 -0.0 -0.0 -0.0 -0.0 -0.0 13.0 -0.0 -0.0; -0.0 -0.0 -0.0 -0.0 -0.0 -0.0 -0.0 -0.0 0.0 -0.0; -0.0 -0.0 -0.0 -0.0 -0.0 -0.0 -0.0 -0.0 -0.0 0.0;;; -0.0 -0.0 -0.0 -0.0 -0.0 -0.0 -0.0 -0.0 -0.0 -0.0; -0.0 -0.0 -0.0 -0.0 -0.0 -0.0 -0.0 -0.0 -0.0 -0.0; -0.0 -0.0 -0.0 -0.0 -0.0 -0.0 -0.0 -0.0 -0.0 -0.0; -0.0 -0.0 -0.0 -0.0 -0.0 -0.0 -0.0 -0.0 -0.0 -0.0;;; -0.0 -0.0 -0.0 -0.0 -0.0 -0.0 -0.0 -0.0 -0.0 -0.0; -0.0 -0.0 -0.0 -0.0 -0.0 -0.0 -0.0 -0.0 -0.0 -0.0; -0.0 -0.0 -0.0 -0.0 -0.0 -0.0 -0.0 -0.0 -0.0 -0.0; -0.0 -0.0 -0.0 -0.0 -0.0 -0.0 -0.0 -0.0 -0.0 -0.0]
evol_box,"[[0.429, 0.0], [2.131, 114587.32891565218], [2.216, 115196.41832491089], [2.253, 115196.41832491089], [2.319, 2.5921038273470956e6], [2.394, 2.592103827347096e6], [2.463, 3.1543369618122517e6], [2.574, 3.9421915065630116e6], [2.707, 4.055088250851545e6], [2.861, 4.617897274452414e6], [3.033, 4.843552756197261e6], [3.226, 4.843552756197327e6], [3.518, 5.180970565802628e6], [3.801, 5.519057023801356e6], [4.19, 5.85657430127961e6], [4.599, 6.081638452675777e6], [5.033, 6.194299812055769e6], [5.883, 6.307357727847723e6], [6.562, 6.532768550582401e6], [7.213, 6.644952619620652e6], [8.25, 6.869939156722144e6], [9.068, 6.870195853134877e6], [10.042, 6.9830440456017535e6], [11.011, 7.095174911429533e6], [13.193, 7.320472085049065e6], [15.204, 7.433046274321573e6], [17.861, 7.433052357271769e6], [20.004, 7.433052357271769e6], [22.483, 7.433052357271769e6], [24.615, 7.658239860768515e6], [27.432, 7.658246842891224e6], [30.272, 7.658319479818209e6], [32.677, 7.770854247060852e6], [35.463, 7.771313253082743e6], [38.556, 7.883569165169356e6], [42.006, 7.88359804794817e6], [45.915, 7.883613067239682e6], [49.703, 7.996083019645529e6], [53.052, 7.9961299927331805e6], [56.646, 7.996129992733183e6], [60.201, 7.996129758656763e6], [63.601, 7.996309413087193e6], [67.982, 8.108697405937869e6], [73.91, 8.221311792230206e6], [80.197, 8.221311792230206e6], [86.136, 8.221311792230207e6], [93.374, 8.221332373452175e6], [101.582, 8.221373493424287e6], [110.755, 8.334172022099579e6], [117.704, 8.334182874935277e6], [125.156, 8.334460297213536e6], [135.478, 8.446540564814882e6], [144.478, 8.446540564814882e6], [157.409, 8.446575750952618e6], [169.397, 8.44666392473122e6], [182.755, 8.447032427290674e6], [196.907, 8.559161933229933e6], [208.122, 8.559196030719915e6], [221.177, 8.559201924194874e6], [240.173, 8.67176933739956e6], [253.346, 8.67176933739956e6], [268.191, 8.67176933739956e6], [286.449, 8.671789918621529e6], [303.571, 8.671804248013115e6], [323.196, 8.671831081065468e6], [346.459, 8.671998343085112e6], [367.583, 8.784411652182741e6], [386.045, 8.784425527557297e6], [413.391, 8.896998109984236e6], [441.47, 8.896998109984236e6], [469.833, 8.897059853650145e6], [496.097, 8.897183213599462e6], [523.735, 8.897256737611094e6], [557.221, 9.009612496276574e6], [599.223, 9.009682226825496e6], [653.919, 9.009682226825496e6], [704.655, 9.122226882568913e6], [776.419, 9.122226882568913e6], [826.181, 9.122226882568913e6], [877.003, 9.122226882568913e6], [939.728, 9.122233864691623e6], [988.062, 9.122233864691624e6], [1053.505, 9.122600802663822e6], [1122.258, 9.234841268861251e6], [1193.227, 9.23484825098396e6], [1294.404, 9.2349716109003e6], [1402.223, 9.235015472611208e6], [1578.751, 9.34745565515359e6], [1678.978, 9.34745565515359e6], [1827.291, 9.347476601521721e6], [2013.294, 9.347520503592048e6], [2159.997, 9.347585997192638e6], [2261.257, 9.347636881385675e6], [2507.986, 9.34765459873439e6], [2629.945, 9.460070041445928e6], [2787.369, 9.460070041445928e6], [2947.665, 9.46007702356864e6], [3221.434, 9.46007702356864e6], [3600.025, 9.46009098781406e6]]"
y_pb,[[-0.0 -0.0 -0.0 -0.0 6.0 11.0 5.0 -0.0 -0.0 -0.0; -0.0 -0.0 -0.0 -0.0 -0.0 -0.0 -0.0 13.0 -0.0 -0.0; -0.0 -0.0 -0.0 -0.0 -0.0 -0.0 -0.0 0.0 -0.0 -0.0; -0.0 -0.0 -0.0 -0.0 -0.0 -0.0 -0.0 -0.0 0.0 -0.0;;;]]
x_bb,"[22.0, 13.0, 0.0, 0.0]"
x_box,"[25.0, 10.0, 0.0, 0.0]"
evol_zeta,"[[1.729, 28.5], [2.211, 21.5], [2.246, 20.0], [2.268, 17.0], [2.344, 13.333333333333334], [2.402, 13.333333333333332], [2.479, 13.0], [2.588, 13.0], [2.715, 13.0], [2.87, 11.8], [3.068, 11.5], [3.237, 12.75], [3.554, 11.2], [3.837, 11.0], [4.209, 11.0], [4.621, 10.0], [5.041, 11.0], [5.906, 9.800000000000002], [6.584, 9.750000000000021], [7.237, 9.6], [8.268, 9.250000000000005], [9.081, 9.666666666666657], [10.065, 9.24999999999999], [11.042, 9.0], [13.208, 9.799999999999997], [15.227, 8.833333333333332], [17.885, 9.200000000000003], [20.012, 9.200002698472701], [22.5, 8.5], [24.626, 9.60000000000001], [27.444, 9.000003996004], [30.298, 9.0], [32.684, 8.50000124952625], [35.491, 9.0], [38.577, 9.200000000000003], [42.052, 9.0], [45.925, 8.999999999999998], [49.714, 10.5], [53.064, 7.75], [56.659, 7.399999999999999], [60.21, 7.399998129725264], [63.623, 8.500000000950003], [68.002, 7.7500000000000036], [73.932, 7.5000000000000355], [80.21, 7.500000000850001], [86.176, 10.000000001100005], [93.392, 7.200000000820001], [101.603, 7.75], [110.775, 7.200000000820001], [117.741, 9.2], [125.177, 7.200000000820001], [135.495, 7.666666666666667], [144.493, 8.8], [157.427, 8.5], [169.407, 7.666666666666664], [182.765, 7.5], [196.92, 7.5], [208.134, 7.199999999999999], [221.2, 7.0], [240.206, 7.2], [253.372, 7.200000000820001], [268.212, 6.5], [286.485, 7.666666666666666], [303.597, 7.25], [323.223, 7.2500000008250005], [346.495, 7.0], [367.594, 7.2], [386.064, 7.75], [413.402, 6.5], [441.484, 6.249999999999999], [469.849, 7.2500000008250005], [496.114, 7.200000000000003], [523.745, 9.0], [557.243, 6.0], [599.252, 6.199999999999999], [653.931, 6.0], [704.677, 8.000000000000002], [776.441, 5.666666666666673], [826.198, 6.8], [877.021, 7.0], [939.749, 8.500000000000004], [988.073, 7.0], [1053.527, 6.0], [1122.271, 5.5], [1193.243, 6.333333333333332], [1294.417, 7.0], [1402.234, 5.6], [1578.762, 5.200000000000003], [1678.99, 5.500000000000001], [1827.336, 6.666666666666668], [2013.309, 5.25], [2160.012, 5.2500000006250005], [2261.27, 4.500000000000014], [2507.998, 5.333333333333336], [2629.964, 7.25], [2787.387, 4.5], [2947.696, 5.666666666666667], [3221.448, 5.249999999999997], [3600.042, 0.0]]"
ξ_box,[14.0 18.0 29.0; 29.0 13.0 23.0; 8.0 9.0 10.0; 9.0 14.0 5.0; 7.0 17.0 10.0; 7.0 11.0 11.0; 1.0 5.0 5.0; 8.0 13.0 10.0; 15.0 12.0 6.0; 20.0 7.0 10.0]
