first,second
s_box,[32.0 13.0 9.0 -0.0; 10.0 -0.0 -0.0 5.0; 10.999999999999998 17.0 -0.0 -0.0; 6.0 10.000006481194282 -0.0 -0.0; 1.999990271344942 -0.0 20.0 5.0; 2.0 -0.0 15.0 10.0; 9.0 18.0 10.0 28.0; -0.0 -0.0 -0.0 23.0; -0.0 6.0 12.0 -0.0; -0.0 8.0 5.0 -0.0]
x_pb,"[-0.0, 5.0, 21.0, 23.0]"
s_bb,[32.0 -0.0 -0.0 -0.0; 10.0 -0.0 -0.0 -0.0; 22.0 -0.0 -0.0 -0.0; 19.0 -0.0 -0.0 -0.0; 15.0 -0.0 -0.0 -0.0; -0.0 -0.0 -0.0 -0.0; 28.0 -0.0 -0.0 -0.0; -0.0 -0.0 -0.0 -0.0; 12.0 -0.0 -0.0 -0.0; 8.0 -0.0 -0.0 -0.0]
partition_bb,"[[[32.0, 9.0, 8.0, 2.0, 0.0, 0.0, 0.0, 0.0, 0.0, 0.0], [0.0, 0.0, 0.0, 0.0, 0.0, 4.0, 28.0, 17.0, 0.0, 0.0], [0.0, 0.0, 4.0, 10.0, 20.0, 15.0, 0.0, 0.0, 0.0, 0.0], [0.0, 0.0, 22.0, 16.0, 6.0, 5.0, 0.0, 0.0, 0.0, 0.0], [0.0, 10.0, 0.0, 1.0, 0.0, 5.0, 12.0, 1.0, 12.0, 8.0], [6.0, 0.0, 0.0, 0.0, 0.0, 0.0, 12.0, 23.0, 6.0, 4.0], [0.0, 0.0, 4.0, 10.0, 16.0, 21.0, 0.0, 0.0, 0.0, 0.0], [0.0, 0.0, 13.0, 19.0, 9.0, 8.0, 0.0, 0.0, 0.0, 0.0]], [[0.0, 0.0, 0.0, 0.0, 0.0, 0.0, 14.0, 23.0, 6.0, 6.0]], Vector{Float64}[], Vector{Float64}[]]"
y_box,[0.0 -0.0 -0.0 -0.0 -0.0 -0.0 -0.0 -0.0 -0.0 -0.0; -0.0 -0.0 -0.0 -0.0 14.0 -0.0 -0.0 -0.0 -0.0 -0.0; -0.0 -0.0 -0.0 -0.0 9.726988391771895e-6 11.999990273508686 -0.0 -0.0 -0.0 -0.0; -0.0 -0.0 -0.0 -0.0 -0.0 -0.0 6.0 17.0 -0.0 -0.0;;; 0.0 -0.0 0.0 -0.0 -0.0 -0.0 -0.0 -0.0 -0.0 -0.0; -0.0 -0.0 0.0 4.999993517139052 9.0 0.0 -0.0 -0.0 -0.0 -0.0; -0.0 -0.0 -0.0 -0.0 0.0 12.0 -0.0 -0.0 -0.0 -0.0; -0.0 -0.0 -0.0 -0.0 -0.0 -0.0 -0.0 17.0 6.0 -0.0;;; -0.0 0.0 -0.0 0.0 -0.0 -0.0 -0.0 -0.0 -0.0 -0.0; -0.0 10.0 -0.0 4.0 -0.0 -0.0 -0.0 -0.0 -0.0 -0.0; -0.0 -0.0 -0.0 8.0 -0.0 -0.0 0.0 1.0 -0.0 3.0; -0.0 -0.0 18.0 4.0 1.0 0.0 -0.0 -0.0 -0.0 -0.0;;; -0.0 -0.0 -0.0 -0.0 -0.0 -0.0 -0.0 -0.0 -0.0 -0.0; 14.0 -0.0 -0.0 -0.0 -0.0 -0.0 -0.0 -0.0 -0.0 -0.0; -0.0 1.0 -0.0 -0.0 0.0 0.0 0.0 0.0 3.0 8.0; 10.0 4.0 -0.0 -0.0 -0.0 -0.0 -0.0 -0.0 9.0 -0.0]
evol_bb,"[[21.754, 1.4661695188658902e7], [114.448, 1.46616951886589e7]]"
y_bb,[0.0 0.0 -0.0 -0.0 -0.0 -0.0 -0.0 -0.0 -0.0 -0.0; -0.0 -0.0 0.0 0.0 5.0 -0.0 -0.0 -0.0 -0.0 -0.0; -0.0 -0.0 -0.0 -0.0 -0.0 21.0 -0.0 -0.0 -0.0 -0.0; -0.0 -0.0 -0.0 -0.0 -0.0 -0.0 0.0 23.0 -0.0 0.0;;; -0.0 -0.0 -0.0 -0.0 -0.0 -0.0 0.0 -0.0 -0.0 -0.0; -0.0 -0.0 -0.0 -0.0 -0.0 -0.0 5.0 -0.0 -0.0 -0.0; -0.0 -0.0 -0.0 -0.0 -0.0 -0.0 -0.0 9.0 6.0 6.0; -0.0 -0.0 -0.0 -0.0 -0.0 -0.0 9.0 14.0 -0.0 -0.0;;; -0.0 -0.0 -0.0 -0.0 -0.0 -0.0 -0.0 -0.0 -0.0 -0.0; -0.0 -0.0 -0.0 -0.0 -0.0 -0.0 -0.0 -0.0 -0.0 -0.0; -0.0 -0.0 -0.0 -0.0 -0.0 -0.0 -0.0 -0.0 -0.0 -0.0; -0.0 -0.0 -0.0 -0.0 -0.0 -0.0 -0.0 -0.0 -0.0 -0.0;;; -0.0 -0.0 -0.0 -0.0 -0.0 -0.0 -0.0 -0.0 -0.0 -0.0; -0.0 -0.0 -0.0 -0.0 -0.0 -0.0 -0.0 -0.0 -0.0 -0.0; -0.0 -0.0 -0.0 -0.0 -0.0 -0.0 -0.0 -0.0 -0.0 -0.0; -0.0 -0.0 -0.0 -0.0 -0.0 -0.0 -0.0 -0.0 -0.0 -0.0]
evol_box,"[[0.534, 0.0], [2.34, 202356.6618622047], [2.443, 202356.6618622047], [2.468, 202356.6618622047], [2.507, 202356.6618622047], [2.643, 2.0091246852133034e6], [2.781, 2.0091246852133085e6], [3.019, 3.113897953558037e6], [3.57, 3.1138979535580366e6], [4.029, 3.113897953558037e6], [4.367, 3.113911298795804e6], [5.03, 4.21816630874119e6], [5.483, 4.41900455211132e6], [6.447, 4.720263951357477e6], [8.294, 4.820653861104862e6], [10.195, 4.82066868553951e6], [11.609, 4.921115123315866e6], [13.616, 5.122094780662538e6], [22.136, 5.222345172279772e6], [24.353, 5.222345172279748e6], [27.791, 5.322855090349386e6], [31.108, 5.423185759906976e6], [33.632, 5.423270589341892e6], [38.769, 5.523976872573875e6], [45.503, 5.624123580413317e6], [51.268, 5.7244267807051e6], [56.702, 5.724440780705099e6], [63.027, 5.824862246647239e6], [69.547, 5.824867436397562e6], [76.305, 5.825017346882363e6], [91.177, 5.925264199640582e6], [104.655, 5.925481507533135e6], [115.506, 5.925485267386384e6], [128.749, 6.126128880274041e6], [151.075, 6.126158661276954e6], [175.667, 6.326940686380845e6], [202.841, 6.327018638272134e6], [235.095, 6.527789586529131e6], [292.988, 6.527811592433473e6], [330.244, 6.628198051436041e6], [444.113, 6.628204764653461e6], [530.549, 6.628319454444495e6], [610.971, 6.728670319183258e6], [682.533, 6.829007629608173e6], [803.094, 6.829105219305498e6], [952.076, 6.929454943576215e6], [1149.763, 6.929455416491238e6], [1332.475, 7.029873624520142e6], [1508.837, 7.030020034082068e6], [1713.178, 7.130263683868576e6], [1945.22, 7.130307649343465e6], [2224.17, 7.230684116348434e6], [2548.914, 7.23068547260911e6], [2904.579, 7.230712781546434e6], [3251.29, 7.230738149043478e6], [3600.057, 7.230756277935548e6]]"
y_pb,[[-0.0 0.0 -0.0 -0.0 -0.0 -0.0 -0.0 -0.0 -0.0 -0.0; -0.0 -0.0 -0.0 -0.0 5.0 -0.0 -0.0 -0.0 -0.0 -0.0; -0.0 -0.0 -0.0 -0.0 -0.0 21.0 -0.0 -0.0 -0.0 -0.0; -0.0 -0.0 -0.0 -0.0 -0.0 -0.0 -0.0 23.0 -0.0 -0.0;;;]]
x_bb,"[0.0, 5.0, 21.0, 23.0]"
x_box,"[0.0, 14.0, 12.0, 23.0]"
evol_zeta,"[[2.43, 28.0], [2.454, 20.0], [2.483, 20.0], [2.527, 16.4], [2.665, 16.0], [2.803, 14.4], [3.051, 12.8], [3.598, 12.166666666666666], [4.052, 12.8], [4.392, 12.0], [5.051, 12.0], [5.501, 12.0], [6.482, 11.799999999999999], [8.317, 11.666666666666666], [10.233, 11.833333333333332], [11.628, 12.0], [13.648, 10.600000000000001], [22.171, 11.25], [24.378, 12.0], [27.813, 12.0], [31.126, 12.8], [33.659, 11.428571428571429], [38.797, 10.666666666666666], [45.528, 10.25], [51.294, 11.333333333333332], [56.729, 11.5], [63.053, 10.2], [69.571, 10.399999999999999], [76.328, 10.0], [91.207, 10.5], [104.681, 10.2], [115.537, 10.0], [128.778, 10.399999999999999], [151.114, 10.0], [175.705, 9.333333333333332], [202.879, 9.66666899893573], [235.123, 9.833334161251264], [293.024, 9.0], [330.261, 9.833333333333332], [444.142, 9.0], [530.573, 9.666666666666666], [611.003, 9.0], [682.558, 10.0], [803.114, 10.0], [952.1, 9.666666666666668], [1149.804, 8.333333333333332], [1332.507, 9.2], [1508.867, 8.833333333333332], [1713.195, 9.0], [1945.259, 8.000000000899966], [2224.197, 8.8], [2548.96, 9.166666666666668], [2904.622, 8.571428571428571], [3251.333, 9.200000000000001], [3600.073, 0.0]]"
ξ_box,[32.0 13.0 9.0 24.0; 10.0 -0.0 10.0 10.0; 11.0 17.0 18.0 -0.0; 6.0 15.0 16.0 -0.0; 16.0 9.0 20.0 5.0; 13.999990275159501 12.0 15.0 10.0; 15.0 18.0 10.0 28.0; 17.0 17.0 1.0 23.0; 0.0 12.0 12.0 12.0; -0.0 8.0 8.0 8.0]
