first,second
s_box,[8.0 11.0 11.0; 0.0 6.0 6.0; 31.0 14.0 0.0; 0.0 10.0 13.0; 14.0 10.0 21.0; 0.0 3.0 0.0; 0.0 7.0 0.0; 0.0 0.0 10.0; 7.0 0.0 8.0; 19.0 19.0 10.0]
x_pb,"[-0.0, -0.0, 5.0, 30.0]"
s_bb,[11.0 -0.0 -0.0; 6.0 -0.0 -0.0; 31.0 -0.0 -0.0; 21.0 -0.0 -0.0; 21.0 -0.0 -0.0; 3.0 -0.0 -0.0; 7.0 -0.0 -0.0; 0.0 -0.0 -0.0; 0.0 -0.0 -0.0; 19.0 -0.0 -0.0]
partition_bb,"[[[0.0, 4.0, 31.0, 0.0, 0.0, 0.0, 0.0, 0.0, 0.0, 0.0], [0.0, 0.0, 0.0, 14.0, 21.0, 0.0, 0.0, 0.0, 0.0, 0.0], [0.0, 0.0, 13.0, 0.0, 0.0, 0.0, 0.0, 0.0, 3.0, 19.0], [0.0, 0.0, 0.0, 0.0, 0.0, 0.0, 0.0, 11.0, 19.0, 5.0], [0.0, 0.0, 0.0, 12.0, 5.0, 3.0, 12.0, 0.0, 0.0, 0.0], [11.0, 6.0, 0.0, 0.0, 0.0, 3.0, 0.0, 0.0, 0.0, 15.0], [0.0, 0.0, 0.0, 19.0, 12.0, 0.0, 5.0, 0.0, 0.0, 0.0], [0.0, 0.0, 0.0, 21.0, 14.0, 0.0, 2.0, 0.0, 0.0, 0.0]], [[1.0, 0.0, 0.0, 0.0, 0.0, 3.0, 12.0, 11.0, 8.0, 0.0]], [[0.0, 0.0, 0.0, 21.0, 14.0, 0.0, 0.0, 0.0, 0.0, 0.0]]]"
y_box,[0.0 0.0 0.0 0.0 0.0 0.0 0.0 0.0 0.0 0.0; 0.0 0.0 0.0 0.0 0.0 0.0 0.0 0.0 0.0 0.0; 0.0 0.0 0.0 0.0 0.0 0.0 5.0 0.0 0.0 0.0; 0.0 4.0 0.0 16.0 0.0 3.0 7.0 0.0 0.0 0.0;;; 0.0 0.0 0.0 0.0 0.0 0.0 0.0 0.0 0.0 0.0; 0.0 0.0 0.0 0.0 0.0 0.0 0.0 0.0 0.0 0.0; 0.0 0.0 0.0 0.0 0.0 0.0 5.0 0.0 0.0 0.0; 0.0 0.0 0.0 0.0 0.0 0.0 0.0 11.0 19.0 0.0;;; 0.0 0.0 0.0 0.0 0.0 0.0 0.0 0.0 0.0 0.0; 0.0 0.0 0.0 0.0 0.0 0.0 0.0 0.0 0.0 0.0; 0.0 0.0 0.0 5.0 0.0 0.0 0.0 0.0 0.0 0.0; 0.0 0.0 24.0 0.0 0.0 0.0 0.0 0.0 6.0 0.0]
evol_bb,"[[3.279, 1.3184152778498191e7], [134.472, 1.318415277849819e7]]"
y_bb,[0.0 0.0 0.0 -0.0 -0.0 -0.0 -0.0 -0.0 -0.0 -0.0; -0.0 -0.0 -0.0 0.0 0.0 -0.0 -0.0 -0.0 -0.0 -0.0; -0.0 -0.0 -0.0 -0.0 -0.0 0.0 5.0 -0.0 -0.0 -0.0; -0.0 -0.0 -0.0 -0.0 -0.0 -0.0 -0.0 11.0 19.0 0.0;;; -0.0 -0.0 -0.0 -0.0 -0.0 -0.0 0.0 -0.0 -0.0 -0.0; 0.0 -0.0 -0.0 -0.0 -0.0 -0.0 -0.0 -0.0 -0.0 -0.0; -0.0 -0.0 -0.0 -0.0 -0.0 3.0 2.0 -0.0 0.0 -0.0; 1.0 -0.0 -0.0 -0.0 -0.0 -0.0 10.0 11.0 8.0 -0.0;;; -0.0 -0.0 -0.0 -0.0 0.0 -0.0 -0.0 -0.0 -0.0 -0.0; -0.0 -0.0 -0.0 -0.0 0.0 -0.0 -0.0 -0.0 -0.0 -0.0; -0.0 -0.0 -0.0 5.0 -0.0 -0.0 -0.0 -0.0 -0.0 -0.0; -0.0 -0.0 -0.0 16.0 14.0 -0.0 -0.0 -0.0 -0.0 -0.0]
evol_box,"[[0.482, 0.0], [2.258, 1312.0154179781093], [2.35, 1510.8480412792414], [2.395, 1791.2931263172866], [2.469, 1.8843781482041464e6], [2.548, 2.4383786801461102e6], [2.648, 2.99171896242692e6], [2.74, 3.2132951344309617e6], [2.837, 3.6564654399919594e6], [2.942, 3.6564654399919505e6], [3.091, 3.878523012261018e6], [3.55, 4.432253846801507e6], [3.736, 4.653780899418646e6], [4.016, 4.87504632834364e6], [4.741, 5.539974685513193e6], [5.222, 5.76135725513409e6], [5.761, 6.093737934187599e6], [6.318, 6.204512960796797e6], [7.838, 6.204905744080644e6], [9.601, 6.315361542488741e6], [11.162, 6.426079509145558e6], [12.181, 6.536867618374551e6], [13.078, 6.53686761837455e6], [14.025, 6.537004328422689e6], [16.179, 6.53700432842269e6], [18.724, 6.647655704376611e6], [20.766, 6.647966447455739e6], [22.535, 6.7585993256707005e6], [25.467, 6.86976897173807e6], [28.127, 6.980019962382794e6], [30.368, 7.090959176493674e6], [33.051, 7.091246355202481e6], [35.949, 7.20160393285437e6], [38.81, 7.312390459162939e6], [41.757, 7.312516632175902e6], [44.784, 7.312520930437115e6], [48.214, 7.312520930437116e6], [51.312, 7.312694963468104e6], [55.313, 7.423323424943994e6], [60.555, 7.533960392393097e6], [63.854, 7.533960392393096e6], [70.44, 7.534112923625872e6], [75.516, 7.6447484783951575e6], [81.353, 7.644754717169122e6], [86.407, 7.644754717169121e6], [96.183, 7.755542803171183e6], [103.276, 7.755896426863328e6], [116.937, 7.866324650399279e6], [126.306, 7.866324650399279e6], [136.041, 7.866324650399279e6], [146.796, 7.97711273640134e6], [159.282, 7.9771353962226305e6], [178.829, 7.977195984612749e6], [195.794, 7.977268271693368e6], [212.241, 8.0879008224034e6], [235.429, 8.087900822403401e6], [263.954, 8.0879008224034e6], [285.179, 8.087900822403399e6], [319.226, 8.0879070611773655e6], [350.697, 8.087907061177365e6], [368.776, 8.087910665099311e6], [384.915, 8.088139433835411e6], [406.228, 8.198688908405461e6], [433.558, 8.198695147179426e6], [464.797, 8.1988256184536e6], [503.91, 8.19885701855539e6], [527.228, 8.309483233181487e6], [558.619, 8.309484792874978e6], [592.563, 8.309486594835948e6], [640.38, 8.3095465179200275e6], [675.109, 8.309559092777926e6], [713.481, 8.309930999614568e6], [751.447, 8.420265080409583e6], [800.806, 8.420271319183547e6], [862.437, 8.42034640322644e6], [953.087, 8.531053166411642e6], [1059.797, 8.531059405185608e6], [1118.225, 8.531059405185606e6], [1182.18, 8.531059405185608e6], [1238.227, 8.531059405185606e6], [1298.006, 8.531059405185608e6], [1398.937, 8.53106276684007e6], [1470.299, 8.641841252413705e6], [1553.441, 8.641841252413703e6], [1658.63, 8.64184749118767e6], [1763.616, 8.64184749118767e6], [1975.429, 8.641847491187667e6], [2100.032, 8.641907529599473e6], [2233.058, 8.641850610574652e6], [2343.966, 8.64191077592621e6], [2446.251, 8.641948500499908e6], [2597.697, 8.752629338415764e6], [2975.299, 8.752675821287718e6], [3223.683, 8.752688153878136e6], [3395.255, 8.752710467716243e6], [3554.969, 8.75269488879909e6], [3600.028, 8.863417424417824e6]]"
y_pb,[[-0.0 -0.0 0.0 -0.0 -0.0 -0.0 -0.0 -0.0 -0.0 -0.0; -0.0 -0.0 -0.0 -0.0 -0.0 0.0 -0.0 -0.0 -0.0 -0.0; -0.0 -0.0 -0.0 -0.0 -0.0 -0.0 5.0 -0.0 -0.0 -0.0; -0.0 -0.0 -0.0 -0.0 -0.0 -0.0 -0.0 11.0 19.0 -0.0;;;]]
x_bb,"[0.0, 0.0, 5.0, 30.0]"
x_box,"[0.0, 0.0, 5.0, 30.0]"
evol_zeta,"[[1.861, 31.0], [2.341, 21.00000000220001], [2.356, 19.0], [2.41, 17.0], [2.48, 16.0], [2.559, 13.999999999999972], [2.666, 13.666666666666666], [2.755, 12.0], [2.852, 12.000000001300009], [2.957, 12.0], [3.098, 12.0], [3.567, 11.5], [3.76, 11.333333333333334], [4.027, 11.0], [4.776, 11.0], [5.258, 11.0], [5.777, 9.833333333333332], [6.342, 10.2], [7.846, 10.0], [9.616, 10.4], [11.176, 10.75], [12.193, 10.5], [13.085, 11.0], [14.04, 10.5], [16.191, 9.333333333333247], [18.743, 9.800000799280799], [20.773, 9.2], [22.552, 9.333333333333334], [25.478, 9.0], [28.14, 9.666666666666668], [30.378, 9.2], [33.06, 10.0], [35.964, 10.2], [38.825, 8.75], [41.775, 9.600000000000001], [44.803, 9.249999999999998], [48.237, 8.8], [51.324, 9.5], [55.336, 8.333333333333336], [60.566, 8.6], [63.863, 8.8], [70.451, 8.8], [75.524, 9.166666666666668], [81.362, 8.800000000000002], [86.421, 8.166666666666666], [96.199, 8.8], [103.292, 8.8], [116.945, 8.6], [126.321, 7.8], [136.049, 7.666666666666664], [146.811, 7.833333333333333], [159.306, 6.75], [178.85, 9.4], [195.832, 6.75], [212.251, 7.0], [235.446, 8.0], [263.97, 6.4], [285.187, 9.200000000000003], [319.242, 6.75], [350.708, 6.75], [368.786, 9.2], [384.927, 7.75], [406.24, 8.999999999999998], [433.575, 8.0], [464.812, 7.25], [503.936, 5.333333333966667], [527.246, 7.333333333333333], [558.641, 7.6], [592.576, 7.75], [640.393, 6.75], [675.123, 6.0], [713.495, 6.25], [751.456, 8.0], [800.821, 7.5], [862.453, 8.499999999999995], [953.099, 7.0], [1059.811, 7.0], [1118.235, 6.25], [1182.192, 6.5], [1238.251, 6.333333333333324], [1298.019, 5.8], [1398.956, 6.5], [1470.315, 8.4], [1553.446, 7.0], [1658.646, 8.0], [1763.632, 5.333333333333332], [1975.452, 6.6], [2100.05, 7.0], [2233.071, 7.25], [2343.989, 5.75], [2446.265, 4.666666666666668], [2597.712, 5.333333333333333], [2975.324, 4.666666666666668], [3223.705, 5.6], [3395.265, 5.0], [3554.992, 5.0], [3600.047, 0.0]]"
ξ_box,[8.0 11.0 11.0; 4.0 6.0 6.0; 31.0 14.0 24.0; 16.0 10.0 18.0; 14.0 10.0 21.0; 3.0 3.0 0.0; 12.0 12.0 0.0; -0.0 11.0 10.0; 7.0 19.0 14.0; 19.0 19.0 10.0]
