first,second
s_box,[29.0; 27.0; 28.0; 30.0; 30.0; 10.0; 5.0; 0.0; 0.0; 36.0;;]
x_pb,"[-0.0, 32.0, -0.0, 31.0]"
s_bb,[29.0; 27.0; 28.0; 30.0; 30.0; 10.0; 5.0; 0.0; 0.0; 36.0;;]
partition_bb,"[[[0.0, 0.0, 0.0, 0.0, 0.0, 0.0, 0.0, 3.0, 26.0, 36.0], [0.0, 0.0, 4.0, 6.0, 30.0, 10.0, 8.0, 5.0, 0.0, 0.0], [29.0, 23.0, 8.0, 3.0, 0.0, 0.0, 0.0, 0.0, 0.0, 0.0], [4.0, 8.0, 17.0, 30.0, 6.0, 0.0, 0.0, 0.0, 0.0, 0.0], [0.0, 0.0, 0.0, 0.0, 0.0, 10.0, 17.0, 20.0, 0.0, 0.0], [7.0, 13.0, 28.0, 15.0, 2.0, 0.0, 0.0, 0.0, 0.0, 0.0], [0.0, 0.0, 0.0, 0.0, 0.0, 0.0, 4.0, 7.0, 31.0, 21.0], [21.0, 27.0, 12.0, 5.0, 0.0, 0.0, 0.0, 0.0, 0.0, 0.0]]]"
y_box,[0.0 0.0 0.0 0.0 -0.0 -0.0 -0.0 -0.0 -0.0 -0.0; -0.0 -0.0 -0.0 -0.0 0.0 0.0 12.0 20.0 -0.0 -0.0; -0.0 -0.0 -0.0 -0.0 -0.0 -0.0 -0.0 -0.0 -0.0 -0.0; -0.0 -0.0 -0.0 -0.0 -0.0 -0.0 -0.0 -0.0 31.0 0.0;;;]
evol_bb,"[[0.316, 2.1517913893711284e7]]"
y_bb,[0.0 0.0 0.0 0.0 -0.0 -0.0 -0.0 -0.0 -0.0 -0.0; -0.0 -0.0 -0.0 -0.0 0.0 0.0 12.0 20.0 -0.0 -0.0; -0.0 -0.0 -0.0 -0.0 -0.0 -0.0 -0.0 -0.0 -0.0 -0.0; -0.0 -0.0 -0.0 -0.0 -0.0 -0.0 -0.0 -0.0 31.0 0.0;;;]
evol_box,"[[0.462, 0.0], [2.207, 221693.3715206173], [2.295, 7.173374546276059e6], [2.304, 1.3352689718687965e7], [2.311, 1.5559587994549362e7], [2.315, 1.898000494688367e7], [2.321, 2.0524833739986643e7], [2.327, 2.1076534238539003e7], [2.331, 2.1517913893711284e7]]"
y_pb,[[-0.0 -0.0 -0.0 0.0 -0.0 -0.0 -0.0 -0.0 -0.0 -0.0; -0.0 -0.0 -0.0 -0.0 -0.0 -0.0 11.999999999999996 20.0 -0.0 -0.0; -0.0 -0.0 -0.0 -0.0 -0.0 -0.0 -0.0 0.0 -0.0 -0.0; -0.0 -0.0 -0.0 -0.0 -0.0 -0.0 -0.0 -0.0 31.0 -0.0;;;]]
x_bb,"[0.0, 32.0, 0.0, 31.0]"
x_box,"[0.0, 32.0, 0.0, 31.0]"
evol_zeta,"[[1.822, 35.333333333333336], [2.294, 30.0], [2.302, 29.0], [2.31, 19.6], [2.314, 17.0], [2.32, 13.600000000000001], [2.326, 5.0], [2.329, 3.5], [2.338, 0.0]]"
ξ_box,[29.0; 27.0; 28.0; 30.0; 30.0; 10.0; 17.0; 20.0; 31.0; 36.0;;]
