first,second
s_box,[0.0 20.0 17.0 0.0 24.0; 10.0 0.0 0.0 0.0 4.0; 11.0 10.0 9.0 0.0 11.0; 17.0 11.0 14.0 6.0 0.0; 4.0 0.0 14.0 0.0 0.0; 11.0 0.0 0.0 0.0 0.0; 0.0 13.0 0.0 28.0 1.0; 0.0 0.0 0.0 0.0 0.0; 0.0 0.0 0.0 12.0 6.0; 0.0 0.0 0.0 8.0 8.0]
x_pb,"[-0.0, 5.0, 21.0, 23.0]"
s_bb,[32.0 -0.0 -0.0 -0.0 -0.0; 10.0 -0.0 -0.0 -0.0 -0.0; 22.0 -0.0 -0.0 -0.0 -0.0; 19.0 -0.0 -0.0 -0.0 -0.0; 15.0 -0.0 -0.0 -0.0 -0.0; -0.0 -0.0 -0.0 -0.0 -0.0; 28.0 -0.0 -0.0 -0.0 -0.0; -0.0 -0.0 -0.0 -0.0 -0.0; 12.0 -0.0 -0.0 -0.0 -0.0; 8.0 -0.0 -0.0 -0.0 -0.0]
partition_bb,"[[[32.0, 9.0, 8.0, 2.0, 0.0, 0.0, 0.0, 0.0, 0.0, 0.0], [0.0, 0.0, 0.0, 0.0, 0.0, 4.0, 28.0, 17.0, 0.0, 0.0], [0.0, 0.0, 4.0, 10.0, 20.0, 15.0, 0.0, 0.0, 0.0, 0.0], [0.0, 0.0, 22.0, 16.0, 6.0, 5.0, 0.0, 0.0, 0.0, 0.0], [0.0, 10.0, 0.0, 1.0, 0.0, 5.0, 12.0, 1.0, 12.0, 8.0], [6.0, 0.0, 0.0, 0.0, 0.0, 0.0, 12.0, 23.0, 6.0, 4.0], [0.0, 0.0, 4.0, 10.0, 16.0, 21.0, 0.0, 0.0, 0.0, 0.0], [0.0, 0.0, 13.0, 19.0, 9.0, 8.0, 0.0, 0.0, 0.0, 0.0]], [[0.0, 0.0, 0.0, 0.0, 0.0, 0.0, 14.0, 23.0, 6.0, 6.0]], Vector{Float64}[], Vector{Float64}[], Vector{Float64}[]]"
y_box,[6.0 0.0 0.0 0.0 0.0 0.0 0.0 0.0 0.0 0.0; 0.0 0.0 0.0 0.0 0.0 0.0 7.0 0.0 0.0 0.0; 5.0 0.0 0.0 0.0 6.0 0.0 4.0 0.0 0.0 0.0; 21.0 0.0 0.0 0.0 0.0 0.0 0.0 0.0 0.0 0.0;;; 0.0 0.0 6.0 0.0 0.0 0.0 0.0 0.0 0.0 0.0; 0.0 0.0 1.0 0.0 4.0 2.0 0.0 0.0 0.0 0.0; 0.0 0.0 0.0 0.0 4.0 11.0 0.0 0.0 0.0 0.0; 0.0 0.0 0.0 0.0 0.0 0.0 7.0 14.0 0.0 0.0;;; 0.0 0.0 6.0 0.0 0.0 0.0 0.0 0.0 0.0 0.0; 0.0 0.0 0.0 0.0 6.0 1.0 0.0 0.0 0.0 0.0; 0.0 0.0 0.0 0.0 0.0 15.0 0.0 0.0 0.0 0.0; 0.0 0.0 0.0 0.0 0.0 1.0 0.0 0.0 12.0 8.0;;; 0.0 0.0 0.0 0.0 0.0 6.0 0.0 0.0 0.0 0.0; 0.0 0.0 0.0 0.0 7.0 0.0 0.0 0.0 0.0 0.0; 0.0 0.0 0.0 0.0 9.0 6.0 0.0 0.0 0.0 0.0; 0.0 0.0 0.0 0.0 0.0 0.0 0.0 17.0 0.0 0.0;;; 0.0 6.0 0.0 0.0 0.0 0.0 0.0 0.0 0.0 0.0; 0.0 0.0 1.0 6.0 0.0 0.0 0.0 0.0 0.0 0.0; 0.0 0.0 0.0 0.0 0.0 0.0 15.0 0.0 0.0 0.0; 0.0 0.0 0.0 0.0 0.0 0.0 0.0 15.0 6.0 0.0]
evol_bb,"[[29.484, 1.4661695188658902e7], [198.902, 1.46616951886589e7]]"
y_bb,[0.0 0.0 -0.0 -0.0 -0.0 -0.0 -0.0 -0.0 -0.0 -0.0; -0.0 -0.0 0.0 0.0 5.0 -0.0 -0.0 -0.0 -0.0 -0.0; -0.0 -0.0 -0.0 -0.0 -0.0 21.0 -0.0 -0.0 -0.0 -0.0; -0.0 -0.0 -0.0 -0.0 -0.0 -0.0 0.0 23.0 -0.0 0.0;;; -0.0 -0.0 -0.0 -0.0 -0.0 -0.0 0.0 -0.0 -0.0 -0.0; -0.0 -0.0 -0.0 -0.0 -0.0 -0.0 5.0 -0.0 -0.0 -0.0; -0.0 -0.0 -0.0 -0.0 -0.0 -0.0 -0.0 9.0 6.0 6.0; -0.0 -0.0 -0.0 -0.0 -0.0 -0.0 9.0 14.0 -0.0 -0.0;;; -0.0 -0.0 -0.0 -0.0 -0.0 -0.0 -0.0 -0.0 -0.0 -0.0; -0.0 -0.0 -0.0 -0.0 -0.0 -0.0 -0.0 -0.0 -0.0 -0.0; -0.0 -0.0 -0.0 -0.0 -0.0 -0.0 -0.0 -0.0 -0.0 -0.0; -0.0 -0.0 -0.0 -0.0 -0.0 -0.0 -0.0 -0.0 -0.0 -0.0;;; -0.0 -0.0 -0.0 -0.0 -0.0 -0.0 -0.0 -0.0 -0.0 -0.0; -0.0 -0.0 -0.0 -0.0 -0.0 -0.0 -0.0 -0.0 -0.0 -0.0; -0.0 -0.0 -0.0 -0.0 -0.0 -0.0 -0.0 -0.0 -0.0 -0.0; -0.0 -0.0 -0.0 -0.0 -0.0 -0.0 -0.0 -0.0 -0.0 -0.0;;; -0.0 -0.0 -0.0 -0.0 -0.0 -0.0 -0.0 -0.0 -0.0 -0.0; -0.0 -0.0 -0.0 -0.0 -0.0 -0.0 -0.0 -0.0 -0.0 -0.0; -0.0 -0.0 -0.0 -0.0 -0.0 -0.0 -0.0 -0.0 -0.0 -0.0; -0.0 -0.0 -0.0 -0.0 -0.0 -0.0 -0.0 -0.0 -0.0 -0.0]
evol_box,"[[0.39, 0.0], [1.914, 202356.6618622047], [1.999, 202356.6618622047], [2.023, 202356.6618622047], [2.094, 202356.6618622047], [2.265, 302250.98867611587], [2.658, 1.9086905599501524e6], [3.272, 2.0091246852133085e6], [4.073, 2.5113259939557468e6], [4.658, 2.5115104991800217e6], [6.765, 2.912728265572634e6], [9.562, 3.113878403826488e6], [13.217, 3.1138784038264933e6], [14.27, 3.1138784038264984e6], [17.828, 3.1138784038264984e6], [21.375, 3.314553124930425e6], [27.091, 3.314553124930425e6], [31.357, 3.515520465322923e6], [40.62, 4.1177725696644047e6], [65.749, 4.218184857391266e6], [97.519, 4.218350645962858e6], [117.656, 4.318689651495127e6], [141.006, 4.318779108995844e6], [242.383, 4.519492714547334e6], [316.842, 4.519513070430609e6], [452.838, 4.7202338655566e6], [499.261, 4.7202338655566e6], [631.197, 4.720473945259526e6], [936.907, 4.921093628508567e6], [1121.915, 5.021521871385148e6], [1349.139, 5.322776340668001e6], [1657.848, 5.322779555331084e6], [1871.455, 5.322803673615464e6], [2189.087, 5.322803673615464e6], [2401.674, 5.32285183287463e6], [2904.202, 5.423339980500674e6], [3600.045, 5.423431608960591e6]]"
y_pb,[[-0.0 0.0 -0.0 -0.0 -0.0 -0.0 -0.0 -0.0 -0.0 -0.0; -0.0 -0.0 -0.0 -0.0 5.0 -0.0 -0.0 -0.0 -0.0 -0.0; -0.0 -0.0 -0.0 -0.0 -0.0 21.0 -0.0 -0.0 -0.0 -0.0; -0.0 -0.0 -0.0 -0.0 -0.0 -0.0 -0.0 23.0 -0.0 -0.0;;;]]
x_bb,"[0.0, 5.0, 21.0, 23.0]"
x_box,"[6.0, 7.0, 15.0, 21.0]"
evol_zeta,"[[1.577, 31.5], [1.987, 28.0], [2.007, 20.0], [2.061, 20.0], [2.139, 16.4], [2.292, 16.25], [2.723, 14.4], [3.319, 13.200000001420001], [4.122, 12.999999999999991], [4.68, 12.8], [6.819, 12.666666668033336], [9.62, 12.000000001300009], [13.256, 12.000000001300009], [14.323, 12.000000001300005], [17.864, 12.0], [21.397, 12.0], [27.131, 12.0], [31.416, 12.0], [40.681, 12.0], [65.795, 12.0], [97.578, 12.0], [117.684, 11.333333333333332], [141.052, 11.666666666666666], [242.416, 11.2], [316.872, 11.428571428571429], [452.885, 11.833333333333332], [499.316, 11.333333334566667], [631.251, 10.2], [936.966, 10.0], [1121.967, 10.0], [1349.189, 10.2], [1657.892, 10.833333333333377], [1871.527, 10.0], [2189.149, 10.0], [2401.738, 10.0], [2904.268, 9.999999999999915], [3600.059, 0.0]]"
ξ_box,[32.0 20.0 17.0 -0.0 24.0; 10.0 -0.0 -0.0 -0.0 10.0; 11.0 17.0 15.0 -0.0 12.0; 17.0 11.0 14.0 6.0 6.0; 10.0 8.0 20.0 16.0 -0.0; 11.0 13.0 17.0 12.0 -0.0; 11.0 20.0 -0.0 28.0 16.0; -0.0 14.0 -0.0 17.0 15.0; -0.0 -0.0 12.0 12.0 12.0; -0.0 -0.0 8.0 8.0 8.0]
