first,second
s_box,[12.0 12.0 -0.0; 7.376558068924276e-6 26.0 18.0; 8.0 -0.0 19.0; 12.0 9.0 23.0; 13.0 7.0 10.0; 2.0 4.0 -0.0; -0.0 -0.0 -0.0; 17.0 12.0 3.999999077097234; 18.0 13.0 -0.0; 14.0 12.0 21.999991693872175]
x_pb,"[-0.0, 19.0, -0.0, 24.0]"
s_bb,[12.0 -0.0 -0.0; 26.0 -0.0 -0.0; 23.0 -0.0 -0.0; 23.0 -0.0 -0.0; 13.0 -0.0 -0.0; 1.0 -0.0 -0.0; 0.0 -0.0 -0.0; 22.0 -0.0 -0.0; 0.0 -0.0 -0.0; 29.0 -0.0 -0.0]
partition_bb,"[[[0.0, 0.0, 0.0, 0.0, 0.0, 0.0, 0.0, 0.0, 14.0, 29.0], [4.0, 26.0, 13.0, 0.0, 0.0, 0.0, 0.0, 0.0, 0.0, 0.0], [0.0, 0.0, 10.0, 23.0, 10.0, 1.0, 0.0, 0.0, 0.0, 0.0], [0.0, 0.0, 0.0, 0.0, 0.0, 3.0, 15.0, 22.0, 5.0, 0.0], [0.0, 0.0, 0.0, 0.0, 0.0, 0.0, 5.0, 7.0, 24.0, 9.0], [0.0, 10.0, 23.0, 10.0, 3.0, 0.0, 0.0, 0.0, 0.0, 0.0], [12.0, 4.0, 8.0, 0.0, 0.0, 0.0, 0.0, 0.0, 17.0, 2.0], [12.0, 3.0, 0.0, 0.0, 13.0, 0.0, 0.0, 0.0, 15.0, 0.0], [0.0, 17.0, 4.0, 0.0, 0.0, 4.0, 0.0, 0.0, 17.0, 2.0], [0.0, 0.0, 0.0, 1.0, 13.0, 4.0, 16.0, 9.0, 0.0, 0.0]], Vector{Float64}[], Vector{Float64}[]]"
y_box,[-0.0 -0.0 -0.0 -0.0 -0.0 -0.0 -0.0 -0.0 -0.0 -0.0; -0.0 -0.0 -0.0 0.0 -0.0 2.0 16.0 5.0 -0.0 0.0; -0.0 -0.0 -0.0 -0.0 -0.0 -0.0 -0.0 -0.0 -0.0 -0.0; -0.0 -0.0 -0.0 -0.0 -0.0 -0.0 -0.0 -0.0 5.0 15.0;;; -0.0 -0.0 -0.0 -0.0 -0.0 -0.0 -0.0 -0.0 -0.0 -0.0; -0.0 -0.0 16.0 -0.0 -0.0 -0.0 7.0 -0.0 -0.0 -0.0; -0.0 -0.0 -0.0 -0.0 -0.0 -0.0 -0.0 -0.0 -0.0 -0.0; -0.0 -0.0 -0.0 6.0 6.0 0.0 8.0 -0.0 -0.0 -0.0;;; -0.0 -0.0 -0.0 -0.0 -0.0 -0.0 -0.0 -0.0 -0.0 -0.0; -0.0 -0.0 -0.0 -0.0 -0.0 1.0 9.999999077920034 12.000000919569757 -0.0 -0.0; -0.0 -0.0 -0.0 -0.0 -0.0 -0.0 -0.0 -0.0 -0.0 -0.0; -0.0 -0.0 -0.0 -0.0 -0.0 -0.0 -0.0 -0.0 20.0 -0.0]
evol_bb,"[[104.671, 1.6480121008501146e7]]"
y_bb,[0.0 0.0 0.0 0.0 0.0 -0.0 -0.0 -0.0 -0.0 -0.0; -0.0 -0.0 -0.0 -0.0 -0.0 3.0 16.0 0.0 -0.0 -0.0; -0.0 -0.0 -0.0 -0.0 -0.0 -0.0 -0.0 -0.0 -0.0 -0.0; -0.0 -0.0 -0.0 -0.0 -0.0 -0.0 -0.0 -0.0 24.0 0.0;;; -0.0 -0.0 -0.0 -0.0 -0.0 -0.0 -0.0 -0.0 -0.0 -0.0; -0.0 -0.0 -0.0 -0.0 -0.0 -0.0 -0.0 -0.0 -0.0 -0.0; -0.0 -0.0 -0.0 -0.0 -0.0 -0.0 -0.0 -0.0 -0.0 -0.0; -0.0 -0.0 -0.0 -0.0 -0.0 -0.0 -0.0 -0.0 -0.0 -0.0;;; -0.0 -0.0 -0.0 -0.0 -0.0 -0.0 -0.0 -0.0 -0.0 -0.0; -0.0 -0.0 -0.0 -0.0 -0.0 -0.0 -0.0 -0.0 -0.0 -0.0; -0.0 -0.0 -0.0 -0.0 -0.0 -0.0 -0.0 -0.0 -0.0 -0.0; -0.0 -0.0 -0.0 -0.0 -0.0 -0.0 -0.0 -0.0 -0.0 -0.0]
evol_box,"[[0.435, 0.0], [2.154, 450.26692571141757], [2.267, 2095.125279171838], [2.298, 111424.58006090681], [2.362, 3.7613177641685903e6], [2.431, 3.7613177641685903e6], [2.529, 4.424435069957888e6], [2.637, 4.756263786704835e6], [2.749, 4.756374677595e6], [2.881, 4.756374677595e6], [3.042, 4.977715423113808e6], [3.333, 5.530568093514731e6], [3.645, 5.862250444807784e6], [3.947, 6.304695412781334e6], [4.841, 6.526099458883997e6], [5.355, 6.85782107649968e6], [5.835, 6.968614061858205e6], [6.844, 7.410821661009674e6], [7.602, 7.632011780292809e6], [8.427, 7.742618353502285e6], [9.315, 7.853320578276654e6], [10.784, 8.07430608390949e6], [12.678, 8.295658689027597e6], [14.816, 8.406355731790846e6], [16.654, 8.516717656995004e6], [19.708, 8.848535242112616e6], [22.37, 8.848541921090225e6], [24.79, 8.848544121835435e6], [27.149, 8.848670809015384e6], [30.646, 8.959185803154854e6], [33.485, 9.069751005556466e6], [36.784, 9.069779142888544e6], [41.661, 9.180343896346094e6], [45.471, 9.18034612267196e6], [49.21, 9.18035060090436e6], [54.634, 9.290957895666154e6], [60.645, 9.401549682888852e6], [66.868, 9.401655572516985e6], [73.94, 9.512199345726062e6], [80.816, 9.51220070966369e6], [88.967, 9.512202665456094e6], [99.184, 9.512354669846484e6], [109.846, 9.622782108600054e6], [124.994, 9.733349482980171e6], [136.273, 9.733349482980171e6], [154.646, 9.733385001871431e6], [170.994, 9.733535202672953e6], [187.106, 9.843959541029887e6], [205.67, 9.843996877188269e6], [228.768, 9.844050290347274e6], [279.385, 9.954564174826404e6], [332.951, 9.954566401152274e6], [377.074, 9.954649586246442e6], [452.004, 1.0065167068097783e7], [521.951, 1.0065184853124075e7], [602.666, 1.0175768220844025e7], [669.192, 1.0175788257776845e7], [778.484, 1.0175789972721322e7], [949.863, 1.0175898901487302e7], [1080.145, 1.0286372829059878e7], [1166.937, 1.0286386161434432e7], [1239.826, 1.0286388924722355e7], [1308.996, 1.0286391151048224e7], [1396.999, 1.0286419472481864e7], [1477.614, 1.0286510064410571e7], [1563.448, 1.039698970461249e7], [1711.902, 1.0396991817993734e7], [1825.894, 1.0396991817993734e7], [1934.17, 1.0396991817993734e7], [2051.389, 1.0396995307168877e7], [2219.311, 1.0507565283228086e7], [2384.205, 1.0507591973557852e7], [2528.519, 1.050759419988372e7], [2695.904, 1.0507595342689749e7], [2861.508, 1.0507627260487493e7], [3148.328, 1.0618189670834478e7], [3361.043, 1.0618218024947401e7], [3600.039, 1.0618221968229625e7]]"
y_pb,[[-0.0 -0.0 -0.0 -0.0 0.0 -0.0 -0.0 -0.0 -0.0 -0.0; -0.0 -0.0 -0.0 -0.0 -0.0 3.0 16.0 -0.0 -0.0 -0.0; -0.0 -0.0 -0.0 -0.0 -0.0 -0.0 -0.0 0.0 -0.0 -0.0; -0.0 -0.0 -0.0 -0.0 -0.0 -0.0 -0.0 -0.0 24.0 -0.0;;;]]
x_bb,"[0.0, 19.0, 0.0, 24.0]"
x_box,"[-0.0, 23.0, -0.0, 20.0]"
evol_zeta,"[[1.758, 29.0], [2.235, 25.99999999999998], [2.276, 22.75], [2.309, 21.5], [2.373, 17.75], [2.445, 16.800000001780006], [2.542, 15.75], [2.65, 14.5], [2.76, 17.25], [2.891, 16.0], [3.056, 14.749999999999995], [3.346, 13.499999999999998], [3.653, 15.2], [3.968, 13.499999999999998], [4.859, 12.000000000000002], [5.374, 12.500000001350003], [5.854, 12.0], [6.856, 12.166666666666679], [7.621, 11.200003195123173], [8.439, 12.0], [9.334, 11.20000719512823], [10.796, 12.0], [12.691, 11.166666666666668], [14.828, 12.5], [16.67, 11.8], [19.722, 12.0], [22.385, 11.2], [24.805, 12.0], [27.163, 10.000000001100002], [30.655, 11.0], [33.497, 12.0], [36.794, 11.333333333333332], [41.675, 11.166666666666666], [45.481, 13.0], [49.227, 9.0], [54.648, 10.666666666666666], [60.657, 11.000000000000002], [66.883, 8.75], [73.952, 9.399999999999999], [80.829, 10.800000000000002], [88.982, 10.200000000000001], [99.2, 10.333333333333336], [109.858, 10.0], [125.008, 10.200000000000003], [136.286, 11.166666666666664], [154.657, 9.4], [171.008, 7.75], [187.117, 10.599999999999993], [205.685, 9.0], [228.809, 8.666666666666666], [279.398, 10.5], [332.967, 7.4], [377.089, 8.799999999999997], [452.019, 8.499999999999998], [521.991, 7.8], [602.678, 8.200000000000003], [669.21, 8.2], [778.499, 10.42857142857143], [949.876, 9.400000000000002], [1080.157, 7.6], [1166.948, 11.6], [1239.841, 7.399999999999999], [1309.01, 7.6], [1397.012, 8.0], [1477.633, 6.25], [1563.46, 10.0], [1711.923, 6.600000000000001], [1825.909, 6.6], [1934.186, 6.999999999999999], [2051.4, 7.0000079968079945], [2219.324, 8.25], [2384.225, 6.0], [2528.534, 7.499999999999999], [2695.919, 6.75], [2861.52, 7.5], [3148.336, 10.0], [3361.058, 7.249999999999999], [3600.054, 0.0]]"
ξ_box,[12.0 12.0 -0.0; 7.378224735590943e-6 26.0 18.0; 8.0 16.0 19.0; 12.0 15.0 23.0; 13.0 13.0 10.0; 4.0 4.0 1.0; 16.0 15.0 9.999999082865651; 22.0 12.0 16.0; 23.0 13.0 20.0; 29.0 12.0 21.999991698872176]
