first,second
s_box,[32.0 0.0 0.0 0.0 0.0; 2.0 0.0 0.0 0.0 0.0; 13.0 0.0 0.0 0.0 18.0; 0.0 0.0 1.0 0.0 13.0; 4.0 0.0 18.0 0.0 7.0; 12.0 19.0 17.0 0.0 0.0; 2.0 0.0 0.0 4.0 1.0; 0.0 8.0 5.0 7.0 0.0; 0.0 17.0 9.0 24.0 8.0; 0.0 21.0 14.0 30.0 15.0]
x_pb,"[0.0, 57.0, -0.0, -0.0]"
s_bb,[21.0 -0.0 -0.0 -0.0 -0.0; 0.0 -0.0 -0.0 -0.0 -0.0; 0.0 -0.0 -0.0 -0.0 -0.0; 25.0 -0.0 -0.0 -0.0 -0.0; 28.0 -0.0 -0.0 -0.0 -0.0; 19.0 -0.0 -0.0 -0.0 -0.0; 7.0 -0.0 -0.0 -0.0 -0.0; 12.0 -0.0 -0.0 -0.0 -0.0; 26.0 -0.0 -0.0 -0.0 -0.0; 30.0 -0.0 -0.0 -0.0 -0.0]
partition_bb,"[[[32.0, 14.0, 13.0, 0.0, 0.0, 0.0, 0.0, 0.0, 0.0, 0.0], [0.0, 0.0, 0.0, 0.0, 0.0, 1.0, 2.0, 7.0, 21.0, 30.0], [0.0, 6.0, 7.0, 15.0, 28.0, 1.0, 0.0, 0.0, 0.0, 0.0], [18.0, 1.0, 0.0, 0.0, 0.0, 19.0, 7.0, 12.0, 0.0, 0.0], [0.0, 11.0, 12.0, 25.0, 12.0, 0.0, 0.0, 0.0, 0.0, 0.0], [4.0, 22.0, 23.0, 10.0, 2.0, 0.0, 0.0, 0.0, 0.0, 0.0], [0.0, 0.0, 0.0, 0.0, 0.0, 3.0, 4.0, 9.0, 26.0, 17.0], [5.0, 23.0, 22.0, 9.0, 1.0, 0.0, 0.0, 0.0, 0.0, 0.0]], Vector{Float64}[], Vector{Float64}[], Vector{Float64}[], Vector{Float64}[]]"
y_box,[0.0 0.0 0.0 0.0 0.0 0.0 0.0 0.0 0.0 0.0; 0.0 12.0 0.0 18.0 24.0 2.0 0.0 1.0 0.0 0.0; 0.0 0.0 0.0 0.0 0.0 0.0 0.0 0.0 0.0 0.0; 0.0 0.0 0.0 0.0 0.0 0.0 0.0 0.0 0.0 0.0;;; 0.0 0.0 0.0 0.0 0.0 0.0 0.0 0.0 0.0 0.0; 21.0 3.0 2.0 5.0 18.0 0.0 7.0 0.0 1.0 0.0; 0.0 0.0 0.0 0.0 0.0 0.0 0.0 0.0 0.0 0.0; 0.0 0.0 0.0 0.0 0.0 0.0 0.0 0.0 0.0 0.0;;; 0.0 0.0 0.0 0.0 0.0 0.0 0.0 0.0 0.0 0.0; 11.0 16.0 15.0 1.0 0.0 0.0 7.0 7.0 0.0 0.0; 0.0 0.0 0.0 0.0 0.0 0.0 0.0 0.0 0.0 0.0; 0.0 0.0 0.0 0.0 0.0 0.0 0.0 0.0 0.0 0.0;;; 0.0 0.0 0.0 0.0 0.0 0.0 0.0 0.0 0.0 0.0; 12.0 3.0 3.0 18.0 20.0 1.0 0.0 0.0 0.0 0.0; 0.0 0.0 0.0 0.0 0.0 0.0 0.0 0.0 0.0 0.0; 0.0 0.0 0.0 0.0 0.0 0.0 0.0 0.0 0.0 0.0;;; 0.0 0.0 0.0 0.0 0.0 0.0 0.0 0.0 0.0 0.0; 13.0 19.0 0.0 7.0 0.0 13.0 0.0 0.0 5.0 0.0; 0.0 0.0 0.0 0.0 0.0 0.0 0.0 0.0 0.0 0.0; 0.0 0.0 0.0 0.0 0.0 0.0 0.0 0.0 0.0 0.0]
evol_bb,"[[42.375, 1.9338704064695735e7]]"
y_bb,[-0.0 -0.0 -0.0 -0.0 -0.0 -0.0 -0.0 -0.0 -0.0 -0.0; 11.0 23.0 23.0 0.0 -0.0 -0.0 -0.0 -0.0 -0.0 -0.0; -0.0 -0.0 -0.0 -0.0 0.0 0.0 0.0 0.0 -0.0 -0.0; -0.0 -0.0 -0.0 -0.0 -0.0 -0.0 -0.0 -0.0 0.0 0.0;;; -0.0 -0.0 -0.0 -0.0 -0.0 -0.0 -0.0 -0.0 -0.0 -0.0; -0.0 -0.0 -0.0 -0.0 -0.0 -0.0 -0.0 -0.0 -0.0 -0.0; -0.0 -0.0 -0.0 -0.0 -0.0 -0.0 -0.0 -0.0 -0.0 -0.0; -0.0 -0.0 -0.0 -0.0 -0.0 -0.0 -0.0 -0.0 -0.0 -0.0;;; -0.0 -0.0 -0.0 -0.0 -0.0 -0.0 -0.0 -0.0 -0.0 -0.0; -0.0 -0.0 -0.0 -0.0 -0.0 -0.0 -0.0 -0.0 -0.0 -0.0; -0.0 -0.0 -0.0 -0.0 -0.0 -0.0 -0.0 -0.0 -0.0 -0.0; -0.0 -0.0 -0.0 -0.0 -0.0 -0.0 -0.0 -0.0 -0.0 -0.0;;; -0.0 -0.0 -0.0 -0.0 -0.0 -0.0 -0.0 -0.0 -0.0 -0.0; -0.0 -0.0 -0.0 -0.0 -0.0 -0.0 -0.0 -0.0 -0.0 -0.0; -0.0 -0.0 -0.0 -0.0 -0.0 -0.0 -0.0 -0.0 -0.0 -0.0; -0.0 -0.0 -0.0 -0.0 -0.0 -0.0 -0.0 -0.0 -0.0 -0.0;;; -0.0 -0.0 -0.0 -0.0 -0.0 -0.0 -0.0 -0.0 -0.0 -0.0; -0.0 -0.0 -0.0 -0.0 -0.0 -0.0 -0.0 -0.0 -0.0 -0.0; -0.0 -0.0 -0.0 -0.0 -0.0 -0.0 -0.0 -0.0 -0.0 -0.0; -0.0 -0.0 -0.0 -0.0 -0.0 -0.0 -0.0 -0.0 -0.0 -0.0]
evol_box,"[[0.43, 0.0], [2.141, 230809.06198411027], [2.241, 461771.13283266814], [2.285, 461771.13283266814], [2.362, 461771.13283266814], [2.491, 461771.13283257186], [3.091, 2.533239741924236e6], [3.604, 3.339152221299486e6], [4.866, 3.339152221299487e6], [7.559, 3.3391522212994657e6], [9.482, 3.799177036282725e6], [12.955, 3.9142561108389795e6], [15.827, 4.1448658060289444e6], [19.335, 4.950353545072338e6], [24.956, 4.950400973363218e6], [31.909, 4.950400973363219e6], [38.91, 4.950829266248387e6], [45.746, 5.1809698439438315e6], [52.192, 5.52574856171401e6], [62.988, 5.641200349516586e6], [78.475, 5.756403479600664e6], [116.004, 5.986721080533553e6], [141.63, 6.101737039946323e6], [162.369, 6.101737039946323e6], [185.315, 6.447117423596842e6], [374.016, 6.561769715367868e6], [413.567, 6.676878359700081e6], [478.714, 6.792434465758191e6], [543.164, 6.907575397213996e6], [629.281, 6.907575397213997e6], [1316.601, 7.022204292696722e6], [1458.868, 7.137253797477019e6], [1619.341, 7.137253797477019e6], [2357.352, 7.252480380647035e6], [2531.633, 7.25304999995739e6], [2909.964, 7.252480380647035e6], [3394.376, 7.367581640092997e6], [3600.031, 7.483622410209812e6]]"
y_pb,[[0.0 -0.0 -0.0 -0.0 -0.0 -0.0 -0.0 -0.0 -0.0 -0.0; 11.0 23.0 23.0 -0.0 -0.0 -0.0 -0.0 -0.0 -0.0 -0.0; -0.0 -0.0 -0.0 -0.0 -0.0 0.0 -0.0 -0.0 -0.0 -0.0; -0.0 -0.0 -0.0 -0.0 -0.0 -0.0 -0.0 -0.0 0.0 -0.0;;;]]
x_bb,"[0.0, 57.0, 0.0, 0.0]"
x_box,"[0.0, 57.0, 0.0, 0.0]"
evol_zeta,"[[1.741, 31.333333333333332], [2.225, 29.2], [2.25, 28.0], [2.306, 21.4], [2.415, 20.600000002160016], [2.545, 19.75], [3.155, 17.999999999999943], [3.624, 18.0], [4.896, 17.6], [7.629, 15.666666666666664], [9.553, 15.833333333333334], [13.038, 15.166666666666666], [15.898, 14.2], [19.404, 13.285714285714283], [24.989, 15.8], [31.964, 13.833333333333332], [38.941, 14.857142857142856], [45.812, 13.75], [52.249, 13.33333333476667], [63.095, 12.999999999999998], [78.52, 13.0], [116.081, 12.714285714285715], [141.685, 13.000000000000004], [162.504, 11.800000001280003], [185.358, 12.000000000000002], [374.117, 11.0], [413.617, 12.199999999999989], [478.746, 12.42857142857143], [543.22, 11.0], [629.359, 10.5], [1316.65, 11.0], [1458.923, 11.166666667883334], [1619.402, 11.0], [2357.411, 11.0], [2531.714, 11.2], [2910.044, 11.0], [3394.433, 11.333333333333334], [3600.048, 0.0]]"
ξ_box,[32.0 21.0 11.0 12.0 13.0; 14.0 3.0 16.0 3.0 19.0; 13.0 2.0 15.0 3.0 18.0; 18.0 5.0 2.0 16.0 20.0; 28.0 18.0 18.0 20.0 7.0; 14.0 19.0 17.0 1.0 13.0; 2.0 7.0 7.0 4.0 1.0; 1.0 8.0 12.0 7.0 -0.0; -0.0 18.0 5.0 24.0 13.0; -0.0 21.0 14.0 30.0 15.0]
