first,second
s_box,[0.0 0.0 0.0 0.0; 0.0 0.0 4.0 8.0; 0.0 12.0 0.0 11.0; 1.0 2.0 13.0 17.0; 22.0 13.0 2.0 0.0; 28.0 14.0 12.0 20.0; 0.0 12.0 21.0 15.0; 13.0 12.0 13.0 2.0; 9.0 9.0 9.0 0.0; 0.0 0.0 0.0 0.0]
x_pb,"[26.0, 21.0, -0.0, 4.0]"
s_bb,[0.0 -0.0 -0.0 -0.0; 23.0 -0.0 -0.0 -0.0; 2.0 -0.0 -0.0 -0.0; 27.0 -0.0 -0.0 -0.0; 24.0 -0.0 -0.0 -0.0; 28.0 -0.0 -0.0 -0.0; 25.0 -0.0 -0.0 -0.0; 13.0 -0.0 -0.0 -0.0; 9.0 -0.0 -0.0 -0.0; 0.0 -0.0 -0.0 -0.0]
partition_bb,"[[[0.0, 0.0, 0.0, 2.0, 13.0, 28.0, 9.0, 0.0, 0.0, 0.0], [26.0, 15.0, 12.0, 0.0, 0.0, 0.0, 0.0, 0.0, 0.0, 0.0], [0.0, 1.0, 7.0, 27.0, 16.0, 1.0, 0.0, 0.0, 0.0, 0.0], [0.0, 0.0, 0.0, 0.0, 3.0, 6.0, 25.0, 11.0, 7.0, 0.0], [9.0, 17.0, 23.0, 3.0, 2.0, 0.0, 0.0, 0.0, 0.0, 0.0], [0.0, 0.0, 3.0, 13.0, 24.0, 9.0, 2.0, 0.0, 0.0, 0.0], [12.0, 23.0, 17.0, 0.0, 0.0, 0.0, 0.0, 0.0, 0.0, 0.0], [0.0, 0.0, 0.0, 0.0, 11.0, 26.0, 7.0, 0.0, 0.0, 4.0], [4.0, 15.0, 18.0, 0.0, 0.0, 2.0, 0.0, 5.0, 9.0, 0.0], [5.0, 16.0, 10.0, 0.0, 0.0, 0.0, 0.0, 13.0, 9.0, 0.0]], Vector{Float64}[], Vector{Float64}[], Vector{Float64}[]]"
y_box,[10.0 0.0 0.0 19.0 0.0 0.0 4.0 0.0 0.0 0.0; 0.0 0.0 1.0 0.0 0.0 0.0 17.0 0.0 0.0 0.0; 0.0 0.0 0.0 0.0 0.0 0.0 0.0 0.0 0.0 0.0; 0.0 0.0 0.0 0.0 0.0 0.0 0.0 0.0 0.0 0.0;;; 26.0 2.0 5.0 0.0 0.0 0.0 0.0 0.0 0.0 0.0; 0.0 14.0 4.0 0.0 0.0 0.0 0.0 0.0 0.0 0.0; 0.0 0.0 0.0 0.0 0.0 0.0 0.0 0.0 0.0 0.0; 0.0 0.0 0.0 0.0 0.0 0.0 0.0 0.0 0.0 0.0;;; 18.0 15.0 0.0 0.0 0.0 0.0 0.0 0.0 0.0 0.0; 0.0 0.0 18.0 0.0 0.0 0.0 0.0 0.0 0.0 0.0; 0.0 0.0 0.0 0.0 0.0 0.0 0.0 0.0 0.0 0.0; 0.0 0.0 0.0 0.0 0.0 0.0 0.0 0.0 0.0 0.0;;; 19.0 0.0 0.0 0.0 14.0 0.0 0.0 0.0 0.0 0.0; 0.0 0.0 0.0 10.0 8.0 0.0 0.0 0.0 0.0 0.0; 0.0 0.0 0.0 0.0 0.0 0.0 0.0 0.0 0.0 0.0; 0.0 0.0 0.0 0.0 0.0 0.0 0.0 0.0 0.0 0.0]
evol_bb,"[[846.102, 1.6669282557233779e7]]"
y_bb,[26.0 0.0 -0.0 -0.0 -0.0 -0.0 -0.0 -0.0 -0.0 -0.0; -0.0 -0.0 21.0 0.0 -0.0 -0.0 -0.0 -0.0 -0.0 -0.0; -0.0 -0.0 -0.0 -0.0 0.0 0.0 0.0 -0.0 -0.0 -0.0; -0.0 -0.0 -0.0 -0.0 -0.0 -0.0 -0.0 0.0 0.0 4.0;;; -0.0 -0.0 -0.0 -0.0 -0.0 -0.0 -0.0 -0.0 -0.0 -0.0; -0.0 -0.0 -0.0 -0.0 -0.0 -0.0 -0.0 -0.0 -0.0 -0.0; -0.0 -0.0 -0.0 -0.0 -0.0 -0.0 -0.0 -0.0 -0.0 -0.0; -0.0 -0.0 -0.0 -0.0 -0.0 -0.0 -0.0 -0.0 -0.0 -0.0;;; -0.0 -0.0 -0.0 -0.0 -0.0 -0.0 -0.0 -0.0 -0.0 -0.0; -0.0 -0.0 -0.0 -0.0 -0.0 -0.0 -0.0 -0.0 -0.0 -0.0; -0.0 -0.0 -0.0 -0.0 -0.0 -0.0 -0.0 -0.0 -0.0 -0.0; -0.0 -0.0 -0.0 -0.0 -0.0 -0.0 -0.0 -0.0 -0.0 -0.0;;; -0.0 -0.0 -0.0 -0.0 -0.0 -0.0 -0.0 -0.0 -0.0 -0.0; -0.0 -0.0 -0.0 -0.0 -0.0 -0.0 -0.0 -0.0 -0.0 -0.0; -0.0 -0.0 -0.0 -0.0 -0.0 -0.0 -0.0 -0.0 -0.0 -0.0; -0.0 -0.0 -0.0 -0.0 -0.0 -0.0 -0.0 -0.0 -0.0 -0.0]
evol_box,"[[0.419, 0.0], [2.071, 111594.03532498845], [2.17, 221166.91870128], [2.233, 221166.91870128], [2.393, 442254.52671895066], [2.558, 2.3191743035486154e6], [2.73, 2.6497516917738607e6], [2.948, 2.76038296810384e6], [3.192, 2.871119426219132e6], [3.463, 2.982233674716365e6], [4.692, 3.6435021111258822e6], [5.668, 4.085417774874129e6], [7.137, 4.085417774874129e6], [8.384, 4.085417774874129e6], [12.009, 4.416273954088498e6], [15.704, 4.9679426991963545e6], [17.448, 5.0783323247054815e6], [20.311, 5.078717966510702e6], [23.26, 5.851335268455731e6], [26.628, 5.961454060368249e6], [29.892, 5.961822015988763e6], [34.101, 6.07198185581062e6], [37.941, 6.072079106276323e6], [43.626, 6.182466130569386e6], [48.878, 6.182620136089148e6], [55.918, 6.40301847689187e6], [62.529, 6.5135211145464955e6], [73.214, 6.623797727910146e6], [81.127, 6.624030191065547e6], [99.769, 6.734187944867989e6], [112.398, 6.844575796031006e6], [126.05, 6.844575796031007e6], [137.757, 6.844695197007164e6], [151.557, 6.955062266960531e6], [173.901, 7.065436692173617e6], [198.808, 7.176296470829008e6], [221.099, 7.286215650303654e6], [252.161, 7.28647624895095e6], [306.199, 7.3965648612779025e6], [364.54, 7.5070163869780805e6], [434.645, 7.507235056367775e6], [490.677, 7.507349452863456e6], [586.11, 7.617339953906597e6], [669.264, 7.6173592779331105e6], [776.893, 7.617422473665473e6], [964.356, 7.7277864739065785e6], [1118.584, 7.7277864739065785e6], [1243.488, 7.727822095904616e6], [1379.827, 7.728037116782328e6], [1568.063, 7.727857117152378e6], [1766.117, 7.83811979637358e6], [1969.178, 7.838194839328714e6], [2254.969, 7.948477965609453e6], [2489.13, 7.948477965609452e6], [2758.352, 7.948477965609453e6], [3122.079, 7.948594250067474e6], [3494.172, 8.058866999669882e6], [3600.024, 8.169301721269811e6]]"
y_pb,[[26.0 -0.0 -0.0 -0.0 -0.0 -0.0 -0.0 -0.0 -0.0 -0.0; -0.0 -0.0 21.0 -0.0 -0.0 -0.0 -0.0 -0.0 -0.0 -0.0; -0.0 -0.0 -0.0 -0.0 0.0 -0.0 -0.0 -0.0 -0.0 -0.0; -0.0 -0.0 -0.0 -0.0 -0.0 -0.0 -0.0 -0.0 -0.0 4.0;;;]]
x_bb,"[26.0, 21.0, 0.0, 4.0]"
x_box,"[33.0, 18.0, 0.0, 0.0]"
evol_zeta,"[[2.156, 25.333333333333332], [2.18, 24.8], [2.29, 18.2], [2.411, 18.6], [2.572, 18.0], [2.748, 17.39999999999998], [2.961, 17.4], [3.222, 15.0], [3.485, 14.5], [4.714, 13.8], [5.69, 14.0], [7.154, 13.5], [8.404, 13.0], [12.033, 12.166666666666664], [15.726, 14.428571428571429], [17.484, 11.666666666666668], [20.371, 12.0], [23.326, 10.833333333333332], [26.681, 11.166666666666668], [29.915, 11.8], [34.13, 10.25], [37.97, 10.8], [43.651, 10.750000000000002], [48.902, 11.8], [55.945, 10.8], [62.564, 9.666666666666666], [73.268, 11.0], [81.155, 9.8], [99.79, 10.333333333333336], [112.442, 10.6], [126.089, 8.4], [137.784, 11.666666666666668], [151.578, 11.6], [173.929, 8.400000000000002], [198.833, 11.2], [221.126, 10.0], [252.19, 9.0], [306.249, 8.285714286642861], [364.568, 9.0], [434.672, 9.0], [490.731, 7.75], [586.138, 11.0], [669.305, 8.5], [776.922, 8.5], [964.374, 10.0], [1118.614, 9.999999999999996], [1243.555, 7.666666667533335], [1379.849, 10.4], [1568.106, 9.0], [1766.162, 8.166666667646114], [1969.21, 9.666666666666666], [2255.005, 8.5], [2489.185, 8.000000000900002], [2758.407, 7.166666666666667], [3122.108, 8.166666666666664], [3494.22, 8.5], [3600.039, 0.0]]"
ξ_box,[10.0 26.0 18.0 19.0; -0.0 16.0 19.0 8.0; 1.0 21.0 18.0 11.0; 20.0 2.0 13.0 27.0; 22.0 13.0 2.0 22.0; 28.0 14.0 12.0 20.0; 21.0 12.0 21.0 15.0; 13.0 12.0 13.0 2.0; 9.0 9.0 9.0 -0.0; 0.0 0.0 0.0 0.0]
