first,second
s_box,[22.0; 19.0; 19.0; 15.0; 24.0; 21.0; 21.0; 18.0; 0.0; 0.0;;]
x_pb,"[8.0, -0.0, 41.0, -0.0]"
s_bb,[22.0; 19.0; 19.0; 15.0; 24.0; 21.0; 21.0; 18.0; 0.0; 0.0;;]
partition_bb,"[[[0.0, 0.0, 4.0, 7.0, 24.0, 11.0, 6.0, 2.0, 0.0, 0.0], [0.0, 0.0, 0.0, 0.0, 8.0, 0.0, 0.0, 0.0, 18.0, 23.0], [22.0, 16.0, 12.0, 1.0, 0.0, 0.0, 0.0, 0.0, 0.0, 0.0], [0.0, 0.0, 0.0, 0.0, 0.0, 3.0, 6.0, 18.0, 0.0, 0.0], [2.0, 8.0, 12.0, 23.0, 6.0, 0.0, 0.0, 0.0, 0.0, 0.0], [0.0, 0.0, 0.0, 0.0, 3.0, 16.0, 21.0, 9.0, 0.0, 0.0], [9.0, 13.0, 19.0, 8.0, 0.0, 0.0, 0.0, 0.0, 0.0, 0.0], [0.0, 0.0, 0.0, 0.0, 8.0, 21.0, 16.0, 6.0, 0.0, 0.0], [13.0, 19.0, 13.0, 4.0, 0.0, 0.0, 0.0, 0.0, 0.0, 0.0]]]"
y_box,[0.0 0.0 0.0 8.0 0.0 -0.0 -0.0 -0.0 -0.0 -0.0; -0.0 -0.0 -0.0 -0.0 -0.0 0.0 0.0 0.0 -0.0 -0.0; -0.0 -0.0 -0.0 -0.0 -0.0 -0.0 -0.0 -0.0 18.0 23.0; -0.0 -0.0 -0.0 -0.0 -0.0 -0.0 -0.0 -0.0 -0.0 -0.0;;;]
evol_bb,"[[0.306, 1.686106587236412e7]]"
y_bb,[0.0 0.0 0.0 8.0 0.0 -0.0 -0.0 -0.0 -0.0 -0.0; -0.0 -0.0 -0.0 -0.0 -0.0 0.0 0.0 0.0 -0.0 -0.0; -0.0 -0.0 -0.0 -0.0 -0.0 -0.0 -0.0 -0.0 18.0 23.0; -0.0 -0.0 -0.0 -0.0 -0.0 -0.0 -0.0 -0.0 -0.0 -0.0;;;]
evol_box,"[[0.394, 0.0], [1.935, 531673.3367934877], [2.009, 4.8782702500006445e6], [2.014, 9.75622230034004e6], [2.02, 1.1452901409659183e7], [2.026, 1.3149580320728492e7], [2.032, 1.527042920737742e7], [2.038, 1.6012726317704547e7], [2.042, 1.6542938539366778e7], [2.047, 1.686106587236412e7]]"
y_pb,[[-0.0 -0.0 -0.0 8.0 -0.0 -0.0 -0.0 -0.0 -0.0 -0.0; -0.0 -0.0 -0.0 -0.0 -0.0 -0.0 -0.0 0.0 -0.0 -0.0; -0.0 -0.0 -0.0 -0.0 -0.0 -0.0 -0.0 -0.0 18.0 23.0; -0.0 -0.0 -0.0 -0.0 -0.0 -0.0 -0.0 -0.0 -0.0 0.0;;;]]
x_bb,"[8.0, 0.0, 41.0, 0.0]"
x_box,"[8.0, 0.0, 41.0, 0.0]"
evol_zeta,"[[1.621, 23.166666666666664], [2.008, 23.0], [2.014, 21.5], [2.019, 16.0], [2.025, 15.600000000000001], [2.031, 15.0], [2.037, 7.0], [2.042, 4.5], [2.046, 3.0], [2.049, 0.0]]"
ξ_box,[22.0; 19.0; 19.0; 23.0; 24.0; 21.0; 21.0; 18.0; 18.0; 23.0;;]
