first,second
s_box,[0.0 20.0 14.0 11.0 21.0; 4.0 0.0 0.0 0.0 0.0; 9.0 0.0 0.0 9.0 10.0; 0.0 2.0 0.0 0.0 0.0; 0.0 1.0 27.0 0.0 9.0; 6.0 0.0 0.0 0.0 0.0; 0.0 0.0 0.0 1.0 0.0; 9.0 9.0 6.0 0.0 7.0; 13.0 0.0 0.0 11.0 0.0; 7.0 15.0 0.0 14.0 0.0]
x_pb,"[18.0, 32.0, -0.0, -0.0]"
s_bb,[25.0 3.0 -0.0 -0.0 -0.0; 17.0 -0.0 -0.0 -0.0 -0.0; 17.0 1.0 -0.0 -0.0 -0.0; 1.0 -0.0 -0.0 -0.0 -0.0; -0.0 -0.0 -0.0 -0.0 -0.0; 14.0 14.0 -0.0 -0.0 -0.0; 4.0 4.0 -0.0 -0.0 -0.0; 9.0 1.0 -0.0 -0.0 -0.0; 21.0 8.0 -0.0 -0.0 -0.0; 15.0 2.0 -0.0 -0.0 -0.0]
partition_bb,"[[[0.0, 4.0, 4.0, 7.0, 32.0, 6.0, 0.0, 0.0, 0.0, 0.0], [25.0, 10.0, 10.0, 7.0, 0.0, 0.0, 0.0, 0.0, 0.0, 0.0], [0.0, 0.0, 0.0, 0.0, 0.0, 0.0, 4.0, 9.0, 21.0, 15.0], [1.0, 15.0, 15.0, 19.0, 0.0, 0.0, 0.0, 0.0, 0.0, 0.0], [0.0, 0.0, 0.0, 0.0, 0.0, 14.0, 4.0, 0.0, 19.0, 13.0], [2.0, 17.0, 17.0, 13.0, 2.0, 0.0, 0.0, 0.0, 0.0, 0.0]], [[0.0, 9.0, 9.0, 5.0, 0.0, 14.0, 4.0, 0.0, 8.0, 2.0], [3.0, 18.0, 18.0, 14.0, 0.0, 0.0, 0.0, 0.0, 0.0, 0.0], [3.0, 18.0, 18.0, 14.0, 1.0, 0.0, 0.0, 0.0, 0.0, 0.0], [3.0, 18.0, 18.0, 14.0, 0.0, 0.0, 0.0, 1.0, 0.0, 0.0]], Vector{Float64}[], Vector{Float64}[], Vector{Float64}[]]"
y_box,[0.0 5.0 0.0 13.0 0.0 0.0 0.0 0.0 0.0 0.0; 0.0 0.0 0.0 0.0 32.0 0.0 0.0 0.0 0.0 0.0; 0.0 0.0 0.0 0.0 0.0 0.0 0.0 0.0 0.0 0.0; 0.0 0.0 0.0 0.0 0.0 0.0 0.0 0.0 0.0 0.0;;; 0.0 5.0 5.0 0.0 8.0 0.0 0.0 0.0 0.0 0.0; 0.0 0.0 0.0 0.0 11.0 0.0 0.0 0.0 21.0 0.0; 0.0 0.0 0.0 0.0 0.0 0.0 0.0 0.0 0.0 0.0; 0.0 0.0 0.0 0.0 0.0 0.0 0.0 0.0 0.0 0.0;;; 0.0 0.0 2.0 0.0 0.0 0.0 4.0 0.0 12.0 0.0; 0.0 2.0 0.0 1.0 0.0 14.0 0.0 3.0 2.0 10.0; 0.0 0.0 0.0 0.0 0.0 0.0 0.0 0.0 0.0 0.0; 0.0 0.0 0.0 0.0 0.0 0.0 0.0 0.0 0.0 0.0;;; 0.0 0.0 0.0 0.0 9.0 0.0 0.0 9.0 0.0 0.0; 0.0 9.0 0.0 11.0 1.0 11.0 0.0 0.0 0.0 0.0; 0.0 0.0 0.0 0.0 0.0 0.0 0.0 0.0 0.0 0.0; 0.0 0.0 0.0 0.0 0.0 0.0 0.0 0.0 0.0 0.0;;; 4.0 5.0 0.0 0.0 0.0 0.0 0.0 2.0 0.0 0.0; 0.0 5.0 0.0 12.0 0.0 11.0 4.0 0.0 0.0 0.0; 0.0 0.0 0.0 0.0 0.0 0.0 0.0 0.0 0.0 0.0; 0.0 0.0 0.0 0.0 0.0 0.0 0.0 0.0 0.0 0.0]
evol_bb,"[[1.91, 1.3333887245770276e7], [3158.944, 1.3120551829113781e7]]"
y_bb,[0.0 0.0 0.0 18.0 -0.0 -0.0 -0.0 -0.0 -0.0 -0.0; -0.0 -0.0 -0.0 -0.0 32.0 -0.0 -0.0 -0.0 -0.0 -0.0; -0.0 -0.0 -0.0 -0.0 -0.0 -0.0 0.0 -0.0 0.0 0.0; -0.0 -0.0 -0.0 -0.0 -0.0 -0.0 -0.0 -0.0 -0.0 0.0;;; -0.0 3.0 -0.0 14.0 1.0 -0.0 -0.0 -0.0 -0.0 -0.0; -0.0 15.0 17.0 -0.0 -0.0 -0.0 -0.0 -0.0 -0.0 -0.0; -0.0 -0.0 -0.0 0.0 -0.0 -0.0 -0.0 -0.0 -0.0 -0.0; -0.0 0.0 -0.0 -0.0 -0.0 -0.0 -0.0 -0.0 -0.0 -0.0;;; -0.0 -0.0 -0.0 -0.0 -0.0 -0.0 -0.0 -0.0 -0.0 -0.0; -0.0 -0.0 -0.0 -0.0 -0.0 -0.0 -0.0 -0.0 -0.0 -0.0; -0.0 -0.0 -0.0 -0.0 -0.0 -0.0 -0.0 -0.0 -0.0 -0.0; -0.0 -0.0 -0.0 -0.0 -0.0 -0.0 -0.0 -0.0 -0.0 -0.0;;; -0.0 -0.0 -0.0 -0.0 -0.0 -0.0 -0.0 -0.0 -0.0 -0.0; -0.0 -0.0 -0.0 -0.0 -0.0 -0.0 -0.0 -0.0 -0.0 -0.0; -0.0 -0.0 -0.0 -0.0 -0.0 -0.0 -0.0 -0.0 -0.0 -0.0; -0.0 -0.0 -0.0 -0.0 -0.0 -0.0 -0.0 -0.0 -0.0 -0.0;;; -0.0 -0.0 -0.0 -0.0 -0.0 -0.0 -0.0 -0.0 -0.0 -0.0; -0.0 -0.0 -0.0 -0.0 -0.0 -0.0 -0.0 -0.0 -0.0 -0.0; -0.0 -0.0 -0.0 -0.0 -0.0 -0.0 -0.0 -0.0 -0.0 -0.0; -0.0 -0.0 -0.0 -0.0 -0.0 -0.0 -0.0 -0.0 -0.0 -0.0]
evol_box,"[[0.513, 0.0], [2.497, 320485.5315121107], [2.605, 320485.5315121107], [2.639, 320485.5315121107], [2.697, 320485.5315121107], [2.847, 428397.7601250744], [3.099, 534906.8260758929], [3.612, 1.6012748317745759e6], [5.463, 2.347213505481303e6], [9.261, 2.3472135054812892e6], [14.438, 2.34767120505064e6], [17.097, 2.6676815222952776e6], [21.872, 2.6676815222952794e6], [25.47, 2.9874914399886695e6], [29.979, 2.9874914399886695e6], [33.785, 2.9876662591497684e6], [36.883, 3.0943523556082677e6], [42.779, 3.520476007485914e6], [49.035, 3.627155437679691e6], [56.309, 3.627454202021364e6], [65.971, 3.8409550582587076e6], [78.656, 3.840955058258707e6], [97.31, 3.947412857357059e6], [107.573, 3.947412857357059e6], [136.324, 4.0541250353343696e6], [153.76, 4.0541685232711406e6], [197.464, 4.05416852327114e6], [252.831, 4.05416852327114e6], [403.411, 4.160810566446379e6], [534.952, 4.267593907143418e6], [911.789, 4.587453392312475e6], [1053.569, 4.69405544522027e6], [1461.175, 4.69405544522027e6], [1989.06, 4.800787969589714e6], [2644.138, 4.907288587423036e6], [3209.091, 4.907455258228334e6], [3291.48, 5.014204308209055e6], [3357.926, 5.014215184754937e6], [3600.018, 5.120479606194683e6]]"
y_pb,[[-0.0 -0.0 -0.0 18.0 -0.0 -0.0 -0.0 -0.0 -0.0 -0.0; -0.0 -0.0 -0.0 -0.0 32.0 -0.0 -0.0 -0.0 -0.0 -0.0; -0.0 -0.0 -0.0 -0.0 -0.0 -0.0 0.0 -0.0 -0.0 -0.0; -0.0 -0.0 -0.0 -0.0 -0.0 -0.0 0.0 -0.0 -0.0 -0.0;;;]]
x_bb,"[18.0, 32.0, -0.0, 0.0]"
x_box,"[18.0, 32.0, 0.0, 0.0]"
evol_zeta,"[[2.062, 31.400000000000002], [2.586, 24.5], [2.615, 21.0], [2.666, 19.6], [2.711, 17.20000000182], [2.876, 18.666666666666668], [3.133, 14.000000001500013], [3.638, 14.0], [5.484, 13.999999999999986], [9.294, 14.0], [14.467, 12.800000000000002], [17.161, 11.400000001240002], [21.972, 10.666666666666666], [25.503, 13.199999999999996], [30.06, 13.200003194323195], [33.83, 10.666666666666666], [36.936, 10.571428571428571], [42.83, 9.8], [49.093, 9.142857142857144], [56.366, 9.000000001000002], [66.002, 10.5], [78.702, 9.0], [97.329, 10.833333333333332], [107.64, 9.0], [136.372, 9.0], [153.8, 9.00000199966859], [197.525, 9.0], [252.884, 9.0], [403.473, 9.0], [535.003, 9.0], [911.841, 8.571428571428573], [1053.641, 9.0], [1461.234, 8.200000000000001], [1989.112, 8.57143372066862], [2644.194, 7.500000000850001], [3209.148, 9.0], [3291.513, 8.8], [3357.978, 8.4], [3600.036, 0.0]]"
ξ_box,[-0.0 20.0 14.0 11.0 25.0; 9.0 5.0 2.0 9.0 10.0; 9.0 5.0 2.0 9.0 10.0; 13.0 2.0 1.0 11.0 12.0; 32.0 20.0 26.0 10.0 9.0; 6.0 -0.0 14.0 11.0 11.0; -0.0 -0.0 4.0 1.0 4.0; 9.0 9.0 9.0 9.0 9.0; 13.0 21.0 14.0 11.0 -0.0; 7.0 15.0 10.0 14.0 -0.0]
