first,second
s_box,[12.0; 26.0; 23.0; 23.0; 13.0; 1.0; 0.0; 22.0; 0.0; 29.0;;]
x_pb,"[-0.0, 19.0, -0.0, 24.0]"
s_bb,[12.0; 26.0; 23.0; 23.0; 13.0; 1.0; 0.0; 22.0; 0.0; 29.0;;]
partition_bb,"[[[0.0, 0.0, 0.0, 0.0, 0.0, 0.0, 0.0, 0.0, 14.0, 29.0], [4.0, 26.0, 13.0, 0.0, 0.0, 0.0, 0.0, 0.0, 0.0, 0.0], [0.0, 0.0, 10.0, 23.0, 10.0, 1.0, 0.0, 0.0, 0.0, 0.0], [0.0, 0.0, 0.0, 0.0, 0.0, 3.0, 15.0, 22.0, 5.0, 0.0], [0.0, 0.0, 0.0, 0.0, 0.0, 0.0, 5.0, 7.0, 24.0, 9.0], [0.0, 10.0, 23.0, 10.0, 3.0, 0.0, 0.0, 0.0, 0.0, 0.0], [12.0, 0.0, 0.0, 0.0, 0.0, 0.0, 0.0, 0.0, 0.0, 0.0], [0.0, 0.0, 0.0, 0.0, 13.0, 0.0, 0.0, 0.0, 0.0, 15.0], [0.0, 0.0, 0.0, 0.0, 0.0, 4.0, 16.0, 20.0, 3.0, 0.0]]]"
y_box,[0.0 0.0 0.0 0.0 0.0 -0.0 -0.0 -0.0 -0.0 -0.0; -0.0 -0.0 -0.0 -0.0 -0.0 3.0 16.0 0.0 -0.0 -0.0; -0.0 -0.0 -0.0 -0.0 -0.0 -0.0 -0.0 -0.0 -0.0 -0.0; -0.0 -0.0 -0.0 -0.0 -0.0 -0.0 -0.0 -0.0 24.0 0.0;;;]
evol_bb,"[[0.35, 1.6480121008501146e7]]"
y_bb,[0.0 0.0 0.0 0.0 0.0 -0.0 -0.0 -0.0 -0.0 -0.0; -0.0 -0.0 -0.0 -0.0 -0.0 3.0 16.0 0.0 -0.0 -0.0; -0.0 -0.0 -0.0 -0.0 -0.0 -0.0 -0.0 -0.0 -0.0 -0.0; -0.0 -0.0 -0.0 -0.0 -0.0 -0.0 -0.0 -0.0 24.0 0.0;;;]
evol_box,"[[0.408, 0.0], [2.011, 450.2669257131954], [2.093, 4.756374677595e6], [2.105, 8.516870702452764e6], [2.118, 1.2830254958582673e7], [2.13, 1.3936261628037773e7], [2.143, 1.5042290560751561e7], [2.155, 1.592711370692259e7], [2.166, 1.6258922386736728e7], [2.178, 1.6480121008501146e7]]"
y_pb,[[-0.0 -0.0 -0.0 -0.0 0.0 -0.0 -0.0 -0.0 -0.0 -0.0; -0.0 -0.0 -0.0 -0.0 -0.0 3.0 16.0 -0.0 -0.0 -0.0; -0.0 -0.0 -0.0 -0.0 -0.0 -0.0 -0.0 0.0 -0.0 -0.0; -0.0 -0.0 -0.0 -0.0 -0.0 -0.0 -0.0 -0.0 24.0 -0.0;;;]]
x_bb,"[0.0, 19.0, 0.0, 24.0]"
x_box,"[0.0, 19.0, 0.0, 24.0]"
evol_zeta,"[[1.653, 29.0], [2.092, 26.0], [2.104, 22.75], [2.117, 21.500000000000004], [2.129, 9.5], [2.142, 9.25], [2.154, 8.0], [2.165, 3.0], [2.177, 1.0000000002000036], [2.187, 0.0]]"
ξ_box,[12.0; 26.0; 23.0; 23.0; 13.0; 4.0; 16.0; 22.0; 24.0; 29.0;;]
