first,second
s_box,[38.0 16.0 0.0 18.0 25.0; -0.0 14.0 11.0 13.0 -0.0; 13.0 10.0 4.0 -0.0 -0.0; -0.0 -0.0 10.0 -0.0 7.0; -0.0 -0.0 -0.0 15.0 -0.0; -0.0 -0.0 1.0 -0.0 -0.0; -0.0 7.0 -0.0 -0.0 0.0; 6.0 -0.0 -0.0 11.0 -0.0; -0.0 8.0 9.0 -0.0 15.0; -0.0 3.0 22.0 -0.0 11.0]
x_pb,"[-0.0, -0.0, 17.0, 21.0]"
s_bb,[38.0 -0.0 -0.0 -0.0 -0.0; 14.0 -0.0 -0.0 -0.0 -0.0; 19.0 -0.0 -0.0 -0.0 -0.0; 19.0 -0.0 -0.0 -0.0 -0.0; 15.0 -0.0 -0.0 -0.0 -0.0; 1.0 -0.0 -0.0 -0.0 -0.0; 17.0 -0.0 -0.0 -0.0 -0.0; 0.0 -0.0 -0.0 -0.0 -0.0; 18.0 -0.0 -0.0 -0.0 -0.0; 22.0 -0.0 -0.0 -0.0 -0.0]
partition_bb,"[[[38.0, 0.0, 0.0, 0.0, 0.0, 0.0, 0.0, 0.0, 0.0, 0.0], [0.0, 0.0, 0.0, 0.0, 0.0, 0.0, 0.0, 0.0, 16.0, 22.0], [0.0, 0.0, 0.0, 0.0, 0.0, 8.0, 10.0, 21.0, 0.0, 0.0], [0.0, 13.0, 19.0, 4.0, 3.0, 0.0, 0.0, 0.0, 0.0, 0.0], [0.0, 3.0, 4.0, 19.0, 15.0, 0.0, 0.0, 0.0, 0.0, 0.0], [0.0, 0.0, 0.0, 0.0, 0.0, 18.0, 16.0, 5.0, 0.0, 0.0], [0.0, 0.0, 0.0, 0.0, 0.0, 3.0, 5.0, 0.0, 18.0, 12.0], [0.0, 0.0, 0.0, 0.0, 0.0, 15.0, 17.0, 6.0, 0.0, 0.0], [0.0, 14.0, 8.0, 0.0, 0.0, 9.0, 7.0, 0.0, 0.0, 0.0]], Vector{Float64}[], Vector{Float64}[], Vector{Float64}[], Vector{Float64}[]]"
y_box,[-0.0 -0.0 -0.0 -0.0 -0.0 -0.0 -0.0 -0.0 -0.0 -0.0; 0.0 -0.0 -0.0 -0.0 -0.0 -0.0 0.0 -0.0 -0.0 -0.0; -0.0 7.0 -0.0 -0.0 -0.0 0.0 0.0 4.0 11.0 15.0; -0.0 -0.0 -0.0 -0.0 -0.0 -0.0 -0.0 1.0 -0.0 -0.0;;; -0.0 0.0 -0.0 -0.0 -0.0 -0.0 -0.0 -0.0 -0.0 -0.0; -0.0 -0.0 0.0 -0.0 -0.0 -0.0 -0.0 -0.0 -0.0 -0.0; -0.0 -0.0 1.0 -0.0 -0.0 12.0 3.0 21.0 -0.0 -0.0; -0.0 -0.0 -0.0 -0.0 -0.0 -0.0 -0.0 -0.0 1.0 -0.0;;; -0.0 -0.0 -0.0 -0.0 0.0 -0.0 -0.0 -0.0 -0.0 -0.0; -0.0 -0.0 0.0 -0.0 -0.0 -0.0 -0.0 -0.0 -0.0 -0.0; -0.0 -0.0 -0.0 -0.0 14.0 -0.0 3.0 13.0 7.0 -0.0; -0.0 -0.0 -0.0 -0.0 -0.0 -0.0 -0.0 1.0 -0.0 -0.0;;; -0.0 -0.0 0.0 -0.0 -0.0 -0.0 -0.0 -0.0 -0.0 -0.0; -0.0 -0.0 0.0 -0.0 -0.0 -0.0 -0.0 -0.0 -0.0 -0.0; -0.0 -0.0 18.0 19.0 0.0 -0.0 -0.0 -0.0 -0.0 -0.0; -0.0 -0.0 1.0 -0.0 -0.0 -0.0 -0.0 0.0 -0.0 -0.0;;; 0.0 -0.0 -0.0 -0.0 -0.0 -0.0 -0.0 -0.0 -0.0 -0.0; -0.0 -0.0 -0.0 0.0 -0.0 -0.0 -0.0 -0.0 -0.0 -0.0; -0.0 -0.0 -0.0 -0.0 11.0 14.0 12.0 -0.0 -0.0 -0.0; -0.0 -0.0 -0.0 -0.0 -0.0 -0.0 -0.0 1.0 -0.0 -0.0]
evol_bb,"[[255.576, 1.8585292695777483e7]]"
y_bb,[-0.0 -0.0 -0.0 -0.0 -0.0 -0.0 -0.0 -0.0 -0.0 -0.0; -0.0 -0.0 -0.0 -0.0 -0.0 -0.0 -0.0 -0.0 -0.0 -0.0; -0.0 -0.0 -0.0 -0.0 -0.0 17.0 -0.0 -0.0 -0.0 -0.0; -0.0 -0.0 -0.0 -0.0 -0.0 -0.0 -0.0 21.0 -0.0 -0.0;;; -0.0 -0.0 -0.0 -0.0 -0.0 -0.0 -0.0 -0.0 -0.0 -0.0; -0.0 -0.0 -0.0 -0.0 -0.0 -0.0 -0.0 -0.0 -0.0 -0.0; -0.0 -0.0 -0.0 -0.0 -0.0 -0.0 -0.0 -0.0 -0.0 -0.0; -0.0 -0.0 -0.0 -0.0 -0.0 -0.0 -0.0 -0.0 -0.0 -0.0;;; -0.0 -0.0 -0.0 -0.0 -0.0 -0.0 -0.0 -0.0 -0.0 -0.0; -0.0 -0.0 -0.0 -0.0 -0.0 -0.0 -0.0 -0.0 -0.0 -0.0; -0.0 -0.0 -0.0 -0.0 -0.0 -0.0 -0.0 -0.0 -0.0 -0.0; -0.0 -0.0 -0.0 -0.0 -0.0 -0.0 -0.0 -0.0 -0.0 -0.0;;; -0.0 -0.0 -0.0 -0.0 -0.0 -0.0 -0.0 -0.0 -0.0 -0.0; -0.0 -0.0 -0.0 -0.0 -0.0 -0.0 -0.0 -0.0 -0.0 -0.0; -0.0 -0.0 -0.0 -0.0 -0.0 -0.0 -0.0 -0.0 -0.0 -0.0; -0.0 -0.0 -0.0 -0.0 -0.0 -0.0 -0.0 -0.0 -0.0 -0.0;;; -0.0 -0.0 -0.0 -0.0 -0.0 -0.0 -0.0 -0.0 -0.0 -0.0; -0.0 -0.0 -0.0 -0.0 -0.0 -0.0 -0.0 -0.0 -0.0 -0.0; -0.0 -0.0 -0.0 -0.0 -0.0 -0.0 -0.0 -0.0 -0.0 -0.0; -0.0 -0.0 -0.0 -0.0 -0.0 -0.0 -0.0 -0.0 -0.0 -0.0]
evol_box,"[[0.404, 0.0], [1.996, 1096.0875877410517], [2.142, 2469.322643405266], [2.256, 114456.94079695489], [2.419, 115006.09819289154], [2.747, 228715.95532331636], [2.955, 1.7113830140993206e6], [3.277, 1.8249456448587475e6], [3.852, 1.9387376209555757e6], [4.32, 2.737483061875655e6], [5.906, 3.1931464709456624e6], [8.204, 3.535024709444864e6], [10.628, 3.7633498415428917e6], [14.145, 3.9914508113866607e6], [18.885, 4.447123556173677e6], [27.531, 4.447123556173678e6], [35.793, 4.447123556173678e6], [45.277, 4.449027596572635e6], [58.119, 4.561370998877521e6], [74.439, 4.789279029566914e6], [94.38, 4.789392066084456e6], [145.086, 5.017207180972911e6], [197.806, 5.245423849963498e6], [231.797, 5.359259808502654e6], [300.622, 5.473277351012567e6], [347.635, 5.47328075747118e6], [417.068, 5.587317194421071e6], [541.683, 5.587750576418013e6], [636.915, 5.701312436032395e6], [861.297, 5.929358607025336e6], [1006.188, 5.929495873218761e6], [1256.599, 5.929564224171506e6], [1533.669, 5.929564224171506e6], [2263.636, 6.0435079453898035e6], [2928.456, 6.157472221449915e6], [3587.823, 6.157404906970639e6], [3600.033, 6.613551832206102e6]]"
y_pb,[[-0.0 0.0 -0.0 -0.0 -0.0 -0.0 -0.0 -0.0 -0.0 -0.0; -0.0 -0.0 0.0 -0.0 -0.0 -0.0 -0.0 -0.0 -0.0 -0.0; -0.0 -0.0 -0.0 -0.0 -0.0 17.0 -0.0 -0.0 -0.0 -0.0; -0.0 -0.0 -0.0 -0.0 -0.0 -0.0 -0.0 21.0 -0.0 -0.0;;;]]
x_bb,"[0.0, 0.0, 17.0, 21.0]"
x_box,"[0.0, 0.0, 37.0, 1.0]"
evol_zeta,"[[1.649, 38.0], [2.072, 22.0], [2.15, 20.666666666666668], [2.269, 18.75], [2.434, 15.499999999999998], [2.769, 14.666666666666666], [3.048, 14.666666666666666], [3.303, 14.25], [3.879, 13.6], [4.398, 13.600000001460003], [5.932, 14.0], [8.23, 13.2], [10.71, 12.5], [14.171, 12.0], [18.959, 11.0], [27.583, 11.0], [35.827, 11.00000233293568], [45.301, 11.000000999601005], [58.199, 11.0], [74.472, 10.5], [94.46, 11.0], [145.146, 10.00000266593599], [197.884, 9.666666666666666], [231.88, 10.5], [300.712, 10.0], [347.734, 9.666666666666666], [417.152, 9.6], [541.773, 9.6], [636.991, 9.2], [861.378, 9.6], [1006.27, 9.6], [1256.668, 8.8], [1533.762, 8.5], [2263.767, 8.8], [2928.536, 9.000000001000004], [3587.914, 9.0], [3600.048, 0.0]]"
ξ_box,[38.0 16.0 0.0 15.0 25.0; 7.0 14.0 10.0 13.0 -0.0; 13.0 11.0 4.0 19.0 -0.0; 0.0 0.0 10.0 19.0 7.0; 0.0 0.0 14.0 15.0 11.0; 0.0 12.0 1.0 0.0 14.0; 0.0 10.0 3.0 0.0 12.0; 11.0 21.0 14.0 11.0 1.0; 11.0 9.0 16.0 0.0 15.0; 13.0 3.0 22.0 -0.0 11.0]
