first,second
s_box,[9.0; 3.0; 13.0; 22.0; 21.0; 18.0; 0.0; 17.0; 18.0; 8.0;;]
x_pb,"[17.0, -0.0, -0.0, 19.0]"
s_bb,[9.0; 3.0; 13.0; 22.0; 21.0; 18.0; 0.0; 17.0; 18.0; 8.0;;]
partition_bb,"[[[26.0, 3.0, 2.0, 0.0, 0.0, 0.0, 0.0, 0.0, 0.0, 5.0], [0.0, 2.0, 3.0, 22.0, 9.0, 0.0, 0.0, 0.0, 0.0, 0.0], [0.0, 0.0, 0.0, 0.0, 0.0, 8.0, 19.0, 5.0, 4.0, 0.0], [0.0, 0.0, 0.0, 0.0, 0.0, 0.0, 3.0, 17.0, 18.0, 0.0], [0.0, 0.0, 0.0, 8.0, 21.0, 8.0, 2.0, 0.0, 0.0, 0.0], [0.0, 0.0, 0.0, 0.0, 5.0, 18.0, 7.0, 0.0, 0.0, 0.0], [0.0, 3.0, 13.0, 0.0, 0.0, 0.0, 0.0, 0.0, 0.0, 0.0], [0.0, 0.0, 0.0, 0.0, 0.0, 0.0, 0.0, 0.0, 0.0, 8.0]]]"
y_box,[17.0 0.0 0.0 -0.0 -0.0 -0.0 -0.0 -0.0 -0.0 -0.0; -0.0 -0.0 -0.0 0.0 -0.0 -0.0 -0.0 -0.0 -0.0 -0.0; -0.0 -0.0 -0.0 -0.0 0.0 0.0 -0.0 -0.0 -0.0 -0.0; -0.0 -0.0 -0.0 -0.0 -0.0 -0.0 19.0 0.0 0.0 0.0;;;]
evol_bb,"[[0.324, 1.4531438658219e7]]"
y_bb,[17.0 0.0 0.0 -0.0 -0.0 -0.0 -0.0 -0.0 -0.0 -0.0; -0.0 -0.0 -0.0 0.0 -0.0 -0.0 -0.0 -0.0 -0.0 -0.0; -0.0 -0.0 -0.0 -0.0 0.0 0.0 -0.0 -0.0 -0.0 -0.0; -0.0 -0.0 -0.0 -0.0 -0.0 -0.0 19.0 0.0 0.0 0.0;;;]
evol_box,"[[0.494, 0.0], [2.39, 428.84358153685446], [2.484, 3.604979006622876e6], [2.489, 7.660065505784325e6], [2.496, 1.058884750518271e7], [2.501, 1.1940593043366581e7], [2.506, 1.3067047658519804e7], [2.51, 1.4193502273673031e7], [2.513, 1.4531438658219e7]]"
y_pb,[[17.0 -0.0 -0.0 -0.0 -0.0 -0.0 -0.0 -0.0 -0.0 -0.0; -0.0 -0.0 -0.0 -0.0 -0.0 0.0 -0.0 -0.0 -0.0 -0.0; -0.0 -0.0 -0.0 -0.0 -0.0 0.0 -0.0 -0.0 -0.0 -0.0; -0.0 -0.0 -0.0 -0.0 -0.0 -0.0 19.0 -0.0 -0.0 -0.0;;;]]
x_bb,"[17.0, 0.0, 0.0, 19.0]"
x_box,"[17.0, 0.0, 0.0, 19.0]"
evol_zeta,"[[1.979, 26.0], [2.483, 22.0], [2.488, 19.0], [2.495, 13.333333333333329], [2.5, 11.25], [2.505, 10.0], [2.509, 10.0], [2.512, 3.0], [2.515, 0.0]]"
ξ_box,[26.0; 3.0; 13.0; 22.0; 21.0; 18.0; 19.0; 17.0; 18.0; 8.0;;]
