first,second
s_box,[-0.0 16.0 25.0; 0.0 -0.0 8.0; 8.0 -0.0 -0.0; 28.0 18.0 -0.0; 16.0 20.0 -0.0; 13.0 1.0 12.0; 9.0 6.000000670215126 17.0; 14.999999872601748 19.0 20.0; 14.99999990940566 18.0 24.0; 2.9999999094056604 8.0 -0.0]
x_pb,"[49.0, 0.0, -0.0, -0.0]"
s_bb,[0.0 -0.0 -0.0; 0.0 -0.0 -0.0; 26.0 -0.0 -0.0; 28.0 -0.0 -0.0; 23.0 -0.0 -0.0; 22.0 -0.0 -0.0; 22.0 -0.0 -0.0; 23.0 -0.0 -0.0; 24.0 -0.0 -0.0; 12.0 -0.0 -0.0]
partition_bb,"[[[0.0, 0.0, 3.0, 28.0, 16.0, 5.0, 0.0, 0.0, 0.0, 0.0], [25.0, 20.0, 6.0, 0.0, 0.0, 0.0, 0.0, 0.0, 0.0, 0.0], [5.0, 0.0, 0.0, 0.0, 0.0, 0.0, 0.0, 8.0, 24.0, 12.0], [0.0, 0.0, 0.0, 0.0, 4.0, 15.0, 22.0, 10.0, 0.0, 0.0], [8.0, 12.0, 27.0, 2.0, 0.0, 0.0, 0.0, 0.0, 0.0, 0.0], [0.0, 0.0, 0.0, 0.0, 0.0, 4.0, 11.0, 23.0, 7.0, 6.0], [0.0, 0.0, 0.0, 0.0, 11.0, 22.0, 15.0, 3.0, 0.0, 0.0], [0.0, 0.0, 0.0, 11.0, 23.0, 12.0, 5.0, 0.0, 0.0, 0.0], [18.0, 23.0, 8.0, 0.0, 0.0, 0.0, 0.0, 0.0, 0.0, 0.0]], Vector{Float64}[], Vector{Float64}[]]"
y_box,[13.0 17.0 19.0 -0.0 0.0 -0.0 0.0 -0.0 -0.0 -0.0; -0.0 -0.0 -0.0 -0.0 -0.0 -0.0 -0.0 -0.0 -0.0 -0.0; -0.0 -0.0 -0.0 -0.0 -0.0 -0.0 -0.0 -0.0 -0.0 -0.0; -0.0 -0.0 -0.0 -0.0 -0.0 -0.0 -0.0 -0.0 -0.0 -0.0;;; -0.0 13.0 6.727908802260257e-7 -0.0 -0.0 16.0 15.999999328118207 -0.0 -0.0 4.0; -0.0 -0.0 -0.0 -0.0 -0.0 -0.0 -0.0 -0.0 -0.0 -0.0; -0.0 -0.0 -0.0 -0.0 -0.0 -0.0 -0.0 -0.0 -0.0 -0.0; -0.0 -0.0 -0.0 -0.0 -0.0 -0.0 -0.0 -0.0 -0.0 -0.0;;; -0.0 13.0 23.0 -0.0 1.0 -0.0 -0.0 -0.0 -0.0 12.0; -0.0 -0.0 -0.0 -0.0 -0.0 -0.0 -0.0 -0.0 -0.0 -0.0; -0.0 -0.0 -0.0 -0.0 -0.0 -0.0 -0.0 -0.0 -0.0 -0.0; -0.0 -0.0 -0.0 -0.0 -0.0 -0.0 -0.0 -0.0 -0.0 -0.0]
evol_bb,"[[35.301, 2.095016966515011e7]]"
y_bb,[25.0 23.0 1.0 -0.0 -0.0 -0.0 -0.0 -0.0 -0.0 -0.0; -0.0 -0.0 -0.0 0.0 -0.0 -0.0 -0.0 -0.0 -0.0 -0.0; -0.0 -0.0 -0.0 -0.0 0.0 0.0 0.0 -0.0 -0.0 -0.0; -0.0 -0.0 -0.0 -0.0 -0.0 -0.0 -0.0 0.0 0.0 0.0;;; -0.0 -0.0 -0.0 -0.0 -0.0 -0.0 -0.0 -0.0 -0.0 -0.0; -0.0 -0.0 -0.0 -0.0 -0.0 -0.0 -0.0 -0.0 -0.0 -0.0; -0.0 -0.0 -0.0 -0.0 -0.0 -0.0 -0.0 -0.0 -0.0 -0.0; -0.0 -0.0 -0.0 -0.0 -0.0 -0.0 -0.0 -0.0 -0.0 -0.0;;; -0.0 -0.0 -0.0 -0.0 -0.0 -0.0 -0.0 -0.0 -0.0 -0.0; -0.0 -0.0 -0.0 -0.0 -0.0 -0.0 -0.0 -0.0 -0.0 -0.0; -0.0 -0.0 -0.0 -0.0 -0.0 -0.0 -0.0 -0.0 -0.0 -0.0; -0.0 -0.0 -0.0 -0.0 -0.0 -0.0 -0.0 -0.0 -0.0 -0.0]
evol_box,"[[0.424, 0.0], [2.136, 350209.87067758065], [2.229, 350209.8706775806], [2.253, 350209.8706775806], [2.375, 2.910151232117633e6], [2.48, 4.772878129888065e6], [2.604, 5.238320979795136e6], [2.77, 5.58746634304603e6], [2.929, 5.58746634304603e6], [3.116, 6.05291222066665e6], [3.337, 6.169569628452299e6], [3.702, 7.2167741009315e6], [4.19, 7.21696440928544e6], [5.964, 7.68232163958964e6], [7.513, 7.798461566586723e6], [8.347, 8.3803535615085205e6], [9.798, 8.380511034688414e6], [11.011, 8.497094422613863e6], [13.278, 8.729515458560243e6], [14.56, 8.84619449307515e6], [15.951, 9.311496265461804e6], [19.811, 9.428056816140583e6], [22.472, 9.544424858286481e6], [25.981, 9.660712898179e6], [28.002, 9.660953959704952e6], [33.977, 1.0126459365934312e7], [38.852, 1.024280239462924e7], [43.437, 1.0242846650463166e7], [48.334, 1.0475324726493027e7], [54.482, 1.0591712011021879e7], [59.671, 1.0591811174409818e7], [65.862, 1.0708140123494826e7], [72.602, 1.0824486580079582e7], [79.418, 1.0824712394025072e7], [90.862, 1.094117035763628e7], [100.0, 1.1057261149137286e7], [108.24, 1.1057305533394586e7], [114.435, 1.117364843366614e7], [127.126, 1.117364843366614e7], [139.148, 1.1173689261610232e7], [151.319, 1.1173709766827507e7], [165.341, 1.1173820284747852e7], [181.849, 1.1173870396513104e7], [195.906, 1.1173927453569937e7], [211.524, 1.1173927453569937e7], [228.061, 1.140653618859598e7], [252.488, 1.1522856663228951e7], [297.683, 1.1523027937659975e7], [331.577, 1.1639298045975633e7], [368.245, 1.1639334466847133e7], [415.181, 1.1639476591685347e7], [466.888, 1.1755638620288637e7], [510.364, 1.1755699352988683e7], [549.205, 1.1871998743530527e7], [614.507, 1.1872012968783345e7], [658.378, 1.1872058540367112e7], [736.297, 1.19883558690549e7], [778.215, 1.1988355869054899e7], [829.221, 1.1988400253312197e7], [953.695, 1.1988403809625402e7], [1025.102, 1.1988478159272403e7], [1117.459, 1.2104797069311127e7], [1184.306, 1.2104882392705329e7], [1304.81, 1.2221130438112605e7], [1431.319, 1.222122599416786e7], [1556.787, 1.2221265440008163e7], [1699.881, 1.2221266750814304e7], [1908.515, 1.2221275225266341e7], [2210.593, 1.2337517722641457e7], [2474.332, 1.2337533656393118e7], [2629.623, 1.2337604957303118e7], [3097.738, 1.2453905007170308e7], [3262.332, 1.2453937157893747e7], [3461.967, 1.2453940714206953e7], [3600.036, 1.2453943097135024e7]]"
y_pb,[[24.999999999999996 23.0 1.0 -0.0 -0.0 -0.0 -0.0 -0.0 -0.0 -0.0; -0.0 -0.0 0.0 -0.0 -0.0 -0.0 -0.0 -0.0 -0.0 -0.0; -0.0 -0.0 -0.0 -0.0 -0.0 0.0 -0.0 -0.0 -0.0 -0.0; -0.0 -0.0 -0.0 -0.0 -0.0 -0.0 0.0 -0.0 -0.0 -0.0;;;]]
x_bb,"[49.0, 0.0, 0.0, 0.0]"
x_box,"[49.0, -0.0, -0.0, -0.0]"
evol_zeta,"[[1.737, 27.25], [2.222, 24.333333333333336], [2.238, 24.0], [2.27, 21.0], [2.393, 20.5], [2.499, 18.4], [2.619, 17.8], [2.786, 16.4], [2.943, 15.8], [3.137, 16.6], [3.35, 16.4], [3.721, 16.0], [4.211, 15.0], [5.981, 13.99999966483395], [7.549, 14.666666666666664], [8.367, 14.6], [9.817, 13.200000000000001], [11.028, 14.999999741513083], [13.299, 12.666666666666666], [14.575, 12.999999999999998], [15.969, 12.833333333333334], [19.826, 13.0], [22.496, 12.166666666666666], [26.004, 12.142857142857144], [28.025, 12.0], [33.996, 13.000000000000002], [38.87, 13.2], [43.45, 12.0], [48.355, 10.5], [54.56, 9.8], [59.684, 11.499999999999998], [65.879, 10.833333333333337], [72.625, 12.0], [79.434, 12.0], [90.881, 10.666666666666664], [100.03, 11.8], [108.258, 10.4], [114.453, 12.285714285714311], [127.143, 12.166666666666666], [139.166, 11.0], [151.343, 8.25], [165.356, 11.6], [181.87, 11.0], [195.924, 9.800000000000002], [211.544, 11.666666666666668], [228.078, 8.666666666666668], [252.504, 12.5], [297.71, 8.8], [331.6, 8.2], [368.261, 11.5], [415.207, 9.0], [466.911, 8.75], [510.387, 10.0], [549.231, 8.0], [614.525, 8.999999999999998], [658.398, 8.8], [736.313, 11.0], [778.233, 10.0], [829.237, 11.0], [953.719, 9.25], [1025.122, 8.6], [1117.482, 8.500000000000002], [1184.322, 8.833333333333334], [1304.829, 8.25], [1431.34, 8.0], [1556.806, 8.833333333333334], [1699.896, 10.599999999999998], [1908.548, 9.166666666666666], [2210.612, 9.0], [2474.351, 9.0], [2629.641, 8.500000000000004], [3097.758, 8.4], [3262.356, 9.2], [3461.984, 8.75], [3600.053, 0.0]]"
ξ_box,[13.0 16.0 25.0; 17.0 13.0 21.0; 27.0 6.744575468926923e-7 23.0; 28.0 18.0 -0.0; 16.0 20.0 1.0; 13.0 17.0 12.0; 9.0 22.0 17.0; 14.99999987593508 19.0 20.0; 14.999999912738994 18.0 24.0; 2.9999999127389936 12.0 12.0]
