first,second
s_box,[0.0 0.0 0.0 0.0 0.0; 0.0 0.0 0.0 0.0 1.0; 0.0 0.0 11.0 11.0 0.0; 0.0 0.0 4.0 0.0 0.0; 0.0 0.0 3.0 12.0 0.0; 0.0 0.0 10.0 2.0 6.0; 17.0 0.0 0.0 14.0 16.0; 0.0 15.0 0.0 4.0 22.0; 2.0 14.0 0.0 1.0 0.0; 25.0 15.0 16.0 1.0 0.0]
x_pb,"[14.0, -0.0, -0.0, 25.0]"
s_bb,[3.0 -0.0 -0.0 -0.0 -0.0; 1.0 -0.0 -0.0 -0.0 -0.0; 11.0 -0.0 -0.0 -0.0 -0.0; 3.0 -0.0 -0.0 -0.0 -0.0; 14.0 -0.0 -0.0 -0.0 -0.0; 19.0 -0.0 -0.0 -0.0 -0.0; 21.0 -0.0 -0.0 -0.0 -0.0; 22.0 -0.0 -0.0 -0.0 -0.0; -0.0 -0.0 -0.0 -0.0 -0.0; 25.0 -0.0 -0.0 -0.0 -0.0]
partition_bb,"[[[0.0, 0.0, 0.0, 0.0, 0.0, 0.0, 0.0, 0.0, 25.0, 15.0], [0.0, 0.0, 0.0, 0.0, 0.0, 6.0, 13.0, 22.0, 0.0, 0.0], [0.0, 1.0, 11.0, 17.0, 5.0, 0.0, 0.0, 0.0, 0.0, 5.0], [0.0, 0.0, 0.0, 0.0, 12.0, 19.0, 6.0, 3.0, 0.0, 0.0], [0.0, 0.0, 0.0, 0.0, 0.0, 0.0, 0.0, 0.0, 15.0, 25.0], [0.0, 0.0, 0.0, 0.0, 1.0, 8.0, 21.0, 12.0, 0.0, 0.0], [3.0, 1.0, 11.0, 12.0, 0.0, 0.0, 0.0, 9.0, 3.0, 0.0], [0.0, 0.0, 0.0, 2.0, 14.0, 7.0, 0.0, 2.0, 2.0, 12.0]], [[0.0, 0.0, 0.0, 2.0, 14.0, 7.0, 0.0, 0.0, 0.0, 2.0], [3.0, 1.0, 0.0, 2.0, 14.0, 14.0, 1.0, 0.0, 0.0, 4.0]], Vector{Float64}[], Vector{Float64}[], Vector{Float64}[]]"
y_box,[0.0 0.0 0.0 0.0 0.0 0.0 0.0 5.0 23.0 0.0; 0.0 0.0 0.0 0.0 0.0 0.0 0.0 0.0 0.0 0.0; 0.0 0.0 0.0 0.0 0.0 0.0 0.0 1.0 0.0 0.0; 0.0 0.0 0.0 0.0 0.0 4.0 0.0 6.0 0.0 0.0;;; 0.0 0.0 0.0 2.0 12.0 14.0 0.0 0.0 0.0 0.0; 0.0 0.0 0.0 0.0 0.0 0.0 0.0 0.0 0.0 0.0; 0.0 0.0 0.0 0.0 0.0 0.0 1.0 0.0 0.0 0.0; 0.0 0.0 0.0 0.0 2.0 0.0 7.0 0.0 0.0 1.0;;; 0.0 0.0 0.0 11.0 0.0 0.0 3.0 11.0 3.0 0.0; 0.0 0.0 0.0 0.0 0.0 0.0 0.0 0.0 0.0 0.0; 0.0 0.0 0.0 0.0 0.0 0.0 0.0 1.0 0.0 0.0; 0.0 0.0 0.0 0.0 0.0 0.0 0.0 0.0 10.0 0.0;;; 0.0 1.0 0.0 17.0 1.0 9.0 0.0 0.0 0.0 0.0; 0.0 0.0 0.0 0.0 0.0 0.0 0.0 0.0 0.0 0.0; 0.0 0.0 0.0 0.0 0.0 1.0 0.0 0.0 0.0 0.0; 0.0 0.0 0.0 0.0 0.0 0.0 0.0 0.0 10.0 0.0;;; 0.0 0.0 11.0 5.0 12.0 0.0 0.0 0.0 0.0 0.0; 0.0 0.0 0.0 0.0 0.0 0.0 0.0 0.0 0.0 0.0; 0.0 0.0 0.0 0.0 0.0 0.0 1.0 0.0 0.0 0.0; 0.0 0.0 0.0 0.0 0.0 0.0 0.0 0.0 0.0 10.0]
evol_bb,"[[33.881, 1.3136868014639718e7], [2795.457, 1.3136868014639717e7]]"
y_bb,[0.0 -0.0 0.0 14.0 0.0 -0.0 -0.0 -0.0 -0.0 -0.0; -0.0 -0.0 -0.0 -0.0 -0.0 -0.0 0.0 -0.0 -0.0 -0.0; -0.0 -0.0 -0.0 -0.0 -0.0 -0.0 0.0 -0.0 -0.0 -0.0; -0.0 -0.0 -0.0 -0.0 -0.0 -0.0 -0.0 -0.0 25.0 0.0;;; 3.0 1.0 -0.0 2.0 -0.0 3.0 1.0 -0.0 -0.0 4.0; -0.0 -0.0 -0.0 -0.0 -0.0 -0.0 -0.0 -0.0 -0.0 0.0; -0.0 -0.0 -0.0 -0.0 -0.0 -0.0 -0.0 -0.0 -0.0 -0.0; -0.0 -0.0 -0.0 -0.0 14.0 11.0 -0.0 -0.0 -0.0 -0.0;;; -0.0 -0.0 -0.0 -0.0 -0.0 -0.0 -0.0 -0.0 -0.0 -0.0; -0.0 -0.0 -0.0 -0.0 -0.0 -0.0 -0.0 -0.0 -0.0 -0.0; -0.0 -0.0 -0.0 -0.0 -0.0 -0.0 -0.0 -0.0 -0.0 -0.0; -0.0 -0.0 -0.0 -0.0 -0.0 -0.0 -0.0 -0.0 -0.0 -0.0;;; -0.0 -0.0 -0.0 -0.0 -0.0 -0.0 -0.0 -0.0 -0.0 -0.0; -0.0 -0.0 -0.0 -0.0 -0.0 -0.0 -0.0 -0.0 -0.0 -0.0; -0.0 -0.0 -0.0 -0.0 -0.0 -0.0 -0.0 -0.0 -0.0 -0.0; -0.0 -0.0 -0.0 -0.0 -0.0 -0.0 -0.0 -0.0 -0.0 -0.0;;; -0.0 -0.0 -0.0 -0.0 -0.0 -0.0 -0.0 -0.0 -0.0 -0.0; -0.0 -0.0 -0.0 -0.0 -0.0 -0.0 -0.0 -0.0 -0.0 -0.0; -0.0 -0.0 -0.0 -0.0 -0.0 -0.0 -0.0 -0.0 -0.0 -0.0; -0.0 -0.0 -0.0 -0.0 -0.0 -0.0 -0.0 -0.0 -0.0 -0.0]
evol_box,"[[0.465, 0.0], [2.282, 111383.7524370944], [2.389, 222017.8301653315], [2.43, 222017.8301653315], [2.488, 222017.8301653315], [2.57, 222017.8301653315], [2.859, 1.10489293170436e6], [3.237, 2.098467515359068e6], [4.476, 2.098467515359068e6], [5.09, 2.42948318947598e6], [6.006, 2.42948318947598e6], [7.345, 2.4296204798009116e6], [9.295, 2.42981778771854e6], [12.382, 2.8710906915245987e6], [15.937, 2.871160488678245e6], [31.228, 3.0918289511809917e6], [62.427, 3.312696883462285e6], [71.117, 3.3127259942870997e6], [80.037, 3.64384437398082e6], [99.357, 3.7541025870251753e6], [106.447, 3.7541879469335843e6], [113.812, 3.864600060751257e6], [147.179, 3.974870421106335e6], [207.95, 4.085316076449017e6], [333.252, 4.085316076449017e6], [360.49, 4.0853417499014726e6], [413.524, 4.416438512441297e6], [461.194, 4.5268167717508115e6], [836.269, 4.526913800395397e6], [890.666, 4.637210613357095e6], [1289.414, 4.637304639443649e6], [2102.169, 4.747594972791517e6], [2611.067, 4.747644894558987e6], [2798.656, 4.85801162396517e6], [3600.038, 4.968432861895698e6]]"
y_pb,[[-0.0 -0.0 -0.0 14.0 -0.0 -0.0 -0.0 -0.0 -0.0 -0.0; -0.0 -0.0 -0.0 -0.0 -0.0 -0.0 0.0 -0.0 -0.0 -0.0; -0.0 -0.0 -0.0 -0.0 -0.0 -0.0 0.0 -0.0 -0.0 -0.0; -0.0 -0.0 -0.0 -0.0 -0.0 -0.0 -0.0 -0.0 24.999999999999996 -0.0;;;]]
x_bb,"[14.0, -0.0, -0.0, 25.0]"
x_box,"[28.0, 0.0, 1.0, 10.0]"
evol_zeta,"[[1.873, 24.5], [2.371, 21.333333333333332], [2.406, 17.0], [2.457, 14.5], [2.515, 14.0], [2.592, 13.8], [2.895, 13.4], [3.272, 12.2], [4.504, 12.000000001300002], [5.119, 12.2], [6.042, 12.0], [7.369, 12.0], [9.329, 11.0], [12.407, 12.0], [15.979, 10.833333334516666], [31.286, 11.25], [62.457, 10.666666666666666], [71.151, 10.6], [80.067, 9.200000001020001], [99.389, 9.4], [106.486, 10.4], [113.835, 9.833333333333332], [147.217, 9.333333333333332], [207.989, 9.6], [333.279, 9.333333333333332], [360.535, 9.25], [413.553, 9.166666666666666], [461.217, 8.499999999999996], [836.295, 9.166666666666668], [890.703, 8.4], [1289.44, 8.8], [2102.201, 8.666666666666666], [2611.107, 8.8], [2798.685, 7.666666666666666], [3600.054, 0.0]]"
ξ_box,[0.0 0.0 0.0 0.0 0.0; 0.0 0.0 0.0 1.0 1.0; 0.0 -0.0 9.0 11.0 11.0; 0.0 2.0 15.0 17.0 5.000000000000001; -0.0 14.0 3.0 13.0 12.0; 4.0 14.0 10.0 12.0 6.0; 17.0 6.0 3.0 13.0 17.0; 12.0 15.0 12.0 4.0 22.0; 25.0 14.0 13.0 11.0 0.0; 25.0 16.000000000000004 16.0 1.0 10.0]
