first,second
s_box,[38.0 9.0 0.0 0.0 12.0; 9.0 2.0 0.0 21.0 0.0; 0.0 0.0 0.0 0.0 0.0; 0.0 11.0 11.0 0.0 11.0; 0.0 3.0 11.0 7.0 4.0; 0.0 0.0 4.0 0.0 0.0; 4.0 0.0 8.0 0.0 0.0; 0.0 0.0 0.0 4.0 0.0; 0.0 7.0 3.0 7.0 0.0; 0.0 19.0 15.0 12.0 24.0]
x_pb,"[30.0, 25.0, -0.0, -0.0]"
s_bb,[11.0 -0.0 -0.0 -0.0 -0.0; 27.0 -0.0 -0.0 -0.0 -0.0; -0.0 6.0 -0.0 -0.0 -0.0; 11.0 -0.0 -0.0 -0.0 -0.0; 16.0 -0.0 -0.0 -0.0 -0.0; 16.0 -0.0 -0.0 -0.0 -0.0; 8.0 2.0 -0.0 -0.0 -0.0; 4.0 -0.0 -0.0 -0.0 -0.0; 12.0 -0.0 -0.0 -0.0 -0.0; 24.0 12.0 -0.0 -0.0 -0.0]
partition_bb,"[[[41.0, 9.0, 7.0, 0.0, 0.0, 0.0, 0.0, 0.0, 0.0, 0.0], [0.0, 6.0, 0.0, 0.0, 0.0, 0.0, 0.0, 4.0, 12.0, 24.0], [0.0, 19.0, 25.0, 6.0, 3.0, 2.0, 0.0, 0.0, 0.0, 0.0], [0.0, 0.0, 0.0, 8.0, 16.0, 16.0, 8.0, 0.0, 0.0, 0.0], [0.0, 27.0, 21.0, 6.0, 3.0, 0.0, 0.0, 0.0, 0.0, 0.0], [25.0, 0.0, 0.0, 11.0, 3.0, 8.0, 8.0, 0.0, 0.0, 0.0]], [[0.0, 0.0, 0.0, 11.0, 11.0, 16.0, 8.0, 0.0, 8.0, 3.0], [3.0, 0.0, 6.0, 11.0, 5.0, 10.0, 8.0, 0.0, 0.0, 12.0]], Vector{Float64}[], Vector{Float64}[], Vector{Float64}[]]"
y_box,[3.0 0.0 0.0 0.0 0.0 12.0 0.0 0.0 0.0 0.0; 0.0 0.0 12.0 0.0 0.0 0.0 0.0 0.0 0.0 14.0; 0.0 0.0 0.0 0.0 0.0 0.0 0.0 0.0 0.0 0.0; 0.0 0.0 0.0 0.0 6.0 0.0 0.0 0.0 2.0 0.0;;; 17.0 0.0 0.0 0.0 0.0 0.0 0.0 0.0 0.0 0.0; 0.0 16.0 10.0 0.0 0.0 0.0 0.0 0.0 0.0 0.0; 0.0 0.0 0.0 0.0 0.0 0.0 0.0 0.0 0.0 0.0; 0.0 0.0 12.0 0.0 0.0 0.0 0.0 0.0 0.0 0.0;;; 17.0 0.0 0.0 0.0 0.0 0.0 0.0 0.0 0.0 0.0; 0.0 11.0 15.0 0.0 0.0 0.0 0.0 0.0 0.0 0.0; 0.0 0.0 0.0 0.0 0.0 0.0 0.0 0.0 0.0 0.0; 0.0 0.0 0.0 0.0 0.0 12.0 0.0 0.0 0.0 0.0;;; 11.0 0.0 0.0 6.0 0.0 0.0 0.0 0.0 0.0 0.0; 0.0 0.0 15.0 2.0 0.0 0.0 4.0 0.0 5.0 0.0; 0.0 0.0 0.0 0.0 0.0 0.0 0.0 0.0 0.0 0.0; 0.0 0.0 0.0 0.0 0.0 12.0 0.0 0.0 0.0 0.0;;; 17.0 0.0 0.0 0.0 0.0 0.0 0.0 0.0 0.0 0.0; 0.0 0.0 0.0 0.0 0.0 13.0 5.0 0.0 8.0 0.0; 0.0 0.0 0.0 0.0 0.0 0.0 0.0 0.0 0.0 0.0; 0.0 0.0 0.0 0.0 4.0 0.0 0.0 4.0 4.0 0.0]
evol_bb,"[[1.686, 1.5266401285330895e7], [24.982, 1.5266401285330893e7]]"
y_bb,[30.0 -0.0 -0.0 -0.0 -0.0 -0.0 -0.0 -0.0 -0.0 -0.0; -0.0 0.0 25.0 0.0 -0.0 -0.0 -0.0 -0.0 -0.0 -0.0; -0.0 -0.0 -0.0 0.0 0.0 0.0 -0.0 -0.0 -0.0 -0.0; -0.0 -0.0 -0.0 -0.0 -0.0 0.0 0.0 0.0 0.0 0.0;;; 0.0 -0.0 -0.0 11.0 0.0 11.0 -0.0 -0.0 8.0 0.0; 3.0 -0.0 0.0 0.0 11.0 5.0 6.0 -0.0 -0.0 -0.0; -0.0 -0.0 -0.0 -0.0 -0.0 -0.0 0.0 -0.0 -0.0 -0.0; -0.0 -0.0 -0.0 -0.0 -0.0 -0.0 0.0 -0.0 -0.0 -0.0;;; -0.0 -0.0 -0.0 -0.0 -0.0 -0.0 -0.0 -0.0 -0.0 -0.0; -0.0 -0.0 -0.0 -0.0 -0.0 -0.0 -0.0 -0.0 -0.0 -0.0; -0.0 -0.0 -0.0 -0.0 -0.0 -0.0 -0.0 -0.0 -0.0 -0.0; -0.0 -0.0 -0.0 -0.0 -0.0 -0.0 -0.0 -0.0 -0.0 -0.0;;; -0.0 -0.0 -0.0 -0.0 -0.0 -0.0 -0.0 -0.0 -0.0 -0.0; -0.0 -0.0 -0.0 -0.0 -0.0 -0.0 -0.0 -0.0 -0.0 -0.0; -0.0 -0.0 -0.0 -0.0 -0.0 -0.0 -0.0 -0.0 -0.0 -0.0; -0.0 -0.0 -0.0 -0.0 -0.0 -0.0 -0.0 -0.0 -0.0 -0.0;;; -0.0 -0.0 -0.0 -0.0 -0.0 -0.0 -0.0 -0.0 -0.0 -0.0; -0.0 -0.0 -0.0 -0.0 -0.0 -0.0 -0.0 -0.0 -0.0 -0.0; -0.0 -0.0 -0.0 -0.0 -0.0 -0.0 -0.0 -0.0 -0.0 -0.0; -0.0 -0.0 -0.0 -0.0 -0.0 -0.0 -0.0 -0.0 -0.0 -0.0]
evol_box,"[[0.419, 0.0], [2.104, 236919.4553143821], [2.2, 236919.4553143821], [2.234, 237091.1901960076], [2.314, 356203.4696300117], [2.517, 356203.4696300117], [2.842, 2.130866758358501e6], [3.142, 2.604651656682079e6], [5.101, 2.604651656682079e6], [8.521, 3.1954502850512126e6], [11.268, 3.195497199682382e6], [14.641, 3.1954971996823875e6], [18.353, 3.1954971996823866e6], [22.447, 3.5506712178224237e6], [26.219, 3.551013897094411e6], [30.486, 4.261049962364772e6], [37.507, 4.73406919087252e6], [53.118, 4.852285637969881e6], [82.63, 4.970629416330164e6], [94.64, 4.970736747593084e6], [110.249, 5.0889433487191e6], [125.922, 5.325628793983484e6], [150.952, 5.325782614586209e6], [185.856, 5.444039500354439e6], [232.644, 5.5623253901709e6], [320.68, 5.680653266831746e6], [428.341, 5.68103419601002e6], [600.524, 5.681285238905557e6], [861.09, 5.917336072775906e6], [1008.14, 5.917353558067478e6], [1326.769, 5.9174752344232965e6], [1642.487, 6.035713920019896e6], [2054.805, 6.03583572341877e6], [2306.765, 6.154021518040291e6], [2829.875, 6.154025059059952e6], [3271.738, 6.154042449156584e6], [3600.031, 6.154147141099278e6]]"
y_pb,[[30.0 -0.0 -0.0 -0.0 -0.0 -0.0 -0.0 -0.0 -0.0 -0.0; -0.0 -0.0 24.999999999999996 -0.0 -0.0 -0.0 -0.0 -0.0 -0.0 -0.0; -0.0 -0.0 -0.0 -0.0 -0.0 0.0 -0.0 -0.0 -0.0 -0.0; -0.0 -0.0 -0.0 -0.0 -0.0 0.0 -0.0 -0.0 -0.0 -0.0;;;]]
x_bb,"[30.0, 25.0, -0.0, -0.0]"
x_box,"[17.0, 26.0, 0.0, 12.0]"
evol_zeta,"[[1.67, 40.33333333333333], [2.181, 24.0], [2.208, 21.75], [2.246, 18.25], [2.322, 16.0], [2.537, 14.833333333333332], [2.86, 14.75], [3.161, 14.6], [5.124, 14.500001298657816], [8.542, 13.399999999999999], [11.288, 12.714285714285715], [14.667, 12.285714285714286], [18.374, 12.333333333333336], [22.464, 12.0], [26.242, 11.2], [30.504, 10.8], [37.53, 11.0], [53.141, 11.0], [82.663, 10.142857142857142], [94.661, 10.200000000000006], [110.27, 10.8], [125.944, 10.142857142857144], [150.975, 9.75], [185.878, 11.0], [232.667, 10.0], [320.702, 10.166666666666668], [428.361, 9.0], [600.544, 11.0], [861.112, 10.0], [1008.162, 9.6], [1326.796, 9.142857452212214], [1642.512, 10.25], [2054.822, 9.142857142857144], [2306.79, 10.399999999999949], [2829.898, 9.0], [3271.763, 9.0], [3600.047, 0.0]]"
ξ_box,[41.0 26.0 17.0 11.0 29.0; 9.0 18.0 11.0 21.0 0.0; 12.0 22.0 15.0 15.0 0.0; -0.0 11.0 11.0 8.0 11.0; 6.0 3.0 11.0 7.0 8.0; 12.0 0.0 16.0 12.0 13.0; 4.0 0.0 8.0 4.0 5.0; 0.0 0.0 0.0 4.0 4.0; 2.0 7.0 3.0 12.0 12.0; 14.0 19.0 15.0 12.0 24.0]
