first,second
s_box,[30.0; 19.0; 0.0; 0.0; 5.0; 18.0; 23.0; 18.0; 9.0; 34.0;;]
x_pb,"[0.0, 48.0, -0.0, -0.0]"
s_bb,[30.0; 19.0; 0.0; 0.0; 5.0; 18.0; 23.0; 18.0; 9.0; 34.0;;]
partition_bb,"[[[0.0, 0.0, 3.0, 0.0, 0.0, 0.0, 0.0, 2.0, 9.0, 34.0], [30.0, 16.0, 2.0, 0.0, 0.0, 0.0, 0.0, 0.0, 0.0, 0.0], [0.0, 0.0, 0.0, 4.0, 9.0, 14.0, 23.0, 0.0, 0.0, 0.0], [18.0, 4.0, 0.0, 0.0, 0.0, 0.0, 0.0, 18.0, 9.0, 0.0], [0.0, 4.0, 19.0, 14.0, 9.0, 4.0, 0.0, 0.0, 0.0, 0.0], [0.0, 0.0, 7.0, 12.0, 17.0, 12.0, 3.0, 0.0, 0.0, 0.0], [0.0, 0.0, 3.0, 8.0, 13.0, 18.0, 9.0, 0.0, 0.0, 0.0], [5.0, 19.0, 4.0, 0.0, 0.0, 0.0, 0.0, 15.0, 6.0, 0.0], [0.0, 0.0, 12.0, 17.0, 12.0, 7.0, 0.0, 0.0, 0.0, 0.0]]]"
y_box,[0.0 0.0 -0.0 -0.0 -0.0 -0.0 -0.0 -0.0 -0.0 -0.0; -0.0 -0.0 19.0 17.0 12.0 0.0 0.0 -0.0 -0.0 -0.0; -0.0 -0.0 -0.0 -0.0 -0.0 -0.0 -0.0 -0.0 -0.0 -0.0; -0.0 -0.0 -0.0 -0.0 -0.0 -0.0 -0.0 0.0 0.0 0.0;;;]
evol_bb,"[[0.302, 1.6721699744981952e7]]"
y_bb,[0.0 0.0 -0.0 -0.0 -0.0 -0.0 -0.0 -0.0 -0.0 -0.0; -0.0 -0.0 19.0 17.0 12.0 0.0 0.0 -0.0 -0.0 -0.0; -0.0 -0.0 -0.0 -0.0 -0.0 -0.0 -0.0 -0.0 -0.0 -0.0; -0.0 -0.0 -0.0 -0.0 -0.0 -0.0 -0.0 0.0 0.0 0.0;;;]
evol_box,"[[0.439, 0.0], [2.142, 2227.7492399552934], [2.23, 4.931884574026547e6], [2.235, 1.0290790105030239e7], [2.24, 1.2005778151635813e7], [2.245, 1.4792369927977078e7], [2.252, 1.5649836895481259e7], [2.257, 1.6078583907132652e7], [2.261, 1.6400144165871197e7], [2.264, 1.6721699744981952e7]]"
y_pb,[[-0.0 0.0 -0.0 -0.0 -0.0 -0.0 -0.0 -0.0 -0.0 -0.0; -0.0 -0.0 19.0 17.0 12.0 -0.0 -0.0 -0.0 -0.0 -0.0; -0.0 -0.0 -0.0 -0.0 -0.0 -0.0 -0.0 0.0 -0.0 -0.0; -0.0 -0.0 -0.0 -0.0 -0.0 -0.0 -0.0 0.0 -0.0 -0.0;;;]]
x_bb,"[0.0, 48.0, 0.0, 0.0]"
x_box,"[0.0, 48.0, 0.0, 0.0]"
evol_zeta,"[[1.763, 34.0], [2.229, 30.0], [2.234, 22.500000000000004], [2.239, 16.0], [2.244, 15.600000000000001], [2.251, 7.399999999999999], [2.256, 3.3999999999999986], [2.26, 3.0], [2.263, 3.0], [2.266, 0.0]]"
ξ_box,[30.0; 19.0; 19.0; 17.0; 17.0; 18.0; 23.0; 18.0; 9.0; 34.0;;]
