first,second
s_box,[17.999993906614534 27.0 9.0; -0.0 21.0 7.0; -0.0 -0.0 -0.0; -0.0 -0.0 3.0; -0.0 -0.0 4.0; -0.0 8.0 21.0; 29.0 13.0 22.000003040026083; 25.0 20.0 14.0; 24.0 7.0 16.000003037450327; 0.0 -0.0 -0.0]
x_pb,"[51.0, -0.0, -0.0, 3.0]"
s_bb,[27.0 -0.0 -0.0; 23.0 -0.0 -0.0; 0.0 -0.0 -0.0; -0.0 -0.0 3.0; 4.0 -0.0 -0.0; 21.0 -0.0 -0.0; 29.0 -0.0 -0.0; 25.0 -0.0 -0.0; 27.0 -0.0 -0.0; -0.0 -0.0 -0.0]
partition_bb,"[[[0.0, 0.0, 0.0, 0.0, 0.0, 0.0, 29.0, 18.0, 9.0, 0.0], [27.0, 17.0, 9.0, 3.0, 0.0, 0.0, 0.0, 0.0, 0.0, 0.0], [0.0, 0.0, 6.0, 12.0, 15.0, 21.0, 0.0, 0.0, 0.0, 0.0], [0.0, 0.0, 0.0, 0.0, 0.0, 0.0, 7.0, 18.0, 27.0, 3.0], [1.0, 8.0, 19.0, 13.0, 10.0, 4.0, 0.0, 0.0, 0.0, 0.0], [0.0, 0.0, 0.0, 0.0, 0.0, 0.0, 14.0, 25.0, 16.0, 0.0], [13.0, 23.0, 12.0, 6.0, 3.0, 0.0, 0.0, 0.0, 0.0, 0.0], [0.0, 1.0, 12.0, 18.0, 15.0, 9.0, 0.0, 0.0, 0.0, 0.0], [0.0, 0.0, 9.0, 15.0, 18.0, 12.0, 3.0, 0.0, 0.0, 0.0]], [[0.0, 0.0, 9.0, 15.0, 18.0, 12.0, 0.0, 0.0, 0.0, 0.0]], [[0.0, 0.0, 9.0, 15.0, 18.0, 12.0, 0.0, 0.0, 3.0, 0.0]]]"
y_box,[1.000006091385504 16.0 10.0 4.0 7.0 9.99999390952359 0.0 -0.0 -0.0 -0.0; -0.0 -0.0 -0.0 -0.0 -0.0 -0.0 -0.0 0.0 -0.0 -0.0; -0.0 -0.0 -0.0 -0.0 -0.0 -0.0 -0.0 0.0 3.0 -0.0; -0.0 -0.0 -0.0 -0.0 -0.0 -0.0 -0.0 -0.0 -0.0 3.0;;; -0.0 -0.0 14.0 13.0 13.0 8.0 -0.0 -0.0 -0.0 -0.0; -0.0 -0.0 -0.0 -0.0 -0.0 -0.0 -0.0 -0.0 -0.0 -0.0; -0.0 -0.0 -0.0 -0.0 -0.0 -0.0 -0.0 -0.0 3.0 -0.0; -0.0 -0.0 -0.0 -0.0 -0.0 -0.0 -0.0 -0.0 3.0 -0.0;;; 0.0 4.0 18.0 13.0 13.0 -0.0 -0.0 -0.0 -0.0 -0.0; -0.0 -0.0 -0.0 -0.0 -0.0 -0.0 -0.0 0.0 -0.0 -0.0; -0.0 -0.0 -0.0 -0.0 -0.0 -0.0 -0.0 3.040026085225267e-6 2.9999969608830055 -0.0; -0.0 -0.0 -0.0 -0.0 -0.0 -0.0 -0.0 -0.0 3.0 -0.0]
evol_bb,"[[51.8, 1.805744058807764e7], [865.653, 1.8057440588077635e7]]"
y_bb,[0.0 0.0 19.0 18.0 14.0 -0.0 -0.0 -0.0 -0.0 -0.0; -0.0 -0.0 -0.0 -0.0 -0.0 -0.0 -0.0 -0.0 -0.0 -0.0; -0.0 -0.0 -0.0 -0.0 -0.0 -0.0 -0.0 -0.0 0.0 -0.0; -0.0 -0.0 -0.0 -0.0 -0.0 -0.0 -0.0 -0.0 -0.0 3.0;;; -0.0 -0.0 9.0 15.0 18.0 9.0 -0.0 -0.0 -0.0 -0.0; -0.0 -0.0 -0.0 -0.0 -0.0 0.0 -0.0 -0.0 -0.0 -0.0; -0.0 -0.0 -0.0 0.0 -0.0 -0.0 -0.0 -0.0 -0.0 -0.0; -0.0 -0.0 -0.0 -0.0 -0.0 3.0 -0.0 -0.0 -0.0 -0.0;;; -0.0 -0.0 9.0 12.0 18.0 9.0 -0.0 -0.0 3.0 -0.0; -0.0 -0.0 -0.0 -0.0 -0.0 0.0 -0.0 -0.0 -0.0 -0.0; -0.0 -0.0 0.0 -0.0 -0.0 -0.0 -0.0 -0.0 -0.0 -0.0; -0.0 -0.0 0.0 -0.0 -0.0 3.0 -0.0 -0.0 -0.0 -0.0]
evol_box,"[[0.429, 0.0], [2.14, 233338.53032276157], [2.235, 233813.8126035381], [2.262, 233813.8126035383], [2.364, 3.358158915811126e6], [2.457, 3.358158915811126e6], [2.608, 5.441245237520822e6], [2.804, 5.441245237520821e6], [2.951, 5.788653017880177e6], [3.132, 6.02021740841081e6], [3.343, 6.02021740841081e6], [3.486, 6.135745576770221e6], [3.756, 6.367211378020634e6], [4.344, 7.293174660230032e6], [4.844, 7.408908622195775e6], [5.297, 7.52465403247195e6], [5.813, 7.640427318408441e6], [6.269, 7.756148534461448e6], [6.814, 7.756156301334731e6], [7.718, 7.872070402851323e6], [9.011, 7.987647229254046e6], [9.994, 8.335036996174879e6], [11.533, 8.566426458761398e6], [13.579, 8.56645506620171e6], [14.95, 8.566468739312224e6], [17.052, 8.682108135233697e6], [18.513, 8.682164651099121e6], [20.313, 8.797864993820302e6], [22.294, 8.797881421170186e6], [24.791, 9.029355814372651e6], [27.643, 9.02937516662494e6], [29.733, 9.029396173613477e6], [32.971, 9.260825512559328e6], [36.483, 9.260831157327723e6], [38.724, 9.260841917608488e6], [42.018, 9.260874263189148e6], [46.197, 9.376592045201177e6], [49.851, 9.37660136672917e6], [54.44, 9.376637252418889e6], [60.299, 9.492316379354974e6], [64.335, 9.492365083741497e6], [69.633, 9.608082865753492e6], [75.945, 9.723810881344475e6], [80.664, 9.7238282760297e6], [86.298, 9.723836676715398e6], [94.294, 9.83954955863314e6], [101.792, 9.839554527271446e6], [108.556, 9.839559973057797e6], [115.472, 9.839576640099116e6], [123.798, 9.839615495028306e6], [137.498, 9.95529067293329e6], [148.311, 9.955396707215328e6], [155.196, 1.0071067460651467e7], [163.869, 1.0071083082196122e7], [176.149, 1.0071129131156282e7], [189.706, 1.018687438025178e7], [204.002, 1.0186887463483984e7], [218.511, 1.0302546612252269e7], [253.727, 1.0302611067480901e7], [272.228, 1.0302628674755687e7], [292.316, 1.0302676688000727e7], [313.955, 1.0418267405455122e7], [341.626, 1.0418293660755698e7], [360.193, 1.0418305033662774e7], [380.311, 1.0534025071840547e7], [411.777, 1.0534044268576652e7], [433.569, 1.0534048100982176e7], [458.664, 1.0534079072457623e7], [491.706, 1.0534099546553489e7], [532.257, 1.0534102199345628e7], [565.184, 1.0534109336940622e7], [604.409, 1.0649768772749145e7], [644.648, 1.0649789696889445e7], [691.04, 1.0649793819493806e7], [729.118, 1.0649796047413511e7], [772.014, 1.0649808244573426e7], [810.231, 1.0649835928475736e7], [863.853, 1.0649847514273439e7], [916.332, 1.0649885728793222e7], [963.519, 1.0765527315173166e7], [1011.95, 1.0765527974496273e7], [1146.072, 1.076553480209912e7], [1203.314, 1.076554569924471e7], [1255.384, 1.0765554881995315e7], [1322.498, 1.076558223759176e7], [1399.186, 1.0881261302669073e7], [1456.21, 1.0881263219757019e7], [1623.65, 1.0997008630033193e7], [1724.352, 1.0997011084324626e7], [1804.11, 1.0997012311470341e7], [1902.04, 1.0997030205657378e7], [2089.51, 1.1112741784200115e7], [2276.266, 1.111274775184204e7], [2472.229, 1.1112761720994335e7], [2587.356, 1.1112768482027283e7], [2762.552, 1.1112768482027285e7], [2901.486, 1.1112771319957526e7], [3037.377, 1.1112786388051793e7], [3175.929, 1.111278773769011e7], [3342.062, 1.1112787891254785e7], [3489.585, 1.1112793796060298e7], [3600.064, 1.1112805916385178e7]]"
y_pb,[[-0.0 -0.0 19.0 18.0 14.0 -0.0 -0.0 -0.0 -0.0 -0.0; -0.0 -0.0 -0.0 -0.0 -0.0 -0.0 -0.0 -0.0 0.0 -0.0; -0.0 -0.0 -0.0 -0.0 -0.0 -0.0 -0.0 -0.0 0.0 -0.0; -0.0 -0.0 -0.0 -0.0 -0.0 -0.0 -0.0 -0.0 -0.0 3.0;;;]]
x_bb,"[51.0, 0.0, 0.0, 3.0]"
x_box,"[48.0, 0.0, 3.0, 3.0]"
evol_zeta,"[[1.747, 28.333333333333332], [2.223, 26.5], [2.247, 21.0], [2.28, 18.6], [2.388, 17.75], [2.469, 18.2], [2.623, 15.833333333333325], [2.82, 14.428571428571425], [2.987, 15.666666666666666], [3.146, 15.499999999999915], [3.361, 12.857142857142856], [3.507, 12.571428571428571], [3.774, 11.333333333333332], [4.378, 11.285714285714286], [4.866, 11.999999999999993], [5.312, 14.6], [5.828, 12.714285714285715], [6.284, 12.42857142857139], [6.837, 11.142857142857139], [7.737, 10.875000001187502], [9.028, 10.25], [10.018, 10.5], [11.559, 10.714285714285715], [13.594, 11.857142857142856], [14.978, 8.500000000000004], [17.077, 9.166666666666668], [18.53, 10.25], [20.332, 8.333333333333332], [22.312, 8.8], [24.819, 10.000000000000002], [27.661, 10.0], [29.75, 7.500000000850008], [32.988, 8.66666666666667], [36.502, 9.0], [38.753, 8.166666666666664], [42.029, 7.666666666666666], [46.222, 10.0], [49.876, 8.666666666666666], [54.458, 8.0], [60.323, 7.0], [64.36, 7.0], [69.656, 8.200000000000001], [75.963, 8.0], [80.687, 7.8], [86.315, 9.000000000000002], [94.321, 7.3750000000000036], [101.819, 7.600000000000001], [108.581, 6.333333333333336], [115.49, 7.499999999999999], [123.824, 6.999999999999999], [137.527, 5.666666666666668], [148.351, 5.4], [155.221, 5.857142857142858], [163.915, 5.285714286342859], [176.177, 6.0], [189.733, 5.666666666666668], [204.018, 8.0], [218.537, 6.500000000000001], [253.754, 7.5714285714285685], [272.248, 6.714285714285715], [292.343, 6.399999999999999], [313.984, 5.799999999999999], [341.657, 5.571428571428575], [360.219, 6.999999999999998], [380.352, 6.33333333333332], [411.805, 5.666666666666667], [433.598, 4.399999999999999], [458.692, 6.142857142857142], [491.732, 5.571428571428573], [532.279, 6.0], [565.211, 5.0], [604.436, 4.500000000000001], [644.677, 3.6666666666666674], [691.072, 4.75], [729.142, 4.5], [772.044, 4.571428571428571], [810.28, 4.5], [863.884, 4.3333333333333375], [916.359, 6.166666666666666], [963.547, 3.833333333333334], [1011.97, 6.0], [1146.103, 7.142857142857142], [1203.34, 5.2857142857142865], [1255.414, 3.333333333333332], [1322.523, 5.571428571428571], [1399.216, 4.500000000000003], [1456.239, 4.0], [1623.708, 3.666666667133331], [1724.385, 4.5], [1804.14, 4.833333333333333], [1902.067, 5.285714285714282], [2089.537, 5.4], [2276.335, 3.000000000400007], [2472.326, 3.000000000400007], [2587.384, 4.0], [2762.624, 3.75], [2901.509, 4.999999999999999], [3037.426, 3.833333333333332], [3175.957, 5.333333333333332], [3342.092, 4.599999999999996], [3489.613, 4.142857142857146], [3600.079, 0.0]]"
ξ_box,[19.0 27.0 9.0; 16.0 21.0 11.0; 10.0 14.0 18.0; 4.0 13.0 16.0; 7.0 13.0 17.0; 9.999993911190257 16.0 21.0; 29.0 13.0 22.00000304169275; 25.0 20.0 14.000003041692752; 27.0 13.0 22.0; 3.0 0.0 -0.0]
