first,second
s_box,[11.0; 6.0; 31.0; 21.0; 21.0; 3.0; 7.0; 0.0; 0.0; 19.0;;]
x_pb,"[-0.0, -0.0, 5.0, 30.0]"
s_bb,[11.0; 6.0; 31.0; 21.0; 21.0; 3.0; 7.0; 0.0; 0.0; 19.0;;]
partition_bb,"[[[0.0, 4.0, 31.0, 0.0, 0.0, 0.0, 0.0, 0.0, 0.0, 0.0], [0.0, 0.0, 0.0, 14.0, 21.0, 0.0, 0.0, 0.0, 0.0, 0.0], [2.0, 0.0, 0.0, 0.0, 0.0, 0.0, 0.0, 11.0, 19.0, 3.0], [0.0, 0.0, 0.0, 0.0, 0.0, 0.0, 0.0, 0.0, 3.0, 19.0], [0.0, 0.0, 0.0, 0.0, 0.0, 3.0, 12.0, 0.0, 0.0, 0.0], [11.0, 6.0, 0.0, 0.0, 0.0, 0.0, 0.0, 0.0, 0.0, 0.0], [0.0, 0.0, 0.0, 21.0, 14.0, 0.0, 0.0, 0.0, 0.0, 0.0]]]"
y_box,[0.0 0.0 0.0 -0.0 -0.0 -0.0 -0.0 -0.0 -0.0 -0.0; -0.0 -0.0 -0.0 0.0 0.0 -0.0 -0.0 -0.0 -0.0 -0.0; -0.0 -0.0 -0.0 -0.0 -0.0 0.0 5.0 -0.0 -0.0 -0.0; -0.0 -0.0 -0.0 -0.0 -0.0 -0.0 -0.0 11.0 19.0 0.0;;;]
evol_bb,"[[0.256, 1.3184152778498191e7]]"
y_bb,[0.0 0.0 0.0 -0.0 -0.0 -0.0 -0.0 -0.0 -0.0 -0.0; -0.0 -0.0 -0.0 0.0 0.0 -0.0 -0.0 -0.0 -0.0 -0.0; -0.0 -0.0 -0.0 -0.0 -0.0 0.0 5.0 -0.0 -0.0 -0.0; -0.0 -0.0 -0.0 -0.0 -0.0 -0.0 -0.0 11.0 19.0 0.0;;;]
evol_box,"[[0.41, 0.0], [1.948, 1312.0154179786034], [2.031, 3.878826502974174e6], [2.042, 7.755624622068206e6], [2.046, 9.860565876494003e6], [2.049, 1.1189967230461098e7], [2.06, 1.2408636176483769e7], [2.063, 1.3184152778498191e7]]"
y_pb,[[-0.0 -0.0 0.0 -0.0 -0.0 -0.0 -0.0 -0.0 -0.0 -0.0; -0.0 -0.0 -0.0 -0.0 -0.0 0.0 -0.0 -0.0 -0.0 -0.0; -0.0 -0.0 -0.0 -0.0 -0.0 -0.0 5.0 -0.0 -0.0 -0.0; -0.0 -0.0 -0.0 -0.0 -0.0 -0.0 -0.0 11.0 19.0 -0.0;;;]]
x_bb,"[0.0, 0.0, 5.0, 30.0]"
x_box,"[0.0, 0.0, 5.0, 30.0]"
evol_zeta,"[[1.635, 31.0], [2.03, 21.0], [2.041, 19.0], [2.045, 16.0], [2.048, 12.0], [2.059, 9.0], [2.062, 7.0], [2.073, 0.0]]"
ξ_box,[11.0; 6.0; 31.0; 21.0; 21.0; 3.0; 12.0; 11.0; 19.0; 19.0;;]
