first,second
s_box,[21.0 0.0 0.0 0.0 0.0; 0.0 0.0 0.0 16.0 5.0; 2.0 0.0 0.0 22.0 4.0; 0.0 0.0 0.0 0.0 6.0; 19.0 17.0 0.0 0.0 20.0; 0.0 20.0 17.0 0.0 22.0; 32.0 21.0 25.0 0.0 18.0; 0.0 17.0 0.0 0.0 0.0; 0.0 0.0 15.0 18.0 0.0; 0.0 0.0 19.0 19.0 0.0]
x_pb,"[44.0, -0.0, 0.0, 9.0]"
s_bb,[30.0 -0.0 -0.0 -0.0 -0.0; 27.0 -0.0 -0.0 -0.0 -0.0; 27.0 -0.0 -0.0 -0.0 -0.0; 0.0 -0.0 -0.0 -0.0 -0.0; 0.0 -0.0 -0.0 -0.0 -0.0; 32.0 -0.0 -0.0 -0.0 -0.0; 32.0 -0.0 -0.0 -0.0 -0.0; 23.0 -0.0 -0.0 -0.0 -0.0; 25.0 -0.0 -0.0 -0.0 -0.0; 25.0 -0.0 -0.0 -0.0 -0.0]
partition_bb,"[[[0.0, 0.0, 0.0, 0.0, 7.0, 14.0, 32.0, 1.0, 0.0, 0.0], [0.0, 0.0, 0.0, 0.0, 0.0, 0.0, 1.0, 32.0, 12.0, 11.0], [30.0, 12.0, 11.0, 0.0, 0.0, 0.0, 0.0, 0.0, 0.0, 0.0], [0.0, 0.0, 0.0, 14.0, 30.0, 6.0, 5.0, 0.0, 0.0, 0.0], [0.0, 0.0, 0.0, 0.0, 8.0, 32.0, 14.0, 0.0, 0.0, 0.0], [8.0, 14.0, 27.0, 7.0, 0.0, 0.0, 0.0, 0.0, 0.0, 0.0], [0.0, 0.0, 0.0, 0.0, 0.0, 0.0, 0.0, 4.0, 24.0, 25.0], [9.0, 27.0, 14.0, 6.0, 0.0, 0.0, 0.0, 0.0, 0.0, 0.0], [0.0, 0.0, 0.0, 0.0, 0.0, 0.0, 0.0, 5.0, 25.0, 24.0]], Vector{Float64}[], Vector{Float64}[], Vector{Float64}[], Vector{Float64}[]]"
y_box,[0.0 3.0 0.0 14.0 1.0 0.0 0.0 0.0 0.0 0.0; 0.0 0.0 0.0 0.0 0.0 0.0 0.0 0.0 0.0 0.0; 0.0 0.0 0.0 0.0 0.0 0.0 0.0 0.0 0.0 0.0; 0.0 0.0 0.0 0.0 10.0 22.0 0.0 3.0 0.0 0.0;;; 4.0 0.0 9.0 3.0 2.0 0.0 0.0 0.0 0.0 0.0; 0.0 0.0 0.0 0.0 0.0 0.0 0.0 0.0 0.0 0.0; 0.0 0.0 0.0 0.0 0.0 0.0 0.0 0.0 0.0 0.0; 0.0 22.0 13.0 0.0 0.0 0.0 0.0 0.0 0.0 0.0;;; 0.0 0.0 0.0 1.0 17.0 0.0 0.0 0.0 0.0 0.0; 0.0 0.0 0.0 0.0 0.0 0.0 0.0 0.0 0.0 0.0; 0.0 0.0 0.0 0.0 0.0 0.0 0.0 0.0 0.0 0.0; 0.0 0.0 0.0 0.0 0.0 0.0 0.0 32.0 3.0 0.0;;; 0.0 0.0 0.0 2.0 0.0 0.0 0.0 16.0 0.0 0.0; 0.0 0.0 0.0 0.0 0.0 0.0 0.0 0.0 0.0 0.0; 0.0 0.0 0.0 0.0 0.0 0.0 0.0 0.0 0.0 0.0; 30.0 0.0 0.0 0.0 0.0 0.0 0.0 5.0 0.0 0.0;;; 0.0 0.0 0.0 0.0 2.0 0.0 0.0 16.0 0.0 0.0; 0.0 0.0 0.0 0.0 0.0 0.0 0.0 0.0 0.0 0.0; 0.0 0.0 0.0 0.0 0.0 0.0 0.0 0.0 0.0 0.0; 23.0 0.0 0.0 0.0 0.0 0.0 0.0 7.0 3.0 2.0]
evol_bb,"[[237.266, 2.227839326674437e7]]"
y_bb,[0.0 0.0 0.0 14.0 30.0 0.0 0.0 -0.0 -0.0 -0.0; -0.0 -0.0 -0.0 -0.0 -0.0 -0.0 -0.0 -0.0 -0.0 -0.0; -0.0 -0.0 -0.0 -0.0 -0.0 -0.0 -0.0 -0.0 -0.0 -0.0; -0.0 -0.0 -0.0 -0.0 -0.0 -0.0 -0.0 9.0 0.0 0.0;;; -0.0 -0.0 -0.0 -0.0 -0.0 -0.0 -0.0 -0.0 -0.0 -0.0; -0.0 -0.0 -0.0 -0.0 -0.0 -0.0 -0.0 -0.0 -0.0 -0.0; -0.0 -0.0 -0.0 -0.0 -0.0 -0.0 -0.0 -0.0 -0.0 -0.0; -0.0 -0.0 -0.0 -0.0 -0.0 -0.0 -0.0 -0.0 -0.0 -0.0;;; -0.0 -0.0 -0.0 -0.0 -0.0 -0.0 -0.0 -0.0 -0.0 -0.0; -0.0 -0.0 -0.0 -0.0 -0.0 -0.0 -0.0 -0.0 -0.0 -0.0; -0.0 -0.0 -0.0 -0.0 -0.0 -0.0 -0.0 -0.0 -0.0 -0.0; -0.0 -0.0 -0.0 -0.0 -0.0 -0.0 -0.0 -0.0 -0.0 -0.0;;; -0.0 -0.0 -0.0 -0.0 -0.0 -0.0 -0.0 -0.0 -0.0 -0.0; -0.0 -0.0 -0.0 -0.0 -0.0 -0.0 -0.0 -0.0 -0.0 -0.0; -0.0 -0.0 -0.0 -0.0 -0.0 -0.0 -0.0 -0.0 -0.0 -0.0; -0.0 -0.0 -0.0 -0.0 -0.0 -0.0 -0.0 -0.0 -0.0 -0.0;;; -0.0 -0.0 -0.0 -0.0 -0.0 -0.0 -0.0 -0.0 -0.0 -0.0; -0.0 -0.0 -0.0 -0.0 -0.0 -0.0 -0.0 -0.0 -0.0 -0.0; -0.0 -0.0 -0.0 -0.0 -0.0 -0.0 -0.0 -0.0 -0.0 -0.0; -0.0 -0.0 -0.0 -0.0 -0.0 -0.0 -0.0 -0.0 -0.0 -0.0]
evol_box,"[[0.424, 0.0], [2.029, 103002.41002055709], [2.136, 303870.3752126775], [2.177, 303870.3752126775], [2.312, 303870.3752126775], [2.433, 303870.3752126775], [2.659, 2.521677741584693e6], [2.908, 2.8239150176743935e6], [3.606, 3.0252521983368574e6], [4.198, 3.3281888089896427e6], [4.569, 3.3281888089896427e6], [5.915, 3.4287257318652053e6], [8.041, 3.933127672204714e6], [9.228, 4.437162966904284e6], [11.915, 4.638080769512355e6], [14.666, 4.940553531953491e6], [17.709, 5.041362302477294e6], [20.929, 5.344352671983276e6], [25.961, 5.344352671983275e6], [32.944, 5.6461730166681055e6], [51.337, 5.646183716600027e6], [67.144, 5.847876386666229e6], [97.467, 6.250981353096268e6], [132.156, 6.351909152582846e6], [187.695, 6.35208888241079e6], [248.739, 6.55354052235183e6], [369.612, 6.855720054878667e6], [514.034, 6.85611996503035e6], [644.649, 6.85611996503035e6], [918.419, 6.957012423377786e6], [1154.544, 7.158391815732306e6], [1640.171, 7.35972898337101e6], [2359.614, 7.35973968330293e6], [3147.581, 7.460709837311169e6], [3600.035, 7.662269325893742e6]]"
y_pb,[[-0.0 -0.0 -0.0 14.0 30.0 -0.0 -0.0 -0.0 -0.0 -0.0; -0.0 -0.0 -0.0 -0.0 0.0 -0.0 -0.0 -0.0 -0.0 -0.0; -0.0 -0.0 -0.0 -0.0 -0.0 -0.0 -0.0 -0.0 -0.0 -0.0; -0.0 -0.0 -0.0 -0.0 -0.0 -0.0 -0.0 9.0 -0.0 -0.0;;;]]
x_bb,"[44.0, 0.0, 0.0, 9.0]"
x_box,"[18.0, 0.0, 0.0, 35.0]"
evol_zeta,"[[1.665, 31.75], [2.11, 30.25], [2.144, 30.0], [2.21, 22.499999999999993], [2.338, 21.833333333333336], [2.463, 21.79999999999999], [2.689, 20.500000000000004], [2.932, 21.4], [3.637, 21.2], [4.225, 20.2], [4.599, 20.4], [5.96, 18.800000000000022], [8.087, 18.4], [9.266, 18.6], [11.965, 16.75], [14.71, 17.66666666853334], [17.754, 16.666666666666664], [20.974, 16.666666666666668], [26.024, 16.5], [32.995, 16.5], [51.39, 16.4], [67.189, 15.75], [97.525, 14.749999999999998], [132.208, 17.0], [187.752, 16.4], [248.791, 16.166666666666664], [369.663, 17.666666666666664], [514.078, 16.000000000000004], [644.706, 14.0], [918.493, 13.750000001475001], [1154.59, 16.2], [1640.214, 14.5], [2359.651, 15.6], [3147.645, 14.0], [3600.049, 0.0]]"
ξ_box,[21.0 4.0 -0.0 30.0 23.0; 3.0 22.0 -0.0 16.0 5.0; 2.0 22.0 -0.0 22.0 4.0; 14.0 3.0 1.0 2.0 6.0; 30.0 19.0 17.0 -0.0 22.0; 22.0 20.0 17.0 -0.0 22.0; 32.0 21.0 25.0 0.0 18.0; 3.0 17.0 32.0 19.0 23.0; -0.0 -0.0 18.0 18.0 3.0; 0.0 -0.0 19.0 19.0 2.0]
