first,second
s_box,[9.0; 23.0; 28.0; 24.0; 30.0; 34.0; 23.0; 20.0; 32.0; 42.0; 34.0; 0.0; 0.0; 0.0; 0.0; 0.0; 0.0; 0.0; 10.0; 0.0;;]
x_pb,"[74.0, 91.0, 98.0, 116.0]"
s_bb,[9.0; 23.0; 28.0; 24.0; 30.0; 34.0; 23.0; 20.0; 32.0; 42.0; 34.0; 0.0; 0.0; 0.0; 0.0; 0.0; 0.0; 0.0; 10.0; 0.0;;]
partition_bb,"[[[0.0, 0.0, 0.0, 0.0, 6.0, 0.0, 0.0, 0.0, 0.0, 20.0, 12.0, 12.0, 19.0, 30.0, 36.0, 41.0, 43.0, 47.0, 49.0, 49.0], [0.0, 0.0, 3.0, 1.0, 6.0, 35.0, 24.0, 21.0, 32.0, 12.0, 24.0, 23.0, 19.0, 26.0, 20.0, 25.0, 27.0, 31.0, 29.0, 26.0], [21.0, 24.0, 29.0, 25.0, 20.0, 14.0, 3.0, 0.0, 0.0, 20.0, 6.0, 5.0, 7.0, 18.0, 24.0, 29.0, 31.0, 32.0, 34.0, 37.0], [0.0, 0.0, 0.0, 0.0, 0.0, 7.0, 18.0, 21.0, 23.0, 43.0, 32.0, 33.0, 28.0, 27.0, 33.0, 28.0, 26.0, 22.0, 20.0, 20.0], [21.0, 24.0, 22.0, 25.0, 31.0, 16.0, 19.0, 21.0, 32.0, 34.0, 20.0, 19.0, 18.0, 11.0, 5.0, 0.0, 2.0, 2.0, 0.0, 3.0], [1.0, 1.0, 10.0, 14.0, 16.0, 7.0, 18.0, 21.0, 10.0, 12.0, 22.0, 22.0, 28.0, 40.0, 34.0, 29.0, 27.0, 23.0, 24.0, 21.0], [17.0, 14.0, 21.0, 17.0, 12.0, 7.0, 18.0, 21.0, 23.0, 21.0, 35.0, 35.0, 28.0, 17.0, 11.0, 13.0, 15.0, 19.0, 18.0, 21.0]]]"
y_box,[12.0 1.0 1.0 -0.0 -0.0 -0.0 -0.0 -0.0 -0.0 -0.0 -0.0 -0.0 -0.0 -0.0 -0.0 -0.0 -0.0 -0.0 -0.0 -0.0; -0.0 -0.0 -0.0 1.0 1.0 1.0 1.0 1.0 0.0 -0.0 -0.0 -0.0 -0.0 -0.0 -0.0 -0.0 -0.0 -0.0 -0.0 -0.0; -0.0 -0.0 -0.0 -0.0 -0.0 -0.0 -0.0 -0.0 -0.0 1.0 1.0 35.0 28.0 -0.0 -0.0 -0.0 -0.0 -0.0 -0.0 -0.0; -0.0 -0.0 -0.0 -0.0 -0.0 -0.0 -0.0 -0.0 -0.0 -0.0 -0.0 -0.0 -0.0 40.0 36.0 41.0 43.0 47.0 39.0 49.0;;;]
evol_bb,"[[0.305, 3.751717626057387e7]]"
y_bb,[12.0 1.0 1.0 -0.0 -0.0 -0.0 -0.0 -0.0 -0.0 -0.0 -0.0 -0.0 -0.0 -0.0 -0.0 -0.0 -0.0 -0.0 -0.0 -0.0; -0.0 -0.0 -0.0 1.0 1.0 1.0 1.0 1.0 0.0 -0.0 -0.0 -0.0 -0.0 -0.0 -0.0 -0.0 -0.0 -0.0 -0.0 -0.0; -0.0 -0.0 -0.0 -0.0 -0.0 -0.0 -0.0 -0.0 -0.0 1.0 1.0 35.0 28.0 -0.0 -0.0 -0.0 -0.0 -0.0 -0.0 -0.0; -0.0 -0.0 -0.0 -0.0 -0.0 -0.0 -0.0 -0.0 -0.0 -0.0 -0.0 -0.0 -0.0 40.0 36.0 41.0 43.0 47.0 39.0 49.0;;;]
evol_box,"[[0.382, 0.0], [1.865, 10837.193129187763], [1.942, 1.506198136222266e7], [1.949, 2.8292286933694802e7], [1.957, 3.6181988974156015e7], [1.965, 3.739579669062901e7], [1.973, 3.751717626057387e7]]"
y_pb,[[21.0 24.0 28.999999999999996 -0.0 -0.0 -0.0 -0.0 -0.0 -0.0 -0.0 -0.0 -0.0 -0.0 -0.0 -0.0 -0.0 -0.0 -0.0 -0.0 -0.0; -0.0 -0.0 -0.0 24.999999999999996 31.0 35.0 -0.0 -0.0 -0.0 -0.0 -0.0 -0.0 -0.0 -0.0 -0.0 -0.0 -0.0 -0.0 -0.0 -0.0; -0.0 -0.0 -0.0 -0.0 -0.0 -0.0 -0.0 -0.0 -0.0 -0.0 35.0 35.0 28.0 -0.0 -0.0 -0.0 -0.0 -0.0 -0.0 -0.0; -0.0 -0.0 -0.0 -0.0 -0.0 -0.0 -0.0 -0.0 -0.0 -0.0 -0.0 -0.0 -0.0 40.0 36.0 40.0 -0.0 -0.0 -0.0 -0.0;;;]]
x_bb,"[14.0, 5.0, 65.0, 295.0]"
x_box,"[14.0, 5.0, 65.0, 295.0]"
evol_zeta,"[[1.537, 49.0], [1.94, 35.000000000000014], [1.948, 26.0], [1.956, 23.0], [1.963, 10.0], [1.971, 1.0], [2.008, 0.0]]"
ξ_box,[21.0; 24.0; 29.0; 25.0; 31.0; 35.0; 24.0; 21.0; 32.0; 43.0; 35.0; 35.0; 28.0; 40.0; 36.0; 41.0; 43.0; 47.0; 49.0; 49.0;;]
