first,second
s_box,[-0.0 8.0; -0.0 -0.0; -0.0 -0.0; -0.0 -0.0; -0.0 -0.0; -0.0 -0.0; -0.0 -0.0; -0.0 -0.0; -0.0 -0.0; -0.0 -0.0; -0.0 -0.0; -0.0 -0.0; -0.0 -0.0; -0.0 -0.0; -0.0 -0.0; -0.0 -0.0; -0.0 -0.0; -0.0 -0.0; -0.0 -0.0; -0.0 -0.0]
x_pb,"[84.0, 34.0, 29.0, 174.0]"
s_bb,[8.0 -0.0; 0.0 -0.0; 0.0 -0.0; 0.0 -0.0; 0.0 -0.0; 0.0 -0.0; 0.0 -0.0; 0.0 -0.0; 0.0 -0.0; 0.0 -0.0; 0.0 -0.0; 0.0 -0.0; 0.0 -0.0; 0.0 -0.0; 0.0 -0.0; 0.0 -0.0; 0.0 -0.0; 0.0 -0.0; 0.0 -0.0; 0.0 -0.0]
partition_bb,"[[[20.0, 4.0, 1.0, 15.0, 7.0, 5.0, 5.0, 11.0, 17.0, 22.0, 11.0, 6.0, 10.0, 13.0, 17.0, 19.0, 23.0, 35.0, 37.0, 43.0], [12.0, 4.0, 1.0, 16.0, 9.0, 6.0, 6.0, 12.0, 18.0, 22.0, 12.0, 6.0, 10.0, 13.0, 17.0, 19.0, 23.0, 35.0, 37.0, 43.0]], Vector{Float64}[]]"
y_box,[20.0 4.0 1.0 -0.0 9.0 6.0 6.0 -0.0 6.0 22.0 -0.0 -0.0 10.0 -0.0 -0.0 -0.0 -0.0 -0.0 -0.0 -0.0; -0.0 -0.0 -0.0 11.0 -0.0 -0.0 -0.0 -0.0 -0.0 -0.0 -0.0 0.0 10.0 -0.0 -0.0 -0.0 13.0 -0.0 -0.0 -0.0; -0.0 -0.0 -0.0 5.0 -0.0 -0.0 -0.0 12.0 12.0 -0.0 -0.0 -0.0 -0.0 -0.0 -0.0 -0.0 -0.0 -0.0 -0.0 -0.0; -0.0 -0.0 -0.0 -0.0 -0.0 -0.0 -0.0 -0.0 -0.0 -0.0 12.0 6.0 -0.0 13.0 17.0 19.0 10.0 26.0 28.0 34.0;;; 12.0 4.0 1.0 16.0 9.0 6.0 6.0 12.0 18.0 -0.0 -0.0 -0.0 -0.0 -0.0 -0.0 -0.0 -0.0 -0.0 -0.0 -0.0; -0.0 -0.0 -0.0 -0.0 -0.0 -0.0 -0.0 -0.0 -0.0 22.0 12.0 -0.0 -0.0 -0.0 -0.0 -0.0 -0.0 -0.0 -0.0 -0.0; -0.0 -0.0 -0.0 -0.0 -0.0 -0.0 -0.0 -0.0 -0.0 -0.0 -0.0 6.0 10.0 13.0 -0.0 -0.0 -0.0 -0.0 -0.0 -0.0; -0.0 -0.0 -0.0 -0.0 -0.0 -0.0 -0.0 -0.0 -0.0 -0.0 -0.0 -0.0 -0.0 -0.0 17.0 19.0 23.0 35.0 37.0 43.0]
evol_bb,"[[0.28, 1.065000765989716e6]]"
y_bb,[12.0 4.0 1.0 16.0 9.0 6.0 6.0 12.0 18.0 -0.0 -0.0 -0.0 -0.0 -0.0 -0.0 -0.0 -0.0 -0.0 -0.0 -0.0; -0.0 -0.0 -0.0 -0.0 -0.0 -0.0 -0.0 -0.0 -0.0 22.0 12.0 -0.0 -0.0 -0.0 -0.0 -0.0 -0.0 -0.0 -0.0 -0.0; -0.0 -0.0 -0.0 -0.0 -0.0 -0.0 -0.0 -0.0 -0.0 -0.0 -0.0 6.0 10.0 13.0 -0.0 -0.0 -0.0 -0.0 -0.0 -0.0; -0.0 -0.0 -0.0 -0.0 -0.0 -0.0 -0.0 -0.0 -0.0 -0.0 -0.0 -0.0 -0.0 -0.0 17.0 19.0 23.0 35.0 37.0 43.0;;; -0.0 -0.0 -0.0 -0.0 -0.0 -0.0 -0.0 -0.0 -0.0 -0.0 -0.0 -0.0 -0.0 -0.0 -0.0 -0.0 -0.0 -0.0 -0.0 -0.0; -0.0 -0.0 -0.0 -0.0 -0.0 -0.0 -0.0 -0.0 -0.0 -0.0 -0.0 -0.0 -0.0 -0.0 -0.0 -0.0 -0.0 -0.0 -0.0 -0.0; -0.0 -0.0 -0.0 -0.0 -0.0 -0.0 -0.0 -0.0 -0.0 -0.0 -0.0 -0.0 -0.0 -0.0 -0.0 -0.0 -0.0 -0.0 -0.0 -0.0; -0.0 -0.0 -0.0 -0.0 -0.0 -0.0 -0.0 -0.0 -0.0 -0.0 -0.0 -0.0 -0.0 -0.0 -0.0 -0.0 -0.0 -0.0 -0.0 -0.0]
evol_box,"[[0.45, 0.0], [2.038, 6258.3017292339355], [2.149, 6258.301729224622], [2.21, 535622.8617193617], [2.249, 535622.8617187589], [2.278, 1.0650007659897162e6]]"
y_pb,[[12.0 4.0 1.0 16.0 9.0 6.0 6.0 12.0 18.0 -0.0 -0.0 -0.0 -0.0 -0.0 -0.0 -0.0 -0.0 -0.0 -0.0 -0.0; -0.0 -0.0 -0.0 -0.0 -0.0 -0.0 -0.0 -0.0 -0.0 22.0 12.0 -0.0 -0.0 -0.0 -0.0 -0.0 -0.0 -0.0 -0.0 -0.0; -0.0 -0.0 -0.0 -0.0 -0.0 -0.0 -0.0 -0.0 -0.0 -0.0 -0.0 6.0 10.0 13.0 -0.0 -0.0 -0.0 -0.0 -0.0 -0.0; -0.0 -0.0 -0.0 -0.0 -0.0 -0.0 -0.0 -0.0 -0.0 -0.0 -0.0 -0.0 -0.0 -0.0 17.0 19.0 23.0 35.0 36.99999999999999 43.0;;;]]
x_bb,"[84.0, 34.0, 29.0, 174.0]"
x_box,"[84.0, 34.0, 29.0, 174.0]"
evol_zeta,"[[1.667, 43.0], [2.122, 2.0], [2.162, 2.0], [2.226, 1.0000000002000036], [2.252, 1.0], [2.281, 0.0]]"
ξ_box,[20.0 20.0; 4.0 4.0; 1.0 1.0; 16.0 16.0; 9.0 9.0; 6.0 6.0; 6.0 6.0; 12.0 12.0; 18.0 18.0; 22.0 22.0; 12.0 12.0; 6.0 6.0; 10.0 10.0; 13.0 13.0; 17.0 17.0; 19.0 19.0; 23.0 23.0; 26.0 35.0; 28.0 37.0; 34.0 43.0]
