first,second
s_box,[43.0; 40.0; 0.0; 0.0; 21.0; 0.0; 0.0; 0.0; 0.0; 0.0; 0.0; 0.0; 0.0; 0.0; 0.0; 3.0; 10.0; 0.0; 0.0; 0.0;;]
x_pb,"[68.0, 91.0, 66.0, 17.0]"
s_bb,[43.0; 40.0; 0.0; 0.0; 21.0; 0.0; 0.0; 0.0; 0.0; 0.0; 0.0; 0.0; 0.0; 0.0; 0.0; 3.0; 10.0; 0.0; 0.0; 0.0;;]
partition_bb,"[[[43.0, 40.0, 23.0, 23.0, 21.0, 5.0, 2.0, 0.0, 0.0, 8.0, 5.0, 3.0, 9.0, 13.0, 15.0, 13.0, 10.0, 0.0, 3.0, 6.0], [25.0, 22.0, 5.0, 5.0, 18.0, 23.0, 26.0, 21.0, 16.0, 8.0, 5.0, 3.0, 0.0, 0.0, 0.0, 2.0, 0.0, 5.0, 0.0, 0.0], [20.0, 17.0, 34.0, 34.0, 21.0, 16.0, 13.0, 10.0, 1.0, 2.0, 5.0, 3.0, 7.0, 11.0, 13.0, 11.0, 10.0, 8.0, 3.0, 6.0], [31.0, 28.0, 11.0, 11.0, 12.0, 28.0, 24.0, 17.0, 13.0, 6.0, 3.0, 1.0, 4.0, 2.0, 2.0, 4.0, 6.0, 0.0, 3.0, 0.0], [37.0, 34.0, 28.0, 28.0, 15.0, 15.0, 12.0, 9.0, 0.0, 0.0, 3.0, 2.0, 8.0, 12.0, 14.0, 16.0, 10.0, 0.0, 0.0, 0.0]]]"
y_box,[0.0 0.0 34.0 34.0 0.0 -0.0 -0.0 -0.0 -0.0 -0.0 -0.0 -0.0 -0.0 -0.0 -0.0 -0.0 -0.0 -0.0 -0.0 -0.0; -0.0 -0.0 -0.0 -0.0 -0.0 28.0 26.0 21.0 16.0 -0.0 -0.0 -0.0 -0.0 -0.0 -0.0 -0.0 -0.0 -0.0 -0.0 -0.0; -0.0 -0.0 -0.0 -0.0 -0.0 -0.0 -0.0 -0.0 -0.0 8.0 5.0 3.0 9.0 13.0 15.0 13.0 -0.0 -0.0 -0.0 -0.0; -0.0 -0.0 -0.0 -0.0 -0.0 -0.0 -0.0 -0.0 -0.0 -0.0 -0.0 -0.0 -0.0 -0.0 -0.0 -0.0 0.0 8.0 3.0 6.0;;;]
evol_bb,"[[0.491, 1.3799343546096552e7]]"
y_bb,[0.0 0.0 34.0 34.0 0.0 -0.0 -0.0 -0.0 -0.0 -0.0 -0.0 -0.0 -0.0 -0.0 -0.0 -0.0 -0.0 -0.0 -0.0 -0.0; -0.0 -0.0 -0.0 -0.0 -0.0 28.0 26.0 21.0 16.0 -0.0 -0.0 -0.0 -0.0 -0.0 -0.0 -0.0 -0.0 -0.0 -0.0 -0.0; -0.0 -0.0 -0.0 -0.0 -0.0 -0.0 -0.0 -0.0 -0.0 8.0 5.0 3.0 9.0 13.0 15.0 13.0 -0.0 -0.0 -0.0 -0.0; -0.0 -0.0 -0.0 -0.0 -0.0 -0.0 -0.0 -0.0 -0.0 -0.0 -0.0 -0.0 -0.0 -0.0 -0.0 -0.0 0.0 8.0 3.0 6.0;;;]
evol_box,"[[0.551, 0.0], [3.085, 4017.207553237156], [3.221, 8.729068244520806e6], [3.231, 1.3091830037955668e7], [3.243, 1.3445600056910716e7], [3.254, 1.3799343546096552e7]]"
y_pb,[[-0.0 -0.0 34.0 34.0 -0.0 -0.0 -0.0 -0.0 -0.0 -0.0 -0.0 -0.0 -0.0 -0.0 -0.0 -0.0 -0.0 -0.0 -0.0 -0.0; -0.0 -0.0 -0.0 -0.0 -0.0 28.0 26.0 21.0 16.0 -0.0 -0.0 -0.0 -0.0 -0.0 -0.0 -0.0 -0.0 -0.0 -0.0 -0.0; -0.0 -0.0 -0.0 -0.0 -0.0 -0.0 -0.0 -0.0 -0.0 5.0 5.0 3.0 9.0 13.0 15.0 16.0 -0.0 -0.0 -0.0 -0.0; -0.0 -0.0 -0.0 -0.0 -0.0 -0.0 -0.0 -0.0 -0.0 -0.0 -0.0 -0.0 -0.0 -0.0 -0.0 -0.0 -0.0 8.0 3.0 6.0;;;]]
x_bb,"[68.0, 91.0, 66.0, 17.0]"
x_box,"[68.0, 91.0, 66.0, 17.0]"
evol_zeta,"[[2.413, 43.0], [3.219, 24.0], [3.228, 11.0], [3.24, 3.000000000400007], [3.251, 3.0], [3.265, 0.0]]"
ξ_box,[43.0; 40.0; 34.0; 34.0; 21.0; 28.0; 26.0; 21.0; 16.0; 8.0; 5.0; 3.0; 9.0; 13.0; 15.0; 16.0; 10.0; 8.0; 3.0; 6.0;;]
