first,second
s_box,[0.0; 0.0; 0.0; 0.0; 0.0; 0.0; 0.0; 0.0; 0.0; 0.0; 0.0; 0.0; 27.0; 30.0; 8.0; 15.0; 26.0; 23.0; 31.0; 40.0;;]
x_pb,"[144.0, 98.0, 68.0, -0.0]"
s_bb,[0.0; 0.0; 0.0; 0.0; 0.0; 0.0; 0.0; 0.0; 0.0; 0.0; 0.0; 0.0; 27.0; 30.0; 8.0; 15.0; 26.0; 23.0; 31.0; 40.0;;]
partition_bb,"[[[19.0, 13.0, 14.0, 16.0, 21.0, 25.0, 24.0, 23.0, 21.0, 11.0, 0.0, 0.0, 0.0, 0.0, 1.0, 8.0, 20.0, 23.0, 31.0, 40.0], [19.0, 25.0, 23.0, 22.0, 17.0, 8.0, 8.0, 6.0, 4.0, 8.0, 22.0, 25.0, 31.0, 22.0, 8.0, 14.0, 2.0, 0.0, 8.0, 0.0], [18.0, 24.0, 28.0, 30.0, 35.0, 26.0, 26.0, 24.0, 22.0, 6.0, 8.0, 11.0, 17.0, 26.0, 8.0, 1.0, 0.0, 0.0, 0.0, 0.0], [19.0, 25.0, 29.0, 36.0, 31.0, 26.0, 26.0, 24.0, 22.0, 11.0, 10.0, 13.0, 19.0, 10.0, 8.0, 1.0, 0.0, 0.0, 0.0, 0.0], [19.0, 25.0, 26.0, 19.0, 19.0, 11.0, 11.0, 9.0, 11.0, 11.0, 0.0, 3.0, 9.0, 0.0, 8.0, 15.0, 26.0, 23.0, 31.0, 40.0], [6.0, 10.0, 14.0, 21.0, 17.0, 26.0, 26.0, 24.0, 22.0, 11.0, 25.0, 28.0, 22.0, 30.0, 8.0, 1.0, 11.0, 8.0, 0.0, 0.0]]]"
y_box,[19.0 25.0 29.0 36.0 35.0 -0.0 -0.0 -0.0 -0.0 -0.0 -0.0 -0.0 -0.0 -0.0 -0.0 -0.0 -0.0 -0.0 -0.0 -0.0; -0.0 -0.0 -0.0 -0.0 -0.0 26.0 26.0 24.0 22.0 -0.0 -0.0 -0.0 -0.0 -0.0 -0.0 -0.0 -0.0 -0.0 -0.0 -0.0; -0.0 -0.0 -0.0 -0.0 -0.0 -0.0 -0.0 -0.0 -0.0 11.0 25.0 28.0 4.0 0.0 0.0 -0.0 -0.0 -0.0 -0.0 -0.0; -0.0 -0.0 -0.0 -0.0 -0.0 -0.0 -0.0 -0.0 -0.0 -0.0 -0.0 -0.0 -0.0 -0.0 -0.0 0.0 0.0 0.0 0.0 0.0;;;]
evol_bb,"[[0.329, 2.5350753804721825e7]]"
y_bb,[19.0 25.0 29.0 36.0 35.0 -0.0 -0.0 -0.0 -0.0 -0.0 -0.0 -0.0 -0.0 -0.0 -0.0 -0.0 -0.0 -0.0 -0.0 -0.0; -0.0 -0.0 -0.0 -0.0 -0.0 26.0 26.0 24.0 22.0 -0.0 -0.0 -0.0 -0.0 -0.0 -0.0 -0.0 -0.0 -0.0 -0.0 -0.0; -0.0 -0.0 -0.0 -0.0 -0.0 -0.0 -0.0 -0.0 -0.0 11.0 25.0 28.0 4.0 0.0 0.0 -0.0 -0.0 -0.0 -0.0 -0.0; -0.0 -0.0 -0.0 -0.0 -0.0 -0.0 -0.0 -0.0 -0.0 -0.0 -0.0 -0.0 -0.0 -0.0 -0.0 0.0 0.0 0.0 0.0 0.0;;;]
evol_box,"[[0.441, 0.0], [2.098, 7324.783498862335], [2.185, 1.5212988649677116e7], [2.192, 2.3576505795000523e7], [2.2, 2.4590361800555557e7], [2.209, 2.5350753804721825e7]]"
y_pb,[[19.0 24.999999999999996 28.999999999999996 36.0 35.0 -0.0 -0.0 -0.0 -0.0 -0.0 -0.0 -0.0 -0.0 -0.0 -0.0 -0.0 -0.0 -0.0 -0.0 -0.0; -0.0 -0.0 -0.0 -0.0 -0.0 26.0 26.0 24.0 22.0 -0.0 -0.0 -0.0 -0.0 -0.0 -0.0 -0.0 -0.0 -0.0 -0.0 -0.0; -0.0 -0.0 -0.0 -0.0 -0.0 -0.0 -0.0 -0.0 -0.0 11.0 24.999999999999996 28.0 4.0 -0.0 -0.0 -0.0 -0.0 -0.0 -0.0 -0.0; -0.0 -0.0 -0.0 -0.0 -0.0 -0.0 -0.0 -0.0 -0.0 -0.0 -0.0 -0.0 -0.0 -0.0 -0.0 -0.0 -0.0 0.0 -0.0 -0.0;;;]]
x_bb,"[144.0, 98.0, 68.0, 0.0]"
x_box,"[144.0, 98.0, 68.0, 0.0]"
evol_zeta,"[[1.693, 40.0], [2.183, 31.0], [2.19, 20.0], [2.198, 8.0], [2.207, 6.0], [2.244, 0.0]]"
ξ_box,[19.0; 25.0; 29.0; 36.0; 35.0; 26.0; 26.0; 24.0; 22.0; 11.0; 25.0; 28.0; 31.0; 30.0; 8.0; 15.0; 26.0; 23.0; 31.0; 40.0;;]
