first,second
s_box,[58.0; 46.0; 44.0; 44.0; 35.0; 38.0; 39.0; 40.0; 44.0; 46.0; 43.0; 0.0; 0.0; 0.0; 1.0; 0.0; 0.0; 0.0; 0.0; 1.0;;]
x_pb,"[171.0, -0.0, 89.99999999999999, 116.0]"
s_bb,[58.0; 46.0; 44.0; 44.0; 35.0; 38.0; 39.0; 40.0; 44.0; 46.0; 43.0; 0.0; 0.0; 0.0; 1.0; 0.0; 0.0; 0.0; 0.0; 1.0;;]
partition_bb,"[[[58.0, 46.0, 43.0, 38.0, 36.0, 34.0, 33.0, 32.0, 22.0, 11.0, 10.0, 10.0, 9.0, 0.0, 0.0, 0.0, 0.0, 0.0, 0.0, 0.0], [16.0, 3.0, 0.0, 0.0, 3.0, 0.0, 2.0, 3.0, 12.0, 21.0, 14.0, 22.0, 22.0, 35.0, 37.0, 41.0, 48.0, 35.0, 33.0, 31.0], [0.0, 8.0, 11.0, 16.0, 17.0, 20.0, 21.0, 22.0, 32.0, 37.0, 44.0, 36.0, 36.0, 23.0, 19.0, 17.0, 10.0, 7.0, 2.0, 0.0], [7.0, 20.0, 23.0, 28.0, 29.0, 32.0, 33.0, 34.0, 44.0, 33.0, 32.0, 25.0, 25.0, 11.0, 7.0, 5.0, 0.0, 0.0, 0.0, 0.0], [0.0, 0.0, 0.0, 1.0, 7.0, 10.0, 11.0, 12.0, 15.0, 26.0, 26.0, 34.0, 33.0, 42.0, 46.0, 35.0, 35.0, 22.0, 16.0, 7.0], [0.0, 9.0, 11.0, 12.0, 18.0, 21.0, 22.0, 23.0, 26.0, 30.0, 37.0, 45.0, 44.0, 24.0, 20.0, 18.0, 11.0, 8.0, 4.0, 0.0], [0.0, 11.0, 14.0, 19.0, 20.0, 23.0, 24.0, 25.0, 35.0, 46.0, 39.0, 31.0, 31.0, 24.0, 20.0, 16.0, 11.0, 3.0, 0.0, 0.0], [14.0, 27.0, 28.0, 29.0, 36.0, 38.0, 40.0, 41.0, 31.0, 20.0, 19.0, 21.0, 22.0, 2.0, 0.0, 0.0, 0.0, 0.0, 0.0, 0.0], [0.0, 0.0, 0.0, 1.0, 2.0, 5.0, 6.0, 7.0, 17.0, 22.0, 29.0, 21.0, 22.0, 37.0, 37.0, 48.0, 41.0, 35.0, 29.0, 20.0], [29.0, 36.0, 39.0, 44.0, 36.0, 35.0, 33.0, 32.0, 28.0, 17.0, 16.0, 11.0, 11.0, 0.0, 0.0, 0.0, 0.0, 0.0, 1.0, 10.0], [29.0, 42.0, 45.0, 40.0, 36.0, 35.0, 33.0, 32.0, 24.0, 13.0, 12.0, 11.0, 11.0, 0.0, 0.0, 4.0, 11.0, 0.0, 0.0, 0.0], [14.0, 27.0, 29.0, 30.0, 36.0, 39.0, 39.0, 40.0, 30.0, 19.0, 18.0, 25.0, 26.0, 6.0, 2.0, 0.0, 0.0, 0.0, 0.0, 0.0], [0.0, 8.0, 11.0, 12.0, 17.0, 20.0, 21.0, 22.0, 26.0, 30.0, 37.0, 44.0, 45.0, 25.0, 21.0, 19.0, 12.0, 9.0, 5.0, 0.0]]]"
y_box,[0.0 0.0 1.0 -0.0 1.0 1.0 1.0 1.0 0.0 -0.0 -0.0 -0.0 -0.0 -0.0 -0.0 -0.0 -0.0 -0.0 -0.0 -0.0; -0.0 -0.0 -0.0 -0.0 -0.0 -0.0 -0.0 -0.0 -0.0 -0.0 -0.0 -0.0 -0.0 -0.0 -0.0 -0.0 -0.0 -0.0 -0.0 -0.0; -0.0 -0.0 -0.0 -0.0 -0.0 -0.0 -0.0 -0.0 -0.0 0.0 1.0 45.0 45.0 42.0 45.0 -0.0 -0.0 -0.0 -0.0 -0.0; -0.0 -0.0 -0.0 -0.0 -0.0 -0.0 -0.0 -0.0 -0.0 -0.0 -0.0 -0.0 -0.0 -0.0 -0.0 48.0 48.0 35.0 33.0 30.0;;;]
evol_bb,"[[0.574, 5.420207656202943e7]]"
y_bb,[0.0 0.0 1.0 -0.0 1.0 1.0 1.0 1.0 0.0 -0.0 -0.0 -0.0 -0.0 -0.0 -0.0 -0.0 -0.0 -0.0 -0.0 -0.0; -0.0 -0.0 -0.0 -0.0 -0.0 -0.0 -0.0 -0.0 -0.0 -0.0 -0.0 -0.0 -0.0 -0.0 -0.0 -0.0 -0.0 -0.0 -0.0 -0.0; -0.0 -0.0 -0.0 -0.0 -0.0 -0.0 -0.0 -0.0 -0.0 0.0 1.0 45.0 45.0 42.0 45.0 -0.0 -0.0 -0.0 -0.0 -0.0; -0.0 -0.0 -0.0 -0.0 -0.0 -0.0 -0.0 -0.0 -0.0 -0.0 -0.0 -0.0 -0.0 -0.0 -0.0 48.0 48.0 35.0 33.0 30.0;;;]
evol_box,"[[0.473, 0.0], [2.143, 570714.1622606928], [2.246, 3.440227697201322e7], [2.273, 4.390589895025451e7], [2.292, 4.548994187896573e7], [2.315, 4.730038594717241e7], [2.332, 4.922370068221643e7], [2.353, 5.024201399353079e7], [2.375, 5.103400075311952e7], [2.394, 5.2957481452268854e7], [2.412, 5.3636356993145086e7], [2.436, 5.3862648840103835e7], [2.452, 5.4088940687062584e7], [2.483, 5.420207656202943e7]]"
y_pb,[[-0.0 46.0 44.99999999999999 44.0 36.0 -0.0 -0.0 -0.0 -0.0 -0.0 -0.0 -0.0 -0.0 -0.0 -0.0 -0.0 -0.0 -0.0 -0.0 -0.0; -0.0 -0.0 -0.0 -0.0 -0.0 -0.0 -0.0 0.0 -0.0 -0.0 -0.0 -0.0 -0.0 -0.0 -0.0 -0.0 -0.0 -0.0 -0.0 -0.0; -0.0 -0.0 -0.0 -0.0 -0.0 -0.0 -0.0 -0.0 -0.0 -0.0 -0.0 44.99999999999999 44.99999999999999 -0.0 -0.0 -0.0 -0.0 -0.0 -0.0 -0.0; -0.0 -0.0 -0.0 -0.0 -0.0 -0.0 -0.0 -0.0 -0.0 -0.0 -0.0 -0.0 -0.0 -0.0 -0.0 48.0 0.0 35.0 33.0 -0.0;;;]]
x_bb,"[5.0, 0.0, 178.0, 194.0]"
x_box,"[5.0, 0.0, 178.0, 194.0]"
evol_zeta,"[[1.74, 58.0], [2.244, 48.0], [2.271, 29.944444444444443], [2.29, 11.312500000000004], [2.313, 9.000000000000071], [2.33, 8.666666666666671], [2.351, 8.117647058823458], [2.373, 7.0], [2.392, 7.0], [2.41, 6.0], [2.433, 2.0], [2.45, 2.0], [2.481, 0.6111111111111143], [2.513, 0.0]]"
ξ_box,[58.0; 46.0; 45.0; 44.0; 36.0; 39.0; 40.0; 41.0; 44.0; 46.0; 44.0; 45.0; 45.0; 42.0; 46.0; 48.0; 48.0; 35.0; 33.0; 31.0;;]
