first,second
s_box,[30.0; 30.0; 26.0; 17.0; 22.0; 0.0; 0.0; 0.0; 0.0; 0.0; 0.0; 0.0; 7.0; 0.0; 0.0; 0.0; 0.0; 0.0; 0.0; 0.0;;]
x_pb,"[88.0, 68.0, 47.0, 78.0]"
s_bb,[30.0; 30.0; 26.0; 17.0; 22.0; 0.0; 0.0; 0.0; 0.0; 0.0; 0.0; 0.0; 7.0; 0.0; 0.0; 0.0; 0.0; 0.0; 0.0; 0.0;;]
partition_bb,"[[[19.0, 23.0, 19.0, 10.0, 7.0, 33.0, 28.0, 27.0, 13.0, 16.0, 17.0, 9.0, 0.0, 9.0, 19.0, 15.0, 11.0, 5.0, 2.0, 0.0], [30.0, 30.0, 26.0, 17.0, 22.0, 21.0, 28.0, 27.0, 13.0, 16.0, 14.0, 7.0, 10.0, 1.0, 11.0, 7.0, 3.0, 0.0, 0.0, 0.0], [6.0, 6.0, 10.0, 17.0, 22.0, 18.0, 24.0, 26.0, 12.0, 9.0, 8.0, 4.0, 13.0, 15.0, 14.0, 15.0, 22.0, 19.0, 12.0, 10.0], [0.0, 4.0, 0.0, 5.0, 0.0, 26.0, 28.0, 27.0, 13.0, 16.0, 17.0, 22.0, 13.0, 22.0, 19.0, 15.0, 11.0, 5.0, 0.0, 0.0]]]"
y_box,[0.0 0.0 0.0 0.0 0.0 33.0 28.0 27.0 -0.0 -0.0 -0.0 -0.0 -0.0 -0.0 -0.0 -0.0 -0.0 -0.0 -0.0 -0.0; -0.0 -0.0 -0.0 -0.0 -0.0 -0.0 -0.0 -0.0 13.0 16.0 17.0 22.0 -0.0 -0.0 -0.0 -0.0 -0.0 -0.0 -0.0 -0.0; -0.0 -0.0 -0.0 -0.0 -0.0 -0.0 -0.0 -0.0 -0.0 -0.0 -0.0 -0.0 6.0 22.0 19.0 -0.0 -0.0 -0.0 -0.0 -0.0; -0.0 -0.0 -0.0 -0.0 -0.0 -0.0 -0.0 -0.0 -0.0 -0.0 -0.0 -0.0 -0.0 -0.0 -0.0 15.0 22.0 19.0 12.0 10.0;;;]
evol_bb,"[[0.321, 1.5276362464573404e7]]"
y_bb,[0.0 0.0 0.0 0.0 0.0 33.0 28.0 27.0 -0.0 -0.0 -0.0 -0.0 -0.0 -0.0 -0.0 -0.0 -0.0 -0.0 -0.0 -0.0; -0.0 -0.0 -0.0 -0.0 -0.0 -0.0 -0.0 -0.0 13.0 16.0 17.0 22.0 -0.0 -0.0 -0.0 -0.0 -0.0 -0.0 -0.0 -0.0; -0.0 -0.0 -0.0 -0.0 -0.0 -0.0 -0.0 -0.0 -0.0 -0.0 -0.0 -0.0 6.0 22.0 19.0 -0.0 -0.0 -0.0 -0.0 -0.0; -0.0 -0.0 -0.0 -0.0 -0.0 -0.0 -0.0 -0.0 -0.0 -0.0 -0.0 -0.0 -0.0 -0.0 -0.0 15.0 22.0 19.0 12.0 10.0;;;]
evol_box,"[[0.421, 0.0], [1.869, 125454.56406319763], [1.953, 1.0766125417439379e7], [1.973, 1.411968930082893e7], [1.979, 1.5276362464573404e7]]"
y_pb,[[-0.0 -0.0 -0.0 -0.0 -0.0 33.0 28.0 27.0 -0.0 -0.0 -0.0 -0.0 -0.0 -0.0 -0.0 -0.0 -0.0 -0.0 -0.0 -0.0; -0.0 -0.0 -0.0 -0.0 -0.0 -0.0 -0.0 -0.0 13.0 16.0 17.0 22.0 -0.0 -0.0 -0.0 -0.0 -0.0 -0.0 -0.0 -0.0; -0.0 -0.0 -0.0 -0.0 -0.0 -0.0 -0.0 -0.0 -0.0 -0.0 -0.0 -0.0 6.0 22.0 19.0 -0.0 -0.0 -0.0 -0.0 -0.0; -0.0 -0.0 -0.0 -0.0 -0.0 -0.0 -0.0 -0.0 -0.0 -0.0 -0.0 -0.0 -0.0 -0.0 -0.0 15.0 22.0 19.0 12.0 10.0;;;]]
x_bb,"[88.0, 68.0, 47.0, 78.0]"
x_box,"[88.0, 68.0, 47.0, 78.0]"
evol_zeta,"[[1.565, 33.0], [1.952, 15.0], [1.972, 14.0], [1.977, 10.0], [1.992, 0.0]]"
ξ_box,[30.0; 30.0; 26.0; 17.0; 22.0; 33.0; 28.0; 27.0; 13.0; 16.0; 17.0; 22.0; 13.0; 22.0; 19.0; 15.0; 22.0; 19.0; 12.0; 10.0;;]
