first,second
s_box,[32.0; 37.0; 32.0; 23.0; 21.0; 29.0; 31.0; 26.0; 29.0; 18.0; 1.0; 0.0; 0.0; 0.0; 0.0; 0.0; 0.0; 2.0; 0.0; 0.0;;]
x_pb,"[46.0, 78.0, 70.0, 156.0]"
s_bb,[32.0; 37.0; 32.0; 23.0; 21.0; 29.0; 31.0; 26.0; 29.0; 18.0; 1.0; 0.0; 0.0; 0.0; 0.0; 0.0; 0.0; 2.0; 0.0; 0.0;;]
partition_bb,"[[[0.0, 0.0, 0.0, 0.0, 0.0, 0.0, 0.0, 0.0, 8.0, 10.0, 14.0, 22.0, 24.0, 24.0, 28.0, 34.0, 36.0, 47.0, 54.0, 55.0], [39.0, 27.0, 23.0, 21.0, 21.0, 13.0, 3.0, 0.0, 5.0, 10.0, 14.0, 22.0, 22.0, 24.0, 20.0, 23.0, 28.0, 17.0, 10.0, 9.0], [16.0, 4.0, 9.0, 18.0, 17.0, 25.0, 32.0, 27.0, 30.0, 17.0, 14.0, 21.0, 24.0, 24.0, 27.0, 21.0, 17.0, 8.0, 1.0, 0.0], [39.0, 38.0, 33.0, 24.0, 22.0, 17.0, 5.0, 0.0, 0.0, 2.0, 6.0, 14.0, 16.0, 16.0, 20.0, 15.0, 10.0, 21.0, 28.0, 27.0], [17.0, 28.0, 33.0, 24.0, 22.0, 30.0, 32.0, 27.0, 12.0, 0.0, 0.0, 0.0, 0.0, 0.0, 4.0, 10.0, 12.0, 23.0, 30.0, 31.0], [3.0, 15.0, 10.0, 1.0, 2.0, 8.0, 10.0, 15.0, 30.0, 18.0, 14.0, 22.0, 22.0, 24.0, 20.0, 16.0, 18.0, 29.0, 36.0, 37.0]]]"
y_box,[7.0 1.0 1.0 1.0 1.0 -0.0 -0.0 -0.0 -0.0 -0.0 -0.0 -0.0 -0.0 -0.0 -0.0 -0.0 -0.0 -0.0 -0.0 -0.0; -0.0 -0.0 -0.0 -0.0 -0.0 1.0 1.0 1.0 1.0 -0.0 -0.0 -0.0 -0.0 -0.0 -0.0 -0.0 -0.0 -0.0 -0.0 -0.0; -0.0 -0.0 -0.0 -0.0 -0.0 -0.0 -0.0 -0.0 -0.0 0.0 13.0 22.0 24.0 24.0 28.0 34.0 36.0 -0.0 -0.0 -0.0; -0.0 -0.0 -0.0 -0.0 -0.0 -0.0 -0.0 -0.0 -0.0 -0.0 -0.0 -0.0 -0.0 -0.0 -0.0 -0.0 -0.0 45.0 54.0 55.0;;;]
evol_bb,"[[0.288, 3.4994979542865515e7]]"
y_bb,[7.0 1.0 1.0 1.0 1.0 -0.0 -0.0 -0.0 -0.0 -0.0 -0.0 -0.0 -0.0 -0.0 -0.0 -0.0 -0.0 -0.0 -0.0 -0.0; -0.0 -0.0 -0.0 -0.0 -0.0 1.0 1.0 1.0 1.0 -0.0 -0.0 -0.0 -0.0 -0.0 -0.0 -0.0 -0.0 -0.0 -0.0 -0.0; -0.0 -0.0 -0.0 -0.0 -0.0 -0.0 -0.0 -0.0 -0.0 0.0 13.0 22.0 24.0 24.0 28.0 34.0 36.0 -0.0 -0.0 -0.0; -0.0 -0.0 -0.0 -0.0 -0.0 -0.0 -0.0 -0.0 -0.0 -0.0 -0.0 -0.0 -0.0 -0.0 -0.0 -0.0 -0.0 45.0 54.0 55.0;;;]
evol_box,"[[0.396, 0.0], [1.806, 751215.8890694006], [1.883, 2.901796425901208e7], [1.891, 3.2130948467615113e7], [1.899, 3.4994979542865515e7]]"
y_pb,[[-0.0 -0.0 -0.0 24.0 22.0 -0.0 -0.0 -0.0 -0.0 -0.0 -0.0 -0.0 -0.0 -0.0 -0.0 -0.0 -0.0 -0.0 -0.0 -0.0; -0.0 -0.0 -0.0 -0.0 -0.0 30.0 32.0 16.0 -0.0 -0.0 -0.0 -0.0 -0.0 -0.0 -0.0 -0.0 -0.0 -0.0 -0.0 -0.0; -0.0 -0.0 -0.0 -0.0 -0.0 -0.0 -0.0 -0.0 -0.0 -0.0 -0.0 -0.0 -0.0 -0.0 -0.0 34.0 36.0 -0.0 -0.0 -0.0; -0.0 -0.0 -0.0 -0.0 -0.0 -0.0 -0.0 -0.0 -0.0 -0.0 -0.0 -0.0 -0.0 -0.0 -0.0 -0.0 -0.0 47.0 54.0 54.99999999999999;;;]]
x_bb,"[11.0, 4.0, 181.0, 154.0]"
x_box,"[11.0, 4.0, 181.0, 154.0]"
evol_zeta,"[[1.467, 54.5], [1.881, 39.0], [1.89, 17.0], [1.897, 11.0], [1.908, 0.0]]"
ξ_box,[39.0; 38.0; 33.0; 24.0; 22.0; 30.0; 32.0; 27.0; 30.0; 18.0; 14.0; 22.0; 24.0; 24.0; 28.0; 34.0; 36.0; 47.0; 54.0; 55.0;;]
