first,second
s_box,[59.0; 64.0; 46.0; 42.0; 41.0; 34.0; 26.0; 0.0; 0.0; 0.0; 0.0; 0.0; 0.0; 0.0; 0.0; 0.0; 0.0; 0.0; 0.0; 0.0;;]
x_pb,"[79.0, 94.0, -0.0, 195.0]"
s_bb,[59.0; 64.0; 46.0; 42.0; 41.0; 34.0; 26.0; 0.0; 0.0; 0.0; 0.0; 0.0; 0.0; 0.0; 0.0; 0.0; 0.0; 0.0; 0.0; 0.0;;]
partition_bb,"[[[66.0, 59.0, 40.0, 30.0, 30.0, 28.0, 27.0, 23.0, 8.0, 6.0, 0.0, 0.0, 0.0, 0.0, 2.0, 4.0, 10.0, 11.0, 12.0, 6.0], [44.0, 51.0, 26.0, 16.0, 16.0, 14.0, 20.0, 23.0, 39.0, 31.0, 19.0, 18.0, 16.0, 13.0, 10.0, 9.0, 2.0, 1.0, 0.0, 0.0], [23.0, 16.0, 40.0, 41.0, 40.0, 33.0, 17.0, 13.0, 8.0, 0.0, 0.0, 0.0, 0.0, 7.0, 13.0, 15.0, 23.0, 24.0, 25.0, 31.0], [0.0, 0.0, 0.0, 0.0, 0.0, 0.0, 0.0, 3.0, 19.0, 27.0, 25.0, 24.0, 17.0, 25.0, 31.0, 33.0, 25.0, 24.0, 25.0, 31.0], [21.0, 22.0, 47.0, 37.0, 37.0, 35.0, 19.0, 16.0, 0.0, 0.0, 5.0, 6.0, 13.0, 9.0, 15.0, 17.0, 18.0, 20.0, 19.0, 13.0], [58.0, 65.0, 47.0, 43.0, 42.0, 35.0, 27.0, 23.0, 14.0, 6.0, 0.0, 0.0, 0.0, 0.0, 3.0, 5.0, 0.0, 0.0, 0.0, 0.0], [39.0, 32.0, 27.0, 18.0, 17.0, 15.0, 0.0, 0.0, 0.0, 8.0, 20.0, 21.0, 17.0, 25.0, 20.0, 18.0, 26.0, 24.0, 24.0, 18.0], [0.0, 0.0, 0.0, 0.0, 0.0, 7.0, 20.0, 23.0, 39.0, 32.0, 23.0, 24.0, 17.0, 25.0, 19.0, 17.0, 9.0, 8.0, 7.0, 13.0]]]"
y_box,[7.0 1.0 1.0 1.0 1.0 1.0 1.0 -0.0 -0.0 -0.0 -0.0 -0.0 -0.0 -0.0 -0.0 -0.0 -0.0 -0.0 -0.0 -0.0; -0.0 -0.0 -0.0 -0.0 -0.0 -0.0 -0.0 23.0 39.0 32.0 -0.0 -0.0 -0.0 -0.0 -0.0 -0.0 -0.0 -0.0 -0.0 -0.0; -0.0 -0.0 -0.0 -0.0 -0.0 -0.0 -0.0 -0.0 -0.0 -0.0 25.0 24.0 -0.0 -0.0 -0.0 -0.0 -0.0 -0.0 -0.0 -0.0; -0.0 -0.0 -0.0 -0.0 -0.0 -0.0 -0.0 -0.0 -0.0 -0.0 -0.0 -0.0 17.0 25.0 31.0 33.0 26.0 24.0 25.0 31.0;;;]
evol_bb,"[[0.329, 3.7307030435145825e7]]"
y_bb,[7.0 1.0 1.0 1.0 1.0 1.0 1.0 -0.0 -0.0 -0.0 -0.0 -0.0 -0.0 -0.0 -0.0 -0.0 -0.0 -0.0 -0.0 -0.0; -0.0 -0.0 -0.0 -0.0 -0.0 -0.0 -0.0 23.0 39.0 32.0 -0.0 -0.0 -0.0 -0.0 -0.0 -0.0 -0.0 -0.0 -0.0 -0.0; -0.0 -0.0 -0.0 -0.0 -0.0 -0.0 -0.0 -0.0 -0.0 -0.0 25.0 24.0 -0.0 -0.0 -0.0 -0.0 -0.0 -0.0 -0.0 -0.0; -0.0 -0.0 -0.0 -0.0 -0.0 -0.0 -0.0 -0.0 -0.0 -0.0 -0.0 -0.0 17.0 25.0 31.0 33.0 26.0 24.0 25.0 31.0;;;]
evol_box,"[[0.448, 0.0], [2.044, 9233.024730894287], [2.126, 1.5429929725417074e7], [2.134, 2.5829902565903224e7], [2.142, 3.2764120143410854e7], [2.152, 3.4557420174080566e7], [2.161, 3.527474018634845e7], [2.169, 3.658982687550625e7], [2.177, 3.706798470286733e7], [2.185, 3.718751360876864e7], [2.193, 3.7307030435145825e7]]"
y_pb,[[-0.0 -0.0 -0.0 -0.0 17.0 35.0 27.0 -0.0 -0.0 -0.0 -0.0 -0.0 -0.0 -0.0 -0.0 -0.0 -0.0 -0.0 -0.0 -0.0; -0.0 -0.0 -0.0 -0.0 -0.0 -0.0 -0.0 23.0 39.0 32.0 -0.0 -0.0 -0.0 -0.0 -0.0 -0.0 -0.0 -0.0 -0.0 -0.0; -0.0 -0.0 -0.0 -0.0 -0.0 -0.0 -0.0 -0.0 -0.0 0.0 -0.0 -0.0 -0.0 -0.0 -0.0 -0.0 -0.0 -0.0 -0.0 -0.0; -0.0 -0.0 -0.0 -0.0 -0.0 -0.0 -0.0 -0.0 -0.0 -0.0 -0.0 -0.0 -0.0 24.999999999999996 31.0 33.0 26.0 24.0 24.999999999999996 31.0;;;]]
x_bb,"[13.0, 94.0, 49.0, 212.0]"
x_box,"[13.0, 94.0, 49.0, 212.0]"
evol_zeta,"[[1.684, 66.0], [2.124, 31.0], [2.132, 25.0], [2.141, 18.0], [2.151, 7.0], [2.16, 6.0], [2.167, 6.0], [2.176, 2.0], [2.183, 1.0], [2.191, 1.0], [2.21, 0.0]]"
ξ_box,[66.0; 65.0; 47.0; 43.0; 42.0; 35.0; 27.0; 23.0; 39.0; 32.0; 25.0; 24.0; 17.0; 25.0; 31.0; 33.0; 26.0; 24.0; 25.0; 31.0;;]
