first,second
s_box,[53.0; 41.0; 40.0; 0.0; 0.0; 0.0; 0.0; 0.0; 0.0; 22.0; 34.0; 0.0; 15.0; 0.0; 0.0; 0.0; 0.0; 0.0; 0.0; 0.0;;]
x_pb,"[127.0, -0.0, 107.0, 63.0]"
s_bb,[53.0; 41.0; 40.0; 0.0; 0.0; 0.0; 0.0; 0.0; 0.0; 22.0; 34.0; 0.0; 15.0; 0.0; 0.0; 0.0; 0.0; 0.0; 0.0; 0.0;;]
partition_bb,"[[[53.0, 41.0, 36.0, 34.0, 33.0, 15.0, 12.0, 10.0, 9.0, 9.0, 20.0, 13.0, 10.0, 3.0, 1.0, 0.0, 0.0, 0.0, 0.0, 0.0], [0.0, 0.0, 5.0, 10.0, 14.0, 0.0, 0.0, 0.0, 0.0, 3.0, 15.0, 16.0, 19.0, 26.0, 26.0, 18.0, 14.0, 12.0, 4.0, 0.0], [24.0, 0.0, 0.0, 1.0, 2.0, 7.0, 12.0, 12.0, 19.0, 22.0, 28.0, 35.0, 33.0, 26.0, 24.0, 15.0, 14.0, 12.0, 4.0, 0.0], [25.0, 1.0, 0.0, 6.0, 7.0, 15.0, 12.0, 14.0, 19.0, 22.0, 34.0, 27.0, 24.0, 17.0, 15.0, 21.0, 14.0, 12.0, 8.0, 4.0], [53.0, 41.0, 40.0, 34.0, 31.0, 15.0, 12.0, 10.0, 9.0, 9.0, 17.0, 10.0, 7.0, 0.0, 0.0, 0.0, 0.0, 0.0, 0.0, 0.0], [53.0, 39.0, 38.0, 32.0, 31.0, 15.0, 12.0, 14.0, 7.0, 7.0, 4.0, 0.0, 0.0, 0.0, 2.0, 7.0, 14.0, 16.0, 7.0, 3.0], [6.0, 30.0, 25.0, 20.0, 16.0, 15.0, 12.0, 10.0, 5.0, 5.0, 17.0, 18.0, 21.0, 28.0, 26.0, 17.0, 14.0, 12.0, 4.0, 0.0]]]"
y_box,[0.0 0.0 0.0 34.0 33.0 15.0 12.0 14.0 19.0 0.0 -0.0 -0.0 -0.0 -0.0 -0.0 -0.0 -0.0 -0.0 -0.0 -0.0; -0.0 -0.0 -0.0 -0.0 -0.0 -0.0 -0.0 -0.0 -0.0 -0.0 -0.0 -0.0 -0.0 -0.0 -0.0 -0.0 -0.0 -0.0 -0.0 -0.0; -0.0 -0.0 -0.0 -0.0 -0.0 -0.0 -0.0 -0.0 -0.0 -0.0 0.0 35.0 18.0 28.0 26.0 -0.0 -0.0 -0.0 -0.0 -0.0; -0.0 -0.0 -0.0 -0.0 -0.0 -0.0 -0.0 -0.0 -0.0 -0.0 -0.0 -0.0 -0.0 -0.0 -0.0 21.0 14.0 16.0 8.0 4.0;;;]
evol_bb,"[[0.361, 2.3197913123584364e7]]"
y_bb,[0.0 0.0 0.0 34.0 33.0 15.0 12.0 14.0 19.0 0.0 -0.0 -0.0 -0.0 -0.0 -0.0 -0.0 -0.0 -0.0 -0.0 -0.0; -0.0 -0.0 -0.0 -0.0 -0.0 -0.0 -0.0 -0.0 -0.0 -0.0 -0.0 -0.0 -0.0 -0.0 -0.0 -0.0 -0.0 -0.0 -0.0 -0.0; -0.0 -0.0 -0.0 -0.0 -0.0 -0.0 -0.0 -0.0 -0.0 -0.0 0.0 35.0 18.0 28.0 26.0 -0.0 -0.0 -0.0 -0.0 -0.0; -0.0 -0.0 -0.0 -0.0 -0.0 -0.0 -0.0 -0.0 -0.0 -0.0 -0.0 -0.0 -0.0 -0.0 -0.0 21.0 14.0 16.0 8.0 4.0;;;]
evol_box,"[[0.481, 0.0], [2.325, 233137.6234066607], [2.417, 1.2450146585365538e7], [2.425, 2.0708932469942637e7], [2.436, 2.2519093898525774e7], [2.445, 2.2971642238485165e7], [2.455, 2.3197913123584364e7]]"
y_pb,[[-0.0 -0.0 -0.0 34.0 33.0 15.0 12.0 14.0 19.0 -0.0 -0.0 -0.0 -0.0 -0.0 -0.0 -0.0 -0.0 -0.0 -0.0 -0.0; -0.0 -0.0 -0.0 -0.0 -0.0 -0.0 -0.0 -0.0 0.0 -0.0 -0.0 -0.0 -0.0 -0.0 -0.0 -0.0 -0.0 -0.0 -0.0 -0.0; -0.0 -0.0 -0.0 -0.0 -0.0 -0.0 -0.0 -0.0 -0.0 -0.0 -0.0 35.0 18.0 28.0 26.0 -0.0 -0.0 -0.0 -0.0 -0.0; -0.0 -0.0 -0.0 -0.0 -0.0 -0.0 -0.0 -0.0 -0.0 -0.0 -0.0 -0.0 -0.0 -0.0 -0.0 21.0 14.0 16.0 8.0 4.0;;;]]
x_bb,"[127.0, 0.0, 107.0, 63.0]"
x_box,"[127.0, 0.0, 107.0, 63.0]"
evol_zeta,"[[1.916, 53.0], [2.415, 25.0], [2.424, 19.0], [2.434, 5.0], [2.443, 4.0], [2.453, 2.0000000000001905], [2.467, 0.0]]"
ξ_box,[53.0; 41.0; 40.0; 34.0; 33.0; 15.0; 12.0; 14.0; 19.0; 22.0; 34.0; 35.0; 33.0; 28.0; 26.0; 21.0; 14.0; 16.0; 8.0; 4.0;;]
