first,second
s_box,[12.0 12.0; 5.0 8.0; -0.0 4.0; -0.0 -0.0; -0.0 -0.0; -0.0 8.0; -0.0 -0.0; -0.0 -0.0; -0.0 -0.0; -0.0 -0.0; 0.0 -0.0; -0.0 -0.0; -0.0 -0.0; -0.0 -0.0; -0.0 -0.0; -0.0 -0.0; -0.0 -0.0; -0.0 -0.0; 14.0 -0.0; -0.0 -0.0]
x_pb,"[21.0, 28.0, 150.0, 44.0]"
s_bb,[12.0 -0.0; 8.0 -0.0; 4.0 4.0; -0.0 13.0; 0.0 -0.0; 8.0 -0.0; -0.0 -0.0; -0.0 -0.0; -0.0 -0.0; -0.0 -0.0; -0.0 -0.0; -0.0 -0.0; -0.0 -0.0; -0.0 13.0; -0.0 -0.0; -0.0 1.0; -0.0 -0.0; -0.0 -0.0; -0.0 -0.0; -0.0 -0.0]
partition_bb,"[[[0.0, 3.0, 4.0, 21.0, 28.0, 21.0, 16.0, 15.0, 14.0, 15.0, 16.0, 13.0, 14.0, 13.0, 4.0, 1.0, 11.0, 7.0, 14.0, 13.0], [12.0, 5.0, 4.0, 21.0, 28.0, 19.0, 16.0, 15.0, 14.0, 14.0, 16.0, 18.0, 14.0, 13.0, 4.0, 1.0, 11.0, 15.0, 4.0, 3.0], [12.0, 8.0, 4.0, 11.0, 28.0, 21.0, 16.0, 15.0, 14.0, 14.0, 16.0, 14.0, 10.0, 9.0, 0.0, 0.0, 10.0, 14.0, 14.0, 13.0], [1.0, 8.0, 4.0, 21.0, 28.0, 19.0, 16.0, 15.0, 14.0, 15.0, 13.0, 18.0, 14.0, 13.0, 4.0, 1.0, 7.0, 3.0, 14.0, 15.0]], [[12.0, 8.0, 4.0, 6.0, 28.0, 19.0, 15.0, 15.0, 14.0, 14.0, 13.0, 10.0, 14.0, 13.0, 4.0, 1.0, 11.0, 15.0, 14.0, 13.0], [12.0, 5.0, 4.0, 21.0, 12.0, 9.0, 13.0, 13.0, 13.0, 12.0, 11.0, 18.0, 14.0, 13.0, 4.0, 1.0, 11.0, 13.0, 10.0, 9.0], [12.0, 5.0, 4.0, 21.0, 28.0, 21.0, 16.0, 15.0, 14.0, 14.0, 16.0, 16.0, 12.0, 11.0, 2.0, 0.0, 7.0, 3.0, 14.0, 15.0]]]"
y_box,[-0.0 3.0 4.0 -0.0 14.0 -0.0 -0.0 -0.0 -0.0 -0.0 -0.0 -0.0 -0.0 -0.0 -0.0 -0.0 -0.0 -0.0 -0.0 -0.0; -0.0 -0.0 0.0 21.0 4.0 3.0 -0.0 -0.0 -0.0 -0.0 -0.0 -0.0 -0.0 -0.0 -0.0 -0.0 -0.0 -0.0 -0.0 -0.0; -0.0 -0.0 -0.0 -0.0 -0.0 -0.0 16.0 15.0 14.0 15.0 16.0 17.0 14.0 13.0 4.0 1.0 11.0 12.0 -0.0 -0.0; -0.0 -0.0 -0.0 -0.0 10.0 18.0 -0.0 -0.0 -0.0 -0.0 -0.0 -0.0 -0.0 -0.0 -0.0 -0.0 -0.0 -0.0 -0.0 15.0;;; -0.0 -0.0 -0.0 21.0 -0.0 -0.0 -0.0 -0.0 -0.0 -0.0 -0.0 -0.0 -0.0 -0.0 -0.0 -0.0 -0.0 -0.0 -0.0 -0.0; -0.0 -0.0 -0.0 -0.0 28.0 -0.0 -0.0 -0.0 -0.0 -0.0 -0.0 -0.0 -0.0 -0.0 -0.0 -0.0 -0.0 -0.0 -0.0 -0.0; -0.0 -0.0 -0.0 -0.0 -0.0 13.0 16.0 15.0 14.0 15.0 16.0 18.0 14.0 13.0 4.0 1.0 11.0 -0.0 -0.0 -0.0; -0.0 -0.0 -0.0 -0.0 -0.0 -0.0 -0.0 -0.0 -0.0 -0.0 -0.0 -0.0 -0.0 -0.0 -0.0 -0.0 -0.0 15.0 14.0 15.0]
evol_bb,"[[0.301, 3.7041341837013178e6], [0.7, 3.7041341837013173e6], [0.847, 3.704134183701317e6]]"
y_bb,[0.0 -0.0 -0.0 21.0 -0.0 -0.0 -0.0 -0.0 -0.0 -0.0 -0.0 -0.0 -0.0 -0.0 -0.0 -0.0 -0.0 -0.0 -0.0 -0.0; -0.0 -0.0 -0.0 -0.0 28.0 -0.0 -0.0 -0.0 -0.0 -0.0 -0.0 -0.0 -0.0 -0.0 -0.0 -0.0 -0.0 -0.0 -0.0 -0.0; -0.0 -0.0 -0.0 -0.0 -0.0 13.0 16.0 15.0 14.0 15.0 16.0 18.0 14.0 13.0 4.0 1.0 11.0 -0.0 0.0 0.0; -0.0 -0.0 -0.0 -0.0 -0.0 -0.0 0.0 -0.0 0.0 -0.0 -0.0 -0.0 -0.0 -0.0 0.0 -0.0 -0.0 15.0 14.0 15.0;;; -0.0 -0.0 -0.0 -0.0 21.0 -0.0 -0.0 0.0 0.0 -0.0 -0.0 -0.0 -0.0 -0.0 -0.0 -0.0 -0.0 -0.0 -0.0 -0.0; -0.0 8.0 -0.0 8.0 -0.0 -0.0 -0.0 -0.0 -0.0 -0.0 -0.0 -0.0 -0.0 0.0 4.0 -0.0 -0.0 2.0 6.0 -0.0; 12.0 -0.0 0.0 -0.0 -0.0 21.0 16.0 15.0 14.0 14.0 16.0 18.0 0.0 -0.0 -0.0 -0.0 11.0 13.0 -0.0 -0.0; 0.0 -0.0 -0.0 -0.0 7.0 0.0 0.0 -0.0 -0.0 -0.0 0.0 -0.0 14.0 -0.0 0.0 0.0 -0.0 -0.0 8.0 15.0]
evol_box,"[[0.451, 0.0], [2.198, 8092.536598399991], [2.292, 8092.536598399991], [2.316, 1.3939749717141124e6], [2.344, 1.394113512862091e6], [2.403, 2.895512310240194e6], [2.491, 3.011235366515434e6], [2.569, 3.4731037201152835e6], [2.676, 3.4731607983802105e6], [2.761, 3.4731607983802105e6], [2.853, 3.588615103615891e6], [2.948, 3.5886151036158907e6], [3.058, 3.7041341837006994e6]]"
y_pb,[[-0.0 -0.0 -0.0 21.0 -0.0 -0.0 -0.0 -0.0 -0.0 -0.0 -0.0 -0.0 -0.0 -0.0 -0.0 -0.0 -0.0 -0.0 -0.0 -0.0; -0.0 -0.0 -0.0 -0.0 28.0 -0.0 -0.0 -0.0 -0.0 -0.0 -0.0 -0.0 -0.0 -0.0 -0.0 -0.0 -0.0 -0.0 -0.0 -0.0; -0.0 -0.0 -0.0 -0.0 -0.0 13.0 16.0 15.0 14.0 15.0 16.0 18.0 14.0 13.0 4.0 1.0 11.0 -0.0 -0.0 -0.0; -0.0 -0.0 -0.0 -0.0 -0.0 -0.0 -0.0 -0.0 -0.0 -0.0 -0.0 -0.0 -0.0 -0.0 -0.0 -0.0 -0.0 15.0 14.0 15.0;;;]]
x_bb,"[21.0, 28.0, 150.0, 44.0]"
x_box,"[21.0, 28.0, 150.0, 44.0]"
evol_zeta,"[[1.793, 28.0], [2.28, 12.0], [2.297, 12.0], [2.32, 4.0], [2.376, 4.0], [2.409, 3.0], [2.499, 3.0], [2.586, 1.0000000002000036], [2.681, 2.0], [2.764, 1.0], [2.86, 1.0], [2.956, 1.0], [3.075, 0.0]]"
ξ_box,[12.0 12.0; 8.0 8.0; 4.0 4.0; 21.0 21.0; 28.0 28.0; 21.0 21.0; 16.0 16.0; 15.0 15.0; 14.0 14.0; 15.0 15.0; 16.0 16.0; 17.0 18.0; 14.0 14.0; 13.0 13.0; 4.0 4.0; 1.0 1.0; 11.0 11.0; 12.0 15.0; 14.0 14.0; 15.0 15.0]
