first,second
s_box,[-0.0 -0.0; 0.0 -0.0; 0.0 -0.0; -0.0 -0.0; 18.0 -0.0; -0.0 -0.0; -0.0 -0.0; -0.0 -0.0; -0.0 -0.0; -0.0 -0.0; -0.0 -0.0; -0.0 -0.0; -0.0 -0.0; -0.0 -0.0; -0.0 -0.0; 12.0 -0.0; 10.0 -0.0; 6.0 -0.0; 13.0 13.0; 19.0 19.0]
x_pb,"[155.0, -0.0, 107.0, 92.0]"
s_bb,[-0.0 -0.0; -0.0 -0.0; -0.0 -0.0; -0.0 -0.0; 18.0 -0.0; -0.0 -0.0; -0.0 -0.0; -0.0 -0.0; -0.0 -0.0; -0.0 -0.0; -0.0 -0.0; -0.0 -0.0; -0.0 -0.0; -0.0 -0.0; 0.0 -0.0; 12.0 -0.0; 10.0 -0.0; 6.0 -0.0; 13.0 -0.0; 19.0 -0.0]
partition_bb,"[[[48.0, 44.0, 27.0, 36.0, 33.0, 28.0, 22.0, 14.0, 4.0, 0.0, 0.0, 0.0, 0.0, 0.0, 0.0, 0.0, 0.0, 0.0, 0.0, 0.0], [13.0, 9.0, 26.0, 35.0, 39.0, 34.0, 28.0, 20.0, 9.0, 6.0, 4.0, 11.0, 19.0, 23.0, 18.0, 12.0, 10.0, 6.0, 13.0, 19.0], [48.0, 44.0, 27.0, 36.0, 40.0, 35.0, 29.0, 21.0, 10.0, 7.0, 4.0, 11.0, 3.0, 1.0, 11.0, 12.0, 9.0, 6.0, 0.0, 0.0]], [[48.0, 44.0, 27.0, 30.0, 26.0, 22.0, 16.0, 21.0, 10.0, 7.0, 4.0, 11.0, 19.0, 23.0, 18.0, 12.0, 10.0, 6.0, 0.0, 0.0]]]"
y_box,[48.0 44.0 27.0 36.0 -0.0 -0.0 -0.0 -0.0 -0.0 -0.0 -0.0 -0.0 -0.0 -0.0 -0.0 -0.0 -0.0 -0.0 -0.0 -0.0; -0.0 -0.0 0.0 -0.0 -0.0 -0.0 -0.0 -0.0 -0.0 -0.0 -0.0 -0.0 -0.0 -0.0 -0.0 -0.0 -0.0 -0.0 -0.0 -0.0; -0.0 -0.0 -0.0 -0.0 22.0 35.0 29.0 21.0 -0.0 -0.0 -0.0 -0.0 -0.0 -0.0 -0.0 -0.0 -0.0 -0.0 -0.0 -0.0; -0.0 -0.0 -0.0 -0.0 -0.0 -0.0 -0.0 -0.0 10.0 7.0 4.0 11.0 19.0 23.0 18.0 0.0 0.0 0.0 -0.0 -0.0;;; 9.0 13.0 27.0 36.0 40.0 -0.0 20.0 -0.0 10.0 0.0 -0.0 -0.0 -0.0 -0.0 -0.0 -0.0 -0.0 -0.0 -0.0 -0.0; -0.0 -0.0 -0.0 -0.0 -0.0 -0.0 -0.0 -0.0 -0.0 -0.0 -0.0 -0.0 -0.0 -0.0 -0.0 -0.0 -0.0 -0.0 -0.0 -0.0; -0.0 -0.0 -0.0 -0.0 -0.0 0.0 -0.0 4.0 0.0 7.0 4.0 11.0 -0.0 23.0 18.0 -0.0 10.0 6.0 13.0 11.0; -0.0 -0.0 -0.0 -0.0 -0.0 35.0 9.0 17.0 -0.0 -0.0 0.0 0.0 19.0 -0.0 0.0 12.0 0.0 -0.0 -0.0 -0.0]
evol_bb,"[[0.343, 8.792140803546961e6], [0.364, 8.791464245189436e6], [0.494, 8.791464245189434e6]]"
y_bb,[48.0 44.0 27.0 36.0 -0.0 -0.0 -0.0 -0.0 -0.0 -0.0 -0.0 -0.0 -0.0 -0.0 -0.0 -0.0 -0.0 -0.0 -0.0 -0.0; -0.0 -0.0 0.0 -0.0 0.0 -0.0 -0.0 -0.0 -0.0 -0.0 -0.0 -0.0 -0.0 -0.0 -0.0 -0.0 -0.0 -0.0 -0.0 -0.0; -0.0 -0.0 -0.0 -0.0 22.0 35.0 29.0 21.0 -0.0 -0.0 -0.0 -0.0 -0.0 -0.0 -0.0 -0.0 -0.0 -0.0 -0.0 -0.0; -0.0 -0.0 -0.0 -0.0 -0.0 -0.0 0.0 -0.0 10.0 7.0 4.0 11.0 19.0 23.0 18.0 -0.0 -0.0 -0.0 0.0 0.0;;; 48.0 19.0 -0.0 30.0 26.0 22.0 -0.0 -0.0 -0.0 -0.0 -0.0 0.0 -0.0 -0.0 -0.0 -0.0 10.0 -0.0 -0.0 -0.0; -0.0 -0.0 -0.0 -0.0 -0.0 -0.0 -0.0 -0.0 -0.0 -0.0 -0.0 -0.0 -0.0 -0.0 -0.0 -0.0 -0.0 0.0 -0.0 -0.0; -0.0 -0.0 27.0 -0.0 -0.0 -0.0 -0.0 21.0 10.0 7.0 -0.0 11.0 -0.0 23.0 -0.0 2.0 0.0 6.0 -0.0 -0.0; -0.0 25.0 0.0 -0.0 -0.0 -0.0 16.0 -0.0 0.0 -0.0 4.0 -0.0 19.0 -0.0 18.0 10.0 -0.0 -0.0 -0.0 -0.0]
evol_box,"[[0.405, 0.0], [1.982, 6181.155344416166], [2.085, 8424.140053844972], [2.137, 1.4731711739059049e6], [2.229, 3.724367306415211e6], [2.291, 5.075374796226215e6], [2.517, 5.863858112367625e6], [2.563, 6.877278338513025e6], [2.795, 7.778060116338161e6], [2.951, 7.778060116338161e6], [3.116, 7.890623453094736e6], [3.367, 8.115897762377029e6], [3.604, 8.453634406365214e6], [3.775, 8.678866522961294e6], [3.835, 8.678866522961294e6], [4.077, 8.678866522961292e6], [4.335, 8.678866522961294e6], [4.385, 8.791464245189436e6]]"
y_pb,[[48.0 44.0 27.0 36.0 -0.0 -0.0 -0.0 -0.0 -0.0 -0.0 -0.0 -0.0 -0.0 -0.0 -0.0 -0.0 -0.0 -0.0 -0.0 -0.0; -0.0 -0.0 -0.0 -0.0 0.0 -0.0 -0.0 -0.0 -0.0 -0.0 -0.0 -0.0 -0.0 -0.0 -0.0 -0.0 -0.0 -0.0 -0.0 -0.0; -0.0 -0.0 -0.0 -0.0 22.0 35.0 28.999999999999996 21.0 -0.0 -0.0 -0.0 -0.0 -0.0 -0.0 -0.0 -0.0 -0.0 -0.0 -0.0 -0.0; -0.0 -0.0 -0.0 -0.0 -0.0 -0.0 -0.0 -0.0 10.0 7.0 4.0 11.0 19.0 23.0 18.0 -0.0 -0.0 -0.0 -0.0 -0.0;;;]]
x_bb,"[155.0, -0.0, 107.0, 92.0]"
x_box,"[155.0, 0.0, 107.0, 92.0]"
evol_zeta,"[[1.625, 48.0], [2.069, 23.0], [2.108, 19.0], [2.193, 19.0], [2.248, 8.0], [2.308, 10.0], [2.535, 8.0], [2.61, 7.0], [2.803, 5.0], [2.958, 5.0], [3.131, 5.0], [3.424, 2.0], [3.655, 2.0], [3.789, 1.0000000002000036], [3.849, 1.0], [4.079, 1.0], [4.338, 1.0], [4.406, -0.0]]"
ξ_box,[48.0 9.0; 44.0 13.0; 27.0 27.0; 36.0 36.0; 40.0 40.0; 35.0 35.0; 29.0 29.0; 21.0 21.0; 10.0 10.0; 7.0 7.0; 4.0 4.0; 11.0 11.0; 19.0 19.0; 23.0 23.0; 18.0 18.0; 12.0 12.0; 10.0 10.0; 6.0 6.0; 13.0 6.0; 19.0 19.0]
