first,second
s_box,[18.0 -0.0 -0.0; 6.0 -0.0 -0.0; -0.0 -0.0 5.0; -0.0 -0.0 -0.0; -0.0 -0.0 -0.0; -0.0 -0.0 -0.0; -0.0 -0.0 -0.0; -0.0 -0.0 -0.0; 20.0 -0.0 -0.0; -0.0 -0.0 -0.0; -0.0 24.0 1.0; -0.0 -0.0 2.0; -0.0 1.0 4.0; -0.0 -0.0 -0.0; -0.0 -0.0 -0.0; -0.0 -0.0 -0.0; -0.0 -0.0 -0.0; -0.0 -0.0 -0.0; -0.0 10.0 -0.0; -0.0 13.0 -0.0]
x_pb,"[47.0, 109.0, 38.0, 81.0]"
s_bb,[-0.0 -0.0 -0.0; -0.0 -0.0 -0.0; -0.0 -0.0 -0.0; -0.0 -0.0 -0.0; -0.0 -0.0 -0.0; -0.0 -0.0 4.0; -0.0 -0.0 -0.0; -0.0 -0.0 -0.0; 0.0 -0.0 -0.0; 0.0 -0.0 -0.0; 24.0 -0.0 -0.0; 0.0 -0.0 -0.0; 1.0 -0.0 -0.0; 0.0 -0.0 -0.0; 0.0 1.0 -0.0; -0.0 -0.0 -0.0; -0.0 -0.0 -0.0; -0.0 -0.0 -0.0; 10.0 -0.0 -0.0; 13.0 -0.0 -0.0]
partition_bb,"[[[18.0, 15.0, 9.0, 6.0, 2.0, 9.0, 7.0, 7.0, 20.0, 24.0, 24.0, 19.0, 20.0, 19.0, 18.0, 14.0, 13.0, 9.0, 10.0, 13.0], [4.0, 6.0, 4.0, 4.0, 6.0, 11.0, 12.0, 17.0, 12.0, 16.0, 17.0, 19.0, 20.0, 17.0, 16.0, 14.0, 13.0, 15.0, 10.0, 10.0], [18.0, 15.0, 14.0, 10.0, 6.0, 14.0, 15.0, 20.0, 20.0, 16.0, 7.0, 12.0, 14.0, 18.0, 17.0, 13.0, 13.0, 9.0, 10.0, 7.0], [17.0, 15.0, 14.0, 8.0, 6.0, 14.0, 12.0, 17.0, 12.0, 8.0, 19.0, 19.0, 17.0, 17.0, 18.0, 14.0, 13.0, 17.0, 10.0, 7.0]], [[15.0, 11.0, 6.0, 4.0, 6.0, 14.0, 15.0, 20.0, 20.0, 24.0, 24.0, 19.0, 17.0, 19.0, 18.0, 14.0, 13.0, 17.0, 0.0, 0.0]], [[18.0, 14.0, 9.0, 10.0, 6.0, 14.0, 15.0, 20.0, 20.0, 24.0, 17.0, 12.0, 10.0, 13.0, 14.0, 11.0, 13.0, 16.0, 10.0, 13.0]]]"
y_box,[0.0 9.0 -0.0 -0.0 -0.0 -0.0 -0.0 12.0 -0.0 -0.0 -0.0 -0.0 0.0 -0.0 18.0 8.0 -0.0 -0.0 -0.0 -0.0; -0.0 -0.0 14.0 10.0 6.0 14.0 15.0 8.0 0.0 13.0 -0.0 16.0 -0.0 -0.0 -0.0 -0.0 -0.0 -0.0 -0.0 13.0; -0.0 -0.0 -0.0 -0.0 -0.0 -0.0 -0.0 -0.0 -0.0 11.0 24.0 3.0 -0.0 -0.0 -0.0 -0.0 -0.0 -0.0 -0.0 -0.0; -0.0 -0.0 -0.0 -0.0 -0.0 -0.0 -0.0 -0.0 -0.0 -0.0 -0.0 -0.0 20.0 19.0 -0.0 6.0 13.0 13.0 10.0 0.0;;; 18.0 15.0 14.0 -0.0 -0.0 -0.0 -0.0 -0.0 -0.0 -0.0 -0.0 -0.0 -0.0 -0.0 -0.0 -0.0 -0.0 -0.0 -0.0 -0.0; -0.0 -0.0 -0.0 10.0 6.0 14.0 15.0 20.0 20.0 24.0 -0.0 -0.0 -0.0 -0.0 -0.0 -0.0 -0.0 -0.0 -0.0 -0.0; -0.0 -0.0 -0.0 -0.0 -0.0 -0.0 -0.0 -0.0 -0.0 -0.0 0.0 19.0 19.0 -0.0 -0.0 -0.0 -0.0 -0.0 -0.0 -0.0; -0.0 -0.0 -0.0 -0.0 -0.0 -0.0 -0.0 -0.0 -0.0 -0.0 -0.0 -0.0 -0.0 19.0 18.0 14.0 13.0 17.0 0.0 0.0;;; 0.0 15.0 9.0 -0.0 -0.0 -0.0 -0.0 -0.0 -0.0 -0.0 -0.0 -0.0 -0.0 -0.0 -0.0 -0.0 13.0 -0.0 10.0 -0.0; 18.0 -0.0 -0.0 10.0 6.0 6.0 7.0 12.0 20.0 24.0 -0.0 -0.0 -0.0 -0.0 -0.0 -0.0 -0.0 -0.0 -0.0 -0.0; -0.0 -0.0 -0.0 -0.0 -0.0 -0.0 -0.0 -0.0 -0.0 -0.0 23.0 6.0 9.0 -0.0 -0.0 -0.0 -0.0 -0.0 -0.0 -0.0; -0.0 -0.0 -0.0 -0.0 -0.0 -0.0 -0.0 -0.0 -0.0 -0.0 -0.0 3.0 -0.0 19.0 18.0 13.0 0.0 16.0 0.0 7.0]
evol_bb,"[[0.58, 5.288571161267967e6], [3.299, 5.288571161267966e6]]"
y_bb,[18.0 15.0 14.0 -0.0 -0.0 -0.0 -0.0 -0.0 -0.0 -0.0 -0.0 -0.0 -0.0 -0.0 -0.0 -0.0 -0.0 -0.0 -0.0 -0.0; -0.0 -0.0 -0.0 10.0 6.0 14.0 15.0 20.0 20.0 24.0 -0.0 -0.0 -0.0 -0.0 -0.0 -0.0 -0.0 -0.0 -0.0 -0.0; -0.0 -0.0 -0.0 -0.0 -0.0 -0.0 -0.0 -0.0 -0.0 -0.0 -0.0 19.0 19.0 -0.0 -0.0 0.0 -0.0 -0.0 -0.0 -0.0; -0.0 -0.0 -0.0 -0.0 -0.0 -0.0 -0.0 -0.0 -0.0 -0.0 -0.0 -0.0 -0.0 19.0 18.0 14.0 13.0 17.0 -0.0 -0.0;;; -0.0 -0.0 -0.0 -0.0 -0.0 -0.0 -0.0 -0.0 6.0 0.0 3.0 19.0 -0.0 19.0 -0.0 0.0 -0.0 -0.0 -0.0 -0.0; 15.0 11.0 6.0 0.0 -0.0 14.0 8.0 0.0 -0.0 -0.0 21.0 -0.0 17.0 -0.0 17.0 -0.0 -0.0 0.0 -0.0 -0.0; -0.0 -0.0 -0.0 -0.0 -0.0 -0.0 -0.0 -0.0 14.0 24.0 -0.0 0.0 -0.0 0.0 -0.0 -0.0 -0.0 -0.0 -0.0 -0.0; -0.0 -0.0 -0.0 4.0 6.0 -0.0 7.0 20.0 -0.0 -0.0 -0.0 -0.0 -0.0 -0.0 -0.0 14.0 13.0 17.0 -0.0 -0.0;;; -0.0 -0.0 -0.0 -0.0 0.0 -0.0 -0.0 -0.0 -0.0 24.0 2.0 -0.0 -0.0 -0.0 -0.0 -0.0 -0.0 -0.0 8.0 13.0; 18.0 14.0 0.0 0.0 6.0 -0.0 5.0 20.0 20.0 -0.0 -0.0 -0.0 10.0 -0.0 -0.0 -0.0 -0.0 16.0 -0.0 -0.0; -0.0 -0.0 -0.0 -0.0 -0.0 -0.0 -0.0 -0.0 -0.0 -0.0 15.0 12.0 -0.0 -0.0 -0.0 11.0 -0.0 0.0 -0.0 -0.0; -0.0 -0.0 9.0 10.0 -0.0 10.0 10.0 -0.0 -0.0 -0.0 -0.0 -0.0 -0.0 13.0 14.0 -0.0 13.0 -0.0 2.0 -0.0]
evol_box,"[[0.425, 0.0], [2.101, 118655.28788501557], [2.272, 118655.28788501557], [2.383, 118655.28788501557], [2.809, 2.208231588243426e6], [3.099, 2.2082315882427953e6], [3.793, 2.648657158884423e6], [5.185, 3.4183145933337985e6], [6.131, 3.4183145933337985e6], [7.374, 3.9683808724075323e6], [9.53, 4.298570434645684e6], [10.734, 4.2985704346456835e6], [12.531, 4.298570434645684e6], [13.997, 4.408493497072304e6], [14.579, 4.5185046275916835e6], [17.207, 4.518514641102728e6], [18.873, 4.628462079373164e6], [21.011, 4.738480259688965e6], [26.939, 4.7384833190637855e6], [29.773, 4.738560639909349e6], [33.91, 4.738585758889558e6], [41.083, 4.958524431038488e6], [43.246, 4.958524431038488e6], [47.148, 5.068534800636365e6], [50.578, 5.068535179214141e6], [54.347, 5.068536154745828e6], [57.461, 5.068536154745828e6], [61.818, 5.068536154745828e6], [64.748, 5.0685668879777165e6], [68.393, 5.178555512583915e6], [71.003, 5.178555512583915e6], [75.082, 5.178555512583913e6], [78.212, 5.178555512583914e6], [81.661, 5.178561472761693e6], [86.705, 5.178563589794867e6], [91.687, 5.178564676485411e6], [95.594, 5.178564676485412e6], [102.849, 5.178564676485411e6], [106.53, 5.178564676485411e6], [111.12, 5.17856467648541e6], [117.515, 5.178573994463213e6], [125.529, 5.288571161267968e6]]"
y_pb,[[18.0 15.0 14.0 -0.0 -0.0 -0.0 -0.0 -0.0 -0.0 -0.0 -0.0 -0.0 -0.0 -0.0 -0.0 -0.0 -0.0 -0.0 -0.0 -0.0; -0.0 -0.0 -0.0 10.0 6.0 14.0 15.0 20.0 20.0 24.0 -0.0 -0.0 -0.0 -0.0 -0.0 -0.0 -0.0 -0.0 -0.0 -0.0; -0.0 -0.0 -0.0 -0.0 -0.0 -0.0 -0.0 -0.0 -0.0 -0.0 -0.0 19.0 19.0 -0.0 -0.0 -0.0 -0.0 -0.0 -0.0 -0.0; -0.0 -0.0 -0.0 -0.0 -0.0 -0.0 -0.0 -0.0 -0.0 -0.0 -0.0 -0.0 -0.0 19.0 18.0 14.0 13.0 17.0 -0.0 -0.0;;;]]
x_bb,"[47.0, 109.0, 38.0, 81.0]"
x_box,"[47.0, 109.0, 38.0, 81.0]"
evol_zeta,"[[1.698, 24.0], [2.194, 13.0], [2.301, 13.0], [2.467, 13.0], [2.841, 8.0], [3.124, 8.0], [3.818, 5.000000000600011], [5.199, 5.000000000600011], [6.162, 5.000000000600011], [7.475, 5.0], [9.591, 5.0], [10.739, 5.0], [12.598, 5.0], [14.031, 5.000000000600011], [14.61, 3.0], [17.24, 7.0], [18.984, 5.0], [21.078, 5.0], [26.975, 3.000000000400007], [29.841, 3.0], [33.948, 5.0], [41.114, 3.0], [43.283, 2.9999999999999996], [47.17, 2.0], [50.608, 2.0], [54.384, 1.0000000002000036], [57.539, 1.0], [61.862, 1.0000000002000036], [64.783, 2.0], [68.474, 1.0], [71.027, 1.0], [75.109, 1.0], [78.273, 1.0], [81.73, 0.9999994037347619], [86.738, 1.0], [91.73, 1.0], [95.63, 1.0], [102.852, 1.0], [106.562, 1.0000000000000249], [111.17, 1.0000000000000249], [117.543, 1.0], [125.547, 0.0]]"
ξ_box,[18.0 18.0 18.0; 15.0 15.0 15.0; 14.0 14.0 14.0; 10.0 10.0 10.0; 6.0 6.0 6.0; 14.0 14.0 6.0; 15.0 15.0 7.0; 20.0 20.0 12.0; 20.0 20.0 20.0; 24.0 24.0 24.0; 24.0 24.0 24.0; 19.0 19.0 11.0; 20.0 20.0 13.0; 19.0 19.0 19.0; 18.0 18.0 10.0; 14.0 14.0 13.0; 13.0 13.0 13.0; 13.0 17.0 16.0; 10.0 10.0 10.0; 13.0 13.0 7.0]
