first,second
s_box,[37.0; 0.0; 0.0; 0.0; 0.0; 36.0; 31.0; 0.0; 0.0; 0.0; 0.0; 0.0; 0.0; 0.0; 2.0; 0.0; 0.0; 24.0; 24.0; 28.0;;]
x_pb,"[113.0, 45.0, 35.0, 98.0]"
s_bb,[37.0; 0.0; 0.0; 0.0; 0.0; 36.0; 31.0; 0.0; 0.0; 0.0; 0.0; 0.0; 0.0; 0.0; 2.0; 0.0; 0.0; 24.0; 24.0; 28.0;;]
partition_bb,"[[[37.0, 27.0, 23.0, 28.0, 25.0, 31.0, 26.0, 18.0, 17.0, 9.0, 4.0, 0.0, 2.0, 12.0, 23.0, 7.0, 2.0, 0.0, 0.0, 0.0], [17.0, 27.0, 23.0, 19.0, 12.0, 5.0, 4.0, 20.0, 19.0, 11.0, 6.0, 2.0, 0.0, 10.0, 1.0, 17.0, 22.0, 24.0, 24.0, 28.0], [0.0, 0.0, 0.0, 0.0, 0.0, 7.0, 2.0, 0.0, 0.0, 0.0, 0.0, 0.0, 0.0, 10.0, 12.0, 28.0, 22.0, 21.0, 20.0, 17.0], [0.0, 10.0, 14.0, 19.0, 26.0, 19.0, 24.0, 23.0, 22.0, 14.0, 9.0, 5.0, 7.0, 17.0, 33.0, 17.0, 11.0, 10.0, 9.0, 6.0], [17.0, 27.0, 23.0, 28.0, 35.0, 28.0, 23.0, 5.0, 6.0, 14.0, 9.0, 5.0, 7.0, 0.0, 0.0, 16.0, 13.0, 11.0, 11.0, 15.0], [37.0, 27.0, 23.0, 28.0, 21.0, 26.0, 31.0, 13.0, 8.0, 8.0, 8.0, 5.0, 3.0, 0.0, 0.0, 5.0, 10.0, 12.0, 12.0, 16.0], [16.0, 13.0, 17.0, 22.0, 29.0, 36.0, 31.0, 23.0, 22.0, 14.0, 9.0, 5.0, 7.0, 17.0, 16.0, 0.0, 6.0, 4.0, 4.0, 0.0]]]"
y_box,[0.0 27.0 23.0 28.0 35.0 0.0 -0.0 -0.0 -0.0 -0.0 -0.0 -0.0 -0.0 -0.0 -0.0 -0.0 -0.0 -0.0 -0.0 -0.0; -0.0 -0.0 -0.0 -0.0 -0.0 -0.0 0.0 23.0 22.0 -0.0 -0.0 -0.0 -0.0 -0.0 -0.0 -0.0 -0.0 -0.0 -0.0 -0.0; -0.0 -0.0 -0.0 -0.0 -0.0 -0.0 -0.0 -0.0 -0.0 14.0 9.0 5.0 7.0 -0.0 -0.0 -0.0 -0.0 -0.0 -0.0 -0.0; -0.0 -0.0 -0.0 -0.0 -0.0 -0.0 -0.0 -0.0 -0.0 -0.0 -0.0 -0.0 -0.0 17.0 31.0 28.0 22.0 0.0 0.0 0.0;;;]
evol_bb,"[[0.511, 2.1883725604763824e7]]"
y_bb,[0.0 27.0 23.0 28.0 35.0 0.0 -0.0 -0.0 -0.0 -0.0 -0.0 -0.0 -0.0 -0.0 -0.0 -0.0 -0.0 -0.0 -0.0 -0.0; -0.0 -0.0 -0.0 -0.0 -0.0 -0.0 0.0 23.0 22.0 -0.0 -0.0 -0.0 -0.0 -0.0 -0.0 -0.0 -0.0 -0.0 -0.0 -0.0; -0.0 -0.0 -0.0 -0.0 -0.0 -0.0 -0.0 -0.0 -0.0 14.0 9.0 5.0 7.0 -0.0 -0.0 -0.0 -0.0 -0.0 -0.0 -0.0; -0.0 -0.0 -0.0 -0.0 -0.0 -0.0 -0.0 -0.0 -0.0 -0.0 -0.0 -0.0 -0.0 17.0 31.0 28.0 22.0 0.0 0.0 0.0;;;]
evol_box,"[[0.54, 0.0], [2.621, 6536.633372807232], [2.733, 1.395025462221881e7], [2.756, 1.7916925630178727e7], [2.779, 1.9239203142889146e7], [2.8, 2.092209028211313e7], [2.826, 2.1883725604763824e7]]"
y_pb,[[-0.0 27.0 23.0 28.0 35.0 -0.0 -0.0 -0.0 -0.0 -0.0 -0.0 -0.0 -0.0 -0.0 -0.0 -0.0 -0.0 -0.0 -0.0 -0.0; -0.0 -0.0 -0.0 -0.0 -0.0 -0.0 -0.0 23.0 22.0 -0.0 -0.0 -0.0 -0.0 -0.0 -0.0 -0.0 -0.0 -0.0 -0.0 -0.0; -0.0 -0.0 -0.0 -0.0 -0.0 -0.0 -0.0 -0.0 -0.0 14.0 9.0 5.0 7.0 -0.0 -0.0 -0.0 -0.0 -0.0 -0.0 -0.0; -0.0 -0.0 -0.0 -0.0 -0.0 -0.0 -0.0 -0.0 -0.0 -0.0 -0.0 -0.0 -0.0 17.0 31.0 28.0 22.0 -0.0 -0.0 -0.0;;;]]
x_bb,"[113.0, 45.0, 35.0, 98.0]"
x_box,"[113.0, 45.0, 35.0, 98.0]"
evol_zeta,"[[2.164, 37.0], [2.73, 28.0], [2.754, 11.0], [2.777, 10.0], [2.798, 9.0], [2.824, 5.0], [2.886, 0.0]]"
ξ_box,[37.0; 27.0; 23.0; 28.0; 35.0; 36.0; 31.0; 23.0; 22.0; 14.0; 9.0; 5.0; 7.0; 17.0; 33.0; 28.0; 22.0; 24.0; 24.0; 28.0;;]
