first,second
s_box,[-0.0 -0.0; -0.0 -0.0; -0.0 -0.0; -0.0 -0.0; -0.0 -0.0; -0.0 -0.0; -0.0 -0.0; -0.0 -0.0; -0.0 -0.0; -0.0 -0.0; -0.0 -0.0; -0.0 -0.0; -0.0 -0.0; -0.0 -0.0; -0.0 -0.0; -0.0 -0.0; -0.0 -0.0; -0.0 -0.0; -0.0 -0.0; -0.0 5.0]
x_pb,"[50.0, 91.0, 14.0, 109.0]"
s_bb,[0.0 -0.0; 0.0 -0.0; 0.0 -0.0; 0.0 -0.0; 0.0 -0.0; 0.0 -0.0; 0.0 -0.0; 0.0 -0.0; 0.0 -0.0; 0.0 -0.0; 0.0 -0.0; 0.0 -0.0; 0.0 -0.0; 0.0 -0.0; 0.0 -0.0; 0.0 -0.0; 0.0 -0.0; 0.0 -0.0; 0.0 -0.0; 5.0 -0.0]
partition_bb,"[[[2.0, 6.0, 11.0, 11.0, 10.0, 11.0, 27.0, 18.0, 13.0, 5.0, 7.0, 8.0, 1.0, 10.0, 12.0, 14.0, 12.0, 15.0, 18.0, 21.0], [7.0, 11.0, 16.0, 16.0, 12.0, 11.0, 27.0, 23.0, 18.0, 6.0, 8.0, 9.0, 1.0, 11.0, 13.0, 10.0, 12.0, 15.0, 18.0, 20.0]], Vector{Float64}[]]"
y_box,[7.0 11.0 16.0 16.0 -0.0 -0.0 -0.0 -0.0 -0.0 -0.0 -0.0 -0.0 -0.0 -0.0 -0.0 -0.0 -0.0 -0.0 -0.0 -0.0; -0.0 -0.0 -0.0 0.0 12.0 11.0 27.0 23.0 18.0 -0.0 -0.0 -0.0 -0.0 -0.0 -0.0 -0.0 -0.0 -0.0 -0.0 -0.0; -0.0 -0.0 -0.0 -0.0 -0.0 -0.0 -0.0 -0.0 -0.0 6.0 0.0 -0.0 -0.0 -0.0 -0.0 -0.0 -0.0 8.0 -0.0 -0.0; -0.0 -0.0 -0.0 -0.0 -0.0 -0.0 -0.0 -0.0 -0.0 -0.0 8.0 7.0 1.0 11.0 13.0 14.0 12.0 7.0 15.0 21.0;;; 7.0 11.0 16.0 16.0 -0.0 -0.0 -0.0 -0.0 -0.0 -0.0 -0.0 -0.0 -0.0 -0.0 -0.0 -0.0 -0.0 -0.0 -0.0 -0.0; -0.0 -0.0 -0.0 -0.0 12.0 11.0 27.0 23.0 18.0 -0.0 -0.0 -0.0 -0.0 -0.0 -0.0 -0.0 -0.0 -0.0 -0.0 -0.0; -0.0 -0.0 -0.0 -0.0 -0.0 -0.0 -0.0 -0.0 -0.0 6.0 8.0 0.0 -0.0 -0.0 -0.0 -0.0 -0.0 -0.0 -0.0 -0.0; -0.0 -0.0 -0.0 -0.0 -0.0 -0.0 -0.0 -0.0 -0.0 -0.0 -0.0 9.0 1.0 11.0 13.0 14.0 12.0 15.0 18.0 16.0]
evol_bb,"[[0.352, 621614.7959742454]]"
y_bb,[7.0 11.0 16.0 16.0 -0.0 -0.0 -0.0 -0.0 -0.0 -0.0 -0.0 -0.0 -0.0 -0.0 -0.0 -0.0 -0.0 -0.0 -0.0 -0.0; -0.0 -0.0 -0.0 -0.0 12.0 11.0 27.0 23.0 18.0 -0.0 -0.0 -0.0 -0.0 -0.0 -0.0 -0.0 -0.0 -0.0 -0.0 -0.0; -0.0 -0.0 -0.0 -0.0 -0.0 -0.0 -0.0 -0.0 -0.0 6.0 8.0 -0.0 -0.0 -0.0 -0.0 -0.0 -0.0 -0.0 -0.0 -0.0; -0.0 -0.0 -0.0 -0.0 -0.0 -0.0 -0.0 -0.0 -0.0 -0.0 -0.0 9.0 1.0 11.0 13.0 14.0 12.0 15.0 18.0 16.0;;; -0.0 -0.0 -0.0 -0.0 -0.0 -0.0 -0.0 -0.0 -0.0 -0.0 -0.0 -0.0 -0.0 -0.0 -0.0 -0.0 -0.0 -0.0 -0.0 -0.0; -0.0 -0.0 -0.0 -0.0 -0.0 -0.0 -0.0 -0.0 -0.0 -0.0 -0.0 -0.0 -0.0 -0.0 -0.0 -0.0 -0.0 -0.0 -0.0 -0.0; -0.0 -0.0 -0.0 -0.0 -0.0 -0.0 -0.0 -0.0 -0.0 -0.0 -0.0 -0.0 -0.0 -0.0 -0.0 -0.0 -0.0 -0.0 -0.0 -0.0; -0.0 -0.0 -0.0 -0.0 -0.0 -0.0 -0.0 -0.0 -0.0 -0.0 -0.0 -0.0 -0.0 -0.0 -0.0 -0.0 -0.0 -0.0 -0.0 -0.0]
evol_box,"[[0.585, 0.0], [2.678, 5210.082608933586], [2.792, 5210.087186448685], [2.814, 5375.548363359938], [2.849, 5375.548363359938], [2.885, 5447.563984547103], [2.929, 5467.563984547102], [2.976, 5467.563984547102], [3.183, 5581.5284481772], [3.308, 251941.58431378487], [3.44, 251941.5843136728], [3.625, 251941.5843136728], [3.79, 498404.37587389624], [3.996, 498404.3758735657], [4.163, 498405.4075854243], [4.234, 621614.7959742454]]"
y_pb,[[7.0 11.0 16.0 16.0 -0.0 -0.0 -0.0 -0.0 -0.0 -0.0 -0.0 -0.0 -0.0 -0.0 -0.0 -0.0 -0.0 -0.0 -0.0 -0.0; -0.0 -0.0 -0.0 -0.0 12.0 11.0 27.0 23.0 18.0 -0.0 -0.0 -0.0 -0.0 -0.0 -0.0 -0.0 -0.0 -0.0 -0.0 -0.0; -0.0 -0.0 -0.0 -0.0 -0.0 -0.0 -0.0 -0.0 -0.0 6.0 8.0 -0.0 -0.0 -0.0 -0.0 -0.0 -0.0 -0.0 -0.0 -0.0; -0.0 -0.0 -0.0 -0.0 -0.0 -0.0 -0.0 -0.0 -0.0 -0.0 -0.0 9.0 1.0 11.0 13.0 14.0 12.0 15.0 18.0 16.0;;;]]
x_bb,"[50.0, 91.0, 14.0, 109.0]"
x_box,"[50.0, 91.0, 14.0, 109.0]"
evol_zeta,"[[2.207, 27.0], [2.778, 5.000000000600011], [2.798, 5.000000000600011], [2.819, 5.000000000600011], [2.855, 5.000000000600011], [2.891, 5.000000000600011], [2.935, 5.000000000600011], [2.981, 5.000000000600011], [3.189, 5.0], [3.313, 2.0], [3.446, 2.0], [3.629, 2.0], [3.795, 1.0], [3.999, 1.0], [4.169, 1.0], [4.239, 0.0]]"
ξ_box,[7.0 7.0; 11.0 11.0; 16.0 16.0; 16.0 16.0; 12.0 12.0; 11.0 11.0; 27.0 27.0; 23.0 23.0; 18.0 18.0; 6.0 6.0; 8.0 8.0; 7.0 9.0; 1.0 1.0; 11.0 11.0; 13.0 13.0; 14.0 14.0; 12.0 12.0; 15.0 15.0; 15.0 18.0; 21.0 21.0]
