first,second
s_box,[0.0; 0.0; 0.0; 0.0; 0.0; 0.0; 0.0; 0.0; 29.0; 22.0; 0.0; 0.0; 0.0; 0.0; 0.0; 0.0; 0.0; 0.0; 0.0; 0.0;;]
x_pb,"[90.0, -0.0, 187.0, 48.0]"
s_bb,[0.0; 0.0; 0.0; 0.0; 0.0; 0.0; 0.0; 0.0; 29.0; 22.0; 0.0; 0.0; 0.0; 0.0; 0.0; 0.0; 0.0; 0.0; 0.0; 0.0;;]
partition_bb,"[[[13.0, 9.0, 0.0, 0.0, 1.0, 3.0, 20.0, 22.0, 27.0, 32.0, 25.0, 22.0, 27.0, 34.0, 27.0, 24.0, 17.0, 12.0, 5.0, 5.0], [13.0, 9.0, 2.0, 2.0, 6.0, 7.0, 22.0, 24.0, 29.0, 32.0, 31.0, 22.0, 27.0, 28.0, 24.0, 18.0, 11.0, 6.0, 7.0, 7.0], [15.0, 12.0, 2.0, 2.0, 6.0, 4.0, 14.0, 16.0, 21.0, 24.0, 31.0, 22.0, 30.0, 25.0, 32.0, 26.0, 19.0, 14.0, 7.0, 7.0], [8.0, 12.0, 2.0, 2.0, 6.0, 7.0, 22.0, 24.0, 29.0, 34.0, 31.0, 22.0, 29.0, 22.0, 22.0, 16.0, 9.0, 14.0, 8.0, 7.0]]]"
y_box,[15.0 12.0 2.0 2.0 6.0 7.0 22.0 24.0 -0.0 -0.0 -0.0 -0.0 -0.0 -0.0 -0.0 -0.0 -0.0 -0.0 -0.0 -0.0; -0.0 -0.0 -0.0 -0.0 -0.0 -0.0 -0.0 -0.0 0.0 -0.0 -0.0 -0.0 -0.0 -0.0 -0.0 -0.0 -0.0 -0.0 -0.0 -0.0; -0.0 -0.0 -0.0 -0.0 -0.0 -0.0 -0.0 -0.0 -0.0 12.0 31.0 22.0 30.0 34.0 32.0 26.0 -0.0 -0.0 -0.0 -0.0; -0.0 -0.0 -0.0 -0.0 -0.0 -0.0 -0.0 -0.0 -0.0 -0.0 -0.0 -0.0 -0.0 -0.0 -0.0 -0.0 19.0 14.0 8.0 7.0;;;]
evol_bb,"[[0.28, 6.720531235998049e6]]"
y_bb,[15.0 12.0 2.0 2.0 6.0 7.0 22.0 24.0 -0.0 -0.0 -0.0 -0.0 -0.0 -0.0 -0.0 -0.0 -0.0 -0.0 -0.0 -0.0; -0.0 -0.0 -0.0 -0.0 -0.0 -0.0 -0.0 -0.0 0.0 -0.0 -0.0 -0.0 -0.0 -0.0 -0.0 -0.0 -0.0 -0.0 -0.0 -0.0; -0.0 -0.0 -0.0 -0.0 -0.0 -0.0 -0.0 -0.0 -0.0 12.0 31.0 22.0 30.0 34.0 32.0 26.0 -0.0 -0.0 -0.0 -0.0; -0.0 -0.0 -0.0 -0.0 -0.0 -0.0 -0.0 -0.0 -0.0 -0.0 -0.0 -0.0 -0.0 -0.0 -0.0 -0.0 19.0 14.0 8.0 7.0;;;]
evol_box,"[[0.406, 0.0], [1.993, 10655.94087867763], [2.073, 5.273383122498943e6], [2.078, 6.720531235998049e6]]"
y_pb,[[15.0 12.0 2.0 2.0 6.0 7.0 22.0 24.0 -0.0 -0.0 -0.0 -0.0 -0.0 -0.0 -0.0 -0.0 -0.0 -0.0 -0.0 -0.0; -0.0 -0.0 -0.0 -0.0 -0.0 -0.0 -0.0 -0.0 0.0 -0.0 -0.0 -0.0 -0.0 -0.0 -0.0 -0.0 -0.0 -0.0 -0.0 -0.0; -0.0 -0.0 -0.0 -0.0 -0.0 -0.0 -0.0 -0.0 -0.0 12.0 31.0 22.0 30.0 34.0 32.0 26.0 -0.0 -0.0 -0.0 -0.0; -0.0 -0.0 -0.0 -0.0 -0.0 -0.0 -0.0 -0.0 -0.0 -0.0 -0.0 -0.0 -0.0 -0.0 -0.0 -0.0 19.0 14.0 8.0 7.0;;;]]
x_bb,"[90.0, 0.0, 187.0, 48.0]"
x_box,"[90.0, 0.0, 187.0, 48.0]"
evol_zeta,"[[1.634, 34.0], [2.071, 6.0], [2.077, 5.0], [2.081, 0.0]]"
ξ_box,[15.0; 12.0; 2.0; 2.0; 6.0; 7.0; 22.0; 24.0; 29.0; 34.0; 31.0; 22.0; 30.0; 34.0; 32.0; 26.0; 19.0; 14.0; 8.0; 7.0;;]
