first,second
s_box,[23.0 22.0; -0.0 16.0; -0.0 -0.0; -0.0 11.0; -0.0 8.0; -0.0 -0.0; -0.0 6.0; 4.0 13.0; 22.0 -0.0; 29.0 -0.0; 31.0 -0.0; -0.0 -0.0; -0.0 -0.0; -0.0 -0.0; -0.0 -0.0; -0.0 32.0; -0.0 -0.0; -0.0 -0.0; -0.0 -0.0; -0.0 -0.0]
x_pb,"[67.0, 99.0, 116.0, 32.0]"
s_bb,[23.0 -0.0; -0.0 -0.0; 0.0 12.0; -0.0 -0.0; 0.0 -0.0; -0.0 -0.0; -0.0 -0.0; 4.0 -0.0; 22.0 -0.0; 29.0 -0.0; 31.0 -0.0; 0.0 -0.0; 0.0 -0.0; -0.0 26.0; -0.0 -0.0; -0.0 19.0; -0.0 -0.0; -0.0 -0.0; -0.0 -0.0; -0.0 -0.0]
partition_bb,"[[[0.0, 0.0, 0.0, 0.0, 0.0, 0.0, 0.0, 0.0, 9.0, 16.0, 18.0, 25.0, 25.0, 26.0, 15.0, 32.0, 31.0, 29.0, 24.0, 32.0], [23.0, 17.0, 12.0, 8.0, 6.0, 4.0, 2.0, 9.0, 17.0, 23.0, 21.0, 18.0, 23.0, 22.0, 11.0, 19.0, 18.0, 23.0, 23.0, 15.0], [23.0, 17.0, 12.0, 11.0, 8.0, 4.0, 6.0, 13.0, 22.0, 29.0, 31.0, 31.0, 26.0, 25.0, 15.0, 0.0, 0.0, 0.0, 3.0, 11.0], [1.0, 7.0, 12.0, 8.0, 6.0, 4.0, 6.0, 13.0, 7.0, 14.0, 16.0, 22.0, 27.0, 26.0, 15.0, 31.0, 30.0, 28.0, 23.0, 20.0]], [[8.0, 2.0, 7.0, 11.0, 8.0, 4.0, 6.0, 13.0, 22.0, 29.0, 31.0, 27.0, 22.0, 21.0, 15.0, 24.0, 23.0, 18.0, 16.0, 9.0], [23.0, 17.0, 12.0, 11.0, 8.0, 4.0, 6.0, 13.0, 22.0, 15.0, 16.0, 22.0, 27.0, 26.0, 15.0, 17.0, 18.0, 16.0, 11.0, 19.0]]]"
y_box,[-0.0 17.0 12.0 11.0 8.0 4.0 6.0 9.0 -0.0 -0.0 -0.0 -0.0 -0.0 -0.0 -0.0 -0.0 -0.0 -0.0 -0.0 -0.0; -0.0 -0.0 -0.0 -0.0 -0.0 -0.0 -0.0 -0.0 -0.0 0.0 0.0 31.0 27.0 26.0 15.0 -0.0 -0.0 -0.0 -0.0 -0.0; -0.0 -0.0 -0.0 -0.0 -0.0 -0.0 -0.0 -0.0 -0.0 -0.0 -0.0 -0.0 -0.0 -0.0 -0.0 32.0 31.0 29.0 24.0 -0.0; -0.0 -0.0 -0.0 -0.0 -0.0 -0.0 -0.0 -0.0 -0.0 -0.0 -0.0 -0.0 -0.0 -0.0 -0.0 -0.0 -0.0 -0.0 -0.0 32.0;;; -0.0 -0.0 6.0 -0.0 -0.0 -0.0 -0.0 -0.0 -0.0 22.0 6.0 31.0 -0.0 -0.0 -0.0 -0.0 -0.0 -0.0 -0.0 -0.0; 23.0 -0.0 -0.0 -0.0 -0.0 -0.0 -0.0 -0.0 -0.0 -0.0 18.0 -0.0 26.0 25.0 -0.0 -0.0 7.0 -0.0 -0.0 -0.0; -0.0 -0.0 -0.0 -0.0 -0.0 1.0 6.0 13.0 22.0 -0.0 -0.0 -0.0 -0.0 -0.0 15.0 -0.0 24.0 26.0 -0.0 9.0; -0.0 -0.0 -0.0 -0.0 -0.0 -0.0 -0.0 -0.0 -0.0 -0.0 -0.0 -0.0 -0.0 -0.0 -0.0 -0.0 -0.0 -0.0 24.0 8.0]
evol_bb,"[[0.439, 1.3260322878196713e7], [0.529, 1.3260322878196709e7], [0.804, 1.3260322878196707e7]]"
y_bb,[0.0 17.0 12.0 11.0 8.0 4.0 6.0 9.0 0.0 -0.0 -0.0 -0.0 -0.0 -0.0 -0.0 -0.0 -0.0 -0.0 -0.0 -0.0; -0.0 -0.0 -0.0 -0.0 -0.0 -0.0 -0.0 -0.0 -0.0 -0.0 -0.0 31.0 27.0 26.0 15.0 -0.0 -0.0 -0.0 -0.0 -0.0; -0.0 -0.0 -0.0 -0.0 -0.0 -0.0 -0.0 -0.0 -0.0 -0.0 -0.0 -0.0 -0.0 -0.0 -0.0 32.0 31.0 29.0 24.0 -0.0; -0.0 -0.0 -0.0 -0.0 -0.0 -0.0 -0.0 -0.0 -0.0 -0.0 -0.0 -0.0 -0.0 -0.0 -0.0 0.0 0.0 -0.0 -0.0 32.0;;; 5.0 1.0 -0.0 -0.0 8.0 -0.0 -0.0 -0.0 22.0 -0.0 31.0 -0.0 -0.0 -0.0 -0.0 -0.0 -0.0 -0.0 -0.0 -0.0; 18.0 -0.0 0.0 0.0 -0.0 0.0 -0.0 13.0 -0.0 -0.0 -0.0 0.0 -0.0 0.0 15.0 -0.0 -0.0 18.0 16.0 19.0; -0.0 16.0 -0.0 11.0 -0.0 -0.0 6.0 0.0 -0.0 29.0 -0.0 27.0 4.0 -0.0 0.0 -0.0 23.0 0.0 0.0 -0.0; -0.0 -0.0 -0.0 -0.0 -0.0 4.0 0.0 -0.0 -0.0 -0.0 -0.0 -0.0 23.0 -0.0 -0.0 5.0 -0.0 -0.0 -0.0 0.0]
evol_box,"[[0.422, 0.0], [1.911, 3076.4042681740034], [1.996, 126541.59154911015], [2.061, 4.503709648432691e6], [2.178, 5.2344844715537205e6], [2.331, 1.0098391355135806e7], [2.49, 1.0584771303539937e7], [2.597, 1.0584771303539935e7], [2.731, 1.0584771303539937e7], [2.891, 1.0584771303539937e7], [3.005, 1.1193048587985244e7], [3.147, 1.1193048587985244e7], [3.276, 1.1800916537756138e7], [3.416, 1.1801075035712844e7], [3.575, 1.1801075035712842e7], [3.729, 1.1801075035712842e7], [3.921, 1.216588693751389e7], [4.071, 1.2287415397433946e7], [4.262, 1.2530596506379642e7], [4.458, 1.2530596506379642e7], [4.595, 1.2530679434051441e7], [4.781, 1.2530679434051443e7], [4.923, 1.2530679434051443e7], [5.075, 1.2530679434051443e7], [5.25, 1.2652246345279735e7], [5.432, 1.2652246345279735e7], [5.591, 1.26523007457558e7], [5.797, 1.2773861454388961e7], [6.064, 1.2773916596190799e7], [6.271, 1.3017078145468537e7], [6.504, 1.3017078145468539e7], [6.704, 1.301709098595295e7], [6.933, 1.3017120245636178e7], [7.155, 1.3138700511832623e7], [7.361, 1.3138707328006389e7], [7.797, 1.3138713352317035e7], [8.109, 1.3138713352317035e7], [8.339, 1.313872092710565e7], [8.529, 1.3260322878196707e7]]"
y_pb,[[-0.0 17.0 12.0 11.0 8.0 4.0 6.0 9.0 -0.0 -0.0 -0.0 -0.0 -0.0 -0.0 -0.0 -0.0 -0.0 -0.0 -0.0 -0.0; -0.0 -0.0 -0.0 -0.0 -0.0 -0.0 -0.0 -0.0 -0.0 -0.0 -0.0 31.0 27.0 26.0 15.0 -0.0 -0.0 -0.0 -0.0 -0.0; -0.0 -0.0 -0.0 -0.0 -0.0 -0.0 -0.0 -0.0 -0.0 -0.0 -0.0 -0.0 -0.0 -0.0 -0.0 32.0 31.0 28.999999999999996 24.0 -0.0; -0.0 -0.0 -0.0 -0.0 -0.0 -0.0 -0.0 -0.0 -0.0 -0.0 -0.0 -0.0 -0.0 -0.0 -0.0 -0.0 -0.0 -0.0 -0.0 32.0;;;]]
x_bb,"[67.0, 99.0, 116.0, 32.0]"
x_box,"[67.0, 99.0, 116.0, 32.0]"
evol_zeta,"[[1.575, 32.0], [1.986, 23.0], [2.003, 21.0], [2.067, 12.0], [2.201, 12.0], [2.396, 12.0], [2.496, 5.000000000600011], [2.601, 5.0], [2.734, 5.0], [2.895, 5.000000000600011], [3.047, 7.000000000000006], [3.156, 7.0], [3.313, 4.999999999999986], [3.422, 6.0], [3.58, 6.0], [3.762, 6.0], [3.929, 4.999999999999999], [4.106, 5.0], [4.307, 2.0], [4.461, 2.0], [4.612, 3.000000000400007], [4.785, 3.0], [4.928, 3.0], [5.1, 3.000000000400007], [5.256, 5.0], [5.451, 5.0], [5.612, 2.0], [5.831, 2.0], [6.072, 2.0], [6.29, 2.0], [6.508, 2.0], [6.715, 1.0], [6.968, 1.0], [7.175, 1.0000967738813777], [7.369, 1.0], [7.805, 1.0], [8.119, 1.0], [8.348, 1.0], [8.566, 0.0]]"
ξ_box,[23.0 7.0; 17.0 4.0; 12.0 6.0; 11.0 2.0; 8.0 5.0; 4.0 1.0; 6.0 0.0; 13.0 6.0; 22.0 15.0; 29.0 22.0; 31.0 24.0; 31.0 31.0; 27.0 26.0; 26.0 25.0; 15.0 15.0; 32.0 32.0; 31.0 31.0; 29.0 26.0; 24.0 24.0; 32.0 17.0]
