first,second
s_box,[12.0; 39.0; 43.0; 47.0; 0.0; 0.0; 0.0; 0.0; 0.0; 0.0; 0.0; 0.0; 0.0; 0.0; 0.0; 19.0; 0.0; 0.0; 0.0; 0.0;;]
x_pb,"[148.0, 32.0, 50.0, 87.0]"
s_bb,[12.0; 39.0; 43.0; 47.0; 0.0; 0.0; 0.0; 0.0; 0.0; 0.0; 0.0; 0.0; 0.0; 0.0; 0.0; 19.0; 0.0; 0.0; 0.0; 0.0;;]
partition_bb,"[[[11.0, 25.0, 38.0, 48.0, 43.0, 34.0, 19.0, 17.0, 11.0, 7.0, 0.0, 0.0, 0.0, 0.0, 0.0, 0.0, 0.0, 0.0, 0.0, 0.0], [48.0, 39.0, 26.0, 21.0, 26.0, 35.0, 20.0, 18.0, 12.0, 8.0, 2.0, 2.0, 3.0, 9.0, 14.0, 13.0, 14.0, 7.0, 0.0, 0.0], [24.0, 38.0, 25.0, 15.0, 10.0, 8.0, 20.0, 18.0, 12.0, 8.0, 2.0, 2.0, 9.0, 9.0, 8.0, 13.0, 14.0, 24.0, 31.0, 32.0], [48.0, 40.0, 44.0, 41.0, 36.0, 27.0, 12.0, 10.0, 4.0, 0.0, 3.0, 2.0, 9.0, 10.0, 2.0, 0.0, 0.0, 0.0, 7.0, 8.0], [26.0, 40.0, 44.0, 34.0, 29.0, 26.0, 11.0, 9.0, 12.0, 8.0, 3.0, 2.0, 9.0, 10.0, 17.0, 19.0, 13.0, 8.0, 1.0, 0.0]]]"
y_box,[36.0 1.0 1.0 1.0 43.0 35.0 -0.0 -0.0 -0.0 -0.0 -0.0 -0.0 -0.0 -0.0 -0.0 -0.0 -0.0 -0.0 -0.0 -0.0; -0.0 -0.0 -0.0 -0.0 -0.0 -0.0 20.0 18.0 12.0 8.0 3.0 2.0 9.0 10.0 -0.0 -0.0 -0.0 -0.0 -0.0 -0.0; -0.0 -0.0 -0.0 -0.0 -0.0 -0.0 -0.0 -0.0 -0.0 -0.0 -0.0 -0.0 -0.0 -0.0 17.0 -0.0 14.0 -0.0 -0.0 -0.0; -0.0 -0.0 -0.0 -0.0 -0.0 -0.0 -0.0 -0.0 -0.0 -0.0 -0.0 -0.0 -0.0 -0.0 -0.0 -0.0 -0.0 24.0 31.0 32.0;;;]
evol_bb,"[[0.302, 1.9979959977742486e7]]"
y_bb,[36.0 1.0 1.0 1.0 43.0 35.0 -0.0 -0.0 -0.0 -0.0 -0.0 -0.0 -0.0 -0.0 -0.0 -0.0 -0.0 -0.0 -0.0 -0.0; -0.0 -0.0 -0.0 -0.0 -0.0 -0.0 20.0 18.0 12.0 8.0 3.0 2.0 9.0 10.0 -0.0 -0.0 -0.0 -0.0 -0.0 -0.0; -0.0 -0.0 -0.0 -0.0 -0.0 -0.0 -0.0 -0.0 -0.0 -0.0 -0.0 -0.0 -0.0 -0.0 17.0 -0.0 14.0 -0.0 -0.0 -0.0; -0.0 -0.0 -0.0 -0.0 -0.0 -0.0 -0.0 -0.0 -0.0 -0.0 -0.0 -0.0 -0.0 -0.0 -0.0 -0.0 -0.0 24.0 31.0 32.0;;;]
evol_box,"[[0.384, 0.0], [1.868, 4068.4286128069716], [1.941, 6.995511351662869e6], [1.956, 1.7732890478294455e7], [1.991, 1.8981232541807134e7], [1.998, 1.9855139859547406e7], [2.059, 1.9979959977742486e7]]"
y_pb,[[-0.0 13.0 44.0 48.0 43.0 -0.0 -0.0 -0.0 -0.0 -0.0 -0.0 -0.0 -0.0 -0.0 -0.0 -0.0 -0.0 -0.0 -0.0 -0.0; -0.0 -0.0 -0.0 -0.0 -0.0 -0.0 -0.0 -0.0 -0.0 8.0 3.0 2.0 9.0 10.0 -0.0 -0.0 -0.0 -0.0 -0.0 -0.0; -0.0 -0.0 -0.0 -0.0 -0.0 -0.0 -0.0 -0.0 -0.0 -0.0 -0.0 -0.0 -0.0 -0.0 17.0 19.0 14.0 -0.0 -0.0 -0.0; -0.0 -0.0 -0.0 -0.0 -0.0 -0.0 -0.0 -0.0 -0.0 -0.0 -0.0 -0.0 -0.0 -0.0 -0.0 -0.0 -0.0 24.0 31.0 32.0;;;]]
x_bb,"[117.0, 82.0, 31.0, 87.0]"
x_box,"[117.0, 82.0, 31.0, 87.0]"
evol_zeta,"[[1.52, 48.0], [1.94, 37.0], [1.955, 32.0], [1.989, 6.0], [1.997, 6.0], [2.058, 1.0], [2.093, 0.0]]"
ξ_box,[48.0; 40.0; 44.0; 48.0; 43.0; 35.0; 20.0; 18.0; 12.0; 8.0; 3.0; 2.0; 9.0; 10.0; 17.0; 19.0; 14.0; 24.0; 31.0; 32.0;;]
