first,second
s_box,[-0.0 -0.0; -0.0 -0.0; -0.0 19.0; -0.0 -0.0; -0.0 -0.0; -0.0 25.0; 6.0 -0.0; 23.0 23.0; 17.0 -0.0; 14.0 -0.0; 10.0 -0.0; 22.0 -0.0; 25.0 -0.0; 0.0 -0.0; 0.0 32.0; -0.0 -0.0; 0.0 31.0; -0.0 30.0; 26.0 -0.0; 18.0 -0.0]
x_pb,"[134.0, 96.0, -0.0, 61.0]"
s_bb,[4.0 -0.0; -0.0 -0.0; -0.0 -0.0; -0.0 -0.0; 21.0 -0.0; 25.0 -0.0; -0.0 6.0; -0.0 23.0; 17.0 17.0; -0.0 14.0; -0.0 10.0; -0.0 22.0; 25.0 25.0; -0.0 0.0; 32.0 -0.0; 36.0 -0.0; -0.0 -0.0; -0.0 -0.0; -0.0 26.0; -0.0 18.0]
partition_bb,"[[[0.0, 4.0, 8.0, 8.0, 10.0, 19.0, 17.0, 14.0, 12.0, 4.0, 0.0, 0.0, 1.0, 12.0, 26.0, 36.0, 31.0, 30.0, 26.0, 18.0], [0.0, 3.0, 7.0, 7.0, 9.0, 18.0, 16.0, 14.0, 8.0, 1.0, 5.0, 17.0, 17.0, 28.0, 14.0, 25.0, 31.0, 30.0, 26.0, 18.0], [11.0, 18.0, 19.0, 20.0, 21.0, 9.0, 6.0, 6.0, 0.0, 0.0, 0.0, 0.0, 0.0, 7.0, 25.0, 36.0, 31.0, 30.0, 26.0, 18.0], [0.0, 0.0, 0.0, 0.0, 0.0, 0.0, 0.0, 1.0, 6.0, 14.0, 10.0, 0.0, 0.0, 6.0, 24.0, 35.0, 29.0, 29.0, 21.0, 13.0], [0.0, 3.0, 4.0, 5.0, 6.0, 18.0, 20.0, 23.0, 17.0, 10.0, 6.0, 13.0, 16.0, 5.0, 23.0, 34.0, 28.0, 28.0, 20.0, 12.0], [11.0, 12.0, 16.0, 16.0, 14.0, 25.0, 23.0, 20.0, 17.0, 14.0, 10.0, 0.0, 3.0, 0.0, 18.0, 12.0, 18.0, 18.0, 26.0, 18.0], [11.0, 4.0, 7.0, 8.0, 6.0, 6.0, 9.0, 11.0, 17.0, 14.0, 10.0, 6.0, 7.0, 14.0, 32.0, 25.0, 31.0, 30.0, 26.0, 18.0], [0.0, 0.0, 0.0, 0.0, 0.0, 12.0, 9.0, 7.0, 13.0, 14.0, 10.0, 22.0, 25.0, 14.0, 25.0, 36.0, 31.0, 30.0, 26.0, 18.0], [0.0, 7.0, 8.0, 9.0, 10.0, 22.0, 25.0, 22.0, 17.0, 9.0, 5.0, 0.0, 0.0, 6.0, 24.0, 35.0, 29.0, 29.0, 21.0, 13.0]], [[9.0, 2.0, 1.0, 0.0, 2.0, 6.0, 9.0, 11.0, 17.0, 11.0, 10.0, 22.0, 25.0, 14.0, 24.0, 25.0, 31.0, 30.0, 26.0, 18.0], [6.0, 13.0, 14.0, 15.0, 16.0, 28.0, 25.0, 23.0, 17.0, 11.0, 10.0, 22.0, 19.0, 8.0, 26.0, 16.0, 11.0, 10.0, 3.0, 0.0], [11.0, 18.0, 14.0, 14.0, 12.0, 3.0, 0.0, 0.0, 0.0, 0.0, 2.0, 14.0, 17.0, 28.0, 11.0, 22.0, 16.0, 16.0, 8.0, 0.0], [0.0, 4.0, 5.0, 6.0, 7.0, 19.0, 16.0, 14.0, 8.0, 6.0, 10.0, 22.0, 25.0, 14.0, 22.0, 33.0, 27.0, 27.0, 19.0, 11.0], [3.0, 7.0, 7.0, 7.0, 6.0, 10.0, 11.0, 9.0, 9.0, 4.0, 8.0, 16.0, 13.0, 14.0, 32.0, 21.0, 15.0, 15.0, 7.0, 0.0], [11.0, 16.0, 19.0, 20.0, 21.0, 9.0, 6.0, 4.0, 0.0, 8.0, 10.0, 22.0, 19.0, 13.0, 31.0, 20.0, 14.0, 14.0, 22.0, 14.0], [0.0, 5.0, 8.0, 9.0, 10.0, 6.0, 3.0, 1.0, 6.0, 14.0, 10.0, 22.0, 24.0, 13.0, 31.0, 25.0, 31.0, 30.0, 26.0, 18.0], [4.0, 11.0, 12.0, 13.0, 14.0, 26.0, 23.0, 21.0, 15.0, 9.0, 5.0, 0.0, 0.0, 5.0, 23.0, 34.0, 28.0, 28.0, 20.0, 12.0]]]"
y_box,[11.0 18.0 19.0 20.0 21.0 28.0 19.0 0.0 -0.0 0.0 -0.0 -0.0 -0.0 -0.0 -0.0 -0.0 -0.0 -0.0 -0.0 -0.0; -0.0 -0.0 -0.0 -0.0 -0.0 -0.0 -0.0 -0.0 -0.0 -0.0 -0.0 0.0 -0.0 28.0 32.0 34.0 -0.0 -0.0 -0.0 -0.0; -0.0 -0.0 -0.0 -0.0 -0.0 -0.0 -0.0 -0.0 -0.0 -0.0 -0.0 -0.0 -0.0 -0.0 -0.0 -0.0 -0.0 0.0 -0.0 -0.0; -0.0 -0.0 -0.0 -0.0 -0.0 -0.0 -0.0 -0.0 -0.0 -0.0 -0.0 -0.0 -0.0 -0.0 -0.0 -0.0 31.0 30.0 0.0 0.0;;; 11.0 18.0 -0.0 20.0 21.0 -0.0 25.0 0.0 17.0 14.0 10.0 -0.0 -0.0 -0.0 -0.0 -0.0 -0.0 -0.0 -0.0 -0.0; -0.0 0.0 -0.0 -0.0 -0.0 -0.0 -0.0 -0.0 -0.0 0.0 0.0 22.0 25.0 28.0 -0.0 19.0 -0.0 -0.0 -0.0 -0.0; 0.0 -0.0 -0.0 -0.0 -0.0 -0.0 -0.0 -0.0 -0.0 -0.0 -0.0 -0.0 -0.0 0.0 -0.0 0.0 -0.0 -0.0 0.0 0.0; -0.0 -0.0 -0.0 -0.0 -0.0 -0.0 -0.0 -0.0 -0.0 -0.0 -0.0 -0.0 -0.0 -0.0 -0.0 17.0 -0.0 -0.0 26.0 18.0]
evol_bb,"[[1.828, 1.9970048339516856e7], [15.877, 1.9970048339516852e7], [98.14, 1.9725059776023418e7], [181.053, 1.9725059776023414e7]]"
y_bb,[7.0 18.0 19.0 -0.0 -0.0 -0.0 25.0 -0.0 0.0 14.0 10.0 22.0 -0.0 -0.0 -0.0 0.0 -0.0 -0.0 21.0 0.0; -0.0 -0.0 -0.0 -0.0 0.0 0.0 -0.0 15.0 -0.0 -0.0 -0.0 0.0 -0.0 -0.0 0.0 -0.0 31.0 30.0 -0.0 18.0; -0.0 -0.0 -0.0 -0.0 -0.0 -0.0 -0.0 -0.0 -0.0 -0.0 -0.0 -0.0 -0.0 0.0 -0.0 -0.0 -0.0 0.0 -0.0 -0.0; -0.0 -0.0 -0.0 20.0 -0.0 -0.0 0.0 8.0 -0.0 -0.0 0.0 -0.0 -0.0 28.0 -0.0 -0.0 -0.0 -0.0 5.0 -0.0;;; 11.0 18.0 19.0 20.0 21.0 28.0 19.0 -0.0 0.0 0.0 0.0 -0.0 -0.0 -0.0 -0.0 -0.0 -0.0 -0.0 -0.0 -0.0; -0.0 -0.0 -0.0 -0.0 -0.0 -0.0 -0.0 -0.0 -0.0 -0.0 -0.0 0.0 0.0 28.0 32.0 34.0 -0.0 -0.0 -0.0 -0.0; -0.0 -0.0 -0.0 -0.0 -0.0 -0.0 -0.0 -0.0 -0.0 -0.0 -0.0 -0.0 -0.0 -0.0 -0.0 0.0 0.0 -0.0 -0.0 -0.0; -0.0 -0.0 -0.0 -0.0 -0.0 -0.0 -0.0 -0.0 -0.0 -0.0 -0.0 -0.0 -0.0 -0.0 -0.0 -0.0 31.0 30.0 0.0 0.0]
evol_box,"[[0.641, 0.0], [2.978, 4550.489930825308], [3.131, 6100.355312173761], [3.164, 7.109324629679805e6], [3.247, 9.313960181796724e6], [3.363, 9.313960181796623e6], [3.488, 9.313960181796722e6], [3.6, 9.313960181796724e6], [3.722, 9.313960181796722e6], [3.843, 1.5192786142264016e7], [3.987, 1.5192786142264016e7], [4.169, 1.5192786142264016e7], [4.322, 1.5192786142264016e7], [4.504, 1.5192786142264016e7], [4.669, 1.5315320826311078e7], [4.842, 1.752016303156888e7], [5.021, 1.776520113167566e7], [5.196, 1.788769391229019e7], [5.367, 1.8132642169552486e7], [5.572, 1.8500218714793947e7], [5.738, 1.8745180891994473e7], [5.933, 1.8990101805804048e7], [6.222, 1.899010180580405e7], [6.456, 1.8990101805804048e7], [6.724, 1.9235088439232253e7], [6.911, 1.923509792606523e7], [7.195, 1.9357575619267628e7], [7.406, 1.935760264460168e7], [7.657, 1.9480068748105135e7], [7.881, 1.948006874810513e7], [8.116, 1.948007823493811e7], [8.385, 1.948007823493812e7], [8.646, 1.9480084184924915e7], [8.912, 1.9602563645958066e7], [10.445, 1.96025654942767e7], [10.754, 1.960257313279105e7], [11.065, 1.9602573132791042e7], [11.417, 1.9602574365003463e7], [11.734, 1.960258155989387e7], [12.115, 1.960260075556765e7], [12.495, 1.9725059776023418e7], [12.922, 1.9725059776023418e7], [13.182, 1.9725059776023418e7]]"
y_pb,[[11.0 18.0 19.0 20.0 21.0 28.0 17.0 -0.0 -0.0 -0.0 -0.0 -0.0 -0.0 -0.0 -0.0 -0.0 -0.0 -0.0 -0.0 -0.0; -0.0 -0.0 -0.0 -0.0 -0.0 -0.0 -0.0 -0.0 -0.0 -0.0 -0.0 -0.0 -0.0 28.0 32.0 36.0 -0.0 -0.0 -0.0 -0.0; -0.0 -0.0 -0.0 -0.0 -0.0 -0.0 -0.0 -0.0 -0.0 -0.0 -0.0 -0.0 -0.0 -0.0 -0.0 0.0 -0.0 -0.0 -0.0 -0.0; -0.0 -0.0 -0.0 -0.0 -0.0 -0.0 -0.0 -0.0 -0.0 -0.0 -0.0 -0.0 -0.0 -0.0 -0.0 -0.0 31.0 30.0 -0.0 -0.0;;;]]
x_bb,"[136.0, 94.0, -0.0, 61.0]"
x_box,"[136.0, 94.0, 0.0, 61.0]"
evol_zeta,"[[2.37, 36.0], [3.106, 24.0], [3.14, 24.0], [3.176, 14.0], [3.268, 11.0], [3.389, 11.0], [3.513, 11.0], [3.612, 11.0], [3.732, 11.0], [3.865, 9.0], [4.004, 9.0], [4.193, 8.99999999999999], [4.34, 8.999999999999972], [4.527, 9.0], [4.699, 9.0], [4.849, 4.0], [5.044, 6.0], [5.204, 14.0], [5.394, 4.0], [5.591, 4.0], [5.747, 5.000000000600011], [5.957, 4.0], [6.236, 4.0], [6.461, 3.0], [6.743, 3.0], [6.928, 2.944444444444443], [7.204, 4.0], [7.436, 3.0], [7.668, 3.0], [7.893, 3.0], [8.135, 1.0000000002000042], [8.413, 1.352941176470587], [8.662, 1.000000000200004], [8.936, 3.0], [10.476, 1.0], [10.782, 1.1111111111111107], [11.08, 0.9999999999999943], [11.444, 0.3333333333333357], [11.749, 1.0], [12.142, 2.0], [12.52, 1.7777777777777715], [12.937, 0.5555555555555571], [13.2, 0.0]]"
ξ_box,[11.0 11.0; 18.0 18.0; 19.0 19.0; 20.0 20.0; 21.0 21.0; 28.0 25.0; 25.0 25.0; 23.0 23.0; 17.0 17.0; 14.0 14.0; 10.0 10.0; 22.0 22.0; 25.0 25.0; 28.0 28.0; 32.0 32.0; 34.0 36.0; 31.0 31.0; 30.0 30.0; 26.0 26.0; 18.0 18.0]
