first,second
s_box,[18.0; 0.0; 35.0; 0.0; 0.0; 0.0; 0.0; 0.0; 0.0; 0.0;;]
x_pb,"[-0.0, -0.0, 97.0, -0.0, 11.0, -0.0, 7.0, 37.0]"
s_bb,[18.0; 0.0; 35.0; 0.0; 0.0; 0.0; 0.0; 0.0; 0.0; 0.0;;]
partition_bb,"[[[44.0, 27.0, 26.0, 24.0, 11.0, 2.0, 3.0, 8.0, 9.0, 0.0], [0.0, 1.0, 0.0, 2.0, 11.0, 2.0, 3.0, 8.0, 9.0, 20.0], [11.0, 32.0, 33.0, 35.0, 11.0, 1.0, 0.0, 5.0, 6.0, 0.0], [15.0, 36.0, 35.0, 35.0, 11.0, 1.0, 0.0, 0.0, 0.0, 0.0], [33.0, 12.0, 13.0, 15.0, 0.0, 4.0, 3.0, 0.0, 1.0, 16.0]]]"
y_box,[-0.0 -0.0 -0.0 -0.0 -0.0 -0.0 -0.0 -0.0 -0.0 -0.0; -0.0 -0.0 -0.0 -0.0 -0.0 -0.0 -0.0 -0.0 -0.0 -0.0; 26.0 36.0 0.0 35.0 -0.0 -0.0 -0.0 -0.0 -0.0 -0.0; -0.0 -0.0 -0.0 -0.0 -0.0 -0.0 -0.0 -0.0 -0.0 -0.0; -0.0 -0.0 -0.0 -0.0 11.0 -0.0 -0.0 -0.0 -0.0 -0.0; -0.0 -0.0 -0.0 -0.0 -0.0 -0.0 -0.0 -0.0 -0.0 -0.0; -0.0 -0.0 -0.0 -0.0 -0.0 4.0 3.0 -0.0 -0.0 -0.0; -0.0 -0.0 -0.0 -0.0 -0.0 -0.0 -0.0 8.0 9.0 20.0;;;]
evol_bb,"[[0.273, 6.136981618229923e6]]"
y_bb,[-0.0 -0.0 -0.0 -0.0 -0.0 -0.0 -0.0 -0.0 -0.0 -0.0; -0.0 -0.0 -0.0 -0.0 -0.0 -0.0 -0.0 -0.0 -0.0 -0.0; 26.0 36.0 0.0 35.0 -0.0 -0.0 -0.0 -0.0 -0.0 -0.0; -0.0 -0.0 -0.0 -0.0 -0.0 -0.0 -0.0 -0.0 -0.0 -0.0; -0.0 -0.0 -0.0 -0.0 11.0 -0.0 -0.0 -0.0 -0.0 -0.0; -0.0 -0.0 -0.0 -0.0 -0.0 -0.0 -0.0 -0.0 -0.0 -0.0; -0.0 -0.0 -0.0 -0.0 -0.0 4.0 3.0 -0.0 -0.0 -0.0; -0.0 -0.0 -0.0 -0.0 -0.0 -0.0 -0.0 8.0 9.0 20.0;;;]
evol_box,"[[0.384, 0.0], [1.905, 234180.44040022852], [1.984, 4.400803727156195e6], [1.996, 6.021236418572676e6], [2.007, 6.136981618229923e6]]"
y_pb,[[0.0 -0.0 -0.0 -0.0 -0.0 -0.0 -0.0 -0.0 -0.0 -0.0; 0.0 -0.0 -0.0 -0.0 -0.0 -0.0 -0.0 -0.0 -0.0 -0.0; 26.0 36.0 -0.0 35.0 -0.0 -0.0 -0.0 -0.0 -0.0 -0.0; -0.0 -0.0 -0.0 -0.0 0.0 -0.0 -0.0 -0.0 -0.0 -0.0; -0.0 -0.0 -0.0 -0.0 11.0 -0.0 -0.0 -0.0 -0.0 -0.0; -0.0 -0.0 -0.0 -0.0 -0.0 0.0 -0.0 -0.0 -0.0 -0.0; -0.0 -0.0 -0.0 -0.0 -0.0 4.0 3.0 -0.0 -0.0 -0.0; -0.0 -0.0 -0.0 -0.0 -0.0 -0.0 -0.0 8.0 9.0 20.000000000000004;;;]]
x_bb,"[0.0, 0.0, 97.0, 0.0, 11.0, 0.0, 7.0, 37.0]"
x_box,"[0.0, 0.0, 97.0, 0.0, 11.0, 0.0, 7.0, 37.0]"
evol_zeta,"[[1.54, 44.0], [1.982, 20.0], [1.994, 7.0], [2.006, 1.0], [2.017, 0.0]]"
ξ_box,[44.0; 36.0; 35.0; 35.0; 11.0; 4.0; 3.0; 8.0; 9.0; 20.0;;]
