first,second
s_box,[-0.0 -0.0; -0.0 11.0; 12.0 12.0; 13.0 13.0; 26.0 24.0; -0.0 0.0; 8.0 8.0; 0.0 8.0; 7.0 0.0; 36.0 26.0]
x_pb,"[0.0, 114.0, 0.0, -0.0, -0.0, 16.0, -0.0, 9.0]"
s_bb,[0.0 0.0; 11.0 0.0; 12.0 12.0; 13.0 13.0; 24.0 26.0; 0.0 0.0; 8.0 8.0; 0.0 0.0; 13.0 7.0; 21.0 36.0]
partition_bb,"[[[60.0, 54.0, 12.0, 11.0, 0.0, 0.0, 2.0, 0.0, 0.0, 0.0], [57.0, 51.0, 9.0, 8.0, 0.0, 0.0, 0.0, 0.0, 0.0, 18.0], [57.0, 51.0, 9.0, 8.0, 18.0, 0.0, 0.0, 0.0, 0.0, 0.0], [54.0, 48.0, 6.0, 5.0, 0.0, 15.0, 7.0, 4.0, 0.0, 0.0], [55.0, 49.0, 7.0, 6.0, 0.0, 0.0, 3.0, 7.0, 15.0, 0.0], [46.0, 52.0, 10.0, 9.0, 0.0, 0.0, 0.0, 0.0, 1.0, 25.0], [45.0, 51.0, 10.0, 11.0, 24.0, 2.0, 0.0, 0.0, 0.0, 0.0], [56.0, 50.0, 8.0, 7.0, 0.0, 1.0, 8.0, 12.0, 4.0, 0.0], [46.0, 52.0, 12.0, 13.0, 0.0, 0.0, 6.0, 10.0, 2.0, 0.0], [53.0, 47.0, 5.0, 4.0, 0.0, 0.0, 0.0, 2.0, 3.0, 27.0], [52.0, 46.0, 4.0, 3.0, 0.0, 16.0, 8.0, 9.0, 1.0, 0.0]], [[35.0, 29.0, 0.0, 0.0, 0.0, 0.0, 8.0, 11.0, 12.0, 36.0], [39.0, 45.0, 12.0, 13.0, 26.0, 4.0, 0.0, 0.0, 0.0, 0.0], [20.0, 14.0, 12.0, 11.0, 0.0, 16.0, 8.0, 11.0, 12.0, 36.0], [51.0, 45.0, 3.0, 2.0, 0.0, 0.0, 2.0, 5.0, 6.0, 30.0], [44.0, 50.0, 10.0, 11.0, 0.0, 1.0, 8.0, 12.0, 4.0, 0.0], [32.0, 38.0, 0.0, 0.0, 0.0, 0.0, 8.0, 11.0, 15.0, 36.0], [52.0, 46.0, 4.0, 3.0, 0.0, 0.0, 0.0, 3.0, 4.0, 28.0], [53.0, 47.0, 5.0, 4.0, 0.0, 0.0, 0.0, 3.0, 4.0, 28.0]]]"
y_box,[-0.0 -0.0 -0.0 -0.0 -0.0 -0.0 -0.0 -0.0 -0.0 -0.0; 53.0 50.0 -0.0 -0.0 -0.0 -0.0 -0.0 -0.0 -0.0 -0.0; -0.0 -0.0 -0.0 -0.0 -0.0 -0.0 -0.0 -0.0 -0.0 -0.0; -0.0 -0.0 0.0 -0.0 -0.0 -0.0 -0.0 -0.0 -0.0 -0.0; -0.0 -0.0 -0.0 -0.0 -0.0 -0.0 -0.0 -0.0 -0.0 -0.0; -0.0 -0.0 -0.0 0.0 -0.0 16.0 -0.0 -0.0 -0.0 -0.0; -0.0 -0.0 -0.0 -0.0 -0.0 -0.0 0.0 -0.0 -0.0 -0.0; -0.0 -0.0 -0.0 -0.0 -0.0 -0.0 -0.0 12.0 8.0 0.0;;; -0.0 0.0 -0.0 -0.0 -0.0 -0.0 -0.0 -0.0 -0.0 -0.0; 60.0 43.0 -0.0 -0.0 -0.0 -0.0 -0.0 -0.0 -0.0 -0.0; -0.0 0.0 -0.0 -0.0 -0.0 -0.0 -0.0 -0.0 -0.0 -0.0; -0.0 0.0 -0.0 -0.0 -0.0 -0.0 -0.0 -0.0 -0.0 -0.0; -0.0 0.0 -0.0 -0.0 -0.0 -0.0 -0.0 -0.0 -0.0 -0.0; -0.0 -0.0 -0.0 -0.0 -0.0 16.0 -0.0 -0.0 -0.0 -0.0; -0.0 -0.0 -0.0 -0.0 -0.0 0.0 -0.0 -0.0 -0.0 -0.0; -0.0 -0.0 -0.0 -0.0 -0.0 -0.0 -0.0 4.0 15.0 1.0]
evol_bb,"[[0.359, 1.4876448829142839e7], [0.543, 1.4876448829142837e7], [1.367, 1.4876448829142835e7], [3.219, 1.4744805371272724e7], [6.517, 1.4613181588847293e7], [7.009, 1.4349913102082614e7], [9.406, 1.3954944624052051e7], [14.862, 1.3829477731789168e7], [17.626, 1.3823301166181939e7], [17.639, 1.3691750380580852e7], [24.996, 1.3691744106346557e7], [25.014, 1.3691657708311828e7], [27.414, 1.3691657708311826e7], [29.96, 1.3560014250441715e7], [29.978, 1.342848064734704e7]]"
y_bb,[0.0 0.0 0.0 0.0 0.0 0.0 0.0 0.0 0.0 0.0; 60.0 43.0 0.0 0.0 0.0 0.0 0.0 0.0 0.0 0.0; 0.0 0.0 0.0 0.0 0.0 0.0 0.0 0.0 0.0 0.0; 0.0 0.0 0.0 0.0 0.0 0.0 0.0 0.0 0.0 0.0; 0.0 0.0 0.0 0.0 0.0 0.0 0.0 0.0 0.0 0.0; 0.0 0.0 0.0 0.0 0.0 16.0 0.0 0.0 0.0 0.0; 0.0 0.0 0.0 0.0 0.0 0.0 0.0 0.0 0.0 0.0; 0.0 0.0 0.0 0.0 0.0 0.0 0.0 12.0 2.0 6.0;;; 0.0 0.0 0.0 0.0 0.0 0.0 0.0 0.0 0.0 0.0; 53.0 50.0 0.0 0.0 0.0 0.0 0.0 0.0 0.0 0.0; 0.0 0.0 0.0 0.0 0.0 0.0 0.0 0.0 0.0 0.0; 0.0 0.0 0.0 0.0 0.0 0.0 0.0 0.0 0.0 0.0; 0.0 0.0 0.0 0.0 0.0 0.0 0.0 0.0 0.0 0.0; 0.0 0.0 0.0 0.0 0.0 16.0 0.0 0.0 0.0 0.0; 0.0 0.0 0.0 0.0 0.0 0.0 0.0 0.0 0.0 0.0; 0.0 0.0 0.0 0.0 0.0 0.0 0.0 12.0 8.0 0.0]
evol_box,"[[0.419, 0.0], [2.039, 1219.4955737009159], [2.163, 3146.696066623765], [2.182, 6.71522907025185e6], [2.229, 6.71522907025185e6], [2.267, 6.71522907025185e6], [2.353, 8.557644289904697e6], [2.379, 9.874109609856157e6], [2.47, 1.184865214254046e7], [2.585, 1.1848652142540459e7], [2.684, 1.184865214254046e7], [2.788, 1.2112155699594824e7], [2.89, 1.224377612087096e7], [3.011, 1.2243776120870963e7], [3.125, 1.224377612087096e7], [3.242, 1.2507033632356955e7], [3.369, 1.2770324058096332e7], [3.485, 1.2770324058096334e7], [3.599, 1.2770324058096332e7], [4.243, 1.2901945581342066e7], [4.353, 1.2901945581342064e7], [4.477, 1.2901944352989243e7], [4.686, 1.3033446138851376e7], [4.929, 1.3165089596721487e7], [5.053, 1.3165089596721489e7], [5.176, 1.3165178866119318e7], [5.329, 1.3165209977227403e7], [5.546, 1.329672733470149e7], [5.677, 1.3296727334701492e7], [5.808, 1.329672733470149e7], [5.932, 1.3296727334701426e7], [6.078, 1.3296758778562246e7], [6.25, 1.3296842175170042e7], [6.444, 1.3296844843844311e7], [6.593, 1.3428370792571602e7], [6.748, 1.3428370792571604e7], [6.906, 1.34283707925716e7], [7.049, 1.3428376512461709e7], [7.199, 1.3428477041786982e7], [7.344, 1.3428479710461203e7], [7.504, 1.3428479710461218e7], [7.653, 1.3428479710461216e7]]"
y_pb,[[-0.0 -0.0 -0.0 -0.0 -0.0 -0.0 -0.0 -0.0 -0.0 -0.0; 60.0 54.0 -0.0 -0.0 -0.0 -0.0 -0.0 -0.0 -0.0 -0.0; -0.0 -0.0 -0.0 -0.0 -0.0 -0.0 -0.0 -0.0 -0.0 -0.0; -0.0 0.0 -0.0 -0.0 -0.0 -0.0 -0.0 -0.0 -0.0 -0.0; -0.0 -0.0 0.0 -0.0 -0.0 -0.0 -0.0 -0.0 -0.0 -0.0; -0.0 -0.0 -0.0 -0.0 -0.0 16.0 -0.0 -0.0 -0.0 -0.0; -0.0 -0.0 -0.0 -0.0 -0.0 -0.0 0.0 -0.0 -0.0 -0.0; -0.0 -0.0 -0.0 -0.0 -0.0 -0.0 -0.0 9.0 -0.0 -0.0;;;]]
x_bb,"[0.0, 103.0, 0.0, 0.0, 0.0, 16.0, 0.0, 20.0]"
x_box,"[0.0, 103.0, 0.0, 0.0, 0.0, 16.0, 0.0, 20.0]"
evol_zeta,"[[1.684, 60.0], [2.146, 36.0], [2.166, 26.0], [2.188, 22.799999999999997], [2.246, 22.5], [2.27, 15.0], [2.356, 26.0], [2.382, 15.0], [2.483, 12.0], [2.588, 10.0], [2.686, 6.375], [2.791, 5.875], [2.895, 7.999999999999997], [3.016, 10.000000000000004], [3.129, 6.0], [3.273, 3.428571428571429], [3.399, 11.6], [3.489, 5.000000000000003], [3.602, 8.8], [4.25, 2.5714285714285765], [4.356, 2.0], [4.494, 1.2857177351802775], [4.688, 3.0], [4.944, 1.0000000002000036], [5.06, 1.0], [5.191, 3.0], [5.352, 1.2857142857142847], [5.561, 2.999999999999993], [5.679, 2.0], [5.814, 1.0000000000000022], [5.935, 1.0], [6.086, 3.0], [6.276, 1.0000000002000036], [6.446, 1.0], [6.618, 0.6666666666666643], [6.756, 0.375], [6.914, 0.3333333333333357], [7.057, 1.0], [7.202, 1.0], [7.35, 1.0], [7.511, 0.14285714285714096], [7.661, 0.0]]"
ξ_box,[53.0 60.0; 50.0 54.0; 12.0 12.0; 13.0 13.0; 26.0 24.0; 16.0 16.0; 8.0 8.0; 12.0 12.0; 15.0 15.0; 36.0 27.0]
