first,second
s_box,[0.0; 0.0; 0.0; 0.0; 26.0; 18.0; 30.0; 40.0; 37.0; 22.0;;]
x_pb,"[45.0, 80.0, 30.0, -0.0, -0.0, -0.0, 5.0, -0.0]"
s_bb,[0.0; 0.0; 0.0; 0.0; 26.0; 18.0; 30.0; 40.0; 37.0; 22.0;;]
partition_bb,"[[[45.0, 40.0, 36.0, 28.0, 7.0, 6.0, 0.0, 0.0, 0.0, 0.0], [18.0, 13.0, 9.0, 1.0, 10.0, 18.0, 27.0, 40.0, 20.0, 5.0], [0.0, 0.0, 0.0, 0.0, 0.0, 0.0, 12.0, 17.0, 37.0, 22.0], [0.0, 0.0, 0.0, 5.0, 26.0, 18.0, 1.0, 0.0, 0.0, 0.0], [0.0, 0.0, 0.0, 0.0, 10.0, 18.0, 35.0, 22.0, 10.0, 0.0], [13.0, 18.0, 22.0, 30.0, 9.0, 7.0, 0.0, 0.0, 0.0, 0.0], [29.0, 31.0, 38.0, 30.0, 9.0, 8.0, 0.0, 0.0, 0.0, 0.0], [37.0, 42.0, 35.0, 30.0, 9.0, 8.0, 0.0, 0.0, 0.0, 0.0]]]"
y_box,[45.0 -0.0 -0.0 -0.0 -0.0 -0.0 -0.0 -0.0 -0.0 -0.0; -0.0 42.0 38.0 -0.0 -0.0 -0.0 -0.0 -0.0 -0.0 -0.0; -0.0 -0.0 -0.0 30.0 -0.0 -0.0 -0.0 -0.0 -0.0 -0.0; -0.0 -0.0 -0.0 -0.0 -0.0 -0.0 -0.0 -0.0 -0.0 -0.0; -0.0 -0.0 -0.0 -0.0 0.0 0.0 -0.0 -0.0 -0.0 -0.0; -0.0 -0.0 -0.0 -0.0 -0.0 -0.0 -0.0 -0.0 -0.0 -0.0; -0.0 -0.0 -0.0 -0.0 -0.0 -0.0 5.0 0.0 -0.0 -0.0; -0.0 -0.0 -0.0 -0.0 -0.0 -0.0 -0.0 -0.0 0.0 0.0;;;]
evol_bb,"[[0.261, 2.1023041810518157e7]]"
y_bb,[45.0 -0.0 -0.0 -0.0 -0.0 -0.0 -0.0 -0.0 -0.0 -0.0; -0.0 42.0 38.0 -0.0 -0.0 -0.0 -0.0 -0.0 -0.0 -0.0; -0.0 -0.0 -0.0 30.0 -0.0 -0.0 -0.0 -0.0 -0.0 -0.0; -0.0 -0.0 -0.0 -0.0 -0.0 -0.0 -0.0 -0.0 -0.0 -0.0; -0.0 -0.0 -0.0 -0.0 0.0 0.0 -0.0 -0.0 -0.0 -0.0; -0.0 -0.0 -0.0 -0.0 -0.0 -0.0 -0.0 -0.0 -0.0 -0.0; -0.0 -0.0 -0.0 -0.0 -0.0 -0.0 5.0 0.0 -0.0 -0.0; -0.0 -0.0 -0.0 -0.0 -0.0 -0.0 -0.0 -0.0 0.0 0.0;;;]
evol_box,"[[0.433, 0.0], [1.881, 244746.24535744492], [1.953, 1.6041202865766106e7], [1.957, 2.017258762151084e7], [1.961, 2.041557883407796e7], [1.966, 2.0658555061800074e7], [1.971, 2.0901530494172726e7], [1.976, 2.1023041810518157e7]]"
y_pb,[[45.0 -0.0 -0.0 -0.0 -0.0 -0.0 -0.0 -0.0 -0.0 -0.0; -0.0 42.0 38.0 -0.0 -0.0 -0.0 -0.0 -0.0 -0.0 -0.0; -0.0 -0.0 -0.0 30.0 -0.0 -0.0 -0.0 -0.0 -0.0 -0.0; -0.0 -0.0 -0.0 -0.0 -0.0 0.0 -0.0 -0.0 -0.0 -0.0; -0.0 -0.0 -0.0 -0.0 -0.0 0.0 -0.0 -0.0 -0.0 -0.0; -0.0 -0.0 -0.0 -0.0 -0.0 -0.0 0.0 -0.0 -0.0 -0.0; -0.0 -0.0 -0.0 -0.0 -0.0 -0.0 5.0 -0.0 -0.0 -0.0; -0.0 -0.0 -0.0 -0.0 -0.0 -0.0 -0.0 -0.0 0.0 -0.0;;;]]
x_bb,"[45.0, 80.0, 30.0, 0.0, 0.0, 0.0, 5.0, 0.0]"
x_box,"[45.0, 80.0, 30.0, 0.0, 0.0, 0.0, 5.0, 0.0]"
evol_zeta,"[[1.543, 44.666666666666664], [1.951, 40.0], [1.955, 17.0], [1.96, 2.0], [1.965, 2.0], [1.97, 1.8333333333333286], [1.974, 1.0], [1.978, 0.0]]"
ξ_box,[45.0; 42.0; 38.0; 30.0; 26.0; 18.0; 35.0; 40.0; 37.0; 22.0;;]
