first,second
s_box,[21.0; 12.0; 11.0; 0.0; 0.0; 12.0; 14.0; 0.0; 0.0; 30.0;;]
x_pb,"[-0.0, -0.0, 27.0, -0.0, -0.0, 5.0, -0.0, 86.0]"
s_bb,[21.0; 12.0; 11.0; 0.0; 0.0; 12.0; 14.0; 0.0; 0.0; 30.0;;]
partition_bb,"[[[0.0, 0.0, 0.0, 0.0, 0.0, 4.0, 18.0, 29.0, 37.0, 30.0], [21.0, 12.0, 11.0, 27.0, 5.0, 12.0, 24.0, 7.0, 0.0, 0.0], [0.0, 0.0, 0.0, 0.0, 0.0, 7.0, 20.0, 37.0, 29.0, 27.0], [0.0, 0.0, 0.0, 0.0, 5.0, 12.0, 26.0, 22.0, 30.0, 23.0]]]"
y_box,[0.0 0.0 0.0 -0.0 -0.0 -0.0 -0.0 -0.0 -0.0 -0.0; -0.0 -0.0 -0.0 -0.0 -0.0 -0.0 -0.0 -0.0 -0.0 -0.0; -0.0 -0.0 -0.0 27.0 -0.0 -0.0 -0.0 -0.0 -0.0 -0.0; -0.0 -0.0 -0.0 -0.0 -0.0 -0.0 -0.0 -0.0 -0.0 -0.0; -0.0 -0.0 -0.0 -0.0 -0.0 -0.0 -0.0 -0.0 -0.0 -0.0; -0.0 -0.0 -0.0 -0.0 5.0 -0.0 -0.0 -0.0 -0.0 -0.0; -0.0 -0.0 -0.0 -0.0 -0.0 0.0 -0.0 -0.0 -0.0 -0.0; -0.0 -0.0 -0.0 -0.0 -0.0 -0.0 12.0 37.0 37.0 0.0;;;]
evol_bb,"[[0.273, 1.1430772174914818e7]]"
y_bb,[0.0 0.0 0.0 -0.0 -0.0 -0.0 -0.0 -0.0 -0.0 -0.0; -0.0 -0.0 -0.0 -0.0 -0.0 -0.0 -0.0 -0.0 -0.0 -0.0; -0.0 -0.0 -0.0 27.0 -0.0 -0.0 -0.0 -0.0 -0.0 -0.0; -0.0 -0.0 -0.0 -0.0 -0.0 -0.0 -0.0 -0.0 -0.0 -0.0; -0.0 -0.0 -0.0 -0.0 -0.0 -0.0 -0.0 -0.0 -0.0 -0.0; -0.0 -0.0 -0.0 -0.0 5.0 -0.0 -0.0 -0.0 -0.0 -0.0; -0.0 -0.0 -0.0 -0.0 -0.0 0.0 -0.0 -0.0 -0.0 -0.0; -0.0 -0.0 -0.0 -0.0 -0.0 -0.0 12.0 37.0 37.0 0.0;;;]
evol_box,"[[0.432, 0.0], [2.112, 2592.0746653834854], [2.19, 1.028796480530836e7], [2.194, 1.1202202710637543e7], [2.199, 1.1430772174914818e7]]"
y_pb,[[0.0 -0.0 -0.0 -0.0 -0.0 -0.0 -0.0 -0.0 -0.0 -0.0; -0.0 -0.0 -0.0 0.0 -0.0 -0.0 -0.0 -0.0 -0.0 -0.0; -0.0 -0.0 -0.0 27.0 -0.0 -0.0 -0.0 -0.0 -0.0 -0.0; -0.0 -0.0 -0.0 0.0 -0.0 -0.0 -0.0 -0.0 -0.0 -0.0; -0.0 -0.0 -0.0 0.0 -0.0 -0.0 -0.0 -0.0 -0.0 -0.0; -0.0 -0.0 -0.0 -0.0 5.000000000000001 -0.0 -0.0 -0.0 -0.0 -0.0; -0.0 -0.0 -0.0 -0.0 -0.0 0.0 -0.0 -0.0 -0.0 -0.0; -0.0 -0.0 -0.0 -0.0 -0.0 -0.0 12.0 37.00000000000001 37.00000000000001 -0.0;;;]]
x_bb,"[0.0, 0.0, 27.0, 0.0, 0.0, 5.0, 0.0, 86.0]"
x_box,"[0.0, 0.0, 27.0, 0.0, 0.0, 5.0, 0.0, 86.0]"
evol_zeta,"[[1.721, 37.0], [2.189, 27.0], [2.192, 7.600000000000001], [2.198, 2.0], [2.201, 0.0]]"
ξ_box,[21.0; 12.0; 11.0; 27.0; 5.0; 12.0; 26.0; 37.0; 37.0; 30.0;;]
