first,second
s_box,[0.0; 0.0; 0.0; 0.0; 48.0; 2.0; 0.0; 21.0; 27.0; 53.0;;]
x_pb,"[49.0, 54.0, -0.0, -0.0, -0.0, 75.0, -0.0, -0.0]"
s_bb,[0.0; 0.0; 0.0; 0.0; 48.0; 2.0; 0.0; 21.0; 27.0; 53.0;;]
partition_bb,"[[[3.0, 6.0, 12.0, 28.0, 0.0, 12.0, 18.0, 21.0, 27.0, 53.0], [3.0, 0.0, 3.0, 19.0, 48.0, 36.0, 30.0, 21.0, 18.0, 0.0], [26.0, 23.0, 15.0, 1.0, 0.0, 0.0, 0.0, 0.0, 0.0, 0.0], [0.0, 0.0, 4.0, 20.0, 34.0, 46.0, 31.0, 21.0, 18.0, 5.0], [10.0, 11.0, 19.0, 35.0, 6.0, 6.0, 12.0, 15.0, 21.0, 47.0]]]"
y_box,[26.0 23.0 -0.0 -0.0 -0.0 -0.0 -0.0 -0.0 -0.0 -0.0; -0.0 -0.0 19.0 35.0 -0.0 -0.0 -0.0 -0.0 -0.0 -0.0; -0.0 -0.0 -0.0 -0.0 -0.0 -0.0 -0.0 -0.0 -0.0 -0.0; -0.0 -0.0 -0.0 -0.0 0.0 -0.0 -0.0 -0.0 -0.0 -0.0; -0.0 -0.0 -0.0 -0.0 -0.0 -0.0 -0.0 -0.0 -0.0 -0.0; -0.0 -0.0 -0.0 -0.0 -0.0 44.0 31.0 -0.0 -0.0 -0.0; -0.0 -0.0 -0.0 -0.0 -0.0 -0.0 -0.0 0.0 -0.0 -0.0; -0.0 -0.0 -0.0 -0.0 -0.0 -0.0 -0.0 -0.0 0.0 0.0;;;]
evol_bb,"[[0.292, 1.975712988846603e7]]"
y_bb,[26.0 23.0 -0.0 -0.0 -0.0 -0.0 -0.0 -0.0 -0.0 -0.0; -0.0 -0.0 19.0 35.0 -0.0 -0.0 -0.0 -0.0 -0.0 -0.0; -0.0 -0.0 -0.0 -0.0 -0.0 -0.0 -0.0 -0.0 -0.0 -0.0; -0.0 -0.0 -0.0 -0.0 0.0 -0.0 -0.0 -0.0 -0.0 -0.0; -0.0 -0.0 -0.0 -0.0 -0.0 -0.0 -0.0 -0.0 -0.0 -0.0; -0.0 -0.0 -0.0 -0.0 -0.0 44.0 31.0 -0.0 -0.0 -0.0; -0.0 -0.0 -0.0 -0.0 -0.0 -0.0 -0.0 0.0 -0.0 -0.0; -0.0 -0.0 -0.0 -0.0 -0.0 -0.0 -0.0 -0.0 0.0 0.0;;;]
evol_box,"[[0.431, 0.0], [2.127, 263862.50314352993], [2.212, 1.125344787087711e7], [2.217, 1.7402212378517922e7], [2.222, 1.8841324136214502e7], [2.226, 1.975712988846603e7]]"
y_pb,[[26.0 23.000000000000004 -0.0 -0.0 -0.0 -0.0 -0.0 -0.0 -0.0 -0.0; -0.0 -0.0 19.0 35.0 -0.0 -0.0 -0.0 -0.0 -0.0 -0.0; -0.0 -0.0 -0.0 0.0 -0.0 -0.0 -0.0 -0.0 -0.0 -0.0; -0.0 -0.0 -0.0 -0.0 0.0 -0.0 -0.0 -0.0 -0.0 -0.0; -0.0 -0.0 -0.0 -0.0 -0.0 0.0 -0.0 -0.0 -0.0 -0.0; -0.0 -0.0 -0.0 -0.0 -0.0 44.0 31.000000000000004 -0.0 -0.0 -0.0; -0.0 -0.0 -0.0 -0.0 -0.0 -0.0 0.0 -0.0 -0.0 -0.0; -0.0 -0.0 -0.0 -0.0 -0.0 -0.0 -0.0 -0.0 0.0 -0.0;;;]]
x_bb,"[49.0, 54.0, 0.0, 0.0, 0.0, 75.0, 0.0, 0.0]"
x_box,"[49.0, 54.0, 0.0, 0.0, 0.0, 75.0, 0.0, 0.0]"
evol_zeta,"[[1.735, 53.0], [2.21, 48.0], [2.215, 23.0], [2.22, 10.0], [2.225, 7.0], [2.229, 0.0]]"
ξ_box,[26.0; 23.0; 19.0; 35.0; 48.0; 46.0; 31.0; 21.0; 27.0; 53.0;;]
