first,second
s_box,[17.0 21.0; 12.0 -0.0; 11.0 -0.0; -0.0 -0.0; 0.0 -0.0; 12.0 -0.0; 8.0 5.0; -0.0 31.0; -0.0 32.0; 30.0 -0.0]
x_pb,"[-0.0, -0.0, 27.0, -0.0, -0.0, 5.0, -0.0, 86.0]"
s_bb,[17.0 -0.0; 12.0 12.0; 11.0 -0.0; -0.0 -0.0; 0.0 -0.0; 12.0 -0.0; 8.0 15.0; -0.0 -0.0; 0.0 32.0; 30.0 30.0]
partition_bb,"[[[0.0, 0.0, 0.0, 0.0, 0.0, 4.0, 18.0, 29.0, 37.0, 30.0], [1.0, 2.0, 3.0, 19.0, 0.0, 3.0, 16.0, 33.0, 25.0, 23.0], [13.0, 4.0, 3.0, 0.0, 0.0, 2.0, 10.0, 27.0, 35.0, 28.0], [6.0, 12.0, 11.0, 0.0, 5.0, 0.0, 6.0, 23.0, 31.0, 24.0], [0.0, 8.0, 9.0, 0.0, 5.0, 12.0, 6.0, 23.0, 31.0, 24.0], [0.0, 0.0, 0.0, 0.0, 5.0, 12.0, 26.0, 23.0, 31.0, 24.0], [0.0, 0.0, 0.0, 0.0, 0.0, 7.0, 20.0, 37.0, 29.0, 27.0], [16.0, 7.0, 6.0, 0.0, 0.0, 0.0, 8.0, 25.0, 33.0, 26.0], [2.0, 3.0, 4.0, 20.0, 0.0, 0.0, 8.0, 25.0, 33.0, 26.0], [17.0, 8.0, 7.0, 0.0, 0.0, 0.0, 8.0, 25.0, 33.0, 26.0], [3.0, 4.0, 5.0, 21.0, 0.0, 0.0, 8.0, 25.0, 33.0, 26.0]], [[21.0, 12.0, 11.0, 27.0, 0.0, 0.0, 0.0, 13.0, 21.0, 14.0], [8.0, 9.0, 10.0, 26.0, 5.0, 12.0, 26.0, 14.0, 6.0, 4.0], [18.0, 9.0, 8.0, 0.0, 0.0, 1.0, 14.0, 31.0, 23.0, 21.0], [3.0, 12.0, 11.0, 0.0, 5.0, 0.0, 3.0, 20.0, 23.0, 30.0], [20.0, 11.0, 10.0, 2.0, 0.0, 0.0, 5.0, 22.0, 30.0, 23.0], [3.0, 4.0, 5.0, 21.0, 0.0, 0.0, 7.0, 24.0, 32.0, 25.0]]]"
y_box,[-0.0 0.0 0.0 -0.0 -0.0 -0.0 -0.0 -0.0 -0.0 -0.0; -0.0 -0.0 -0.0 -0.0 -0.0 -0.0 -0.0 -0.0 -0.0 -0.0; -0.0 -0.0 -0.0 21.0 -0.0 -0.0 -0.0 -0.0 -0.0 -0.0; -0.0 -0.0 -0.0 -0.0 -0.0 -0.0 -0.0 -0.0 -0.0 -0.0; -0.0 -0.0 -0.0 -0.0 -0.0 -0.0 -0.0 -0.0 -0.0 -0.0; -0.0 -0.0 -0.0 -0.0 5.0 -0.0 -0.0 -0.0 -0.0 -0.0; -0.0 -0.0 -0.0 -0.0 -0.0 0.0 -0.0 -0.0 -0.0 -0.0; -0.0 -0.0 -0.0 -0.0 -0.0 -0.0 18.0 37.0 37.0 -0.0;;; -0.0 0.0 -0.0 -0.0 -0.0 -0.0 -0.0 -0.0 -0.0 -0.0; -0.0 0.0 -0.0 -0.0 -0.0 -0.0 -0.0 -0.0 -0.0 -0.0; -0.0 12.0 0.0 9.0 -0.0 -0.0 -0.0 -0.0 -0.0 -0.0; -0.0 0.0 -0.0 -0.0 -0.0 -0.0 -0.0 -0.0 -0.0 -0.0; -0.0 0.0 -0.0 -0.0 -0.0 -0.0 -0.0 -0.0 -0.0 -0.0; -0.0 -0.0 -0.0 5.0 -0.0 -0.0 -0.0 -0.0 -0.0 -0.0; -0.0 -0.0 0.0 -0.0 -0.0 0.0 -0.0 -0.0 -0.0 -0.0; -0.0 -0.0 11.0 13.0 5.0 12.0 21.0 -0.0 -0.0 30.0]
evol_bb,"[[0.398, 1.1430772174914818e7], [0.557, 1.1430772174914815e7], [2.588, 1.131649243674867e7], [3.274, 1.1316492025416132e7], [5.239, 1.1202212287249984e7], [7.025, 1.0859373484084079e7], [9.819, 1.0859373484084077e7], [10.446, 1.0859369340094352e7], [10.471, 1.0630806341335298e7], [14.559, 1.0516528053601041e7], [16.221, 1.0516517231005482e7], [16.233, 1.0402237081506796e7], [16.305, 1.0287984911740804e7], [16.325, 1.0287984911740802e7], [18.631, 1.0287952349368159e7], [19.739, 1.0287952349368157e7]]"
y_bb,[0.0 0.0 -0.0 -0.0 -0.0 -0.0 -0.0 -0.0 -0.0 -0.0; -0.0 0.0 0.0 -0.0 -0.0 -0.0 -0.0 -0.0 -0.0 -0.0; -0.0 -0.0 -0.0 21.0 -0.0 -0.0 -0.0 -0.0 -0.0 -0.0; -0.0 -0.0 -0.0 0.0 -0.0 -0.0 -0.0 -0.0 -0.0 -0.0; -0.0 -0.0 -0.0 0.0 -0.0 -0.0 -0.0 -0.0 -0.0 -0.0; -0.0 -0.0 -0.0 -0.0 5.0 -0.0 -0.0 -0.0 -0.0 -0.0; -0.0 -0.0 -0.0 -0.0 -0.0 0.0 -0.0 -0.0 -0.0 -0.0; -0.0 -0.0 -0.0 -0.0 -0.0 -0.0 18.0 37.0 37.0 0.0;;; -0.0 0.0 -0.0 0.0 -0.0 0.0 -0.0 -0.0 -0.0 -0.0; -0.0 -0.0 -0.0 -0.0 -0.0 -0.0 -0.0 0.0 -0.0 -0.0; 0.0 -0.0 -0.0 -0.0 -0.0 12.0 -0.0 9.0 -0.0 -0.0; -0.0 -0.0 -0.0 -0.0 -0.0 0.0 -0.0 -0.0 -0.0 -0.0; -0.0 -0.0 0.0 -0.0 -0.0 -0.0 -0.0 -0.0 -0.0 -0.0; -0.0 -0.0 -0.0 -0.0 5.0 0.0 -0.0 -0.0 -0.0 -0.0; -0.0 -0.0 -0.0 -0.0 0.0 -0.0 -0.0 -0.0 -0.0 -0.0; 21.0 -0.0 11.0 27.0 -0.0 -0.0 11.0 22.0 0.0 0.0]
evol_box,"[[0.445, 0.0], [2.12, 2592.0746653741226], [2.209, 117010.30267639023], [2.231, 5.031029190061431e6], [2.265, 5.031029190061431e6], [2.291, 6.516611352662906e6], [2.324, 7.77374005446138e6], [2.44, 7.773740054461379e6], [2.523, 7.773764676498202e6], [2.615, 8.230840821355614e6], [2.774, 8.345132752855057e6], [2.896, 8.459460392715078e6], [3.03, 9.030869120944869e6], [3.259, 9.145107495977012e6], [3.374, 9.145148794047082e6], [3.516, 9.25945884525378e6], [3.629, 9.487968389677605e6], [3.8, 9.830822586093513e6], [3.96, 9.83083342067458e6], [4.105, 9.830836334013369e6], [4.288, 9.830845480614424e6], [4.454, 1.0059402776924606e7], [4.672, 1.0059402884951852e7], [4.834, 1.0059402884951854e7], [4.976, 1.0059404956946718e7], [5.17, 1.005940495694672e7], [5.354, 1.005940495694672e7], [5.521, 1.0059404956946716e7], [5.809, 1.0059404890572296e7], [6.008, 1.0059418646453734e7], [6.262, 1.005942134563945e7], [6.499, 1.0173663497210804e7], [6.73, 1.0173679701140378e7], [7.495, 1.017368469509185e7], [7.731, 1.0173694604636818e7], [8.016, 1.0173700515027585e7], [9.066, 1.0287952349368159e7], [9.271, 1.0287952349368159e7], [9.493, 1.0287952349368159e7]]"
y_pb,[[0.0 -0.0 -0.0 -0.0 -0.0 -0.0 -0.0 -0.0 -0.0 -0.0; -0.0 -0.0 -0.0 0.0 -0.0 -0.0 -0.0 -0.0 -0.0 -0.0; -0.0 -0.0 -0.0 27.0 -0.0 -0.0 -0.0 -0.0 -0.0 -0.0; -0.0 -0.0 -0.0 0.0 -0.0 -0.0 -0.0 -0.0 -0.0 -0.0; -0.0 -0.0 -0.0 0.0 -0.0 -0.0 -0.0 -0.0 -0.0 -0.0; -0.0 -0.0 -0.0 -0.0 5.000000000000001 -0.0 -0.0 -0.0 -0.0 -0.0; -0.0 -0.0 -0.0 -0.0 -0.0 0.0 -0.0 -0.0 -0.0 -0.0; -0.0 -0.0 -0.0 -0.0 -0.0 -0.0 12.0 37.00000000000001 37.00000000000001 -0.0;;;]]
x_bb,"[0.0, -0.0, 21.0, -0.0, -0.0, 5.0, -0.0, 92.0]"
x_box,"[0.0, 0.0, 21.0, 0.0, 0.0, 5.0, 0.0, 92.0]"
evol_zeta,"[[1.741, 37.0], [2.194, 27.0], [2.215, 26.0], [2.246, 18.777777777777782], [2.268, 16.714285714285715], [2.297, 8.0], [2.327, 10.0], [2.445, 10.0], [2.529, 8.000000000000004], [2.631, 8.0], [2.778, 8.0], [2.911, 8.0], [3.036, 8.285714285714288], [3.262, 11.0], [3.387, 7.500000000850008], [3.522, 4.600000000000001], [3.635, 3.9999999999999973], [3.806, 2.0], [3.966, 5.0], [4.125, 6.125], [4.295, 3.0], [4.467, 4.500000622895982], [4.686, 3.0], [4.838, 1.5], [4.989, 5.000000000000002], [5.178, 3.4999999999999964], [5.357, 2.0], [5.524, 1.25], [5.817, 0.8888887763858975], [6.016, 0.5], [6.271, 1.125], [6.503, 4.800000000000001], [6.738, 1.875], [7.51, 0.5], [7.74, 0.14285714285714235], [8.024, 0.4444444444444444], [9.073, 0.125], [9.279, 1.375], [9.506, -0.0]]"
ξ_box,[17.0 21.0; 12.0 12.0; 11.0 11.0; 21.0 27.0; 5.0 5.0; 12.0 12.0; 26.0 26.0; 37.0 31.0; 37.0 32.0; 30.0 30.0]
