first,second
s_box,[0.0; 12.0; 2.0; 9.0; 16.0; 13.0; 0.0; 0.0; 0.0; 0.0;;]
x_pb,"[-0.0, 33.0, -0.0, -0.0, -0.0, -0.0, -0.0, 75.0]"
s_bb,[0.0; 12.0; 2.0; 9.0; 16.0; 13.0; 0.0; 0.0; 0.0; 0.0;;]
partition_bb,"[[[28.0, 17.0, 2.0, 9.0, 9.0, 6.0, 3.0, 4.0, 14.0, 18.0], [28.0, 17.0, 2.0, 0.0, 10.0, 8.0, 10.0, 19.0, 9.0, 5.0], [0.0, 0.0, 0.0, 0.0, 4.0, 7.0, 10.0, 11.0, 21.0, 16.0], [0.0, 0.0, 0.0, 0.0, 4.0, 7.0, 10.0, 11.0, 20.0, 25.0], [26.0, 15.0, 0.0, 5.0, 16.0, 13.0, 10.0, 2.0, 8.0, 13.0]]]"
y_box,[-0.0 -0.0 -0.0 -0.0 -0.0 -0.0 -0.0 -0.0 -0.0 -0.0; 28.0 5.0 -0.0 -0.0 -0.0 -0.0 -0.0 -0.0 -0.0 -0.0; -0.0 -0.0 0.0 -0.0 -0.0 -0.0 -0.0 -0.0 -0.0 -0.0; -0.0 -0.0 -0.0 -0.0 -0.0 -0.0 -0.0 -0.0 -0.0 -0.0; -0.0 -0.0 -0.0 -0.0 -0.0 -0.0 -0.0 -0.0 -0.0 -0.0; -0.0 -0.0 -0.0 0.0 -0.0 -0.0 -0.0 -0.0 -0.0 -0.0; -0.0 -0.0 -0.0 -0.0 0.0 -0.0 -0.0 -0.0 -0.0 -0.0; -0.0 -0.0 -0.0 -0.0 -0.0 0.0 10.0 19.0 21.0 25.0;;;]
evol_bb,"[[0.311, 5.794327448873524e6]]"
y_bb,[-0.0 -0.0 -0.0 -0.0 -0.0 -0.0 -0.0 -0.0 -0.0 -0.0; 28.0 5.0 -0.0 -0.0 -0.0 -0.0 -0.0 -0.0 -0.0 -0.0; -0.0 -0.0 0.0 -0.0 -0.0 -0.0 -0.0 -0.0 -0.0 -0.0; -0.0 -0.0 -0.0 -0.0 -0.0 -0.0 -0.0 -0.0 -0.0 -0.0; -0.0 -0.0 -0.0 -0.0 -0.0 -0.0 -0.0 -0.0 -0.0 -0.0; -0.0 -0.0 -0.0 0.0 -0.0 -0.0 -0.0 -0.0 -0.0 -0.0; -0.0 -0.0 -0.0 -0.0 0.0 -0.0 -0.0 -0.0 -0.0 -0.0; -0.0 -0.0 -0.0 -0.0 -0.0 0.0 10.0 19.0 21.0 25.0;;;]
evol_box,"[[0.488, 0.0], [2.314, 224939.43287099779], [2.401, 3.1209384114592667e6], [2.405, 4.680370537678122e6], [2.409, 5.794327448873524e6]]"
y_pb,[[0.0 -0.0 -0.0 -0.0 -0.0 -0.0 -0.0 -0.0 -0.0 -0.0; 28.000000000000004 5.0 -0.0 -0.0 -0.0 -0.0 -0.0 -0.0 -0.0 -0.0; -0.0 0.0 -0.0 -0.0 -0.0 -0.0 -0.0 -0.0 -0.0 -0.0; -0.0 -0.0 -0.0 -0.0 0.0 -0.0 -0.0 -0.0 -0.0 -0.0; -0.0 -0.0 -0.0 -0.0 0.0 -0.0 -0.0 -0.0 -0.0 -0.0; -0.0 -0.0 -0.0 -0.0 -0.0 0.0 -0.0 -0.0 -0.0 -0.0; -0.0 -0.0 -0.0 -0.0 -0.0 0.0 -0.0 -0.0 -0.0 -0.0; -0.0 -0.0 -0.0 -0.0 -0.0 -0.0 10.000000000000002 19.0 21.0 25.000000000000004;;;]]
x_bb,"[0.0, 33.0, 0.0, 0.0, 0.0, 0.0, 0.0, 75.0]"
x_box,"[0.0, 33.0, 0.0, 0.0, 0.0, 0.0, 0.0, 75.0]"
evol_zeta,"[[1.898, 28.0], [2.399, 15.0], [2.403, 7.000000000800014], [2.407, 5.000000000600011], [2.411, 0.0]]"
ξ_box,[28.0; 17.0; 2.0; 9.0; 16.0; 13.0; 10.0; 19.0; 21.0; 25.0;;]
