first,second
s_box,[0.0; 0.0; 11.0; 33.0; 20.0; 31.0; 0.0; 32.0; 27.0; 0.0;;]
x_pb,"[64.0, 29.0, -0.0, -0.0, 22.0, -0.0, 47.0, -0.0]"
s_bb,[0.0; 0.0; 11.0; 33.0; 20.0; 31.0; 0.0; 32.0; 27.0; 0.0;;]
partition_bb,"[[[8.0, 4.0, 12.0, 10.0, 9.0, 8.0, 12.0, 25.0, 27.0, 47.0], [37.0, 27.0, 9.0, 3.0, 0.0, 0.0, 0.0, 0.0, 0.0, 0.0], [33.0, 27.0, 40.0, 33.0, 20.0, 9.0, 0.0, 0.0, 0.0, 0.0], [37.0, 27.0, 11.0, 18.0, 20.0, 31.0, 14.0, 5.0, 0.0, 0.0], [0.0, 0.0, 22.0, 15.0, 20.0, 9.0, 22.0, 0.0, 0.0, 0.0], [0.0, 0.0, 4.0, 11.0, 20.0, 9.0, 12.0, 32.0, 27.0, 47.0]]]"
y_box,[37.0 27.0 -0.0 -0.0 -0.0 -0.0 -0.0 -0.0 -0.0 -0.0; -0.0 -0.0 29.0 0.0 -0.0 -0.0 -0.0 -0.0 -0.0 -0.0; -0.0 -0.0 -0.0 -0.0 -0.0 -0.0 -0.0 -0.0 -0.0 -0.0; -0.0 -0.0 -0.0 -0.0 0.0 -0.0 -0.0 -0.0 -0.0 -0.0; -0.0 -0.0 -0.0 -0.0 -0.0 0.0 22.0 -0.0 -0.0 -0.0; -0.0 -0.0 -0.0 -0.0 -0.0 -0.0 -0.0 -0.0 -0.0 -0.0; -0.0 -0.0 -0.0 -0.0 -0.0 -0.0 -0.0 0.0 0.0 47.0; -0.0 -0.0 -0.0 -0.0 -0.0 -0.0 -0.0 -0.0 -0.0 -0.0;;;]
evol_bb,"[[0.35, 1.8951082851615556e7]]"
y_bb,[37.0 27.0 -0.0 -0.0 -0.0 -0.0 -0.0 -0.0 -0.0 -0.0; -0.0 -0.0 29.0 0.0 -0.0 -0.0 -0.0 -0.0 -0.0 -0.0; -0.0 -0.0 -0.0 -0.0 -0.0 -0.0 -0.0 -0.0 -0.0 -0.0; -0.0 -0.0 -0.0 -0.0 0.0 -0.0 -0.0 -0.0 -0.0 -0.0; -0.0 -0.0 -0.0 -0.0 -0.0 0.0 22.0 -0.0 -0.0 -0.0; -0.0 -0.0 -0.0 -0.0 -0.0 -0.0 -0.0 -0.0 -0.0 -0.0; -0.0 -0.0 -0.0 -0.0 -0.0 -0.0 -0.0 0.0 0.0 47.0; -0.0 -0.0 -0.0 -0.0 -0.0 -0.0 -0.0 -0.0 -0.0 -0.0;;;]
evol_box,"[[0.567, 0.0], [2.35, 3013.0329944474606], [2.44, 8.000133418668965e6], [2.444, 1.56288757539168e7], [2.448, 1.8089769900360323e7], [2.452, 1.8951082851615556e7]]"
y_pb,[[37.00000000000001 27.0 -0.0 -0.0 -0.0 -0.0 -0.0 -0.0 -0.0 -0.0; -0.0 -0.0 29.0 -0.0 -0.0 -0.0 -0.0 -0.0 -0.0 -0.0; -0.0 -0.0 -0.0 -0.0 0.0 -0.0 -0.0 -0.0 -0.0 -0.0; -0.0 -0.0 -0.0 -0.0 -0.0 0.0 -0.0 -0.0 -0.0 -0.0; -0.0 -0.0 -0.0 -0.0 -0.0 -0.0 22.0 -0.0 -0.0 -0.0; -0.0 -0.0 -0.0 -0.0 -0.0 -0.0 0.0 -0.0 -0.0 -0.0; -0.0 -0.0 -0.0 -0.0 -0.0 -0.0 -0.0 -0.0 -0.0 47.0; -0.0 -0.0 -0.0 -0.0 -0.0 -0.0 -0.0 -0.0 -0.0 0.0;;;]]
x_bb,"[64.0, 29.0, 0.0, 0.0, 22.0, 0.0, 47.0, 0.0]"
x_box,"[64.0, 29.0, 0.0, 0.0, 22.0, 0.0, 47.0, 0.0]"
evol_zeta,"[[1.954, 47.0], [2.438, 29.0], [2.443, 28.0], [2.447, 20.0], [2.45, 7.0], [2.454, 0.0]]"
ξ_box,[37.0; 27.0; 40.0; 33.0; 20.0; 31.0; 22.0; 32.0; 27.0; 47.0;;]
