first,second
s_box,[34.0 25.0; -0.0 -0.0; 0.0 -0.0; 0.0 0.0; -0.0 -0.0; 30.0 31.0; 29.0 34.0; -0.0 0.0; 2.0 0.0; -0.0 5.0]
x_pb,"[-0.0, -0.0, 12.0, 1.0, 7.0, -0.0, 55.0, 42.0]"
s_bb,[25.0 34.0; -0.0 -0.0; 0.0 -0.0; 2.0 2.0; -0.0 -0.0; 31.0 30.0; 34.0 29.0; -0.0 -0.0; -0.0 -0.0; 3.0 -0.0]
partition_bb,"[[[0.0, 0.0, 0.0, 0.0, 0.0, 15.0, 16.0, 22.0, 24.0, 42.0], [0.0, 0.0, 0.0, 1.0, 4.0, 29.0, 34.0, 25.0, 21.0, 8.0], [14.0, 0.0, 0.0, 0.0, 1.0, 26.0, 31.0, 22.0, 18.0, 5.0], [0.0, 12.0, 1.0, 3.0, 0.0, 12.0, 13.0, 19.0, 21.0, 39.0], [25.0, 0.0, 0.0, 0.0, 0.0, 10.0, 11.0, 17.0, 19.0, 37.0], [0.0, 0.0, 0.0, 0.0, 0.0, 12.0, 15.0, 24.0, 28.0, 39.0], [0.0, 0.0, 1.0, 4.0, 7.0, 13.0, 14.0, 20.0, 22.0, 40.0], [0.0, 0.0, 1.0, 0.0, 2.0, 27.0, 32.0, 27.0, 23.0, 7.0], [0.0, 0.0, 1.0, 3.0, 6.0, 31.0, 31.0, 22.0, 18.0, 5.0], [0.0, 0.0, 0.0, 0.0, 0.0, 11.0, 16.0, 25.0, 29.0, 38.0]], [[34.0, 11.0, 0.0, 0.0, 0.0, 20.0, 15.0, 6.0, 8.0, 26.0], [22.0, 0.0, 0.0, 0.0, 0.0, 12.0, 17.0, 26.0, 30.0, 12.0], [26.0, 0.0, 0.0, 0.0, 0.0, 24.0, 29.0, 20.0, 16.0, 3.0], [33.0, 0.0, 0.0, 0.0, 0.0, 8.0, 9.0, 15.0, 17.0, 35.0], [32.0, 0.0, 0.0, 4.0, 7.0, 6.0, 7.0, 13.0, 15.0, 33.0], [31.0, 0.0, 0.0, 2.0, 5.0, 30.0, 25.0, 16.0, 12.0, 3.0], [27.0, 0.0, 0.0, 0.0, 0.0, 10.0, 11.0, 17.0, 19.0, 37.0], [14.0, 0.0, 1.0, 0.0, 0.0, 13.0, 18.0, 27.0, 31.0, 13.0], [26.0, 12.0, 1.0, 0.0, 0.0, 7.0, 8.0, 14.0, 16.0, 34.0]]]"
y_box,[0.0 -0.0 -0.0 -0.0 -0.0 -0.0 -0.0 -0.0 -0.0 -0.0; -0.0 -0.0 -0.0 -0.0 -0.0 -0.0 -0.0 -0.0 -0.0 -0.0; -0.0 12.0 -0.0 -0.0 -0.0 -0.0 -0.0 -0.0 -0.0 -0.0; -0.0 -0.0 1.0 -0.0 -0.0 -0.0 -0.0 -0.0 -0.0 -0.0; -0.0 -0.0 -0.0 4.0 7.0 -0.0 -0.0 -0.0 -0.0 -0.0; -0.0 -0.0 -0.0 -0.0 -0.0 -0.0 -0.0 -0.0 -0.0 -0.0; -0.0 -0.0 -0.0 -0.0 -0.0 -0.0 -0.0 27.0 29.0 -0.0; -0.0 -0.0 -0.0 -0.0 -0.0 -0.0 -0.0 -0.0 -0.0 37.0;;; 0.0 -0.0 -0.0 -0.0 -0.0 -0.0 -0.0 -0.0 -0.0 -0.0; -0.0 -0.0 -0.0 -0.0 -0.0 -0.0 -0.0 -0.0 -0.0 -0.0; -0.0 12.0 -0.0 -0.0 -0.0 -0.0 -0.0 -0.0 -0.0 -0.0; -0.0 -0.0 1.0 -0.0 0.0 -0.0 -0.0 -0.0 -0.0 -0.0; -0.0 -0.0 -0.0 4.0 7.0 0.0 0.0 -0.0 -0.0 -0.0; -0.0 -0.0 -0.0 -0.0 -0.0 -0.0 -0.0 -0.0 -0.0 -0.0; -0.0 -0.0 -0.0 -0.0 -0.0 -0.0 -0.0 27.0 29.0 0.0; -0.0 -0.0 -0.0 -0.0 -0.0 -0.0 -0.0 -0.0 -0.0 37.0]
evol_bb,"[[0.655, 1.3193476593120076e7], [1.06, 1.3193476593120074e7], [7.514, 1.3069017764586298e7], [10.061, 1.294457593530478e7], [23.941, 1.257118245045119e7], [28.461, 1.2197844221331287e7], [39.409, 1.2073389229632232e7], [48.735, 1.2073347136316083e7], [68.903, 1.1953402396230822e7], [69.001, 1.1948891723474847e7], [84.237, 1.1948888307782307e7], [90.218, 1.1824480740352277e7]]"
y_bb,[-0.0 -0.0 -0.0 -0.0 -0.0 -0.0 -0.0 -0.0 -0.0 -0.0; -0.0 -0.0 -0.0 -0.0 -0.0 -0.0 -0.0 -0.0 -0.0 -0.0; -0.0 12.0 -0.0 -0.0 -0.0 -0.0 -0.0 -0.0 -0.0 -0.0; -0.0 -0.0 1.0 -0.0 -0.0 -0.0 -0.0 -0.0 -0.0 -0.0; -0.0 -0.0 -0.0 2.0 7.0 -0.0 -0.0 -0.0 -0.0 -0.0; -0.0 -0.0 -0.0 -0.0 -0.0 -0.0 -0.0 -0.0 -0.0 -0.0; -0.0 -0.0 -0.0 -0.0 -0.0 -0.0 -0.0 27.0 29.0 2.0; -0.0 -0.0 -0.0 -0.0 -0.0 -0.0 -0.0 -0.0 -0.0 37.0;;; -0.0 -0.0 -0.0 -0.0 -0.0 -0.0 -0.0 -0.0 -0.0 -0.0; -0.0 -0.0 -0.0 -0.0 -0.0 -0.0 -0.0 -0.0 -0.0 -0.0; -0.0 12.0 -0.0 -0.0 -0.0 -0.0 -0.0 -0.0 -0.0 -0.0; -0.0 -0.0 1.0 -0.0 -0.0 -0.0 -0.0 -0.0 -0.0 -0.0; -0.0 -0.0 -0.0 2.0 7.0 -0.0 -0.0 -0.0 -0.0 -0.0; -0.0 -0.0 -0.0 -0.0 -0.0 -0.0 -0.0 -0.0 -0.0 -0.0; -0.0 -0.0 -0.0 -0.0 -0.0 -0.0 -0.0 27.0 31.0 -0.0; -0.0 -0.0 -0.0 -0.0 -0.0 -0.0 -0.0 -0.0 -0.0 37.0]
evol_box,"[[0.492, 0.0], [2.235, 250100.12824416], [2.34, 374831.23377545504], [2.396, 4.357024865486176e6], [2.419, 5.850638315296834e6], [2.474, 6.472797733113129e6], [2.501, 6.846401195953059e6], [2.61, 7.841792311179864e6], [2.703, 7.966462298906775e6], [2.839, 8.464268848437395e6], [2.954, 8.713210166871514e6], [3.144, 8.837515475254884e6], [3.247, 9.335345935517006e6], [3.451, 9.459895634407219e6], [3.694, 9.584371392582698e6], [3.902, 1.008218648379649e7], [4.115, 1.0330926860650793e7], [4.366, 1.0330972402380148e7], [4.549, 1.0330972402380098e7], [4.857, 1.033111239209736e7], [5.076, 1.0704408019560533e7], [5.297, 1.0828900366292356e7], [5.566, 1.0953229190016264e7], [5.846, 1.0953342534614583e7], [6.078, 1.095335194453049e7], [6.408, 1.1077679831853453e7], [6.831, 1.120213533657965e7], [7.173, 1.1326597488921005e7], [7.519, 1.1326597488921005e7], [7.886, 1.1326597488921005e7], [8.251, 1.1451056317454737e7], [8.65, 1.1451104638169806e7], [9.077, 1.145110525483053e7], [9.535, 1.1451117877884798e7], [9.901, 1.145115368321624e7], [10.282, 1.1575511822180979e7], [10.702, 1.157551907470824e7], [11.241, 1.1575555162595995e7], [11.747, 1.1575564011355411e7], [12.251, 1.1575564083364302e7], [12.589, 1.1699970650714755e7], [12.993, 1.1699970650714755e7], [13.426, 1.1699972312618544e7], [13.837, 1.1699977482099833e7], [14.393, 1.1699977903242018e7], [14.908, 1.170003070907717e7], [15.403, 1.1700039988447798e7], [16.007, 1.170004723874344e7], [16.539, 1.1824429479248531e7], [17.048, 1.1824429479248533e7], [17.647, 1.1824429479248531e7], [18.08, 1.1824429479248531e7], [18.669, 1.1824436310633611e7], [19.238, 1.1824436310633607e7], [19.861, 1.182443631063361e7], [20.478, 1.182443631063361e7], [21.003, 1.1824436310633607e7], [21.646, 1.1824436310633607e7], [22.191, 1.1824440356764294e7], [22.635, 1.1824440356764294e7], [23.173, 1.182445497812692e7], [23.649, 1.1824464759672048e7], [24.241, 1.1824472819663549e7], [24.98, 1.18244763795328e7], [25.928, 1.1824480493332991e7]]"
y_pb,[[0.0 -0.0 -0.0 -0.0 -0.0 -0.0 -0.0 -0.0 -0.0 -0.0; -0.0 0.0 -0.0 -0.0 -0.0 -0.0 -0.0 -0.0 -0.0 -0.0; -0.0 12.0 -0.0 -0.0 -0.0 -0.0 -0.0 -0.0 -0.0 -0.0; -0.0 -0.0 1.0 -0.0 -0.0 -0.0 -0.0 -0.0 -0.0 -0.0; -0.0 -0.0 -0.0 -0.0 7.000000000000001 -0.0 -0.0 -0.0 -0.0 -0.0; -0.0 -0.0 -0.0 -0.0 -0.0 0.0 -0.0 -0.0 -0.0 -0.0; -0.0 -0.0 -0.0 -0.0 -0.0 -0.0 -0.0 24.0 31.000000000000004 -0.0; -0.0 -0.0 -0.0 -0.0 -0.0 -0.0 -0.0 -0.0 -0.0 42.0;;;]]
x_bb,"[-0.0, -0.0, 12.0, 1.0, 9.0, -0.0, 58.0, 37.0]"
x_box,"[0.0, -0.0, 12.0, 1.0, 11.0, -0.0, 56.0, 37.0]"
evol_zeta,"[[1.859, 41.6], [2.321, 34.0], [2.345, 21.66666666666667], [2.4, 16.285714285714285], [2.449, 14.0], [2.477, 13.600000000000001], [2.504, 12.000000000000012], [2.618, 11.833333333333321], [2.711, 9.399999999999999], [2.845, 12.999999999999993], [2.956, 10.833333333333329], [3.148, 7.000000000800014], [3.252, 12.0], [3.484, 9.200000000000003], [3.7, 6.75], [3.908, 6.833333333333329], [4.123, 6.571428571428571], [4.371, 7.000000000000003], [4.55, 6.399999999999999], [4.863, 11.0], [5.091, 5.0], [5.304, 4.833333333333337], [5.574, 4.0], [5.852, 4.333333333333337], [6.084, 4.0], [6.417, 3.0], [6.838, 2.999999999999999], [7.177, 2.0], [7.526, 4.833333333333332], [7.89, 2.0], [8.26, 3.0], [8.681, 1.4444444444444429], [9.084, 2.1999999999999993], [9.543, 2.0], [9.934, 2.3999999999999986], [10.292, 1.2222222222222214], [10.707, 2.0], [11.284, 5.0], [11.779, 1.0000000002000036], [12.286, 1.9999999999999858], [12.598, 1.333333333333333], [13.002, 1.4285714285714306], [13.436, 1.0000000002000036], [13.846, 0.8749999999999982], [14.4, 1.8333333333333321], [14.917, 0.666666666666664], [15.409, 2.0], [16.041, 1.0], [16.569, 1.0], [17.079, 1.0], [17.656, 2.0], [18.091, 0.3333333333333329], [18.677, 0.7499999999999958], [19.248, 1.0000039992040684], [19.869, 0.8333333333333321], [20.493, 0.8000047992848351], [21.009, 0.5000000001500098], [21.681, 0.6666666666666683], [22.195, 1.0], [22.637, 1.0], [23.179, 1.0], [23.679, 0.6666666666666665], [24.25, 0.16666666666666538], [25.014, 0.11111234353672828], [25.938, 0.0]]"
ξ_box,[34.0 25.0; 12.0 12.0; 1.0 1.0; 4.0 4.0; 7.0 7.0; 30.0 31.0; 29.0 34.0; 27.0 27.0; 31.0 29.0; 37.0 42.0]
