first,second
s_box,[-0.0 16.0; -0.0 6.0; -0.0 -0.0; -0.0 -0.0; -0.0 -0.0; -0.0 -0.0; -0.0 -0.0; -0.0 -0.0; -0.0 -0.0; -0.0 -0.0]
x_pb,"[36.0, -0.0, 19.0, 14.0, -0.0, 24.0, 38.0, -0.0]"
s_bb,[16.0 -0.0; 6.0 -0.0; 0.0 -0.0; 0.0 -0.0; 0.0 -0.0; 0.0 -0.0; 0.0 -0.0; 0.0 -0.0; 0.0 -0.0; 0.0 -0.0]
partition_bb,"[[[10.0, 11.0, 11.0, 9.0, 6.0, 6.0, 14.0, 24.0, 15.0, 23.0], [10.0, 13.0, 11.0, 18.0, 13.0, 6.0, 12.0, 2.0, 9.0, 1.0], [16.0, 13.0, 11.0, 6.0, 13.0, 6.0, 14.0, 24.0, 9.0, 1.0]], Vector{Float64}[]]"
y_box,[5.0 13.0 -0.0 18.0 -0.0 -0.0 -0.0 -0.0 -0.0 -0.0; -0.0 -0.0 -0.0 0.0 -0.0 -0.0 -0.0 -0.0 -0.0 -0.0; 11.0 -0.0 0.0 -0.0 -0.0 6.0 -0.0 -0.0 -0.0 -0.0; -0.0 -0.0 -0.0 -0.0 -0.0 -0.0 14.0 -0.0 -0.0 -0.0; -0.0 -0.0 -0.0 -0.0 -0.0 -0.0 0.0 -0.0 -0.0 -0.0; -0.0 -0.0 -0.0 -0.0 -0.0 -0.0 -0.0 24.0 -0.0 -0.0; -0.0 -0.0 -0.0 -0.0 -0.0 -0.0 -0.0 -0.0 0.0 23.0; -0.0 -0.0 -0.0 -0.0 -0.0 -0.0 -0.0 -0.0 -0.0 -0.0;;; 0.0 7.0 11.0 18.0 -0.0 -0.0 -0.0 -0.0 -0.0 -0.0; -0.0 -0.0 -0.0 -0.0 0.0 -0.0 -0.0 -0.0 -0.0 -0.0; -0.0 -0.0 -0.0 -0.0 13.0 6.0 -0.0 -0.0 -0.0 -0.0; -0.0 -0.0 -0.0 -0.0 -0.0 -0.0 14.0 -0.0 -0.0 -0.0; -0.0 -0.0 -0.0 -0.0 -0.0 -0.0 -0.0 -0.0 -0.0 -0.0; -0.0 -0.0 -0.0 -0.0 -0.0 -0.0 -0.0 24.0 -0.0 -0.0; -0.0 -0.0 -0.0 -0.0 -0.0 -0.0 -0.0 -0.0 15.0 23.0; -0.0 -0.0 -0.0 -0.0 -0.0 -0.0 -0.0 -0.0 -0.0 0.0]
evol_bb,"[[0.393, 2.6814729306445387e6]]"
y_bb,[0.0 7.0 11.0 18.0 0.0 -0.0 -0.0 -0.0 -0.0 -0.0; -0.0 -0.0 -0.0 -0.0 -0.0 -0.0 -0.0 -0.0 -0.0 -0.0; -0.0 -0.0 -0.0 -0.0 13.0 6.0 -0.0 -0.0 -0.0 -0.0; -0.0 -0.0 -0.0 -0.0 -0.0 -0.0 14.0 -0.0 -0.0 -0.0; -0.0 -0.0 -0.0 -0.0 -0.0 -0.0 -0.0 -0.0 -0.0 -0.0; -0.0 -0.0 -0.0 -0.0 -0.0 -0.0 -0.0 24.0 -0.0 -0.0; -0.0 -0.0 -0.0 -0.0 -0.0 -0.0 -0.0 -0.0 15.0 23.0; -0.0 -0.0 -0.0 -0.0 -0.0 -0.0 -0.0 -0.0 -0.0 -0.0;;; -0.0 -0.0 -0.0 -0.0 -0.0 -0.0 -0.0 -0.0 -0.0 -0.0; -0.0 -0.0 -0.0 -0.0 -0.0 -0.0 -0.0 -0.0 -0.0 -0.0; -0.0 -0.0 -0.0 -0.0 -0.0 -0.0 -0.0 -0.0 -0.0 -0.0; -0.0 -0.0 -0.0 -0.0 -0.0 -0.0 -0.0 -0.0 -0.0 -0.0; -0.0 -0.0 -0.0 -0.0 -0.0 -0.0 -0.0 -0.0 -0.0 -0.0; -0.0 -0.0 -0.0 -0.0 -0.0 -0.0 -0.0 -0.0 -0.0 -0.0; -0.0 -0.0 -0.0 -0.0 -0.0 -0.0 -0.0 -0.0 -0.0 -0.0; -0.0 -0.0 -0.0 -0.0 -0.0 -0.0 -0.0 -0.0 -0.0 -0.0]
evol_box,"[[0.6, 0.0], [3.119, 1383.1133813988417], [3.251, 1405.8371484458132], [3.353, 1492.0016668134965], [3.443, 1.0977691105183433e6], [3.519, 1.0979007541764118e6], [3.578, 1.4632583894224796e6], [3.612, 1.7068509526448634e6], [3.675, 1.9505693784223173e6], [3.755, 2.194224872922236e6], [3.855, 2.6814729306445387e6]]"
y_pb,[[-0.0 7.0 11.0 18.0 -0.0 -0.0 -0.0 -0.0 -0.0 -0.0; -0.0 -0.0 -0.0 -0.0 0.0 -0.0 -0.0 -0.0 -0.0 -0.0; -0.0 -0.0 -0.0 -0.0 13.0 6.0 -0.0 -0.0 -0.0 -0.0; -0.0 -0.0 -0.0 -0.0 -0.0 -0.0 14.000000000000002 -0.0 -0.0 -0.0; -0.0 -0.0 -0.0 -0.0 -0.0 -0.0 -0.0 0.0 -0.0 -0.0; -0.0 -0.0 -0.0 -0.0 -0.0 -0.0 -0.0 24.0 -0.0 -0.0; -0.0 -0.0 -0.0 -0.0 -0.0 -0.0 -0.0 -0.0 15.0 23.000000000000004; -0.0 -0.0 -0.0 -0.0 -0.0 -0.0 -0.0 -0.0 -0.0 0.0;;;]]
x_bb,"[36.0, 0.0, 19.0, 14.0, 0.0, 24.0, 38.0, 0.0]"
x_box,"[36.0, -0.0, 19.0, 14.0, 0.0, 24.0, 38.0, -0.0]"
evol_zeta,"[[2.52, 24.0], [3.238, 9.0], [3.255, 9.0], [3.367, 9.0], [3.457, 7.0], [3.521, 5.0], [3.582, 6.0], [3.616, 6.0], [3.679, 4.0], [3.759, 4.0], [3.858, 0.0]]"
ξ_box,[16.0 16.0; 13.0 13.0; 0.0 11.0; 18.0 18.0; 2.6645352591003757e-15 13.0; 6.0 6.0; 0.0 14.0; 3.552713678800501e-15 24.0; 0.0 15.0; 23.0 23.0]
