first,second
s_box,[0.0; 30.0; 21.0; 36.0; 30.0; 0.0; 0.0; 8.0; 0.0; 33.0;;]
x_pb,"[-0.0, 16.0, -0.0, -0.0, 0.0, -0.0, 26.0, 49.0]"
s_bb,[0.0; 30.0; 21.0; 36.0; 30.0; 0.0; 0.0; 8.0; 0.0; 33.0;;]
partition_bb,"[[[0.0, 1.0, 16.0, 36.0, 3.0, 0.0, 0.0, 0.0, 0.0, 0.0], [16.0, 6.0, 0.0, 0.0, 0.0, 6.0, 8.0, 10.0, 12.0, 33.0], [0.0, 0.0, 0.0, 0.0, 30.0, 19.0, 17.0, 15.0, 13.0, 0.0], [16.0, 30.0, 21.0, 0.0, 0.0, 0.0, 2.0, 0.0, 0.0, 0.0], [16.0, 0.0, 0.0, 0.0, 8.0, 10.0, 17.0, 19.0, 21.0, 0.0], [0.0, 0.0, 0.0, 0.0, 15.0, 26.0, 17.0, 15.0, 15.0, 3.0]]]"
y_box,[-0.0 -0.0 -0.0 -0.0 -0.0 -0.0 -0.0 -0.0 -0.0 -0.0; 16.0 -0.0 -0.0 -0.0 -0.0 -0.0 -0.0 -0.0 -0.0 -0.0; -0.0 -0.0 -0.0 -0.0 -0.0 -0.0 -0.0 -0.0 -0.0 -0.0; -0.0 0.0 -0.0 -0.0 -0.0 -0.0 -0.0 -0.0 -0.0 -0.0; -0.0 -0.0 0.0 -0.0 -0.0 -0.0 -0.0 -0.0 -0.0 -0.0; -0.0 -0.0 -0.0 0.0 -0.0 -0.0 -0.0 -0.0 -0.0 -0.0; -0.0 -0.0 -0.0 -0.0 0.0 26.0 -0.0 -0.0 -0.0 -0.0; -0.0 -0.0 -0.0 -0.0 -0.0 -0.0 17.0 11.0 21.0 0.0;;;]
evol_bb,"[[0.28, 2.1123909535958488e7]]"
y_bb,[-0.0 -0.0 -0.0 -0.0 -0.0 -0.0 -0.0 -0.0 -0.0 -0.0; 16.0 -0.0 -0.0 -0.0 -0.0 -0.0 -0.0 -0.0 -0.0 -0.0; -0.0 -0.0 -0.0 -0.0 -0.0 -0.0 -0.0 -0.0 -0.0 -0.0; -0.0 0.0 -0.0 -0.0 -0.0 -0.0 -0.0 -0.0 -0.0 -0.0; -0.0 -0.0 0.0 -0.0 -0.0 -0.0 -0.0 -0.0 -0.0 -0.0; -0.0 -0.0 -0.0 0.0 -0.0 -0.0 -0.0 -0.0 -0.0 -0.0; -0.0 -0.0 -0.0 -0.0 0.0 26.0 -0.0 -0.0 -0.0 -0.0; -0.0 -0.0 -0.0 -0.0 -0.0 -0.0 17.0 11.0 21.0 0.0;;;]
evol_box,"[[0.425, 0.0], [2.077, 1090.0425602695136], [2.155, 7.354120111226803e6], [2.159, 1.4706856138567284e7], [2.164, 1.8583840234711297e7], [2.168, 2.0188090011038087e7], [2.172, 2.1123909535958488e7]]"
y_pb,[[0.0 -0.0 -0.0 -0.0 -0.0 -0.0 -0.0 -0.0 -0.0 -0.0; 16.0 -0.0 -0.0 -0.0 -0.0 -0.0 -0.0 -0.0 -0.0 -0.0; 0.0 -0.0 -0.0 -0.0 -0.0 -0.0 -0.0 -0.0 -0.0 -0.0; -0.0 0.0 -0.0 -0.0 -0.0 -0.0 -0.0 -0.0 -0.0 -0.0; -0.0 -0.0 -0.0 -0.0 -0.0 -0.0 -0.0 -0.0 -0.0 -0.0; -0.0 -0.0 -0.0 0.0 -0.0 -0.0 -0.0 -0.0 -0.0 -0.0; -0.0 -0.0 -0.0 -0.0 -0.0 26.0 -0.0 -0.0 -0.0 -0.0; -0.0 -0.0 -0.0 -0.0 -0.0 -0.0 17.000000000000004 11.0 21.0 -0.0;;;]]
x_bb,"[0.0, 16.0, 0.0, 0.0, 0.0, 0.0, 26.0, 49.0]"
x_box,"[0.0, 16.0, 0.0, 0.0, 0.0, 0.0, 26.0, 49.0]"
evol_zeta,"[[1.703, 36.0], [2.153, 33.0], [2.158, 26.4], [2.162, 24.0], [2.166, 8.0], [2.171, 7.0], [2.176, 1.000017846308765e-10]]"
ξ_box,[16.0; 30.0; 21.0; 36.0; 30.0; 26.0; 17.0; 19.0; 21.0; 33.0;;]
