first,second
s_box,[-0.0 6.0; 1.0 -0.0; 10.0 -0.0; -0.0 -0.0; -0.0 -0.0; 41.0 31.0; 35.0 -0.0; 4.0 -0.0; -0.0 24.0; -0.0 27.0]
x_pb,"[6.0, 12.0, 27.0, -0.0, 37.0, -0.0, 52.0, -0.0]"
s_bb,[0.0 -0.0; 1.0 1.0; 10.0 -0.0; -0.0 -0.0; 4.0 -0.0; 41.0 -0.0; 35.0 37.0; -0.0 -0.0; -0.0 25.0; -0.0 27.0]
partition_bb,"[[[0.0, 1.0, 5.0, 9.0, 36.0, 40.0, 6.0, 5.0, 17.0, 15.0], [0.0, 0.0, 0.0, 3.0, 12.0, 35.0, 32.0, 26.0, 14.0, 12.0], [6.0, 1.0, 0.0, 4.0, 13.0, 36.0, 7.0, 13.0, 25.0, 27.0], [0.0, 1.0, 10.0, 6.0, 15.0, 38.0, 18.0, 24.0, 12.0, 10.0], [0.0, 0.0, 0.0, 2.0, 11.0, 34.0, 25.0, 31.0, 19.0, 17.0], [0.0, 1.0, 8.0, 12.0, 36.0, 13.0, 27.0, 21.0, 9.0, 7.0], [0.0, 0.0, 1.0, 5.0, 32.0, 9.0, 34.0, 28.0, 16.0, 14.0], [0.0, 1.0, 5.0, 9.0, 31.0, 41.0, 23.0, 17.0, 5.0, 3.0], [0.0, 0.0, 0.0, 4.0, 31.0, 8.0, 26.0, 32.0, 20.0, 18.0], [0.0, 0.0, 0.0, 1.0, 10.0, 33.0, 35.0, 29.0, 17.0, 15.0]], [[0.0, 0.0, 0.0, 0.0, 0.0, 9.0, 43.0, 37.0, 25.0, 23.0], [0.0, 0.0, 0.0, 3.0, 30.0, 7.0, 36.0, 30.0, 18.0, 16.0], [0.0, 0.0, 0.0, 0.0, 0.0, 22.0, 33.0, 27.0, 25.0, 27.0], [0.0, 1.0, 10.0, 6.0, 0.0, 2.0, 31.0, 37.0, 25.0, 23.0], [0.0, 0.0, 0.0, 0.0, 6.0, 29.0, 27.0, 33.0, 21.0, 19.0], [0.0, 1.0, 8.0, 12.0, 0.0, 4.0, 38.0, 33.0, 21.0, 19.0], [6.0, 0.0, 0.0, 0.0, 0.0, 12.0, 31.0, 37.0, 25.0, 23.0], [0.0, 0.0, 0.0, 0.0, 9.0, 32.0, 35.0, 29.0, 17.0, 15.0], [0.0, 0.0, 0.0, 4.0, 31.0, 8.0, 35.0, 29.0, 17.0, 15.0]]]"
y_box,[6.0 -0.0 -0.0 -0.0 -0.0 -0.0 -0.0 -0.0 -0.0 -0.0; -0.0 -0.0 -0.0 12.0 -0.0 -0.0 -0.0 -0.0 -0.0 -0.0; -0.0 -0.0 -0.0 -0.0 36.0 -0.0 -0.0 -0.0 -0.0 -0.0; -0.0 -0.0 -0.0 -0.0 -0.0 -0.0 -0.0 -0.0 -0.0 -0.0; -0.0 -0.0 -0.0 -0.0 -0.0 -0.0 -0.0 28.0 -0.0 -0.0; -0.0 -0.0 -0.0 -0.0 -0.0 -0.0 -0.0 -0.0 -0.0 -0.0; -0.0 -0.0 -0.0 -0.0 -0.0 -0.0 -0.0 -0.0 25.0 27.0; -0.0 -0.0 -0.0 -0.0 -0.0 -0.0 -0.0 -0.0 -0.0 -0.0;;; -0.0 1.0 5.0 -0.0 -0.0 -0.0 -0.0 -0.0 -0.0 -0.0; -0.0 -0.0 5.0 -0.0 0.0 -0.0 -0.0 7.0 -0.0 -0.0; -0.0 -0.0 -0.0 6.0 30.0 -0.0 0.0 -0.0 -0.0 -0.0; -0.0 -0.0 -0.0 -0.0 -0.0 -0.0 -0.0 -0.0 -0.0 -0.0; -0.0 -0.0 -0.0 0.0 -0.0 -0.0 16.0 12.0 -0.0 -0.0; -0.0 -0.0 -0.0 -0.0 -0.0 -0.0 -0.0 -0.0 -0.0 -0.0; -0.0 -0.0 -0.0 6.0 -0.0 -0.0 27.0 18.0 1.0 0.0; -0.0 -0.0 -0.0 -0.0 -0.0 -0.0 -0.0 -0.0 -0.0 -0.0]
evol_bb,"[[0.438, 1.1623914605085742e7], [1.751, 1.1516742059677081e7], [1.814, 1.1512155936518155e7], [4.271, 1.1512155936518153e7], [6.655, 1.1408533468826884e7], [7.097, 1.1400397267950566e7], [8.006, 1.128863859938298e7], [9.499, 1.10651212622478e7], [13.56, 1.0729845256545039e7], [15.352, 1.0394569250842273e7], [19.314, 1.0282810582274685e7], [21.028, 1.0171051913707096e7], [21.674, 1.0171051913707094e7]]"
y_bb,[6.0 -0.0 -0.0 -0.0 -0.0 -0.0 -0.0 -0.0 -0.0 -0.0; -0.0 -0.0 0.0 12.0 -0.0 -0.0 -0.0 -0.0 -0.0 -0.0; -0.0 -0.0 -0.0 -0.0 32.0 0.0 -0.0 -0.0 -0.0 -0.0; -0.0 -0.0 -0.0 -0.0 -0.0 -0.0 0.0 -0.0 -0.0 -0.0; -0.0 -0.0 -0.0 -0.0 -0.0 -0.0 -0.0 32.0 -0.0 -0.0; -0.0 -0.0 -0.0 -0.0 -0.0 -0.0 -0.0 -0.0 -0.0 -0.0; -0.0 -0.0 -0.0 -0.0 -0.0 -0.0 -0.0 -0.0 25.0 27.0; -0.0 -0.0 -0.0 -0.0 -0.0 -0.0 -0.0 -0.0 0.0 0.0;;; -0.0 -0.0 -0.0 0.0 -0.0 -0.0 6.0 0.0 -0.0 -0.0; -0.0 -0.0 -0.0 -0.0 -0.0 7.0 -0.0 5.0 -0.0 -0.0; -0.0 -0.0 -0.0 -0.0 -0.0 -0.0 -0.0 32.0 -0.0 -0.0; -0.0 -0.0 -0.0 -0.0 -0.0 -0.0 -0.0 -0.0 -0.0 -0.0; -0.0 -0.0 10.0 -0.0 -0.0 22.0 -0.0 -0.0 0.0 -0.0; -0.0 -0.0 -0.0 -0.0 -0.0 -0.0 -0.0 0.0 -0.0 -0.0; 6.0 -0.0 -0.0 12.0 31.0 3.0 -0.0 -0.0 -0.0 -0.0; -0.0 -0.0 -0.0 -0.0 -0.0 -0.0 -0.0 -0.0 -0.0 -0.0]
evol_box,"[[0.54, 0.0], [2.724, 336432.2801348535], [2.824, 336432.2801348535], [2.851, 4.0244264894992947e6], [2.897, 5.253922235322538e6], [2.93, 5.812520451911199e6], [2.952, 6.371485143660194e6], [3.02, 7.3771418118573995e6], [3.08, 7.377141811857432e6], [3.157, 7.824123706888247e6], [3.242, 8.159395879490511e6], [3.366, 8.941715642446132e6], [3.552, 9.053474228110934e6], [3.692, 9.053474228110913e6], [3.832, 9.053474228110936e6], [3.948, 9.053474269562306e6], [4.106, 9.388741233733974e6], [4.257, 9.612258570869157e6], [4.418, 9.612258570869157e6], [4.541, 9.612258695223339e6], [4.701, 9.724069768042041e6], [4.864, 9.94753457657192e6], [5.031, 9.94753457657192e6], [5.216, 9.947534679069756e6], [5.35, 1.0059293211612886e7], [5.546, 1.0059293207886623e7], [5.669, 1.005929324513951e7], [5.898, 1.005929324513951e7], [6.162, 1.005929324513951e7], [6.373, 1.0059293273619803e7], [6.562, 1.0171051913707068e7]]"
y_pb,[[6.0 -0.0 -0.0 -0.0 -0.0 -0.0 -0.0 -0.0 -0.0 -0.0; -0.0 -0.0 -0.0 12.0 -0.0 -0.0 -0.0 -0.0 -0.0 -0.0; -0.0 -0.0 -0.0 -0.0 27.0 -0.0 -0.0 -0.0 -0.0 -0.0; -0.0 -0.0 -0.0 -0.0 -0.0 -0.0 0.0 -0.0 -0.0 -0.0; -0.0 -0.0 -0.0 -0.0 -0.0 -0.0 -0.0 37.00000000000001 -0.0 -0.0; -0.0 -0.0 -0.0 -0.0 -0.0 -0.0 -0.0 0.0 -0.0 -0.0; -0.0 -0.0 -0.0 -0.0 -0.0 -0.0 -0.0 -0.0 25.000000000000004 27.0; -0.0 -0.0 -0.0 -0.0 -0.0 -0.0 -0.0 -0.0 -0.0 0.0;;;]]
x_bb,"[6.0, 12.0, 32.0, 0.0, 32.0, 0.0, 52.0, 0.0]"
x_box,"[6.0, 12.0, 36.0, -0.0, 28.0, -0.0, 52.0, -0.0]"
evol_zeta,"[[2.251, 42.4], [2.812, 36.00000000000001], [2.838, 29.14285714285714], [2.88, 26.0], [2.911, 12.0], [2.931, 12.0], [2.956, 11.0], [3.05, 10.0], [3.085, 10.0], [3.161, 11.0], [3.247, 9.0], [3.373, 5.166666666666664], [3.559, 7.0], [3.694, 6.333333333333329], [3.835, 5.0], [3.964, 5.0], [4.119, 5.000000000600011], [4.27, 4.285714285714288], [4.424, 3.0], [4.573, 2.5], [4.709, 6.000000000000012], [4.894, 4.833333333333329], [5.038, 1.375], [5.219, 0.2857177949713403], [5.359, 0.28571428571428825], [5.554, 2.0], [5.676, 1.1666666666666643], [5.906, 0.5], [6.166, 0.14285714285714235], [6.381, 0.14286209207966305], [6.571, 0.0]]"
ξ_box,[6.0 6.0; 1.0 1.0; 10.0 10.0; 12.0 12.0; 36.0 30.0; 41.0 31.0; 35.0 43.0; 32.0 37.0; 25.0 25.0; 27.0 27.0]
