first,second
s_box,[0.0; 0.0; 0.0; 0.0; 27.0; 27.0; 20.0; 17.0; 21.0; 0.0;;]
x_pb,"[30.0, 25.0, -0.0, -0.0, -0.0, -0.0, -0.0, 77.0]"
s_bb,[0.0; 0.0; 0.0; 0.0; 27.0; 27.0; 20.0; 17.0; 21.0; 0.0;;]
partition_bb,"[[[0.0, 0.0, 0.0, 4.0, 4.0, 4.0, 11.0, 14.0, 18.0, 77.0], [8.0, 6.0, 6.0, 12.0, 30.0, 23.0, 18.0, 17.0, 13.0, 0.0], [8.0, 6.0, 16.0, 22.0, 8.0, 15.0, 20.0, 17.0, 21.0, 0.0], [8.0, 6.0, 8.0, 14.0, 20.0, 27.0, 20.0, 17.0, 13.0, 0.0]]]"
y_box,[8.0 6.0 16.0 -0.0 -0.0 -0.0 -0.0 -0.0 -0.0 -0.0; -0.0 -0.0 -0.0 22.0 3.0 0.0 -0.0 -0.0 -0.0 -0.0; -0.0 -0.0 -0.0 -0.0 -0.0 -0.0 0.0 0.0 0.0 -0.0; -0.0 -0.0 -0.0 -0.0 -0.0 -0.0 -0.0 -0.0 -0.0 -0.0; -0.0 -0.0 -0.0 -0.0 -0.0 -0.0 -0.0 -0.0 -0.0 -0.0; -0.0 -0.0 -0.0 -0.0 -0.0 -0.0 -0.0 -0.0 -0.0 -0.0; -0.0 -0.0 -0.0 -0.0 -0.0 -0.0 -0.0 -0.0 -0.0 -0.0; -0.0 -0.0 -0.0 -0.0 -0.0 -0.0 -0.0 -0.0 -0.0 77.0;;;]
evol_bb,"[[0.338, 1.2752794483976115e7]]"
y_bb,[8.0 6.0 16.0 -0.0 -0.0 -0.0 -0.0 -0.0 -0.0 -0.0; -0.0 -0.0 -0.0 22.0 3.0 0.0 -0.0 -0.0 -0.0 -0.0; -0.0 -0.0 -0.0 -0.0 -0.0 -0.0 0.0 0.0 0.0 -0.0; -0.0 -0.0 -0.0 -0.0 -0.0 -0.0 -0.0 -0.0 -0.0 -0.0; -0.0 -0.0 -0.0 -0.0 -0.0 -0.0 -0.0 -0.0 -0.0 -0.0; -0.0 -0.0 -0.0 -0.0 -0.0 -0.0 -0.0 -0.0 -0.0 -0.0; -0.0 -0.0 -0.0 -0.0 -0.0 -0.0 -0.0 -0.0 -0.0 -0.0; -0.0 -0.0 -0.0 -0.0 -0.0 -0.0 -0.0 -0.0 -0.0 77.0;;;]
evol_box,"[[0.561, 0.0], [2.33, 2459.4299642822994], [2.425, 9.451395697286513e6], [2.43, 1.2297391365848888e7], [2.434, 1.2752794483976115e7]]"
y_pb,[[8.0 6.0 16.0 -0.0 -0.0 -0.0 -0.0 -0.0 -0.0 -0.0; -0.0 -0.0 -0.0 22.0 3.0 -0.0 -0.0 -0.0 -0.0 -0.0; -0.0 -0.0 -0.0 -0.0 -0.0 -0.0 -0.0 0.0 -0.0 -0.0; -0.0 -0.0 -0.0 -0.0 -0.0 -0.0 -0.0 -0.0 0.0 -0.0; -0.0 -0.0 -0.0 -0.0 -0.0 -0.0 -0.0 -0.0 0.0 -0.0; -0.0 -0.0 -0.0 -0.0 -0.0 -0.0 -0.0 -0.0 0.0 -0.0; -0.0 -0.0 -0.0 -0.0 -0.0 -0.0 -0.0 -0.0 -0.0 0.0; -0.0 -0.0 -0.0 -0.0 -0.0 -0.0 -0.0 -0.0 -0.0 77.00000000000001;;;]]
x_bb,"[30.0, 25.0, 0.0, 0.0, 0.0, 0.0, 0.0, 77.0]"
x_box,"[30.0, 25.0, 0.0, 0.0, 0.0, 0.0, 0.0, 77.0]"
evol_zeta,"[[1.911, 77.0], [2.424, 26.0], [2.428, 10.0], [2.433, 4.0], [2.437, 0.0]]"
ξ_box,[8.0; 6.0; 16.0; 22.0; 30.0; 27.0; 20.0; 17.0; 21.0; 77.0;;]
