first,second
s_box,[0.0; 0.0; 26.0; 34.0; 36.0; 0.0; 0.0; 25.0; 19.0; 23.0;;]
x_pb,"[0.0, 111.0, -0.0, 51.0, -0.0, -0.0, 31.0, -0.0]"
s_bb,[0.0; 0.0; 26.0; 34.0; 36.0; 0.0; 0.0; 25.0; 19.0; 23.0;;]
partition_bb,"[[[10.0, 18.0, 23.0, 25.0, 27.0, 51.0, 20.0, 14.0, 8.0, 6.0], [48.0, 40.0, 35.0, 32.0, 31.0, 7.0, 0.0, 0.0, 0.0, 0.0], [0.0, 0.0, 0.0, 0.0, 0.0, 0.0, 9.0, 13.0, 19.0, 23.0], [16.0, 8.0, 10.0, 21.0, 22.0, 38.0, 19.0, 25.0, 19.0, 15.0], [31.0, 23.0, 18.0, 16.0, 14.0, 0.0, 31.0, 25.0, 19.0, 17.0], [31.0, 39.0, 44.0, 33.0, 32.0, 16.0, 0.0, 0.0, 0.0, 0.0], [37.0, 45.0, 40.0, 32.0, 31.0, 12.0, 0.0, 0.0, 0.0, 0.0], [39.0, 31.0, 26.0, 34.0, 36.0, 12.0, 0.0, 0.0, 6.0, 10.0]]]"
y_box,[-0.0 -0.0 -0.0 -0.0 -0.0 -0.0 -0.0 -0.0 -0.0 -0.0; 48.0 45.0 18.0 0.0 0.0 -0.0 -0.0 -0.0 -0.0 -0.0; -0.0 -0.0 -0.0 -0.0 -0.0 -0.0 -0.0 -0.0 -0.0 -0.0; -0.0 -0.0 -0.0 -0.0 -0.0 51.0 -0.0 -0.0 -0.0 -0.0; -0.0 -0.0 -0.0 -0.0 -0.0 -0.0 -0.0 -0.0 -0.0 -0.0; -0.0 -0.0 -0.0 -0.0 -0.0 -0.0 -0.0 -0.0 -0.0 -0.0; -0.0 -0.0 -0.0 -0.0 -0.0 -0.0 31.0 0.0 0.0 0.0; -0.0 -0.0 -0.0 -0.0 -0.0 -0.0 -0.0 -0.0 -0.0 -0.0;;;]
evol_bb,"[[0.299, 1.867254704190939e7]]"
y_bb,[-0.0 -0.0 -0.0 -0.0 -0.0 -0.0 -0.0 -0.0 -0.0 -0.0; 48.0 45.0 18.0 0.0 0.0 -0.0 -0.0 -0.0 -0.0 -0.0; -0.0 -0.0 -0.0 -0.0 -0.0 -0.0 -0.0 -0.0 -0.0 -0.0; -0.0 -0.0 -0.0 -0.0 -0.0 51.0 -0.0 -0.0 -0.0 -0.0; -0.0 -0.0 -0.0 -0.0 -0.0 -0.0 -0.0 -0.0 -0.0 -0.0; -0.0 -0.0 -0.0 -0.0 -0.0 -0.0 -0.0 -0.0 -0.0 -0.0; -0.0 -0.0 -0.0 -0.0 -0.0 -0.0 31.0 0.0 0.0 0.0; -0.0 -0.0 -0.0 -0.0 -0.0 -0.0 -0.0 -0.0 -0.0 -0.0;;;]
evol_box,"[[0.427, 0.0], [2.103, 1.0329559213978723e6], [2.182, 1.0539762959777605e7], [2.186, 1.6267081282236e7], [2.191, 1.752709755197223e7], [2.198, 1.809981237384747e7], [2.203, 1.867254704190939e7]]"
y_pb,[[-0.0 -0.0 -0.0 -0.0 -0.0 -0.0 -0.0 -0.0 -0.0 -0.0; 48.0 45.0 18.0 -0.0 -0.0 -0.0 -0.0 -0.0 -0.0 -0.0; -0.0 -0.0 -0.0 -0.0 -0.0 0.0 -0.0 -0.0 -0.0 -0.0; -0.0 -0.0 -0.0 -0.0 -0.0 51.0 -0.0 -0.0 -0.0 -0.0; -0.0 -0.0 -0.0 -0.0 -0.0 0.0 -0.0 -0.0 -0.0 -0.0; -0.0 -0.0 -0.0 -0.0 -0.0 -0.0 0.0 -0.0 -0.0 -0.0; -0.0 -0.0 -0.0 -0.0 -0.0 -0.0 31.000000000000004 -0.0 -0.0 -0.0; -0.0 -0.0 -0.0 -0.0 -0.0 -0.0 -0.0 -0.0 -0.0 0.0;;;]]
x_bb,"[0.0, 111.0, 0.0, 51.0, 0.0, 0.0, 31.0, 0.0]"
x_box,"[0.0, 111.0, 0.0, 51.0, 0.0, 0.0, 31.0, 0.0]"
evol_zeta,"[[1.72, 50.099999999999994], [2.18, 38.0], [2.185, 17.0], [2.189, 8.666666666666671], [2.196, 4.333333333333336], [2.202, 4.0], [2.206, 0.0]]"
ξ_box,[48.0; 45.0; 44.0; 34.0; 36.0; 51.0; 31.0; 25.0; 19.0; 23.0;;]
