first,second
s_box,[0.0 25.0 0.0 16.0; 0.0 5.0 1.0 5.0; 11.0 11.0 0.0 11.0; 0.0 0.0 16.0 0.0; 0.0 3.0 13.0 11.0; 0.0 14.0 0.0 26.0; 20.0 0.0 0.0 3.0; 31.0 35.0 0.0 7.0; 0.0 0.0 34.0 0.0; 30.0 0.0 28.0 14.0]
x_pb,"[-0.0, -0.0, 28.0, -0.0, -0.0, 21.0, 0.0, 66.0]"
s_bb,[25.0 -0.0 -0.0 -0.0; 5.0 -0.0 -0.0 -0.0; 11.0 -0.0 -0.0 -0.0; 4.0 -0.0 -0.0 -0.0; 34.0 -0.0 -0.0 -0.0; 27.0 -0.0 -0.0 -0.0; 0.0 -0.0 -0.0 -0.0; 49.0 -0.0 -0.0 -0.0; 0.0 -0.0 -0.0 -0.0; 0.0 -0.0 -0.0 -0.0]
partition_bb,"[[[0.0, 0.0, 0.0, 0.0, 0.0, 7.0, 8.0, 49.0, 27.0, 26.0], [0.0, 5.0, 11.0, 32.0, 34.0, 18.0, 11.0, 0.0, 4.0, 0.0], [25.0, 5.0, 0.0, 0.0, 0.0, 0.0, 0.0, 19.0, 36.0, 30.0], [25.0, 5.0, 11.0, 0.0, 0.0, 14.0, 21.0, 0.0, 17.0, 23.0], [0.0, 5.0, 11.0, 9.0, 11.0, 27.0, 21.0, 0.0, 13.0, 19.0]], Vector{Float64}[], Vector{Float64}[], Vector{Float64}[]]"
y_box,[0.0 0.0 0.0 0.0 0.0 0.0 0.0 0.0 0.0 0.0; 0.0 0.0 0.0 0.0 0.0 0.0 0.0 0.0 0.0 0.0; 24.0 0.0 0.0 3.0 5.0 17.0 6.0 0.0 0.0 0.0; 0.0 0.0 0.0 0.0 0.0 0.0 0.0 0.0 0.0 0.0; 0.0 0.0 0.0 0.0 0.0 0.0 0.0 0.0 0.0 0.0; 1.0 0.0 0.0 0.0 0.0 4.0 0.0 13.0 0.0 0.0; 0.0 0.0 0.0 0.0 0.0 0.0 0.0 0.0 0.0 0.0; 0.0 5.0 0.0 0.0 0.0 0.0 0.0 5.0 32.0 0.0;;; 0.0 0.0 0.0 0.0 0.0 0.0 0.0 0.0 0.0 0.0; 0.0 0.0 0.0 0.0 0.0 0.0 0.0 0.0 0.0 0.0; 0.0 0.0 0.0 28.0 27.0 0.0 0.0 0.0 0.0 0.0; 0.0 0.0 0.0 0.0 0.0 0.0 0.0 0.0 0.0 0.0; 0.0 0.0 0.0 0.0 0.0 0.0 0.0 0.0 0.0 0.0; 0.0 0.0 0.0 0.0 0.0 0.0 18.0 0.0 0.0 0.0; 0.0 0.0 0.0 0.0 0.0 0.0 0.0 0.0 0.0 0.0; 0.0 0.0 0.0 0.0 0.0 0.0 0.0 0.0 24.0 18.0;;; 0.0 0.0 0.0 0.0 0.0 0.0 0.0 0.0 0.0 0.0; 0.0 0.0 0.0 0.0 0.0 0.0 0.0 0.0 0.0 0.0; 24.0 0.0 0.0 0.0 0.0 27.0 4.0 0.0 0.0 0.0; 0.0 0.0 0.0 0.0 0.0 0.0 0.0 0.0 0.0 0.0; 0.0 0.0 0.0 0.0 0.0 0.0 0.0 0.0 0.0 0.0; 0.0 0.0 0.0 0.0 1.0 0.0 17.0 0.0 0.0 0.0; 0.0 0.0 0.0 0.0 0.0 0.0 0.0 0.0 0.0 0.0; 0.0 0.0 0.0 0.0 0.0 0.0 0.0 42.0 0.0 0.0;;; 0.0 0.0 0.0 0.0 0.0 0.0 0.0 0.0 0.0 0.0; 0.0 0.0 0.0 0.0 0.0 0.0 0.0 0.0 0.0 0.0; 0.0 0.0 0.0 32.0 23.0 0.0 0.0 0.0 0.0 0.0; 0.0 0.0 0.0 0.0 0.0 0.0 0.0 0.0 0.0 0.0; 0.0 0.0 0.0 0.0 0.0 0.0 0.0 0.0 0.0 0.0; 0.0 0.0 0.0 0.0 0.0 0.0 18.0 0.0 0.0 0.0; 0.0 0.0 0.0 0.0 0.0 0.0 0.0 0.0 0.0 0.0; 0.0 0.0 0.0 0.0 0.0 0.0 0.0 0.0 26.0 16.0]
evol_bb,"[[0.592, 1.9730490377809767e7]]"
y_bb,[0.0 0.0 -0.0 -0.0 -0.0 -0.0 -0.0 -0.0 -0.0 -0.0; -0.0 -0.0 -0.0 -0.0 -0.0 -0.0 -0.0 -0.0 -0.0 -0.0; -0.0 -0.0 0.0 28.0 0.0 -0.0 -0.0 -0.0 -0.0 -0.0; -0.0 -0.0 -0.0 -0.0 -0.0 -0.0 -0.0 -0.0 -0.0 -0.0; -0.0 -0.0 -0.0 -0.0 -0.0 -0.0 -0.0 -0.0 -0.0 -0.0; -0.0 -0.0 -0.0 -0.0 -0.0 0.0 21.0 -0.0 -0.0 -0.0; -0.0 -0.0 -0.0 -0.0 -0.0 -0.0 -0.0 0.0 -0.0 -0.0; -0.0 -0.0 -0.0 -0.0 -0.0 -0.0 -0.0 -0.0 36.0 30.0;;; -0.0 -0.0 -0.0 -0.0 -0.0 -0.0 -0.0 -0.0 -0.0 -0.0; -0.0 -0.0 -0.0 -0.0 -0.0 -0.0 -0.0 -0.0 -0.0 -0.0; -0.0 -0.0 -0.0 -0.0 -0.0 -0.0 -0.0 -0.0 -0.0 -0.0; -0.0 -0.0 -0.0 -0.0 -0.0 -0.0 -0.0 -0.0 -0.0 -0.0; -0.0 -0.0 -0.0 -0.0 -0.0 -0.0 -0.0 -0.0 -0.0 -0.0; -0.0 -0.0 -0.0 -0.0 -0.0 -0.0 -0.0 -0.0 -0.0 -0.0; -0.0 -0.0 -0.0 -0.0 -0.0 -0.0 -0.0 -0.0 -0.0 -0.0; -0.0 -0.0 -0.0 -0.0 -0.0 -0.0 -0.0 -0.0 -0.0 -0.0;;; -0.0 -0.0 -0.0 -0.0 -0.0 -0.0 -0.0 -0.0 -0.0 -0.0; -0.0 -0.0 -0.0 -0.0 -0.0 -0.0 -0.0 -0.0 -0.0 -0.0; -0.0 -0.0 -0.0 -0.0 -0.0 -0.0 -0.0 -0.0 -0.0 -0.0; -0.0 -0.0 -0.0 -0.0 -0.0 -0.0 -0.0 -0.0 -0.0 -0.0; -0.0 -0.0 -0.0 -0.0 -0.0 -0.0 -0.0 -0.0 -0.0 -0.0; -0.0 -0.0 -0.0 -0.0 -0.0 -0.0 -0.0 -0.0 -0.0 -0.0; -0.0 -0.0 -0.0 -0.0 -0.0 -0.0 -0.0 -0.0 -0.0 -0.0; -0.0 -0.0 -0.0 -0.0 -0.0 -0.0 -0.0 -0.0 -0.0 -0.0;;; -0.0 -0.0 -0.0 -0.0 -0.0 -0.0 -0.0 -0.0 -0.0 -0.0; -0.0 -0.0 -0.0 -0.0 -0.0 -0.0 -0.0 -0.0 -0.0 -0.0; -0.0 -0.0 -0.0 -0.0 -0.0 -0.0 -0.0 -0.0 -0.0 -0.0; -0.0 -0.0 -0.0 -0.0 -0.0 -0.0 -0.0 -0.0 -0.0 -0.0; -0.0 -0.0 -0.0 -0.0 -0.0 -0.0 -0.0 -0.0 -0.0 -0.0; -0.0 -0.0 -0.0 -0.0 -0.0 -0.0 -0.0 -0.0 -0.0 -0.0; -0.0 -0.0 -0.0 -0.0 -0.0 -0.0 -0.0 -0.0 -0.0 -0.0; -0.0 -0.0 -0.0 -0.0 -0.0 -0.0 -0.0 -0.0 -0.0 -0.0]
evol_box,"[[0.428, 0.0], [2.092, 255978.60017583668], [2.198, 255978.60017583758], [2.312, 257269.34923286797], [2.53, 257269.34923286803], [2.784, 2.929511759908208e6], [3.662, 4.7113275065692905e6], [4.642, 4.7113275065692905e6], [5.099, 5.093197710995756e6], [6.007, 5.856347719213019e6], [9.947, 6.492893564415161e6], [12.523, 6.49289356441516e6], [15.203, 7.002050244633259e6], [18.556, 7.256521644818219e6], [20.329, 7.383897171188306e6], [25.923, 7.638447130784052e6], [30.985, 9.038757179050865e6], [35.586, 9.038757179050863e6], [41.127, 9.420618410390208e6], [46.671, 9.547639176361175e6], [53.212, 9.802238803856544e6], [57.745, 9.92952488334213e6], [63.828, 9.929614518820116e6], [69.482, 1.0056739293737415e7], [81.215, 1.0056956292528914e7], [91.506, 1.0311422535556728e7], [112.009, 1.0438619848437201e7], [142.474, 1.0438879399331503e7], [171.741, 1.0566228072968775e7], [335.04, 1.0693155034655312e7], [379.751, 1.0693507616852071e7], [465.381, 1.0947711446017342e7], [534.136, 1.0947820502619516e7], [628.676, 1.1075332598878914e7], [725.838, 1.1202319322128195e7], [807.321, 1.120235502524152e7], [894.789, 1.1329905702011013e7], [1010.153, 1.1202512775832452e7], [1105.392, 1.1202532068745784e7], [1275.953, 1.1456851773449555e7], [1479.984, 1.1456854766332148e7], [1642.348, 1.1456890359276224e7], [1845.794, 1.1457296835317899e7], [2271.676, 1.1584158526828201e7], [2680.403, 1.1584343042893842e7], [2843.239, 1.1584374007171795e7], [3167.573, 1.158446309334959e7], [3538.791, 1.1838722379936341e7], [3600.043, 1.1838918956668384e7]]"
y_pb,[[-0.0 -0.0 -0.0 0.0 -0.0 -0.0 -0.0 -0.0 -0.0 -0.0; -0.0 -0.0 -0.0 0.0 -0.0 -0.0 -0.0 -0.0 -0.0 -0.0; -0.0 -0.0 -0.0 28.0 -0.0 -0.0 -0.0 -0.0 -0.0 -0.0; -0.0 -0.0 -0.0 -0.0 -0.0 0.0 -0.0 -0.0 -0.0 -0.0; -0.0 -0.0 -0.0 -0.0 -0.0 0.0 -0.0 -0.0 -0.0 -0.0; -0.0 -0.0 -0.0 -0.0 -0.0 -0.0 21.0 -0.0 -0.0 -0.0; -0.0 -0.0 -0.0 -0.0 -0.0 -0.0 -0.0 -0.0 -0.0 -0.0; -0.0 -0.0 -0.0 -0.0 -0.0 -0.0 -0.0 -0.0 36.0 30.0;;;]]
x_bb,"[0.0, 0.0, 28.0, 0.0, 0.0, 21.0, 0.0, 66.0]"
x_box,"[0.0, 0.0, 55.0, 0.0, 0.0, 18.0, 0.0, 42.0]"
evol_zeta,"[[2.172, 33.99999999999999], [2.217, 26.75], [2.326, 25.0], [2.547, 25.0], [2.813, 25.0], [3.67, 23.200000000000003], [4.652, 21.857143700572276], [5.116, 20.625], [6.023, 19.0], [9.967, 19.25], [12.544, 18.571428571428545], [15.222, 20.0], [18.576, 15.857142857142854], [20.355, 15.857142857142856], [25.946, 14.625], [30.999, 15.0], [35.606, 13.857142857142856], [41.146, 11.599999999999987], [46.678, 12.142857142857144], [53.263, 12.5], [57.755, 16.666666666666664], [63.846, 15.571428571428573], [69.505, 11.0], [81.23, 11.0], [91.525, 15.999998729273024], [112.028, 11.42857142857143], [142.487, 11.0], [171.784, 13.0], [335.054, 9.571428571428571], [379.778, 14.166666666666666], [465.424, 11.0], [534.156, 11.0], [628.698, 8.714285715257148], [725.85, 10.0], [807.345, 10.333333333333332], [894.815, 9.888888888888879], [1010.163, 11.0], [1105.405, 11.0], [1275.971, 10.0], [1480.014, 10.777777777777775], [1642.359, 10.42857142857143], [1845.808, 9.88888888888889], [2271.705, 9.875], [2680.427, 12.5], [2843.288, 12.375], [3167.596, 10.833333333333332], [3538.802, 8.499999999999993], [3600.056, 0.0]]"
ξ_box,[25.0 25.0 24.0 16.0; 5.0 5.0 1.0 5.0; 11.0 11.0 0.0 11.0; 3.0 28.0 16.0 32.0; 5.0 30.000000000000004 14.0 34.0; 21.0 14.0 27.0 26.0; 21.0 18.0 21.0 21.0; 49.0 35.0 42.0 7.0; 32.0 24.0 34.0 26.0; 30.0 18.0 28.0 30.0]
