first,second
s_box,[0.0; 0.0; 9.0; 0.0; 0.0; 22.0; 36.0; 39.0; 0.0; 54.0;;]
x_pb,"[60.0, -0.0, 69.0, -0.0, -0.0, -0.0, 48.0, -0.0]"
s_bb,[0.0; 0.0; 9.0; 0.0; 0.0; 22.0; 36.0; 39.0; 0.0; 54.0;;]
partition_bb,"[[[0.0, 0.0, 0.0, 1.0, 6.0, 20.0, 18.0, 29.0, 48.0, 54.0], [12.0, 32.0, 22.0, 21.0, 11.0, 2.0, 12.0, 1.0, 12.0, 18.0], [2.0, 12.0, 22.0, 23.0, 33.0, 19.0, 5.0, 2.0, 0.0, 0.0], [0.0, 0.0, 4.0, 4.0, 8.0, 22.0, 36.0, 25.0, 0.0, 0.0], [28.0, 8.0, 1.0, 1.0, 0.0, 0.0, 0.0, 0.0, 0.0, 0.0], [20.0, 0.0, 4.0, 4.0, 8.0, 22.0, 28.0, 39.0, 29.0, 23.0]]]"
y_box,[28.0 32.0 -0.0 -0.0 -0.0 -0.0 -0.0 -0.0 -0.0 -0.0; -0.0 -0.0 -0.0 -0.0 -0.0 -0.0 -0.0 -0.0 -0.0 -0.0; -0.0 -0.0 13.0 23.0 33.0 -0.0 -0.0 -0.0 -0.0 -0.0; -0.0 -0.0 -0.0 -0.0 -0.0 0.0 0.0 0.0 -0.0 -0.0; -0.0 -0.0 -0.0 -0.0 -0.0 -0.0 -0.0 -0.0 -0.0 -0.0; -0.0 -0.0 -0.0 -0.0 -0.0 -0.0 -0.0 -0.0 -0.0 -0.0; -0.0 -0.0 -0.0 -0.0 -0.0 -0.0 -0.0 -0.0 48.0 0.0; -0.0 -0.0 -0.0 -0.0 -0.0 -0.0 -0.0 -0.0 -0.0 -0.0;;;]
evol_bb,"[[0.297, 1.815784057924033e7]]"
y_bb,[28.0 32.0 -0.0 -0.0 -0.0 -0.0 -0.0 -0.0 -0.0 -0.0; -0.0 -0.0 -0.0 -0.0 -0.0 -0.0 -0.0 -0.0 -0.0 -0.0; -0.0 -0.0 13.0 23.0 33.0 -0.0 -0.0 -0.0 -0.0 -0.0; -0.0 -0.0 -0.0 -0.0 -0.0 0.0 0.0 0.0 -0.0 -0.0; -0.0 -0.0 -0.0 -0.0 -0.0 -0.0 -0.0 -0.0 -0.0 -0.0; -0.0 -0.0 -0.0 -0.0 -0.0 -0.0 -0.0 -0.0 -0.0 -0.0; -0.0 -0.0 -0.0 -0.0 -0.0 -0.0 -0.0 -0.0 48.0 0.0; -0.0 -0.0 -0.0 -0.0 -0.0 -0.0 -0.0 -0.0 -0.0 -0.0;;;]
evol_box,"[[0.43, 0.0], [2.223, 5014.45904326183], [2.318, 1.0215780853238443e7], [2.325, 1.293880917802804e7], [2.33, 1.5208082189368896e7], [2.334, 1.70232040735699e7], [2.338, 1.815784057924033e7]]"
y_pb,[[28.000000000000004 32.0 -0.0 -0.0 -0.0 -0.0 -0.0 -0.0 -0.0 -0.0; -0.0 0.0 -0.0 -0.0 -0.0 -0.0 -0.0 -0.0 -0.0 -0.0; -0.0 -0.0 13.0 23.000000000000004 33.0 -0.0 -0.0 -0.0 -0.0 -0.0; -0.0 -0.0 -0.0 -0.0 -0.0 0.0 -0.0 -0.0 -0.0 -0.0; -0.0 -0.0 -0.0 -0.0 -0.0 -0.0 -0.0 -0.0 0.0 -0.0; -0.0 -0.0 -0.0 -0.0 -0.0 -0.0 -0.0 -0.0 0.0 -0.0; -0.0 -0.0 -0.0 -0.0 -0.0 -0.0 -0.0 -0.0 48.0 -0.0; -0.0 -0.0 -0.0 -0.0 -0.0 -0.0 -0.0 -0.0 0.0 -0.0;;;]]
x_bb,"[60.0, 0.0, 69.0, 0.0, 0.0, 0.0, 48.0, 0.0]"
x_box,"[60.0, 0.0, 69.0, 0.0, 0.0, 0.0, 48.0, 0.0]"
evol_zeta,"[[1.802, 54.0], [2.316, 32.0], [2.324, 22.0], [2.328, 18.0], [2.333, 16.0], [2.337, 10.0], [2.349, 0.0]]"
ξ_box,[28.0; 32.0; 22.0; 23.0; 33.0; 22.0; 36.0; 39.0; 48.0; 54.0;;]
