first,second
s_box,[24.0; 21.0; 31.0; 38.0; 0.0; 46.0; 37.0; 0.0; 0.0; 0.0;;]
x_pb,"[15.0, -0.0, 40.0, 0.0, 37.0, 32.0, -0.0, 20.0]"
s_bb,[24.0; 21.0; 31.0; 38.0; 0.0; 46.0; 37.0; 0.0; 0.0; 0.0;;]
partition_bb,"[[[0.0, 2.0, 17.0, 24.0, 31.0, 46.0, 19.0, 8.0, 3.0, 0.0], [39.0, 21.0, 19.0, 12.0, 19.0, 4.0, 0.0, 3.0, 7.0, 20.0], [3.0, 21.0, 6.0, 0.0, 0.0, 0.0, 26.0, 37.0, 32.0, 20.0], [0.0, 16.0, 31.0, 38.0, 31.0, 16.0, 7.0, 0.0, 0.0, 5.0], [2.0, 20.0, 5.0, 6.0, 10.0, 10.0, 37.0, 26.0, 21.0, 9.0], [0.0, 11.0, 26.0, 33.0, 40.0, 25.0, 13.0, 2.0, 0.0, 0.0]]]"
y_box,[15.0 -0.0 -0.0 -0.0 -0.0 -0.0 -0.0 -0.0 -0.0 -0.0; -0.0 0.0 -0.0 -0.0 -0.0 -0.0 -0.0 -0.0 -0.0 -0.0; -0.0 -0.0 0.0 0.0 40.0 -0.0 -0.0 -0.0 -0.0 -0.0; -0.0 -0.0 -0.0 -0.0 -0.0 0.0 -0.0 -0.0 -0.0 -0.0; -0.0 -0.0 -0.0 -0.0 -0.0 -0.0 0.0 37.0 -0.0 -0.0; -0.0 -0.0 -0.0 -0.0 -0.0 -0.0 -0.0 -0.0 32.0 -0.0; -0.0 -0.0 -0.0 -0.0 -0.0 -0.0 -0.0 -0.0 -0.0 -0.0; -0.0 -0.0 -0.0 -0.0 -0.0 -0.0 -0.0 -0.0 -0.0 20.0;;;]
evol_bb,"[[0.29, 2.4245618250837475e7]]"
y_bb,[15.0 -0.0 -0.0 -0.0 -0.0 -0.0 -0.0 -0.0 -0.0 -0.0; -0.0 0.0 -0.0 -0.0 -0.0 -0.0 -0.0 -0.0 -0.0 -0.0; -0.0 -0.0 0.0 0.0 40.0 -0.0 -0.0 -0.0 -0.0 -0.0; -0.0 -0.0 -0.0 -0.0 -0.0 0.0 -0.0 -0.0 -0.0 -0.0; -0.0 -0.0 -0.0 -0.0 -0.0 -0.0 0.0 37.0 -0.0 -0.0; -0.0 -0.0 -0.0 -0.0 -0.0 -0.0 -0.0 -0.0 32.0 -0.0; -0.0 -0.0 -0.0 -0.0 -0.0 -0.0 -0.0 -0.0 -0.0 -0.0; -0.0 -0.0 -0.0 -0.0 -0.0 -0.0 -0.0 -0.0 -0.0 20.0;;;]
evol_box,"[[0.436, 0.0], [2.138, 740647.195492082], [2.218, 1.1816322663400354e7], [2.222, 1.932286368607139e7], [2.227, 2.178424541185063e7], [2.231, 2.3138005361029215e7], [2.235, 2.4245618250837475e7]]"
y_pb,[[15.0 -0.0 -0.0 -0.0 -0.0 -0.0 -0.0 -0.0 -0.0 -0.0; -0.0 0.0 -0.0 -0.0 -0.0 -0.0 -0.0 -0.0 -0.0 -0.0; -0.0 -0.0 -0.0 -0.0 40.00000000000001 -0.0 -0.0 -0.0 -0.0 -0.0; -0.0 -0.0 -0.0 -0.0 -0.0 -0.0 -0.0 -0.0 -0.0 -0.0; -0.0 -0.0 -0.0 -0.0 -0.0 -0.0 -0.0 37.00000000000001 -0.0 -0.0; -0.0 -0.0 -0.0 -0.0 -0.0 -0.0 -0.0 -0.0 32.0 -0.0; -0.0 -0.0 -0.0 -0.0 -0.0 -0.0 -0.0 -0.0 0.0 -0.0; -0.0 -0.0 -0.0 -0.0 -0.0 -0.0 -0.0 -0.0 -0.0 20.000000000000004;;;]]
x_bb,"[15.0, 0.0, 40.0, 0.0, 37.0, 32.0, 0.0, 20.0]"
x_box,"[15.0, 0.0, 40.0, 0.0, 37.0, 32.0, 0.0, 20.0]"
evol_zeta,"[[1.755, 45.250000000000014], [2.217, 39.0], [2.221, 29.0], [2.225, 14.0], [2.229, 11.0], [2.233, 8.142857142857139], [2.239, 0.0]]"
ξ_box,[39.0; 21.0; 31.0; 38.0; 40.0; 46.0; 37.0; 37.0; 32.0; 20.0;;]
