first,second
s_box,[0.0 0.0; 0.0 25.0; 29.0 0.0; 33.0 30.0; 39.0 0.0; 39.0 0.0; 12.0 0.0; 0.0 49.0; 0.0 42.0; 0.0 5.0]
x_pb,"[-0.0, 73.0, -0.0, -0.0, 114.0, -0.0, -0.0, 5.0]"
s_bb,[-0.0 25.0; -0.0 25.0; 29.0 -0.0; 33.0 -0.0; 39.0 -0.0; 39.0 8.0; 12.0 46.0; -0.0 -0.0; -0.0 42.0; -0.0 5.0]
partition_bb,"[[[38.0, 35.0, 3.0, 1.0, 6.0, 11.0, 30.0, 39.0, 32.0, 0.0], [38.0, 35.0, 29.0, 33.0, 22.0, 27.0, 8.0, 0.0, 0.0, 0.0], [28.0, 31.0, 23.0, 26.0, 37.0, 30.0, 13.0, 4.0, 0.0, 0.0], [35.0, 32.0, 0.0, 0.0, 4.0, 11.0, 28.0, 35.0, 42.0, 5.0], [23.0, 26.0, 7.0, 11.0, 16.0, 21.0, 40.0, 31.0, 24.0, 0.0], [30.0, 27.0, 17.0, 20.0, 31.0, 38.0, 19.0, 10.0, 3.0, 0.0], [26.0, 23.0, 1.0, 5.0, 10.0, 15.0, 34.0, 43.0, 36.0, 0.0], [24.0, 27.0, 25.0, 28.0, 39.0, 32.0, 15.0, 6.0, 0.0, 0.0], [26.0, 23.0, 18.0, 21.0, 32.0, 39.0, 20.0, 11.0, 4.0, 0.0], [26.0, 23.0, 2.0, 6.0, 11.0, 16.0, 35.0, 44.0, 37.0, 0.0]], [[0.0, 0.0, 7.0, 11.0, 16.0, 21.0, 40.0, 49.0, 42.0, 5.0], [0.0, 0.0, 29.0, 32.0, 43.0, 36.0, 26.0, 17.0, 10.0, 0.0], [19.0, 16.0, 27.0, 30.0, 41.0, 34.0, 17.0, 8.0, 1.0, 0.0], [0.0, 0.0, 25.0, 28.0, 39.0, 46.0, 27.0, 18.0, 11.0, 0.0], [22.0, 25.0, 18.0, 21.0, 32.0, 39.0, 20.0, 11.0, 4.0, 0.0], [0.0, 0.0, 13.0, 17.0, 22.0, 27.0, 46.0, 37.0, 30.0, 0.0], [25.0, 22.0, 26.0, 29.0, 40.0, 33.0, 16.0, 7.0, 0.0, 0.0], [0.0, 0.0, 29.0, 33.0, 36.0, 43.0, 24.0, 15.0, 8.0, 5.0]]]"
y_box,[0.0 0.0 0.0 0.0 0.0 0.0 0.0 0.0 0.0 0.0; 38.0 35.0 0.0 0.0 0.0 0.0 0.0 0.0 0.0 0.0; 0.0 0.0 0.0 0.0 0.0 0.0 0.0 0.0 0.0 0.0; 0.0 0.0 0.0 0.0 0.0 0.0 0.0 0.0 0.0 0.0; 0.0 0.0 0.0 0.0 0.0 0.0 28.0 44.0 42.0 0.0; 0.0 0.0 0.0 0.0 0.0 0.0 0.0 0.0 0.0 0.0; 0.0 0.0 0.0 0.0 0.0 0.0 0.0 0.0 0.0 0.0; 0.0 0.0 0.0 0.0 0.0 0.0 0.0 0.0 0.0 5.0;;; 0.0 0.0 0.0 0.0 0.0 0.0 0.0 0.0 0.0 0.0; 25.0 0.0 0.0 0.0 43.0 5.0 0.0 0.0 0.0 0.0; 0.0 0.0 0.0 0.0 0.0 0.0 0.0 0.0 0.0 0.0; 0.0 0.0 0.0 0.0 0.0 0.0 0.0 0.0 0.0 0.0; 0.0 0.0 29.0 3.0 0.0 41.0 41.0 0.0 0.0 0.0; 0.0 0.0 0.0 0.0 0.0 0.0 0.0 0.0 0.0 0.0; 0.0 0.0 0.0 0.0 0.0 0.0 0.0 0.0 0.0 0.0; 0.0 0.0 0.0 0.0 0.0 0.0 5.0 0.0 0.0 0.0]
evol_bb,"[[0.831, 2.091968868427465e7], [1.329, 2.0919688684274647e7], [20.559, 2.079948053147294e7], [20.591, 2.0559064225869514e7], [29.01, 2.0318647920266084e7], [34.57, 2.019843976746437e7], [53.391, 2.007823161466266e7], [63.288, 1.995806428931894e7], [81.774, 1.9717607156257518e7], [83.622, 1.9116625809057947e7], [83.678, 1.8756000890407514e7], [103.904, 1.86357966987264e7], [103.925, 1.8635733781042103e7], [120.1, 1.8515902619998474e7], [120.17, 1.8515891996268604e7], [126.954, 1.851555624883388e7], [127.084, 1.8515551145401634e7], [127.111, 1.851555114540163e7], [127.128, 1.8395702518931e7], [128.203, 1.8275134839798205e7]]"
y_bb,[0.0 0.0 -0.0 -0.0 -0.0 -0.0 -0.0 -0.0 -0.0 -0.0; 38.0 35.0 -0.0 -0.0 -0.0 -0.0 -0.0 -0.0 -0.0 -0.0; -0.0 -0.0 0.0 0.0 0.0 0.0 -0.0 -0.0 -0.0 -0.0; -0.0 -0.0 -0.0 -0.0 -0.0 -0.0 0.0 -0.0 -0.0 -0.0; -0.0 -0.0 -0.0 -0.0 -0.0 -0.0 28.0 44.0 42.0 -0.0; -0.0 -0.0 -0.0 -0.0 -0.0 -0.0 -0.0 -0.0 0.0 -0.0; -0.0 -0.0 -0.0 -0.0 -0.0 -0.0 -0.0 -0.0 -0.0 0.0; -0.0 -0.0 -0.0 -0.0 -0.0 -0.0 -0.0 -0.0 -0.0 5.0;;; -0.0 -0.0 -0.0 -0.0 0.0 -0.0 -0.0 -0.0 -0.0 -0.0; -0.0 0.0 -0.0 -0.0 -0.0 24.0 -0.0 49.0 -0.0 -0.0; -0.0 -0.0 -0.0 0.0 -0.0 -0.0 -0.0 0.0 -0.0 -0.0; -0.0 -0.0 -0.0 -0.0 -0.0 -0.0 -0.0 0.0 -0.0 -0.0; -0.0 -0.0 29.0 33.0 38.0 14.0 -0.0 -0.0 0.0 0.0; -0.0 -0.0 -0.0 -0.0 0.0 -0.0 -0.0 -0.0 -0.0 -0.0; -0.0 -0.0 -0.0 -0.0 0.0 -0.0 -0.0 -0.0 -0.0 -0.0; 0.0 -0.0 0.0 -0.0 5.0 -0.0 0.0 -0.0 -0.0 -0.0]
evol_box,"[[0.554, 0.0], [2.404, 5054.280380381024], [2.509, 364392.12108082126], [2.534, 8.65921865473549e6], [2.567, 1.1182986996769603e7], [2.639, 1.154354714229818e7], [2.74, 1.3707199516171861e7], [2.913, 1.3707199516171863e7], [3.061, 1.4909375420746148e7], [3.161, 1.4909375420746148e7], [3.412, 1.5030189815692555e7], [3.609, 1.514969734979242e7], [3.834, 1.551032180819756e7], [4.075, 1.551041302773046e7], [4.305, 1.5991763332131397e7], [4.522, 1.635177887780955e7], [4.725, 1.6351916326629244e7], [5.093, 1.647203806493376e7], [5.322, 1.671240333621469e7], [5.543, 1.6952819641818114e7], [5.822, 1.6952870676140614e7], [6.808, 1.707302779461983e7], [7.146, 1.7193343659381606e7], [7.555, 1.7193584742212947e7], [8.031, 1.731349513454575e7], [8.349, 1.7313495134545755e7], [8.671, 1.731349599555237e7], [9.077, 1.7313495995552365e7], [9.433, 1.755386040582668e7], [9.832, 1.755394173961888e7], [10.205, 1.7674176270588458e7], [10.575, 1.779427671143011e7], [11.017, 1.7794276711430106e7], [11.468, 1.791448486423182e7], [11.91, 1.7914484864231825e7], [12.299, 1.791448486423182e7], [12.741, 1.791448486423182e7], [13.045, 1.7914510381393068e7], [13.839, 1.7914510381393075e7], [14.267, 1.7914510381393068e7], [14.736, 1.791456619802402e7], [15.328, 1.791457951069968e7], [16.036, 1.7914936405912045e7], [16.55, 1.8034693017033536e7], [17.162, 1.8034693017033532e7], [17.616, 1.803472957448909e7], [18.125, 1.8034738947923783e7], [18.835, 1.8034767570896186e7], [19.327, 1.803511541145408e7], [19.851, 1.803512559624741e7], [20.251, 1.8154901169835247e7], [20.804, 1.8154926686996486e7], [22.697, 1.8154926686996497e7], [23.239, 1.8154952204157747e7], [23.987, 1.8155334542521823e7], [24.468, 1.8275109322636962e7], [25.017, 1.827510922645058e7], [25.589, 1.827513483979821e7], [26.762, 1.8275134839798205e7]]"
y_pb,[[0.0 -0.0 -0.0 -0.0 -0.0 -0.0 -0.0 -0.0 -0.0 -0.0; 38.0 35.0 -0.0 -0.0 -0.0 -0.0 -0.0 -0.0 -0.0 -0.0; -0.0 -0.0 -0.0 0.0 -0.0 -0.0 -0.0 -0.0 -0.0 -0.0; -0.0 -0.0 -0.0 -0.0 -0.0 -0.0 0.0 -0.0 -0.0 -0.0; -0.0 -0.0 -0.0 -0.0 -0.0 -0.0 23.0 49.0 42.0 -0.0; -0.0 -0.0 -0.0 -0.0 -0.0 -0.0 -0.0 -0.0 0.0 -0.0; -0.0 -0.0 -0.0 -0.0 -0.0 -0.0 -0.0 -0.0 -0.0 0.0; -0.0 -0.0 -0.0 -0.0 -0.0 -0.0 -0.0 -0.0 -0.0 5.000000000000001;;;]]
x_bb,"[-0.0, 73.0, 0.0, -0.0, 114.0, 0.0, -0.0, 5.0]"
x_box,"[0.0, 73.0, 0.0, 0.0, 114.0, 0.0, 0.0, 5.0]"
evol_zeta,"[[2.494, 38.0], [2.518, 32.0], [2.544, 22.0], [2.572, 21.0], [2.649, 18.88888888888889], [2.75, 22.28571428571463], [2.919, 16.0], [3.069, 12.777777777777775], [3.166, 10.555555555555557], [3.422, 15.0], [3.614, 10.0], [3.844, 9.75], [4.081, 10.0], [4.349, 8.555555555555557], [4.531, 12.42857142857143], [4.733, 12.000000000000005], [5.104, 6.777777777777779], [5.33, 6.428571428571431], [5.553, 7.285714285714285], [5.833, 5.888888888888886], [6.819, 5.142857142857147], [7.156, 4.5714285714285765], [7.566, 4.777777777777779], [8.042, 4.555555555555557], [8.361, 4.111111111111114], [8.681, 7.000000000000002], [9.088, 6.111111111111114], [9.444, 5.0], [9.842, 3.7142857142857153], [10.231, 3.000000000400007], [10.61, 5.0], [11.05, 4.5], [11.475, 4.625], [11.923, 4.0], [12.324, 4.142857142857146], [12.748, 3.0], [13.058, 3.0], [13.851, 2.5], [14.275, 2.25], [14.746, 3.0], [15.336, 3.000000000400007], [16.075, 1.75], [16.588, 2.125], [17.173, 3.6666666666666714], [17.627, 5.0], [18.137, 3.4285714285714066], [18.876, 2.2857142860428645], [19.338, 3.444444444444443], [19.863, 1.0], [20.26, 1.5], [20.815, 0.44444444444444287], [22.712, 1.0], [23.299, 3.0], [24.0, 0.22222222222222143], [24.477, 2.7142857142857153], [25.042, 3.8571428571428577], [25.602, 0.25], [26.778, 0.0]]"
ξ_box,[38.0 25.0; 35.0 25.0; 29.0 29.0; 33.0 33.0; 39.0 43.0; 39.0 46.0; 40.0 46.0; 44.0 49.0; 42.0 42.0; 5.0 5.0]
