first,second
s_box,[-0.0 -0.0; -0.0 -0.0; -0.0 -0.0; -0.0 2.0; -0.0 -0.0; -0.0 -0.0; -0.0 -0.0; 20.0 6.0; 10.0 21.0; -0.0 -0.0]
x_pb,"[-0.0, 1.0, 15.0, 3.0, 21.0, 36.0, 19.0, 49.0]"
s_bb,[-0.0 -0.0; -0.0 -0.0; -0.0 -0.0; -0.0 -0.0; -0.0 7.0; -0.0 11.0; -0.0 -0.0; 20.0 6.0; 10.0 -0.0; -0.0 -0.0]
partition_bb,"[[[0.0, 0.0, 13.0, 3.0, 9.0, 12.0, 13.0, 20.0, 29.0, 40.0], [0.0, 0.0, 13.0, 3.0, 3.0, 9.0, 32.0, 16.0, 25.0, 45.0], [0.0, 0.0, 12.0, 3.0, 9.0, 12.0, 36.0, 20.0, 29.0, 23.0], [1.0, 2.0, 0.0, 3.0, 9.0, 3.0, 28.0, 20.0, 29.0, 49.0]], [[0.0, 0.0, 0.0, 0.0, 6.0, 7.0, 35.0, 20.0, 29.0, 49.0], [0.0, 0.0, 8.0, 3.0, 7.0, 11.0, 36.0, 20.0, 17.0, 37.0], [1.0, 0.0, 12.0, 3.0, 6.0, 7.0, 17.0, 20.0, 29.0, 49.0]]]"
y_box,[-0.0 -0.0 -0.0 -0.0 -0.0 -0.0 -0.0 -0.0 -0.0 -0.0; 1.0 -0.0 -0.0 -0.0 -0.0 -0.0 -0.0 -0.0 -0.0 -0.0; 0.0 2.0 13.0 -0.0 -0.0 -0.0 -0.0 -0.0 -0.0 -0.0; -0.0 -0.0 0.0 3.0 -0.0 -0.0 -0.0 -0.0 -0.0 -0.0; -0.0 -0.0 -0.0 -0.0 9.0 12.0 -0.0 -0.0 -0.0 -0.0; -0.0 -0.0 -0.0 -0.0 -0.0 -0.0 36.0 -0.0 -0.0 -0.0; -0.0 -0.0 -0.0 -0.0 -0.0 -0.0 -0.0 -0.0 19.0 -0.0; -0.0 -0.0 -0.0 -0.0 -0.0 -0.0 -0.0 -0.0 -0.0 49.0;;; -0.0 -0.0 0.0 -0.0 -0.0 -0.0 -0.0 -0.0 -0.0 -0.0; -0.0 -0.0 1.0 -0.0 -0.0 -0.0 -0.0 -0.0 -0.0 -0.0; 1.0 -0.0 -0.0 -0.0 -0.0 -0.0 -0.0 14.0 -0.0 -0.0; 1.0 -0.0 2.0 -0.0 -0.0 -0.0 -0.0 -0.0 -0.0 -0.0; -0.0 2.0 10.0 3.0 6.0 0.0 -0.0 -0.0 -0.0 -0.0; -0.0 -0.0 -0.0 -0.0 -0.0 -0.0 6.0 -0.0 -0.0 30.0; -0.0 -0.0 -0.0 -0.0 -0.0 -0.0 -0.0 -0.0 -0.0 19.0; -0.0 -0.0 -0.0 -0.0 -0.0 12.0 29.0 -0.0 8.0 -0.0]
evol_bb,"[[0.327, 3.844174291845358e6], [0.514, 3.8441742918453575e6], [0.777, 3.844174291845357e6]]"
y_bb,[0.0 -0.0 -0.0 -0.0 -0.0 -0.0 -0.0 -0.0 -0.0 -0.0; 1.0 0.0 -0.0 -0.0 -0.0 -0.0 -0.0 -0.0 -0.0 -0.0; -0.0 2.0 13.0 -0.0 -0.0 -0.0 -0.0 -0.0 -0.0 -0.0; -0.0 -0.0 -0.0 3.0 -0.0 -0.0 -0.0 -0.0 -0.0 -0.0; -0.0 -0.0 -0.0 0.0 9.0 12.0 -0.0 -0.0 -0.0 -0.0; -0.0 -0.0 -0.0 -0.0 -0.0 -0.0 36.0 -0.0 -0.0 -0.0; -0.0 -0.0 -0.0 -0.0 -0.0 -0.0 -0.0 -0.0 19.0 -0.0; -0.0 -0.0 -0.0 -0.0 -0.0 -0.0 -0.0 -0.0 -0.0 49.0;;; -0.0 -0.0 -0.0 -0.0 -0.0 -0.0 -0.0 -0.0 0.0 -0.0; 0.0 -0.0 -0.0 -0.0 -0.0 -0.0 -0.0 -0.0 -0.0 1.0; -0.0 -0.0 12.0 -0.0 0.0 0.0 -0.0 -0.0 3.0 -0.0; -0.0 -0.0 -0.0 -0.0 -0.0 -0.0 -0.0 -0.0 -0.0 3.0; -0.0 -0.0 0.0 3.0 -0.0 -0.0 18.0 0.0 -0.0 -0.0; -0.0 -0.0 -0.0 -0.0 -0.0 -0.0 -0.0 14.0 -0.0 22.0; 1.0 -0.0 -0.0 -0.0 -0.0 -0.0 18.0 -0.0 -0.0 -0.0; -0.0 -0.0 -0.0 -0.0 -0.0 -0.0 -0.0 -0.0 26.0 23.0]
evol_box,"[[0.511, 0.0], [2.258, 260779.81328378906], [2.347, 260779.8132837891], [2.359, 260779.81328378906], [2.377, 2.5643242847716915e6], [2.432, 2.692304161511055e6], [2.488, 2.9483109285066263e6], [2.575, 3.204185148810122e6], [2.707, 3.4602472787290756e6], [2.781, 3.5882232815963016e6], [2.854, 3.588223281596301e6], [2.931, 3.7161852927085883e6], [3.014, 3.7161852927085888e6], [3.074, 3.7161852927085888e6], [3.167, 3.716185292708553e6], [3.285, 3.7161852927085888e6], [3.364, 3.7161852927085888e6], [3.436, 3.7161852927085888e6], [3.51, 3.7161852927085715e6], [3.592, 3.716185459238832e6], [3.708, 3.844174291845357e6]]"
y_pb,[[0.0 -0.0 -0.0 -0.0 -0.0 -0.0 -0.0 -0.0 -0.0 -0.0; 1.0 -0.0 -0.0 -0.0 -0.0 -0.0 -0.0 -0.0 -0.0 -0.0; -0.0 2.0 13.0 -0.0 -0.0 -0.0 -0.0 -0.0 -0.0 -0.0; -0.0 -0.0 -0.0 3.0 -0.0 -0.0 -0.0 -0.0 -0.0 -0.0; -0.0 -0.0 -0.0 -0.0 9.0 12.0 -0.0 -0.0 -0.0 -0.0; -0.0 -0.0 -0.0 -0.0 -0.0 -0.0 36.0 -0.0 -0.0 -0.0; -0.0 -0.0 -0.0 -0.0 -0.0 -0.0 -0.0 -0.0 19.0 -0.0; -0.0 -0.0 -0.0 -0.0 -0.0 -0.0 -0.0 -0.0 -0.0 49.0;;;]]
x_bb,"[-0.0, 1.0, 15.0, 3.0, 21.0, 36.0, 19.0, 49.0]"
x_box,"[0.0, 1.0, 15.0, 3.0, 21.0, 36.0, 19.0, 49.0]"
evol_zeta,"[[1.859, 49.0], [2.34, 13.0], [2.351, 13.0], [2.363, 7.0], [2.379, 5.0], [2.435, 7.0], [2.501, 3.0], [2.596, 3.0], [2.71, 2.0], [2.792, 1.0], [2.86, 1.0000000002000036], [2.934, 1.0], [3.016, 1.0], [3.076, 1.0], [3.196, 1.0], [3.288, 1.0], [3.366, 0.7142857142857153], [3.438, 1.0], [3.513, 0.4285714285714306], [3.594, 0.1428571428571459], [3.712, 0.0]]"
ξ_box,[1.0 0.0; 2.0 0.0; 13.0 13.0; 3.0 3.0; 9.0 6.0; 12.0 12.0; 36.0 35.0; 20.0 20.0; 29.0 29.0; 49.0 49.0]
