first,second
s_box,[54.0; 50.0; 42.0; 35.0; 0.0; 0.0; 0.0; 22.0; 0.0; 0.0;;]
x_pb,"[-0.0, -0.0, -0.0, 49.0, 49.0, -0.0, 40.0, 48.0]"
s_bb,[54.0; 50.0; 42.0; 35.0; 0.0; 0.0; 0.0; 22.0; 0.0; 0.0;;]
partition_bb,"[[[54.0, 47.0, 35.0, 23.0, 17.0, 12.0, 1.0, 0.0, 0.0, 0.0], [31.0, 24.0, 12.0, 0.0, 0.0, 5.0, 16.0, 21.0, 32.0, 48.0], [0.0, 0.0, 5.0, 17.0, 17.0, 22.0, 33.0, 28.0, 16.0, 48.0], [4.0, 10.0, 23.0, 35.0, 23.0, 22.0, 16.0, 21.0, 33.0, 0.0], [0.0, 0.0, 13.0, 25.0, 17.0, 22.0, 33.0, 38.0, 38.0, 0.0], [23.0, 29.0, 42.0, 30.0, 26.0, 21.0, 10.0, 5.0, 0.0, 0.0], [43.0, 50.0, 37.0, 25.0, 19.0, 14.0, 3.0, 0.0, 0.0, 0.0], [0.0, 7.0, 19.0, 26.0, 18.0, 13.0, 23.0, 28.0, 40.0, 2.0], [0.0, 0.0, 9.0, 15.0, 27.0, 22.0, 15.0, 20.0, 32.0, 48.0]]]"
y_box,[0.0 -0.0 -0.0 -0.0 -0.0 -0.0 -0.0 -0.0 -0.0 -0.0; -0.0 -0.0 -0.0 -0.0 -0.0 -0.0 -0.0 -0.0 -0.0 -0.0; -0.0 0.0 0.0 -0.0 -0.0 -0.0 -0.0 -0.0 -0.0 -0.0; -0.0 -0.0 -0.0 0.0 27.0 22.0 -0.0 -0.0 -0.0 -0.0; -0.0 -0.0 -0.0 -0.0 -0.0 -0.0 33.0 16.0 -0.0 -0.0; -0.0 -0.0 -0.0 -0.0 -0.0 -0.0 -0.0 -0.0 -0.0 -0.0; -0.0 -0.0 -0.0 -0.0 -0.0 -0.0 -0.0 -0.0 40.0 -0.0; -0.0 -0.0 -0.0 -0.0 -0.0 -0.0 -0.0 -0.0 -0.0 48.0;;;]
evol_bb,"[[0.312, 2.587914722849869e7]]"
y_bb,[0.0 -0.0 -0.0 -0.0 -0.0 -0.0 -0.0 -0.0 -0.0 -0.0; -0.0 -0.0 -0.0 -0.0 -0.0 -0.0 -0.0 -0.0 -0.0 -0.0; -0.0 0.0 0.0 -0.0 -0.0 -0.0 -0.0 -0.0 -0.0 -0.0; -0.0 -0.0 -0.0 0.0 27.0 22.0 -0.0 -0.0 -0.0 -0.0; -0.0 -0.0 -0.0 -0.0 -0.0 -0.0 33.0 16.0 -0.0 -0.0; -0.0 -0.0 -0.0 -0.0 -0.0 -0.0 -0.0 -0.0 -0.0 -0.0; -0.0 -0.0 -0.0 -0.0 -0.0 -0.0 -0.0 -0.0 40.0 -0.0; -0.0 -0.0 -0.0 -0.0 -0.0 -0.0 -0.0 -0.0 -0.0 48.0;;;]
evol_box,"[[0.436, 0.0], [2.181, 384807.7505904718], [2.263, 1.5171353967958827e7], [2.267, 2.1290054703006707e7], [2.272, 2.2564791323239304e7], [2.278, 2.3839539423061576e7], [2.286, 2.4859343325780135e7], [2.292, 2.5496720764979232e7], [2.296, 2.587914722849869e7]]"
y_pb,[[0.0 -0.0 -0.0 -0.0 -0.0 -0.0 -0.0 -0.0 -0.0 -0.0; 0.0 -0.0 -0.0 -0.0 -0.0 -0.0 -0.0 -0.0 -0.0 -0.0; -0.0 0.0 -0.0 -0.0 -0.0 -0.0 -0.0 -0.0 -0.0 -0.0; -0.0 -0.0 -0.0 -0.0 27.0 22.0 -0.0 -0.0 -0.0 -0.0; -0.0 -0.0 -0.0 -0.0 -0.0 -0.0 33.0 16.0 -0.0 -0.0; -0.0 -0.0 -0.0 -0.0 -0.0 -0.0 -0.0 -0.0 0.0 -0.0; -0.0 -0.0 -0.0 -0.0 -0.0 -0.0 -0.0 -0.0 40.00000000000001 -0.0; -0.0 -0.0 -0.0 -0.0 -0.0 -0.0 -0.0 -0.0 -0.0 48.0;;;]]
x_bb,"[0.0, 0.0, 0.0, 49.0, 49.0, 0.0, 40.0, 48.0]"
x_box,"[0.0, 0.0, 0.0, 49.0, 49.0, 0.0, 40.0, 48.0]"
evol_zeta,"[[1.755, 53.57142857142857], [2.261, 48.0], [2.265, 17.0], [2.27, 10.0], [2.276, 8.0], [2.284, 7.000000000000011], [2.29, 5.0], [2.294, 2.2857142857142847], [2.301, 0.0]]"
ξ_box,[54.0; 50.0; 42.0; 35.0; 27.0; 22.0; 33.0; 38.0; 40.0; 48.0;;]
