first,second
s_box,[0.0; 0.0; 0.0; 0.0; 0.0; 5.0; 9.0; 15.0; 0.0; 0.0;;]
x_pb,"[20.0, 59.0, -0.0, -0.0, -0.0, -0.0, -0.0, 71.0]"
s_bb,[0.0; 0.0; 0.0; 0.0; 0.0; 5.0; 9.0; 15.0; 0.0; 0.0;;]
partition_bb,"[[[3.0, 9.0, 12.0, 23.0, 20.0, 0.0, 4.0, 18.0, 31.0, 32.0], [0.0, 0.0, 0.0, 23.0, 20.0, 5.0, 9.0, 23.0, 12.0, 13.0], [7.0, 1.0, 0.0, 0.0, 0.0, 0.0, 0.0, 0.0, 2.0, 3.0], [7.0, 11.0, 16.0, 0.0, 0.0, 5.0, 9.0, 23.0, 31.0, 27.0], [7.0, 13.0, 16.0, 23.0, 20.0, 5.0, 9.0, 9.0, 23.0, 27.0]]]"
y_box,[7.0 13.0 -0.0 -0.0 -0.0 -0.0 -0.0 -0.0 -0.0 -0.0; -0.0 -0.0 16.0 23.0 20.0 -0.0 -0.0 -0.0 -0.0 -0.0; -0.0 -0.0 -0.0 -0.0 -0.0 -0.0 -0.0 -0.0 -0.0 -0.0; -0.0 -0.0 -0.0 -0.0 -0.0 -0.0 -0.0 -0.0 -0.0 -0.0; -0.0 -0.0 -0.0 -0.0 -0.0 -0.0 -0.0 -0.0 -0.0 -0.0; -0.0 -0.0 -0.0 -0.0 -0.0 0.0 0.0 -0.0 -0.0 -0.0; -0.0 -0.0 -0.0 -0.0 -0.0 -0.0 -0.0 -0.0 -0.0 -0.0; -0.0 -0.0 -0.0 -0.0 -0.0 -0.0 -0.0 8.0 31.0 32.0;;;]
evol_bb,"[[0.305, 2.813610508629837e6]]"
y_bb,[7.0 13.0 -0.0 -0.0 -0.0 -0.0 -0.0 -0.0 -0.0 -0.0; -0.0 -0.0 16.0 23.0 20.0 -0.0 -0.0 -0.0 -0.0 -0.0; -0.0 -0.0 -0.0 -0.0 -0.0 -0.0 -0.0 -0.0 -0.0 -0.0; -0.0 -0.0 -0.0 -0.0 -0.0 -0.0 -0.0 -0.0 -0.0 -0.0; -0.0 -0.0 -0.0 -0.0 -0.0 -0.0 -0.0 -0.0 -0.0 -0.0; -0.0 -0.0 -0.0 -0.0 -0.0 0.0 0.0 -0.0 -0.0 -0.0; -0.0 -0.0 -0.0 -0.0 -0.0 -0.0 -0.0 -0.0 -0.0 -0.0; -0.0 -0.0 -0.0 -0.0 -0.0 -0.0 -0.0 8.0 31.0 32.0;;;]
evol_box,"[[0.473, 0.0], [2.396, 196439.85780845722], [2.484, 2.0382214641600405e6], [2.489, 2.6197621921272497e6], [2.492, 2.813610508629837e6]]"
y_pb,[[7.000000000000001 13.0 -0.0 -0.0 -0.0 -0.0 -0.0 -0.0 -0.0 -0.0; -0.0 -0.0 16.0 23.000000000000004 20.000000000000004 -0.0 -0.0 -0.0 -0.0 -0.0; -0.0 -0.0 -0.0 -0.0 0.0 -0.0 -0.0 -0.0 -0.0 -0.0; -0.0 -0.0 -0.0 -0.0 0.0 -0.0 -0.0 -0.0 -0.0 -0.0; -0.0 -0.0 -0.0 -0.0 0.0 -0.0 -0.0 -0.0 -0.0 -0.0; -0.0 -0.0 -0.0 -0.0 -0.0 -0.0 -0.0 0.0 -0.0 -0.0; -0.0 -0.0 -0.0 -0.0 -0.0 -0.0 -0.0 0.0 -0.0 -0.0; -0.0 -0.0 -0.0 -0.0 -0.0 -0.0 -0.0 8.0 31.000000000000004 32.0;;;]]
x_bb,"[20.0, 59.0, 0.0, 0.0, 0.0, 0.0, 0.0, 71.0]"
x_box,"[20.0, 59.0, 0.0, 0.0, 0.0, 0.0, 0.0, 71.0]"
evol_zeta,"[[1.923, 32.0], [2.483, 5.000000000600011], [2.487, 4.0], [2.49, 2.0], [2.494, 0.0]]"
ξ_box,[7.0; 13.0; 16.0; 23.0; 20.0; 5.0; 9.0; 23.0; 31.0; 32.0;;]
