first,second
s_box,[13.0; 0.0; 43.0; 32.0; 31.0; 29.0; 0.0; 0.0; 33.0; 0.0;;]
x_pb,"[42.0, -0.0, 46.0, -0.0, 26.0, -0.0, -0.0, 51.0]"
s_bb,[13.0; 0.0; 43.0; 32.0; 31.0; 29.0; 0.0; 0.0; 33.0; 0.0;;]
partition_bb,"[[[0.0, 1.0, 15.0, 0.0, 0.0, 0.0, 12.0, 26.0, 28.0, 51.0], [14.0, 11.0, 10.0, 22.0, 28.0, 29.0, 46.0, 0.0, 4.0, 0.0], [26.0, 29.0, 43.0, 22.0, 18.0, 16.0, 7.0, 0.0, 0.0, 0.0], [0.0, 0.0, 11.0, 32.0, 27.0, 25.0, 9.0, 24.0, 31.0, 8.0], [0.0, 0.0, 11.0, 32.0, 31.0, 29.0, 46.0, 0.0, 0.0, 16.0], [17.0, 20.0, 34.0, 13.0, 9.0, 7.0, 0.0, 26.0, 33.0, 10.0]]]"
y_box,[13.0 29.0 0.0 0.0 -0.0 -0.0 -0.0 -0.0 -0.0 -0.0; -0.0 -0.0 -0.0 -0.0 -0.0 -0.0 -0.0 -0.0 -0.0 -0.0; -0.0 -0.0 -0.0 -0.0 0.0 0.0 46.0 -0.0 -0.0 -0.0; -0.0 -0.0 -0.0 -0.0 -0.0 -0.0 -0.0 -0.0 -0.0 -0.0; -0.0 -0.0 -0.0 -0.0 -0.0 -0.0 -0.0 26.0 0.0 -0.0; -0.0 -0.0 -0.0 -0.0 -0.0 -0.0 -0.0 -0.0 -0.0 -0.0; -0.0 -0.0 -0.0 -0.0 -0.0 -0.0 -0.0 -0.0 -0.0 -0.0; -0.0 -0.0 -0.0 -0.0 -0.0 -0.0 -0.0 -0.0 -0.0 51.0;;;]
evol_bb,"[[0.296, 2.32971874672997e7]]"
y_bb,[13.0 29.0 0.0 0.0 -0.0 -0.0 -0.0 -0.0 -0.0 -0.0; -0.0 -0.0 -0.0 -0.0 -0.0 -0.0 -0.0 -0.0 -0.0 -0.0; -0.0 -0.0 -0.0 -0.0 0.0 0.0 46.0 -0.0 -0.0 -0.0; -0.0 -0.0 -0.0 -0.0 -0.0 -0.0 -0.0 -0.0 -0.0 -0.0; -0.0 -0.0 -0.0 -0.0 -0.0 -0.0 -0.0 26.0 0.0 -0.0; -0.0 -0.0 -0.0 -0.0 -0.0 -0.0 -0.0 -0.0 -0.0 -0.0; -0.0 -0.0 -0.0 -0.0 -0.0 -0.0 -0.0 -0.0 -0.0 -0.0; -0.0 -0.0 -0.0 -0.0 -0.0 -0.0 -0.0 -0.0 -0.0 51.0;;;]
evol_box,"[[0.446, 0.0], [2.171, 1927.2031401489478], [2.259, 1.3515960763641696e7], [2.264, 2.098056578907945e7], [2.268, 2.2653681445571855e7], [2.273, 2.303978505860856e7], [2.278, 2.32971874672997e7]]"
y_pb,[[13.0 29.0 -0.0 -0.0 -0.0 -0.0 -0.0 -0.0 -0.0 -0.0; -0.0 -0.0 0.0 -0.0 -0.0 -0.0 -0.0 -0.0 -0.0 -0.0; -0.0 -0.0 -0.0 -0.0 -0.0 -0.0 46.00000000000001 -0.0 -0.0 -0.0; -0.0 -0.0 -0.0 -0.0 -0.0 -0.0 0.0 -0.0 -0.0 -0.0; -0.0 -0.0 -0.0 -0.0 -0.0 -0.0 -0.0 26.0 -0.0 -0.0; -0.0 -0.0 -0.0 -0.0 -0.0 -0.0 -0.0 0.0 -0.0 -0.0; -0.0 -0.0 -0.0 -0.0 -0.0 -0.0 -0.0 -0.0 -0.0 0.0; -0.0 -0.0 -0.0 -0.0 -0.0 -0.0 -0.0 -0.0 -0.0 51.0;;;]]
x_bb,"[42.0, 0.0, 46.0, 0.0, 26.0, 0.0, 0.0, 51.0]"
x_box,"[42.0, 0.0, 46.0, 0.0, 26.0, 0.0, 0.0, 51.0]"
evol_zeta,"[[1.784, 51.0], [2.257, 34.0], [2.262, 28.0], [2.267, 10.0], [2.271, 3.0], [2.276, 2.0], [2.28, 0.0]]"
ξ_box,[26.0; 29.0; 43.0; 32.0; 31.0; 29.0; 46.0; 26.0; 33.0; 51.0;;]
