first,second
s_box,[0.0; 0.0; 38.0; 26.0; 17.0; 9.0; 6.0; 14.0; 0.0; 14.0;;]
x_pb,"[-0.0, 89.0, -0.0, -0.0, -0.0, -0.0, -0.0, 78.0]"
s_bb,[0.0; 0.0; 38.0; 26.0; 17.0; 9.0; 6.0; 14.0; 0.0; 14.0;;]
partition_bb,"[[[6.0, 11.0, 28.0, 7.0, 1.0, 5.0, 6.0, 14.0, 42.0, 50.0], [42.0, 37.0, 20.0, 11.0, 1.0, 0.0, 0.0, 0.0, 0.0, 0.0], [12.0, 17.0, 0.0, 7.0, 17.0, 9.0, 6.0, 14.0, 39.0, 47.0], [5.0, 0.0, 17.0, 26.0, 17.0, 9.0, 6.0, 0.0, 0.0, 0.0], [42.0, 47.0, 35.0, 21.0, 11.0, 3.0, 0.0, 0.0, 0.0, 0.0], [35.0, 40.0, 38.0, 17.0, 11.0, 6.0, 6.0, 14.0, 0.0, 0.0]]]"
y_box,[-0.0 -0.0 -0.0 -0.0 -0.0 -0.0 -0.0 -0.0 -0.0 -0.0; 42.0 47.0 0.0 -0.0 -0.0 -0.0 -0.0 -0.0 -0.0 -0.0; -0.0 -0.0 -0.0 0.0 -0.0 -0.0 -0.0 -0.0 -0.0 -0.0; -0.0 -0.0 -0.0 -0.0 -0.0 -0.0 -0.0 -0.0 -0.0 -0.0; -0.0 -0.0 -0.0 -0.0 0.0 -0.0 -0.0 -0.0 -0.0 -0.0; -0.0 -0.0 -0.0 -0.0 -0.0 0.0 0.0 0.0 -0.0 -0.0; -0.0 -0.0 -0.0 -0.0 -0.0 -0.0 -0.0 -0.0 -0.0 -0.0; -0.0 -0.0 -0.0 -0.0 -0.0 -0.0 -0.0 -0.0 42.0 36.0;;;]
evol_bb,"[[0.286, 1.2767793633666053e7]]"
y_bb,[-0.0 -0.0 -0.0 -0.0 -0.0 -0.0 -0.0 -0.0 -0.0 -0.0; 42.0 47.0 0.0 -0.0 -0.0 -0.0 -0.0 -0.0 -0.0 -0.0; -0.0 -0.0 -0.0 0.0 -0.0 -0.0 -0.0 -0.0 -0.0 -0.0; -0.0 -0.0 -0.0 -0.0 -0.0 -0.0 -0.0 -0.0 -0.0 -0.0; -0.0 -0.0 -0.0 -0.0 0.0 -0.0 -0.0 -0.0 -0.0 -0.0; -0.0 -0.0 -0.0 -0.0 -0.0 0.0 0.0 0.0 -0.0 -0.0; -0.0 -0.0 -0.0 -0.0 -0.0 -0.0 -0.0 -0.0 -0.0 -0.0; -0.0 -0.0 -0.0 -0.0 -0.0 -0.0 -0.0 -0.0 42.0 36.0;;;]
evol_box,"[[0.426, 0.0], [2.071, 312430.6231880702], [2.15, 1.0400133818574367e7], [2.154, 1.1326609398392852e7], [2.157, 1.2767793633666053e7]]"
y_pb,[[0.0 -0.0 -0.0 -0.0 -0.0 -0.0 -0.0 -0.0 -0.0 -0.0; 42.0 47.0 -0.0 -0.0 -0.0 -0.0 -0.0 -0.0 -0.0 -0.0; -0.0 -0.0 -0.0 0.0 -0.0 -0.0 -0.0 -0.0 -0.0 -0.0; -0.0 -0.0 -0.0 0.0 -0.0 -0.0 -0.0 -0.0 -0.0 -0.0; -0.0 -0.0 -0.0 -0.0 -0.0 -0.0 0.0 -0.0 -0.0 -0.0; -0.0 -0.0 -0.0 -0.0 -0.0 -0.0 -0.0 -0.0 0.0 -0.0; -0.0 -0.0 -0.0 -0.0 -0.0 -0.0 -0.0 -0.0 0.0 -0.0; -0.0 -0.0 -0.0 -0.0 -0.0 -0.0 -0.0 -0.0 42.0 36.0;;;]]
x_bb,"[0.0, 89.0, 0.0, 0.0, 0.0, 0.0, 0.0, 78.0]"
x_box,"[0.0, 89.0, 0.0, 0.0, 0.0, 0.0, 0.0, 78.0]"
evol_zeta,"[[1.702, 50.0], [2.148, 36.0], [2.152, 8.0], [2.156, 6.0], [2.159, 0.0]]"
ξ_box,[42.0; 47.0; 38.0; 26.0; 17.0; 9.0; 6.0; 14.0; 42.0; 50.0;;]
