first,second
s_box,[32.0; 29.0; 0.0; 0.0; 19.0; 25.0; 25.0; 24.0; 25.0; 24.0; 23.0; 24.0; 0.0; 0.0; 7.0; 17.0; 16.0; 21.0; 14.0; 7.0;;]
x_pb,"[52.0, 0.0, -0.0, -0.0, -0.0, 45.0, 13.0, -0.0]"
s_bb,[32.0; 29.0; 0.0; 0.0; 19.0; 25.0; 25.0; 24.0; 25.0; 24.0; 23.0; 24.0; 0.0; 0.0; 7.0; 17.0; 16.0; 21.0; 14.0; 7.0;;]
partition_bb,"[[[32.0, 26.0, 22.0, 17.0, 13.0, 0.0, 0.0, 0.0, 0.0, 0.0, 0.0, 0.0, 0.0, 0.0, 0.0, 0.0, 0.0, 0.0, 0.0, 0.0], [0.0, 0.0, 0.0, 0.0, 0.0, 11.0, 11.0, 16.0, 25.0, 22.0, 16.0, 12.0, 1.0, 1.0, 0.0, 0.0, 0.0, 0.0, 0.0, 0.0], [0.0, 0.0, 0.0, 0.0, 0.0, 0.0, 0.0, 0.0, 0.0, 2.0, 8.0, 12.0, 23.0, 19.0, 16.0, 14.0, 14.0, 9.0, 0.0, 0.0], [10.0, 4.0, 0.0, 0.0, 5.0, 0.0, 0.0, 0.0, 0.0, 0.0, 0.0, 0.0, 6.0, 6.0, 11.0, 14.0, 15.0, 20.0, 14.0, 7.0], [0.0, 0.0, 1.0, 6.0, 10.0, 25.0, 25.0, 20.0, 11.0, 10.0, 9.0, 2.0, 0.0, 0.0, 0.0, 0.0, 0.0, 0.0, 0.0, 0.0], [0.0, 0.0, 0.0, 0.0, 0.0, 1.0, 1.0, 6.0, 11.0, 14.0, 17.0, 24.0, 13.0, 13.0, 8.0, 5.0, 4.0, 0.0, 0.0, 0.0], [9.0, 15.0, 17.0, 24.0, 19.0, 9.0, 9.0, 4.0, 0.0, 0.0, 0.0, 0.0, 0.0, 0.0, 4.0, 1.0, 0.0, 0.0, 0.0, 0.0], [0.0, 0.0, 0.0, 0.0, 0.0, 7.0, 7.0, 12.0, 14.0, 17.0, 23.0, 16.0, 8.0, 8.0, 3.0, 0.0, 0.0, 0.0, 0.0, 0.0], [18.0, 24.0, 28.0, 21.0, 16.0, 4.0, 4.0, 0.0, 0.0, 0.0, 0.0, 0.0, 0.0, 0.0, 0.0, 0.0, 0.0, 0.0, 0.0, 0.0], [0.0, 4.0, 0.0, 0.0, 0.0, 0.0, 0.0, 0.0, 6.0, 3.0, 0.0, 4.0, 13.0, 15.0, 20.0, 17.0, 16.0, 11.0, 1.0, 0.0], [0.0, 0.0, 0.0, 0.0, 4.0, 19.0, 19.0, 24.0, 15.0, 14.0, 13.0, 6.0, 0.0, 0.0, 0.0, 0.0, 0.0, 0.0, 0.0, 0.0], [0.0, 0.0, 0.0, 0.0, 0.0, 0.0, 0.0, 0.0, 0.0, 1.0, 7.0, 11.0, 18.0, 22.0, 17.0, 14.0, 13.0, 8.0, 0.0, 0.0], [23.0, 29.0, 25.0, 20.0, 16.0, 1.0, 1.0, 0.0, 0.0, 0.0, 0.0, 0.0, 0.0, 0.0, 0.0, 0.0, 0.0, 0.0, 0.0, 0.0], [0.0, 0.0, 0.0, 0.0, 0.0, 9.0, 9.0, 14.0, 21.0, 24.0, 18.0, 14.0, 3.0, 3.0, 0.0, 0.0, 0.0, 0.0, 0.0, 0.0], [0.0, 0.0, 0.0, 0.0, 5.0, 0.0, 0.0, 0.0, 7.0, 4.0, 0.0, 0.0, 7.0, 11.0, 12.0, 15.0, 16.0, 21.0, 9.0, 4.0]]]"
y_box,[0.0 0.0 28.0 24.0 -0.0 -0.0 -0.0 -0.0 -0.0 -0.0 -0.0 -0.0 -0.0 -0.0 -0.0 -0.0 -0.0 -0.0 -0.0 -0.0; -0.0 -0.0 -0.0 -0.0 0.0 -0.0 -0.0 -0.0 -0.0 -0.0 -0.0 -0.0 -0.0 -0.0 -0.0 -0.0 -0.0 -0.0 -0.0 -0.0; -0.0 -0.0 -0.0 -0.0 -0.0 0.0 -0.0 0.0 0.0 -0.0 -0.0 -0.0 -0.0 -0.0 -0.0 -0.0 -0.0 -0.0 -0.0 -0.0; -0.0 -0.0 -0.0 -0.0 -0.0 -0.0 -0.0 -0.0 -0.0 0.0 0.0 -0.0 -0.0 -0.0 -0.0 -0.0 -0.0 -0.0 -0.0 -0.0; -0.0 -0.0 -0.0 -0.0 -0.0 -0.0 -0.0 -0.0 -0.0 -0.0 -0.0 -0.0 -0.0 -0.0 -0.0 -0.0 -0.0 -0.0 -0.0 -0.0; -0.0 -0.0 -0.0 -0.0 -0.0 -0.0 -0.0 -0.0 -0.0 -0.0 -0.0 0.0 23.0 22.0 -0.0 -0.0 -0.0 -0.0 -0.0 -0.0; -0.0 -0.0 -0.0 -0.0 -0.0 -0.0 -0.0 -0.0 -0.0 -0.0 -0.0 -0.0 -0.0 -0.0 13.0 0.0 0.0 0.0 -0.0 -0.0; -0.0 -0.0 -0.0 -0.0 -0.0 -0.0 -0.0 -0.0 -0.0 -0.0 -0.0 -0.0 -0.0 -0.0 -0.0 -0.0 -0.0 -0.0 0.0 0.0;;;]
evol_bb,"[[0.683, 4.066883347012481e7]]"
y_bb,[0.0 0.0 28.0 24.0 -0.0 -0.0 -0.0 -0.0 -0.0 -0.0 -0.0 -0.0 -0.0 -0.0 -0.0 -0.0 -0.0 -0.0 -0.0 -0.0; -0.0 -0.0 -0.0 -0.0 0.0 -0.0 -0.0 -0.0 -0.0 -0.0 -0.0 -0.0 -0.0 -0.0 -0.0 -0.0 -0.0 -0.0 -0.0 -0.0; -0.0 -0.0 -0.0 -0.0 -0.0 0.0 -0.0 0.0 0.0 -0.0 -0.0 -0.0 -0.0 -0.0 -0.0 -0.0 -0.0 -0.0 -0.0 -0.0; -0.0 -0.0 -0.0 -0.0 -0.0 -0.0 -0.0 -0.0 -0.0 0.0 0.0 -0.0 -0.0 -0.0 -0.0 -0.0 -0.0 -0.0 -0.0 -0.0; -0.0 -0.0 -0.0 -0.0 -0.0 -0.0 -0.0 -0.0 -0.0 -0.0 -0.0 -0.0 -0.0 -0.0 -0.0 -0.0 -0.0 -0.0 -0.0 -0.0; -0.0 -0.0 -0.0 -0.0 -0.0 -0.0 -0.0 -0.0 -0.0 -0.0 -0.0 0.0 23.0 22.0 -0.0 -0.0 -0.0 -0.0 -0.0 -0.0; -0.0 -0.0 -0.0 -0.0 -0.0 -0.0 -0.0 -0.0 -0.0 -0.0 -0.0 -0.0 -0.0 -0.0 13.0 0.0 0.0 0.0 -0.0 -0.0; -0.0 -0.0 -0.0 -0.0 -0.0 -0.0 -0.0 -0.0 -0.0 -0.0 -0.0 -0.0 -0.0 -0.0 -0.0 -0.0 -0.0 -0.0 0.0 0.0;;;]
evol_box,"[[0.538, 0.0], [2.469, 985.3739826764652], [2.579, 1.4087611552634776e7], [2.598, 2.5479504055187654e7], [2.619, 2.9521835684334375e7], [2.639, 3.3441672415628165e7], [2.654, 3.503410608771627e7], [2.675, 3.662652845595802e7], [2.702, 3.73614978430756e7], [2.732, 3.809644686350085e7], [2.755, 3.90764060463243e7], [2.784, 3.956638563773602e7], [2.811, 3.993386408300722e7], [2.835, 4.030134877656601e7], [2.857, 4.054633857227188e7], [2.875, 4.066883347012481e7]]"
y_pb,[[-0.0 -0.0 28.000000000000004 24.0 -0.0 -0.0 -0.0 -0.0 -0.0 -0.0 -0.0 -0.0 -0.0 -0.0 -0.0 -0.0 -0.0 -0.0 -0.0 -0.0; -0.0 -0.0 -0.0 -0.0 -0.0 -0.0 -0.0 -0.0 -0.0 -0.0 -0.0 -0.0 -0.0 -0.0 -0.0 -0.0 -0.0 -0.0 -0.0 -0.0; -0.0 -0.0 -0.0 -0.0 -0.0 -0.0 -0.0 0.0 -0.0 -0.0 -0.0 -0.0 -0.0 -0.0 -0.0 -0.0 -0.0 -0.0 -0.0 -0.0; -0.0 -0.0 -0.0 -0.0 -0.0 -0.0 -0.0 -0.0 -0.0 -0.0 0.0 -0.0 -0.0 -0.0 -0.0 -0.0 -0.0 -0.0 -0.0 -0.0; -0.0 -0.0 -0.0 -0.0 -0.0 -0.0 -0.0 -0.0 -0.0 -0.0 0.0 -0.0 -0.0 -0.0 -0.0 -0.0 -0.0 -0.0 -0.0 -0.0; -0.0 -0.0 -0.0 -0.0 -0.0 -0.0 -0.0 -0.0 -0.0 -0.0 -0.0 -0.0 23.000000000000004 22.0 -0.0 -0.0 -0.0 -0.0 -0.0 -0.0; -0.0 -0.0 -0.0 -0.0 -0.0 -0.0 -0.0 -0.0 -0.0 -0.0 -0.0 -0.0 -0.0 -0.0 13.0 -0.0 -0.0 -0.0 -0.0 -0.0; -0.0 -0.0 -0.0 -0.0 -0.0 -0.0 -0.0 -0.0 -0.0 -0.0 -0.0 -0.0 -0.0 -0.0 -0.0 -0.0 -0.0 -0.0 -0.0 0.0;;;]]
x_bb,"[52.0, 0.0, 0.0, 0.0, 0.0, 45.0, 13.0, 0.0]"
x_box,"[52.0, 0.0, 0.0, 0.0, 0.0, 45.0, 13.0, 0.0]"
evol_zeta,"[[2.0, 32.0], [2.576, 24.444444444444446], [2.596, 21.22222222222222], [2.616, 14.0], [2.636, 13.100000000000001], [2.651, 11.416666666666664], [2.672, 7.0], [2.7, 5.500000000000006], [2.729, 5.285714285714285], [2.753, 4.0], [2.781, 3.5], [2.808, 2.8888888888889013], [2.832, 2.285714285714292], [2.854, 1.4444444444444429], [2.872, 1.0], [2.884, 0.0]]"
ξ_box,[32.0; 29.0; 28.0; 24.0; 19.0; 25.0; 25.0; 24.0; 25.0; 24.0; 23.0; 24.0; 23.0; 22.0; 20.0; 17.0; 16.0; 21.0; 14.0; 7.0;;]
