first,second
s_box,[0.0; 13.0; 19.0; 20.0; 15.0; 6.0; 0.0; 0.0; 0.0; 0.0; 0.0; 24.0; 27.0; 29.0; 30.0; 26.0; 17.0; 20.0; 25.0; 33.0;;]
x_pb,"[2.0, 92.0, -0.0, -0.0, 0.0, -0.0, -0.0, -0.0]"
s_bb,[0.0; 13.0; 19.0; 20.0; 15.0; 6.0; 0.0; 0.0; 0.0; 0.0; 0.0; 24.0; 27.0; 29.0; 30.0; 26.0; 17.0; 20.0; 25.0; 33.0;;]
partition_bb,"[[[0.0, 0.0, 0.0, 0.0, 0.0, 0.0, 0.0, 0.0, 0.0, 0.0, 0.0, 0.0, 0.0, 0.0, 5.0, 11.0, 13.0, 16.0, 21.0, 33.0], [0.0, 0.0, 0.0, 0.0, 0.0, 0.0, 0.0, 0.0, 0.0, 4.0, 6.0, 15.0, 21.0, 29.0, 12.0, 6.0, 3.0, 1.0, 0.0, 0.0], [0.0, 8.0, 15.0, 20.0, 14.0, 10.0, 9.0, 8.0, 8.0, 6.0, 4.0, 0.0, 0.0, 0.0, 0.0, 0.0, 0.0, 0.0, 0.0, 0.0], [0.0, 0.0, 0.0, 0.0, 0.0, 0.0, 0.0, 0.0, 0.0, 0.0, 0.0, 0.0, 5.0, 13.0, 30.0, 20.0, 11.0, 9.0, 8.0, 2.0], [0.0, 0.0, 1.0, 4.0, 5.0, 6.0, 8.0, 10.0, 11.0, 18.0, 20.0, 11.0, 5.0, 0.0, 0.0, 0.0, 0.0, 0.0, 0.0, 0.0], [0.0, 0.0, 0.0, 0.0, 0.0, 1.0, 3.0, 5.0, 6.0, 13.0, 15.0, 24.0, 18.0, 10.0, 0.0, 0.0, 0.0, 0.0, 0.0, 0.0], [2.0, 7.0, 0.0, 4.0, 10.0, 12.0, 14.0, 16.0, 15.0, 8.0, 6.0, 0.0, 0.0, 0.0, 0.0, 0.0, 0.0, 0.0, 0.0, 0.0], [0.0, 0.0, 0.0, 0.0, 0.0, 0.0, 0.0, 0.0, 0.0, 0.0, 0.0, 0.0, 0.0, 3.0, 16.0, 26.0, 17.0, 15.0, 14.0, 4.0], [0.0, 0.0, 0.0, 0.0, 0.0, 0.0, 0.0, 2.0, 3.0, 10.0, 12.0, 21.0, 27.0, 19.0, 2.0, 0.0, 0.0, 0.0, 0.0, 0.0], [2.0, 13.0, 6.0, 3.0, 9.0, 12.0, 14.0, 12.0, 12.0, 5.0, 3.0, 0.0, 0.0, 0.0, 0.0, 0.0, 0.0, 0.0, 5.0, 0.0], [2.0, 0.0, 4.0, 0.0, 6.0, 2.0, 1.0, 0.0, 1.0, 2.0, 0.0, 9.0, 3.0, 0.0, 0.0, 9.0, 17.0, 20.0, 15.0, 3.0], [2.0, 0.0, 0.0, 0.0, 0.0, 0.0, 0.0, 0.0, 0.0, 0.0, 0.0, 0.0, 0.0, 0.0, 3.0, 13.0, 17.0, 20.0, 25.0, 13.0], [2.0, 12.0, 19.0, 14.0, 8.0, 4.0, 3.0, 2.0, 2.0, 2.0, 0.0, 0.0, 0.0, 0.0, 0.0, 3.0, 12.0, 9.0, 4.0, 0.0], [0.0, 0.0, 0.0, 5.0, 11.0, 12.0, 14.0, 16.0, 17.0, 10.0, 8.0, 0.0, 0.0, 0.0, 0.0, 0.0, 0.0, 0.0, 1.0, 0.0], [0.0, 0.0, 7.0, 9.0, 15.0, 11.0, 10.0, 9.0, 9.0, 2.0, 4.0, 0.0, 6.0, 0.0, 0.0, 9.0, 0.0, 0.0, 0.0, 3.0], [0.0, 0.0, 2.0, 5.0, 6.0, 7.0, 9.0, 11.0, 12.0, 19.0, 17.0, 8.0, 2.0, 0.0, 0.0, 0.0, 0.0, 0.0, 0.0, 0.0]]]"
y_box,[2.0 0.0 0.0 -0.0 -0.0 -0.0 -0.0 -0.0 -0.0 -0.0 -0.0 -0.0 -0.0 -0.0 -0.0 -0.0 -0.0 -0.0 -0.0 -0.0; -0.0 -0.0 -0.0 0.0 0.0 6.0 14.0 16.0 17.0 19.0 20.0 0.0 -0.0 -0.0 -0.0 -0.0 -0.0 -0.0 -0.0 -0.0; -0.0 -0.0 -0.0 -0.0 -0.0 -0.0 -0.0 -0.0 -0.0 -0.0 -0.0 -0.0 -0.0 -0.0 -0.0 -0.0 -0.0 -0.0 -0.0 -0.0; -0.0 -0.0 -0.0 -0.0 -0.0 -0.0 -0.0 -0.0 -0.0 -0.0 -0.0 -0.0 0.0 0.0 -0.0 -0.0 -0.0 -0.0 -0.0 -0.0; -0.0 -0.0 -0.0 -0.0 -0.0 -0.0 -0.0 -0.0 -0.0 -0.0 -0.0 -0.0 -0.0 -0.0 -0.0 -0.0 -0.0 -0.0 -0.0 -0.0; -0.0 -0.0 -0.0 -0.0 -0.0 -0.0 -0.0 -0.0 -0.0 -0.0 -0.0 -0.0 -0.0 -0.0 0.0 0.0 -0.0 -0.0 -0.0 -0.0; -0.0 -0.0 -0.0 -0.0 -0.0 -0.0 -0.0 -0.0 -0.0 -0.0 -0.0 -0.0 -0.0 -0.0 -0.0 -0.0 -0.0 -0.0 -0.0 -0.0; -0.0 -0.0 -0.0 -0.0 -0.0 -0.0 -0.0 -0.0 -0.0 -0.0 -0.0 -0.0 -0.0 -0.0 -0.0 -0.0 0.0 0.0 0.0 0.0;;;]
evol_bb,"[[0.785, 3.812221436565347e7]]"
y_bb,[2.0 0.0 0.0 -0.0 -0.0 -0.0 -0.0 -0.0 -0.0 -0.0 -0.0 -0.0 -0.0 -0.0 -0.0 -0.0 -0.0 -0.0 -0.0 -0.0; -0.0 -0.0 -0.0 0.0 0.0 6.0 14.0 16.0 17.0 19.0 20.0 0.0 -0.0 -0.0 -0.0 -0.0 -0.0 -0.0 -0.0 -0.0; -0.0 -0.0 -0.0 -0.0 -0.0 -0.0 -0.0 -0.0 -0.0 -0.0 -0.0 -0.0 -0.0 -0.0 -0.0 -0.0 -0.0 -0.0 -0.0 -0.0; -0.0 -0.0 -0.0 -0.0 -0.0 -0.0 -0.0 -0.0 -0.0 -0.0 -0.0 -0.0 0.0 0.0 -0.0 -0.0 -0.0 -0.0 -0.0 -0.0; -0.0 -0.0 -0.0 -0.0 -0.0 -0.0 -0.0 -0.0 -0.0 -0.0 -0.0 -0.0 -0.0 -0.0 -0.0 -0.0 -0.0 -0.0 -0.0 -0.0; -0.0 -0.0 -0.0 -0.0 -0.0 -0.0 -0.0 -0.0 -0.0 -0.0 -0.0 -0.0 -0.0 -0.0 0.0 0.0 -0.0 -0.0 -0.0 -0.0; -0.0 -0.0 -0.0 -0.0 -0.0 -0.0 -0.0 -0.0 -0.0 -0.0 -0.0 -0.0 -0.0 -0.0 -0.0 -0.0 -0.0 -0.0 -0.0 -0.0; -0.0 -0.0 -0.0 -0.0 -0.0 -0.0 -0.0 -0.0 -0.0 -0.0 -0.0 -0.0 -0.0 -0.0 -0.0 -0.0 0.0 0.0 0.0 0.0;;;]
evol_box,"[[0.582, 0.0], [2.733, 628795.2313895967], [2.913, 1.0911196608632578e7], [2.931, 2.2698318509939402e7], [2.954, 2.6084101285015203e7], [2.968, 2.9971353367148463e7], [2.983, 3.1099947625507064e7], [2.998, 3.3482447058460627e7], [3.042, 3.473644067885907e7], [3.09, 3.5488836851098135e7], [3.106, 3.611583366129736e7], [3.132, 3.661743110945673e7], [3.184, 3.7119028557616115e7], [3.235, 3.762062600577549e7], [3.276, 3.787141723868315e7], [3.327, 3.799681660072299e7], [3.377, 3.812221436565347e7]]"
y_pb,[[2.0 -0.0 -0.0 -0.0 -0.0 -0.0 -0.0 -0.0 -0.0 -0.0 -0.0 -0.0 -0.0 -0.0 -0.0 -0.0 -0.0 -0.0 -0.0 -0.0; -0.0 -0.0 -0.0 -0.0 -0.0 6.0 14.000000000000002 16.0 17.000000000000004 19.0 20.000000000000004 -0.0 -0.0 -0.0 -0.0 -0.0 -0.0 -0.0 -0.0 -0.0; -0.0 -0.0 -0.0 -0.0 -0.0 -0.0 -0.0 -0.0 -0.0 -0.0 -0.0 -0.0 -0.0 0.0 -0.0 -0.0 -0.0 -0.0 -0.0 -0.0; -0.0 -0.0 -0.0 -0.0 -0.0 -0.0 -0.0 -0.0 -0.0 -0.0 -0.0 -0.0 -0.0 0.0 -0.0 -0.0 -0.0 -0.0 -0.0 -0.0; -0.0 -0.0 -0.0 -0.0 -0.0 -0.0 -0.0 -0.0 -0.0 -0.0 -0.0 -0.0 -0.0 -0.0 -0.0 -0.0 -0.0 -0.0 -0.0 -0.0; -0.0 -0.0 -0.0 -0.0 -0.0 -0.0 -0.0 -0.0 -0.0 -0.0 -0.0 -0.0 -0.0 -0.0 0.0 -0.0 -0.0 -0.0 -0.0 -0.0; -0.0 -0.0 -0.0 -0.0 -0.0 -0.0 -0.0 -0.0 -0.0 -0.0 -0.0 -0.0 -0.0 -0.0 -0.0 0.0 -0.0 -0.0 -0.0 -0.0; -0.0 -0.0 -0.0 -0.0 -0.0 -0.0 -0.0 -0.0 -0.0 -0.0 -0.0 -0.0 -0.0 -0.0 -0.0 -0.0 -0.0 -0.0 -0.0 0.0;;;]]
x_bb,"[2.0, 92.0, 0.0, 0.0, 0.0, 0.0, 0.0, 0.0]"
x_box,"[2.0, 92.0, 0.0, 0.0, 0.0, 0.0, 0.0, 0.0]"
evol_zeta,"[[2.278, 32.16666666666667], [2.91, 28.666666666666668], [2.929, 19.200000000000003], [2.951, 17.5], [2.966, 13.545454545454543], [2.981, 8.88888888888892], [2.995, 6.0], [3.038, 5.857142857142858], [3.087, 5.75], [3.103, 5.0], [3.129, 4.0], [3.181, 4.0], [3.231, 4.000000000000003], [3.272, 2.0], [3.323, 1.0000000002000116], [3.374, 0.6363636363636367], [3.398, 0.0]]"
ξ_box,[2.0; 13.0; 19.0; 20.0; 15.0; 12.0; 14.0; 16.0; 17.0; 19.0; 20.0; 24.0; 27.0; 29.0; 30.0; 26.0; 17.0; 20.0; 25.0; 33.0;;]
