first,second
s_box,[27.0; 27.0; 26.0; 26.0; 25.0; 0.0; 13.0; 22.0; 22.0; 22.0; 20.0; 18.0; 10.0; 13.0; 18.0; 22.0; 17.0; 27.0; 0.0; 0.0;;]
x_pb,"[-0.0, 37.0, -0.0, -0.0, -0.0, -0.0, -0.0, 62.0]"
s_bb,[27.0; 27.0; 26.0; 26.0; 25.0; 0.0; 13.0; 22.0; 22.0; 22.0; 20.0; 18.0; 10.0; 13.0; 18.0; 22.0; 17.0; 27.0; 0.0; 0.0;;]
partition_bb,"[[[0.0, 0.0, 0.0, 0.0, 0.0, 0.0, 0.0, 0.0, 0.0, 0.0, 0.0, 0.0, 0.0, 0.0, 1.0, 7.0, 12.0, 21.0, 29.0, 31.0], [27.0, 25.0, 22.0, 20.0, 5.0, 0.0, 0.0, 0.0, 0.0, 0.0, 0.0, 0.0, 0.0, 0.0, 0.0, 0.0, 0.0, 0.0, 0.0, 0.0], [0.0, 0.0, 0.0, 0.0, 13.0, 19.0, 25.0, 18.0, 11.0, 7.0, 5.0, 3.0, 0.0, 0.0, 0.0, 0.0, 0.0, 0.0, 0.0, 0.0], [0.0, 0.0, 0.0, 0.0, 0.0, 0.0, 0.0, 7.0, 4.0, 8.0, 10.0, 12.0, 10.0, 12.0, 18.0, 12.0, 7.0, 0.0, 0.0, 0.0], [0.0, 0.0, 0.0, 0.0, 0.0, 4.0, 5.0, 12.0, 18.0, 22.0, 20.0, 18.0, 0.0, 0.0, 0.0, 0.0, 0.0, 0.0, 0.0, 0.0], [3.0, 5.0, 7.0, 7.0, 25.0, 19.0, 13.0, 12.0, 7.0, 3.0, 1.0, 0.0, 0.0, 0.0, 0.0, 0.0, 0.0, 0.0, 0.0, 0.0], [0.0, 0.0, 0.0, 0.0, 1.0, 7.0, 7.0, 0.0, 0.0, 0.0, 0.0, 0.0, 10.0, 13.0, 18.0, 22.0, 17.0, 2.0, 0.0, 2.0], [19.0, 20.0, 24.0, 26.0, 8.0, 2.0, 0.0, 0.0, 0.0, 0.0, 0.0, 0.0, 0.0, 0.0, 0.0, 0.0, 0.0, 0.0, 0.0, 0.0], [0.0, 0.0, 0.0, 0.0, 0.0, 0.0, 0.0, 0.0, 0.0, 0.0, 0.0, 0.0, 10.0, 7.0, 2.0, 7.0, 12.0, 27.0, 19.0, 17.0], [0.0, 0.0, 1.0, 1.0, 19.0, 25.0, 19.0, 17.0, 10.0, 6.0, 4.0, 2.0, 0.0, 0.0, 0.0, 0.0, 0.0, 0.0, 0.0, 0.0], [0.0, 0.0, 0.0, 0.0, 9.0, 14.0, 15.0, 22.0, 15.0, 11.0, 9.0, 7.0, 0.0, 0.0, 0.0, 0.0, 0.0, 0.0, 0.0, 0.0], [0.0, 0.0, 0.0, 0.0, 4.0, 7.0, 8.0, 15.0, 22.0, 18.0, 16.0, 14.0, 0.0, 0.0, 0.0, 0.0, 0.0, 0.0, 0.0, 0.0], [0.0, 0.0, 0.0, 0.0, 0.0, 0.0, 0.0, 0.0, 0.0, 0.0, 0.0, 0.0, 0.0, 0.0, 1.0, 7.0, 12.0, 23.0, 31.0, 29.0], [21.0, 22.0, 26.0, 24.0, 8.0, 2.0, 0.0, 0.0, 0.0, 0.0, 0.0, 0.0, 0.0, 0.0, 0.0, 0.0, 0.0, 0.0, 0.0, 0.0], [25.0, 27.0, 23.0, 21.0, 7.0, 1.0, 0.0, 0.0, 0.0, 0.0, 0.0, 0.0, 0.0, 0.0, 0.0, 0.0, 0.0, 0.0, 0.0, 0.0]]]"
y_box,[0.0 0.0 0.0 0.0 -0.0 -0.0 -0.0 -0.0 -0.0 -0.0 -0.0 -0.0 -0.0 -0.0 -0.0 -0.0 -0.0 -0.0 -0.0 -0.0; -0.0 -0.0 -0.0 -0.0 -0.0 25.0 12.0 0.0 -0.0 -0.0 -0.0 -0.0 -0.0 -0.0 -0.0 -0.0 -0.0 -0.0 -0.0 -0.0; -0.0 -0.0 -0.0 -0.0 -0.0 -0.0 -0.0 -0.0 0.0 0.0 0.0 0.0 -0.0 -0.0 -0.0 -0.0 -0.0 -0.0 -0.0 -0.0; -0.0 -0.0 -0.0 -0.0 -0.0 -0.0 -0.0 -0.0 -0.0 -0.0 -0.0 -0.0 -0.0 -0.0 -0.0 -0.0 -0.0 -0.0 -0.0 -0.0; -0.0 -0.0 -0.0 -0.0 -0.0 -0.0 -0.0 -0.0 -0.0 -0.0 -0.0 -0.0 -0.0 -0.0 -0.0 -0.0 -0.0 -0.0 -0.0 -0.0; -0.0 -0.0 -0.0 -0.0 -0.0 -0.0 -0.0 -0.0 -0.0 -0.0 -0.0 -0.0 0.0 0.0 0.0 0.0 -0.0 -0.0 -0.0 -0.0; -0.0 -0.0 -0.0 -0.0 -0.0 -0.0 -0.0 -0.0 -0.0 -0.0 -0.0 -0.0 -0.0 -0.0 -0.0 -0.0 0.0 -0.0 -0.0 -0.0; -0.0 -0.0 -0.0 -0.0 -0.0 -0.0 -0.0 -0.0 -0.0 -0.0 -0.0 -0.0 -0.0 -0.0 -0.0 -0.0 -0.0 0.0 31.0 31.0;;;]
evol_bb,"[[0.647, 4.6714851234209634e7]]"
y_bb,[0.0 0.0 0.0 0.0 -0.0 -0.0 -0.0 -0.0 -0.0 -0.0 -0.0 -0.0 -0.0 -0.0 -0.0 -0.0 -0.0 -0.0 -0.0 -0.0; -0.0 -0.0 -0.0 -0.0 -0.0 25.0 12.0 0.0 -0.0 -0.0 -0.0 -0.0 -0.0 -0.0 -0.0 -0.0 -0.0 -0.0 -0.0 -0.0; -0.0 -0.0 -0.0 -0.0 -0.0 -0.0 -0.0 -0.0 0.0 0.0 0.0 0.0 -0.0 -0.0 -0.0 -0.0 -0.0 -0.0 -0.0 -0.0; -0.0 -0.0 -0.0 -0.0 -0.0 -0.0 -0.0 -0.0 -0.0 -0.0 -0.0 -0.0 -0.0 -0.0 -0.0 -0.0 -0.0 -0.0 -0.0 -0.0; -0.0 -0.0 -0.0 -0.0 -0.0 -0.0 -0.0 -0.0 -0.0 -0.0 -0.0 -0.0 -0.0 -0.0 -0.0 -0.0 -0.0 -0.0 -0.0 -0.0; -0.0 -0.0 -0.0 -0.0 -0.0 -0.0 -0.0 -0.0 -0.0 -0.0 -0.0 -0.0 0.0 0.0 0.0 0.0 -0.0 -0.0 -0.0 -0.0; -0.0 -0.0 -0.0 -0.0 -0.0 -0.0 -0.0 -0.0 -0.0 -0.0 -0.0 -0.0 -0.0 -0.0 -0.0 -0.0 0.0 -0.0 -0.0 -0.0; -0.0 -0.0 -0.0 -0.0 -0.0 -0.0 -0.0 -0.0 -0.0 -0.0 -0.0 -0.0 -0.0 -0.0 -0.0 -0.0 -0.0 0.0 31.0 31.0;;;]
evol_box,"[[0.492, 0.0], [2.409, 263937.85148405755], [2.537, 1.3291174918245297e7], [2.578, 2.5923601842862763e7], [2.592, 3.3687427961472064e7], [2.636, 3.855626806975248e7], [2.653, 4.013535134811369e7], [2.673, 4.210920544606521e7], [2.699, 4.3161927631639354e7], [2.724, 4.395146927081996e7], [2.748, 4.474099817136682e7], [2.792, 4.526735926415389e7], [2.836, 4.579372035694096e7], [2.859, 4.605689986822579e7], [2.904, 4.6320080414619334e7], [2.926, 4.658326096101286e7], [2.971, 4.6714851234209634e7]]"
y_pb,[[-0.0 -0.0 -0.0 0.0 -0.0 -0.0 -0.0 -0.0 -0.0 -0.0 -0.0 -0.0 -0.0 -0.0 -0.0 -0.0 -0.0 -0.0 -0.0 -0.0; -0.0 -0.0 -0.0 -0.0 -0.0 25.000000000000004 12.0 -0.0 -0.0 -0.0 -0.0 -0.0 -0.0 -0.0 -0.0 -0.0 -0.0 -0.0 -0.0 -0.0; -0.0 -0.0 -0.0 -0.0 -0.0 -0.0 -0.0 -0.0 0.0 -0.0 -0.0 -0.0 -0.0 -0.0 -0.0 -0.0 -0.0 -0.0 -0.0 -0.0; -0.0 -0.0 -0.0 -0.0 -0.0 -0.0 -0.0 -0.0 -0.0 -0.0 -0.0 0.0 -0.0 -0.0 -0.0 -0.0 -0.0 -0.0 -0.0 -0.0; -0.0 -0.0 -0.0 -0.0 -0.0 -0.0 -0.0 -0.0 -0.0 -0.0 -0.0 -0.0 -0.0 0.0 -0.0 -0.0 -0.0 -0.0 -0.0 -0.0; -0.0 -0.0 -0.0 -0.0 -0.0 -0.0 -0.0 -0.0 -0.0 -0.0 -0.0 -0.0 -0.0 0.0 -0.0 -0.0 -0.0 -0.0 -0.0 -0.0; -0.0 -0.0 -0.0 -0.0 -0.0 -0.0 -0.0 -0.0 -0.0 -0.0 -0.0 -0.0 -0.0 -0.0 -0.0 -0.0 -0.0 0.0 -0.0 -0.0; -0.0 -0.0 -0.0 -0.0 -0.0 -0.0 -0.0 -0.0 -0.0 -0.0 -0.0 -0.0 -0.0 -0.0 -0.0 -0.0 -0.0 -0.0 31.000000000000004 31.000000000000004;;;]]
x_bb,"[0.0, 37.0, 0.0, 0.0, 0.0, 0.0, 0.0, 62.0]"
x_box,"[0.0, 37.0, 0.0, 0.0, 0.0, 0.0, 0.0, 62.0]"
evol_zeta,"[[1.986, 30.666666666666668], [2.535, 27.0], [2.575, 24.75], [2.59, 17.0], [2.633, 14.0], [2.65, 11.727272727272727], [2.67, 10.0], [2.697, 6.0], [2.721, 6.0], [2.745, 5.5], [2.789, 3.625], [2.832, 3.375], [2.857, 1.3333333333333321], [2.9, 1.3333333333333286], [2.923, 1.1666666666666679], [2.968, 1.0], [3.004, 0.0]]"
ξ_box,[27.0; 27.0; 26.0; 26.0; 25.0; 25.0; 25.0; 22.0; 22.0; 22.0; 20.0; 18.0; 10.0; 13.0; 18.0; 22.0; 17.0; 27.0; 31.0; 31.0;;]
