first,second
s_box,[0.0; 10.0; 16.0; 21.0; 13.0; 20.0; 20.0; 16.0; 0.0; 0.0; 0.0; 16.0; 0.0; 7.0; 15.0; 12.0; 16.0; 25.0; 32.0; 34.0;;]
x_pb,"[40.0, 0.0, 36.0, 7.0, -0.0, -0.0, -0.0, -0.0]"
s_bb,[0.0; 10.0; 16.0; 21.0; 13.0; 20.0; 20.0; 16.0; 0.0; 0.0; 0.0; 16.0; 0.0; 7.0; 15.0; 12.0; 16.0; 25.0; 32.0; 34.0;;]
partition_bb,"[[[0.0, 0.0, 0.0, 0.0, 0.0, 0.0, 0.0, 0.0, 0.0, 0.0, 0.0, 0.0, 0.0, 0.0, 1.0, 4.0, 8.0, 17.0, 23.0, 34.0], [25.0, 21.0, 16.0, 5.0, 2.0, 0.0, 0.0, 0.0, 0.0, 0.0, 2.0, 7.0, 5.0, 0.0, 0.0, 0.0, 0.0, 0.0, 0.0, 0.0], [0.0, 0.0, 0.0, 8.0, 11.0, 20.0, 19.0, 12.0, 7.0, 6.0, 5.0, 0.0, 0.0, 0.0, 0.0, 0.0, 0.0, 0.0, 0.0, 0.0], [4.0, 0.0, 0.0, 8.0, 0.0, 0.0, 0.0, 0.0, 0.0, 0.0, 0.0, 0.0, 3.0, 5.0, 15.0, 12.0, 8.0, 0.0, 11.0, 17.0], [1.0, 5.0, 7.0, 21.0, 13.0, 9.0, 8.0, 1.0, 0.0, 0.0, 4.0, 0.0, 0.0, 7.0, 0.0, 0.0, 0.0, 0.0, 0.0, 7.0], [0.0, 0.0, 9.0, 2.0, 10.0, 1.0, 0.0, 4.0, 8.0, 10.0, 11.0, 16.0, 7.0, 5.0, 0.0, 0.0, 0.0, 0.0, 0.0, 0.0], [0.0, 0.0, 0.0, 0.0, 0.0, 0.0, 0.0, 0.0, 0.0, 0.0, 0.0, 0.0, 0.0, 0.0, 2.0, 5.0, 9.0, 18.0, 32.0, 21.0], [12.0, 12.0, 3.0, 0.0, 0.0, 0.0, 0.0, 0.0, 0.0, 0.0, 0.0, 0.0, 3.0, 5.0, 15.0, 12.0, 16.0, 7.0, 0.0, 0.0], [0.0, 0.0, 0.0, 0.0, 0.0, 0.0, 0.0, 0.0, 0.0, 0.0, 0.0, 0.0, 0.0, 0.0, 9.0, 12.0, 16.0, 25.0, 11.0, 8.0], [21.0, 25.0, 16.0, 9.0, 6.0, 0.0, 0.0, 0.0, 0.0, 0.0, 0.0, 0.0, 6.0, 0.0, 0.0, 0.0, 0.0, 0.0, 0.0, 0.0], [0.0, 0.0, 0.0, 0.0, 3.0, 12.0, 13.0, 16.0, 11.0, 10.0, 6.0, 1.0, 0.0, 0.0, 0.0, 0.0, 0.0, 0.0, 0.0, 0.0], [0.0, 0.0, 0.0, 2.0, 5.0, 14.0, 15.0, 8.0, 8.0, 10.0, 14.0, 9.0, 0.0, 0.0, 0.0, 0.0, 0.0, 0.0, 0.0, 0.0], [0.0, 0.0, 0.0, 0.0, 0.0, 9.0, 10.0, 11.0, 12.0, 10.0, 6.0, 11.0, 7.0, 7.0, 0.0, 0.0, 0.0, 0.0, 0.0, 0.0], [0.0, 0.0, 0.0, 7.0, 10.0, 19.0, 20.0, 13.0, 8.0, 7.0, 5.0, 0.0, 0.0, 0.0, 0.0, 0.0, 0.0, 0.0, 0.0, 0.0]]]"
y_box,[25.0 15.0 -0.0 -0.0 -0.0 -0.0 -0.0 -0.0 -0.0 -0.0 -0.0 -0.0 -0.0 -0.0 -0.0 -0.0 -0.0 -0.0 -0.0 -0.0; -0.0 -0.0 0.0 0.0 -0.0 -0.0 -0.0 -0.0 -0.0 -0.0 -0.0 -0.0 -0.0 -0.0 -0.0 -0.0 -0.0 -0.0 -0.0 -0.0; -0.0 -0.0 -0.0 -0.0 0.0 0.0 0.0 0.0 12.0 10.0 14.0 -0.0 -0.0 -0.0 -0.0 -0.0 -0.0 -0.0 -0.0 -0.0; -0.0 -0.0 -0.0 -0.0 -0.0 -0.0 -0.0 -0.0 -0.0 -0.0 -0.0 0.0 7.0 -0.0 -0.0 -0.0 -0.0 -0.0 -0.0 -0.0; -0.0 -0.0 -0.0 -0.0 -0.0 -0.0 -0.0 -0.0 -0.0 -0.0 -0.0 -0.0 -0.0 0.0 0.0 -0.0 -0.0 -0.0 -0.0 -0.0; -0.0 -0.0 -0.0 -0.0 -0.0 -0.0 -0.0 -0.0 -0.0 -0.0 -0.0 -0.0 -0.0 -0.0 -0.0 -0.0 -0.0 0.0 -0.0 -0.0; -0.0 -0.0 -0.0 -0.0 -0.0 -0.0 -0.0 -0.0 -0.0 -0.0 -0.0 -0.0 -0.0 -0.0 -0.0 -0.0 -0.0 -0.0 -0.0 -0.0; -0.0 -0.0 -0.0 -0.0 -0.0 -0.0 -0.0 -0.0 -0.0 -0.0 -0.0 -0.0 -0.0 -0.0 -0.0 -0.0 -0.0 -0.0 -0.0 0.0;;;]
evol_bb,"[[0.402, 3.610337851871649e7]]"
y_bb,[25.0 15.0 -0.0 -0.0 -0.0 -0.0 -0.0 -0.0 -0.0 -0.0 -0.0 -0.0 -0.0 -0.0 -0.0 -0.0 -0.0 -0.0 -0.0 -0.0; -0.0 -0.0 0.0 0.0 -0.0 -0.0 -0.0 -0.0 -0.0 -0.0 -0.0 -0.0 -0.0 -0.0 -0.0 -0.0 -0.0 -0.0 -0.0 -0.0; -0.0 -0.0 -0.0 -0.0 0.0 0.0 0.0 0.0 12.0 10.0 14.0 -0.0 -0.0 -0.0 -0.0 -0.0 -0.0 -0.0 -0.0 -0.0; -0.0 -0.0 -0.0 -0.0 -0.0 -0.0 -0.0 -0.0 -0.0 -0.0 -0.0 0.0 7.0 -0.0 -0.0 -0.0 -0.0 -0.0 -0.0 -0.0; -0.0 -0.0 -0.0 -0.0 -0.0 -0.0 -0.0 -0.0 -0.0 -0.0 -0.0 -0.0 -0.0 0.0 0.0 -0.0 -0.0 -0.0 -0.0 -0.0; -0.0 -0.0 -0.0 -0.0 -0.0 -0.0 -0.0 -0.0 -0.0 -0.0 -0.0 -0.0 -0.0 -0.0 -0.0 -0.0 -0.0 0.0 -0.0 -0.0; -0.0 -0.0 -0.0 -0.0 -0.0 -0.0 -0.0 -0.0 -0.0 -0.0 -0.0 -0.0 -0.0 -0.0 -0.0 -0.0 -0.0 -0.0 -0.0 -0.0; -0.0 -0.0 -0.0 -0.0 -0.0 -0.0 -0.0 -0.0 -0.0 -0.0 -0.0 -0.0 -0.0 -0.0 -0.0 -0.0 -0.0 -0.0 -0.0 0.0;;;]
evol_box,"[[0.409, 0.0], [2.046, 529519.9520771528], [2.122, 1.1241257265367886e7], [2.155, 2.102739631113834e7], [2.161, 2.565597255639784e7], [2.168, 2.89621221295418e7], [2.174, 3.0813565890502423e7], [2.179, 3.213602571976001e7], [2.188, 3.3061747600240313e7], [2.196, 3.3987469480720624e7], [2.202, 3.5045413655310415e7], [2.218, 3.557439758701345e7], [2.242, 3.597113253579073e7], [2.269, 3.610337851871649e7]]"
y_pb,[[25.000000000000004 15.0 -0.0 -0.0 -0.0 -0.0 -0.0 -0.0 -0.0 -0.0 -0.0 -0.0 -0.0 -0.0 -0.0 -0.0 -0.0 -0.0 -0.0 -0.0; -0.0 -0.0 -0.0 -0.0 -0.0 -0.0 -0.0 -0.0 -0.0 -0.0 -0.0 -0.0 -0.0 -0.0 -0.0 -0.0 -0.0 -0.0 -0.0 -0.0; -0.0 -0.0 -0.0 -0.0 -0.0 -0.0 -0.0 -0.0 12.0 10.000000000000002 14.000000000000002 -0.0 -0.0 -0.0 -0.0 -0.0 -0.0 -0.0 -0.0 -0.0; -0.0 -0.0 -0.0 -0.0 -0.0 -0.0 -0.0 -0.0 -0.0 -0.0 -0.0 -0.0 7.000000000000001 -0.0 -0.0 -0.0 -0.0 -0.0 -0.0 -0.0; -0.0 -0.0 -0.0 -0.0 -0.0 -0.0 -0.0 -0.0 -0.0 -0.0 -0.0 -0.0 -0.0 0.0 -0.0 -0.0 -0.0 -0.0 -0.0 -0.0; -0.0 -0.0 -0.0 -0.0 -0.0 -0.0 -0.0 -0.0 -0.0 -0.0 -0.0 -0.0 -0.0 -0.0 -0.0 -0.0 0.0 -0.0 -0.0 -0.0; -0.0 -0.0 -0.0 -0.0 -0.0 -0.0 -0.0 -0.0 -0.0 -0.0 -0.0 -0.0 -0.0 -0.0 -0.0 -0.0 -0.0 -0.0 0.0 -0.0; -0.0 -0.0 -0.0 -0.0 -0.0 -0.0 -0.0 -0.0 -0.0 -0.0 -0.0 -0.0 -0.0 -0.0 -0.0 -0.0 -0.0 -0.0 -0.0 0.0;;;]]
x_bb,"[40.0, 0.0, 36.0, 7.0, 0.0, 0.0, 0.0, 0.0]"
x_box,"[40.0, 0.0, 36.0, 7.0, 0.0, 0.0, 0.0, 0.0]"
evol_zeta,"[[1.687, 33.333333333333336], [2.12, 25.0], [2.153, 19.375], [2.159, 16.0], [2.166, 14.0], [2.171, 12.0], [2.177, 8.333333333333332], [2.186, 7.0], [2.194, 7.0], [2.2, 5.0], [2.216, 4.0], [2.24, 3.000000000400007], [2.267, 0.25], [2.276, 0.0]]"
ξ_box,[25.0; 25.0; 16.0; 21.0; 13.0; 20.0; 20.0; 16.0; 12.0; 10.0; 14.0; 16.0; 7.0; 7.0; 15.0; 12.0; 16.0; 25.0; 32.0; 34.0;;]
