first,second
s_box,[0.0; 0.0; 0.0; 5.0; 10.0; 11.0; 20.0; 23.0; 28.0; 27.0; 24.0; 18.0; 0.0; 0.0; 0.0; 16.0; 20.0; 21.0; 21.0; 0.0;;]
x_pb,"[30.0, 15.0, -0.0, -0.0, 13.0, 16.0, 29.0, -0.0]"
s_bb,[0.0; 0.0; 0.0; 5.0; 10.0; 11.0; 20.0; 23.0; 28.0; 27.0; 24.0; 18.0; 0.0; 0.0; 0.0; 16.0; 20.0; 21.0; 21.0; 0.0;;]
partition_bb,"[[[0.0, 0.0, 0.0, 0.0, 0.0, 0.0, 0.0, 0.0, 0.0, 0.0, 0.0, 0.0, 0.0, 5.0, 5.0, 11.0, 18.0, 19.0, 19.0, 29.0], [0.0, 0.0, 0.0, 0.0, 1.0, 2.0, 11.0, 14.0, 28.0, 21.0, 17.0, 7.0, 2.0, 0.0, 0.0, 0.0, 0.0, 0.0, 0.0, 0.0], [11.0, 19.0, 12.0, 8.0, 10.0, 8.0, 0.0, 2.0, 11.0, 5.0, 0.0, 0.0, 5.0, 6.0, 6.0, 0.0, 0.0, 0.0, 0.0, 0.0], [0.0, 2.0, 12.0, 8.0, 10.0, 11.0, 5.0, 2.0, 0.0, 4.0, 8.0, 18.0, 13.0, 6.0, 5.0, 0.0, 0.0, 0.0, 0.0, 0.0], [0.0, 0.0, 4.0, 8.0, 10.0, 11.0, 20.0, 17.0, 3.0, 0.0, 5.0, 0.0, 2.0, 6.0, 10.0, 7.0, 0.0, 0.0, 0.0, 0.0], [0.0, 0.0, 0.0, 0.0, 0.0, 0.0, 0.0, 3.0, 17.0, 24.0, 24.0, 15.0, 10.0, 6.0, 4.0, 0.0, 0.0, 0.0, 0.0, 0.0], [0.0, 0.0, 4.0, 8.0, 10.0, 11.0, 20.0, 23.0, 9.0, 2.0, 0.0, 0.0, 0.0, 0.0, 0.0, 0.0, 5.0, 6.0, 6.0, 0.0], [0.0, 0.0, 4.0, 8.0, 9.0, 11.0, 3.0, 0.0, 2.0, 0.0, 0.0, 7.0, 2.0, 6.0, 10.0, 16.0, 9.0, 8.0, 8.0, 0.0], [0.0, 0.0, 0.0, 0.0, 0.0, 0.0, 3.0, 6.0, 20.0, 27.0, 22.0, 13.0, 8.0, 2.0, 2.0, 0.0, 0.0, 0.0, 0.0, 0.0], [0.0, 0.0, 0.0, 0.0, 2.0, 0.0, 0.0, 0.0, 0.0, 0.0, 0.0, 0.0, 1.0, 6.0, 9.0, 13.0, 20.0, 21.0, 21.0, 11.0]]]"
y_box,[11.0 19.0 -0.0 -0.0 -0.0 -0.0 -0.0 -0.0 -0.0 -0.0 -0.0 -0.0 -0.0 -0.0 -0.0 -0.0 -0.0 -0.0 -0.0 -0.0; -0.0 -0.0 12.0 3.0 0.0 0.0 -0.0 -0.0 -0.0 -0.0 -0.0 -0.0 -0.0 -0.0 -0.0 -0.0 -0.0 -0.0 -0.0 -0.0; -0.0 -0.0 -0.0 -0.0 -0.0 -0.0 0.0 0.0 0.0 -0.0 -0.0 -0.0 -0.0 -0.0 -0.0 -0.0 -0.0 -0.0 -0.0 -0.0; -0.0 -0.0 -0.0 -0.0 -0.0 -0.0 -0.0 -0.0 -0.0 0.0 0.0 -0.0 -0.0 -0.0 -0.0 -0.0 -0.0 -0.0 -0.0 -0.0; -0.0 -0.0 -0.0 -0.0 -0.0 -0.0 -0.0 -0.0 -0.0 -0.0 -0.0 0.0 13.0 -0.0 -0.0 -0.0 -0.0 -0.0 -0.0 -0.0; -0.0 -0.0 -0.0 -0.0 -0.0 -0.0 -0.0 -0.0 -0.0 -0.0 -0.0 -0.0 -0.0 6.0 10.0 0.0 -0.0 -0.0 -0.0 -0.0; -0.0 -0.0 -0.0 -0.0 -0.0 -0.0 -0.0 -0.0 -0.0 -0.0 -0.0 -0.0 -0.0 -0.0 -0.0 -0.0 0.0 0.0 -0.0 29.0; -0.0 -0.0 -0.0 -0.0 -0.0 -0.0 -0.0 -0.0 -0.0 -0.0 -0.0 -0.0 -0.0 -0.0 -0.0 -0.0 -0.0 -0.0 -0.0 -0.0;;;]
evol_bb,"[[0.335, 3.157882270452605e7]]"
y_bb,[11.0 19.0 -0.0 -0.0 -0.0 -0.0 -0.0 -0.0 -0.0 -0.0 -0.0 -0.0 -0.0 -0.0 -0.0 -0.0 -0.0 -0.0 -0.0 -0.0; -0.0 -0.0 12.0 3.0 0.0 0.0 -0.0 -0.0 -0.0 -0.0 -0.0 -0.0 -0.0 -0.0 -0.0 -0.0 -0.0 -0.0 -0.0 -0.0; -0.0 -0.0 -0.0 -0.0 -0.0 -0.0 0.0 0.0 0.0 -0.0 -0.0 -0.0 -0.0 -0.0 -0.0 -0.0 -0.0 -0.0 -0.0 -0.0; -0.0 -0.0 -0.0 -0.0 -0.0 -0.0 -0.0 -0.0 -0.0 0.0 0.0 -0.0 -0.0 -0.0 -0.0 -0.0 -0.0 -0.0 -0.0 -0.0; -0.0 -0.0 -0.0 -0.0 -0.0 -0.0 -0.0 -0.0 -0.0 -0.0 -0.0 0.0 13.0 -0.0 -0.0 -0.0 -0.0 -0.0 -0.0 -0.0; -0.0 -0.0 -0.0 -0.0 -0.0 -0.0 -0.0 -0.0 -0.0 -0.0 -0.0 -0.0 -0.0 6.0 10.0 0.0 -0.0 -0.0 -0.0 -0.0; -0.0 -0.0 -0.0 -0.0 -0.0 -0.0 -0.0 -0.0 -0.0 -0.0 -0.0 -0.0 -0.0 -0.0 -0.0 -0.0 0.0 0.0 -0.0 29.0; -0.0 -0.0 -0.0 -0.0 -0.0 -0.0 -0.0 -0.0 -0.0 -0.0 -0.0 -0.0 -0.0 -0.0 -0.0 -0.0 -0.0 -0.0 -0.0 -0.0;;;]
evol_box,"[[0.39, 0.0], [1.899, 389575.6164481083], [1.979, 1.3719596749040302e7], [1.988, 2.2778423680775043e7], [1.995, 2.5237349114172243e7], [2.004, 2.717861802908331e7], [2.014, 2.8472793656923927e7], [2.024, 2.9249301222888358e7], [2.032, 3.0025808788852785e7], [2.039, 3.0802315138561625e7], [2.049, 3.157882270452605e7]]"
y_pb,[[11.0 19.0 -0.0 -0.0 -0.0 -0.0 -0.0 -0.0 -0.0 -0.0 -0.0 -0.0 -0.0 -0.0 -0.0 -0.0 -0.0 -0.0 -0.0 -0.0; -0.0 -0.0 12.0 3.0 -0.0 -0.0 -0.0 -0.0 -0.0 -0.0 -0.0 -0.0 -0.0 -0.0 -0.0 -0.0 -0.0 -0.0 -0.0 -0.0; -0.0 -0.0 -0.0 -0.0 -0.0 -0.0 -0.0 -0.0 0.0 -0.0 -0.0 -0.0 -0.0 -0.0 -0.0 -0.0 -0.0 -0.0 -0.0 -0.0; -0.0 -0.0 -0.0 -0.0 -0.0 -0.0 -0.0 -0.0 -0.0 -0.0 0.0 -0.0 -0.0 -0.0 -0.0 -0.0 -0.0 -0.0 -0.0 -0.0; -0.0 -0.0 -0.0 -0.0 -0.0 -0.0 -0.0 -0.0 -0.0 -0.0 -0.0 -0.0 13.0 -0.0 -0.0 -0.0 -0.0 -0.0 -0.0 -0.0; -0.0 -0.0 -0.0 -0.0 -0.0 -0.0 -0.0 -0.0 -0.0 -0.0 -0.0 -0.0 -0.0 6.0 10.000000000000002 -0.0 -0.0 -0.0 -0.0 -0.0; -0.0 -0.0 -0.0 -0.0 -0.0 -0.0 -0.0 -0.0 -0.0 -0.0 -0.0 -0.0 -0.0 -0.0 -0.0 -0.0 -0.0 -0.0 -0.0 29.0; -0.0 -0.0 -0.0 -0.0 -0.0 -0.0 -0.0 -0.0 -0.0 -0.0 -0.0 -0.0 -0.0 -0.0 -0.0 -0.0 -0.0 -0.0 -0.0 0.0;;;]]
x_bb,"[30.0, 15.0, 0.0, 0.0, 13.0, 16.0, 29.0, 0.0]"
x_box,"[30.0, 15.0, 0.0, 0.0, 13.0, 16.0, 29.0, 0.0]"
evol_zeta,"[[1.569, 28.57142857142857], [1.977, 28.000000000000004], [1.986, 19.0], [1.993, 11.0], [2.002, 8.999999999999986], [2.012, 7.0], [2.022, 6.0], [2.03, 5.999999999999989], [2.037, 5.0], [2.047, 2.0], [2.057, 0.0]]"
ξ_box,[11.0; 19.0; 12.0; 8.0; 10.0; 11.0; 20.0; 23.0; 28.0; 27.0; 24.0; 18.0; 13.0; 6.0; 10.0; 16.0; 20.0; 21.0; 21.0; 29.0;;]
