first,second
s_box,[4.0; 1.0; 12.0; 12.0; 19.0; 26.0; 0.0; 0.0; 11.0; 13.0; 0.0; 2.0; 11.0; 15.0; 23.0; 25.0; 25.0; 27.0; 0.0; 0.0;;]
x_pb,"[0.0, 5.0, 50.0, 7.0, -0.0, -0.0, -0.0, 50.0]"
s_bb,[4.0; 1.0; 12.0; 12.0; 19.0; 26.0; 0.0; 0.0; 11.0; 13.0; 0.0; 2.0; 11.0; 15.0; 23.0; 25.0; 25.0; 27.0; 0.0; 0.0;;]
partition_bb,"[[[0.0, 0.0, 6.0, 11.0, 11.0, 20.0, 28.0, 21.0, 10.0, 10.0, 0.0, 0.0, 0.0, 0.0, 0.0, 0.0, 0.0, 0.0, 0.0, 0.0], [0.0, 0.0, 0.0, 0.0, 0.0, 0.0, 0.0, 0.0, 0.0, 0.0, 0.0, 0.0, 0.0, 1.0, 9.0, 17.0, 20.0, 23.0, 28.0, 20.0], [4.0, 1.0, 5.0, 0.0, 0.0, 0.0, 8.0, 1.0, 0.0, 0.0, 7.0, 2.0, 11.0, 15.0, 11.0, 3.0, 6.0, 9.0, 14.0, 19.0], [0.0, 0.0, 4.0, 9.0, 4.0, 0.0, 0.0, 0.0, 2.0, 0.0, 0.0, 2.0, 11.0, 15.0, 23.0, 17.0, 14.0, 8.0, 6.0, 0.0], [4.0, 1.0, 9.0, 14.0, 19.0, 10.0, 2.0, 1.0, 4.0, 6.0, 7.0, 2.0, 11.0, 15.0, 7.0, 0.0, 0.0, 0.0, 0.0, 0.0], [0.0, 0.0, 0.0, 0.0, 0.0, 0.0, 0.0, 0.0, 0.0, 0.0, 0.0, 0.0, 5.0, 9.0, 17.0, 25.0, 22.0, 16.0, 14.0, 6.0], [0.0, 1.0, 12.0, 17.0, 17.0, 26.0, 18.0, 12.0, 1.0, 1.0, 6.0, 1.0, 0.0, 0.0, 0.0, 0.0, 0.0, 0.0, 0.0, 0.0], [0.0, 0.0, 0.0, 0.0, 0.0, 0.0, 0.0, 0.0, 0.0, 0.0, 0.0, 0.0, 0.0, 2.0, 10.0, 18.0, 21.0, 27.0, 22.0, 17.0], [0.0, 1.0, 12.0, 17.0, 19.0, 12.0, 4.0, 2.0, 11.0, 13.0, 0.0, 2.0, 11.0, 4.0, 0.0, 0.0, 0.0, 0.0, 5.0, 0.0], [0.0, 0.0, 0.0, 0.0, 0.0, 0.0, 0.0, 0.0, 0.0, 0.0, 0.0, 0.0, 2.0, 6.0, 14.0, 22.0, 25.0, 19.0, 17.0, 9.0], [0.0, 0.0, 0.0, 0.0, 0.0, 0.0, 0.0, 0.0, 0.0, 0.0, 0.0, 0.0, 0.0, 7.0, 11.0, 19.0, 16.0, 22.0, 17.0, 22.0], [0.0, 0.0, 0.0, 1.0, 4.0, 10.0, 15.0, 22.0, 11.0, 11.0, 0.0, 2.0, 11.0, 4.0, 0.0, 8.0, 8.0, 5.0, 0.0, 0.0]]]"
y_box,[0.0 0.0 -0.0 -0.0 -0.0 -0.0 -0.0 -0.0 -0.0 -0.0 -0.0 -0.0 -0.0 -0.0 -0.0 -0.0 -0.0 -0.0 -0.0 -0.0; -0.0 -0.0 0.0 5.0 0.0 -0.0 -0.0 -0.0 -0.0 -0.0 -0.0 -0.0 -0.0 -0.0 -0.0 -0.0 -0.0 -0.0 -0.0 -0.0; -0.0 -0.0 -0.0 -0.0 -0.0 -0.0 28.0 22.0 -0.0 -0.0 -0.0 -0.0 -0.0 -0.0 -0.0 -0.0 -0.0 -0.0 -0.0 -0.0; -0.0 -0.0 -0.0 -0.0 -0.0 -0.0 -0.0 -0.0 0.0 0.0 7.0 -0.0 0.0 -0.0 -0.0 -0.0 -0.0 -0.0 -0.0 -0.0; -0.0 -0.0 -0.0 -0.0 -0.0 -0.0 -0.0 -0.0 -0.0 -0.0 -0.0 -0.0 -0.0 0.0 -0.0 -0.0 -0.0 -0.0 -0.0 -0.0; -0.0 -0.0 -0.0 -0.0 -0.0 -0.0 -0.0 -0.0 -0.0 -0.0 -0.0 -0.0 -0.0 -0.0 0.0 -0.0 -0.0 -0.0 -0.0 -0.0; -0.0 -0.0 -0.0 -0.0 -0.0 -0.0 -0.0 -0.0 -0.0 -0.0 -0.0 -0.0 -0.0 -0.0 -0.0 0.0 -0.0 0.0 -0.0 -0.0; -0.0 -0.0 -0.0 -0.0 -0.0 -0.0 -0.0 -0.0 -0.0 -0.0 -0.0 -0.0 -0.0 -0.0 -0.0 -0.0 -0.0 -0.0 28.0 22.0;;;]
evol_bb,"[[0.606, 3.0071228599164914e7]]"
y_bb,[0.0 0.0 -0.0 -0.0 -0.0 -0.0 -0.0 -0.0 -0.0 -0.0 -0.0 -0.0 -0.0 -0.0 -0.0 -0.0 -0.0 -0.0 -0.0 -0.0; -0.0 -0.0 0.0 5.0 0.0 -0.0 -0.0 -0.0 -0.0 -0.0 -0.0 -0.0 -0.0 -0.0 -0.0 -0.0 -0.0 -0.0 -0.0 -0.0; -0.0 -0.0 -0.0 -0.0 -0.0 -0.0 28.0 22.0 -0.0 -0.0 -0.0 -0.0 -0.0 -0.0 -0.0 -0.0 -0.0 -0.0 -0.0 -0.0; -0.0 -0.0 -0.0 -0.0 -0.0 -0.0 -0.0 -0.0 0.0 0.0 7.0 -0.0 0.0 -0.0 -0.0 -0.0 -0.0 -0.0 -0.0 -0.0; -0.0 -0.0 -0.0 -0.0 -0.0 -0.0 -0.0 -0.0 -0.0 -0.0 -0.0 -0.0 -0.0 0.0 -0.0 -0.0 -0.0 -0.0 -0.0 -0.0; -0.0 -0.0 -0.0 -0.0 -0.0 -0.0 -0.0 -0.0 -0.0 -0.0 -0.0 -0.0 -0.0 -0.0 0.0 -0.0 -0.0 -0.0 -0.0 -0.0; -0.0 -0.0 -0.0 -0.0 -0.0 -0.0 -0.0 -0.0 -0.0 -0.0 -0.0 -0.0 -0.0 -0.0 -0.0 0.0 -0.0 0.0 -0.0 -0.0; -0.0 -0.0 -0.0 -0.0 -0.0 -0.0 -0.0 -0.0 -0.0 -0.0 -0.0 -0.0 -0.0 -0.0 -0.0 -0.0 -0.0 -0.0 28.0 22.0;;;]
evol_box,"[[0.576, 0.0], [2.608, 666023.025354005], [2.771, 1.6366451271628032e7], [2.782, 2.1821736804277617e7], [2.794, 2.341841335261169e7], [2.807, 2.594648455414063e7], [2.821, 2.727704834441902e7], [2.834, 2.8474555755669575e7], [2.895, 2.9006781271780934e7], [2.955, 2.9405950408864453e7], [2.965, 2.96720594620814e7], [2.974, 2.9938172220137075e7], [2.989, 3.0071228599164914e7]]"
y_pb,[[-0.0 -0.0 -0.0 -0.0 -0.0 -0.0 -0.0 -0.0 -0.0 -0.0 -0.0 -0.0 -0.0 -0.0 -0.0 -0.0 -0.0 -0.0 -0.0 -0.0; -0.0 -0.0 -0.0 5.0 -0.0 -0.0 -0.0 -0.0 -0.0 -0.0 -0.0 -0.0 -0.0 -0.0 -0.0 -0.0 -0.0 -0.0 -0.0 -0.0; -0.0 -0.0 -0.0 -0.0 -0.0 -0.0 28.000000000000004 22.0 -0.0 -0.0 -0.0 -0.0 -0.0 -0.0 -0.0 -0.0 -0.0 -0.0 -0.0 -0.0; -0.0 -0.0 -0.0 -0.0 -0.0 -0.0 -0.0 -0.0 -0.0 -0.0 7.000000000000001 -0.0 -0.0 -0.0 -0.0 -0.0 -0.0 -0.0 -0.0 -0.0; -0.0 -0.0 -0.0 -0.0 -0.0 -0.0 -0.0 -0.0 -0.0 -0.0 -0.0 -0.0 -0.0 -0.0 0.0 -0.0 -0.0 -0.0 -0.0 -0.0; -0.0 -0.0 -0.0 -0.0 -0.0 -0.0 -0.0 -0.0 -0.0 -0.0 -0.0 -0.0 -0.0 -0.0 -0.0 -0.0 0.0 -0.0 -0.0 -0.0; -0.0 -0.0 -0.0 -0.0 -0.0 -0.0 -0.0 -0.0 -0.0 -0.0 -0.0 -0.0 -0.0 -0.0 -0.0 -0.0 -0.0 -0.0 0.0 -0.0; -0.0 -0.0 -0.0 -0.0 -0.0 -0.0 -0.0 -0.0 -0.0 -0.0 -0.0 -0.0 -0.0 -0.0 -0.0 -0.0 -0.0 -0.0 28.000000000000004 22.0;;;]]
x_bb,"[0.0, 5.0, 50.0, 7.0, 0.0, 0.0, 0.0, 50.0]"
x_box,"[0.0, 5.0, 50.0, 7.0, 0.0, 0.0, 0.0, 50.0]"
evol_zeta,"[[2.768, 27.142857142857142], [2.78, 14.0], [2.791, 12.0], [2.804, 8.0], [2.818, 7.75], [2.831, 6.0], [2.892, 3.285714285714285], [2.952, 2.75], [2.962, 2.0], [2.971, 1.0000000002000036], [2.986, 1.0000000002000036], [3.031, 0.0]]"
ξ_box,[4.0; 1.0; 12.0; 17.0; 19.0; 26.0; 28.0; 22.0; 11.0; 13.0; 7.0; 2.0; 11.0; 15.0; 23.0; 25.0; 25.0; 27.0; 28.0; 22.0;;]
