first,second
s_box,[20.0; 8.0; 7.0; 17.0; 20.0; 22.0; 22.0; 22.0; 21.0; 12.0; 7.0; 7.0; 5.0; 0.0; 0.0; 24.0; 0.0; 12.0; 30.0; 32.0;;]
x_pb,"[0.0, -0.0, -0.0, -0.0, 53.0, 24.0, 15.0, -0.0]"
s_bb,[20.0; 8.0; 7.0; 17.0; 20.0; 22.0; 22.0; 22.0; 21.0; 12.0; 7.0; 7.0; 5.0; 0.0; 0.0; 24.0; 0.0; 12.0; 30.0; 32.0;;]
partition_bb,"[[[0.0, 0.0, 0.0, 0.0, 0.0, 0.0, 0.0, 0.0, 0.0, 0.0, 0.0, 0.0, 0.0, 0.0, 3.0, 9.0, 10.0, 16.0, 27.0, 32.0], [0.0, 0.0, 0.0, 0.0, 0.0, 0.0, 0.0, 0.0, 0.0, 0.0, 0.0, 0.0, 3.0, 27.0, 24.0, 18.0, 17.0, 5.0, 0.0, 0.0], [0.0, 0.0, 0.0, 7.0, 10.0, 15.0, 18.0, 22.0, 15.0, 6.0, 1.0, 0.0, 0.0, 0.0, 0.0, 0.0, 0.0, 0.0, 0.0, 0.0], [20.0, 8.0, 7.0, 0.0, 1.0, 7.0, 2.0, 0.0, 0.0, 2.0, 7.0, 7.0, 5.0, 0.0, 2.0, 8.0, 6.0, 11.0, 0.0, 0.0], [0.0, 0.0, 0.0, 0.0, 0.0, 0.0, 0.0, 0.0, 0.0, 0.0, 0.0, 0.0, 0.0, 5.0, 8.0, 14.0, 15.0, 27.0, 16.0, 11.0], [0.0, 6.0, 7.0, 17.0, 14.0, 8.0, 8.0, 4.0, 0.0, 0.0, 0.0, 0.0, 0.0, 0.0, 0.0, 6.0, 7.0, 0.0, 10.0, 5.0], [0.0, 0.0, 0.0, 0.0, 0.0, 0.0, 0.0, 0.0, 0.0, 0.0, 0.0, 0.0, 0.0, 14.0, 17.0, 22.0, 24.0, 12.0, 3.0, 2.0], [0.0, 2.0, 3.0, 13.0, 16.0, 22.0, 17.0, 15.0, 9.0, 0.0, 0.0, 0.0, 0.0, 0.0, 0.0, 0.0, 0.0, 0.0, 0.0, 0.0], [1.0, 0.0, 0.0, 0.0, 0.0, 0.0, 0.0, 0.0, 3.0, 12.0, 7.0, 6.0, 5.0, 19.0, 16.0, 10.0, 9.0, 0.0, 5.0, 0.0], [0.0, 0.0, 1.0, 0.0, 2.0, 8.0, 13.0, 14.0, 21.0, 12.0, 7.0, 6.0, 3.0, 0.0, 0.0, 0.0, 0.0, 5.0, 0.0, 0.0], [1.0, 6.0, 7.0, 17.0, 20.0, 14.0, 12.0, 8.0, 4.0, 0.0, 0.0, 0.0, 0.0, 0.0, 0.0, 3.0, 1.0, 0.0, 0.0, 0.0], [0.0, 0.0, 0.0, 8.0, 11.0, 17.0, 22.0, 18.0, 14.0, 5.0, 0.0, 0.0, 0.0, 0.0, 0.0, 0.0, 0.0, 0.0, 0.0, 0.0], [0.0, 0.0, 0.0, 0.0, 0.0, 0.0, 0.0, 0.0, 0.0, 0.0, 0.0, 0.0, 0.0, 0.0, 2.0, 8.0, 9.0, 19.0, 30.0, 25.0], [0.0, 0.0, 0.0, 0.0, 0.0, 0.0, 0.0, 0.0, 0.0, 0.0, 0.0, 0.0, 0.0, 15.0, 18.0, 24.0, 22.0, 11.0, 2.0, 1.0], [0.0, 0.0, 0.0, 0.0, 0.0, 0.0, 0.0, 0.0, 0.0, 0.0, 0.0, 0.0, 0.0, 23.0, 26.0, 20.0, 19.0, 7.0, 0.0, 0.0]]]"
y_box,[0.0 -0.0 -0.0 -0.0 -0.0 -0.0 -0.0 -0.0 -0.0 -0.0 -0.0 -0.0 -0.0 -0.0 -0.0 -0.0 -0.0 -0.0 -0.0 -0.0; -0.0 0.0 0.0 0.0 0.0 0.0 0.0 0.0 0.0 0.0 -0.0 -0.0 -0.0 -0.0 -0.0 -0.0 -0.0 -0.0 -0.0 -0.0; -0.0 -0.0 -0.0 -0.0 -0.0 -0.0 -0.0 -0.0 -0.0 -0.0 -0.0 -0.0 -0.0 -0.0 -0.0 -0.0 -0.0 -0.0 -0.0 -0.0; -0.0 -0.0 -0.0 -0.0 -0.0 -0.0 -0.0 -0.0 -0.0 -0.0 0.0 0.0 0.0 -0.0 -0.0 -0.0 -0.0 -0.0 -0.0 -0.0; -0.0 -0.0 -0.0 -0.0 -0.0 -0.0 -0.0 -0.0 -0.0 -0.0 -0.0 -0.0 -0.0 27.0 26.0 -0.0 -0.0 -0.0 -0.0 -0.0; -0.0 -0.0 -0.0 -0.0 -0.0 -0.0 -0.0 -0.0 -0.0 -0.0 -0.0 -0.0 -0.0 -0.0 -0.0 0.0 24.0 -0.0 -0.0 -0.0; -0.0 -0.0 -0.0 -0.0 -0.0 -0.0 -0.0 -0.0 -0.0 -0.0 -0.0 -0.0 -0.0 -0.0 -0.0 -0.0 -0.0 15.0 -0.0 -0.0; -0.0 -0.0 -0.0 -0.0 -0.0 -0.0 -0.0 -0.0 -0.0 -0.0 -0.0 -0.0 -0.0 -0.0 -0.0 -0.0 -0.0 -0.0 0.0 0.0;;;]
evol_bb,"[[0.573, 3.50381320059481e7]]"
y_bb,[0.0 -0.0 -0.0 -0.0 -0.0 -0.0 -0.0 -0.0 -0.0 -0.0 -0.0 -0.0 -0.0 -0.0 -0.0 -0.0 -0.0 -0.0 -0.0 -0.0; -0.0 0.0 0.0 0.0 0.0 0.0 0.0 0.0 0.0 0.0 -0.0 -0.0 -0.0 -0.0 -0.0 -0.0 -0.0 -0.0 -0.0 -0.0; -0.0 -0.0 -0.0 -0.0 -0.0 -0.0 -0.0 -0.0 -0.0 -0.0 -0.0 -0.0 -0.0 -0.0 -0.0 -0.0 -0.0 -0.0 -0.0 -0.0; -0.0 -0.0 -0.0 -0.0 -0.0 -0.0 -0.0 -0.0 -0.0 -0.0 0.0 0.0 0.0 -0.0 -0.0 -0.0 -0.0 -0.0 -0.0 -0.0; -0.0 -0.0 -0.0 -0.0 -0.0 -0.0 -0.0 -0.0 -0.0 -0.0 -0.0 -0.0 -0.0 27.0 26.0 -0.0 -0.0 -0.0 -0.0 -0.0; -0.0 -0.0 -0.0 -0.0 -0.0 -0.0 -0.0 -0.0 -0.0 -0.0 -0.0 -0.0 -0.0 -0.0 -0.0 0.0 24.0 -0.0 -0.0 -0.0; -0.0 -0.0 -0.0 -0.0 -0.0 -0.0 -0.0 -0.0 -0.0 -0.0 -0.0 -0.0 -0.0 -0.0 -0.0 -0.0 -0.0 15.0 -0.0 -0.0; -0.0 -0.0 -0.0 -0.0 -0.0 -0.0 -0.0 -0.0 -0.0 -0.0 -0.0 -0.0 -0.0 -0.0 -0.0 -0.0 -0.0 -0.0 0.0 0.0;;;]
evol_box,"[[0.536, 0.0], [2.434, 608819.8081795911], [2.537, 8.759723498397764e6], [2.548, 2.019570338645283e7], [2.569, 2.627867141201404e7], [2.585, 2.7616922541675363e7], [2.603, 2.93201535888325e7], [2.62, 3.0658397855971154e7], [2.642, 3.175333210057217e7], [2.66, 3.2483288263639517e7], [2.686, 3.3213244426706858e7], [2.709, 3.369988186875176e7], [2.722, 3.4186519310796656e7], [2.735, 3.4551497392330326e7], [2.749, 3.479481611335277e7], [2.761, 3.50381320059481e7]]"
y_pb,[[-0.0 -0.0 -0.0 -0.0 -0.0 -0.0 -0.0 -0.0 -0.0 -0.0 -0.0 -0.0 -0.0 -0.0 -0.0 -0.0 -0.0 -0.0 -0.0 -0.0; -0.0 -0.0 -0.0 -0.0 -0.0 -0.0 0.0 -0.0 -0.0 -0.0 -0.0 -0.0 -0.0 -0.0 -0.0 -0.0 -0.0 -0.0 -0.0 -0.0; -0.0 -0.0 -0.0 -0.0 -0.0 -0.0 -0.0 -0.0 -0.0 -0.0 0.0 -0.0 -0.0 -0.0 -0.0 -0.0 -0.0 -0.0 -0.0 -0.0; -0.0 -0.0 -0.0 -0.0 -0.0 -0.0 -0.0 -0.0 -0.0 -0.0 -0.0 -0.0 0.0 -0.0 -0.0 -0.0 -0.0 -0.0 -0.0 -0.0; -0.0 -0.0 -0.0 -0.0 -0.0 -0.0 -0.0 -0.0 -0.0 -0.0 -0.0 -0.0 -0.0 27.0 26.0 -0.0 -0.0 -0.0 -0.0 -0.0; -0.0 -0.0 -0.0 -0.0 -0.0 -0.0 -0.0 -0.0 -0.0 -0.0 -0.0 -0.0 -0.0 -0.0 -0.0 -0.0 24.0 -0.0 -0.0 -0.0; -0.0 -0.0 -0.0 -0.0 -0.0 -0.0 -0.0 -0.0 -0.0 -0.0 -0.0 -0.0 -0.0 -0.0 -0.0 -0.0 -0.0 15.0 -0.0 -0.0; -0.0 -0.0 -0.0 -0.0 -0.0 -0.0 -0.0 -0.0 -0.0 -0.0 -0.0 -0.0 -0.0 -0.0 -0.0 -0.0 -0.0 -0.0 0.0 -0.0;;;]]
x_bb,"[0.0, 0.0, 0.0, 0.0, 53.0, 24.0, 15.0, 0.0]"
x_box,"[0.0, 0.0, 0.0, 0.0, 53.0, 24.0, 15.0, 0.0]"
evol_zeta,"[[1.988, 31.166666666666668], [2.535, 26.666666666666657], [2.546, 21.75], [2.566, 20.0], [2.582, 10.42857142857143], [2.6, 9.999999999999998], [2.618, 6.714285714285712], [2.639, 6.375000000000007], [2.657, 6.0], [2.683, 6.0], [2.706, 4.0], [2.719, 3.571428571428573], [2.733, 2.833333333333332], [2.746, 1.8571428571428557], [2.758, 1.3999999999999986], [2.775, 0.0]]"
ξ_box,[20.0; 8.0; 7.0; 17.0; 20.0; 22.0; 22.0; 22.0; 21.0; 12.0; 7.0; 7.0; 5.0; 27.0; 26.0; 24.0; 24.0; 27.0; 30.0; 32.0;;]
