first,second
s_box,[12.0; 5.0; 6.0; 13.0; 9.0; 7.0; 0.0; 13.0; 17.0; 18.0; 25.0; 27.0; 0.0; 0.0; 2.0; 0.0; 14.0; 16.0; 18.0; 0.0;;]
x_pb,"[-0.0, -0.0, -0.0, 1.0, -0.0, 44.0, 36.0, 22.0]"
s_bb,[12.0; 5.0; 6.0; 13.0; 9.0; 7.0; 0.0; 13.0; 17.0; 18.0; 25.0; 27.0; 0.0; 0.0; 2.0; 0.0; 14.0; 16.0; 18.0; 0.0;;]
partition_bb,"[[[0.0, 0.0, 0.0, 0.0, 0.0, 0.0, 0.0, 10.0, 14.0, 15.0, 22.0, 27.0, 9.0, 7.0, 6.0, 0.0, 0.0, 0.0, 0.0, 0.0], [0.0, 4.0, 0.0, 0.0, 0.0, 0.0, 1.0, 0.0, 0.0, 0.0, 0.0, 0.0, 8.0, 9.0, 13.0, 10.0, 12.0, 12.0, 13.0, 22.0], [12.0, 5.0, 6.0, 13.0, 9.0, 7.0, 1.0, 0.0, 0.0, 1.0, 8.0, 13.0, 11.0, 9.0, 8.0, 0.0, 0.0, 0.0, 0.0, 0.0], [0.0, 0.0, 0.0, 0.0, 0.0, 0.0, 0.0, 0.0, 0.0, 0.0, 2.0, 2.0, 20.0, 22.0, 18.0, 13.0, 12.0, 10.0, 8.0, 4.0], [6.0, 2.0, 1.0, 8.0, 4.0, 2.0, 1.0, 0.0, 0.0, 0.0, 0.0, 0.0, 2.0, 4.0, 5.0, 13.0, 14.0, 16.0, 18.0, 9.0], [0.0, 0.0, 0.0, 0.0, 0.0, 0.0, 0.0, 0.0, 0.0, 0.0, 1.0, 1.0, 17.0, 18.0, 22.0, 14.0, 13.0, 11.0, 9.0, 5.0], [0.0, 5.0, 1.0, 8.0, 9.0, 7.0, 1.0, 13.0, 9.0, 18.0, 13.0, 18.0, 0.0, 0.0, 0.0, 0.0, 0.0, 0.0, 2.0, 0.0], [0.0, 0.0, 0.0, 0.0, 0.0, 0.0, 1.0, 13.0, 17.0, 7.0, 4.0, 4.0, 17.0, 15.0, 12.0, 6.0, 5.0, 3.0, 1.0, 0.0], [0.0, 0.0, 0.0, 0.0, 0.0, 0.0, 1.0, 10.0, 12.0, 18.0, 25.0, 20.0, 8.0, 6.0, 4.0, 0.0, 0.0, 0.0, 0.0, 0.0], [0.0, 5.0, 6.0, 0.0, 6.0, 7.0, 1.0, 0.0, 0.0, 0.0, 0.0, 0.0, 5.0, 7.0, 8.0, 16.0, 14.0, 13.0, 11.0, 4.0], [0.0, 0.0, 0.0, 0.0, 0.0, 0.0, 0.0, 0.0, 0.0, 1.0, 4.0, 4.0, 22.0, 20.0, 17.0, 11.0, 10.0, 8.0, 6.0, 2.0]]]"
y_box,[0.0 0.0 0.0 -0.0 -0.0 -0.0 -0.0 -0.0 -0.0 -0.0 -0.0 -0.0 -0.0 -0.0 -0.0 -0.0 -0.0 -0.0 -0.0 -0.0; -0.0 -0.0 -0.0 -0.0 -0.0 -0.0 -0.0 -0.0 -0.0 -0.0 -0.0 -0.0 -0.0 -0.0 -0.0 -0.0 -0.0 -0.0 -0.0 -0.0; -0.0 -0.0 -0.0 0.0 -0.0 -0.0 -0.0 -0.0 -0.0 -0.0 -0.0 -0.0 -0.0 -0.0 -0.0 -0.0 -0.0 -0.0 -0.0 -0.0; -0.0 -0.0 -0.0 -0.0 0.0 0.0 1.0 0.0 0.0 -0.0 -0.0 -0.0 -0.0 -0.0 -0.0 -0.0 -0.0 -0.0 -0.0 -0.0; -0.0 -0.0 -0.0 -0.0 -0.0 -0.0 -0.0 -0.0 -0.0 0.0 0.0 -0.0 -0.0 -0.0 -0.0 -0.0 -0.0 -0.0 -0.0 -0.0; -0.0 -0.0 -0.0 -0.0 -0.0 -0.0 -0.0 -0.0 -0.0 -0.0 -0.0 0.0 22.0 22.0 -0.0 -0.0 -0.0 -0.0 -0.0 -0.0; -0.0 -0.0 -0.0 -0.0 -0.0 -0.0 -0.0 -0.0 -0.0 -0.0 -0.0 -0.0 -0.0 -0.0 20.0 16.0 0.0 0.0 -0.0 -0.0; -0.0 -0.0 -0.0 -0.0 -0.0 -0.0 -0.0 -0.0 -0.0 -0.0 -0.0 -0.0 -0.0 -0.0 -0.0 -0.0 -0.0 -0.0 -0.0 22.0;;;]
evol_bb,"[[0.482, 2.533134074870268e7]]"
y_bb,[0.0 0.0 0.0 -0.0 -0.0 -0.0 -0.0 -0.0 -0.0 -0.0 -0.0 -0.0 -0.0 -0.0 -0.0 -0.0 -0.0 -0.0 -0.0 -0.0; -0.0 -0.0 -0.0 -0.0 -0.0 -0.0 -0.0 -0.0 -0.0 -0.0 -0.0 -0.0 -0.0 -0.0 -0.0 -0.0 -0.0 -0.0 -0.0 -0.0; -0.0 -0.0 -0.0 0.0 -0.0 -0.0 -0.0 -0.0 -0.0 -0.0 -0.0 -0.0 -0.0 -0.0 -0.0 -0.0 -0.0 -0.0 -0.0 -0.0; -0.0 -0.0 -0.0 -0.0 0.0 0.0 1.0 0.0 0.0 -0.0 -0.0 -0.0 -0.0 -0.0 -0.0 -0.0 -0.0 -0.0 -0.0 -0.0; -0.0 -0.0 -0.0 -0.0 -0.0 -0.0 -0.0 -0.0 -0.0 0.0 0.0 -0.0 -0.0 -0.0 -0.0 -0.0 -0.0 -0.0 -0.0 -0.0; -0.0 -0.0 -0.0 -0.0 -0.0 -0.0 -0.0 -0.0 -0.0 -0.0 -0.0 0.0 22.0 22.0 -0.0 -0.0 -0.0 -0.0 -0.0 -0.0; -0.0 -0.0 -0.0 -0.0 -0.0 -0.0 -0.0 -0.0 -0.0 -0.0 -0.0 -0.0 -0.0 -0.0 20.0 16.0 0.0 0.0 -0.0 -0.0; -0.0 -0.0 -0.0 -0.0 -0.0 -0.0 -0.0 -0.0 -0.0 -0.0 -0.0 -0.0 -0.0 -0.0 -0.0 -0.0 -0.0 -0.0 -0.0 22.0;;;]
evol_box,"[[0.446, 0.0], [2.139, 879444.4294464451], [2.22, 1.2039111450884903e7], [2.243, 1.642799354608717e7], [2.251, 2.1694766751760647e7], [2.267, 2.2823361010119244e7], [2.284, 2.3450357585428983e7], [2.307, 2.3826555671548516e7], [2.33, 2.4202753757668052e7], [2.347, 2.457894740489074e7], [2.368, 2.4829746128970426e7], [2.392, 2.5080544853050116e7], [2.414, 2.533134074870268e7]]"
y_pb,[[-0.0 0.0 -0.0 -0.0 -0.0 -0.0 -0.0 -0.0 -0.0 -0.0 -0.0 -0.0 -0.0 -0.0 -0.0 -0.0 -0.0 -0.0 -0.0 -0.0; -0.0 -0.0 0.0 -0.0 -0.0 -0.0 -0.0 -0.0 -0.0 -0.0 -0.0 -0.0 -0.0 -0.0 -0.0 -0.0 -0.0 -0.0 -0.0 -0.0; -0.0 -0.0 -0.0 0.0 -0.0 -0.0 -0.0 -0.0 -0.0 -0.0 -0.0 -0.0 -0.0 -0.0 -0.0 -0.0 -0.0 -0.0 -0.0 -0.0; -0.0 -0.0 -0.0 -0.0 -0.0 -0.0 1.0 -0.0 -0.0 -0.0 -0.0 -0.0 -0.0 -0.0 -0.0 -0.0 -0.0 -0.0 -0.0 -0.0; -0.0 -0.0 -0.0 -0.0 -0.0 -0.0 -0.0 -0.0 -0.0 0.0 -0.0 -0.0 -0.0 -0.0 -0.0 -0.0 -0.0 -0.0 -0.0 -0.0; -0.0 -0.0 -0.0 -0.0 -0.0 -0.0 -0.0 -0.0 -0.0 -0.0 -0.0 -0.0 22.0 22.0 -0.0 -0.0 -0.0 -0.0 -0.0 -0.0; -0.0 -0.0 -0.0 -0.0 -0.0 -0.0 -0.0 -0.0 -0.0 -0.0 -0.0 -0.0 -0.0 -0.0 20.0 16.0 -0.0 -0.0 -0.0 -0.0; -0.0 -0.0 -0.0 -0.0 -0.0 -0.0 -0.0 -0.0 -0.0 -0.0 -0.0 -0.0 -0.0 -0.0 -0.0 -0.0 -0.0 -0.0 -0.0 22.0;;;]]
x_bb,"[0.0, 0.0, 0.0, 1.0, 0.0, 44.0, 36.0, 22.0]"
x_box,"[0.0, 0.0, 0.0, 1.0, 0.0, 44.0, 36.0, 22.0]"
evol_zeta,"[[1.763, 26.125], [2.218, 22.0], [2.241, 14.200000000000003], [2.249, 12.0], [2.265, 6.0], [2.281, 3.200000000000003], [2.304, 3.000000000400007], [2.328, 3.0], [2.345, 2.0], [2.365, 2.0], [2.39, 2.0], [2.412, 1.8181818181818201], [2.425, 0.0]]"
ξ_box,[12.0; 5.0; 6.0; 13.0; 9.0; 7.0; 1.0; 13.0; 17.0; 18.0; 25.0; 27.0; 22.0; 22.0; 22.0; 16.0; 14.0; 16.0; 18.0; 22.0;;]
