first,second
s_box,[5.0; 0.0; 0.0; 26.0; 14.0; 0.0; 20.0; 22.0; 22.0; 23.0; 0.0; 7.0; 13.0; 16.0; 26.0; 25.0; 27.0; 23.0; 21.0; 10.0;;]
x_pb,"[68.0, -0.0, 20.0, -0.0, 15.0, -0.0, -0.0, -0.0]"
s_bb,[5.0; 0.0; 0.0; 26.0; 14.0; 0.0; 20.0; 22.0; 22.0; 23.0; 0.0; 7.0; 13.0; 16.0; 26.0; 25.0; 27.0; 23.0; 21.0; 10.0;;]
partition_bb,"[[[30.0, 23.0, 20.0, 12.0, 7.0, 1.0, 1.0, 0.0, 0.0, 0.0, 7.0, 2.0, 0.0, 0.0, 0.0, 0.0, 0.0, 0.0, 0.0, 0.0], [0.0, 0.0, 0.0, 0.0, 0.0, 0.0, 0.0, 0.0, 0.0, 0.0, 0.0, 0.0, 4.0, 5.0, 18.0, 19.0, 27.0, 13.0, 11.0, 8.0], [0.0, 0.0, 0.0, 0.0, 9.0, 11.0, 14.0, 14.0, 21.0, 23.0, 9.0, 6.0, 1.0, 0.0, 0.0, 0.0, 0.0, 0.0, 0.0, 0.0], [8.0, 10.0, 10.0, 26.0, 14.0, 12.0, 9.0, 9.0, 2.0, 0.0, 0.0, 3.0, 0.0, 0.0, 0.0, 0.0, 0.0, 0.0, 0.0, 0.0], [10.0, 3.0, 0.0, 0.0, 0.0, 0.0, 0.0, 4.0, 0.0, 2.0, 1.0, 7.0, 9.0, 16.0, 9.0, 8.0, 0.0, 0.0, 0.0, 10.0], [0.0, 0.0, 0.0, 0.0, 6.0, 0.0, 0.0, 0.0, 0.0, 1.0, 15.0, 7.0, 1.0, 0.0, 12.0, 7.0, 5.0, 19.0, 21.0, 10.0], [0.0, 0.0, 0.0, 5.0, 12.0, 18.0, 18.0, 22.0, 15.0, 13.0, 0.0, 0.0, 0.0, 0.0, 0.0, 0.0, 0.0, 0.0, 0.0, 0.0], [0.0, 0.0, 0.0, 0.0, 0.0, 0.0, 0.0, 0.0, 0.0, 0.0, 0.0, 6.0, 12.0, 13.0, 26.0, 21.0, 17.0, 6.0, 4.0, 0.0], [4.0, 11.0, 14.0, 0.0, 0.0, 0.0, 0.0, 0.0, 2.0, 0.0, 0.0, 0.0, 0.0, 0.0, 3.0, 8.0, 9.0, 23.0, 21.0, 10.0], [0.0, 0.0, 0.0, 0.0, 0.0, 0.0, 0.0, 0.0, 0.0, 0.0, 0.0, 4.0, 9.0, 11.0, 20.0, 25.0, 17.0, 10.0, 8.0, 0.0], [0.0, 0.0, 0.0, 7.0, 14.0, 20.0, 17.0, 18.0, 11.0, 9.0, 0.0, 7.0, 1.0, 0.0, 0.0, 0.0, 0.0, 0.0, 0.0, 0.0], [0.0, 0.0, 0.0, 3.0, 14.0, 17.0, 20.0, 16.0, 17.0, 15.0, 1.0, 0.0, 0.0, 0.0, 0.0, 0.0, 0.0, 0.0, 0.0, 0.0], [0.0, 0.0, 0.0, 0.0, 10.0, 12.0, 15.0, 15.0, 22.0, 20.0, 6.0, 3.0, 0.0, 0.0, 0.0, 0.0, 0.0, 0.0, 0.0, 0.0], [0.0, 0.0, 3.0, 0.0, 0.0, 0.0, 0.0, 0.0, 0.0, 0.0, 14.0, 7.0, 13.0, 16.0, 17.0, 15.0, 8.0, 0.0, 0.0, 10.0]]]"
y_box,[25.0 23.0 20.0 -0.0 -0.0 -0.0 -0.0 -0.0 -0.0 -0.0 -0.0 -0.0 -0.0 -0.0 -0.0 -0.0 -0.0 -0.0 -0.0 -0.0; -0.0 -0.0 -0.0 0.0 -0.0 -0.0 -0.0 -0.0 -0.0 -0.0 -0.0 -0.0 -0.0 -0.0 -0.0 -0.0 -0.0 -0.0 -0.0 -0.0; -0.0 -0.0 -0.0 -0.0 0.0 20.0 -0.0 0.0 -0.0 -0.0 -0.0 -0.0 -0.0 -0.0 -0.0 -0.0 -0.0 -0.0 -0.0 -0.0; -0.0 -0.0 -0.0 -0.0 -0.0 -0.0 -0.0 -0.0 0.0 0.0 -0.0 -0.0 -0.0 -0.0 -0.0 -0.0 -0.0 -0.0 -0.0 -0.0; -0.0 -0.0 -0.0 -0.0 -0.0 -0.0 -0.0 -0.0 -0.0 -0.0 15.0 0.0 0.0 0.0 -0.0 -0.0 -0.0 -0.0 -0.0 -0.0; -0.0 -0.0 -0.0 -0.0 -0.0 -0.0 -0.0 -0.0 -0.0 -0.0 -0.0 -0.0 -0.0 -0.0 -0.0 -0.0 -0.0 -0.0 -0.0 -0.0; -0.0 -0.0 -0.0 -0.0 -0.0 -0.0 -0.0 -0.0 -0.0 -0.0 -0.0 -0.0 -0.0 -0.0 0.0 0.0 0.0 -0.0 -0.0 -0.0; -0.0 -0.0 -0.0 -0.0 -0.0 -0.0 -0.0 -0.0 -0.0 -0.0 -0.0 -0.0 -0.0 -0.0 -0.0 -0.0 -0.0 0.0 0.0 0.0;;;]
evol_bb,"[[0.498, 3.934169956346823e7]]"
y_bb,[25.0 23.0 20.0 -0.0 -0.0 -0.0 -0.0 -0.0 -0.0 -0.0 -0.0 -0.0 -0.0 -0.0 -0.0 -0.0 -0.0 -0.0 -0.0 -0.0; -0.0 -0.0 -0.0 0.0 -0.0 -0.0 -0.0 -0.0 -0.0 -0.0 -0.0 -0.0 -0.0 -0.0 -0.0 -0.0 -0.0 -0.0 -0.0 -0.0; -0.0 -0.0 -0.0 -0.0 0.0 20.0 -0.0 0.0 -0.0 -0.0 -0.0 -0.0 -0.0 -0.0 -0.0 -0.0 -0.0 -0.0 -0.0 -0.0; -0.0 -0.0 -0.0 -0.0 -0.0 -0.0 -0.0 -0.0 0.0 0.0 -0.0 -0.0 -0.0 -0.0 -0.0 -0.0 -0.0 -0.0 -0.0 -0.0; -0.0 -0.0 -0.0 -0.0 -0.0 -0.0 -0.0 -0.0 -0.0 -0.0 15.0 0.0 0.0 0.0 -0.0 -0.0 -0.0 -0.0 -0.0 -0.0; -0.0 -0.0 -0.0 -0.0 -0.0 -0.0 -0.0 -0.0 -0.0 -0.0 -0.0 -0.0 -0.0 -0.0 -0.0 -0.0 -0.0 -0.0 -0.0 -0.0; -0.0 -0.0 -0.0 -0.0 -0.0 -0.0 -0.0 -0.0 -0.0 -0.0 -0.0 -0.0 -0.0 -0.0 0.0 0.0 0.0 -0.0 -0.0 -0.0; -0.0 -0.0 -0.0 -0.0 -0.0 -0.0 -0.0 -0.0 -0.0 -0.0 -0.0 -0.0 -0.0 -0.0 -0.0 -0.0 -0.0 0.0 0.0 0.0;;;]
evol_box,"[[0.426, 0.0], [2.034, 619.8374891427549], [2.128, 1.376998374984354e7], [2.148, 2.544116707194209e7], [2.159, 2.80639123806863e7], [2.166, 3.029324703479277e7], [2.173, 3.344052575569447e7], [2.184, 3.580099243523335e7], [2.193, 3.750577775896182e7], [2.206, 3.8030327089339815e7], [2.239, 3.85548764197178e7], [2.25, 3.88171510849068e7], [2.275, 3.9079424898279235e7], [2.309, 3.9210562230873734e7], [2.346, 3.934169956346823e7]]"
y_pb,[[25.0 23.000000000000004 20.000000000000004 -0.0 -0.0 -0.0 -0.0 -0.0 -0.0 -0.0 -0.0 -0.0 -0.0 -0.0 -0.0 -0.0 -0.0 -0.0 -0.0 -0.0; -0.0 -0.0 0.0 -0.0 -0.0 -0.0 -0.0 -0.0 -0.0 -0.0 -0.0 -0.0 -0.0 -0.0 -0.0 -0.0 -0.0 -0.0 -0.0 -0.0; -0.0 -0.0 -0.0 -0.0 -0.0 20.000000000000004 -0.0 -0.0 -0.0 -0.0 -0.0 -0.0 -0.0 -0.0 -0.0 -0.0 -0.0 -0.0 -0.0 -0.0; -0.0 -0.0 -0.0 -0.0 -0.0 -0.0 -0.0 0.0 -0.0 -0.0 -0.0 -0.0 -0.0 -0.0 -0.0 -0.0 -0.0 -0.0 -0.0 -0.0; -0.0 -0.0 -0.0 -0.0 -0.0 -0.0 -0.0 -0.0 -0.0 -0.0 15.0 -0.0 -0.0 -0.0 -0.0 -0.0 -0.0 -0.0 -0.0 -0.0; -0.0 -0.0 -0.0 -0.0 -0.0 -0.0 -0.0 -0.0 -0.0 -0.0 -0.0 -0.0 -0.0 0.0 -0.0 -0.0 -0.0 -0.0 -0.0 -0.0; -0.0 -0.0 -0.0 -0.0 -0.0 -0.0 -0.0 -0.0 -0.0 -0.0 -0.0 -0.0 -0.0 -0.0 -0.0 0.0 -0.0 -0.0 -0.0 -0.0; -0.0 -0.0 -0.0 -0.0 -0.0 -0.0 -0.0 -0.0 -0.0 -0.0 -0.0 -0.0 -0.0 -0.0 -0.0 -0.0 -0.0 0.0 -0.0 -0.0;;;]]
x_bb,"[68.0, 0.0, 20.0, 0.0, 15.0, 0.0, 0.0, 0.0]"
x_box,"[68.0, 0.0, 20.0, 0.0, 15.0, 0.0, 0.0, 0.0]"
evol_zeta,"[[1.679, 30.0], [2.125, 26.75], [2.145, 22.444444444444443], [2.157, 14.0], [2.164, 11.0], [2.171, 10.0], [2.182, 8.0], [2.191, 7.75], [2.204, 4.0], [2.236, 3.875], [2.248, 2.0], [2.272, 2.000000000000006], [2.306, 1.0000000002000036], [2.344, 1.0], [2.377, 0.0]]"
ξ_box,[30.0; 23.0; 20.0; 26.0; 14.0; 20.0; 20.0; 22.0; 22.0; 23.0; 15.0; 7.0; 13.0; 16.0; 26.0; 25.0; 27.0; 23.0; 21.0; 10.0;;]
