first,second
s_box,[22.0; 24.0; 31.0; 29.0; 29.0; 0.0; 0.0; 0.0; 0.0; 0.0; 0.0; 0.0; 20.0; 24.0; 26.0; 9.0; 0.0; 28.0; 28.0; 38.0;;]
x_pb,"[-0.0, 29.0, 26.0, 7.0, 12.0, 0.0, -0.0, 44.0]"
s_bb,[22.0; 24.0; 31.0; 29.0; 29.0; 0.0; 0.0; 0.0; 0.0; 0.0; 0.0; 0.0; 20.0; 24.0; 26.0; 9.0; 0.0; 28.0; 28.0; 38.0;;]
partition_bb,"[[[0.0, 0.0, 0.0, 0.0, 0.0, 0.0, 0.0, 0.0, 0.0, 0.0, 0.0, 0.0, 2.0, 6.0, 10.0, 10.0, 14.0, 19.0, 20.0, 38.0], [22.0, 23.0, 31.0, 16.0, 16.0, 5.0, 0.0, 0.0, 0.0, 0.0, 2.0, 0.0, 0.0, 0.0, 0.0, 0.0, 0.0, 0.0, 0.0, 0.0], [0.0, 0.0, 0.0, 0.0, 0.0, 0.0, 9.0, 9.0, 3.0, 0.0, 2.0, 10.0, 20.0, 14.0, 20.0, 15.0, 9.0, 4.0, 4.0, 0.0], [2.0, 4.0, 5.0, 17.0, 20.0, 20.0, 9.0, 6.0, 0.0, 1.0, 2.0, 10.0, 13.0, 6.0, 0.0, 5.0, 0.0, 0.0, 0.0, 0.0], [0.0, 0.0, 0.0, 0.0, 0.0, 0.0, 0.0, 0.0, 0.0, 0.0, 0.0, 0.0, 3.0, 10.0, 16.0, 21.0, 27.0, 22.0, 21.0, 3.0], [11.0, 13.0, 14.0, 29.0, 26.0, 18.0, 7.0, 4.0, 0.0, 0.0, 0.0, 0.0, 0.0, 0.0, 0.0, 0.0, 0.0, 0.0, 0.0, 0.0], [0.0, 0.0, 4.0, 9.0, 6.0, 0.0, 5.0, 0.0, 0.0, 0.0, 2.0, 10.0, 17.0, 24.0, 18.0, 13.0, 7.0, 2.0, 2.0, 0.0], [0.0, 0.0, 8.0, 0.0, 0.0, 0.0, 9.0, 16.0, 10.0, 7.0, 2.0, 0.0, 0.0, 0.0, 0.0, 3.0, 9.0, 13.0, 14.0, 28.0], [0.0, 0.0, 0.0, 0.0, 0.0, 0.0, 0.0, 0.0, 0.0, 0.0, 0.0, 0.0, 0.0, 6.0, 12.0, 17.0, 22.0, 27.0, 28.0, 10.0], [0.0, 0.0, 0.0, 0.0, 0.0, 0.0, 0.0, 0.0, 0.0, 0.0, 0.0, 8.0, 13.0, 20.0, 26.0, 21.0, 15.0, 10.0, 10.0, 0.0], [0.0, 0.0, 0.0, 0.0, 0.0, 0.0, 0.0, 0.0, 0.0, 0.0, 0.0, 5.0, 8.0, 15.0, 21.0, 26.0, 20.0, 15.0, 15.0, 0.0], [11.0, 13.0, 14.0, 26.0, 29.0, 18.0, 7.0, 4.0, 0.0, 0.0, 0.0, 0.0, 0.0, 0.0, 0.0, 0.0, 0.0, 0.0, 0.0, 0.0], [22.0, 24.0, 16.0, 22.0, 19.0, 11.0, 0.0, 0.0, 0.0, 0.0, 0.0, 0.0, 0.0, 0.0, 0.0, 0.0, 0.0, 0.0, 0.0, 0.0], [0.0, 0.0, 0.0, 0.0, 0.0, 0.0, 0.0, 0.0, 0.0, 0.0, 0.0, 0.0, 0.0, 6.0, 12.0, 17.0, 23.0, 28.0, 27.0, 9.0]]]"
y_box,[0.0 0.0 0.0 0.0 0.0 -0.0 -0.0 -0.0 -0.0 -0.0 -0.0 -0.0 -0.0 -0.0 -0.0 -0.0 -0.0 -0.0 -0.0 -0.0; -0.0 -0.0 -0.0 -0.0 -0.0 20.0 9.0 -0.0 -0.0 -0.0 -0.0 -0.0 -0.0 -0.0 -0.0 -0.0 -0.0 -0.0 -0.0 -0.0; -0.0 -0.0 -0.0 -0.0 -0.0 -0.0 -0.0 16.0 10.0 -0.0 -0.0 -0.0 -0.0 -0.0 -0.0 -0.0 -0.0 -0.0 -0.0 -0.0; -0.0 -0.0 -0.0 -0.0 -0.0 -0.0 -0.0 -0.0 -0.0 7.0 -0.0 -0.0 -0.0 -0.0 -0.0 -0.0 -0.0 -0.0 -0.0 -0.0; -0.0 -0.0 -0.0 -0.0 -0.0 -0.0 -0.0 -0.0 -0.0 -0.0 2.0 10.0 -0.0 -0.0 -0.0 -0.0 -0.0 -0.0 -0.0 -0.0; -0.0 -0.0 -0.0 -0.0 -0.0 -0.0 -0.0 -0.0 -0.0 -0.0 -0.0 -0.0 0.0 0.0 -0.0 -0.0 -0.0 -0.0 -0.0 -0.0; -0.0 -0.0 -0.0 -0.0 -0.0 -0.0 -0.0 -0.0 -0.0 -0.0 -0.0 -0.0 -0.0 -0.0 -0.0 -0.0 -0.0 -0.0 -0.0 -0.0; -0.0 -0.0 -0.0 -0.0 -0.0 -0.0 -0.0 -0.0 -0.0 -0.0 -0.0 -0.0 -0.0 -0.0 0.0 17.0 27.0 0.0 0.0 0.0;;;]
evol_bb,"[[0.509, 3.691620414761531e7]]"
y_bb,[0.0 0.0 0.0 0.0 0.0 -0.0 -0.0 -0.0 -0.0 -0.0 -0.0 -0.0 -0.0 -0.0 -0.0 -0.0 -0.0 -0.0 -0.0 -0.0; -0.0 -0.0 -0.0 -0.0 -0.0 20.0 9.0 -0.0 -0.0 -0.0 -0.0 -0.0 -0.0 -0.0 -0.0 -0.0 -0.0 -0.0 -0.0 -0.0; -0.0 -0.0 -0.0 -0.0 -0.0 -0.0 -0.0 16.0 10.0 -0.0 -0.0 -0.0 -0.0 -0.0 -0.0 -0.0 -0.0 -0.0 -0.0 -0.0; -0.0 -0.0 -0.0 -0.0 -0.0 -0.0 -0.0 -0.0 -0.0 7.0 -0.0 -0.0 -0.0 -0.0 -0.0 -0.0 -0.0 -0.0 -0.0 -0.0; -0.0 -0.0 -0.0 -0.0 -0.0 -0.0 -0.0 -0.0 -0.0 -0.0 2.0 10.0 -0.0 -0.0 -0.0 -0.0 -0.0 -0.0 -0.0 -0.0; -0.0 -0.0 -0.0 -0.0 -0.0 -0.0 -0.0 -0.0 -0.0 -0.0 -0.0 -0.0 0.0 0.0 -0.0 -0.0 -0.0 -0.0 -0.0 -0.0; -0.0 -0.0 -0.0 -0.0 -0.0 -0.0 -0.0 -0.0 -0.0 -0.0 -0.0 -0.0 -0.0 -0.0 -0.0 -0.0 -0.0 -0.0 -0.0 -0.0; -0.0 -0.0 -0.0 -0.0 -0.0 -0.0 -0.0 -0.0 -0.0 -0.0 -0.0 -0.0 -0.0 -0.0 0.0 17.0 27.0 0.0 0.0 0.0;;;]
evol_box,"[[0.521, 0.0], [2.39, 122265.82286381761], [2.487, 1.4264324753324628e7], [2.499, 2.2174564417162925e7], [2.518, 2.8766167658894826e7], [2.535, 3.1163249217790976e7], [2.548, 3.35602899651607e7], [2.571, 3.499853890049839e7], [2.592, 3.559780929022243e7], [2.607, 3.595737152405685e7], [2.624, 3.6316933757891275e7], [2.64, 3.66764959917257e7], [2.655, 3.6796350069670506e7], [2.665, 3.691620414761531e7]]"
y_pb,[[-0.0 -0.0 -0.0 0.0 -0.0 -0.0 -0.0 -0.0 -0.0 -0.0 -0.0 -0.0 -0.0 -0.0 -0.0 -0.0 -0.0 -0.0 -0.0 -0.0; -0.0 -0.0 -0.0 -0.0 -0.0 20.000000000000004 9.0 -0.0 -0.0 -0.0 -0.0 -0.0 -0.0 -0.0 -0.0 -0.0 -0.0 -0.0 -0.0 -0.0; -0.0 -0.0 -0.0 -0.0 -0.0 -0.0 -0.0 16.0 10.000000000000002 -0.0 -0.0 -0.0 -0.0 -0.0 -0.0 -0.0 -0.0 -0.0 -0.0 -0.0; -0.0 -0.0 -0.0 -0.0 -0.0 -0.0 -0.0 -0.0 -0.0 7.000000000000001 -0.0 -0.0 -0.0 -0.0 -0.0 -0.0 -0.0 -0.0 -0.0 -0.0; -0.0 -0.0 -0.0 -0.0 -0.0 -0.0 -0.0 -0.0 -0.0 -0.0 2.0 10.000000000000002 -0.0 -0.0 -0.0 -0.0 -0.0 -0.0 -0.0 -0.0; -0.0 -0.0 -0.0 -0.0 -0.0 -0.0 -0.0 -0.0 -0.0 -0.0 -0.0 -0.0 -0.0 -0.0 -0.0 -0.0 -0.0 -0.0 -0.0 -0.0; -0.0 -0.0 -0.0 -0.0 -0.0 -0.0 -0.0 -0.0 -0.0 -0.0 -0.0 -0.0 -0.0 -0.0 -0.0 0.0 -0.0 -0.0 -0.0 -0.0; -0.0 -0.0 -0.0 -0.0 -0.0 -0.0 -0.0 -0.0 -0.0 -0.0 -0.0 -0.0 -0.0 -0.0 -0.0 17.0 27.0 -0.0 -0.0 -0.0;;;]]
x_bb,"[0.0, 29.0, 26.0, 7.0, 12.0, 0.0, 0.0, 44.0]"
x_box,"[0.0, 29.0, 26.0, 7.0, 12.0, 0.0, 0.0, 44.0]"
evol_zeta,"[[1.924, 37.87499999999999], [2.484, 31.0], [2.496, 18.0], [2.515, 16.0], [2.532, 12.500000000000046], [2.545, 12.375], [2.568, 6.428571428571431], [2.589, 4.125000000000016], [2.604, 3.0], [2.621, 2.500000000000001], [2.638, 2.375], [2.652, 1.0], [2.662, 0.42857142857142705], [2.676, 0.0]]"
ξ_box,[22.0; 24.0; 31.0; 29.0; 29.0; 20.0; 9.0; 16.0; 10.0; 7.0; 2.0; 10.0; 20.0; 24.0; 26.0; 26.0; 27.0; 28.0; 28.0; 38.0;;]
