first,second
s_box,[20.0; 16.0; 13.0; 12.0; 27.0; 27.0; 26.0; 28.0; 28.0; 23.0; 22.0; 0.0; 0.0; 0.0; 28.0; 24.0; 23.0; 20.0; 1.0; 0.0;;]
x_pb,"[-0.0, -0.0, 36.0, 29.0, -0.0, 30.0, -0.0, 30.0]"
s_bb,[20.0; 16.0; 13.0; 12.0; 27.0; 27.0; 26.0; 28.0; 28.0; 23.0; 22.0; 0.0; 0.0; 0.0; 28.0; 24.0; 23.0; 20.0; 1.0; 0.0;;]
partition_bb,"[[[0.0, 0.0, 0.0, 0.0, 0.0, 0.0, 0.0, 0.0, 13.0, 17.0, 17.0, 36.0, 28.0, 13.0, 6.0, 0.0, 0.0, 0.0, 0.0, 0.0], [2.0, 7.0, 10.0, 10.0, 12.0, 13.0, 19.0, 28.0, 14.0, 10.0, 10.0, 0.0, 0.0, 0.0, 0.0, 0.0, 0.0, 0.0, 0.0, 0.0], [0.0, 0.0, 0.0, 1.0, 0.0, 0.0, 0.0, 0.0, 0.0, 0.0, 0.0, 0.0, 0.0, 9.0, 17.0, 24.0, 23.0, 20.0, 16.0, 15.0], [20.0, 13.0, 13.0, 12.0, 0.0, 0.0, 0.0, 2.0, 5.0, 0.0, 0.0, 19.0, 11.0, 19.0, 8.0, 3.0, 0.0, 0.0, 0.0, 0.0], [4.0, 11.0, 12.0, 12.0, 27.0, 24.0, 20.0, 11.0, 8.0, 3.0, 2.0, 0.0, 0.0, 0.0, 0.0, 0.0, 0.0, 0.0, 0.0, 0.0], [0.0, 0.0, 0.0, 0.0, 9.0, 10.0, 14.0, 14.0, 28.0, 23.0, 22.0, 5.0, 3.0, 0.0, 0.0, 0.0, 0.0, 0.0, 0.0, 0.0], [0.0, 0.0, 0.0, 0.0, 0.0, 0.0, 0.0, 0.0, 0.0, 4.0, 5.0, 7.0, 15.0, 30.0, 15.0, 14.0, 11.0, 11.0, 8.0, 7.0], [0.0, 0.0, 0.0, 0.0, 0.0, 0.0, 0.0, 0.0, 0.0, 0.0, 0.0, 0.0, 6.0, 13.0, 28.0, 21.0, 20.0, 17.0, 13.0, 12.0], [0.0, 7.0, 8.0, 8.0, 19.0, 20.0, 26.0, 17.0, 12.0, 8.0, 8.0, 0.0, 0.0, 0.0, 0.0, 0.0, 0.0, 0.0, 0.0, 0.0], [9.0, 16.0, 13.0, 12.0, 0.0, 0.0, 0.0, 0.0, 0.0, 4.0, 4.0, 20.0, 25.0, 10.0, 3.0, 0.0, 0.0, 0.0, 4.0, 5.0], [1.0, 8.0, 9.0, 9.0, 24.0, 27.0, 21.0, 12.0, 9.0, 4.0, 3.0, 0.0, 0.0, 0.0, 0.0, 0.0, 0.0, 0.0, 0.0, 0.0], [4.0, 8.0, 11.0, 12.0, 0.0, 0.0, 0.0, 0.0, 4.0, 8.0, 8.0, 21.0, 29.0, 14.0, 7.0, 0.0, 0.0, 0.0, 0.0, 0.0]]]"
y_box,[0.0 0.0 0.0 0.0 0.0 0.0 0.0 0.0 -0.0 -0.0 -0.0 -0.0 -0.0 -0.0 -0.0 -0.0 -0.0 -0.0 -0.0 -0.0; -0.0 -0.0 -0.0 -0.0 -0.0 -0.0 -0.0 -0.0 -0.0 -0.0 -0.0 -0.0 -0.0 -0.0 -0.0 -0.0 -0.0 -0.0 -0.0 -0.0; -0.0 -0.0 -0.0 -0.0 -0.0 -0.0 -0.0 -0.0 0.0 0.0 0.0 36.0 -0.0 -0.0 -0.0 -0.0 -0.0 -0.0 -0.0 -0.0; -0.0 -0.0 -0.0 -0.0 -0.0 -0.0 -0.0 -0.0 -0.0 -0.0 -0.0 -0.0 29.0 -0.0 -0.0 -0.0 -0.0 -0.0 -0.0 -0.0; -0.0 -0.0 -0.0 -0.0 -0.0 -0.0 -0.0 -0.0 -0.0 -0.0 -0.0 -0.0 -0.0 -0.0 -0.0 -0.0 -0.0 -0.0 -0.0 -0.0; -0.0 -0.0 -0.0 -0.0 -0.0 -0.0 -0.0 -0.0 -0.0 -0.0 -0.0 -0.0 -0.0 30.0 -0.0 -0.0 -0.0 -0.0 -0.0 -0.0; -0.0 -0.0 -0.0 -0.0 -0.0 -0.0 -0.0 -0.0 -0.0 -0.0 -0.0 -0.0 -0.0 -0.0 0.0 0.0 -0.0 -0.0 -0.0 -0.0; -0.0 -0.0 -0.0 -0.0 -0.0 -0.0 -0.0 -0.0 -0.0 -0.0 -0.0 -0.0 -0.0 -0.0 -0.0 -0.0 -0.0 0.0 15.0 15.0;;;]
evol_bb,"[[0.732, 4.2068150198169336e7]]"
y_bb,[0.0 0.0 0.0 0.0 0.0 0.0 0.0 0.0 -0.0 -0.0 -0.0 -0.0 -0.0 -0.0 -0.0 -0.0 -0.0 -0.0 -0.0 -0.0; -0.0 -0.0 -0.0 -0.0 -0.0 -0.0 -0.0 -0.0 -0.0 -0.0 -0.0 -0.0 -0.0 -0.0 -0.0 -0.0 -0.0 -0.0 -0.0 -0.0; -0.0 -0.0 -0.0 -0.0 -0.0 -0.0 -0.0 -0.0 0.0 0.0 0.0 36.0 -0.0 -0.0 -0.0 -0.0 -0.0 -0.0 -0.0 -0.0; -0.0 -0.0 -0.0 -0.0 -0.0 -0.0 -0.0 -0.0 -0.0 -0.0 -0.0 -0.0 29.0 -0.0 -0.0 -0.0 -0.0 -0.0 -0.0 -0.0; -0.0 -0.0 -0.0 -0.0 -0.0 -0.0 -0.0 -0.0 -0.0 -0.0 -0.0 -0.0 -0.0 -0.0 -0.0 -0.0 -0.0 -0.0 -0.0 -0.0; -0.0 -0.0 -0.0 -0.0 -0.0 -0.0 -0.0 -0.0 -0.0 -0.0 -0.0 -0.0 -0.0 30.0 -0.0 -0.0 -0.0 -0.0 -0.0 -0.0; -0.0 -0.0 -0.0 -0.0 -0.0 -0.0 -0.0 -0.0 -0.0 -0.0 -0.0 -0.0 -0.0 -0.0 0.0 0.0 -0.0 -0.0 -0.0 -0.0; -0.0 -0.0 -0.0 -0.0 -0.0 -0.0 -0.0 -0.0 -0.0 -0.0 -0.0 -0.0 -0.0 -0.0 -0.0 -0.0 -0.0 0.0 15.0 15.0;;;]
evol_box,"[[0.735, 0.0], [3.163, 623571.1681202704], [3.335, 1.331830150357322e7], [3.385, 2.663531381644449e7], [3.395, 3.0120161015390232e7], [3.418, 3.2235906443262793e7], [3.44, 3.5596294813674755e7], [3.457, 3.8707765527019165e7], [3.471, 4.007681264089071e7], [3.488, 4.082356561209337e7], [3.504, 4.132140092622847e7], [3.514, 4.16947774118298e7], [3.529, 4.194369506889736e7], [3.568, 4.2068150198169336e7]]"
y_pb,[[-0.0 -0.0 -0.0 -0.0 0.0 -0.0 -0.0 -0.0 -0.0 -0.0 -0.0 -0.0 -0.0 -0.0 -0.0 -0.0 -0.0 -0.0 -0.0 -0.0; -0.0 -0.0 -0.0 -0.0 -0.0 0.0 -0.0 -0.0 -0.0 -0.0 -0.0 -0.0 -0.0 -0.0 -0.0 -0.0 -0.0 -0.0 -0.0 -0.0; -0.0 -0.0 -0.0 -0.0 -0.0 -0.0 -0.0 -0.0 -0.0 -0.0 -0.0 36.0 -0.0 -0.0 -0.0 -0.0 -0.0 -0.0 -0.0 -0.0; -0.0 -0.0 -0.0 -0.0 -0.0 -0.0 -0.0 -0.0 -0.0 -0.0 -0.0 -0.0 29.0 -0.0 -0.0 -0.0 -0.0 -0.0 -0.0 -0.0; -0.0 -0.0 -0.0 -0.0 -0.0 -0.0 -0.0 -0.0 -0.0 -0.0 -0.0 -0.0 0.0 -0.0 -0.0 -0.0 -0.0 -0.0 -0.0 -0.0; -0.0 -0.0 -0.0 -0.0 -0.0 -0.0 -0.0 -0.0 -0.0 -0.0 -0.0 -0.0 -0.0 30.0 -0.0 -0.0 -0.0 -0.0 -0.0 -0.0; -0.0 -0.0 -0.0 -0.0 -0.0 -0.0 -0.0 -0.0 -0.0 -0.0 -0.0 -0.0 -0.0 0.0 -0.0 -0.0 -0.0 -0.0 -0.0 -0.0; -0.0 -0.0 -0.0 -0.0 -0.0 -0.0 -0.0 -0.0 -0.0 -0.0 -0.0 -0.0 -0.0 -0.0 -0.0 -0.0 -0.0 -0.0 15.0 15.0;;;]]
x_bb,"[0.0, 0.0, 36.0, 29.0, 0.0, 30.0, 0.0, 30.0]"
x_box,"[0.0, 0.0, 36.0, 29.0, 0.0, 30.0, 0.0, 30.0]"
evol_zeta,"[[2.573, 35.285714285714356], [3.332, 27.090909090909093], [3.382, 24.000000000000018], [3.391, 18.0], [3.414, 16.81818181818182], [3.437, 14.18181818181818], [3.453, 13.666666666666668], [3.468, 10.375], [3.485, 5.200000000000003], [3.5, 3.0], [3.511, 2.81818181818182], [3.526, 2.0000000000000027], [3.564, 1.0000000002000036], [3.604, 0.0]]"
ξ_box,[20.0; 16.0; 13.0; 12.0; 27.0; 27.0; 26.0; 28.0; 28.0; 23.0; 22.0; 36.0; 29.0; 30.0; 28.0; 24.0; 23.0; 20.0; 16.0; 15.0;;]
