first,second
s_box,[35.0; 37.0; 14.0; 34.0; 17.0; 15.0; 19.0; 19.0; 18.0; 14.0; 10.0; 5.0; 9.0; 13.0; 15.0; 0.0; 28.0; 0.0; 30.0; 0.0;;]
x_pb,"[-0.0, -0.0, 0.0, -0.0, -0.0, 29.0, 51.0, 33.0]"
s_bb,[35.0; 37.0; 14.0; 34.0; 17.0; 15.0; 19.0; 19.0; 18.0; 14.0; 10.0; 5.0; 9.0; 13.0; 15.0; 0.0; 28.0; 0.0; 30.0; 0.0;;]
partition_bb,"[[[34.0, 37.0, 31.0, 14.0, 0.0, 0.0, 0.0, 0.0, 0.0, 0.0, 0.0, 0.0, 0.0, 0.0, 0.0, 0.0, 0.0, 0.0, 0.0, 0.0], [0.0, 0.0, 0.0, 0.0, 0.0, 0.0, 0.0, 0.0, 0.0, 0.0, 0.0, 0.0, 0.0, 0.0, 3.0, 12.0, 18.0, 23.0, 26.0, 33.0], [9.0, 11.0, 17.0, 34.0, 12.0, 12.0, 8.0, 6.0, 5.0, 3.0, 0.0, 0.0, 0.0, 0.0, 0.0, 0.0, 0.0, 0.0, 0.0, 0.0], [0.0, 0.0, 0.0, 0.0, 0.0, 0.0, 0.0, 0.0, 0.0, 0.0, 0.0, 5.0, 9.0, 9.0, 13.0, 29.0, 23.0, 10.0, 10.0, 8.0], [3.0, 6.0, 0.0, 0.0, 15.0, 13.0, 17.0, 19.0, 18.0, 4.0, 4.0, 0.0, 0.0, 0.0, 0.0, 6.0, 0.0, 0.0, 1.0, 8.0], [16.0, 19.0, 13.0, 0.0, 0.0, 0.0, 0.0, 0.0, 0.0, 14.0, 10.0, 5.0, 9.0, 13.0, 9.0, 0.0, 0.0, 0.0, 0.0, 7.0], [0.0, 0.0, 0.0, 0.0, 0.0, 0.0, 0.0, 0.0, 0.0, 0.0, 0.0, 0.0, 0.0, 5.0, 9.0, 10.0, 16.0, 29.0, 26.0, 19.0], [28.0, 30.0, 36.0, 19.0, 0.0, 0.0, 0.0, 0.0, 0.0, 0.0, 0.0, 0.0, 0.0, 0.0, 0.0, 0.0, 0.0, 0.0, 0.0, 0.0], [0.0, 0.0, 0.0, 0.0, 0.0, 0.0, 0.0, 0.0, 0.0, 0.0, 0.0, 2.0, 6.0, 6.0, 10.0, 22.0, 28.0, 15.0, 15.0, 13.0], [0.0, 0.0, 0.0, 0.0, 0.0, 0.0, 0.0, 0.0, 0.0, 0.0, 0.0, 0.0, 1.0, 3.0, 7.0, 11.0, 17.0, 27.0, 30.0, 23.0], [0.0, 0.0, 0.0, 0.0, 15.0, 15.0, 19.0, 17.0, 16.0, 2.0, 0.0, 0.0, 0.0, 0.0, 4.0, 16.0, 10.0, 0.0, 0.0, 0.0], [0.0, 0.0, 0.0, 0.0, 17.0, 15.0, 13.0, 11.0, 10.0, 0.0, 0.0, 3.0, 4.0, 9.0, 13.0, 0.0, 0.0, 11.0, 8.0, 1.0], [0.0, 0.0, 0.0, 0.0, 7.0, 9.0, 5.0, 3.0, 2.0, 0.0, 2.0, 5.0, 6.0, 11.0, 15.0, 0.0, 6.0, 19.0, 16.0, 9.0], [35.0, 32.0, 27.0, 10.0, 0.0, 0.0, 0.0, 0.0, 0.0, 0.0, 0.0, 4.0, 0.0, 0.0, 0.0, 0.0, 0.0, 0.0, 0.0, 0.0]]]"
y_box,[0.0 0.0 22.0 -0.0 -0.0 -0.0 -0.0 -0.0 -0.0 -0.0 -0.0 -0.0 -0.0 -0.0 -0.0 -0.0 -0.0 -0.0 -0.0 -0.0; -0.0 -0.0 -0.0 0.0 -0.0 -0.0 -0.0 -0.0 -0.0 -0.0 -0.0 -0.0 -0.0 -0.0 -0.0 -0.0 -0.0 -0.0 -0.0 -0.0; -0.0 -0.0 -0.0 -0.0 0.0 0.0 0.0 0.0 0.0 -0.0 -0.0 -0.0 -0.0 -0.0 -0.0 -0.0 -0.0 -0.0 -0.0 -0.0; -0.0 -0.0 -0.0 -0.0 -0.0 -0.0 -0.0 -0.0 -0.0 0.0 0.0 0.0 0.0 -0.0 -0.0 -0.0 -0.0 -0.0 -0.0 -0.0; -0.0 -0.0 -0.0 -0.0 -0.0 -0.0 -0.0 -0.0 -0.0 -0.0 -0.0 -0.0 -0.0 -0.0 -0.0 -0.0 -0.0 -0.0 -0.0 -0.0; -0.0 -0.0 -0.0 -0.0 -0.0 -0.0 -0.0 -0.0 -0.0 -0.0 -0.0 -0.0 -0.0 0.0 -0.0 29.0 0.0 -0.0 -0.0 -0.0; -0.0 -0.0 -0.0 -0.0 -0.0 -0.0 -0.0 -0.0 -0.0 -0.0 -0.0 -0.0 -0.0 -0.0 -0.0 -0.0 -0.0 29.0 -0.0 -0.0; -0.0 -0.0 -0.0 -0.0 -0.0 -0.0 -0.0 -0.0 -0.0 -0.0 -0.0 -0.0 -0.0 -0.0 -0.0 -0.0 -0.0 -0.0 -0.0 33.0;;;]
evol_bb,"[[0.548, 4.205438996369476e7]]"
y_bb,[0.0 0.0 22.0 -0.0 -0.0 -0.0 -0.0 -0.0 -0.0 -0.0 -0.0 -0.0 -0.0 -0.0 -0.0 -0.0 -0.0 -0.0 -0.0 -0.0; -0.0 -0.0 -0.0 0.0 -0.0 -0.0 -0.0 -0.0 -0.0 -0.0 -0.0 -0.0 -0.0 -0.0 -0.0 -0.0 -0.0 -0.0 -0.0 -0.0; -0.0 -0.0 -0.0 -0.0 0.0 0.0 0.0 0.0 0.0 -0.0 -0.0 -0.0 -0.0 -0.0 -0.0 -0.0 -0.0 -0.0 -0.0 -0.0; -0.0 -0.0 -0.0 -0.0 -0.0 -0.0 -0.0 -0.0 -0.0 0.0 0.0 0.0 0.0 -0.0 -0.0 -0.0 -0.0 -0.0 -0.0 -0.0; -0.0 -0.0 -0.0 -0.0 -0.0 -0.0 -0.0 -0.0 -0.0 -0.0 -0.0 -0.0 -0.0 -0.0 -0.0 -0.0 -0.0 -0.0 -0.0 -0.0; -0.0 -0.0 -0.0 -0.0 -0.0 -0.0 -0.0 -0.0 -0.0 -0.0 -0.0 -0.0 -0.0 0.0 -0.0 29.0 0.0 -0.0 -0.0 -0.0; -0.0 -0.0 -0.0 -0.0 -0.0 -0.0 -0.0 -0.0 -0.0 -0.0 -0.0 -0.0 -0.0 -0.0 -0.0 -0.0 -0.0 29.0 -0.0 -0.0; -0.0 -0.0 -0.0 -0.0 -0.0 -0.0 -0.0 -0.0 -0.0 -0.0 -0.0 -0.0 -0.0 -0.0 -0.0 -0.0 -0.0 -0.0 -0.0 33.0;;;]
evol_box,"[[0.507, 0.0], [2.444, 380923.970631636], [2.536, 1.4947302335837286e7], [2.544, 2.33074470714265e7], [2.554, 3.0274202271444157e7], [2.562, 3.58476320951703e7], [2.574, 3.787433384925253e7], [2.614, 3.863433075368099e7], [2.625, 3.9267675051831685e7], [2.636, 3.990101934998239e7], [2.647, 4.040769478850294e7], [2.658, 4.09143702270235e7], [2.671, 4.1674383384804346e7], [2.681, 4.192772110406462e7], [2.716, 4.205438996369476e7]]"
y_pb,[[-0.0 -0.0 0.0 -0.0 -0.0 -0.0 -0.0 -0.0 -0.0 -0.0 -0.0 -0.0 -0.0 -0.0 -0.0 -0.0 -0.0 -0.0 -0.0 -0.0; -0.0 -0.0 -0.0 0.0 -0.0 -0.0 -0.0 -0.0 -0.0 -0.0 -0.0 -0.0 -0.0 -0.0 -0.0 -0.0 -0.0 -0.0 -0.0 -0.0; -0.0 -0.0 -0.0 -0.0 -0.0 -0.0 -0.0 -0.0 -0.0 -0.0 -0.0 -0.0 -0.0 -0.0 -0.0 -0.0 -0.0 -0.0 -0.0 -0.0; -0.0 -0.0 -0.0 -0.0 -0.0 -0.0 -0.0 -0.0 -0.0 -0.0 -0.0 0.0 -0.0 -0.0 -0.0 -0.0 -0.0 -0.0 -0.0 -0.0; -0.0 -0.0 -0.0 -0.0 -0.0 -0.0 -0.0 -0.0 -0.0 -0.0 -0.0 -0.0 0.0 -0.0 -0.0 -0.0 -0.0 -0.0 -0.0 -0.0; -0.0 -0.0 -0.0 -0.0 -0.0 -0.0 -0.0 -0.0 -0.0 -0.0 -0.0 -0.0 -0.0 -0.0 -0.0 29.0 -0.0 -0.0 -0.0 -0.0; -0.0 -0.0 -0.0 -0.0 -0.0 -0.0 -0.0 -0.0 -0.0 -0.0 -0.0 -0.0 -0.0 -0.0 -0.0 -0.0 -0.0 29.0 22.0 -0.0; -0.0 -0.0 -0.0 -0.0 -0.0 -0.0 -0.0 -0.0 -0.0 -0.0 -0.0 -0.0 -0.0 -0.0 -0.0 -0.0 -0.0 -0.0 -0.0 33.0;;;]]
x_bb,"[22.0, 0.0, 0.0, 0.0, 0.0, 29.0, 29.0, 33.0]"
x_box,"[22.0, 0.0, 0.0, 0.0, 0.0, 29.0, 29.0, 33.0]"
evol_zeta,"[[2.04, 36.25], [2.534, 32.666666666666664], [2.542, 19.599999999999994], [2.552, 16.666666666666668], [2.56, 13.0], [2.572, 10.0], [2.611, 5.857142857142858], [2.623, 5.0], [2.634, 4.555555555555557], [2.645, 4.0], [2.655, 3.25], [2.668, 2.0], [2.679, 2.0000000000000284], [2.713, 1.0000000002000036], [2.743, 0.0]]"
ξ_box,[35.0; 37.0; 36.0; 34.0; 17.0; 15.0; 19.0; 19.0; 18.0; 14.0; 10.0; 5.0; 9.0; 13.0; 15.0; 29.0; 28.0; 29.0; 30.0; 33.0;;]
