first,second
s_box,[2.0; 4.0; 17.0; 15.0; 5.0; 2.0; 14.0; 0.0; 0.0; 0.0; 0.0; 0.0; 18.0; 24.0; 25.0; 23.0; 19.0; 0.0; 0.0; 0.0;;]
x_pb,"[-0.0, -0.0, 68.0, 25.0, -0.0, -0.0, -0.0, 9.0]"
s_bb,[2.0; 4.0; 17.0; 15.0; 5.0; 2.0; 14.0; 0.0; 0.0; 0.0; 0.0; 0.0; 18.0; 24.0; 25.0; 23.0; 19.0; 0.0; 0.0; 0.0;;]
partition_bb,"[[[0.0, 0.0, 0.0, 0.0, 0.0, 0.0, 0.0, 0.0, 1.0, 1.0, 5.0, 12.0, 15.0, 19.0, 25.0, 19.0, 9.0, 0.0, 0.0, 0.0], [2.0, 4.0, 17.0, 13.0, 3.0, 0.0, 6.0, 4.0, 1.0, 0.0, 0.0, 0.0, 4.0, 0.0, 6.0, 0.0, 0.0, 2.0, 1.0, 6.0], [0.0, 0.0, 0.0, 0.0, 0.0, 2.0, 10.0, 12.0, 15.0, 16.0, 20.0, 13.0, 10.0, 5.0, 0.0, 0.0, 0.0, 0.0, 0.0, 0.0], [0.0, 0.0, 0.0, 0.0, 0.0, 0.0, 0.0, 2.0, 4.0, 4.0, 8.0, 16.0, 18.0, 12.0, 8.0, 8.0, 19.0, 2.0, 1.0, 0.0], [0.0, 0.0, 0.0, 0.0, 0.0, 0.0, 5.0, 7.0, 9.0, 9.0, 13.0, 21.0, 17.0, 13.0, 8.0, 2.0, 0.0, 0.0, 0.0, 0.0], [0.0, 0.0, 0.0, 0.0, 0.0, 0.0, 1.0, 3.0, 4.0, 4.0, 8.0, 16.0, 18.0, 24.0, 18.0, 12.0, 4.0, 0.0, 0.0, 0.0], [2.0, 4.0, 3.0, 14.0, 5.0, 2.0, 14.0, 16.0, 13.0, 12.0, 7.0, 2.0, 0.0, 0.0, 0.0, 0.0, 0.0, 2.0, 1.0, 6.0], [0.0, 0.0, 0.0, 0.0, 0.0, 0.0, 0.0, 0.0, 0.0, 0.0, 3.0, 10.0, 13.0, 17.0, 23.0, 23.0, 12.0, 2.0, 1.0, 0.0], [0.0, 0.0, 0.0, 0.0, 0.0, 0.0, 2.0, 4.0, 7.0, 8.0, 12.0, 18.0, 22.0, 16.0, 12.0, 7.0, 0.0, 0.0, 0.0, 0.0], [2.0, 4.0, 0.0, 0.0, 5.0, 2.0, 14.0, 13.0, 16.0, 15.0, 10.0, 4.0, 1.0, 0.0, 0.0, 0.0, 0.0, 2.0, 1.0, 6.0], [2.0, 3.0, 17.0, 15.0, 5.0, 2.0, 14.0, 13.0, 10.0, 9.0, 4.0, 0.0, 0.0, 0.0, 0.0, 0.0, 11.0, 0.0, 0.0, 0.0]]]"
y_box,[0.0 0.0 0.0 -0.0 -0.0 -0.0 -0.0 -0.0 -0.0 -0.0 -0.0 -0.0 -0.0 -0.0 -0.0 -0.0 -0.0 -0.0 -0.0 -0.0; -0.0 -0.0 -0.0 0.0 -0.0 -0.0 -0.0 -0.0 -0.0 -0.0 -0.0 -0.0 -0.0 -0.0 -0.0 -0.0 -0.0 -0.0 -0.0 -0.0; -0.0 -0.0 -0.0 -0.0 0.0 0.0 -0.0 16.0 16.0 16.0 20.0 -0.0 -0.0 -0.0 -0.0 -0.0 -0.0 -0.0 -0.0 -0.0; -0.0 -0.0 -0.0 -0.0 -0.0 -0.0 -0.0 -0.0 -0.0 -0.0 -0.0 21.0 4.0 -0.0 -0.0 -0.0 -0.0 -0.0 -0.0 -0.0; -0.0 -0.0 -0.0 -0.0 -0.0 -0.0 -0.0 -0.0 -0.0 -0.0 -0.0 -0.0 -0.0 0.0 -0.0 -0.0 -0.0 -0.0 -0.0 -0.0; -0.0 -0.0 -0.0 -0.0 -0.0 -0.0 -0.0 -0.0 -0.0 -0.0 -0.0 -0.0 -0.0 -0.0 0.0 0.0 -0.0 -0.0 -0.0 -0.0; -0.0 -0.0 -0.0 -0.0 -0.0 -0.0 -0.0 -0.0 -0.0 -0.0 -0.0 -0.0 -0.0 -0.0 -0.0 -0.0 0.0 -0.0 -0.0 -0.0; -0.0 -0.0 -0.0 -0.0 -0.0 -0.0 -0.0 -0.0 -0.0 -0.0 -0.0 -0.0 -0.0 -0.0 -0.0 -0.0 -0.0 2.0 1.0 6.0;;;]
evol_bb,"[[0.448, 2.1993085655400395e7]]"
y_bb,[0.0 0.0 0.0 -0.0 -0.0 -0.0 -0.0 -0.0 -0.0 -0.0 -0.0 -0.0 -0.0 -0.0 -0.0 -0.0 -0.0 -0.0 -0.0 -0.0; -0.0 -0.0 -0.0 0.0 -0.0 -0.0 -0.0 -0.0 -0.0 -0.0 -0.0 -0.0 -0.0 -0.0 -0.0 -0.0 -0.0 -0.0 -0.0 -0.0; -0.0 -0.0 -0.0 -0.0 0.0 0.0 -0.0 16.0 16.0 16.0 20.0 -0.0 -0.0 -0.0 -0.0 -0.0 -0.0 -0.0 -0.0 -0.0; -0.0 -0.0 -0.0 -0.0 -0.0 -0.0 -0.0 -0.0 -0.0 -0.0 -0.0 21.0 4.0 -0.0 -0.0 -0.0 -0.0 -0.0 -0.0 -0.0; -0.0 -0.0 -0.0 -0.0 -0.0 -0.0 -0.0 -0.0 -0.0 -0.0 -0.0 -0.0 -0.0 0.0 -0.0 -0.0 -0.0 -0.0 -0.0 -0.0; -0.0 -0.0 -0.0 -0.0 -0.0 -0.0 -0.0 -0.0 -0.0 -0.0 -0.0 -0.0 -0.0 -0.0 0.0 0.0 -0.0 -0.0 -0.0 -0.0; -0.0 -0.0 -0.0 -0.0 -0.0 -0.0 -0.0 -0.0 -0.0 -0.0 -0.0 -0.0 -0.0 -0.0 -0.0 -0.0 0.0 -0.0 -0.0 -0.0; -0.0 -0.0 -0.0 -0.0 -0.0 -0.0 -0.0 -0.0 -0.0 -0.0 -0.0 -0.0 -0.0 -0.0 -0.0 -0.0 -0.0 2.0 1.0 6.0;;;]
evol_box,"[[0.455, 0.0], [2.041, 524677.9854028275], [2.121, 8.117190828040166e6], [2.13, 1.5971326914092403e7], [2.149, 1.728041056306217e7], [2.168, 1.872039039044457e7], [2.178, 1.9374932214929454e7], [2.198, 2.0029474039414335e7], [2.208, 2.08149242287962e7], [2.225, 2.1600366386899233e7], [2.243, 2.1862183116693184e7], [2.265, 2.1993085655400395e7]]"
y_pb,[[-0.0 -0.0 0.0 -0.0 -0.0 -0.0 -0.0 -0.0 -0.0 -0.0 -0.0 -0.0 -0.0 -0.0 -0.0 -0.0 -0.0 -0.0 -0.0 -0.0; -0.0 -0.0 0.0 -0.0 -0.0 -0.0 -0.0 -0.0 -0.0 -0.0 -0.0 -0.0 -0.0 -0.0 -0.0 -0.0 -0.0 -0.0 -0.0 -0.0; -0.0 -0.0 -0.0 -0.0 -0.0 -0.0 -0.0 16.0 16.0 16.0 20.000000000000004 -0.0 -0.0 -0.0 -0.0 -0.0 -0.0 -0.0 -0.0 -0.0; -0.0 -0.0 -0.0 -0.0 -0.0 -0.0 -0.0 -0.0 -0.0 -0.0 -0.0 21.0 4.0 -0.0 -0.0 -0.0 -0.0 -0.0 -0.0 -0.0; -0.0 -0.0 -0.0 -0.0 -0.0 -0.0 -0.0 -0.0 -0.0 -0.0 -0.0 -0.0 0.0 -0.0 -0.0 -0.0 -0.0 -0.0 -0.0 -0.0; -0.0 -0.0 -0.0 -0.0 -0.0 -0.0 -0.0 -0.0 -0.0 -0.0 -0.0 -0.0 -0.0 -0.0 0.0 -0.0 -0.0 -0.0 -0.0 -0.0; -0.0 -0.0 -0.0 -0.0 -0.0 -0.0 -0.0 -0.0 -0.0 -0.0 -0.0 -0.0 -0.0 -0.0 -0.0 0.0 -0.0 -0.0 -0.0 -0.0; -0.0 -0.0 -0.0 -0.0 -0.0 -0.0 -0.0 -0.0 -0.0 -0.0 -0.0 -0.0 -0.0 -0.0 -0.0 -0.0 -0.0 2.0 1.0 6.0;;;]]
x_bb,"[0.0, 0.0, 68.0, 25.0, 0.0, 0.0, 0.0, 9.0]"
x_box,"[0.0, 0.0, 68.0, 25.0, 0.0, 0.0, 0.0, 9.0]"
evol_zeta,"[[1.686, 24.555555555555557], [2.119, 17.0], [2.128, 15.0], [2.146, 10.0], [2.165, 8.799999999999997], [2.176, 4.4], [2.196, 4.09090909090909], [2.206, 4.0], [2.223, 3.000000000400007], [2.24, 2.0], [2.263, 1.000000000200007], [2.28, 0.0]]"
ξ_box,[2.0; 4.0; 17.0; 15.0; 5.0; 2.0; 14.0; 16.0; 16.0; 16.0; 20.0; 21.0; 22.0; 24.0; 25.0; 23.0; 19.0; 2.0; 1.0; 6.0;;]
