first,second
s_box,[5.0; 13.0; 0.0; 26.0; 0.0; 24.0; 15.0; 13.0; 10.0; 7.0; 12.0; 0.0; 23.0; 21.0; 19.0; 19.0; 0.0; 9.0; 12.0; 13.0;;]
x_pb,"[24.0, 17.0, -0.0, -0.0, -0.0, 20.0, 26.0, -0.0]"
s_bb,[5.0; 13.0; 0.0; 26.0; 0.0; 24.0; 15.0; 13.0; 10.0; 7.0; 12.0; 0.0; 23.0; 21.0; 19.0; 19.0; 0.0; 9.0; 12.0; 13.0;;]
partition_bb,"[[[0.0, 9.0, 17.0, 26.0, 17.0, 14.0, 4.0, 2.0, 0.0, 0.0, 0.0, 0.0, 0.0, 0.0, 0.0, 0.0, 0.0, 0.0, 0.0, 0.0], [0.0, 0.0, 0.0, 8.0, 0.0, 0.0, 0.0, 0.0, 4.0, 7.0, 12.0, 20.0, 23.0, 7.0, 4.0, 2.0, 0.0, 0.0, 0.0, 0.0], [0.0, 0.0, 0.0, 0.0, 0.0, 0.0, 0.0, 0.0, 0.0, 0.0, 0.0, 0.0, 0.0, 14.0, 17.0, 19.0, 17.0, 9.0, 6.0, 5.0], [5.0, 4.0, 15.0, 6.0, 2.0, 10.0, 11.0, 13.0, 7.0, 4.0, 9.0, 0.0, 0.0, 0.0, 0.0, 0.0, 0.0, 3.0, 0.0, 0.0], [0.0, 0.0, 3.0, 12.0, 16.0, 24.0, 14.0, 12.0, 6.0, 3.0, 0.0, 0.0, 0.0, 0.0, 0.0, 0.0, 0.0, 0.0, 0.0, 0.0], [0.0, 4.0, 13.0, 17.0, 26.0, 18.0, 8.0, 6.0, 0.0, 0.0, 0.0, 0.0, 0.0, 0.0, 0.0, 0.0, 0.0, 0.0, 0.0, 0.0], [0.0, 0.0, 0.0, 9.0, 0.0, 0.0, 0.0, 0.0, 0.0, 0.0, 0.0, 0.0, 6.0, 9.0, 12.0, 10.0, 8.0, 9.0, 12.0, 13.0], [5.0, 13.0, 24.0, 15.0, 11.0, 3.0, 1.0, 3.0, 9.0, 6.0, 1.0, 0.0, 0.0, 0.0, 0.0, 0.0, 0.0, 0.0, 0.0, 0.0], [0.0, 0.0, 0.0, 0.0, 0.0, 0.0, 0.0, 0.0, 0.0, 0.0, 0.0, 2.0, 5.0, 21.0, 18.0, 16.0, 14.0, 8.0, 5.0, 4.0], [5.0, 13.0, 2.0, 9.0, 0.0, 0.0, 2.0, 4.0, 10.0, 7.0, 2.0, 0.0, 0.0, 0.0, 0.0, 0.0, 1.0, 9.0, 11.0, 12.0], [5.0, 13.0, 2.0, 8.0, 0.0, 5.0, 15.0, 13.0, 10.0, 7.0, 9.0, 0.0, 0.0, 0.0, 0.0, 0.0, 0.0, 0.0, 0.0, 0.0], [0.0, 0.0, 0.0, 0.0, 0.0, 0.0, 0.0, 0.0, 0.0, 0.0, 0.0, 0.0, 0.0, 16.0, 19.0, 17.0, 15.0, 9.0, 6.0, 5.0]]]"
y_box,[0.0 0.0 24.0 0.0 -0.0 -0.0 -0.0 -0.0 -0.0 -0.0 -0.0 -0.0 -0.0 -0.0 -0.0 -0.0 -0.0 -0.0 -0.0 -0.0; -0.0 -0.0 -0.0 -0.0 26.0 0.0 -0.0 -0.0 -0.0 -0.0 -0.0 -0.0 -0.0 -0.0 -0.0 -0.0 -0.0 -0.0 -0.0 -0.0; -0.0 -0.0 -0.0 -0.0 -0.0 -0.0 -0.0 -0.0 -0.0 -0.0 -0.0 -0.0 -0.0 -0.0 -0.0 -0.0 -0.0 -0.0 -0.0 -0.0; -0.0 -0.0 -0.0 -0.0 -0.0 -0.0 -0.0 -0.0 -0.0 -0.0 -0.0 -0.0 -0.0 -0.0 -0.0 -0.0 -0.0 -0.0 -0.0 -0.0; -0.0 -0.0 -0.0 -0.0 -0.0 -0.0 0.0 0.0 0.0 0.0 -0.0 -0.0 -0.0 -0.0 -0.0 -0.0 -0.0 -0.0 -0.0 -0.0; -0.0 -0.0 -0.0 -0.0 -0.0 -0.0 -0.0 -0.0 -0.0 -0.0 0.0 20.0 0.0 -0.0 -0.0 -0.0 -0.0 -0.0 -0.0 -0.0; -0.0 -0.0 -0.0 -0.0 -0.0 -0.0 -0.0 -0.0 -0.0 -0.0 -0.0 -0.0 -0.0 0.0 0.0 0.0 17.0 0.0 0.0 -0.0; -0.0 -0.0 -0.0 -0.0 -0.0 -0.0 -0.0 -0.0 -0.0 -0.0 -0.0 -0.0 -0.0 -0.0 -0.0 -0.0 -0.0 -0.0 -0.0 0.0;;;]
evol_bb,"[[0.37, 3.016391086473172e7]]"
y_bb,[0.0 0.0 24.0 0.0 -0.0 -0.0 -0.0 -0.0 -0.0 -0.0 -0.0 -0.0 -0.0 -0.0 -0.0 -0.0 -0.0 -0.0 -0.0 -0.0; -0.0 -0.0 -0.0 -0.0 26.0 0.0 -0.0 -0.0 -0.0 -0.0 -0.0 -0.0 -0.0 -0.0 -0.0 -0.0 -0.0 -0.0 -0.0 -0.0; -0.0 -0.0 -0.0 -0.0 -0.0 -0.0 -0.0 -0.0 -0.0 -0.0 -0.0 -0.0 -0.0 -0.0 -0.0 -0.0 -0.0 -0.0 -0.0 -0.0; -0.0 -0.0 -0.0 -0.0 -0.0 -0.0 -0.0 -0.0 -0.0 -0.0 -0.0 -0.0 -0.0 -0.0 -0.0 -0.0 -0.0 -0.0 -0.0 -0.0; -0.0 -0.0 -0.0 -0.0 -0.0 -0.0 0.0 0.0 0.0 0.0 -0.0 -0.0 -0.0 -0.0 -0.0 -0.0 -0.0 -0.0 -0.0 -0.0; -0.0 -0.0 -0.0 -0.0 -0.0 -0.0 -0.0 -0.0 -0.0 -0.0 0.0 20.0 0.0 -0.0 -0.0 -0.0 -0.0 -0.0 -0.0 -0.0; -0.0 -0.0 -0.0 -0.0 -0.0 -0.0 -0.0 -0.0 -0.0 -0.0 -0.0 -0.0 -0.0 0.0 0.0 0.0 17.0 0.0 0.0 -0.0; -0.0 -0.0 -0.0 -0.0 -0.0 -0.0 -0.0 -0.0 -0.0 -0.0 -0.0 -0.0 -0.0 -0.0 -0.0 -0.0 -0.0 -0.0 -0.0 0.0;;;]
evol_box,"[[0.438, 0.0], [1.932, 251105.34025408386], [2.003, 1.0889357573172472e7], [2.009, 1.9275019345157407e7], [2.015, 2.3530455868006736e7], [2.025, 2.4782054845315367e7], [2.034, 2.590849337491071e7], [2.043, 2.7660731943142787e7], [2.06, 2.9037471785153963e7], [2.066, 3.003875096700086e7], [2.079, 3.016391086473172e7]]"
y_pb,[[-0.0 -0.0 24.0 -0.0 -0.0 -0.0 -0.0 -0.0 -0.0 -0.0 -0.0 -0.0 -0.0 -0.0 -0.0 -0.0 -0.0 -0.0 -0.0 -0.0; -0.0 -0.0 -0.0 -0.0 17.0 -0.0 -0.0 -0.0 -0.0 -0.0 -0.0 -0.0 -0.0 -0.0 -0.0 -0.0 -0.0 -0.0 -0.0 -0.0; -0.0 -0.0 -0.0 -0.0 -0.0 0.0 -0.0 -0.0 -0.0 -0.0 -0.0 -0.0 -0.0 -0.0 -0.0 -0.0 -0.0 -0.0 -0.0 -0.0; -0.0 -0.0 -0.0 -0.0 -0.0 0.0 -0.0 -0.0 -0.0 -0.0 -0.0 -0.0 -0.0 -0.0 -0.0 -0.0 -0.0 -0.0 -0.0 -0.0; -0.0 -0.0 -0.0 -0.0 -0.0 -0.0 -0.0 -0.0 -0.0 -0.0 0.0 -0.0 -0.0 -0.0 -0.0 -0.0 -0.0 -0.0 -0.0 -0.0; -0.0 -0.0 -0.0 -0.0 -0.0 -0.0 -0.0 -0.0 -0.0 -0.0 -0.0 20.000000000000004 -0.0 -0.0 -0.0 -0.0 -0.0 -0.0 -0.0 -0.0; -0.0 -0.0 -0.0 -0.0 -0.0 -0.0 -0.0 -0.0 -0.0 -0.0 -0.0 -0.0 -0.0 -0.0 -0.0 -0.0 17.000000000000004 9.0 -0.0 -0.0; -0.0 -0.0 -0.0 -0.0 -0.0 -0.0 -0.0 -0.0 -0.0 -0.0 -0.0 -0.0 -0.0 -0.0 -0.0 -0.0 -0.0 -0.0 -0.0 0.0;;;]]
x_bb,"[24.0, 26.0, 0.0, 0.0, 0.0, 20.0, 17.0, 0.0]"
x_box,"[24.0, 26.0, 0.0, 0.0, 0.0, 20.0, 17.0, 0.0]"
evol_zeta,"[[1.608, 25.71428571428571], [2.001, 23.0], [2.007, 17.0], [2.013, 11.0], [2.023, 9.625], [2.032, 8.285714285714313], [2.041, 8.0], [2.057, 7.000000000800014], [2.064, 6.333333333333332], [2.076, 1.0000000000000033], [2.084, 0.0]]"
ξ_box,[5.0; 13.0; 24.0; 26.0; 26.0; 24.0; 15.0; 13.0; 10.0; 7.0; 12.0; 20.0; 23.0; 21.0; 19.0; 19.0; 17.0; 9.0; 12.0; 13.0;;]
