first,second
s_box,[0.0; 0.0; 0.0; 0.0; 0.0; 0.0; 0.0; 0.0; 2.0; 24.0; 24.0; 24.0; 25.0; 24.0; 24.0; 15.0; 19.0; 24.0; 29.0; 36.0;;]
x_pb,"[49.0, 0.0, 38.0, 10.0, 20.0, -0.0, -0.0, -0.0]"
s_bb,[0.0; 0.0; 0.0; 0.0; 0.0; 0.0; 0.0; 0.0; 2.0; 24.0; 24.0; 24.0; 25.0; 24.0; 24.0; 15.0; 19.0; 24.0; 29.0; 36.0;;]
partition_bb,"[[[0.0, 0.0, 0.0, 0.0, 0.0, 0.0, 0.0, 0.0, 0.0, 0.0, 0.0, 0.0, 0.0, 0.0, 3.0, 7.0, 8.0, 13.0, 29.0, 36.0], [26.0, 23.0, 13.0, 9.0, 6.0, 4.0, 4.0, 0.0, 0.0, 0.0, 0.0, 0.0, 0.0, 0.0, 1.0, 10.0, 9.0, 14.0, 0.0, 0.0], [0.0, 0.0, 0.0, 0.0, 0.0, 0.0, 0.0, 0.0, 5.0, 11.0, 12.0, 14.0, 25.0, 19.0, 16.0, 7.0, 6.0, 5.0, 0.0, 0.0], [3.0, 0.0, 0.0, 0.0, 2.0, 4.0, 6.0, 10.0, 22.0, 16.0, 15.0, 13.0, 6.0, 0.0, 0.0, 0.0, 0.0, 0.0, 7.0, 14.0], [0.0, 3.0, 13.0, 9.0, 6.0, 4.0, 6.0, 10.0, 0.0, 0.0, 0.0, 0.0, 0.0, 6.0, 9.0, 15.0, 19.0, 14.0, 0.0, 3.0], [0.0, 0.0, 0.0, 0.0, 0.0, 0.0, 0.0, 0.0, 0.0, 0.0, 0.0, 0.0, 4.0, 10.0, 11.0, 15.0, 19.0, 24.0, 21.0, 14.0], [0.0, 0.0, 0.0, 0.0, 0.0, 0.0, 0.0, 2.0, 15.0, 21.0, 22.0, 24.0, 13.0, 10.0, 9.0, 2.0, 1.0, 0.0, 0.0, 0.0], [0.0, 0.0, 0.0, 0.0, 0.0, 0.0, 0.0, 0.0, 0.0, 6.0, 7.0, 9.0, 15.0, 21.0, 24.0, 15.0, 14.0, 11.0, 0.0, 0.0], [0.0, 0.0, 0.0, 0.0, 0.0, 0.0, 2.0, 5.0, 18.0, 24.0, 23.0, 21.0, 10.0, 7.0, 6.0, 1.0, 0.0, 0.0, 0.0, 0.0], [0.0, 0.0, 0.0, 0.0, 0.0, 0.0, 0.0, 0.0, 1.0, 7.0, 8.0, 10.0, 18.0, 24.0, 21.0, 12.0, 11.0, 10.0, 0.0, 0.0], [0.0, 0.0, 0.0, 0.0, 0.0, 0.0, 1.0, 4.0, 17.0, 23.0, 24.0, 22.0, 11.0, 8.0, 7.0, 2.0, 0.0, 0.0, 0.0, 0.0]]]"
y_box,[26.0 23.0 0.0 -0.0 -0.0 -0.0 -0.0 -0.0 -0.0 -0.0 -0.0 -0.0 -0.0 -0.0 -0.0 -0.0 -0.0 -0.0 -0.0 -0.0; -0.0 -0.0 -0.0 -0.0 -0.0 -0.0 -0.0 -0.0 -0.0 -0.0 -0.0 -0.0 -0.0 -0.0 -0.0 -0.0 -0.0 -0.0 -0.0 -0.0; -0.0 -0.0 13.0 9.0 6.0 4.0 6.0 -0.0 -0.0 -0.0 -0.0 -0.0 -0.0 -0.0 -0.0 -0.0 -0.0 -0.0 -0.0 -0.0; -0.0 -0.0 -0.0 -0.0 -0.0 -0.0 -0.0 10.0 -0.0 -0.0 -0.0 -0.0 -0.0 -0.0 -0.0 -0.0 -0.0 -0.0 -0.0 -0.0; -0.0 -0.0 -0.0 -0.0 -0.0 -0.0 -0.0 -0.0 20.0 0.0 0.0 0.0 -0.0 -0.0 -0.0 -0.0 -0.0 -0.0 -0.0 -0.0; -0.0 -0.0 -0.0 -0.0 -0.0 -0.0 -0.0 -0.0 -0.0 -0.0 -0.0 -0.0 0.0 0.0 -0.0 -0.0 -0.0 -0.0 -0.0 -0.0; -0.0 -0.0 -0.0 -0.0 -0.0 -0.0 -0.0 -0.0 -0.0 -0.0 -0.0 -0.0 -0.0 -0.0 0.0 0.0 0.0 0.0 0.0 -0.0; -0.0 -0.0 -0.0 -0.0 -0.0 -0.0 -0.0 -0.0 -0.0 -0.0 -0.0 -0.0 -0.0 -0.0 -0.0 -0.0 -0.0 -0.0 -0.0 0.0;;;]
evol_bb,"[[0.507, 2.911388601855657e7]]"
y_bb,[26.0 23.0 0.0 -0.0 -0.0 -0.0 -0.0 -0.0 -0.0 -0.0 -0.0 -0.0 -0.0 -0.0 -0.0 -0.0 -0.0 -0.0 -0.0 -0.0; -0.0 -0.0 -0.0 -0.0 -0.0 -0.0 -0.0 -0.0 -0.0 -0.0 -0.0 -0.0 -0.0 -0.0 -0.0 -0.0 -0.0 -0.0 -0.0 -0.0; -0.0 -0.0 13.0 9.0 6.0 4.0 6.0 -0.0 -0.0 -0.0 -0.0 -0.0 -0.0 -0.0 -0.0 -0.0 -0.0 -0.0 -0.0 -0.0; -0.0 -0.0 -0.0 -0.0 -0.0 -0.0 -0.0 10.0 -0.0 -0.0 -0.0 -0.0 -0.0 -0.0 -0.0 -0.0 -0.0 -0.0 -0.0 -0.0; -0.0 -0.0 -0.0 -0.0 -0.0 -0.0 -0.0 -0.0 20.0 0.0 0.0 0.0 -0.0 -0.0 -0.0 -0.0 -0.0 -0.0 -0.0 -0.0; -0.0 -0.0 -0.0 -0.0 -0.0 -0.0 -0.0 -0.0 -0.0 -0.0 -0.0 -0.0 0.0 0.0 -0.0 -0.0 -0.0 -0.0 -0.0 -0.0; -0.0 -0.0 -0.0 -0.0 -0.0 -0.0 -0.0 -0.0 -0.0 -0.0 -0.0 -0.0 -0.0 -0.0 0.0 0.0 0.0 0.0 0.0 -0.0; -0.0 -0.0 -0.0 -0.0 -0.0 -0.0 -0.0 -0.0 -0.0 -0.0 -0.0 -0.0 -0.0 -0.0 -0.0 -0.0 -0.0 -0.0 -0.0 0.0;;;]
evol_box,"[[0.463, 0.0], [1.988, 3170.0154780399525], [2.08, 7.441636446969401e6], [2.095, 1.8115964987624343e7], [2.102, 2.210533053258088e7], [2.112, 2.372268949088296e7], [2.122, 2.4800928796417683e7], [2.156, 2.7173055268594068e7], [2.175, 2.8251294574128795e7], [2.206, 2.8682590296342682e7], [2.233, 2.9006062088003095e7], [2.245, 2.911388601855657e7]]"
y_pb,[[26.0 23.000000000000004 -0.0 -0.0 -0.0 -0.0 -0.0 -0.0 -0.0 -0.0 -0.0 -0.0 -0.0 -0.0 -0.0 -0.0 -0.0 -0.0 -0.0 -0.0; -0.0 -0.0 -0.0 -0.0 -0.0 -0.0 -0.0 -0.0 -0.0 -0.0 -0.0 -0.0 -0.0 -0.0 -0.0 -0.0 -0.0 -0.0 -0.0 -0.0; -0.0 -0.0 13.0 9.0 6.0 4.0 6.0 -0.0 -0.0 -0.0 -0.0 -0.0 -0.0 -0.0 -0.0 -0.0 -0.0 -0.0 -0.0 -0.0; -0.0 -0.0 -0.0 -0.0 -0.0 -0.0 -0.0 10.000000000000002 -0.0 -0.0 -0.0 -0.0 -0.0 -0.0 -0.0 -0.0 -0.0 -0.0 -0.0 -0.0; -0.0 -0.0 -0.0 -0.0 -0.0 -0.0 -0.0 -0.0 20.0 -0.0 -0.0 -0.0 -0.0 -0.0 -0.0 -0.0 -0.0 -0.0 -0.0 -0.0; -0.0 -0.0 -0.0 -0.0 -0.0 -0.0 -0.0 -0.0 -0.0 -0.0 0.0 -0.0 -0.0 -0.0 -0.0 -0.0 -0.0 -0.0 -0.0 -0.0; -0.0 -0.0 -0.0 -0.0 -0.0 -0.0 -0.0 -0.0 -0.0 -0.0 -0.0 -0.0 -0.0 -0.0 -0.0 0.0 -0.0 -0.0 -0.0 -0.0; -0.0 -0.0 -0.0 -0.0 -0.0 -0.0 -0.0 -0.0 -0.0 -0.0 -0.0 -0.0 -0.0 -0.0 -0.0 -0.0 -0.0 -0.0 -0.0 0.0;;;]]
x_bb,"[49.0, 0.0, 38.0, 10.0, 20.0, 0.0, 0.0, 0.0]"
x_box,"[49.0, 0.0, 38.0, 10.0, 20.0, 0.0, 0.0, 0.0]"
evol_zeta,"[[1.637, 36.0], [2.078, 26.0], [2.093, 24.700000000000003], [2.1, 17.0], [2.11, 10.0], [2.119, 10.0], [2.154, 9.799999999999997], [2.172, 7.444444444444464], [2.204, 2.9999999999999964], [2.231, 2.5], [2.243, 0.7999999999999988], [2.266, 0.0]]"
ξ_box,[26.0; 23.0; 13.0; 9.0; 6.0; 4.0; 6.0; 10.0; 22.0; 24.0; 24.0; 24.0; 25.0; 24.0; 24.0; 15.0; 19.0; 24.0; 29.0; 36.0;;]
