first,second
s_box,[14.0; 26.0; 17.0; 10.0; 13.0; 18.0; 10.0; 9.0; 17.0; 12.0; 12.0; 7.0; 5.0; 17.0; 15.0; 18.0; 0.0; 0.0; 0.0; 0.0;;]
x_pb,"[24.0, -0.0, -0.0, -0.0, -0.0, -0.0, -0.0, 60.0]"
s_bb,[14.0; 26.0; 17.0; 10.0; 13.0; 18.0; 10.0; 9.0; 17.0; 12.0; 12.0; 7.0; 5.0; 17.0; 15.0; 18.0; 0.0; 0.0; 0.0; 0.0;;]
partition_bb,"[[[38.0, 23.0, 14.0, 7.0, 4.0, 0.0, 0.0, 0.0, 0.0, 0.0, 0.0, 0.0, 0.0, 0.0, 0.0, 0.0, 0.0, 0.0, 0.0, 0.0], [0.0, 0.0, 0.0, 0.0, 0.0, 0.0, 0.0, 0.0, 0.0, 0.0, 0.0, 0.0, 0.0, 9.0, 7.0, 8.0, 22.0, 17.0, 13.0, 8.0], [15.0, 0.0, 3.0, 10.0, 13.0, 18.0, 10.0, 9.0, 1.0, 0.0, 0.0, 0.0, 0.0, 0.0, 0.0, 0.0, 5.0, 0.0, 0.0, 0.0], [15.0, 0.0, 0.0, 0.0, 0.0, 0.0, 8.0, 9.0, 17.0, 8.0, 7.0, 3.0, 5.0, 0.0, 0.0, 0.0, 9.0, 4.0, 0.0, 0.0], [0.0, 0.0, 0.0, 0.0, 0.0, 0.0, 0.0, 0.0, 0.0, 0.0, 0.0, 0.0, 2.0, 15.0, 15.0, 18.0, 4.0, 9.0, 13.0, 8.0], [22.0, 7.0, 7.0, 0.0, 0.0, 0.0, 0.0, 1.0, 2.0, 11.0, 12.0, 7.0, 5.0, 0.0, 0.0, 0.0, 0.0, 0.0, 3.0, 8.0], [11.0, 26.0, 17.0, 10.0, 7.0, 3.0, 0.0, 0.0, 0.0, 0.0, 0.0, 5.0, 5.0, 0.0, 0.0, 0.0, 0.0, 0.0, 0.0, 0.0], [0.0, 0.0, 0.0, 0.0, 0.0, 2.0, 10.0, 9.0, 1.0, 2.0, 2.0, 7.0, 5.0, 17.0, 15.0, 14.0, 0.0, 0.0, 0.0, 0.0], [0.0, 0.0, 3.0, 3.0, 1.0, 0.0, 0.0, 0.0, 3.0, 12.0, 11.0, 7.0, 5.0, 0.0, 0.0, 0.0, 0.0, 0.0, 0.0, 0.0]]]"
y_box,[24.0 -0.0 -0.0 -0.0 -0.0 -0.0 -0.0 -0.0 -0.0 -0.0 -0.0 -0.0 -0.0 -0.0 -0.0 -0.0 -0.0 -0.0 -0.0 -0.0; -0.0 0.0 -0.0 -0.0 -0.0 -0.0 -0.0 -0.0 -0.0 -0.0 -0.0 -0.0 -0.0 -0.0 -0.0 -0.0 -0.0 -0.0 -0.0 -0.0; -0.0 -0.0 -0.0 0.0 0.0 0.0 0.0 0.0 -0.0 -0.0 -0.0 -0.0 -0.0 -0.0 -0.0 -0.0 -0.0 -0.0 -0.0 -0.0; -0.0 -0.0 -0.0 -0.0 -0.0 -0.0 -0.0 -0.0 0.0 -0.0 -0.0 -0.0 -0.0 -0.0 -0.0 -0.0 -0.0 -0.0 -0.0 -0.0; -0.0 -0.0 -0.0 -0.0 -0.0 -0.0 -0.0 -0.0 -0.0 -0.0 -0.0 -0.0 -0.0 -0.0 -0.0 -0.0 -0.0 -0.0 -0.0 -0.0; -0.0 -0.0 -0.0 -0.0 -0.0 -0.0 -0.0 -0.0 -0.0 0.0 0.0 0.0 0.0 -0.0 -0.0 -0.0 -0.0 -0.0 -0.0 -0.0; -0.0 -0.0 -0.0 -0.0 -0.0 -0.0 -0.0 -0.0 -0.0 -0.0 -0.0 -0.0 -0.0 0.0 0.0 0.0 -0.0 -0.0 -0.0 -0.0; -0.0 -0.0 -0.0 -0.0 -0.0 -0.0 -0.0 -0.0 -0.0 -0.0 -0.0 -0.0 -0.0 -0.0 -0.0 -0.0 22.0 17.0 13.0 8.0;;;]
evol_bb,"[[0.364, 2.6935560185444996e7]]"
y_bb,[24.0 -0.0 -0.0 -0.0 -0.0 -0.0 -0.0 -0.0 -0.0 -0.0 -0.0 -0.0 -0.0 -0.0 -0.0 -0.0 -0.0 -0.0 -0.0 -0.0; -0.0 0.0 -0.0 -0.0 -0.0 -0.0 -0.0 -0.0 -0.0 -0.0 -0.0 -0.0 -0.0 -0.0 -0.0 -0.0 -0.0 -0.0 -0.0 -0.0; -0.0 -0.0 -0.0 0.0 0.0 0.0 0.0 0.0 -0.0 -0.0 -0.0 -0.0 -0.0 -0.0 -0.0 -0.0 -0.0 -0.0 -0.0 -0.0; -0.0 -0.0 -0.0 -0.0 -0.0 -0.0 -0.0 -0.0 0.0 -0.0 -0.0 -0.0 -0.0 -0.0 -0.0 -0.0 -0.0 -0.0 -0.0 -0.0; -0.0 -0.0 -0.0 -0.0 -0.0 -0.0 -0.0 -0.0 -0.0 -0.0 -0.0 -0.0 -0.0 -0.0 -0.0 -0.0 -0.0 -0.0 -0.0 -0.0; -0.0 -0.0 -0.0 -0.0 -0.0 -0.0 -0.0 -0.0 -0.0 0.0 0.0 0.0 0.0 -0.0 -0.0 -0.0 -0.0 -0.0 -0.0 -0.0; -0.0 -0.0 -0.0 -0.0 -0.0 -0.0 -0.0 -0.0 -0.0 -0.0 -0.0 -0.0 -0.0 0.0 0.0 0.0 -0.0 -0.0 -0.0 -0.0; -0.0 -0.0 -0.0 -0.0 -0.0 -0.0 -0.0 -0.0 -0.0 -0.0 -0.0 -0.0 -0.0 -0.0 -0.0 -0.0 22.0 17.0 13.0 8.0;;;]
evol_box,"[[0.466, 0.0], [2.129, 246985.46331507448], [2.218, 1.0529997592226803e7], [2.224, 1.6651476171785828e7], [2.231, 2.142622946384187e7], [2.266, 2.4486968753621385e7], [2.274, 2.595612361271555e7], [2.294, 2.6323412327489093e7], [2.303, 2.6690701042262632e7], [2.336, 2.6813130613853812e7], [2.371, 2.6935560185444996e7]]"
y_pb,[[24.0 -0.0 -0.0 -0.0 -0.0 -0.0 -0.0 -0.0 -0.0 -0.0 -0.0 -0.0 -0.0 -0.0 -0.0 -0.0 -0.0 -0.0 -0.0 -0.0; -0.0 0.0 -0.0 -0.0 -0.0 -0.0 -0.0 -0.0 -0.0 -0.0 -0.0 -0.0 -0.0 -0.0 -0.0 -0.0 -0.0 -0.0 -0.0 -0.0; -0.0 0.0 -0.0 -0.0 -0.0 -0.0 -0.0 -0.0 -0.0 -0.0 -0.0 -0.0 -0.0 -0.0 -0.0 -0.0 -0.0 -0.0 -0.0 -0.0; -0.0 -0.0 -0.0 -0.0 -0.0 -0.0 -0.0 -0.0 -0.0 -0.0 0.0 -0.0 -0.0 -0.0 -0.0 -0.0 -0.0 -0.0 -0.0 -0.0; -0.0 -0.0 -0.0 -0.0 -0.0 -0.0 -0.0 -0.0 -0.0 -0.0 0.0 -0.0 -0.0 -0.0 -0.0 -0.0 -0.0 -0.0 -0.0 -0.0; -0.0 -0.0 -0.0 -0.0 -0.0 -0.0 -0.0 -0.0 -0.0 -0.0 -0.0 0.0 -0.0 -0.0 -0.0 -0.0 -0.0 -0.0 -0.0 -0.0; -0.0 -0.0 -0.0 -0.0 -0.0 -0.0 -0.0 -0.0 -0.0 -0.0 -0.0 -0.0 0.0 -0.0 -0.0 -0.0 -0.0 -0.0 -0.0 -0.0; -0.0 -0.0 -0.0 -0.0 -0.0 -0.0 -0.0 -0.0 -0.0 -0.0 -0.0 -0.0 -0.0 -0.0 -0.0 -0.0 22.0 17.000000000000004 13.0 8.0;;;]]
x_bb,"[24.0, 0.0, 0.0, 0.0, 0.0, 0.0, 0.0, 60.0]"
x_box,"[24.0, 0.0, 0.0, 0.0, 0.0, 0.0, 0.0, 60.0]"
evol_zeta,"[[1.753, 37.600000000000044], [2.216, 22.0], [2.222, 18.0], [2.229, 16.0], [2.263, 10.0], [2.272, 5.0], [2.291, 3.000000000400007], [2.3, 3.0], [2.334, 1.0000000002000036], [2.368, 1.0000000002000036], [2.411, 0.0]]"
ξ_box,[38.0; 26.0; 17.0; 10.0; 13.0; 18.0; 10.0; 9.0; 17.0; 12.0; 12.0; 7.0; 5.0; 17.0; 15.0; 18.0; 22.0; 17.0; 13.0; 8.0;;]
