first,second
s_box,[0.0; 0.0; 29.0; 0.0; 0.0; 3.0; 7.0; 17.0; 24.0; 25.0; 15.0; 20.0; 17.0; 19.0; 19.0; 20.0; 19.0; 21.0; 21.0; 0.0;;]
x_pb,"[36.0, 43.0, -0.0, -0.0, -0.0, -0.0, 3.0, 22.0]"
s_bb,[0.0; 0.0; 29.0; 0.0; 0.0; 3.0; 7.0; 17.0; 24.0; 25.0; 15.0; 20.0; 17.0; 19.0; 19.0; 20.0; 19.0; 21.0; 21.0; 0.0;;]
partition_bb,"[[[16.0, 17.0, 29.0, 20.0, 19.0, 1.0, 2.0, 0.0, 0.0, 0.0, 0.0, 0.0, 0.0, 0.0, 0.0, 0.0, 0.0, 0.0, 0.0, 0.0], [0.0, 0.0, 0.0, 0.0, 0.0, 0.0, 0.0, 0.0, 1.0, 25.0, 15.0, 13.0, 11.0, 5.0, 8.0, 6.0, 4.0, 2.0, 0.0, 0.0], [0.0, 0.0, 0.0, 0.0, 0.0, 0.0, 0.0, 0.0, 0.0, 0.0, 0.0, 2.0, 4.0, 8.0, 10.0, 11.0, 14.0, 16.0, 24.0, 18.0], [9.0, 7.0, 19.0, 10.0, 11.0, 3.0, 7.0, 17.0, 24.0, 0.0, 0.0, 0.0, 0.0, 0.0, 0.0, 0.0, 0.0, 0.0, 0.0, 0.0], [0.0, 0.0, 0.0, 0.0, 0.0, 0.0, 0.0, 0.0, 0.0, 0.0, 6.0, 11.0, 13.0, 19.0, 16.0, 15.0, 12.0, 11.0, 3.0, 0.0], [0.0, 0.0, 0.0, 0.0, 0.0, 0.0, 0.0, 0.0, 0.0, 8.0, 13.0, 20.0, 17.0, 12.0, 11.0, 8.0, 7.0, 4.0, 0.0, 0.0], [0.0, 0.0, 0.0, 0.0, 0.0, 0.0, 0.0, 0.0, 0.0, 0.0, 0.0, 6.0, 9.0, 12.0, 15.0, 15.0, 19.0, 15.0, 9.0, 4.0], [0.0, 0.0, 0.0, 0.0, 0.0, 0.0, 0.0, 0.0, 0.0, 0.0, 0.0, 5.0, 7.0, 13.0, 13.0, 16.0, 17.0, 21.0, 13.0, 7.0], [3.0, 1.0, 0.0, 1.0, 0.0, 0.0, 0.0, 0.0, 5.0, 0.0, 0.0, 0.0, 3.0, 6.0, 9.0, 9.0, 13.0, 9.0, 16.0, 22.0], [0.0, 0.0, 0.0, 0.0, 0.0, 0.0, 0.0, 0.0, 0.0, 0.0, 4.0, 8.0, 10.0, 16.0, 16.0, 20.0, 16.0, 15.0, 7.0, 1.0], [19.0, 17.0, 15.0, 22.0, 21.0, 3.0, 7.0, 0.0, 0.0, 0.0, 0.0, 0.0, 0.0, 0.0, 0.0, 0.0, 0.0, 0.0, 0.0, 0.0], [0.0, 0.0, 0.0, 0.0, 0.0, 0.0, 0.0, 0.0, 0.0, 0.0, 3.0, 10.0, 13.0, 16.0, 19.0, 15.0, 15.0, 11.0, 5.0, 0.0]]]"
y_box,[19.0 17.0 0.0 -0.0 -0.0 -0.0 -0.0 -0.0 -0.0 -0.0 -0.0 -0.0 -0.0 -0.0 -0.0 -0.0 -0.0 -0.0 -0.0 -0.0; -0.0 -0.0 -0.0 22.0 21.0 0.0 -0.0 -0.0 -0.0 -0.0 -0.0 -0.0 -0.0 -0.0 -0.0 -0.0 -0.0 -0.0 -0.0 -0.0; -0.0 -0.0 -0.0 -0.0 -0.0 -0.0 0.0 -0.0 -0.0 -0.0 -0.0 -0.0 -0.0 -0.0 -0.0 -0.0 -0.0 -0.0 -0.0 -0.0; -0.0 -0.0 -0.0 -0.0 -0.0 -0.0 -0.0 0.0 0.0 -0.0 -0.0 -0.0 -0.0 -0.0 -0.0 -0.0 -0.0 -0.0 -0.0 -0.0; -0.0 -0.0 -0.0 -0.0 -0.0 -0.0 -0.0 -0.0 -0.0 0.0 0.0 -0.0 -0.0 -0.0 -0.0 -0.0 -0.0 -0.0 -0.0 -0.0; -0.0 -0.0 -0.0 -0.0 -0.0 -0.0 -0.0 -0.0 -0.0 -0.0 -0.0 0.0 0.0 0.0 -0.0 -0.0 -0.0 -0.0 -0.0 -0.0; -0.0 -0.0 -0.0 -0.0 -0.0 -0.0 -0.0 -0.0 -0.0 -0.0 -0.0 -0.0 -0.0 -0.0 -0.0 0.0 -0.0 0.0 3.0 -0.0; -0.0 -0.0 -0.0 -0.0 -0.0 -0.0 -0.0 -0.0 -0.0 -0.0 -0.0 -0.0 -0.0 -0.0 -0.0 -0.0 -0.0 -0.0 -0.0 22.0;;;]
evol_bb,"[[0.496, 3.7479617819518514e7]]"
y_bb,[19.0 17.0 0.0 -0.0 -0.0 -0.0 -0.0 -0.0 -0.0 -0.0 -0.0 -0.0 -0.0 -0.0 -0.0 -0.0 -0.0 -0.0 -0.0 -0.0; -0.0 -0.0 -0.0 22.0 21.0 0.0 -0.0 -0.0 -0.0 -0.0 -0.0 -0.0 -0.0 -0.0 -0.0 -0.0 -0.0 -0.0 -0.0 -0.0; -0.0 -0.0 -0.0 -0.0 -0.0 -0.0 0.0 -0.0 -0.0 -0.0 -0.0 -0.0 -0.0 -0.0 -0.0 -0.0 -0.0 -0.0 -0.0 -0.0; -0.0 -0.0 -0.0 -0.0 -0.0 -0.0 -0.0 0.0 0.0 -0.0 -0.0 -0.0 -0.0 -0.0 -0.0 -0.0 -0.0 -0.0 -0.0 -0.0; -0.0 -0.0 -0.0 -0.0 -0.0 -0.0 -0.0 -0.0 -0.0 0.0 0.0 -0.0 -0.0 -0.0 -0.0 -0.0 -0.0 -0.0 -0.0 -0.0; -0.0 -0.0 -0.0 -0.0 -0.0 -0.0 -0.0 -0.0 -0.0 -0.0 -0.0 0.0 0.0 0.0 -0.0 -0.0 -0.0 -0.0 -0.0 -0.0; -0.0 -0.0 -0.0 -0.0 -0.0 -0.0 -0.0 -0.0 -0.0 -0.0 -0.0 -0.0 -0.0 -0.0 -0.0 0.0 -0.0 0.0 3.0 -0.0; -0.0 -0.0 -0.0 -0.0 -0.0 -0.0 -0.0 -0.0 -0.0 -0.0 -0.0 -0.0 -0.0 -0.0 -0.0 -0.0 -0.0 -0.0 -0.0 22.0;;;]
evol_box,"[[0.485, 0.0], [2.352, 673.421551701624], [2.455, 1.222210164965117e7], [2.467, 2.2542321249312844e7], [2.476, 2.892463744329759e7], [2.489, 3.2047898559502896e7], [2.51, 3.354163213681848e7], [2.527, 3.42206019446892e7], [2.54, 3.503536571413406e7], [2.559, 3.557852801538319e7], [2.571, 3.612170386167976e7], [2.59, 3.652907778341376e7], [2.601, 3.6936459668136194e7], [2.613, 3.720803862072173e7], [2.626, 3.7479617819518514e7]]"
y_pb,[[19.0 17.000000000000004 -0.0 -0.0 -0.0 -0.0 -0.0 -0.0 -0.0 -0.0 -0.0 -0.0 -0.0 -0.0 -0.0 -0.0 -0.0 -0.0 -0.0 -0.0; -0.0 -0.0 -0.0 22.0 21.0 -0.0 -0.0 -0.0 -0.0 -0.0 -0.0 -0.0 -0.0 -0.0 -0.0 -0.0 -0.0 -0.0 -0.0 -0.0; -0.0 -0.0 -0.0 -0.0 -0.0 0.0 -0.0 -0.0 -0.0 -0.0 -0.0 -0.0 -0.0 -0.0 -0.0 -0.0 -0.0 -0.0 -0.0 -0.0; -0.0 -0.0 -0.0 -0.0 -0.0 -0.0 -0.0 -0.0 -0.0 0.0 -0.0 -0.0 -0.0 -0.0 -0.0 -0.0 -0.0 -0.0 -0.0 -0.0; -0.0 -0.0 -0.0 -0.0 -0.0 -0.0 -0.0 -0.0 -0.0 -0.0 0.0 -0.0 -0.0 -0.0 -0.0 -0.0 -0.0 -0.0 -0.0 -0.0; -0.0 -0.0 -0.0 -0.0 -0.0 -0.0 -0.0 -0.0 -0.0 -0.0 0.0 -0.0 -0.0 -0.0 -0.0 -0.0 -0.0 -0.0 -0.0 -0.0; -0.0 -0.0 -0.0 -0.0 -0.0 -0.0 -0.0 -0.0 -0.0 -0.0 -0.0 -0.0 -0.0 -0.0 -0.0 -0.0 -0.0 -0.0 3.0 -0.0; -0.0 -0.0 -0.0 -0.0 -0.0 -0.0 -0.0 -0.0 -0.0 -0.0 -0.0 -0.0 -0.0 -0.0 -0.0 -0.0 -0.0 -0.0 -0.0 22.0;;;]]
x_bb,"[36.0, 43.0, 0.0, 0.0, 0.0, 0.0, 3.0, 22.0]"
x_box,"[36.0, 43.0, 0.0, 0.0, 0.0, 0.0, 3.0, 22.0]"
evol_zeta,"[[1.915, 29.0], [2.452, 25.0], [2.465, 23.666666666666664], [2.474, 23.0], [2.486, 10.777777777777782], [2.507, 7.0], [2.524, 5.0], [2.537, 4.111111111111114], [2.556, 4.0], [2.568, 3.1000000000000014], [2.587, 3.000000000400002], [2.598, 2.666666666666668], [2.611, 2.0], [2.623, 2.0], [2.634, 0.0]]"
ξ_box,[19.0; 17.0; 29.0; 22.0; 21.0; 3.0; 7.0; 17.0; 24.0; 25.0; 15.0; 20.0; 17.0; 19.0; 19.0; 20.0; 19.0; 21.0; 24.0; 22.0;;]
