first,second
s_box,[0.0; 0.0; 0.0; 15.0; 0.0; 0.0; 24.0; 22.0; 18.0; 24.0; 23.0; 22.0; 20.0; 20.0; 21.0; 22.0; 0.0; 16.0; 19.0; 17.0;;]
x_pb,"[39.0, -0.0, 10.0, 18.0, -0.0, -0.0, -0.0, 18.0]"
s_bb,[0.0; 0.0; 0.0; 15.0; 0.0; 0.0; 24.0; 22.0; 18.0; 24.0; 23.0; 22.0; 20.0; 20.0; 21.0; 22.0; 0.0; 16.0; 19.0; 17.0;;]
partition_bb,"[[[0.0, 0.0, 0.0, 1.0, 6.0, 14.0, 24.0, 20.0, 17.0, 6.0, 0.0, 0.0, 0.0, 0.0, 0.0, 0.0, 0.0, 0.0, 0.0, 0.0], [0.0, 0.0, 0.0, 0.0, 0.0, 0.0, 0.0, 0.0, 2.0, 14.0, 23.0, 15.0, 11.0, 10.0, 6.0, 5.0, 0.0, 0.0, 0.0, 0.0], [0.0, 5.0, 10.0, 0.0, 0.0, 0.0, 0.0, 0.0, 0.0, 0.0, 0.0, 0.0, 0.0, 0.0, 0.0, 3.0, 15.0, 17.0, 19.0, 17.0], [17.0, 12.0, 7.0, 0.0, 0.0, 0.0, 0.0, 0.0, 0.0, 0.0, 0.0, 1.0, 10.0, 11.0, 14.0, 17.0, 0.0, 0.0, 0.0, 0.0], [17.0, 12.0, 10.0, 15.0, 10.0, 2.0, 0.0, 0.0, 0.0, 0.0, 0.0, 0.0, 0.0, 1.0, 3.0, 0.0, 6.0, 4.0, 2.0, 0.0], [0.0, 0.0, 0.0, 0.0, 0.0, 2.0, 6.0, 10.0, 12.0, 24.0, 15.0, 13.0, 5.0, 4.0, 1.0, 0.0, 0.0, 0.0, 0.0, 0.0], [0.0, 0.0, 0.0, 0.0, 0.0, 0.0, 0.0, 0.0, 0.0, 0.0, 7.0, 10.0, 19.0, 20.0, 16.0, 14.0, 0.0, 0.0, 0.0, 0.0], [0.0, 0.0, 0.0, 0.0, 0.0, 0.0, 0.0, 0.0, 0.0, 11.0, 14.0, 22.0, 13.0, 12.0, 9.0, 6.0, 0.0, 0.0, 0.0, 0.0], [0.0, 0.0, 0.0, 0.0, 0.0, 0.0, 0.0, 0.0, 0.0, 0.0, 4.0, 8.0, 16.0, 17.0, 21.0, 18.0, 1.0, 0.0, 0.0, 0.0], [0.0, 0.0, 0.0, 5.0, 10.0, 18.0, 8.0, 5.0, 1.0, 7.0, 16.0, 8.0, 4.0, 3.0, 0.0, 0.0, 0.0, 0.0, 0.0, 0.0], [0.0, 0.0, 0.0, 0.0, 0.0, 0.0, 0.0, 0.0, 0.0, 0.0, 4.0, 6.0, 15.0, 16.0, 19.0, 22.0, 5.0, 3.0, 1.0, 0.0], [0.0, 0.0, 0.0, 1.0, 6.0, 14.0, 18.0, 22.0, 18.0, 8.0, 0.0, 0.0, 0.0, 0.0, 0.0, 0.0, 0.0, 0.0, 0.0, 0.0], [0.0, 0.0, 0.0, 15.0, 10.0, 8.0, 0.0, 0.0, 0.0, 0.0, 0.0, 0.0, 0.0, 0.0, 0.0, 0.0, 16.0, 14.0, 12.0, 10.0], [0.0, 0.0, 0.0, 2.0, 7.0, 11.0, 1.0, 0.0, 0.0, 0.0, 0.0, 0.0, 0.0, 0.0, 0.0, 0.0, 16.0, 18.0, 16.0, 14.0], [0.0, 0.0, 0.0, 0.0, 0.0, 0.0, 0.0, 0.0, 0.0, 1.0, 8.0, 11.0, 20.0, 19.0, 15.0, 13.0, 0.0, 0.0, 0.0, 0.0]]]"
y_box,[17.0 12.0 10.0 -0.0 -0.0 -0.0 -0.0 -0.0 -0.0 -0.0 -0.0 -0.0 -0.0 -0.0 -0.0 -0.0 -0.0 -0.0 -0.0 -0.0; -0.0 -0.0 -0.0 0.0 -0.0 -0.0 -0.0 -0.0 -0.0 -0.0 -0.0 -0.0 -0.0 -0.0 -0.0 -0.0 -0.0 -0.0 -0.0 -0.0; -0.0 -0.0 -0.0 -0.0 10.0 -0.0 -0.0 -0.0 -0.0 -0.0 -0.0 -0.0 -0.0 -0.0 -0.0 -0.0 -0.0 -0.0 -0.0 -0.0; -0.0 -0.0 -0.0 -0.0 -0.0 18.0 -0.0 -0.0 -0.0 -0.0 -0.0 -0.0 -0.0 -0.0 -0.0 -0.0 -0.0 -0.0 -0.0 -0.0; -0.0 -0.0 -0.0 -0.0 -0.0 -0.0 0.0 0.0 0.0 -0.0 -0.0 -0.0 -0.0 -0.0 -0.0 -0.0 -0.0 -0.0 -0.0 -0.0; -0.0 -0.0 -0.0 -0.0 -0.0 -0.0 -0.0 -0.0 -0.0 0.0 0.0 0.0 0.0 0.0 0.0 -0.0 -0.0 -0.0 -0.0 -0.0; -0.0 -0.0 -0.0 -0.0 -0.0 -0.0 -0.0 -0.0 -0.0 -0.0 -0.0 -0.0 -0.0 -0.0 -0.0 0.0 -0.0 -0.0 -0.0 -0.0; -0.0 -0.0 -0.0 -0.0 -0.0 -0.0 -0.0 -0.0 -0.0 -0.0 -0.0 -0.0 -0.0 -0.0 -0.0 -0.0 16.0 2.0 0.0 0.0;;;]
evol_bb,"[[0.514, 3.5446748383881755e7]]"
y_bb,[17.0 12.0 10.0 -0.0 -0.0 -0.0 -0.0 -0.0 -0.0 -0.0 -0.0 -0.0 -0.0 -0.0 -0.0 -0.0 -0.0 -0.0 -0.0 -0.0; -0.0 -0.0 -0.0 -0.0 -0.0 -0.0 -0.0 -0.0 -0.0 -0.0 -0.0 -0.0 -0.0 -0.0 -0.0 -0.0 -0.0 -0.0 -0.0 -0.0; -0.0 -0.0 -0.0 0.0 10.0 -0.0 -0.0 -0.0 -0.0 -0.0 -0.0 -0.0 -0.0 -0.0 -0.0 -0.0 -0.0 -0.0 -0.0 -0.0; -0.0 -0.0 -0.0 -0.0 -0.0 18.0 -0.0 -0.0 -0.0 -0.0 -0.0 -0.0 -0.0 -0.0 -0.0 -0.0 -0.0 -0.0 -0.0 -0.0; -0.0 -0.0 -0.0 -0.0 -0.0 -0.0 0.0 0.0 0.0 -0.0 -0.0 -0.0 -0.0 -0.0 -0.0 -0.0 -0.0 -0.0 -0.0 -0.0; -0.0 -0.0 -0.0 -0.0 -0.0 -0.0 -0.0 -0.0 -0.0 0.0 0.0 0.0 0.0 0.0 0.0 -0.0 -0.0 -0.0 -0.0 -0.0; -0.0 -0.0 -0.0 -0.0 -0.0 -0.0 -0.0 -0.0 -0.0 -0.0 -0.0 -0.0 -0.0 -0.0 -0.0 0.0 -0.0 -0.0 -0.0 -0.0; -0.0 -0.0 -0.0 -0.0 -0.0 -0.0 -0.0 -0.0 -0.0 -0.0 -0.0 -0.0 -0.0 -0.0 -0.0 -0.0 16.0 2.0 0.0 0.0;;;]
evol_box,"[[0.382, 0.0], [1.859, 376658.8791472447], [1.963, 1.0146081426185114e7], [2.003, 2.0541846035460394e7], [2.025, 2.3547854251078255e7], [2.063, 2.855792411087063e7], [2.075, 3.081244991927545e7], [2.112, 3.2064967384223543e7], [2.122, 3.294172960968721e7], [2.132, 3.394374358164568e7], [2.144, 3.444473581904872e7], [2.183, 3.469523931203834e7], [2.215, 3.507099455152276e7], [2.249, 3.519624489089213e7], [2.282, 3.532149663738695e7], [2.299, 3.5446748383881755e7]]"
y_pb,[[17.000000000000004 12.0 10.000000000000002 -0.0 -0.0 -0.0 -0.0 -0.0 -0.0 -0.0 -0.0 -0.0 -0.0 -0.0 -0.0 -0.0 -0.0 -0.0 -0.0 -0.0; -0.0 -0.0 -0.0 0.0 -0.0 -0.0 -0.0 -0.0 -0.0 -0.0 -0.0 -0.0 -0.0 -0.0 -0.0 -0.0 -0.0 -0.0 -0.0 -0.0; -0.0 -0.0 -0.0 -0.0 10.000000000000002 -0.0 -0.0 -0.0 -0.0 -0.0 -0.0 -0.0 -0.0 -0.0 -0.0 -0.0 -0.0 -0.0 -0.0 -0.0; -0.0 -0.0 -0.0 -0.0 -0.0 18.0 -0.0 -0.0 -0.0 -0.0 -0.0 -0.0 -0.0 -0.0 -0.0 -0.0 -0.0 -0.0 -0.0 -0.0; -0.0 -0.0 -0.0 -0.0 -0.0 -0.0 0.0 -0.0 -0.0 -0.0 -0.0 -0.0 -0.0 -0.0 -0.0 -0.0 -0.0 -0.0 -0.0 -0.0; -0.0 -0.0 -0.0 -0.0 -0.0 -0.0 -0.0 -0.0 -0.0 -0.0 0.0 -0.0 -0.0 -0.0 -0.0 -0.0 -0.0 -0.0 -0.0 -0.0; -0.0 -0.0 -0.0 -0.0 -0.0 -0.0 -0.0 -0.0 -0.0 -0.0 -0.0 -0.0 -0.0 -0.0 -0.0 -0.0 0.0 -0.0 -0.0 -0.0; -0.0 -0.0 -0.0 -0.0 -0.0 -0.0 -0.0 -0.0 -0.0 -0.0 -0.0 -0.0 -0.0 -0.0 -0.0 -0.0 16.0 2.0 -0.0 -0.0;;;]]
x_bb,"[39.0, 0.0, 10.0, 18.0, 0.0, 0.0, 0.0, 18.0]"
x_box,"[39.0, 0.0, 10.0, 18.0, 0.0, 0.0, 0.0, 18.0]"
evol_zeta,"[[1.514, 23.571428571428573], [1.961, 22.875], [2.0, 19.0], [2.023, 17.0], [2.06, 16.333333333333336], [2.073, 14.0], [2.11, 9.299999999999997], [2.12, 6.714285714285712], [2.13, 4.714285714285732], [2.142, 3.9999999999999467], [2.18, 2.0], [2.213, 2.0], [2.247, 1.0000000002000036], [2.28, 1.0000000002000036], [2.297, 0.8333333333333321], [2.335, 0.0]]"
ξ_box,[17.0; 12.0; 10.0; 15.0; 10.0; 18.0; 24.0; 22.0; 18.0; 24.0; 23.0; 22.0; 20.0; 20.0; 21.0; 22.0; 16.0; 18.0; 19.0; 17.0;;]
