first,second
s_box,[16.0; 19.0; 25.0; 23.0; 21.0; 21.0; 21.0; 0.0; 0.0; 0.0; 0.0; 1.0; 7.0; 0.0; 0.0; 30.0; 26.0; 25.0; 22.0; 0.0;;]
x_pb,"[-0.0, -0.0, 30.0, 19.0, -0.0, -0.0, 48.0, 7.0]"
s_bb,[16.0; 19.0; 25.0; 23.0; 21.0; 21.0; 21.0; 0.0; 0.0; 0.0; 0.0; 1.0; 7.0; 0.0; 0.0; 30.0; 26.0; 25.0; 22.0; 0.0;;]
partition_bb,"[[[0.0, 0.0, 0.0, 0.0, 0.0, 0.0, 0.0, 0.0, 0.0, 0.0, 0.0, 0.0, 8.0, 8.0, 21.0, 30.0, 15.0, 14.0, 11.0, 0.0], [10.0, 13.0, 25.0, 17.0, 14.0, 14.0, 9.0, 6.0, 4.0, 0.0, 0.0, 0.0, 0.0, 0.0, 0.0, 0.0, 0.0, 0.0, 0.0, 0.0], [0.0, 0.0, 0.0, 0.0, 0.0, 0.0, 5.0, 10.0, 12.0, 12.0, 7.0, 1.0, 14.0, 14.0, 7.0, 15.0, 0.0, 0.0, 0.0, 7.0], [0.0, 0.0, 5.0, 12.0, 16.0, 16.0, 21.0, 14.0, 12.0, 9.0, 5.0, 0.0, 0.0, 0.0, 0.0, 0.0, 0.0, 0.0, 0.0, 0.0], [0.0, 0.0, 8.0, 0.0, 0.0, 0.0, 0.0, 0.0, 0.0, 0.0, 0.0, 0.0, 1.0, 1.0, 8.0, 11.0, 26.0, 25.0, 17.0, 7.0], [16.0, 13.0, 6.0, 14.0, 9.0, 10.0, 5.0, 0.0, 0.0, 2.0, 7.0, 1.0, 0.0, 0.0, 9.0, 0.0, 1.0, 0.0, 0.0, 7.0], [16.0, 19.0, 7.0, 1.0, 0.0, 1.0, 5.0, 11.0, 13.0, 12.0, 7.0, 1.0, 0.0, 0.0, 4.0, 0.0, 0.0, 0.0, 0.0, 7.0], [0.0, 0.0, 0.0, 0.0, 0.0, 0.0, 0.0, 0.0, 0.0, 2.0, 7.0, 1.0, 14.0, 14.0, 27.0, 18.0, 8.0, 7.0, 0.0, 7.0], [5.0, 5.0, 15.0, 23.0, 18.0, 17.0, 14.0, 7.0, 5.0, 3.0, 0.0, 0.0, 0.0, 0.0, 0.0, 0.0, 0.0, 0.0, 0.0, 0.0], [3.0, 0.0, 12.0, 6.0, 1.0, 2.0, 6.0, 2.0, 0.0, 5.0, 0.0, 0.0, 0.0, 0.0, 12.0, 3.0, 13.0, 14.0, 22.0, 7.0], [0.0, 0.0, 10.0, 15.0, 20.0, 21.0, 16.0, 11.0, 9.0, 4.0, 2.0, 0.0, 0.0, 0.0, 0.0, 0.0, 0.0, 0.0, 0.0, 0.0], [0.0, 0.0, 12.0, 4.0, 8.0, 9.0, 9.0, 16.0, 14.0, 7.0, 7.0, 1.0, 0.0, 0.0, 0.0, 0.0, 9.0, 8.0, 0.0, 0.0], [0.0, 0.0, 10.0, 16.0, 21.0, 20.0, 16.0, 10.0, 8.0, 4.0, 1.0, 0.0, 0.0, 0.0, 0.0, 0.0, 0.0, 0.0, 0.0, 0.0]]]"
y_box,[0.0 0.0 0.0 0.0 0.0 0.0 -0.0 -0.0 -0.0 -0.0 -0.0 -0.0 -0.0 -0.0 -0.0 -0.0 -0.0 -0.0 -0.0 -0.0; -0.0 -0.0 -0.0 -0.0 -0.0 -0.0 -0.0 -0.0 -0.0 -0.0 -0.0 -0.0 -0.0 -0.0 -0.0 -0.0 -0.0 -0.0 -0.0 -0.0; -0.0 -0.0 -0.0 -0.0 -0.0 -0.0 0.0 16.0 14.0 -0.0 -0.0 -0.0 -0.0 -0.0 -0.0 -0.0 -0.0 -0.0 -0.0 -0.0; -0.0 -0.0 -0.0 -0.0 -0.0 -0.0 -0.0 -0.0 -0.0 12.0 7.0 0.0 -0.0 -0.0 -0.0 -0.0 -0.0 -0.0 -0.0 -0.0; -0.0 -0.0 -0.0 -0.0 -0.0 -0.0 -0.0 -0.0 -0.0 -0.0 -0.0 -0.0 -0.0 -0.0 -0.0 -0.0 -0.0 -0.0 -0.0 -0.0; -0.0 -0.0 -0.0 -0.0 -0.0 -0.0 -0.0 -0.0 -0.0 -0.0 -0.0 -0.0 -0.0 -0.0 -0.0 -0.0 -0.0 -0.0 -0.0 -0.0; -0.0 -0.0 -0.0 -0.0 -0.0 -0.0 -0.0 -0.0 -0.0 -0.0 -0.0 -0.0 7.0 14.0 27.0 0.0 -0.0 -0.0 -0.0 -0.0; -0.0 -0.0 -0.0 -0.0 -0.0 -0.0 -0.0 -0.0 -0.0 -0.0 -0.0 -0.0 -0.0 -0.0 -0.0 -0.0 0.0 0.0 0.0 7.0;;;]
evol_bb,"[[0.406, 3.418273670311108e7]]"
y_bb,[0.0 0.0 0.0 0.0 0.0 0.0 -0.0 -0.0 -0.0 -0.0 -0.0 -0.0 -0.0 -0.0 -0.0 -0.0 -0.0 -0.0 -0.0 -0.0; -0.0 -0.0 -0.0 -0.0 -0.0 -0.0 -0.0 -0.0 -0.0 -0.0 -0.0 -0.0 -0.0 -0.0 -0.0 -0.0 -0.0 -0.0 -0.0 -0.0; -0.0 -0.0 -0.0 -0.0 -0.0 -0.0 0.0 16.0 14.0 -0.0 -0.0 -0.0 -0.0 -0.0 -0.0 -0.0 -0.0 -0.0 -0.0 -0.0; -0.0 -0.0 -0.0 -0.0 -0.0 -0.0 -0.0 -0.0 -0.0 12.0 7.0 0.0 -0.0 -0.0 -0.0 -0.0 -0.0 -0.0 -0.0 -0.0; -0.0 -0.0 -0.0 -0.0 -0.0 -0.0 -0.0 -0.0 -0.0 -0.0 -0.0 -0.0 -0.0 -0.0 -0.0 -0.0 -0.0 -0.0 -0.0 -0.0; -0.0 -0.0 -0.0 -0.0 -0.0 -0.0 -0.0 -0.0 -0.0 -0.0 -0.0 -0.0 -0.0 -0.0 -0.0 -0.0 -0.0 -0.0 -0.0 -0.0; -0.0 -0.0 -0.0 -0.0 -0.0 -0.0 -0.0 -0.0 -0.0 -0.0 -0.0 -0.0 7.0 14.0 27.0 0.0 -0.0 -0.0 -0.0 -0.0; -0.0 -0.0 -0.0 -0.0 -0.0 -0.0 -0.0 -0.0 -0.0 -0.0 -0.0 -0.0 -0.0 -0.0 -0.0 -0.0 0.0 0.0 0.0 7.0;;;]
evol_box,"[[0.39, 0.0], [1.901, 400383.538596157], [1.98, 1.5296501594874296e7], [1.99, 2.2079460817721274e7], [2.0, 2.47395287967847e7], [2.008, 2.8463634058454942e7], [2.021, 2.97936716519086e7], [2.031, 3.059164163752388e7], [2.042, 3.178867547163217e7], [2.051, 3.2453694268359e7], [2.06, 3.32517168244312e7], [2.07, 3.3517719870985974e7], [2.079, 3.3783727389676705e7], [2.089, 3.4049732943765715e7], [2.101, 3.418273670311108e7]]"
y_pb,[[-0.0 -0.0 -0.0 0.0 -0.0 -0.0 -0.0 -0.0 -0.0 -0.0 -0.0 -0.0 -0.0 -0.0 -0.0 -0.0 -0.0 -0.0 -0.0 -0.0; -0.0 -0.0 -0.0 0.0 -0.0 -0.0 -0.0 -0.0 -0.0 -0.0 -0.0 -0.0 -0.0 -0.0 -0.0 -0.0 -0.0 -0.0 -0.0 -0.0; -0.0 -0.0 -0.0 -0.0 -0.0 -0.0 -0.0 16.0 14.000000000000002 -0.0 -0.0 -0.0 -0.0 -0.0 -0.0 -0.0 -0.0 -0.0 -0.0 -0.0; -0.0 -0.0 -0.0 -0.0 -0.0 -0.0 -0.0 -0.0 -0.0 12.0 7.000000000000001 -0.0 -0.0 -0.0 -0.0 -0.0 -0.0 -0.0 -0.0 -0.0; -0.0 -0.0 -0.0 -0.0 -0.0 -0.0 -0.0 -0.0 -0.0 -0.0 -0.0 -0.0 0.0 -0.0 -0.0 -0.0 -0.0 -0.0 -0.0 -0.0; -0.0 -0.0 -0.0 -0.0 -0.0 -0.0 -0.0 -0.0 -0.0 -0.0 -0.0 -0.0 -0.0 0.0 -0.0 -0.0 -0.0 -0.0 -0.0 -0.0; -0.0 -0.0 -0.0 -0.0 -0.0 -0.0 -0.0 -0.0 -0.0 -0.0 -0.0 -0.0 14.000000000000002 7.0 27.0 -0.0 -0.0 -0.0 -0.0 -0.0; -0.0 -0.0 -0.0 -0.0 -0.0 -0.0 -0.0 -0.0 -0.0 -0.0 -0.0 -0.0 -0.0 -0.0 -0.0 -0.0 -0.0 -0.0 -0.0 7.000000000000001;;;]]
x_bb,"[0.0, 0.0, 30.0, 19.0, 0.0, 0.0, 48.0, 7.0]"
x_box,"[0.0, 0.0, 30.0, 19.0, 0.0, 0.0, 48.0, 7.0]"
evol_zeta,"[[1.568, 29.57142857142856], [1.978, 24.11111111111111], [1.988, 12.0], [1.997, 11.333333333333336], [2.005, 11.0], [2.019, 6.0], [2.029, 6.0], [2.039, 5.200000000000003], [2.049, 5.0], [2.058, 3.555555555555557], [2.068, 2.0], [2.077, 2.0], [2.087, 2.0], [2.099, 0.7777777777777786], [2.109, 0.0]]"
ξ_box,[16.0; 19.0; 25.0; 23.0; 21.0; 21.0; 21.0; 16.0; 14.0; 12.0; 7.0; 1.0; 14.0; 14.0; 27.0; 30.0; 26.0; 25.0; 22.0; 7.0;;]
