first,second
s_box,[17.0; 17.0; 12.0; 0.0; 0.0; 0.0; 12.0; 21.0; 21.0; 21.0; 21.0; 16.0; 0.0; 0.0; 14.0; 9.0; 23.0; 34.0; 0.0; 23.0;;]
x_pb,"[-0.0, 10.0, 2.0, 8.0, -0.0, 47.0, -0.0, 31.0]"
s_bb,[17.0; 17.0; 12.0; 0.0; 0.0; 0.0; 12.0; 21.0; 21.0; 21.0; 21.0; 16.0; 0.0; 0.0; 14.0; 9.0; 23.0; 34.0; 0.0; 23.0;;]
partition_bb,"[[[0.0, 0.0, 0.0, 0.0, 0.0, 0.0, 0.0, 0.0, 0.0, 0.0, 0.0, 1.0, 2.0, 2.0, 2.0, 7.0, 21.0, 34.0, 19.0, 11.0], [0.0, 0.0, 0.0, 0.0, 0.0, 0.0, 0.0, 7.0, 8.0, 8.0, 21.0, 20.0, 17.0, 16.0, 1.0, 0.0, 0.0, 0.0, 0.0, 0.0], [17.0, 17.0, 12.0, 8.0, 0.0, 0.0, 0.0, 0.0, 0.0, 0.0, 11.0, 10.0, 7.0, 6.0, 0.0, 0.0, 0.0, 13.0, 0.0, 0.0], [0.0, 0.0, 0.0, 0.0, 2.0, 6.0, 12.0, 21.0, 19.0, 18.0, 7.0, 6.0, 5.0, 5.0, 0.0, 0.0, 0.0, 0.0, 0.0, 0.0], [0.0, 0.0, 0.0, 0.0, 2.0, 0.0, 0.0, 2.0, 0.0, 0.0, 4.0, 3.0, 0.0, 0.0, 14.0, 9.0, 0.0, 13.0, 15.0, 23.0], [0.0, 0.0, 0.0, 0.0, 2.0, 3.0, 9.0, 0.0, 0.0, 0.0, 0.0, 0.0, 0.0, 0.0, 5.0, 0.0, 9.0, 16.0, 31.0, 23.0], [0.0, 0.0, 0.0, 0.0, 0.0, 0.0, 0.0, 5.0, 6.0, 6.0, 16.0, 17.0, 20.0, 21.0, 6.0, 1.0, 0.0, 0.0, 0.0, 0.0], [0.0, 0.0, 0.0, 0.0, 1.0, 5.0, 11.0, 18.0, 20.0, 21.0, 8.0, 7.0, 6.0, 6.0, 0.0, 0.0, 0.0, 0.0, 0.0, 0.0], [0.0, 0.0, 5.0, 10.0, 2.0, 8.0, 2.0, 0.0, 0.0, 0.0, 0.0, 0.0, 0.0, 0.0, 14.0, 9.0, 23.0, 10.0, 12.0, 4.0], [0.0, 0.0, 0.0, 0.0, 0.0, 0.0, 0.0, 5.0, 6.0, 6.0, 17.0, 18.0, 21.0, 20.0, 5.0, 0.0, 0.0, 0.0, 0.0, 0.0], [0.0, 0.0, 0.0, 0.0, 0.0, 0.0, 0.0, 6.0, 7.0, 7.0, 20.0, 21.0, 18.0, 17.0, 2.0, 0.0, 0.0, 0.0, 0.0, 0.0], [0.0, 0.0, 0.0, 0.0, 1.0, 5.0, 11.0, 19.0, 21.0, 20.0, 8.0, 7.0, 6.0, 6.0, 0.0, 0.0, 0.0, 0.0, 0.0, 0.0]]]"
y_box,[0.0 -0.0 0.0 -0.0 -0.0 -0.0 -0.0 -0.0 -0.0 -0.0 -0.0 -0.0 -0.0 -0.0 -0.0 -0.0 -0.0 -0.0 -0.0 -0.0; -0.0 -0.0 -0.0 10.0 -0.0 -0.0 -0.0 -0.0 -0.0 -0.0 -0.0 -0.0 -0.0 -0.0 -0.0 -0.0 -0.0 -0.0 -0.0 -0.0; -0.0 -0.0 -0.0 -0.0 2.0 -0.0 -0.0 -0.0 -0.0 -0.0 -0.0 -0.0 -0.0 -0.0 -0.0 -0.0 -0.0 -0.0 -0.0 -0.0; -0.0 -0.0 -0.0 -0.0 -0.0 8.0 0.0 -0.0 -0.0 -0.0 -0.0 -0.0 -0.0 -0.0 -0.0 -0.0 -0.0 -0.0 -0.0 -0.0; -0.0 -0.0 -0.0 -0.0 -0.0 -0.0 -0.0 0.0 0.0 0.0 -0.0 -0.0 -0.0 -0.0 -0.0 -0.0 -0.0 -0.0 -0.0 -0.0; -0.0 -0.0 -0.0 -0.0 -0.0 -0.0 -0.0 -0.0 -0.0 -0.0 -0.0 5.0 21.0 21.0 0.0 0.0 -0.0 -0.0 -0.0 -0.0; -0.0 -0.0 -0.0 -0.0 -0.0 -0.0 -0.0 -0.0 -0.0 -0.0 -0.0 -0.0 -0.0 -0.0 -0.0 -0.0 0.0 0.0 -0.0 -0.0; -0.0 -0.0 -0.0 -0.0 -0.0 -0.0 -0.0 -0.0 -0.0 -0.0 -0.0 -0.0 -0.0 -0.0 -0.0 -0.0 -0.0 -0.0 31.0 0.0;;;]
evol_bb,"[[0.428, 3.230219504657585e7]]"
y_bb,[0.0 -0.0 0.0 -0.0 -0.0 -0.0 -0.0 -0.0 -0.0 -0.0 -0.0 -0.0 -0.0 -0.0 -0.0 -0.0 -0.0 -0.0 -0.0 -0.0; -0.0 -0.0 -0.0 10.0 -0.0 -0.0 -0.0 -0.0 -0.0 -0.0 -0.0 -0.0 -0.0 -0.0 -0.0 -0.0 -0.0 -0.0 -0.0 -0.0; -0.0 -0.0 -0.0 -0.0 2.0 -0.0 -0.0 -0.0 -0.0 -0.0 -0.0 -0.0 -0.0 -0.0 -0.0 -0.0 -0.0 -0.0 -0.0 -0.0; -0.0 -0.0 -0.0 -0.0 -0.0 8.0 0.0 -0.0 -0.0 -0.0 -0.0 -0.0 -0.0 -0.0 -0.0 -0.0 -0.0 -0.0 -0.0 -0.0; -0.0 -0.0 -0.0 -0.0 -0.0 -0.0 -0.0 0.0 0.0 0.0 -0.0 -0.0 -0.0 -0.0 -0.0 -0.0 -0.0 -0.0 -0.0 -0.0; -0.0 -0.0 -0.0 -0.0 -0.0 -0.0 -0.0 -0.0 -0.0 -0.0 -0.0 5.0 21.0 21.0 0.0 0.0 -0.0 -0.0 -0.0 -0.0; -0.0 -0.0 -0.0 -0.0 -0.0 -0.0 -0.0 -0.0 -0.0 -0.0 -0.0 -0.0 -0.0 -0.0 -0.0 -0.0 0.0 0.0 -0.0 -0.0; -0.0 -0.0 -0.0 -0.0 -0.0 -0.0 -0.0 -0.0 -0.0 -0.0 -0.0 -0.0 -0.0 -0.0 -0.0 -0.0 -0.0 -0.0 31.0 0.0;;;]
evol_box,"[[0.434, 0.0], [1.877, 124631.07369219423], [1.961, 1.1510354257696705e7], [1.968, 1.8193470637994234e7], [1.985, 2.500033475116001e7], [1.992, 2.821814332222201e7], [1.999, 2.9703236212201856e7], [2.008, 3.0693302450301997e7], [2.027, 3.118834992277307e7], [2.055, 3.1930912544875205e7], [2.075, 3.2054671310340315e7], [2.094, 3.2178433178458087e7], [2.112, 3.230219504657585e7]]"
y_pb,[[-0.0 -0.0 -0.0 0.0 -0.0 -0.0 -0.0 -0.0 -0.0 -0.0 -0.0 -0.0 -0.0 -0.0 -0.0 -0.0 -0.0 -0.0 -0.0 -0.0; -0.0 -0.0 -0.0 10.000000000000002 -0.0 -0.0 -0.0 -0.0 -0.0 -0.0 -0.0 -0.0 -0.0 -0.0 -0.0 -0.0 -0.0 -0.0 -0.0 -0.0; -0.0 -0.0 -0.0 -0.0 2.0 -0.0 -0.0 -0.0 -0.0 -0.0 -0.0 -0.0 -0.0 -0.0 -0.0 -0.0 -0.0 -0.0 -0.0 -0.0; -0.0 -0.0 -0.0 -0.0 -0.0 8.0 -0.0 -0.0 -0.0 -0.0 -0.0 -0.0 -0.0 -0.0 -0.0 -0.0 -0.0 -0.0 -0.0 -0.0; -0.0 -0.0 -0.0 -0.0 -0.0 -0.0 -0.0 -0.0 -0.0 0.0 -0.0 -0.0 -0.0 -0.0 -0.0 -0.0 -0.0 -0.0 -0.0 -0.0; -0.0 -0.0 -0.0 -0.0 -0.0 -0.0 -0.0 -0.0 -0.0 -0.0 -0.0 5.0 21.0 21.0 -0.0 -0.0 -0.0 -0.0 -0.0 -0.0; -0.0 -0.0 -0.0 -0.0 -0.0 -0.0 -0.0 -0.0 -0.0 -0.0 -0.0 -0.0 -0.0 -0.0 -0.0 -0.0 -0.0 0.0 -0.0 -0.0; -0.0 -0.0 -0.0 -0.0 -0.0 -0.0 -0.0 -0.0 -0.0 -0.0 -0.0 -0.0 -0.0 -0.0 -0.0 -0.0 -0.0 -0.0 31.000000000000004 -0.0;;;]]
x_bb,"[0.0, 10.0, 2.0, 8.0, 0.0, 47.0, 0.0, 31.0]"
x_box,"[0.0, 10.0, 2.0, 8.0, 0.0, 47.0, 0.0, 31.0]"
evol_zeta,"[[1.554, 33.88888888888888], [1.96, 21.0], [1.966, 17.0], [1.983, 13.700000000000003], [1.99, 12.0], [1.997, 12.0], [2.006, 5.0], [2.025, 2.5], [2.053, 2.0], [2.073, 1.0], [2.092, 1.0], [2.11, 0.3999999999999986], [2.123, 0.0]]"
ξ_box,[17.0; 17.0; 12.0; 10.0; 2.0; 8.0; 12.0; 21.0; 21.0; 21.0; 21.0; 21.0; 21.0; 21.0; 14.0; 9.0; 23.0; 34.0; 31.0; 23.0;;]
