first,second
s_box,[0.0; 0.0; 0.0; 0.0; 7.0; 2.0; 11.0; 18.0; 18.0; 17.0; 21.0; 21.0; 13.0; 0.0; 0.0; 0.0; 9.0; 6.0; 2.0; 3.0;;]
x_pb,"[21.0, 44.0, -0.0, -0.0, -0.0, -0.0, 13.0, 2.0]"
s_bb,[0.0; 0.0; 0.0; 0.0; 7.0; 2.0; 11.0; 18.0; 18.0; 17.0; 21.0; 21.0; 13.0; 0.0; 0.0; 0.0; 9.0; 6.0; 2.0; 3.0;;]
partition_bb,"[[[10.0, 11.0, 22.0, 22.0, 1.0, 0.0, 0.0, 3.0, 0.0, 0.0, 0.0, 0.0, 0.0, 0.0, 0.0, 0.0, 0.0, 0.0, 0.0, 0.0], [0.0, 0.0, 0.0, 0.0, 0.0, 0.0, 0.0, 5.0, 8.0, 12.0, 18.0, 21.0, 11.0, 6.0, 4.0, 0.0, 0.0, 0.0, 0.0, 0.0], [0.0, 0.0, 0.0, 0.0, 7.0, 2.0, 4.0, 18.0, 15.0, 9.0, 5.0, 2.0, 0.0, 7.0, 5.0, 1.0, 0.0, 3.0, 2.0, 0.0], [10.0, 11.0, 0.0, 0.0, 7.0, 2.0, 11.0, 0.0, 0.0, 0.0, 6.0, 9.0, 0.0, 0.0, 2.0, 1.0, 9.0, 6.0, 2.0, 5.0], [2.0, 3.0, 0.0, 0.0, 0.0, 2.0, 3.0, 8.0, 11.0, 17.0, 11.0, 8.0, 0.0, 7.0, 5.0, 1.0, 0.0, 0.0, 2.0, 0.0], [0.0, 0.0, 0.0, 0.0, 0.0, 2.0, 4.0, 15.0, 18.0, 12.0, 9.0, 10.0, 2.0, 0.0, 0.0, 0.0, 0.0, 0.0, 0.0, 0.0], [0.0, 0.0, 0.0, 0.0, 0.0, 0.0, 1.0, 8.0, 11.0, 15.0, 21.0, 18.0, 8.0, 3.0, 1.0, 0.0, 0.0, 0.0, 0.0, 0.0], [0.0, 0.0, 5.0, 2.0, 7.0, 2.0, 11.0, 3.0, 0.0, 0.0, 0.0, 3.0, 13.0, 7.0, 5.0, 1.0, 9.0, 6.0, 2.0, 5.0]]]"
y_box,[10.0 11.0 -0.0 -0.0 -0.0 -0.0 -0.0 -0.0 -0.0 -0.0 -0.0 -0.0 -0.0 -0.0 -0.0 -0.0 -0.0 -0.0 -0.0 -0.0; -0.0 -0.0 22.0 22.0 -0.0 -0.0 -0.0 -0.0 -0.0 -0.0 -0.0 -0.0 -0.0 -0.0 -0.0 -0.0 -0.0 -0.0 -0.0 -0.0; -0.0 -0.0 -0.0 -0.0 0.0 0.0 -0.0 -0.0 -0.0 -0.0 -0.0 -0.0 -0.0 -0.0 -0.0 -0.0 -0.0 -0.0 -0.0 -0.0; -0.0 -0.0 -0.0 -0.0 -0.0 -0.0 0.0 0.0 0.0 -0.0 -0.0 -0.0 -0.0 -0.0 -0.0 -0.0 -0.0 -0.0 -0.0 -0.0; -0.0 -0.0 -0.0 -0.0 -0.0 -0.0 -0.0 -0.0 -0.0 0.0 -0.0 -0.0 -0.0 -0.0 -0.0 -0.0 -0.0 -0.0 -0.0 -0.0; -0.0 -0.0 -0.0 -0.0 -0.0 -0.0 -0.0 -0.0 -0.0 -0.0 0.0 0.0 0.0 -0.0 -0.0 -0.0 -0.0 -0.0 -0.0 -0.0; -0.0 -0.0 -0.0 -0.0 -0.0 -0.0 -0.0 -0.0 -0.0 -0.0 -0.0 -0.0 -0.0 7.0 5.0 1.0 -0.0 -0.0 -0.0 -0.0; -0.0 -0.0 -0.0 -0.0 -0.0 -0.0 -0.0 -0.0 -0.0 -0.0 -0.0 -0.0 -0.0 -0.0 -0.0 -0.0 -0.0 0.0 0.0 2.0;;;]
evol_bb,"[[0.437, 2.0303836773045123e7]]"
y_bb,[10.0 11.0 -0.0 -0.0 -0.0 -0.0 -0.0 -0.0 -0.0 -0.0 -0.0 -0.0 -0.0 -0.0 -0.0 -0.0 -0.0 -0.0 -0.0 -0.0; -0.0 -0.0 22.0 22.0 -0.0 -0.0 -0.0 -0.0 -0.0 -0.0 -0.0 -0.0 -0.0 -0.0 -0.0 -0.0 -0.0 -0.0 -0.0 -0.0; -0.0 -0.0 -0.0 -0.0 0.0 0.0 -0.0 -0.0 -0.0 -0.0 -0.0 -0.0 -0.0 -0.0 -0.0 -0.0 -0.0 -0.0 -0.0 -0.0; -0.0 -0.0 -0.0 -0.0 -0.0 -0.0 0.0 0.0 0.0 -0.0 -0.0 -0.0 -0.0 -0.0 -0.0 -0.0 -0.0 -0.0 -0.0 -0.0; -0.0 -0.0 -0.0 -0.0 -0.0 -0.0 -0.0 -0.0 -0.0 0.0 -0.0 -0.0 -0.0 -0.0 -0.0 -0.0 -0.0 -0.0 -0.0 -0.0; -0.0 -0.0 -0.0 -0.0 -0.0 -0.0 -0.0 -0.0 -0.0 -0.0 0.0 0.0 0.0 -0.0 -0.0 -0.0 -0.0 -0.0 -0.0 -0.0; -0.0 -0.0 -0.0 -0.0 -0.0 -0.0 -0.0 -0.0 -0.0 -0.0 -0.0 -0.0 -0.0 7.0 5.0 1.0 -0.0 -0.0 -0.0 -0.0; -0.0 -0.0 -0.0 -0.0 -0.0 -0.0 -0.0 -0.0 -0.0 -0.0 -0.0 -0.0 -0.0 -0.0 -0.0 -0.0 -0.0 0.0 0.0 2.0;;;]
evol_box,"[[0.445, 0.0], [2.166, 326.8619336070691], [2.278, 9.740523961665355e6], [2.284, 1.5227954725846559e7], [2.291, 1.8794790716756582e7], [2.333, 1.9480720742342282e7], [2.375, 1.9892278757693704e7], [2.406, 2.0303836773045123e7]]"
y_pb,[[10.000000000000002 11.0 -0.0 -0.0 -0.0 -0.0 -0.0 -0.0 -0.0 -0.0 -0.0 -0.0 -0.0 -0.0 -0.0 -0.0 -0.0 -0.0 -0.0 -0.0; -0.0 -0.0 22.0 22.0 -0.0 -0.0 -0.0 -0.0 -0.0 -0.0 -0.0 -0.0 -0.0 -0.0 -0.0 -0.0 -0.0 -0.0 -0.0 -0.0; -0.0 -0.0 -0.0 -0.0 0.0 -0.0 -0.0 -0.0 -0.0 -0.0 -0.0 -0.0 -0.0 -0.0 -0.0 -0.0 -0.0 -0.0 -0.0 -0.0; -0.0 -0.0 -0.0 -0.0 -0.0 -0.0 0.0 -0.0 -0.0 -0.0 -0.0 -0.0 -0.0 -0.0 -0.0 -0.0 -0.0 -0.0 -0.0 -0.0; -0.0 -0.0 -0.0 -0.0 -0.0 -0.0 0.0 -0.0 -0.0 -0.0 -0.0 -0.0 -0.0 -0.0 -0.0 -0.0 -0.0 -0.0 -0.0 -0.0; -0.0 -0.0 -0.0 -0.0 -0.0 -0.0 -0.0 -0.0 -0.0 -0.0 -0.0 -0.0 0.0 -0.0 -0.0 -0.0 -0.0 -0.0 -0.0 -0.0; -0.0 -0.0 -0.0 -0.0 -0.0 -0.0 -0.0 -0.0 -0.0 -0.0 -0.0 -0.0 -0.0 7.000000000000001 5.000000000000001 1.0 -0.0 -0.0 -0.0 -0.0; -0.0 -0.0 -0.0 -0.0 -0.0 -0.0 -0.0 -0.0 -0.0 -0.0 -0.0 -0.0 -0.0 -0.0 -0.0 -0.0 -0.0 -0.0 -0.0 2.0;;;]]
x_bb,"[21.0, 44.0, 0.0, 0.0, 0.0, 0.0, 13.0, 2.0]"
x_box,"[21.0, 44.0, 0.0, 0.0, 0.0, 0.0, 13.0, 2.0]"
evol_zeta,"[[1.758, 22.0], [2.276, 20.375], [2.282, 13.0], [2.288, 9.0], [2.33, 5.000000000600011], [2.372, 3.0], [2.403, 2.3333333333333357], [2.414, 0.0]]"
ξ_box,[10.0; 11.0; 22.0; 22.0; 7.0; 2.0; 11.0; 18.0; 18.0; 17.0; 21.0; 21.0; 13.0; 7.0; 5.0; 1.0; 9.0; 6.0; 2.0; 5.0;;]
