first,second
s_box,[17.0; 9.0; 4.0; 11.0; 16.0; 25.0; 0.0; 3.0; 21.0; 21.0; 23.0; 23.0; 27.0; 0.0; 34.0;;]
x_pb,"[-0.0, -0.0, -0.0, -0.0, 42.0, -0.0, 28.0, -0.0]"
s_bb,[17.0; 9.0; 4.0; 11.0; 16.0; 25.0; 0.0; 3.0; 21.0; 21.0; 23.0; 23.0; 27.0; 0.0; 34.0;;]
partition_bb,"[[[0.0, 0.0, 0.0, 0.0, 0.0, 0.0, 0.0, 0.0, 0.0, 0.0, 0.0, 0.0, 14.0, 22.0, 34.0], [0.0, 0.0, 2.0, 5.0, 7.0, 25.0, 17.0, 12.0, 7.0, 2.0, 0.0, 0.0, 0.0, 0.0, 0.0], [0.0, 0.0, 0.0, 0.0, 0.0, 0.0, 0.0, 2.0, 6.0, 12.0, 20.0, 23.0, 9.0, 1.0, 0.0], [17.0, 9.0, 4.0, 11.0, 6.0, 0.0, 0.0, 0.0, 0.0, 0.0, 0.0, 3.0, 0.0, 12.0, 0.0], [0.0, 0.0, 0.0, 0.0, 0.0, 3.0, 9.0, 16.0, 21.0, 15.0, 5.0, 4.0, 0.0, 0.0, 0.0], [0.0, 0.0, 0.0, 0.0, 0.0, 0.0, 0.0, 0.0, 0.0, 2.0, 12.0, 13.0, 27.0, 14.0, 7.0], [0.0, 0.0, 0.0, 11.0, 16.0, 21.0, 13.0, 8.0, 3.0, 0.0, 0.0, 0.0, 0.0, 0.0, 0.0], [0.0, 0.0, 0.0, 0.0, 0.0, 16.0, 24.0, 16.0, 12.0, 6.0, 0.0, 0.0, 0.0, 0.0, 0.0], [0.0, 0.0, 0.0, 0.0, 0.0, 0.0, 0.0, 0.0, 0.0, 0.0, 5.0, 6.0, 15.0, 28.0, 16.0], [0.0, 0.0, 0.0, 0.0, 0.0, 0.0, 3.0, 11.0, 15.0, 21.0, 11.0, 10.0, 0.0, 0.0, 0.0], [0.0, 0.0, 0.0, 0.0, 0.0, 8.0, 13.0, 21.0, 16.0, 11.0, 1.0, 0.0, 0.0, 0.0, 0.0], [0.0, 0.0, 0.0, 0.0, 0.0, 0.0, 0.0, 3.0, 7.0, 13.0, 23.0, 20.0, 8.0, 0.0, 0.0]]]"
y_box,[0.0 -0.0 -0.0 -0.0 -0.0 -0.0 -0.0 -0.0 -0.0 -0.0 -0.0 -0.0 -0.0 -0.0 -0.0; -0.0 0.0 0.0 0.0 0.0 -0.0 -0.0 -0.0 -0.0 -0.0 -0.0 -0.0 -0.0 -0.0 -0.0; -0.0 -0.0 -0.0 -0.0 -0.0 -0.0 -0.0 -0.0 -0.0 -0.0 -0.0 -0.0 -0.0 -0.0 -0.0; -0.0 -0.0 -0.0 -0.0 -0.0 0.0 -0.0 -0.0 -0.0 -0.0 -0.0 -0.0 -0.0 -0.0 -0.0; -0.0 -0.0 -0.0 -0.0 -0.0 -0.0 24.0 18.0 0.0 0.0 -0.0 -0.0 -0.0 -0.0 -0.0; -0.0 -0.0 -0.0 -0.0 -0.0 -0.0 -0.0 -0.0 -0.0 -0.0 -0.0 -0.0 -0.0 -0.0 -0.0; -0.0 -0.0 -0.0 -0.0 -0.0 -0.0 -0.0 -0.0 -0.0 -0.0 0.0 0.0 0.0 28.0 -0.0; -0.0 -0.0 -0.0 -0.0 -0.0 -0.0 -0.0 -0.0 -0.0 -0.0 -0.0 -0.0 -0.0 -0.0 0.0;;;]
evol_bb,"[[0.351, 2.771616873428297e7]]"
y_bb,[0.0 -0.0 -0.0 -0.0 -0.0 -0.0 -0.0 -0.0 -0.0 -0.0 -0.0 -0.0 -0.0 -0.0 -0.0; -0.0 0.0 0.0 0.0 0.0 -0.0 -0.0 -0.0 -0.0 -0.0 -0.0 -0.0 -0.0 -0.0 -0.0; -0.0 -0.0 -0.0 -0.0 -0.0 -0.0 -0.0 -0.0 -0.0 -0.0 -0.0 -0.0 -0.0 -0.0 -0.0; -0.0 -0.0 -0.0 -0.0 -0.0 0.0 -0.0 -0.0 -0.0 -0.0 -0.0 -0.0 -0.0 -0.0 -0.0; -0.0 -0.0 -0.0 -0.0 -0.0 -0.0 24.0 18.0 0.0 0.0 -0.0 -0.0 -0.0 -0.0 -0.0; -0.0 -0.0 -0.0 -0.0 -0.0 -0.0 -0.0 -0.0 -0.0 -0.0 -0.0 -0.0 -0.0 -0.0 -0.0; -0.0 -0.0 -0.0 -0.0 -0.0 -0.0 -0.0 -0.0 -0.0 -0.0 0.0 0.0 0.0 28.0 -0.0; -0.0 -0.0 -0.0 -0.0 -0.0 -0.0 -0.0 -0.0 -0.0 -0.0 -0.0 -0.0 -0.0 -0.0 0.0;;;]
evol_box,"[[0.441, 0.0], [1.916, 705.740906022965], [1.993, 9.120536927066837e6], [2.002, 1.5398073147591576e7], [2.009, 1.895139553656784e7], [2.018, 2.1438710356643826e7], [2.027, 2.2978483391866878e7], [2.037, 2.463669556826999e7], [2.047, 2.534732219845064e7], [2.057, 2.605798667624589e7], [2.064, 2.676862152332633e7], [2.072, 2.736083649538534e7], [2.08, 2.771616873428297e7]]"
y_pb,[[0.0 -0.0 -0.0 -0.0 -0.0 -0.0 -0.0 -0.0 -0.0 -0.0 -0.0 -0.0 -0.0 -0.0 -0.0; -0.0 -0.0 -0.0 0.0 -0.0 -0.0 -0.0 -0.0 -0.0 -0.0 -0.0 -0.0 -0.0 -0.0 -0.0; -0.0 -0.0 -0.0 0.0 -0.0 -0.0 -0.0 -0.0 -0.0 -0.0 -0.0 -0.0 -0.0 -0.0 -0.0; -0.0 -0.0 -0.0 -0.0 -0.0 0.0 -0.0 -0.0 -0.0 -0.0 -0.0 -0.0 -0.0 -0.0 -0.0; -0.0 -0.0 -0.0 -0.0 -0.0 -0.0 24.0 18.0 -0.0 -0.0 -0.0 -0.0 -0.0 -0.0 -0.0; -0.0 -0.0 -0.0 -0.0 -0.0 -0.0 -0.0 -0.0 -0.0 0.0 -0.0 -0.0 -0.0 -0.0 -0.0; -0.0 -0.0 -0.0 -0.0 -0.0 -0.0 -0.0 -0.0 -0.0 -0.0 -0.0 -0.0 -0.0 28.000000000000004 -0.0; -0.0 -0.0 -0.0 -0.0 -0.0 -0.0 -0.0 -0.0 -0.0 -0.0 -0.0 -0.0 -0.0 0.0 -0.0;;;]]
x_bb,"[0.0, 0.0, 0.0, 0.0, 42.0, 0.0, 28.0, 0.0]"
x_box,"[0.0, 0.0, 0.0, 0.0, 42.0, 0.0, 28.0, 0.0]"
evol_zeta,"[[1.61, 34.0], [1.991, 24.125], [2.001, 22.57142857142857], [2.007, 17.0], [2.016, 13.57142857142857], [2.025, 12.166666666666668], [2.035, 8.0], [2.045, 6.000000000000015], [2.055, 5.833333333333332], [2.063, 5.199999999999999], [2.07, 4.999999999999993], [2.079, 2.3333333333333357], [2.089, 0.0]]"
ξ_box,[17.0; 9.0; 4.0; 11.0; 16.0; 25.0; 24.0; 21.0; 21.0; 21.0; 23.0; 23.0; 27.0; 28.0; 34.0;;]
