first,second
s_box,[29.0; 16.0; 19.0; 17.0; 9.0; 8.0; 20.0; 26.0; 25.0; 0.0; 4.0; 0.0; 25.0; 30.0; 34.0;;]
x_pb,"[-0.0, -0.0, -0.0, 25.0, 25.0, 31.0, -0.0, 0.0]"
s_bb,[29.0; 16.0; 19.0; 17.0; 9.0; 8.0; 20.0; 26.0; 25.0; 0.0; 4.0; 0.0; 25.0; 30.0; 34.0;;]
partition_bb,"[[[0.0, 0.0, 0.0, 0.0, 0.0, 0.0, 0.0, 0.0, 0.0, 0.0, 0.0, 12.0, 16.0, 21.0, 34.0], [0.0, 0.0, 0.0, 0.0, 0.0, 0.0, 0.0, 11.0, 15.0, 17.0, 29.0, 9.0, 0.0, 0.0, 0.0], [29.0, 16.0, 8.0, 4.0, 0.0, 0.0, 0.0, 8.0, 0.0, 0.0, 12.0, 0.0, 0.0, 4.0, 0.0], [0.0, 0.0, 0.0, 1.0, 7.0, 8.0, 20.0, 21.0, 13.0, 10.0, 3.0, 0.0, 0.0, 0.0, 0.0], [0.0, 0.0, 0.0, 0.0, 0.0, 0.0, 0.0, 0.0, 5.0, 8.0, 11.0, 31.0, 11.0, 11.0, 9.0], [0.0, 0.0, 13.0, 17.0, 8.0, 8.0, 0.0, 0.0, 0.0, 1.0, 0.0, 0.0, 19.0, 14.0, 1.0], [0.0, 0.0, 0.0, 0.0, 0.0, 0.0, 10.0, 17.0, 25.0, 22.0, 11.0, 0.0, 0.0, 0.0, 0.0], [0.0, 0.0, 0.0, 0.0, 0.0, 0.0, 0.0, 0.0, 0.0, 0.0, 0.0, 10.0, 25.0, 30.0, 17.0], [15.0, 16.0, 19.0, 15.0, 8.0, 8.0, 0.0, 0.0, 0.0, 0.0, 0.0, 0.0, 0.0, 0.0, 0.0], [0.0, 0.0, 0.0, 0.0, 2.0, 3.0, 15.0, 26.0, 18.0, 15.0, 8.0, 0.0, 0.0, 0.0, 0.0], [0.0, 0.0, 0.0, 0.0, 0.0, 0.0, 8.0, 14.0, 22.0, 25.0, 13.0, 2.0, 0.0, 0.0, 0.0], [0.0, 0.0, 4.0, 0.0, 9.0, 8.0, 0.0, 8.0, 0.0, 3.0, 14.0, 12.0, 0.0, 5.0, 18.0]]]"
y_box,[0.0 0.0 0.0 -0.0 -0.0 -0.0 -0.0 -0.0 -0.0 -0.0 -0.0 -0.0 -0.0 -0.0 -0.0; -0.0 -0.0 -0.0 0.0 0.0 0.0 -0.0 -0.0 -0.0 -0.0 -0.0 -0.0 -0.0 -0.0 -0.0; -0.0 -0.0 -0.0 -0.0 -0.0 -0.0 0.0 -0.0 -0.0 -0.0 -0.0 -0.0 -0.0 -0.0 -0.0; -0.0 -0.0 -0.0 -0.0 -0.0 -0.0 -0.0 0.0 0.0 25.0 -0.0 -0.0 -0.0 -0.0 -0.0; -0.0 -0.0 -0.0 -0.0 -0.0 -0.0 -0.0 -0.0 -0.0 -0.0 25.0 -0.0 -0.0 -0.0 -0.0; -0.0 -0.0 -0.0 -0.0 -0.0 -0.0 -0.0 -0.0 -0.0 -0.0 -0.0 31.0 -0.0 -0.0 -0.0; -0.0 -0.0 -0.0 -0.0 -0.0 -0.0 -0.0 -0.0 -0.0 -0.0 -0.0 -0.0 -0.0 -0.0 -0.0; -0.0 -0.0 -0.0 -0.0 -0.0 -0.0 -0.0 -0.0 -0.0 -0.0 -0.0 -0.0 0.0 0.0 0.0;;;]
evol_bb,"[[0.468, 3.2064287819996834e7]]"
y_bb,[0.0 0.0 0.0 -0.0 -0.0 -0.0 -0.0 -0.0 -0.0 -0.0 -0.0 -0.0 -0.0 -0.0 -0.0; -0.0 -0.0 -0.0 0.0 0.0 0.0 -0.0 -0.0 -0.0 -0.0 -0.0 -0.0 -0.0 -0.0 -0.0; -0.0 -0.0 -0.0 -0.0 -0.0 -0.0 0.0 -0.0 -0.0 -0.0 -0.0 -0.0 -0.0 -0.0 -0.0; -0.0 -0.0 -0.0 -0.0 -0.0 -0.0 -0.0 0.0 0.0 25.0 -0.0 -0.0 -0.0 -0.0 -0.0; -0.0 -0.0 -0.0 -0.0 -0.0 -0.0 -0.0 -0.0 -0.0 -0.0 25.0 -0.0 -0.0 -0.0 -0.0; -0.0 -0.0 -0.0 -0.0 -0.0 -0.0 -0.0 -0.0 -0.0 -0.0 -0.0 31.0 -0.0 -0.0 -0.0; -0.0 -0.0 -0.0 -0.0 -0.0 -0.0 -0.0 -0.0 -0.0 -0.0 -0.0 -0.0 -0.0 -0.0 -0.0; -0.0 -0.0 -0.0 -0.0 -0.0 -0.0 -0.0 -0.0 -0.0 -0.0 -0.0 -0.0 0.0 0.0 0.0;;;]
evol_box,"[[0.482, 0.0], [2.018, 245741.43872727873], [2.116, 9.05682530588114e6], [2.135, 1.6032516884498991e7], [2.165, 2.1539641814986765e7], [2.195, 2.386481243672588e7], [2.212, 2.619004296293183e7], [2.228, 2.8025736921362776e7], [2.245, 2.9127161907460332e7], [2.262, 3.0228586893557888e7], [2.277, 3.0962870217622925e7], [2.287, 3.157477298767712e7], [2.336, 3.1941907265985996e7], [2.344, 3.2064287819996834e7]]"
y_pb,[[-0.0 -0.0 0.0 -0.0 -0.0 -0.0 -0.0 -0.0 -0.0 -0.0 -0.0 -0.0 -0.0 -0.0 -0.0; -0.0 -0.0 -0.0 0.0 -0.0 -0.0 -0.0 -0.0 -0.0 -0.0 -0.0 -0.0 -0.0 -0.0 -0.0; -0.0 -0.0 -0.0 -0.0 -0.0 -0.0 0.0 -0.0 -0.0 -0.0 -0.0 -0.0 -0.0 -0.0 -0.0; -0.0 -0.0 -0.0 -0.0 -0.0 -0.0 -0.0 -0.0 -0.0 25.000000000000004 -0.0 -0.0 -0.0 -0.0 -0.0; -0.0 -0.0 -0.0 -0.0 -0.0 -0.0 -0.0 -0.0 -0.0 -0.0 25.0 -0.0 -0.0 -0.0 -0.0; -0.0 -0.0 -0.0 -0.0 -0.0 -0.0 -0.0 -0.0 -0.0 -0.0 -0.0 31.000000000000004 -0.0 -0.0 -0.0; -0.0 -0.0 -0.0 -0.0 -0.0 -0.0 -0.0 -0.0 -0.0 -0.0 -0.0 0.0 -0.0 -0.0 -0.0; -0.0 -0.0 -0.0 -0.0 -0.0 -0.0 -0.0 -0.0 -0.0 -0.0 -0.0 -0.0 -0.0 -0.0 -0.0;;;]]
x_bb,"[0.0, 0.0, 0.0, 25.0, 25.0, 31.0, 0.0, 0.0]"
x_box,"[0.0, 0.0, 0.0, 25.0, 25.0, 31.0, 0.0, 0.0]"
evol_zeta,"[[1.702, 33.5], [2.114, 29.0], [2.133, 29.0], [2.163, 20.000000000000004], [2.191, 18.285714285714292], [2.208, 12.999999999999973], [2.225, 9.2], [2.242, 9.0], [2.259, 8.749999999999996], [2.275, 5.999999999999942], [2.285, 4.142857142857151], [2.333, 2.5000000000000266], [2.342, 1.0], [2.376, 0.0]]"
ξ_box,[29.0; 16.0; 19.0; 17.0; 9.0; 8.0; 20.0; 26.0; 25.0; 25.0; 29.0; 31.0; 25.0; 30.0; 34.0;;]
