first,second
s_box,[2.0; 13.0; 24.0; 26.0; 0.0; 0.0; 13.0; 10.0; 13.0; 22.0; 5.0; 0.0; 0.0; 0.0; 0.0;;]
x_pb,"[-0.0, -0.0, 19.0, -0.0, -0.0, -0.0, 24.0, 14.0]"
s_bb,[2.0; 13.0; 24.0; 26.0; 0.0; 0.0; 13.0; 10.0; 13.0; 22.0; 5.0; 0.0; 0.0; 0.0; 0.0;;]
partition_bb,"[[[0.0, 8.0, 16.0, 26.0, 8.0, 3.0, 0.0, 0.0, 0.0, 0.0, 0.0, 0.0, 0.0, 0.0, 0.0], [0.0, 0.0, 0.0, 0.0, 0.0, 0.0, 5.0, 8.0, 9.0, 22.0, 7.0, 6.0, 0.0, 0.0, 0.0], [2.0, 12.0, 24.0, 14.0, 5.0, 0.0, 0.0, 0.0, 0.0, 0.0, 0.0, 0.0, 0.0, 0.0, 0.0], [0.0, 0.0, 13.0, 3.0, 0.0, 4.0, 13.0, 10.0, 0.0, 0.0, 0.0, 0.0, 8.0, 3.0, 1.0], [1.0, 0.0, 0.0, 10.0, 12.0, 7.0, 0.0, 0.0, 0.0, 0.0, 13.0, 14.0, 0.0, 0.0, 0.0], [1.0, 0.0, 3.0, 13.0, 0.0, 0.0, 4.0, 1.0, 13.0, 0.0, 11.0, 10.0, 2.0, 0.0, 0.0], [0.0, 0.0, 1.0, 0.0, 12.0, 7.0, 13.0, 10.0, 0.0, 0.0, 0.0, 0.0, 8.0, 5.0, 1.0], [0.0, 0.0, 0.0, 0.0, 0.0, 2.0, 11.0, 10.0, 0.0, 0.0, 15.0, 14.0, 0.0, 5.0, 1.0], [2.0, 13.0, 1.0, 11.0, 0.0, 0.0, 0.0, 0.0, 0.0, 0.0, 15.0, 14.0, 0.0, 0.0, 1.0]]]"
y_box,[0.0 0.0 -0.0 -0.0 -0.0 -0.0 -0.0 -0.0 -0.0 -0.0 -0.0 -0.0 -0.0 -0.0 -0.0; -0.0 -0.0 0.0 0.0 -0.0 -0.0 -0.0 -0.0 -0.0 -0.0 -0.0 -0.0 -0.0 -0.0 -0.0; -0.0 -0.0 -0.0 -0.0 12.0 7.0 0.0 0.0 0.0 -0.0 -0.0 -0.0 -0.0 -0.0 -0.0; -0.0 -0.0 -0.0 -0.0 -0.0 -0.0 -0.0 -0.0 -0.0 -0.0 -0.0 -0.0 -0.0 -0.0 -0.0; -0.0 -0.0 -0.0 -0.0 -0.0 -0.0 -0.0 -0.0 -0.0 0.0 -0.0 -0.0 -0.0 -0.0 -0.0; -0.0 -0.0 -0.0 -0.0 -0.0 -0.0 -0.0 -0.0 -0.0 -0.0 -0.0 -0.0 -0.0 -0.0 -0.0; -0.0 -0.0 -0.0 -0.0 -0.0 -0.0 -0.0 -0.0 -0.0 -0.0 10.0 14.0 -0.0 -0.0 -0.0; -0.0 -0.0 -0.0 -0.0 -0.0 -0.0 -0.0 -0.0 -0.0 -0.0 -0.0 -0.0 8.0 5.0 1.0;;;]
evol_bb,"[[0.445, 1.5499087531247888e7]]"
y_bb,[0.0 0.0 -0.0 -0.0 -0.0 -0.0 -0.0 -0.0 -0.0 -0.0 -0.0 -0.0 -0.0 -0.0 -0.0; -0.0 -0.0 0.0 0.0 -0.0 -0.0 -0.0 -0.0 -0.0 -0.0 -0.0 -0.0 -0.0 -0.0 -0.0; -0.0 -0.0 -0.0 -0.0 12.0 7.0 0.0 0.0 0.0 -0.0 -0.0 -0.0 -0.0 -0.0 -0.0; -0.0 -0.0 -0.0 -0.0 -0.0 -0.0 -0.0 -0.0 -0.0 -0.0 -0.0 -0.0 -0.0 -0.0 -0.0; -0.0 -0.0 -0.0 -0.0 -0.0 -0.0 -0.0 -0.0 -0.0 0.0 -0.0 -0.0 -0.0 -0.0 -0.0; -0.0 -0.0 -0.0 -0.0 -0.0 -0.0 -0.0 -0.0 -0.0 -0.0 -0.0 -0.0 -0.0 -0.0 -0.0; -0.0 -0.0 -0.0 -0.0 -0.0 -0.0 -0.0 -0.0 -0.0 -0.0 10.0 14.0 -0.0 -0.0 -0.0; -0.0 -0.0 -0.0 -0.0 -0.0 -0.0 -0.0 -0.0 -0.0 -0.0 -0.0 -0.0 8.0 5.0 1.0;;;]
evol_box,"[[0.641, 0.0], [2.986, 485349.82495340315], [3.077, 7.386895266569362e6], [3.088, 1.0292736848797522e7], [3.097, 1.3077446642554842e7], [3.106, 1.416719019036781e7], [3.113, 1.5014762785443345e7], [3.119, 1.525692801829067e7], [3.127, 1.5378010634714333e7], [3.144, 1.5499087531247888e7]]"
y_pb,[[-0.0 -0.0 0.0 -0.0 -0.0 -0.0 -0.0 -0.0 -0.0 -0.0 -0.0 -0.0 -0.0 -0.0 -0.0; -0.0 -0.0 -0.0 -0.0 0.0 -0.0 -0.0 -0.0 -0.0 -0.0 -0.0 -0.0 -0.0 -0.0 -0.0; -0.0 -0.0 -0.0 -0.0 12.0 7.000000000000001 -0.0 -0.0 -0.0 -0.0 -0.0 -0.0 -0.0 -0.0 -0.0; -0.0 -0.0 -0.0 -0.0 -0.0 -0.0 -0.0 -0.0 -0.0 0.0 -0.0 -0.0 -0.0 -0.0 -0.0; -0.0 -0.0 -0.0 -0.0 -0.0 -0.0 -0.0 -0.0 -0.0 -0.0 0.0 -0.0 -0.0 -0.0 -0.0; -0.0 -0.0 -0.0 -0.0 -0.0 -0.0 -0.0 -0.0 -0.0 -0.0 0.0 -0.0 -0.0 -0.0 -0.0; -0.0 -0.0 -0.0 -0.0 -0.0 -0.0 -0.0 -0.0 -0.0 -0.0 10.0 14.000000000000002 -0.0 -0.0 -0.0; -0.0 -0.0 -0.0 -0.0 -0.0 -0.0 -0.0 -0.0 -0.0 -0.0 -0.0 -0.0 8.0 5.000000000000001 1.0;;;]]
x_bb,"[0.0, 0.0, 19.0, 0.0, 0.0, 0.0, 24.0, 14.0]"
x_box,"[0.0, 0.0, 19.0, 0.0, 0.0, 0.0, 24.0, 14.0]"
evol_zeta,"[[2.468, 25.2], [3.074, 22.0], [3.085, 11.000000000000014], [3.094, 8.0], [3.103, 8.0], [3.11, 6.0], [3.116, 2.0], [3.124, 1.0000000002000036], [3.141, 1.0000000002000036], [3.182, 0.0]]"
ξ_box,[2.0; 13.0; 24.0; 26.0; 12.0; 7.0; 13.0; 10.0; 13.0; 22.0; 15.0; 14.0; 8.0; 5.0; 1.0;;]
