first,second
s_box,[31.0; 24.0; 21.0; 19.0; 11.0; 19.0; 0.0; 0.0; 0.0; 0.0; 12.0; 13.0; 15.0; 24.0; 38.0;;]
x_pb,"[-0.0, 29.0, 25.0, -0.0, 12.0, 3.0, -0.0, -0.0]"
s_bb,[31.0; 24.0; 21.0; 19.0; 11.0; 19.0; 0.0; 0.0; 0.0; 0.0; 12.0; 13.0; 15.0; 24.0; 38.0;;]
partition_bb,"[[[0.0, 0.0, 0.0, 0.0, 0.0, 0.0, 0.0, 0.0, 0.0, 0.0, 1.0, 5.0, 10.0, 15.0, 38.0], [31.0, 20.0, 9.0, 8.0, 3.0, 0.0, 0.0, 0.0, 0.0, 0.0, 0.0, 0.0, 0.0, 0.0, 0.0], [0.0, 0.0, 0.0, 3.0, 10.0, 11.0, 18.0, 25.0, 4.0, 0.0, 0.0, 0.0, 0.0, 0.0, 0.0], [0.0, 10.0, 21.0, 18.0, 11.0, 10.0, 3.0, 0.0, 0.0, 0.0, 0.0, 0.0, 0.0, 0.0, 0.0], [11.0, 0.0, 0.0, 0.0, 0.0, 0.0, 0.0, 0.0, 12.0, 3.0, 12.0, 13.0, 8.0, 0.0, 0.0], [0.0, 0.0, 0.0, 0.0, 5.0, 2.0, 0.0, 0.0, 0.0, 1.0, 10.0, 11.0, 15.0, 24.0, 1.0], [0.0, 0.0, 9.0, 12.0, 19.0, 16.0, 11.0, 4.0, 0.0, 0.0, 0.0, 0.0, 0.0, 0.0, 0.0], [13.0, 24.0, 13.0, 12.0, 5.0, 4.0, 0.0, 0.0, 0.0, 0.0, 0.0, 0.0, 0.0, 0.0, 0.0], [0.0, 0.0, 3.0, 6.0, 13.0, 14.0, 21.0, 14.0, 0.0, 0.0, 0.0, 0.0, 0.0, 0.0, 0.0], [0.0, 0.0, 8.0, 11.0, 16.0, 19.0, 12.0, 5.0, 0.0, 0.0, 0.0, 0.0, 0.0, 0.0, 0.0], [0.0, 7.0, 16.0, 19.0, 12.0, 11.0, 4.0, 0.0, 0.0, 0.0, 0.0, 0.0, 0.0, 0.0, 0.0]]]"
y_box,[0.0 0.0 -0.0 -0.0 -0.0 -0.0 -0.0 -0.0 -0.0 -0.0 -0.0 -0.0 -0.0 -0.0 -0.0; -0.0 -0.0 0.0 0.0 8.0 0.0 21.0 -0.0 -0.0 -0.0 -0.0 -0.0 -0.0 -0.0 -0.0; -0.0 -0.0 -0.0 -0.0 -0.0 -0.0 -0.0 25.0 -0.0 -0.0 -0.0 -0.0 -0.0 -0.0 -0.0; -0.0 -0.0 -0.0 -0.0 -0.0 -0.0 -0.0 -0.0 -0.0 -0.0 -0.0 -0.0 -0.0 -0.0 -0.0; -0.0 -0.0 -0.0 -0.0 -0.0 -0.0 -0.0 -0.0 12.0 -0.0 -0.0 -0.0 -0.0 -0.0 -0.0; -0.0 -0.0 -0.0 -0.0 -0.0 -0.0 -0.0 -0.0 -0.0 3.0 0.0 0.0 -0.0 -0.0 -0.0; -0.0 -0.0 -0.0 -0.0 -0.0 -0.0 -0.0 -0.0 -0.0 -0.0 -0.0 -0.0 0.0 0.0 -0.0; -0.0 -0.0 -0.0 -0.0 -0.0 -0.0 -0.0 -0.0 -0.0 -0.0 -0.0 -0.0 -0.0 -0.0 0.0;;;]
evol_bb,"[[0.409, 2.9562740247213364e7]]"
y_bb,[0.0 0.0 -0.0 -0.0 -0.0 -0.0 -0.0 -0.0 -0.0 -0.0 -0.0 -0.0 -0.0 -0.0 -0.0; -0.0 -0.0 0.0 0.0 8.0 0.0 21.0 -0.0 -0.0 -0.0 -0.0 -0.0 -0.0 -0.0 -0.0; -0.0 -0.0 -0.0 -0.0 -0.0 -0.0 -0.0 25.0 -0.0 -0.0 -0.0 -0.0 -0.0 -0.0 -0.0; -0.0 -0.0 -0.0 -0.0 -0.0 -0.0 -0.0 -0.0 -0.0 -0.0 -0.0 -0.0 -0.0 -0.0 -0.0; -0.0 -0.0 -0.0 -0.0 -0.0 -0.0 -0.0 -0.0 12.0 -0.0 -0.0 -0.0 -0.0 -0.0 -0.0; -0.0 -0.0 -0.0 -0.0 -0.0 -0.0 -0.0 -0.0 -0.0 3.0 0.0 0.0 -0.0 -0.0 -0.0; -0.0 -0.0 -0.0 -0.0 -0.0 -0.0 -0.0 -0.0 -0.0 -0.0 -0.0 -0.0 0.0 0.0 -0.0; -0.0 -0.0 -0.0 -0.0 -0.0 -0.0 -0.0 -0.0 -0.0 -0.0 -0.0 -0.0 -0.0 -0.0 0.0;;;]
evol_box,"[[0.531, 0.0], [2.278, 837.2389089250447], [2.37, 9.247091709228976e6], [2.38, 1.7711811739194173e7], [2.39, 2.0707114282391876e7], [2.4, 2.461398338503078e7], [2.41, 2.6437211291793942e7], [2.429, 2.8130208633788317e7], [2.464, 2.8651130892863512e7], [2.474, 2.9041817988138177e7], [2.484, 2.9432509682444565e7], [2.492, 2.9562740247213364e7]]"
y_pb,[[-0.0 0.0 -0.0 -0.0 -0.0 -0.0 -0.0 -0.0 -0.0 -0.0 -0.0 -0.0 -0.0 -0.0 -0.0; -0.0 -0.0 -0.0 -0.0 8.0 -0.0 21.0 -0.0 -0.0 -0.0 -0.0 -0.0 -0.0 -0.0 -0.0; -0.0 -0.0 -0.0 -0.0 -0.0 -0.0 -0.0 25.000000000000004 -0.0 -0.0 -0.0 -0.0 -0.0 -0.0 -0.0; -0.0 -0.0 -0.0 -0.0 -0.0 -0.0 -0.0 -0.0 0.0 -0.0 -0.0 -0.0 -0.0 -0.0 -0.0; -0.0 -0.0 -0.0 -0.0 -0.0 -0.0 -0.0 -0.0 12.0 -0.0 -0.0 -0.0 -0.0 -0.0 -0.0; -0.0 -0.0 -0.0 -0.0 -0.0 -0.0 -0.0 -0.0 -0.0 3.0 -0.0 -0.0 -0.0 -0.0 -0.0; -0.0 -0.0 -0.0 -0.0 -0.0 -0.0 -0.0 -0.0 -0.0 -0.0 -0.0 -0.0 0.0 -0.0 -0.0; -0.0 -0.0 -0.0 -0.0 -0.0 -0.0 -0.0 -0.0 -0.0 -0.0 -0.0 -0.0 -0.0 -0.0 0.0;;;]]
x_bb,"[0.0, 29.0, 25.0, 0.0, 12.0, 3.0, 0.0, 0.0]"
x_box,"[0.0, 29.0, 25.0, 0.0, 12.0, 3.0, 0.0, 0.0]"
evol_zeta,"[[1.902, 38.0], [2.368, 30.599999999999994], [2.378, 24.666666666666664], [2.388, 11.333333333333332], [2.398, 11.0], [2.408, 9.0], [2.427, 7.666666666666668], [2.462, 3.6666666666666665], [2.472, 2.6666666666666483], [2.482, 2.6666666666666643], [2.49, 1.0], [2.522, 0.0]]"
ξ_box,[31.0; 24.0; 21.0; 19.0; 19.0; 19.0; 21.0; 25.0; 12.0; 3.0; 12.0; 13.0; 15.0; 24.0; 38.0;;]
