first,second
s_box,[0.0; 0.0; 14.0; 11.0; 6.0; 14.0; 0.0; 30.0; 0.0; 19.0; 11.0; 15.0; 21.0; 11.0; 23.0;;]
x_pb,"[38.0, -0.0, -0.0, -0.0, 18.0, 20.0, -0.0, -0.0]"
s_bb,[0.0; 0.0; 14.0; 11.0; 6.0; 14.0; 0.0; 30.0; 0.0; 19.0; 11.0; 15.0; 21.0; 11.0; 23.0;;]
partition_bb,"[[[0.0, 0.0, 0.0, 0.0, 2.0, 3.0, 14.0, 30.0, 16.0, 14.0, 1.0, 0.0, 0.0, 0.0, 0.0], [0.0, 4.0, 8.0, 5.0, 0.0, 0.0, 1.0, 17.0, 3.0, 1.0, 0.0, 4.0, 2.0, 11.0, 23.0], [4.0, 0.0, 0.0, 1.0, 6.0, 0.0, 0.0, 4.0, 3.0, 0.0, 11.0, 15.0, 21.0, 11.0, 0.0], [17.0, 21.0, 0.0, 0.0, 5.0, 13.0, 6.0, 14.0, 0.0, 0.0, 0.0, 0.0, 0.0, 0.0, 0.0], [0.0, 0.0, 1.0, 0.0, 0.0, 0.0, 1.0, 5.0, 18.0, 21.0, 11.0, 7.0, 1.0, 11.0, 0.0], [0.0, 0.0, 14.0, 11.0, 6.0, 14.0, 3.0, 0.0, 0.0, 0.0, 0.0, 0.0, 1.0, 11.0, 13.0], [17.0, 21.0, 0.0, 1.0, 6.0, 7.0, 18.0, 2.0, 1.0, 0.0, 0.0, 0.0, 0.0, 0.0, 3.0]]]"
y_box,[17.0 21.0 -0.0 -0.0 -0.0 -0.0 -0.0 -0.0 -0.0 -0.0 -0.0 -0.0 -0.0 -0.0 -0.0; -0.0 -0.0 -0.0 -0.0 -0.0 -0.0 -0.0 -0.0 -0.0 -0.0 -0.0 -0.0 -0.0 -0.0 -0.0; -0.0 -0.0 -0.0 -0.0 -0.0 -0.0 -0.0 -0.0 -0.0 -0.0 -0.0 -0.0 -0.0 -0.0 -0.0; -0.0 -0.0 0.0 -0.0 0.0 -0.0 -0.0 -0.0 -0.0 -0.0 -0.0 -0.0 -0.0 -0.0 -0.0; -0.0 -0.0 -0.0 -0.0 -0.0 -0.0 18.0 -0.0 -0.0 -0.0 -0.0 -0.0 -0.0 -0.0 -0.0; -0.0 -0.0 -0.0 -0.0 -0.0 -0.0 -0.0 0.0 18.0 2.0 -0.0 -0.0 -0.0 -0.0 -0.0; -0.0 -0.0 -0.0 -0.0 -0.0 -0.0 -0.0 -0.0 -0.0 -0.0 0.0 -0.0 -0.0 -0.0 -0.0; -0.0 -0.0 -0.0 -0.0 -0.0 -0.0 -0.0 -0.0 -0.0 -0.0 -0.0 0.0 0.0 0.0 0.0;;;]
evol_bb,"[[0.343, 2.2275579689328715e7]]"
y_bb,[17.0 21.0 -0.0 -0.0 -0.0 -0.0 -0.0 -0.0 -0.0 -0.0 -0.0 -0.0 -0.0 -0.0 -0.0; -0.0 -0.0 -0.0 -0.0 -0.0 -0.0 -0.0 -0.0 -0.0 -0.0 -0.0 -0.0 -0.0 -0.0 -0.0; -0.0 -0.0 -0.0 -0.0 -0.0 -0.0 -0.0 -0.0 -0.0 -0.0 -0.0 -0.0 -0.0 -0.0 -0.0; -0.0 -0.0 0.0 -0.0 0.0 -0.0 -0.0 -0.0 -0.0 -0.0 -0.0 -0.0 -0.0 -0.0 -0.0; -0.0 -0.0 -0.0 -0.0 -0.0 -0.0 18.0 -0.0 -0.0 -0.0 -0.0 -0.0 -0.0 -0.0 -0.0; -0.0 -0.0 -0.0 -0.0 -0.0 -0.0 -0.0 0.0 18.0 2.0 -0.0 -0.0 -0.0 -0.0 -0.0; -0.0 -0.0 -0.0 -0.0 -0.0 -0.0 -0.0 -0.0 -0.0 -0.0 -0.0 -0.0 -0.0 -0.0 -0.0; -0.0 -0.0 -0.0 -0.0 -0.0 -0.0 -0.0 -0.0 -0.0 -0.0 0.0 0.0 0.0 0.0 0.0;;;]
evol_box,"[[0.52, 0.0], [2.229, 509749.90751995234], [2.329, 7.765058691194103e6], [2.344, 1.2220052013953045e7], [2.349, 1.7947823854271445e7], [2.357, 1.9729842933855053e7], [2.364, 2.0875425776056524e7], [2.37, 2.1766435315848324e7], [2.384, 2.2275579689328715e7]]"
y_pb,[[17.000000000000004 21.0 -0.0 -0.0 -0.0 -0.0 -0.0 -0.0 -0.0 -0.0 -0.0 -0.0 -0.0 -0.0 -0.0; -0.0 -0.0 -0.0 0.0 -0.0 -0.0 -0.0 -0.0 -0.0 -0.0 -0.0 -0.0 -0.0 -0.0 -0.0; -0.0 -0.0 -0.0 0.0 -0.0 -0.0 -0.0 -0.0 -0.0 -0.0 -0.0 -0.0 -0.0 -0.0 -0.0; -0.0 -0.0 -0.0 0.0 -0.0 -0.0 -0.0 -0.0 -0.0 -0.0 -0.0 -0.0 -0.0 -0.0 -0.0; -0.0 -0.0 -0.0 -0.0 -0.0 -0.0 18.0 -0.0 -0.0 -0.0 -0.0 -0.0 -0.0 -0.0 -0.0; -0.0 -0.0 -0.0 -0.0 -0.0 -0.0 -0.0 -0.0 18.0 2.0 -0.0 -0.0 -0.0 -0.0 -0.0; -0.0 -0.0 -0.0 -0.0 -0.0 -0.0 -0.0 -0.0 -0.0 -0.0 0.0 -0.0 -0.0 -0.0 -0.0; -0.0 -0.0 -0.0 -0.0 -0.0 -0.0 -0.0 -0.0 -0.0 -0.0 -0.0 0.0 -0.0 -0.0 -0.0;;;]]
x_bb,"[38.0, 0.0, 0.0, 0.0, 18.0, 20.0, 0.0, 0.0]"
x_box,"[38.0, 0.0, 0.0, 0.0, 18.0, 20.0, 0.0, 0.0]"
evol_zeta,"[[1.869, 29.428571428571416], [2.327, 23.0], [2.342, 19.0], [2.347, 16.0], [2.354, 9.0], [2.362, 7.0], [2.367, 7.0], [2.381, 4.0], [2.386, 0.0]]"
ξ_box,[17.0; 21.0; 14.0; 11.0; 6.0; 14.0; 18.0; 30.0; 18.0; 21.0; 11.0; 15.0; 21.0; 11.0; 23.0;;]
