first,second
s_box,[17.0; 26.0; 26.0; 18.0; 7.0; 13.0; 21.0; 19.0; 0.0; 11.0; 17.0; 18.0; 0.0; 0.0; 22.0;;]
x_pb,"[-0.0, -0.0, 0.0, -0.0, -0.0, -0.0, 22.0, 37.0]"
s_bb,[17.0; 26.0; 26.0; 18.0; 7.0; 13.0; 21.0; 19.0; 0.0; 11.0; 17.0; 18.0; 0.0; 0.0; 22.0;;]
partition_bb,"[[[13.0, 26.0, 9.0, 8.0, 3.0, 0.0, 0.0, 0.0, 0.0, 0.0, 0.0, 0.0, 0.0, 0.0, 0.0], [0.0, 0.0, 0.0, 0.0, 0.0, 0.0, 0.0, 0.0, 0.0, 0.0, 0.0, 8.0, 13.0, 17.0, 22.0], [0.0, 0.0, 0.0, 0.0, 0.0, 5.0, 21.0, 16.0, 9.0, 6.0, 6.0, 0.0, 0.0, 0.0, 0.0], [7.0, 9.0, 26.0, 15.0, 4.0, 0.0, 0.0, 0.0, 0.0, 0.0, 0.0, 0.0, 0.0, 0.0, 0.0], [0.0, 0.0, 0.0, 0.0, 0.0, 0.0, 2.0, 7.0, 11.0, 15.0, 17.0, 8.0, 2.0, 0.0, 0.0], [0.0, 0.0, 0.0, 0.0, 0.0, 0.0, 0.0, 0.0, 6.0, 9.0, 9.0, 18.0, 12.0, 7.0, 4.0], [0.0, 2.0, 19.0, 18.0, 7.0, 13.0, 0.0, 0.0, 0.0, 0.0, 0.0, 0.0, 0.0, 0.0, 0.0], [0.0, 0.0, 0.0, 0.0, 0.0, 0.0, 5.0, 10.0, 17.0, 13.0, 11.0, 5.0, 0.0, 0.0, 0.0], [0.0, 0.0, 0.0, 0.0, 0.0, 0.0, 0.0, 0.0, 0.0, 2.0, 2.0, 11.0, 17.0, 11.0, 16.0], [17.0, 17.0, 0.0, 11.0, 0.0, 0.0, 0.0, 5.0, 0.0, 0.0, 0.0, 0.0, 0.0, 0.0, 5.0], [0.0, 0.0, 0.0, 0.0, 0.0, 0.0, 0.0, 0.0, 0.0, 2.0, 2.0, 9.0, 14.0, 20.0, 15.0], [0.0, 0.0, 0.0, 0.0, 0.0, 0.0, 14.0, 19.0, 12.0, 9.0, 9.0, 0.0, 0.0, 0.0, 0.0], [0.0, 0.0, 0.0, 0.0, 0.0, 2.0, 1.0, 6.0, 12.0, 16.0, 14.0, 7.0, 1.0, 0.0, 0.0]]]"
y_box,[-0.0 -0.0 -0.0 -0.0 -0.0 -0.0 -0.0 -0.0 -0.0 -0.0 -0.0 -0.0 -0.0 -0.0 -0.0; -0.0 -0.0 -0.0 -0.0 -0.0 -0.0 -0.0 -0.0 -0.0 -0.0 -0.0 -0.0 -0.0 -0.0 -0.0; 0.0 -0.0 -0.0 -0.0 -0.0 -0.0 -0.0 -0.0 -0.0 -0.0 -0.0 -0.0 -0.0 -0.0 -0.0; -0.0 0.0 0.0 0.0 -0.0 -0.0 -0.0 -0.0 -0.0 -0.0 -0.0 -0.0 -0.0 -0.0 -0.0; -0.0 -0.0 -0.0 -0.0 -0.0 -0.0 -0.0 -0.0 -0.0 -0.0 -0.0 -0.0 -0.0 -0.0 -0.0; -0.0 -0.0 -0.0 -0.0 0.0 -0.0 -0.0 -0.0 -0.0 -0.0 -0.0 -0.0 -0.0 -0.0 -0.0; -0.0 -0.0 -0.0 -0.0 -0.0 0.0 0.0 -0.0 17.0 5.0 0.0 -0.0 -0.0 -0.0 -0.0; -0.0 -0.0 -0.0 -0.0 -0.0 -0.0 -0.0 -0.0 -0.0 -0.0 -0.0 0.0 17.0 20.0 0.0;;;]
evol_bb,"[[0.445, 2.814558608369696e7]]"
y_bb,[-0.0 -0.0 -0.0 -0.0 -0.0 -0.0 -0.0 -0.0 -0.0 -0.0 -0.0 -0.0 -0.0 -0.0 -0.0; -0.0 -0.0 -0.0 -0.0 -0.0 -0.0 -0.0 -0.0 -0.0 -0.0 -0.0 -0.0 -0.0 -0.0 -0.0; 0.0 -0.0 -0.0 -0.0 -0.0 -0.0 -0.0 -0.0 -0.0 -0.0 -0.0 -0.0 -0.0 -0.0 -0.0; -0.0 0.0 0.0 0.0 -0.0 -0.0 -0.0 -0.0 -0.0 -0.0 -0.0 -0.0 -0.0 -0.0 -0.0; -0.0 -0.0 -0.0 -0.0 -0.0 -0.0 -0.0 -0.0 -0.0 -0.0 -0.0 -0.0 -0.0 -0.0 -0.0; -0.0 -0.0 -0.0 -0.0 0.0 -0.0 -0.0 -0.0 -0.0 -0.0 -0.0 -0.0 -0.0 -0.0 -0.0; -0.0 -0.0 -0.0 -0.0 -0.0 0.0 0.0 -0.0 17.0 5.0 0.0 -0.0 -0.0 -0.0 -0.0; -0.0 -0.0 -0.0 -0.0 -0.0 -0.0 -0.0 -0.0 -0.0 -0.0 -0.0 0.0 17.0 20.0 0.0;;;]
evol_box,"[[0.576, 0.0], [2.43, 1444.6269585652553], [2.526, 7.854944487190512e6], [2.536, 1.6102070078707023e7], [2.543, 1.937477920113144e7], [2.55, 2.2254746043242596e7], [2.569, 2.356382969221236e7], [2.577, 2.5396546800770037e7], [2.586, 2.6181986704784572e7], [2.594, 2.670562016437248e7], [2.601, 2.7229230160375077e7], [2.611, 2.7621952624109052e7], [2.62, 2.8014677718799982e7], [2.63, 2.814558608369696e7]]"
y_pb,[[0.0 -0.0 -0.0 -0.0 -0.0 -0.0 -0.0 -0.0 -0.0 -0.0 -0.0 -0.0 -0.0 -0.0 -0.0; 0.0 -0.0 -0.0 -0.0 -0.0 -0.0 -0.0 -0.0 -0.0 -0.0 -0.0 -0.0 -0.0 -0.0 -0.0; -0.0 -0.0 -0.0 -0.0 -0.0 -0.0 -0.0 -0.0 -0.0 -0.0 -0.0 -0.0 -0.0 -0.0 -0.0; 0.0 -0.0 -0.0 -0.0 -0.0 -0.0 -0.0 -0.0 -0.0 -0.0 -0.0 -0.0 -0.0 -0.0 -0.0; -0.0 -0.0 0.0 -0.0 -0.0 -0.0 -0.0 -0.0 -0.0 -0.0 -0.0 -0.0 -0.0 -0.0 -0.0; -0.0 -0.0 -0.0 -0.0 -0.0 -0.0 -0.0 0.0 -0.0 -0.0 -0.0 -0.0 -0.0 -0.0 -0.0; -0.0 -0.0 -0.0 -0.0 -0.0 -0.0 -0.0 -0.0 17.000000000000004 5.0 -0.0 -0.0 -0.0 -0.0 -0.0; -0.0 -0.0 -0.0 -0.0 -0.0 -0.0 -0.0 -0.0 -0.0 -0.0 -0.0 -0.0 17.000000000000004 20.000000000000004 -0.0;;;]]
x_bb,"[0.0, 0.0, 0.0, 0.0, 0.0, 0.0, 22.0, 37.0]"
x_box,"[0.0, 0.0, 0.0, 0.0, 0.0, 0.0, 22.0, 37.0]"
evol_zeta,"[[2.045, 26.0], [2.524, 21.75], [2.534, 20.33333333333333], [2.541, 16.6], [2.548, 10.57142857142857], [2.567, 9.142857142857142], [2.575, 8.0], [2.584, 5.666666666666664], [2.592, 4.0], [2.599, 4.0], [2.609, 2.499999999999999], [2.618, 2.200000000000003], [2.628, 1.0], [2.633, 0.0]]"
ξ_box,[17.0; 26.0; 26.0; 18.0; 7.0; 13.0; 21.0; 19.0; 17.0; 16.0; 17.0; 18.0; 17.0; 20.0; 22.0;;]
