first,second
s_box,[5.0; 17.0; 0.0; 0.0; 0.0; 0.0; 26.0; 26.0; 13.0; 17.0; 20.0; 22.0; 22.0; 22.0; 29.0;;]
x_pb,"[42.0, 9.0, 1.0, 30.0, -0.0, -0.0, -0.0, -0.0]"
s_bb,[5.0; 17.0; 0.0; 0.0; 0.0; 0.0; 26.0; 26.0; 13.0; 17.0; 20.0; 22.0; 22.0; 22.0; 29.0;;]
partition_bb,"[[[47.0, 17.0, 9.0, 1.0, 6.0, 0.0, 2.0, 0.0, 0.0, 0.0, 0.0, 0.0, 0.0, 0.0, 0.0], [0.0, 0.0, 0.0, 0.0, 0.0, 0.0, 0.0, 0.0, 1.0, 5.0, 8.0, 10.0, 12.0, 22.0, 29.0], [0.0, 0.0, 0.0, 1.0, 1.0, 4.0, 21.0, 26.0, 13.0, 9.0, 6.0, 4.0, 2.0, 0.0, 0.0], [12.0, 8.0, 0.0, 1.0, 12.0, 18.0, 18.0, 13.0, 0.0, 0.0, 0.0, 0.0, 0.0, 0.0, 0.0], [0.0, 0.0, 0.0, 1.0, 0.0, 0.0, 0.0, 0.0, 13.0, 17.0, 20.0, 9.0, 8.0, 11.0, 4.0], [0.0, 0.0, 0.0, 0.0, 0.0, 0.0, 0.0, 0.0, 7.0, 10.0, 11.0, 22.0, 20.0, 10.0, 3.0], [0.0, 0.0, 0.0, 1.0, 6.0, 9.0, 26.0, 21.0, 8.0, 7.0, 4.0, 0.0, 0.0, 0.0, 0.0], [0.0, 0.0, 0.0, 0.0, 0.0, 0.0, 0.0, 0.0, 6.0, 9.0, 10.0, 20.0, 22.0, 12.0, 5.0]]]"
y_box,[42.0 -0.0 -0.0 -0.0 -0.0 -0.0 -0.0 -0.0 -0.0 -0.0 -0.0 -0.0 -0.0 -0.0 -0.0; -0.0 0.0 9.0 -0.0 -0.0 -0.0 -0.0 -0.0 -0.0 -0.0 -0.0 -0.0 -0.0 -0.0 -0.0; -0.0 -0.0 -0.0 1.0 -0.0 -0.0 -0.0 -0.0 -0.0 -0.0 -0.0 -0.0 -0.0 -0.0 -0.0; -0.0 -0.0 -0.0 -0.0 12.0 18.0 -0.0 -0.0 -0.0 -0.0 -0.0 -0.0 -0.0 -0.0 -0.0; -0.0 -0.0 -0.0 -0.0 -0.0 -0.0 0.0 -0.0 -0.0 -0.0 -0.0 -0.0 -0.0 -0.0 -0.0; -0.0 -0.0 -0.0 -0.0 -0.0 -0.0 -0.0 -0.0 -0.0 -0.0 -0.0 -0.0 -0.0 -0.0 -0.0; -0.0 -0.0 -0.0 -0.0 -0.0 -0.0 -0.0 0.0 0.0 0.0 0.0 -0.0 -0.0 -0.0 -0.0; -0.0 -0.0 -0.0 -0.0 -0.0 -0.0 -0.0 -0.0 -0.0 -0.0 -0.0 0.0 0.0 0.0 0.0;;;]
evol_bb,"[[0.387, 2.479508412977474e7]]"
y_bb,[42.0 -0.0 -0.0 -0.0 -0.0 -0.0 -0.0 -0.0 -0.0 -0.0 -0.0 -0.0 -0.0 -0.0 -0.0; -0.0 0.0 9.0 -0.0 -0.0 -0.0 -0.0 -0.0 -0.0 -0.0 -0.0 -0.0 -0.0 -0.0 -0.0; -0.0 -0.0 -0.0 1.0 -0.0 -0.0 -0.0 -0.0 -0.0 -0.0 -0.0 -0.0 -0.0 -0.0 -0.0; -0.0 -0.0 -0.0 -0.0 12.0 18.0 -0.0 -0.0 -0.0 -0.0 -0.0 -0.0 -0.0 -0.0 -0.0; -0.0 -0.0 -0.0 -0.0 -0.0 -0.0 0.0 -0.0 -0.0 -0.0 -0.0 -0.0 -0.0 -0.0 -0.0; -0.0 -0.0 -0.0 -0.0 -0.0 -0.0 -0.0 -0.0 -0.0 -0.0 -0.0 -0.0 -0.0 -0.0 -0.0; -0.0 -0.0 -0.0 -0.0 -0.0 -0.0 -0.0 0.0 0.0 0.0 0.0 -0.0 -0.0 -0.0 -0.0; -0.0 -0.0 -0.0 -0.0 -0.0 -0.0 -0.0 -0.0 -0.0 -0.0 -0.0 0.0 0.0 0.0 0.0;;;]
evol_box,"[[0.622, 0.0], [2.675, 723.1879492401104], [2.774, 9.850567958299685e6], [2.788, 1.7209627807592787e7], [2.796, 1.9473903621654384e7], [2.805, 2.173823575276943e7], [2.814, 2.4002567883884475e7], [2.827, 2.4568650916663237e7], [2.847, 2.479508412977474e7]]"
y_pb,[[42.0 -0.0 -0.0 -0.0 -0.0 -0.0 -0.0 -0.0 -0.0 -0.0 -0.0 -0.0 -0.0 -0.0 -0.0; -0.0 -0.0 9.0 -0.0 -0.0 -0.0 -0.0 -0.0 -0.0 -0.0 -0.0 -0.0 -0.0 -0.0 -0.0; -0.0 -0.0 -0.0 1.0 -0.0 -0.0 -0.0 -0.0 -0.0 -0.0 -0.0 -0.0 -0.0 -0.0 -0.0; -0.0 -0.0 -0.0 -0.0 12.0 18.0 -0.0 -0.0 -0.0 -0.0 -0.0 -0.0 -0.0 -0.0 -0.0; -0.0 -0.0 -0.0 -0.0 -0.0 0.0 -0.0 -0.0 -0.0 -0.0 -0.0 -0.0 -0.0 -0.0 -0.0; -0.0 -0.0 -0.0 -0.0 -0.0 -0.0 0.0 -0.0 -0.0 -0.0 -0.0 -0.0 -0.0 -0.0 -0.0; -0.0 -0.0 -0.0 -0.0 -0.0 -0.0 -0.0 -0.0 0.0 -0.0 -0.0 -0.0 -0.0 -0.0 -0.0; -0.0 -0.0 -0.0 -0.0 -0.0 -0.0 -0.0 -0.0 -0.0 -0.0 -0.0 0.0 -0.0 -0.0 -0.0;;;]]
x_bb,"[42.0, 9.0, 1.0, 30.0, 0.0, 0.0, 0.0, 0.0]"
x_box,"[42.0, 9.0, 1.0, 30.0, 0.0, 0.0, 0.0, 0.0]"
evol_zeta,"[[2.236, 47.0], [2.771, 28.285714285714285], [2.786, 25.5], [2.794, 14.0], [2.803, 12.0], [2.812, 11.857142857142858], [2.825, 5.0], [2.844, 1.7142857142857117], [2.853, 0.0]]"
ξ_box,[47.0; 17.0; 9.0; 1.0; 12.0; 18.0; 26.0; 26.0; 13.0; 17.0; 20.0; 22.0; 22.0; 22.0; 29.0;;]
