first,second
s_box,[33.0; 17.0; 29.0; 29.0; 30.0; 24.0; 28.0; 26.0; 7.0; 0.0; 0.0; 0.0; 9.0; 4.0; 0.0;;]
x_pb,"[-0.0, -0.0, -0.0, -0.0, -0.0, 69.0, -0.0, 7.0]"
s_bb,[33.0; 17.0; 29.0; 29.0; 30.0; 24.0; 28.0; 26.0; 7.0; 0.0; 0.0; 0.0; 9.0; 4.0; 0.0;;]
partition_bb,"[[[33.0, 17.0, 12.0, 11.0, 0.0, 0.0, 0.0, 0.0, 4.0, 0.0, 0.0, 0.0, 0.0, 0.0, 0.0], [0.0, 0.0, 11.0, 12.0, 30.0, 14.0, 10.0, 0.0, 0.0, 0.0, 0.0, 0.0, 0.0, 0.0, 0.0], [0.0, 0.0, 0.0, 0.0, 0.0, 9.0, 13.0, 26.0, 12.0, 8.0, 7.0, 5.0, 0.0, 0.0, 0.0], [0.0, 11.0, 29.0, 28.0, 10.0, 0.0, 0.0, 0.0, 0.0, 0.0, 0.0, 0.0, 0.0, 0.0, 0.0], [0.0, 0.0, 0.0, 0.0, 8.0, 24.0, 28.0, 15.0, 1.0, 0.0, 0.0, 0.0, 0.0, 0.0, 0.0], [0.0, 0.0, 0.0, 0.0, 0.0, 0.0, 0.0, 8.0, 15.0, 11.0, 12.0, 18.0, 8.0, 4.0, 0.0], [0.0, 0.0, 0.0, 0.0, 0.0, 0.0, 0.0, 2.0, 16.0, 20.0, 19.0, 13.0, 7.0, 3.0, 0.0], [0.0, 0.0, 0.0, 0.0, 0.0, 0.0, 0.0, 8.0, 22.0, 18.0, 17.0, 11.0, 5.0, 1.0, 0.0], [0.0, 0.0, 0.0, 0.0, 0.0, 0.0, 0.0, 0.0, 12.0, 16.0, 17.0, 18.0, 8.0, 4.0, 3.0], [0.0, 0.0, 18.0, 18.0, 0.0, 0.0, 4.0, 14.0, 0.0, 0.0, 0.0, 6.0, 9.0, 4.0, 3.0], [0.0, 10.0, 28.0, 29.0, 11.0, 0.0, 0.0, 0.0, 0.0, 0.0, 0.0, 0.0, 0.0, 0.0, 0.0], [0.0, 0.0, 0.0, 0.0, 0.0, 0.0, 0.0, 1.0, 15.0, 19.0, 20.0, 14.0, 8.0, 4.0, 0.0]]]"
y_box,[0.0 0.0 0.0 0.0 -0.0 -0.0 -0.0 -0.0 -0.0 -0.0 -0.0 -0.0 -0.0 -0.0 -0.0; -0.0 -0.0 -0.0 -0.0 0.0 -0.0 -0.0 -0.0 -0.0 -0.0 -0.0 -0.0 -0.0 -0.0 -0.0; -0.0 -0.0 -0.0 -0.0 -0.0 -0.0 -0.0 -0.0 -0.0 -0.0 -0.0 -0.0 -0.0 -0.0 -0.0; -0.0 -0.0 -0.0 -0.0 -0.0 0.0 0.0 0.0 -0.0 -0.0 -0.0 -0.0 -0.0 -0.0 -0.0; -0.0 -0.0 -0.0 -0.0 -0.0 -0.0 -0.0 -0.0 -0.0 -0.0 -0.0 -0.0 -0.0 -0.0 -0.0; -0.0 -0.0 -0.0 -0.0 -0.0 -0.0 -0.0 -0.0 15.0 20.0 20.0 18.0 0.0 -0.0 -0.0; -0.0 -0.0 -0.0 -0.0 -0.0 -0.0 -0.0 -0.0 -0.0 -0.0 -0.0 -0.0 -0.0 -0.0 -0.0; -0.0 -0.0 -0.0 -0.0 -0.0 -0.0 -0.0 -0.0 -0.0 -0.0 -0.0 -0.0 -0.0 -0.0 3.0;;;]
evol_bb,"[[0.444, 3.1041354772427022e7]]"
y_bb,[0.0 0.0 0.0 0.0 -0.0 -0.0 -0.0 -0.0 -0.0 -0.0 -0.0 -0.0 -0.0 -0.0 -0.0; -0.0 -0.0 -0.0 -0.0 0.0 -0.0 -0.0 -0.0 -0.0 -0.0 -0.0 -0.0 -0.0 -0.0 -0.0; -0.0 -0.0 -0.0 -0.0 -0.0 -0.0 -0.0 -0.0 -0.0 -0.0 -0.0 -0.0 -0.0 -0.0 -0.0; -0.0 -0.0 -0.0 -0.0 -0.0 0.0 0.0 0.0 -0.0 -0.0 -0.0 -0.0 -0.0 -0.0 -0.0; -0.0 -0.0 -0.0 -0.0 -0.0 -0.0 -0.0 -0.0 -0.0 -0.0 -0.0 -0.0 -0.0 -0.0 -0.0; -0.0 -0.0 -0.0 -0.0 -0.0 -0.0 -0.0 -0.0 15.0 20.0 20.0 18.0 0.0 -0.0 -0.0; -0.0 -0.0 -0.0 -0.0 -0.0 -0.0 -0.0 -0.0 -0.0 -0.0 -0.0 -0.0 -0.0 -0.0 -0.0; -0.0 -0.0 -0.0 -0.0 -0.0 -0.0 -0.0 -0.0 -0.0 -0.0 -0.0 -0.0 -0.0 -0.0 3.0;;;]
evol_box,"[[0.45, 0.0], [1.913, 132990.2871362187], [1.988, 7.367001501263637e6], [2.0, 1.4863647083215728e7], [2.015, 1.920411940774448e7], [2.02, 2.2492356017235957e7], [2.028, 2.722716131631122e7], [2.034, 2.9463031329389516e7], [2.042, 3.025220811566747e7], [2.058, 3.0646773217010383e7], [2.073, 3.0778302681390043e7], [2.089, 3.09098321457697e7], [2.099, 3.1041354772427022e7]]"
y_pb,[[0.0 -0.0 -0.0 -0.0 -0.0 -0.0 -0.0 -0.0 -0.0 -0.0 -0.0 -0.0 -0.0 -0.0 -0.0; -0.0 0.0 -0.0 -0.0 -0.0 -0.0 -0.0 -0.0 -0.0 -0.0 -0.0 -0.0 -0.0 -0.0 -0.0; -0.0 -0.0 -0.0 -0.0 -0.0 -0.0 0.0 -0.0 -0.0 -0.0 -0.0 -0.0 -0.0 -0.0 -0.0; -0.0 -0.0 -0.0 -0.0 -0.0 -0.0 -0.0 -0.0 0.0 -0.0 -0.0 -0.0 -0.0 -0.0 -0.0; -0.0 -0.0 -0.0 -0.0 -0.0 -0.0 -0.0 -0.0 0.0 -0.0 -0.0 -0.0 -0.0 -0.0 -0.0; -0.0 -0.0 -0.0 -0.0 -0.0 -0.0 -0.0 -0.0 11.0 20.000000000000004 20.000000000000004 18.0 -0.0 -0.0 -0.0; -0.0 -0.0 -0.0 -0.0 -0.0 -0.0 -0.0 -0.0 -0.0 -0.0 -0.0 -0.0 -0.0 0.0 -0.0; -0.0 -0.0 -0.0 -0.0 -0.0 -0.0 -0.0 -0.0 -0.0 -0.0 -0.0 -0.0 -0.0 4.0 3.0;;;]]
x_bb,"[0.0, 0.0, 0.0, 0.0, 0.0, 73.0, 0.0, 3.0]"
x_box,"[0.0, 0.0, 0.0, 0.0, 0.0, 73.0, 0.0, 3.0]"
evol_zeta,"[[1.596, 33.0], [1.986, 29.8], [1.999, 25.42857142857143], [2.013, 16.5], [2.018, 15.0], [2.026, 13.0], [2.033, 8.42857142857143], [2.041, 5.142857142857152], [2.057, 3.0], [2.072, 1.0], [2.087, 0.5000000001500098], [2.097, 0.28571428571428825], [2.113, 0.0]]"
ξ_box,[33.0; 17.0; 29.0; 29.0; 30.0; 24.0; 28.0; 26.0; 22.0; 20.0; 20.0; 18.0; 9.0; 4.0; 3.0;;]
