first,second
s_box,[26.0; 24.0; 22.0; 21.0; 18.0; 0.0; 0.0; 20.0; 2.0; 0.0; 21.0; 23.0; 23.0; 24.0; 24.0;;]
x_pb,"[-0.0, -0.0, -0.0, 22.0, -0.0, 50.0, -0.0, -0.0]"
s_bb,[26.0; 24.0; 22.0; 21.0; 18.0; 0.0; 0.0; 20.0; 2.0; 0.0; 21.0; 23.0; 23.0; 24.0; 24.0;;]
partition_bb,"[[[0.0, 0.0, 0.0, 0.0, 0.0, 0.0, 1.0, 2.0, 27.0, 23.0, 15.0, 8.0, 1.0, 0.0, 0.0], [26.0, 20.0, 15.0, 12.0, 0.0, 0.0, 0.0, 0.0, 0.0, 0.0, 0.0, 0.0, 0.0, 0.0, 0.0], [0.0, 0.0, 0.0, 0.0, 0.0, 0.0, 0.0, 0.0, 0.0, 0.0, 6.0, 7.0, 16.0, 24.0, 23.0], [0.0, 0.0, 0.0, 0.0, 15.0, 12.0, 10.0, 20.0, 4.0, 0.0, 0.0, 0.0, 0.0, 6.0, 5.0], [0.0, 0.0, 0.0, 0.0, 0.0, 0.0, 0.0, 0.0, 4.0, 8.0, 14.0, 23.0, 14.0, 6.0, 6.0], [7.0, 12.0, 18.0, 21.0, 6.0, 5.0, 3.0, 0.0, 0.0, 0.0, 0.0, 0.0, 0.0, 0.0, 0.0], [0.0, 0.0, 0.0, 0.0, 0.0, 0.0, 0.0, 0.0, 0.0, 1.0, 7.0, 14.0, 23.0, 15.0, 15.0], [0.0, 0.0, 0.0, 0.0, 0.0, 0.0, 0.0, 0.0, 9.0, 10.0, 21.0, 12.0, 5.0, 8.0, 7.0], [11.0, 15.0, 22.0, 19.0, 4.0, 3.0, 2.0, 0.0, 0.0, 0.0, 0.0, 0.0, 0.0, 0.0, 0.0], [18.0, 24.0, 17.0, 15.0, 1.0, 0.0, 0.0, 0.0, 0.0, 0.0, 0.0, 0.0, 0.0, 0.0, 0.0], [0.0, 0.0, 0.0, 3.0, 18.0, 12.0, 10.0, 20.0, 0.0, 0.0, 9.0, 0.0, 0.0, 0.0, 0.0], [0.0, 0.0, 0.0, 0.0, 0.0, 0.0, 0.0, 0.0, 21.0, 25.0, 14.0, 10.0, 3.0, 0.0, 0.0], [0.0, 0.0, 0.0, 0.0, 0.0, 0.0, 0.0, 0.0, 0.0, 0.0, 6.0, 7.0, 16.0, 23.0, 24.0]]]"
y_box,[0.0 -0.0 -0.0 -0.0 -0.0 -0.0 -0.0 -0.0 -0.0 -0.0 -0.0 -0.0 -0.0 -0.0 -0.0; -0.0 -0.0 0.0 0.0 -0.0 -0.0 -0.0 -0.0 -0.0 -0.0 -0.0 -0.0 -0.0 -0.0 -0.0; -0.0 -0.0 -0.0 -0.0 -0.0 -0.0 -0.0 -0.0 -0.0 -0.0 -0.0 -0.0 -0.0 -0.0 -0.0; -0.0 -0.0 -0.0 -0.0 0.0 12.0 10.0 -0.0 -0.0 -0.0 -0.0 -0.0 -0.0 -0.0 -0.0; -0.0 -0.0 -0.0 -0.0 -0.0 -0.0 -0.0 0.0 -0.0 -0.0 -0.0 -0.0 -0.0 -0.0 -0.0; -0.0 -0.0 -0.0 -0.0 -0.0 -0.0 -0.0 -0.0 25.0 25.0 0.0 0.0 -0.0 -0.0 -0.0; -0.0 -0.0 -0.0 -0.0 -0.0 -0.0 -0.0 -0.0 -0.0 -0.0 -0.0 -0.0 0.0 -0.0 -0.0; -0.0 -0.0 -0.0 -0.0 -0.0 -0.0 -0.0 -0.0 -0.0 -0.0 -0.0 -0.0 -0.0 0.0 0.0;;;]
evol_bb,"[[0.517, 3.0676596540613685e7]]"
y_bb,[0.0 -0.0 -0.0 -0.0 -0.0 -0.0 -0.0 -0.0 -0.0 -0.0 -0.0 -0.0 -0.0 -0.0 -0.0; -0.0 -0.0 0.0 0.0 -0.0 -0.0 -0.0 -0.0 -0.0 -0.0 -0.0 -0.0 -0.0 -0.0 -0.0; -0.0 -0.0 -0.0 -0.0 -0.0 -0.0 -0.0 -0.0 -0.0 -0.0 -0.0 -0.0 -0.0 -0.0 -0.0; -0.0 -0.0 -0.0 -0.0 0.0 12.0 10.0 -0.0 -0.0 -0.0 -0.0 -0.0 -0.0 -0.0 -0.0; -0.0 -0.0 -0.0 -0.0 -0.0 -0.0 -0.0 0.0 -0.0 -0.0 -0.0 -0.0 -0.0 -0.0 -0.0; -0.0 -0.0 -0.0 -0.0 -0.0 -0.0 -0.0 -0.0 25.0 25.0 0.0 0.0 -0.0 -0.0 -0.0; -0.0 -0.0 -0.0 -0.0 -0.0 -0.0 -0.0 -0.0 -0.0 -0.0 -0.0 -0.0 0.0 -0.0 -0.0; -0.0 -0.0 -0.0 -0.0 -0.0 -0.0 -0.0 -0.0 -0.0 -0.0 -0.0 -0.0 -0.0 0.0 0.0;;;]
evol_box,"[[0.502, 0.0], [2.16, 619219.791674264], [2.261, 9.648788682449399e6], [2.298, 1.7317765146098245e7], [2.306, 2.3997165729397472e7], [2.317, 2.585256326092542e7], [2.335, 2.7336881286147777e7], [2.379, 2.8202733467527486e7], [2.388, 2.8944892480138667e7], [2.399, 2.9439665155212786e7], [2.421, 2.9934437830286905e7], [2.439, 3.030551733659249e7], [2.473, 3.0552903371845156e7], [2.481, 3.0676596540613685e7]]"
y_pb,[[0.0 -0.0 -0.0 -0.0 -0.0 -0.0 -0.0 -0.0 -0.0 -0.0 -0.0 -0.0 -0.0 -0.0 -0.0; -0.0 -0.0 0.0 -0.0 -0.0 -0.0 -0.0 -0.0 -0.0 -0.0 -0.0 -0.0 -0.0 -0.0 -0.0; -0.0 -0.0 0.0 -0.0 -0.0 -0.0 -0.0 -0.0 -0.0 -0.0 -0.0 -0.0 -0.0 -0.0 -0.0; -0.0 -0.0 -0.0 -0.0 -0.0 12.0 10.000000000000002 -0.0 -0.0 -0.0 -0.0 -0.0 -0.0 -0.0 -0.0; -0.0 -0.0 -0.0 -0.0 -0.0 -0.0 -0.0 0.0 -0.0 -0.0 -0.0 -0.0 -0.0 -0.0 -0.0; -0.0 -0.0 -0.0 -0.0 -0.0 -0.0 -0.0 -0.0 25.0 25.000000000000004 -0.0 -0.0 -0.0 -0.0 -0.0; -0.0 -0.0 -0.0 -0.0 -0.0 -0.0 -0.0 -0.0 -0.0 -0.0 -0.0 -0.0 -0.0 0.0 -0.0; -0.0 -0.0 -0.0 -0.0 -0.0 -0.0 -0.0 -0.0 -0.0 -0.0 -0.0 -0.0 -0.0 0.0 -0.0;;;]]
x_bb,"[0.0, 0.0, 0.0, 22.0, 0.0, 50.0, 0.0, 0.0]"
x_box,"[0.0, 0.0, 0.0, 22.0, 0.0, 50.0, 0.0, 0.0]"
evol_zeta,"[[1.826, 26.28571428571429], [2.26, 25.75], [2.296, 23.2], [2.305, 18.0], [2.315, 14.571428571428573], [2.333, 9.0], [2.377, 6.499999999999993], [2.386, 6.0], [2.397, 3.428571428571442], [2.419, 3.3999999999999986], [2.437, 3.0], [2.471, 1.8000000000000007], [2.479, 0.1999999999999993], [2.492, 0.0]]"
ξ_box,[26.0; 24.0; 22.0; 21.0; 18.0; 12.0; 10.0; 20.0; 27.0; 25.0; 21.0; 23.0; 23.0; 24.0; 24.0;;]
