first,second
s_box,[10.0; 4.0; 23.0; 25.0; 25.0; 17.0; 6.0; 3.0; 15.0; 24.0; 22.0; 0.0; 20.0; 0.0; 5.0;;]
x_pb,"[-0.0, -0.0, -0.0, -0.0, -0.0, -0.0, 20.0, 40.0]"
s_bb,[10.0; 4.0; 23.0; 25.0; 25.0; 17.0; 6.0; 3.0; 15.0; 24.0; 22.0; 0.0; 20.0; 0.0; 5.0;;]
partition_bb,"[[[0.0, 0.0, 16.0, 25.0, 16.0, 3.0, 0.0, 0.0, 0.0, 0.0, 0.0, 0.0, 0.0, 0.0, 0.0], [0.0, 0.0, 0.0, 0.0, 0.0, 0.0, 0.0, 3.0, 15.0, 24.0, 9.0, 9.0, 3.0, 1.0, 0.0], [0.0, 0.0, 0.0, 0.0, 0.0, 0.0, 0.0, 0.0, 0.0, 0.0, 1.0, 7.0, 15.0, 17.0, 24.0], [0.0, 4.0, 0.0, 0.0, 9.0, 17.0, 6.0, 3.0, 15.0, 6.0, 0.0, 0.0, 0.0, 0.0, 0.0], [0.0, 0.0, 0.0, 0.0, 0.0, 0.0, 0.0, 1.0, 4.0, 7.0, 22.0, 17.0, 7.0, 3.0, 0.0], [10.0, 1.0, 0.0, 9.0, 0.0, 11.0, 0.0, 0.0, 0.0, 9.0, 0.0, 0.0, 0.0, 0.0, 0.0], [0.0, 0.0, 10.0, 16.0, 25.0, 9.0, 2.0, 0.0, 0.0, 0.0, 0.0, 0.0, 0.0, 0.0, 0.0], [0.0, 4.0, 23.0, 14.0, 8.0, 0.0, 0.0, 0.0, 0.0, 0.0, 0.0, 0.0, 0.0, 2.0, 9.0], [0.0, 0.0, 0.0, 0.0, 0.0, 0.0, 0.0, 0.0, 0.0, 0.0, 4.0, 10.0, 20.0, 16.0, 11.0], [0.0, 0.0, 0.0, 0.0, 0.0, 0.0, 0.0, 0.0, 0.0, 0.0, 1.0, 7.0, 17.0, 21.0, 14.0], [0.0, 0.0, 0.0, 0.0, 0.0, 0.0, 0.0, 0.0, 2.0, 5.0, 14.0, 20.0, 10.0, 6.0, 3.0]]]"
y_box,[0.0 0.0 0.0 0.0 -0.0 -0.0 -0.0 -0.0 -0.0 -0.0 -0.0 -0.0 -0.0 -0.0 -0.0; -0.0 -0.0 -0.0 -0.0 -0.0 -0.0 -0.0 -0.0 -0.0 -0.0 -0.0 -0.0 -0.0 -0.0 -0.0; -0.0 -0.0 -0.0 -0.0 0.0 -0.0 -0.0 -0.0 -0.0 -0.0 -0.0 -0.0 -0.0 -0.0 -0.0; -0.0 -0.0 -0.0 -0.0 -0.0 -0.0 -0.0 -0.0 0.0 -0.0 -0.0 -0.0 -0.0 -0.0 -0.0; -0.0 -0.0 -0.0 -0.0 -0.0 -0.0 -0.0 -0.0 -0.0 -0.0 -0.0 -0.0 -0.0 -0.0 -0.0; -0.0 -0.0 -0.0 -0.0 -0.0 0.0 0.0 0.0 -0.0 -0.0 -0.0 -0.0 -0.0 -0.0 -0.0; -0.0 -0.0 -0.0 -0.0 -0.0 -0.0 -0.0 -0.0 0.0 0.0 0.0 20.0 -0.0 -0.0 -0.0; -0.0 -0.0 -0.0 -0.0 -0.0 -0.0 -0.0 -0.0 -0.0 -0.0 -0.0 -0.0 0.0 21.0 19.0;;;]
evol_bb,"[[0.331, 2.5611770460994113e7]]"
y_bb,[0.0 0.0 0.0 0.0 -0.0 -0.0 -0.0 -0.0 -0.0 -0.0 -0.0 -0.0 -0.0 -0.0 -0.0; -0.0 -0.0 -0.0 -0.0 -0.0 -0.0 -0.0 -0.0 -0.0 -0.0 -0.0 -0.0 -0.0 -0.0 -0.0; -0.0 -0.0 -0.0 -0.0 0.0 -0.0 -0.0 -0.0 0.0 -0.0 -0.0 -0.0 -0.0 -0.0 -0.0; -0.0 -0.0 -0.0 -0.0 -0.0 -0.0 -0.0 -0.0 -0.0 -0.0 -0.0 -0.0 -0.0 -0.0 -0.0; -0.0 -0.0 -0.0 -0.0 -0.0 -0.0 -0.0 -0.0 -0.0 -0.0 -0.0 -0.0 -0.0 -0.0 -0.0; -0.0 -0.0 -0.0 -0.0 -0.0 0.0 0.0 0.0 -0.0 -0.0 -0.0 -0.0 -0.0 -0.0 -0.0; -0.0 -0.0 -0.0 -0.0 -0.0 -0.0 -0.0 -0.0 0.0 0.0 0.0 20.0 -0.0 -0.0 -0.0; -0.0 -0.0 -0.0 -0.0 -0.0 -0.0 -0.0 -0.0 -0.0 -0.0 -0.0 -0.0 0.0 21.0 19.0;;;]
evol_box,"[[0.451, 0.0], [1.927, 2600.142430321522], [2.004, 8.237753006783412e6], [2.012, 1.4929637051137514e7], [2.021, 1.801846595543118e7], [2.028, 2.0721142302416224e7], [2.036, 2.200815434587192e7], [2.045, 2.3166465184982043e7], [2.053, 2.406737361540103e7], [2.062, 2.471087963712888e7], [2.068, 2.5225676145015948e7], [2.073, 2.5611770460994113e7]]"
y_pb,[[-0.0 0.0 -0.0 -0.0 -0.0 -0.0 -0.0 -0.0 -0.0 -0.0 -0.0 -0.0 -0.0 -0.0 -0.0; -0.0 -0.0 -0.0 -0.0 0.0 -0.0 -0.0 -0.0 -0.0 -0.0 -0.0 -0.0 -0.0 -0.0 -0.0; -0.0 -0.0 -0.0 -0.0 0.0 -0.0 -0.0 -0.0 -0.0 -0.0 -0.0 -0.0 -0.0 -0.0 -0.0; -0.0 -0.0 -0.0 -0.0 -0.0 -0.0 -0.0 -0.0 0.0 -0.0 -0.0 -0.0 -0.0 -0.0 -0.0; -0.0 -0.0 -0.0 -0.0 -0.0 -0.0 -0.0 -0.0 0.0 -0.0 -0.0 -0.0 -0.0 -0.0 -0.0; -0.0 -0.0 -0.0 -0.0 -0.0 -0.0 -0.0 -0.0 -0.0 0.0 -0.0 -0.0 -0.0 -0.0 -0.0; -0.0 -0.0 -0.0 -0.0 -0.0 -0.0 -0.0 -0.0 -0.0 -0.0 -0.0 20.000000000000004 -0.0 -0.0 -0.0; -0.0 -0.0 -0.0 -0.0 -0.0 -0.0 -0.0 -0.0 -0.0 -0.0 -0.0 -0.0 -0.0 21.0 19.0;;;]]
x_bb,"[0.0, 0.0, 0.0, 0.0, 0.0, 0.0, 20.0, 40.0]"
x_box,"[0.0, 0.0, 0.0, 0.0, 0.0, 0.0, 20.0, 40.0]"
evol_zeta,"[[1.606, 25.0], [2.003, 23.42857142857143], [2.011, 23.2], [2.019, 14.0], [2.026, 13.0], [2.034, 10.0], [2.043, 8.600000000000001], [2.052, 7.0], [2.06, 4.800000000000001], [2.066, 3.999999999999999], [2.071, 3.0], [2.075, 0.0]]"
ξ_box,[10.0; 4.0; 23.0; 25.0; 25.0; 17.0; 6.0; 3.0; 15.0; 24.0; 22.0; 20.0; 20.0; 21.0; 24.0;;]
