first,second
s_box,[36.0; 0.0; 25.0; 26.0; 0.0; 25.0; 28.0; 31.0; 31.0; 31.0; 0.0; 21.0; 12.0; 13.0; 15.0;;]
x_pb,"[33.0, 1.0, 24.0, -0.0, -0.0, -0.0, 29.0, -0.0]"
s_bb,[36.0; 0.0; 25.0; 26.0; 0.0; 25.0; 28.0; 31.0; 31.0; 31.0; 0.0; 21.0; 12.0; 13.0; 15.0;;]
partition_bb,"[[[36.0, 25.0, 10.0, 10.0, 9.0, 2.0, 0.0, 0.0, 0.0, 0.0, 0.0, 0.0, 0.0, 0.0, 0.0], [0.0, 0.0, 0.0, 0.0, 0.0, 1.0, 6.0, 9.0, 23.0, 31.0, 9.0, 8.0, 0.0, 0.0, 0.0], [0.0, 0.0, 15.0, 15.0, 18.0, 25.0, 10.0, 4.0, 2.0, 0.0, 0.0, 0.0, 0.0, 0.0, 0.0], [0.0, 0.0, 2.0, 2.0, 3.0, 10.0, 25.0, 31.0, 11.0, 9.0, 0.0, 0.0, 0.0, 0.0, 0.0], [0.0, 0.0, 0.0, 0.0, 0.0, 0.0, 0.0, 0.0, 5.0, 7.0, 29.0, 19.0, 11.0, 10.0, 10.0], [0.0, 4.0, 26.0, 26.0, 17.0, 16.0, 3.0, 0.0, 0.0, 0.0, 0.0, 0.0, 0.0, 0.0, 0.0], [22.0, 33.0, 11.0, 11.0, 10.0, 3.0, 0.0, 0.0, 0.0, 0.0, 0.0, 0.0, 0.0, 0.0, 0.0], [0.0, 0.0, 0.0, 0.0, 2.0, 8.0, 8.0, 11.0, 31.0, 23.0, 7.0, 4.0, 0.0, 0.0, 0.0], [0.0, 1.0, 22.0, 22.0, 24.0, 17.0, 2.0, 0.0, 0.0, 0.0, 0.0, 0.0, 0.0, 0.0, 0.0], [0.0, 0.0, 0.0, 0.0, 0.0, 0.0, 0.0, 0.0, 4.0, 12.0, 11.0, 21.0, 12.0, 13.0, 15.0], [0.0, 0.0, 5.0, 5.0, 6.0, 13.0, 28.0, 22.0, 5.0, 3.0, 0.0, 0.0, 0.0, 0.0, 0.0]]]"
y_box,[0.0 33.0 -0.0 -0.0 -0.0 -0.0 -0.0 -0.0 -0.0 -0.0 -0.0 -0.0 -0.0 -0.0 -0.0; -0.0 -0.0 1.0 -0.0 -0.0 -0.0 -0.0 -0.0 -0.0 -0.0 -0.0 -0.0 -0.0 -0.0 -0.0; -0.0 -0.0 -0.0 -0.0 24.0 0.0 0.0 0.0 -0.0 -0.0 -0.0 -0.0 -0.0 -0.0 -0.0; -0.0 -0.0 -0.0 -0.0 -0.0 -0.0 -0.0 -0.0 -0.0 -0.0 -0.0 -0.0 -0.0 -0.0 -0.0; -0.0 -0.0 -0.0 -0.0 -0.0 -0.0 -0.0 -0.0 -0.0 -0.0 -0.0 -0.0 -0.0 -0.0 -0.0; -0.0 -0.0 -0.0 -0.0 -0.0 -0.0 -0.0 -0.0 0.0 0.0 -0.0 -0.0 -0.0 -0.0 -0.0; -0.0 -0.0 -0.0 -0.0 -0.0 -0.0 -0.0 -0.0 -0.0 -0.0 29.0 -0.0 -0.0 -0.0 -0.0; -0.0 -0.0 -0.0 -0.0 -0.0 -0.0 -0.0 -0.0 -0.0 -0.0 -0.0 0.0 0.0 0.0 0.0;;;]
evol_bb,"[[0.422, 3.3134166215732228e7]]"
y_bb,[0.0 33.0 -0.0 -0.0 -0.0 -0.0 -0.0 -0.0 -0.0 -0.0 -0.0 -0.0 -0.0 -0.0 -0.0; -0.0 -0.0 1.0 -0.0 -0.0 -0.0 -0.0 -0.0 -0.0 -0.0 -0.0 -0.0 -0.0 -0.0 -0.0; -0.0 -0.0 -0.0 -0.0 24.0 0.0 0.0 0.0 -0.0 -0.0 -0.0 -0.0 -0.0 -0.0 -0.0; -0.0 -0.0 -0.0 -0.0 -0.0 -0.0 -0.0 -0.0 -0.0 -0.0 -0.0 -0.0 -0.0 -0.0 -0.0; -0.0 -0.0 -0.0 -0.0 -0.0 -0.0 -0.0 -0.0 -0.0 -0.0 -0.0 -0.0 -0.0 -0.0 -0.0; -0.0 -0.0 -0.0 -0.0 -0.0 -0.0 -0.0 -0.0 0.0 0.0 -0.0 -0.0 -0.0 -0.0 -0.0; -0.0 -0.0 -0.0 -0.0 -0.0 -0.0 -0.0 -0.0 -0.0 -0.0 29.0 -0.0 -0.0 -0.0 -0.0; -0.0 -0.0 -0.0 -0.0 -0.0 -0.0 -0.0 -0.0 -0.0 -0.0 -0.0 0.0 0.0 0.0 0.0;;;]
evol_box,"[[0.526, 0.0], [2.293, 564431.6797574296], [2.387, 1.0256497128133018e7], [2.397, 1.544061318940429e7], [2.406, 1.961046558487346e7], [2.419, 2.659773853826543e7], [2.432, 2.9077110232868724e7], [2.47, 2.9978613811112255e7], [2.481, 3.0880203518240724e7], [2.491, 3.1556384228257414e7], [2.498, 3.2570672648776937e7], [2.532, 3.290876878895011e7], [2.565, 3.3134166215732228e7]]"
y_pb,[[-0.0 33.0 -0.0 -0.0 -0.0 -0.0 -0.0 -0.0 -0.0 -0.0 -0.0 -0.0 -0.0 -0.0 -0.0; -0.0 -0.0 -0.0 1.0 -0.0 -0.0 -0.0 -0.0 -0.0 -0.0 -0.0 -0.0 -0.0 -0.0 -0.0; -0.0 -0.0 -0.0 -0.0 24.0 -0.0 -0.0 -0.0 -0.0 -0.0 -0.0 -0.0 -0.0 -0.0 -0.0; -0.0 -0.0 -0.0 -0.0 -0.0 -0.0 -0.0 -0.0 0.0 -0.0 -0.0 -0.0 -0.0 -0.0 -0.0; -0.0 -0.0 -0.0 -0.0 -0.0 -0.0 -0.0 -0.0 0.0 -0.0 -0.0 -0.0 -0.0 -0.0 -0.0; -0.0 -0.0 -0.0 -0.0 -0.0 -0.0 -0.0 -0.0 -0.0 -0.0 0.0 -0.0 -0.0 -0.0 -0.0; -0.0 -0.0 -0.0 -0.0 -0.0 -0.0 -0.0 -0.0 -0.0 -0.0 29.0 -0.0 -0.0 -0.0 -0.0; -0.0 -0.0 -0.0 -0.0 -0.0 -0.0 -0.0 -0.0 -0.0 -0.0 -0.0 0.0 -0.0 -0.0 -0.0;;;]]
x_bb,"[33.0, 1.0, 24.0, 0.0, 0.0, 0.0, 29.0, 0.0]"
x_box,"[33.0, 1.0, 24.0, 0.0, 0.0, 0.0, 29.0, 0.0]"
evol_zeta,"[[1.893, 35.16666666666667], [2.385, 31.0], [2.395, 22.714285714285783], [2.404, 21.25], [2.417, 19.42857142857143], [2.43, 10.166666666666664], [2.467, 7.499999999999996], [2.479, 7.125], [2.488, 6.0], [2.496, 5.0], [2.53, 3.0], [2.562, 2.0], [2.568, 0.0]]"
ξ_box,[36.0; 33.0; 26.0; 26.0; 24.0; 25.0; 28.0; 31.0; 31.0; 31.0; 29.0; 21.0; 12.0; 13.0; 15.0;;]
