first,second
s_box,[0.0; 0.0; 0.0; 0.0; 27.0; 24.0; 24.0; 23.0; 22.0; 19.0; 14.0; 14.0; 13.0; 9.0; 19.0;;]
x_pb,"[21.0, 30.0, -0.0, 9.0, -0.0, -0.0, -0.0, -0.0]"
s_bb,[0.0; 0.0; 0.0; 0.0; 27.0; 24.0; 24.0; 23.0; 22.0; 19.0; 14.0; 14.0; 13.0; 9.0; 19.0;;]
partition_bb,"[[[0.0, 0.0, 1.0, 2.0, 36.0, 11.0, 9.0, 5.0, 0.0, 0.0, 0.0, 0.0, 0.0, 0.0, 0.0], [0.0, 0.0, 0.0, 0.0, 0.0, 0.0, 0.0, 9.0, 22.0, 14.0, 6.0, 6.0, 4.0, 0.0, 0.0], [6.0, 9.0, 6.0, 0.0, 11.0, 0.0, 0.0, 0.0, 0.0, 0.0, 0.0, 0.0, 0.0, 9.0, 19.0], [6.0, 9.0, 12.0, 18.0, 0.0, 5.0, 7.0, 0.0, 0.0, 0.0, 0.0, 0.0, 4.0, 0.0, 0.0], [0.0, 0.0, 0.0, 0.0, 0.0, 22.0, 24.0, 15.0, 2.0, 0.0, 0.0, 0.0, 0.0, 0.0, 0.0], [0.0, 0.0, 0.0, 0.0, 12.0, 0.0, 0.0, 0.0, 0.0, 6.0, 14.0, 14.0, 13.0, 1.0, 0.0], [0.0, 0.0, 0.0, 0.0, 0.0, 13.0, 14.0, 23.0, 10.0, 2.0, 0.0, 0.0, 0.0, 0.0, 0.0], [12.0, 9.0, 6.0, 0.0, 0.0, 7.0, 8.0, 17.0, 4.0, 0.0, 0.0, 0.0, 0.0, 0.0, 0.0], [0.0, 0.0, 0.0, 0.0, 0.0, 0.0, 0.0, 0.0, 11.0, 19.0, 11.0, 11.0, 9.0, 0.0, 0.0], [0.0, 0.0, 0.0, 0.0, 0.0, 24.0, 22.0, 14.0, 1.0, 0.0, 0.0, 0.0, 0.0, 0.0, 0.0]]]"
y_box,[12.0 9.0 -0.0 -0.0 -0.0 -0.0 -0.0 -0.0 -0.0 -0.0 -0.0 -0.0 -0.0 -0.0 -0.0; -0.0 -0.0 12.0 18.0 -0.0 -0.0 -0.0 -0.0 -0.0 -0.0 -0.0 -0.0 -0.0 -0.0 -0.0; -0.0 -0.0 -0.0 -0.0 -0.0 -0.0 -0.0 -0.0 -0.0 -0.0 -0.0 -0.0 -0.0 -0.0 -0.0; -0.0 -0.0 -0.0 -0.0 9.0 -0.0 -0.0 -0.0 -0.0 -0.0 -0.0 -0.0 -0.0 -0.0 -0.0; -0.0 -0.0 -0.0 -0.0 -0.0 -0.0 -0.0 -0.0 -0.0 -0.0 -0.0 -0.0 -0.0 -0.0 -0.0; -0.0 -0.0 -0.0 -0.0 -0.0 0.0 0.0 0.0 0.0 -0.0 -0.0 -0.0 -0.0 -0.0 -0.0; -0.0 -0.0 -0.0 -0.0 -0.0 -0.0 -0.0 -0.0 -0.0 0.0 0.0 -0.0 0.0 -0.0 -0.0; -0.0 -0.0 -0.0 -0.0 -0.0 -0.0 -0.0 -0.0 -0.0 -0.0 -0.0 -0.0 -0.0 0.0 0.0;;;]
evol_bb,"[[0.355, 2.655441942684267e7]]"
y_bb,[12.0 9.0 -0.0 -0.0 -0.0 -0.0 -0.0 -0.0 -0.0 -0.0 -0.0 -0.0 -0.0 -0.0 -0.0; -0.0 -0.0 12.0 18.0 -0.0 -0.0 -0.0 -0.0 -0.0 -0.0 -0.0 -0.0 -0.0 -0.0 -0.0; -0.0 -0.0 -0.0 -0.0 -0.0 -0.0 -0.0 -0.0 -0.0 -0.0 -0.0 -0.0 -0.0 -0.0 -0.0; -0.0 -0.0 -0.0 -0.0 9.0 -0.0 -0.0 -0.0 -0.0 -0.0 -0.0 -0.0 -0.0 -0.0 -0.0; -0.0 -0.0 -0.0 -0.0 -0.0 -0.0 -0.0 -0.0 -0.0 -0.0 -0.0 -0.0 -0.0 -0.0 -0.0; -0.0 -0.0 -0.0 -0.0 -0.0 0.0 0.0 0.0 0.0 -0.0 -0.0 -0.0 -0.0 -0.0 -0.0; -0.0 -0.0 -0.0 -0.0 -0.0 -0.0 -0.0 -0.0 -0.0 0.0 0.0 -0.0 0.0 -0.0 -0.0; -0.0 -0.0 -0.0 -0.0 -0.0 -0.0 -0.0 -0.0 -0.0 -0.0 -0.0 -0.0 -0.0 0.0 0.0;;;]
evol_box,"[[0.468, 0.0], [1.959, 511484.90517882834], [2.037, 7.660627852702898e6], [2.043, 1.123517913443377e7], [2.051, 1.7617965991614576e7], [2.057, 2.170320184771885e7], [2.064, 2.4256474257784016e7], [2.071, 2.5277783221810084e7], [2.077, 2.5916101324326377e7], [2.084, 2.6299092185836155e7], [2.09, 2.655441942684267e7]]"
y_pb,[[12.0 9.0 -0.0 -0.0 -0.0 -0.0 -0.0 -0.0 -0.0 -0.0 -0.0 -0.0 -0.0 -0.0 -0.0; -0.0 -0.0 12.0 18.0 -0.0 -0.0 -0.0 -0.0 -0.0 -0.0 -0.0 -0.0 -0.0 -0.0 -0.0; -0.0 -0.0 -0.0 -0.0 0.0 -0.0 -0.0 -0.0 -0.0 -0.0 -0.0 -0.0 -0.0 -0.0 -0.0; -0.0 -0.0 -0.0 -0.0 9.0 -0.0 -0.0 -0.0 -0.0 -0.0 -0.0 -0.0 -0.0 -0.0 -0.0; -0.0 -0.0 -0.0 -0.0 0.0 -0.0 -0.0 -0.0 -0.0 -0.0 -0.0 -0.0 -0.0 -0.0 -0.0; -0.0 -0.0 -0.0 -0.0 -0.0 -0.0 -0.0 0.0 -0.0 -0.0 -0.0 -0.0 -0.0 -0.0 -0.0; -0.0 -0.0 -0.0 -0.0 -0.0 -0.0 -0.0 -0.0 -0.0 -0.0 -0.0 -0.0 0.0 -0.0 -0.0; -0.0 -0.0 -0.0 -0.0 -0.0 -0.0 -0.0 -0.0 -0.0 -0.0 -0.0 -0.0 -0.0 -0.0 0.0;;;]]
x_bb,"[21.0, 30.0, 0.0, 9.0, 0.0, 0.0, 0.0, 0.0]"
x_box,"[21.0, 30.0, 0.0, 9.0, 0.0, 0.0, 0.0, 0.0]"
evol_zeta,"[[1.62, 35.33333333333333], [2.035, 21.833333333333332], [2.042, 19.0], [2.049, 16.0], [2.055, 14.25], [2.062, 8.0], [2.069, 7.600000000000001], [2.075, 4.799999999999997], [2.082, 3.0], [2.088, 1.75], [2.095, 0.0]]"
ξ_box,[12.0; 9.0; 12.0; 18.0; 36.0; 24.0; 24.0; 23.0; 22.0; 19.0; 14.0; 14.0; 13.0; 9.0; 19.0;;]
