first,second
s_box,[11.0; 24.0; 0.0; 0.0; 0.0; 12.0; 19.0; 20.0; 20.0; 19.0; 20.0; 18.0; 0.0; 19.0; 12.0;;]
x_pb,"[20.0, -0.0, 31.0, -0.0, -0.0, -0.0, 10.0, -0.0]"
s_bb,[11.0; 24.0; 0.0; 0.0; 0.0; 12.0; 19.0; 20.0; 20.0; 19.0; 20.0; 18.0; 0.0; 19.0; 12.0;;]
partition_bb,"[[[31.0, 18.0, 8.0, 6.0, 0.0, 0.0, 0.0, 0.0, 0.0, 0.0, 0.0, 0.0, 0.0, 0.0, 0.0], [0.0, 0.0, 0.0, 0.0, 0.0, 5.0, 12.0, 20.0, 15.0, 9.0, 1.0, 0.0, 0.0, 0.0, 0.0], [0.0, 0.0, 3.0, 5.0, 5.0, 12.0, 5.0, 0.0, 0.0, 0.0, 0.0, 0.0, 0.0, 19.0, 12.0], [0.0, 0.0, 0.0, 0.0, 0.0, 0.0, 0.0, 1.0, 6.0, 12.0, 20.0, 16.0, 9.0, 0.0, 0.0], [0.0, 0.0, 0.0, 0.0, 0.0, 0.0, 1.0, 8.0, 13.0, 19.0, 11.0, 7.0, 2.0, 0.0, 0.0], [0.0, 0.0, 0.0, 0.0, 5.0, 12.0, 19.0, 11.0, 7.0, 1.0, 0.0, 0.0, 6.0, 0.0, 0.0], [0.0, 0.0, 10.0, 12.0, 5.0, 12.0, 5.0, 0.0, 5.0, 0.0, 4.0, 8.0, 0.0, 0.0, 0.0], [11.0, 24.0, 14.0, 12.0, 3.0, 0.0, 0.0, 0.0, 0.0, 0.0, 0.0, 0.0, 0.0, 0.0, 0.0], [0.0, 0.0, 0.0, 0.0, 0.0, 1.0, 8.0, 15.0, 20.0, 14.0, 6.0, 2.0, 0.0, 0.0, 0.0], [0.0, 9.0, 0.0, 0.0, 4.0, 0.0, 0.0, 0.0, 0.0, 6.0, 14.0, 18.0, 10.0, 0.0, 0.0]]]"
y_box,[20.0 -0.0 -0.0 -0.0 -0.0 -0.0 -0.0 -0.0 -0.0 -0.0 -0.0 -0.0 -0.0 -0.0 -0.0; -0.0 0.0 -0.0 -0.0 -0.0 -0.0 -0.0 -0.0 -0.0 -0.0 -0.0 -0.0 -0.0 -0.0 -0.0; -0.0 -0.0 14.0 12.0 5.0 0.0 -0.0 -0.0 -0.0 -0.0 -0.0 -0.0 -0.0 -0.0 -0.0; -0.0 -0.0 -0.0 -0.0 -0.0 -0.0 -0.0 -0.0 -0.0 -0.0 -0.0 -0.0 -0.0 -0.0 -0.0; -0.0 -0.0 -0.0 -0.0 -0.0 -0.0 0.0 0.0 -0.0 -0.0 -0.0 -0.0 -0.0 -0.0 -0.0; -0.0 -0.0 -0.0 -0.0 -0.0 -0.0 -0.0 -0.0 0.0 0.0 0.0 -0.0 -0.0 -0.0 -0.0; -0.0 -0.0 -0.0 -0.0 -0.0 -0.0 -0.0 -0.0 -0.0 -0.0 -0.0 0.0 10.0 -0.0 -0.0; -0.0 -0.0 -0.0 -0.0 -0.0 -0.0 -0.0 -0.0 -0.0 -0.0 -0.0 -0.0 -0.0 0.0 0.0;;;]
evol_bb,"[[0.314, 2.192342234410215e7]]"
y_bb,[20.0 -0.0 -0.0 -0.0 -0.0 -0.0 -0.0 -0.0 -0.0 -0.0 -0.0 -0.0 -0.0 -0.0 -0.0; -0.0 0.0 -0.0 -0.0 -0.0 -0.0 -0.0 -0.0 -0.0 -0.0 -0.0 -0.0 -0.0 -0.0 -0.0; -0.0 -0.0 14.0 12.0 5.0 0.0 -0.0 -0.0 -0.0 -0.0 -0.0 -0.0 -0.0 -0.0 -0.0; -0.0 -0.0 -0.0 -0.0 -0.0 -0.0 -0.0 -0.0 -0.0 -0.0 -0.0 -0.0 -0.0 -0.0 -0.0; -0.0 -0.0 -0.0 -0.0 -0.0 -0.0 0.0 0.0 -0.0 -0.0 -0.0 -0.0 -0.0 -0.0 -0.0; -0.0 -0.0 -0.0 -0.0 -0.0 -0.0 -0.0 -0.0 0.0 0.0 0.0 -0.0 -0.0 -0.0 -0.0; -0.0 -0.0 -0.0 -0.0 -0.0 -0.0 -0.0 -0.0 -0.0 -0.0 -0.0 0.0 10.0 -0.0 -0.0; -0.0 -0.0 -0.0 -0.0 -0.0 -0.0 -0.0 -0.0 -0.0 -0.0 -0.0 -0.0 -0.0 0.0 0.0;;;]
evol_box,"[[0.396, 0.0], [1.881, 226633.49360571726], [1.956, 7.232907824517975e6], [1.962, 1.2092089354485923e7], [1.967, 1.7403290654715776e7], [1.974, 1.819432162756071e7], [1.98, 1.898535260040564e7], [1.986, 2.0341361003466796e7], [1.992, 2.1019387551619597e7], [1.999, 2.1584409675080262e7], [2.007, 2.192342234410215e7]]"
y_pb,[[20.0 -0.0 -0.0 -0.0 -0.0 -0.0 -0.0 -0.0 -0.0 -0.0 -0.0 -0.0 -0.0 -0.0 -0.0; -0.0 0.0 -0.0 -0.0 -0.0 -0.0 -0.0 -0.0 -0.0 -0.0 -0.0 -0.0 -0.0 -0.0 -0.0; -0.0 -0.0 14.000000000000002 12.0 5.000000000000001 -0.0 -0.0 -0.0 -0.0 -0.0 -0.0 -0.0 -0.0 -0.0 -0.0; -0.0 -0.0 -0.0 -0.0 -0.0 0.0 -0.0 -0.0 -0.0 -0.0 -0.0 -0.0 -0.0 -0.0 -0.0; -0.0 -0.0 -0.0 -0.0 -0.0 0.0 -0.0 -0.0 -0.0 -0.0 -0.0 -0.0 -0.0 -0.0 -0.0; -0.0 -0.0 -0.0 -0.0 -0.0 -0.0 -0.0 -0.0 -0.0 -0.0 0.0 -0.0 -0.0 -0.0 -0.0; -0.0 -0.0 -0.0 -0.0 -0.0 -0.0 -0.0 -0.0 -0.0 -0.0 -0.0 -0.0 10.000000000000002 -0.0 -0.0; -0.0 -0.0 -0.0 -0.0 -0.0 -0.0 -0.0 -0.0 -0.0 -0.0 -0.0 -0.0 -0.0 0.0 -0.0;;;]]
x_bb,"[20.0, 0.0, 31.0, 0.0, 0.0, 0.0, 10.0, 0.0]"
x_box,"[20.0, 0.0, 31.0, 0.0, 0.0, 0.0, 10.0, 0.0]"
evol_zeta,"[[1.572, 30.5], [1.954, 19.833333333333336], [1.96, 19.0], [1.965, 18.5], [1.972, 6.999999999999993], [1.979, 7.0000000000000115], [1.984, 6.0], [1.99, 5.4], [1.997, 4.285714285714288], [2.005, 2.0], [2.009, 0.0]]"
ξ_box,[31.0; 24.0; 14.0; 12.0; 5.0; 12.0; 19.0; 20.0; 20.0; 19.0; 20.0; 18.0; 10.0; 19.0; 12.0;;]
