first,second
s_box,[39.0; 38.0; 0.0; 0.0; 1.0; 5.0; 0.0; 0.0; 2.0; 6.0; 25.0; 26.0; 24.0; 25.0; 0.0;;]
x_pb,"[-0.0, -0.0, 21.0, 16.0, 15.0, -0.0, -0.0, 32.0]"
s_bb,[39.0; 38.0; 0.0; 0.0; 1.0; 5.0; 0.0; 0.0; 2.0; 6.0; 25.0; 26.0; 24.0; 25.0; 0.0;;]
partition_bb,"[[[39.0, 24.0, 13.0, 8.0, 0.0, 0.0, 0.0, 0.0, 0.0, 0.0, 0.0, 0.0, 0.0, 0.0, 0.0], [0.0, 0.0, 0.0, 0.0, 0.0, 0.0, 0.0, 0.0, 0.0, 0.0, 10.0, 10.0, 17.0, 19.0, 32.0], [0.0, 0.0, 0.0, 0.0, 0.0, 0.0, 0.0, 0.0, 0.0, 1.0, 22.0, 26.0, 19.0, 17.0, 4.0], [23.0, 38.0, 14.0, 9.0, 0.0, 0.0, 0.0, 0.0, 0.0, 0.0, 0.0, 0.0, 0.0, 0.0, 0.0], [0.0, 0.0, 0.0, 6.0, 1.0, 5.0, 8.0, 7.0, 2.0, 6.0, 3.0, 7.0, 0.0, 5.0, 0.0], [0.0, 0.0, 21.0, 15.0, 1.0, 0.0, 0.0, 0.0, 0.0, 0.0, 0.0, 0.0, 0.0, 2.0, 15.0], [0.0, 0.0, 0.0, 0.0, 0.0, 0.0, 0.0, 0.0, 0.0, 0.0, 13.0, 16.0, 20.0, 25.0, 12.0], [0.0, 0.0, 0.0, 0.0, 0.0, 0.0, 0.0, 0.0, 0.0, 0.0, 17.0, 17.0, 24.0, 19.0, 9.0], [0.0, 0.0, 0.0, 0.0, 0.0, 0.0, 0.0, 0.0, 0.0, 4.0, 25.0, 21.0, 18.0, 13.0, 3.0], [24.0, 9.0, 21.0, 16.0, 1.0, 5.0, 0.0, 1.0, 2.0, 6.0, 0.0, 0.0, 0.0, 0.0, 0.0]]]"
y_box,[0.0 -0.0 -0.0 -0.0 -0.0 -0.0 -0.0 -0.0 -0.0 -0.0 -0.0 -0.0 -0.0 -0.0 -0.0; -0.0 -0.0 -0.0 -0.0 -0.0 -0.0 -0.0 -0.0 -0.0 -0.0 -0.0 -0.0 -0.0 -0.0 -0.0; -0.0 0.0 21.0 -0.0 -0.0 -0.0 -0.0 -0.0 -0.0 -0.0 -0.0 -0.0 -0.0 -0.0 -0.0; -0.0 -0.0 -0.0 16.0 -0.0 -0.0 -0.0 -0.0 -0.0 -0.0 -0.0 -0.0 -0.0 -0.0 -0.0; -0.0 -0.0 -0.0 -0.0 0.0 0.0 8.0 7.0 0.0 0.0 -0.0 -0.0 -0.0 -0.0 -0.0; -0.0 -0.0 -0.0 -0.0 -0.0 -0.0 -0.0 -0.0 -0.0 -0.0 0.0 0.0 -0.0 -0.0 -0.0; -0.0 -0.0 -0.0 -0.0 -0.0 -0.0 -0.0 -0.0 -0.0 -0.0 -0.0 -0.0 0.0 -0.0 -0.0; -0.0 -0.0 -0.0 -0.0 -0.0 -0.0 -0.0 -0.0 -0.0 -0.0 -0.0 -0.0 -0.0 0.0 32.0;;;]
evol_bb,"[[0.432, 2.3655095602019742e7]]"
y_bb,[0.0 -0.0 -0.0 -0.0 -0.0 -0.0 -0.0 -0.0 -0.0 -0.0 -0.0 -0.0 -0.0 -0.0 -0.0; -0.0 -0.0 -0.0 -0.0 -0.0 -0.0 -0.0 -0.0 -0.0 -0.0 -0.0 -0.0 -0.0 -0.0 -0.0; -0.0 0.0 21.0 -0.0 -0.0 -0.0 -0.0 -0.0 -0.0 -0.0 -0.0 -0.0 -0.0 -0.0 -0.0; -0.0 -0.0 -0.0 16.0 -0.0 -0.0 -0.0 -0.0 -0.0 -0.0 -0.0 -0.0 -0.0 -0.0 -0.0; -0.0 -0.0 -0.0 -0.0 0.0 0.0 8.0 7.0 0.0 0.0 -0.0 -0.0 -0.0 -0.0 -0.0; -0.0 -0.0 -0.0 -0.0 -0.0 -0.0 -0.0 -0.0 -0.0 -0.0 0.0 0.0 -0.0 -0.0 -0.0; -0.0 -0.0 -0.0 -0.0 -0.0 -0.0 -0.0 -0.0 -0.0 -0.0 -0.0 -0.0 0.0 -0.0 -0.0; -0.0 -0.0 -0.0 -0.0 -0.0 -0.0 -0.0 -0.0 -0.0 -0.0 -0.0 -0.0 -0.0 0.0 32.0;;;]
evol_box,"[[0.521, 0.0], [2.542, 1091.6926626718468], [2.641, 1.0899078720403947e7], [2.651, 1.473831133742071e7], [2.659, 1.6719846876551105e7], [2.668, 2.0187440056039155e7], [2.676, 2.1797396410923235e7], [2.685, 2.2664323166768268e7], [2.694, 2.3159709884394005e7], [2.702, 2.3531249922613308e7], [2.708, 2.3655095602019742e7]]"
y_pb,[[0.0 -0.0 -0.0 -0.0 -0.0 -0.0 -0.0 -0.0 -0.0 -0.0 -0.0 -0.0 -0.0 -0.0 -0.0; -0.0 -0.0 0.0 -0.0 -0.0 -0.0 -0.0 -0.0 -0.0 -0.0 -0.0 -0.0 -0.0 -0.0 -0.0; -0.0 -0.0 21.0 -0.0 -0.0 -0.0 -0.0 -0.0 -0.0 -0.0 -0.0 -0.0 -0.0 -0.0 -0.0; -0.0 -0.0 -0.0 16.0 -0.0 -0.0 -0.0 -0.0 -0.0 -0.0 -0.0 -0.0 -0.0 -0.0 -0.0; -0.0 -0.0 -0.0 -0.0 -0.0 0.0 8.0 7.000000000000001 -0.0 -0.0 -0.0 -0.0 -0.0 -0.0 -0.0; -0.0 -0.0 -0.0 -0.0 -0.0 -0.0 -0.0 -0.0 -0.0 -0.0 0.0 -0.0 -0.0 -0.0 -0.0; -0.0 -0.0 -0.0 -0.0 -0.0 -0.0 -0.0 -0.0 -0.0 -0.0 -0.0 -0.0 0.0 -0.0 -0.0; -0.0 -0.0 -0.0 -0.0 -0.0 -0.0 -0.0 -0.0 -0.0 -0.0 -0.0 -0.0 -0.0 -0.0 32.0;;;]]
x_bb,"[0.0, 0.0, 21.0, 16.0, 15.0, 0.0, 0.0, 32.0]"
x_box,"[0.0, 0.0, 21.0, 16.0, 15.0, 0.0, 0.0, 32.0]"
evol_zeta,"[[2.128, 39.0], [2.639, 31.2], [2.649, 15.166666666666664], [2.657, 14.0], [2.666, 8.0], [2.674, 7.0], [2.682, 5.600000000000013], [2.692, 3.6000000000000014], [2.699, 3.0], [2.706, 1.0], [2.722, 0.0]]"
ξ_box,[39.0; 38.0; 21.0; 16.0; 1.0; 5.0; 8.0; 7.0; 2.0; 6.0; 25.0; 26.0; 24.0; 25.0; 32.0;;]
