first,second
s_box,[0.0; 28.0; 26.0; 26.0; 28.0; 0.0; 0.0; 9.0; 27.0; 26.0; 26.0; 24.0; 14.0; 5.0; 9.0; 10.0; 17.0; 12.0; 11.0; 3.0;;]
x_pb,"[34.0, 74.0, -0.0, -0.0]"
s_bb,[0.0; 28.0; 26.0; 26.0; 28.0; 0.0; 0.0; 9.0; 27.0; 26.0; 26.0; 24.0; 14.0; 5.0; 9.0; 10.0; 17.0; 12.0; 11.0; 3.0;;]
partition_bb,"[[[34.0, 22.0, 21.0, 16.0, 9.0, 9.0, 3.0, 0.0, 0.0, 0.0, 0.0, 0.0, 0.0, 0.0, 0.0, 0.0, 0.0, 0.0, 0.0, 0.0], [0.0, 0.0, 0.0, 0.0, 0.0, 7.0, 10.0, 28.0, 23.0, 19.0, 14.0, 6.0, 3.0, 1.0, 0.0, 0.0, 0.0, 0.0, 0.0, 0.0], [3.0, 10.0, 14.0, 21.0, 28.0, 20.0, 17.0, 0.0, 0.0, 0.0, 0.0, 0.0, 0.0, 0.0, 0.0, 0.0, 0.0, 0.0, 0.0, 0.0], [2.0, 0.0, 0.0, 0.0, 7.0, 0.0, 0.0, 12.0, 7.0, 11.0, 16.0, 24.0, 14.0, 5.0, 3.0, 0.0, 6.0, 1.0, 0.0, 0.0], [0.0, 10.0, 6.0, 7.0, 0.0, 0.0, 0.0, 0.0, 0.0, 0.0, 2.0, 4.0, 14.0, 5.0, 7.0, 10.0, 17.0, 12.0, 11.0, 3.0], [0.0, 4.0, 8.0, 14.0, 17.0, 22.0, 28.0, 10.0, 5.0, 1.0, 0.0, 0.0, 0.0, 0.0, 0.0, 0.0, 0.0, 0.0, 0.0, 0.0], [0.0, 0.0, 0.0, 0.0, 0.0, 0.0, 0.0, 12.0, 17.0, 21.0, 26.0, 18.0, 14.0, 5.0, 1.0, 0.0, 0.0, 0.0, 0.0, 0.0], [16.0, 28.0, 24.0, 17.0, 10.0, 10.0, 4.0, 0.0, 0.0, 0.0, 0.0, 0.0, 0.0, 0.0, 0.0, 0.0, 0.0, 0.0, 0.0, 0.0], [2.0, 9.0, 13.0, 16.0, 19.0, 27.0, 21.0, 6.0, 1.0, 0.0, 0.0, 0.0, 0.0, 0.0, 0.0, 0.0, 0.0, 0.0, 0.0, 0.0], [0.0, 0.0, 0.0, 0.0, 0.0, 0.0, 0.0, 17.0, 22.0, 26.0, 21.0, 13.0, 10.0, 4.0, 0.0, 0.0, 0.0, 0.0, 0.0, 0.0], [8.0, 15.0, 19.0, 26.0, 19.0, 15.0, 12.0, 0.0, 0.0, 0.0, 0.0, 0.0, 0.0, 0.0, 0.0, 0.0, 0.0, 0.0, 0.0, 0.0], [0.0, 0.0, 0.0, 0.0, 0.0, 1.0, 4.0, 22.0, 27.0, 23.0, 18.0, 10.0, 7.0, 2.0, 0.0, 0.0, 0.0, 0.0, 0.0, 0.0], [0.0, 9.0, 13.0, 6.0, 0.0, 0.0, 0.0, 0.0, 0.0, 2.0, 7.0, 4.0, 14.0, 5.0, 9.0, 10.0, 5.0, 10.0, 11.0, 3.0], [13.0, 22.0, 26.0, 19.0, 12.0, 12.0, 6.0, 0.0, 0.0, 0.0, 0.0, 0.0, 0.0, 0.0, 0.0, 0.0, 0.0, 0.0, 0.0, 0.0]]]"
y_box,[34.0 0.0 0.0 -0.0 -0.0 -0.0 -0.0 -0.0 -0.0 -0.0 -0.0 -0.0 -0.0 -0.0 -0.0 -0.0 -0.0 -0.0 -0.0 -0.0; -0.0 -0.0 -0.0 0.0 0.0 27.0 28.0 19.0 0.0 0.0 0.0 0.0 -0.0 -0.0 -0.0 -0.0 -0.0 -0.0 -0.0 -0.0; -0.0 -0.0 -0.0 -0.0 -0.0 -0.0 -0.0 -0.0 -0.0 -0.0 -0.0 -0.0 -0.0 -0.0 -0.0 -0.0 -0.0 -0.0 -0.0 -0.0; -0.0 -0.0 -0.0 -0.0 -0.0 -0.0 -0.0 -0.0 -0.0 -0.0 -0.0 -0.0 0.0 0.0 0.0 0.0 0.0 0.0 0.0 0.0;;;]
evol_bb,"[[1.235, 4.044042896537971e7]]"
y_bb,[34.0 0.0 0.0 -0.0 -0.0 -0.0 -0.0 -0.0 -0.0 -0.0 -0.0 -0.0 -0.0 -0.0 -0.0 -0.0 -0.0 -0.0 -0.0 -0.0; -0.0 -0.0 -0.0 0.0 0.0 27.0 28.0 19.0 0.0 0.0 0.0 0.0 -0.0 -0.0 -0.0 -0.0 -0.0 -0.0 -0.0 -0.0; -0.0 -0.0 -0.0 -0.0 -0.0 -0.0 -0.0 -0.0 -0.0 -0.0 -0.0 -0.0 -0.0 -0.0 -0.0 -0.0 -0.0 -0.0 -0.0 -0.0; -0.0 -0.0 -0.0 -0.0 -0.0 -0.0 -0.0 -0.0 -0.0 -0.0 -0.0 -0.0 0.0 0.0 0.0 0.0 0.0 0.0 0.0 0.0;;;]
evol_box,"[[0.536, 0.0], [2.695, 807684.2789141756], [2.881, 1.4376816908421459e7], [2.976, 2.001935753798641e7], [3.072, 2.6065120517131392e7], [3.166, 3.2782634938403595e7], [3.197, 3.452904248247379e7], [3.288, 3.614124594357912e7], [3.396, 3.7350398539408125e7], [3.449, 3.802212377372172e7], [3.526, 3.869387521584894e7], [3.596, 3.936562665797616e7], [3.62, 3.990302781167793e7], [3.644, 4.0171728388528824e7], [3.662, 4.044042896537971e7]]"
y_pb,[[34.0 -0.0 -0.0 -0.0 -0.0 -0.0 -0.0 -0.0 -0.0 -0.0 -0.0 -0.0 -0.0 -0.0 -0.0 -0.0 -0.0 -0.0 -0.0 -0.0; -0.0 -0.0 -0.0 -0.0 -0.0 27.0 28.0 19.0 -0.0 -0.0 -0.0 -0.0 -0.0 -0.0 -0.0 -0.0 -0.0 -0.0 -0.0 -0.0; -0.0 -0.0 -0.0 -0.0 -0.0 -0.0 -0.0 -0.0 -0.0 -0.0 -0.0 -0.0 -0.0 0.0 -0.0 -0.0 -0.0 -0.0 -0.0 -0.0; -0.0 -0.0 -0.0 -0.0 -0.0 -0.0 -0.0 -0.0 -0.0 -0.0 -0.0 -0.0 -0.0 -0.0 -0.0 -0.0 -0.0 0.0 -0.0 -0.0;;;]]
x_bb,"[34.0, 74.0, 0.0, 0.0]"
x_box,"[34.0, 74.0, 0.0, 0.0]"
evol_zeta,"[[2.233, 33.142857142857146], [2.879, 27.666666666666668], [2.974, 18.285714285714285], [3.07, 18.0], [3.164, 11.0], [3.195, 10.88888888888889], [3.286, 9.25], [3.394, 5.857142857142858], [3.446, 4.333333333333329], [3.524, 4.285714285714288], [3.593, 4.142857142857139], [3.618, 3.333333333333332], [3.642, 2.0], [3.66, 1.7142857142857117], [3.697, 0.0]]"
ξ_box,[34.0; 28.0; 26.0; 26.0; 28.0; 27.0; 28.0; 28.0; 27.0; 26.0; 26.0; 24.0; 14.0; 5.0; 9.0; 10.0; 17.0; 12.0; 11.0; 3.0;;]
