first,second
s_box,[34.0; 33.0; 32.0; 31.0; 29.0; 27.0; 24.0; 23.0; 23.0; 9.0; 0.0; 0.0; 0.0; 24.0; 0.0; 0.0; 12.0; 13.0; 15.0; 19.0;;]
x_pb,"[-0.0, 66.0, 31.0, 16.0]"
s_bb,[34.0; 33.0; 32.0; 31.0; 29.0; 27.0; 24.0; 23.0; 23.0; 9.0; 0.0; 0.0; 0.0; 24.0; 0.0; 0.0; 12.0; 13.0; 15.0; 19.0;;]
partition_bb,"[[[34.0, 32.0, 30.0, 14.0, 6.0, 0.0, 0.0, 0.0, 0.0, 0.0, 0.0, 0.0, 0.0, 0.0, 0.0, 0.0, 0.0, 0.0, 0.0, 0.0], [0.0, 0.0, 0.0, 0.0, 0.0, 0.0, 2.0, 6.0, 7.0, 17.0, 17.0, 21.0, 31.0, 18.0, 0.0, 0.0, 0.0, 0.0, 0.0, 0.0], [0.0, 0.0, 0.0, 9.0, 21.0, 27.0, 20.0, 16.0, 15.0, 5.0, 5.0, 1.0, 0.0, 0.0, 0.0, 0.0, 0.0, 0.0, 0.0, 0.0], [0.0, 0.0, 0.0, 0.0, 0.0, 0.0, 4.0, 0.0, 0.0, 0.0, 0.0, 4.0, 0.0, 0.0, 3.0, 4.0, 12.0, 13.0, 15.0, 19.0], [11.0, 12.0, 15.0, 31.0, 16.0, 13.0, 10.0, 6.0, 5.0, 0.0, 0.0, 0.0, 0.0, 0.0, 0.0, 0.0, 0.0, 0.0, 0.0, 0.0], [20.0, 18.0, 16.0, 0.0, 0.0, 0.0, 0.0, 0.0, 1.0, 0.0, 0.0, 0.0, 0.0, 0.0, 12.0, 4.0, 12.0, 13.0, 11.0, 7.0], [0.0, 0.0, 0.0, 0.0, 5.0, 11.0, 18.0, 22.0, 23.0, 13.0, 13.0, 9.0, 0.0, 0.0, 0.0, 0.0, 0.0, 0.0, 0.0, 0.0], [1.0, 2.0, 5.0, 14.0, 29.0, 23.0, 16.0, 12.0, 11.0, 1.0, 1.0, 0.0, 0.0, 0.0, 0.0, 0.0, 0.0, 0.0, 0.0, 0.0], [0.0, 0.0, 0.0, 0.0, 0.0, 3.0, 10.0, 14.0, 15.0, 25.0, 20.0, 20.0, 11.0, 0.0, 0.0, 0.0, 0.0, 0.0, 0.0, 0.0], [0.0, 0.0, 0.0, 0.0, 0.0, 6.0, 13.0, 17.0, 16.0, 8.0, 6.0, 3.0, 11.0, 24.0, 5.0, 4.0, 0.0, 0.0, 0.0, 0.0], [0.0, 0.0, 0.0, 0.0, 0.0, 0.0, 7.0, 11.0, 12.0, 21.0, 22.0, 26.0, 16.0, 5.0, 0.0, 0.0, 0.0, 0.0, 0.0, 0.0], [0.0, 0.0, 0.0, 3.0, 11.0, 17.0, 24.0, 20.0, 19.0, 9.0, 9.0, 5.0, 0.0, 0.0, 0.0, 0.0, 0.0, 0.0, 0.0, 0.0], [0.0, 0.0, 0.0, 0.0, 0.0, 2.0, 9.0, 13.0, 14.0, 19.0, 24.0, 20.0, 10.0, 3.0, 0.0, 0.0, 0.0, 0.0, 0.0, 0.0], [28.0, 29.0, 32.0, 16.0, 8.0, 2.0, 0.0, 0.0, 0.0, 0.0, 0.0, 0.0, 0.0, 0.0, 0.0, 0.0, 0.0, 0.0, 0.0, 0.0], [0.0, 0.0, 0.0, 0.0, 6.0, 12.0, 19.0, 23.0, 22.0, 12.0, 12.0, 8.0, 0.0, 0.0, 0.0, 0.0, 0.0, 0.0, 0.0, 0.0], [31.0, 33.0, 30.0, 14.0, 6.0, 0.0, 0.0, 0.0, 0.0, 0.0, 0.0, 0.0, 0.0, 0.0, 0.0, 0.0, 0.0, 0.0, 0.0, 0.0]]]"
y_box,[0.0 0.0 0.0 0.0 0.0 0.0 0.0 -0.0 -0.0 -0.0 -0.0 -0.0 -0.0 -0.0 -0.0 -0.0 -0.0 -0.0 -0.0 -0.0; -0.0 -0.0 -0.0 -0.0 -0.0 -0.0 -0.0 0.0 0.0 16.0 24.0 26.0 -0.0 -0.0 -0.0 -0.0 -0.0 -0.0 -0.0 -0.0; -0.0 -0.0 -0.0 -0.0 -0.0 -0.0 -0.0 -0.0 -0.0 -0.0 -0.0 -0.0 31.0 -0.0 -0.0 -0.0 -0.0 -0.0 -0.0 -0.0; -0.0 -0.0 -0.0 -0.0 -0.0 -0.0 -0.0 -0.0 -0.0 -0.0 -0.0 -0.0 -0.0 0.0 12.0 4.0 0.0 0.0 0.0 0.0;;;]
evol_bb,"[[0.59, 3.702973893170463e7]]"
y_bb,[0.0 0.0 0.0 0.0 0.0 0.0 0.0 -0.0 -0.0 -0.0 -0.0 -0.0 -0.0 -0.0 -0.0 -0.0 -0.0 -0.0 -0.0 -0.0; -0.0 -0.0 -0.0 -0.0 -0.0 -0.0 -0.0 0.0 0.0 16.0 24.0 26.0 -0.0 -0.0 -0.0 -0.0 -0.0 -0.0 -0.0 -0.0; -0.0 -0.0 -0.0 -0.0 -0.0 -0.0 -0.0 -0.0 -0.0 -0.0 -0.0 -0.0 31.0 -0.0 -0.0 -0.0 -0.0 -0.0 -0.0 -0.0; -0.0 -0.0 -0.0 -0.0 -0.0 -0.0 -0.0 -0.0 -0.0 -0.0 -0.0 -0.0 -0.0 0.0 12.0 4.0 0.0 0.0 0.0 0.0;;;]
evol_box,"[[0.526, 0.0], [2.324, 322575.58595857973], [2.421, 1.2982491681355627e7], [2.437, 2.1282072875608742e7], [2.452, 2.8304667119590797e7], [2.468, 3.0113550200389557e7], [2.484, 3.1071140569171768e7], [2.507, 3.2560808988653097e7], [2.524, 3.341204808549957e7], [2.541, 3.4582454162159085e7], [2.561, 3.522088348479394e7], [2.577, 3.596569182467486e7], [2.594, 3.63913113730981e7], [2.613, 3.6604119383281395e7], [2.633, 3.681692915749301e7], [2.651, 3.692333404459882e7], [2.661, 3.702973893170463e7]]"
y_pb,[[-0.0 -0.0 -0.0 0.0 -0.0 -0.0 -0.0 -0.0 -0.0 -0.0 -0.0 -0.0 -0.0 -0.0 -0.0 -0.0 -0.0 -0.0 -0.0 -0.0; -0.0 -0.0 -0.0 -0.0 -0.0 -0.0 -0.0 -0.0 -0.0 16.0 24.0 26.0 -0.0 -0.0 -0.0 -0.0 -0.0 -0.0 -0.0 -0.0; -0.0 -0.0 -0.0 -0.0 -0.0 -0.0 -0.0 -0.0 -0.0 -0.0 -0.0 -0.0 31.0 -0.0 -0.0 -0.0 -0.0 -0.0 -0.0 -0.0; -0.0 -0.0 -0.0 -0.0 -0.0 -0.0 -0.0 -0.0 -0.0 -0.0 -0.0 -0.0 -0.0 -0.0 12.0 4.0 -0.0 -0.0 -0.0 -0.0;;;]]
x_bb,"[0.0, 66.0, 31.0, 16.0]"
x_box,"[0.0, 66.0, 31.0, 16.0]"
evol_zeta,"[[2.419, 30.25], [2.435, 26.333333333333332], [2.45, 19.0], [2.466, 16.333333333333332], [2.483, 9.0], [2.505, 7.875], [2.522, 7.818181818181822], [2.539, 7.375], [2.559, 6.000000000000003], [2.575, 4.125], [2.592, 3.55555555555555], [2.611, 1.8888888888888893], [2.631, 1.6666666666666679], [2.649, 0.875], [2.659, 0.7999999999999972], [2.676, 0.0]]"
ξ_box,[34.0; 33.0; 32.0; 31.0; 29.0; 27.0; 24.0; 23.0; 23.0; 25.0; 24.0; 26.0; 31.0; 24.0; 12.0; 4.0; 12.0; 13.0; 15.0; 19.0;;]
