first,second
s_box,[0.0; 0.0; 0.0; 0.0; 0.0; 0.0; 0.0; 0.0; 0.0; 19.0; 22.0; 7.0; 3.0; 1.0; 13.0; 16.0; 20.0; 28.0; 33.0; 30.0;;]
x_pb,"[43.0, 71.0, -0.0, -0.0]"
s_bb,[0.0; 0.0; 0.0; 0.0; 0.0; 0.0; 0.0; 0.0; 0.0; 19.0; 22.0; 7.0; 3.0; 1.0; 13.0; 16.0; 20.0; 28.0; 33.0; 30.0;;]
partition_bb,"[[[0.0, 0.0, 0.0, 0.0, 0.0, 1.0, 2.0, 0.0, 0.0, 0.0, 0.0, 0.0, 0.0, 1.0, 4.0, 5.0, 12.0, 26.0, 33.0, 30.0], [0.0, 3.0, 0.0, 0.0, 0.0, 1.0, 12.0, 15.0, 16.0, 24.0, 22.0, 7.0, 3.0, 1.0, 3.0, 0.0, 0.0, 7.0, 0.0, 0.0], [16.0, 11.0, 7.0, 6.0, 3.0, 6.0, 0.0, 3.0, 4.0, 12.0, 10.0, 0.0, 0.0, 1.0, 0.0, 0.0, 0.0, 0.0, 7.0, 0.0], [0.0, 0.0, 0.0, 0.0, 3.0, 0.0, 0.0, 0.0, 0.0, 8.0, 6.0, 0.0, 3.0, 1.0, 13.0, 16.0, 20.0, 6.0, 0.0, 0.0], [0.0, 0.0, 0.0, 0.0, 0.0, 6.0, 16.0, 16.0, 23.0, 16.0, 14.0, 0.0, 0.0, 0.0, 0.0, 0.0, 0.0, 0.0, 0.0, 0.0], [0.0, 0.0, 0.0, 0.0, 0.0, 6.0, 17.0, 20.0, 13.0, 11.0, 9.0, 0.0, 0.0, 0.0, 0.0, 0.0, 5.0, 19.0, 12.0, 3.0], [0.0, 3.0, 7.0, 6.0, 3.0, 3.0, 0.0, 0.0, 0.0, 0.0, 0.0, 0.0, 3.0, 1.0, 6.0, 7.0, 14.0, 28.0, 21.0, 12.0]]]"
y_box,[16.0 11.0 7.0 6.0 3.0 -0.0 -0.0 -0.0 -0.0 -0.0 -0.0 -0.0 -0.0 -0.0 -0.0 -0.0 -0.0 -0.0 -0.0 -0.0; -0.0 -0.0 -0.0 -0.0 -0.0 6.0 17.0 20.0 23.0 5.0 0.0 -0.0 -0.0 -0.0 -0.0 -0.0 -0.0 -0.0 -0.0 -0.0; -0.0 -0.0 -0.0 -0.0 -0.0 -0.0 -0.0 -0.0 -0.0 -0.0 -0.0 -0.0 -0.0 -0.0 -0.0 -0.0 -0.0 -0.0 -0.0 -0.0; -0.0 -0.0 -0.0 -0.0 -0.0 -0.0 -0.0 -0.0 -0.0 -0.0 -0.0 0.0 0.0 0.0 0.0 0.0 0.0 0.0 0.0 0.0;;;]
evol_bb,"[[0.439, 2.446280449637301e7]]"
y_bb,[16.0 11.0 7.0 6.0 3.0 -0.0 -0.0 -0.0 -0.0 -0.0 -0.0 -0.0 -0.0 -0.0 -0.0 -0.0 -0.0 -0.0 -0.0 -0.0; -0.0 -0.0 -0.0 -0.0 -0.0 6.0 17.0 20.0 23.0 5.0 0.0 -0.0 -0.0 -0.0 -0.0 -0.0 -0.0 -0.0 -0.0 -0.0; -0.0 -0.0 -0.0 -0.0 -0.0 -0.0 -0.0 -0.0 -0.0 -0.0 -0.0 -0.0 -0.0 -0.0 -0.0 -0.0 -0.0 -0.0 -0.0 -0.0; -0.0 -0.0 -0.0 -0.0 -0.0 -0.0 -0.0 -0.0 -0.0 -0.0 -0.0 0.0 0.0 0.0 0.0 0.0 0.0 0.0 0.0 0.0;;;]
evol_box,"[[0.543, 0.0], [2.756, 4568.594064975405], [2.893, 1.4016334581835885e7], [2.901, 1.962151376041835e7], [2.908, 2.2424420822737757e7], [2.93, 2.3188850021552138e7], [2.938, 2.4080595853955068e7], [2.972, 2.4335405586893193e7], [3.011, 2.446280449637301e7]]"
y_pb,[[16.0 11.0 7.0 6.0 3.0 -0.0 -0.0 -0.0 -0.0 -0.0 -0.0 -0.0 -0.0 -0.0 -0.0 -0.0 -0.0 -0.0 -0.0 -0.0; -0.0 -0.0 -0.0 -0.0 -0.0 6.0 17.0 20.0 23.0 5.0 -0.0 -0.0 -0.0 -0.0 -0.0 -0.0 -0.0 -0.0 -0.0 -0.0; -0.0 -0.0 -0.0 -0.0 -0.0 -0.0 -0.0 -0.0 -0.0 -0.0 0.0 -0.0 -0.0 -0.0 -0.0 -0.0 -0.0 -0.0 -0.0 -0.0; -0.0 -0.0 -0.0 -0.0 -0.0 -0.0 -0.0 -0.0 -0.0 -0.0 -0.0 0.0 -0.0 -0.0 -0.0 -0.0 -0.0 -0.0 -0.0 -0.0;;;]]
x_bb,"[43.0, 71.0, 0.0, 0.0]"
x_box,"[43.0, 71.0, 0.0, 0.0]"
evol_zeta,"[[2.185, 33.0], [2.891, 24.0], [2.899, 16.0], [2.906, 11.0], [2.928, 6.0], [2.936, 5.0], [2.97, 2.0], [3.009, 1.0], [3.04, 0.0]]"
ξ_box,[16.0; 11.0; 7.0; 6.0; 3.0; 6.0; 17.0; 20.0; 23.0; 24.0; 22.0; 7.0; 3.0; 1.0; 13.0; 16.0; 20.0; 28.0; 33.0; 30.0;;]
