first,second
s_box,[6.0; 0.0; 0.0; 0.0; 17.0; 20.0; 18.0; 4.0; 10.0; 11.0; 12.0; 5.0; 3.0; 5.0; 7.0; 10.0; 12.0; 17.0; 20.0; 21.0;;]
x_pb,"[73.0, -0.0, -0.0, 0.0]"
s_bb,[6.0; 0.0; 0.0; 0.0; 17.0; 20.0; 18.0; 4.0; 10.0; 11.0; 12.0; 5.0; 3.0; 5.0; 7.0; 10.0; 12.0; 17.0; 20.0; 21.0;;]
partition_bb,"[[[22.0, 19.0, 15.0, 13.0, 5.0, 4.0, 0.0, 0.0, 0.0, 0.0, 0.0, 0.0, 0.0, 0.0, 0.0, 0.0, 0.0, 0.0, 0.0, 0.0], [0.0, 0.0, 0.0, 0.0, 0.0, 0.0, 0.0, 4.0, 5.0, 8.0, 0.0, 0.0, 0.0, 5.0, 3.0, 6.0, 1.0, 1.0, 20.0, 21.0], [1.0, 2.0, 8.0, 9.0, 7.0, 11.0, 18.0, 4.0, 8.0, 5.0, 0.0, 0.0, 0.0, 2.0, 0.0, 0.0, 0.0, 0.0, 0.0, 0.0], [9.0, 6.0, 2.0, 0.0, 0.0, 0.0, 7.0, 0.0, 0.0, 3.0, 0.0, 0.0, 0.0, 5.0, 6.0, 7.0, 12.0, 17.0, 0.0, 0.0], [3.0, 0.0, 0.0, 0.0, 0.0, 0.0, 0.0, 4.0, 0.0, 2.0, 12.0, 5.0, 0.0, 0.0, 2.0, 5.0, 0.0, 0.0, 19.0, 20.0], [3.0, 4.0, 10.0, 8.0, 17.0, 13.0, 6.0, 4.0, 0.0, 0.0, 0.0, 5.0, 3.0, 2.0, 0.0, 0.0, 0.0, 0.0, 0.0, 0.0], [2.0, 3.0, 9.0, 10.0, 16.0, 20.0, 13.0, 0.0, 0.0, 0.0, 0.0, 0.0, 0.0, 0.0, 0.0, 0.0, 0.0, 0.0, 0.0, 0.0], [9.0, 11.0, 15.0, 18.0, 9.0, 8.0, 5.0, 0.0, 0.0, 0.0, 0.0, 0.0, 0.0, 0.0, 0.0, 0.0, 0.0, 0.0, 0.0, 0.0], [0.0, 0.0, 0.0, 0.0, 0.0, 0.0, 0.0, 4.0, 8.0, 11.0, 1.0, 5.0, 0.0, 5.0, 7.0, 10.0, 12.0, 8.0, 0.0, 0.0], [11.0, 12.0, 18.0, 15.0, 8.0, 7.0, 2.0, 0.0, 0.0, 0.0, 0.0, 0.0, 0.0, 0.0, 0.0, 0.0, 0.0, 0.0, 0.0, 0.0], [6.0, 8.0, 12.0, 15.0, 6.0, 5.0, 2.0, 4.0, 10.0, 7.0, 0.0, 0.0, 0.0, 0.0, 0.0, 0.0, 0.0, 0.0, 0.0, 0.0], [18.0, 21.0, 15.0, 14.0, 5.0, 4.0, 2.0, 0.0, 0.0, 0.0, 0.0, 0.0, 0.0, 0.0, 0.0, 0.0, 0.0, 0.0, 0.0, 0.0]]]"
y_box,[16.0 21.0 18.0 18.0 0.0 0.0 0.0 0.0 0.0 0.0 0.0 -0.0 -0.0 -0.0 -0.0 -0.0 -0.0 -0.0 -0.0 -0.0; -0.0 -0.0 -0.0 -0.0 -0.0 -0.0 -0.0 -0.0 -0.0 -0.0 -0.0 -0.0 -0.0 -0.0 -0.0 -0.0 -0.0 -0.0 -0.0 -0.0; -0.0 -0.0 -0.0 -0.0 -0.0 -0.0 -0.0 -0.0 -0.0 -0.0 -0.0 0.0 0.0 -0.0 -0.0 -0.0 -0.0 -0.0 -0.0 -0.0; -0.0 -0.0 -0.0 -0.0 -0.0 -0.0 -0.0 -0.0 -0.0 -0.0 -0.0 -0.0 -0.0 0.0 0.0 0.0 0.0 0.0 0.0 0.0;;;]
evol_bb,"[[0.549, 2.285383740147562e7]]"
y_bb,[16.0 21.0 18.0 18.0 0.0 0.0 0.0 0.0 0.0 0.0 0.0 -0.0 -0.0 -0.0 -0.0 -0.0 -0.0 -0.0 -0.0 -0.0; -0.0 -0.0 -0.0 -0.0 -0.0 -0.0 -0.0 -0.0 -0.0 -0.0 -0.0 -0.0 -0.0 -0.0 -0.0 -0.0 -0.0 -0.0 -0.0 -0.0; -0.0 -0.0 -0.0 -0.0 -0.0 -0.0 -0.0 -0.0 -0.0 -0.0 -0.0 0.0 0.0 -0.0 -0.0 -0.0 -0.0 -0.0 -0.0 -0.0; -0.0 -0.0 -0.0 -0.0 -0.0 -0.0 -0.0 -0.0 -0.0 -0.0 -0.0 -0.0 -0.0 0.0 0.0 0.0 0.0 0.0 0.0 0.0;;;]
evol_box,"[[0.59, 0.0], [2.881, 577660.351563067], [2.998, 6.117866845909645e6], [3.036, 1.1311810434359562e7], [3.044, 1.5351544336487278e7], [3.052, 1.731370080323502e7], [3.059, 1.8814173395453885e7], [3.069, 2.031464598767275e7], [3.107, 2.112259276809829e7], [3.147, 2.169965407592949e7], [3.183, 2.2045896857214358e7], [3.218, 2.2392159763111014e7], [3.262, 2.2623001700375456e7], [3.296, 2.285383740147562e7]]"
y_pb,[[16.0 21.0 18.0 18.0 -0.0 -0.0 -0.0 -0.0 -0.0 -0.0 -0.0 -0.0 -0.0 -0.0 -0.0 -0.0 -0.0 -0.0 -0.0 -0.0; -0.0 -0.0 -0.0 -0.0 -0.0 -0.0 -0.0 -0.0 -0.0 -0.0 -0.0 -0.0 -0.0 0.0 -0.0 -0.0 -0.0 -0.0 -0.0 -0.0; -0.0 -0.0 -0.0 -0.0 -0.0 -0.0 -0.0 -0.0 -0.0 -0.0 -0.0 -0.0 -0.0 -0.0 -0.0 0.0 -0.0 -0.0 -0.0 -0.0; -0.0 -0.0 -0.0 -0.0 -0.0 -0.0 -0.0 -0.0 -0.0 -0.0 -0.0 -0.0 -0.0 -0.0 -0.0 0.0 -0.0 -0.0 -0.0 -0.0;;;]]
x_bb,"[73.0, 0.0, 0.0, 0.0]"
x_box,"[73.0, 0.0, 0.0, 0.0]"
evol_zeta,"[[2.336, 21.166666666666654], [2.996, 21.0], [3.034, 18.0], [3.042, 12.0], [3.049, 10.0], [3.058, 10.0], [3.067, 10.0], [3.105, 7.0], [3.145, 4.714285714285715], [3.18, 3.000000000400007], [3.215, 3.000000000400009], [3.259, 2.0], [3.293, 1.1428571428571423], [3.307, 0.0]]"
ξ_box,[22.0; 21.0; 18.0; 18.0; 17.0; 20.0; 18.0; 4.0; 10.0; 11.0; 12.0; 5.0; 3.0; 5.0; 7.0; 10.0; 12.0; 17.0; 20.0; 21.0;;]
