first,second
s_box,[23.0; 0.0; 0.0; 26.0; 25.0; 25.0; 27.0; 0.0; 0.0; 0.0; 9.0; 0.0; 16.0; 22.0; 23.0; 30.0; 32.0; 38.0; 42.0; 46.0;;]
x_pb,"[45.0, 74.0, 15.0, -0.0]"
s_bb,[23.0; 0.0; 0.0; 26.0; 25.0; 25.0; 27.0; 0.0; 0.0; 0.0; 9.0; 0.0; 16.0; 22.0; 23.0; 30.0; 32.0; 38.0; 42.0; 46.0;;]
partition_bb,"[[[0.0, 0.0, 0.0, 0.0, 0.0, 0.0, 0.0, 0.0, 0.0, 0.0, 0.0, 0.0, 0.0, 4.0, 5.0, 12.0, 12.0, 24.0, 33.0, 46.0], [0.0, 0.0, 5.0, 7.0, 10.0, 11.0, 15.0, 27.0, 21.0, 20.0, 8.0, 7.0, 6.0, 0.0, 0.0, 0.0, 0.0, 0.0, 0.0, 0.0], [23.0, 19.0, 10.0, 10.0, 8.0, 7.0, 0.0, 0.0, 0.0, 0.0, 12.0, 8.0, 2.0, 0.0, 0.0, 0.0, 0.0, 0.0, 9.0, 22.0], [0.0, 0.0, 0.0, 0.0, 0.0, 0.0, 0.0, 0.0, 0.0, 0.0, 1.0, 5.0, 11.0, 17.0, 18.0, 25.0, 32.0, 17.0, 8.0, 0.0], [13.0, 14.0, 26.0, 23.0, 21.0, 20.0, 13.0, 4.0, 0.0, 0.0, 0.0, 0.0, 0.0, 0.0, 0.0, 0.0, 0.0, 0.0, 0.0, 0.0], [0.0, 0.0, 0.0, 0.0, 0.0, 0.0, 0.0, 0.0, 0.0, 0.0, 0.0, 0.0, 2.0, 8.0, 9.0, 16.0, 23.0, 38.0, 29.0, 16.0], [4.0, 5.0, 14.0, 17.0, 19.0, 20.0, 27.0, 15.0, 9.0, 8.0, 0.0, 0.0, 0.0, 0.0, 0.0, 0.0, 0.0, 0.0, 0.0, 0.0], [0.0, 0.0, 0.0, 0.0, 0.0, 0.0, 0.0, 0.0, 0.0, 0.0, 0.0, 0.0, 0.0, 3.0, 4.0, 11.0, 18.0, 33.0, 42.0, 29.0], [0.0, 4.0, 0.0, 0.0, 0.0, 0.0, 0.0, 12.0, 18.0, 19.0, 7.0, 10.0, 16.0, 10.0, 9.0, 2.0, 0.0, 0.0, 7.0, 20.0], [6.0, 7.0, 19.0, 21.0, 24.0, 25.0, 18.0, 9.0, 3.0, 2.0, 0.0, 0.0, 0.0, 0.0, 0.0, 0.0, 0.0, 0.0, 0.0, 0.0], [0.0, 0.0, 0.0, 0.0, 0.0, 0.0, 0.0, 7.0, 13.0, 12.0, 14.0, 10.0, 16.0, 22.0, 21.0, 14.0, 7.0, 0.0, 0.0, 0.0], [0.0, 0.0, 0.0, 0.0, 0.0, 0.0, 0.0, 0.0, 0.0, 1.0, 6.0, 10.0, 16.0, 22.0, 23.0, 30.0, 23.0, 8.0, 0.0, 0.0], [0.0, 0.0, 0.0, 0.0, 0.0, 0.0, 4.0, 16.0, 22.0, 23.0, 14.0, 10.0, 16.0, 13.0, 12.0, 5.0, 0.0, 0.0, 0.0, 0.0], [11.0, 12.0, 23.0, 26.0, 23.0, 22.0, 16.0, 6.0, 0.0, 0.0, 0.0, 0.0, 0.0, 0.0, 0.0, 0.0, 0.0, 0.0, 0.0, 0.0], [0.0, 0.0, 0.0, 0.0, 1.0, 2.0, 9.0, 18.0, 24.0, 23.0, 11.0, 10.0, 16.0, 10.0, 9.0, 2.0, 0.0, 0.0, 0.0, 0.0], [7.0, 8.0, 20.0, 22.0, 25.0, 24.0, 17.0, 8.0, 2.0, 1.0, 0.0, 0.0, 0.0, 0.0, 0.0, 0.0, 0.0, 0.0, 0.0, 0.0]]]"
y_box,[0.0 19.0 26.0 0.0 0.0 0.0 -0.0 -0.0 -0.0 -0.0 -0.0 -0.0 -0.0 -0.0 -0.0 -0.0 -0.0 -0.0 -0.0 -0.0; -0.0 -0.0 -0.0 -0.0 -0.0 -0.0 0.0 27.0 24.0 23.0 -0.0 -0.0 -0.0 -0.0 -0.0 -0.0 -0.0 -0.0 -0.0 -0.0; -0.0 -0.0 -0.0 -0.0 -0.0 -0.0 -0.0 -0.0 -0.0 -0.0 5.0 10.0 0.0 0.0 0.0 0.0 -0.0 -0.0 -0.0 -0.0; -0.0 -0.0 -0.0 -0.0 -0.0 -0.0 -0.0 -0.0 -0.0 -0.0 -0.0 -0.0 -0.0 -0.0 -0.0 -0.0 0.0 0.0 0.0 0.0;;;]
evol_bb,"[[0.707, 4.725021439767642e7]]"
y_bb,[0.0 19.0 26.0 0.0 0.0 0.0 -0.0 -0.0 -0.0 -0.0 -0.0 -0.0 -0.0 -0.0 -0.0 -0.0 -0.0 -0.0 -0.0 -0.0; -0.0 -0.0 -0.0 -0.0 -0.0 -0.0 0.0 27.0 24.0 23.0 -0.0 -0.0 -0.0 -0.0 -0.0 -0.0 -0.0 -0.0 -0.0 -0.0; -0.0 -0.0 -0.0 -0.0 -0.0 -0.0 -0.0 -0.0 -0.0 -0.0 5.0 10.0 0.0 0.0 0.0 0.0 -0.0 -0.0 -0.0 -0.0; -0.0 -0.0 -0.0 -0.0 -0.0 -0.0 -0.0 -0.0 -0.0 -0.0 -0.0 -0.0 -0.0 -0.0 -0.0 -0.0 0.0 0.0 0.0 0.0;;;]
evol_box,"[[0.555, 0.0], [2.498, 249304.1998545392], [2.611, 1.7104542975746308e7], [2.629, 2.387174852374172e7], [2.648, 3.174660979236099e7], [2.672, 3.7775777507449515e7], [2.69, 3.949840340995998e7], [2.717, 4.09749398978261e7], [2.733, 4.208234226372568e7], [2.753, 4.294365305387783e7], [2.768, 4.417410012709959e7], [2.788, 4.5158457785677e7], [2.816, 4.577368132228788e7], [2.845, 4.6511946153743364e7], [2.868, 4.688108027570989e7], [2.897, 4.712716969035424e7], [2.919, 4.725021439767642e7]]"
y_pb,[[-0.0 19.0 26.0 -0.0 -0.0 -0.0 -0.0 -0.0 -0.0 -0.0 -0.0 -0.0 -0.0 -0.0 -0.0 -0.0 -0.0 -0.0 -0.0 -0.0; -0.0 -0.0 -0.0 -0.0 -0.0 -0.0 -0.0 27.0 24.0 23.0 -0.0 -0.0 -0.0 -0.0 -0.0 -0.0 -0.0 -0.0 -0.0 -0.0; -0.0 -0.0 -0.0 -0.0 -0.0 -0.0 -0.0 -0.0 -0.0 -0.0 4.999999999999998 10.0 -0.0 -0.0 -0.0 -0.0 -0.0 -0.0 -0.0 -0.0; -0.0 -0.0 -0.0 -0.0 -0.0 -0.0 -0.0 -0.0 -0.0 -0.0 -0.0 -0.0 -0.0 -0.0 -0.0 -0.0 -0.0 0.0 -0.0 -0.0;;;]]
x_bb,"[45.0, 74.0, 15.0, 0.0]"
x_box,"[45.0, 74.0, 15.0, 0.0]"
evol_zeta,"[[2.063, 45.714285714285715], [2.609, 26.727272727272727], [2.627, 23.0], [2.646, 20.0], [2.67, 16.0], [2.688, 13.125], [2.715, 11.599999999999984], [2.731, 8.142857142857146], [2.751, 5.0], [2.766, 5.000000000600011], [2.785, 4.9999999999999964], [2.814, 4.444444444444443], [2.842, 3.000000000400007], [2.866, 2.375], [2.895, 2.0], [2.917, 1.0], [2.939, 0.0]]"
ξ_box,[23.0; 19.0; 26.0; 26.0; 25.0; 25.0; 27.0; 27.0; 24.0; 23.0; 14.0; 10.0; 16.0; 22.0; 23.0; 30.0; 32.0; 38.0; 42.0; 46.0;;]
