first,second
s_box,[36.0; 27.0; 13.0; 12.0; 12.0; 6.0; 5.0; 14.0; 16.0; 21.0; 22.0; 21.0; 22.0; 21.0; 17.0; 0.0; 0.0; 0.0; 0.0; 0.0;;]
x_pb,"[13.0, -0.0, -0.0, 80.0]"
s_bb,[36.0; 27.0; 13.0; 12.0; 12.0; 6.0; 5.0; 14.0; 16.0; 21.0; 22.0; 21.0; 22.0; 21.0; 17.0; 0.0; 0.0; 0.0; 0.0; 0.0;;]
partition_bb,"[[[36.0, 25.0, 22.0, 7.0, 5.0, 2.0, 1.0, 1.0, 0.0, 0.0, 0.0, 0.0, 0.0, 0.0, 0.0, 0.0, 0.0, 0.0, 0.0, 0.0], [0.0, 0.0, 0.0, 0.0, 0.0, 0.0, 0.0, 8.0, 10.0, 17.0, 22.0, 17.0, 12.0, 10.0, 0.0, 0.0, 0.0, 0.0, 0.0, 0.0], [0.0, 0.0, 0.0, 5.0, 7.0, 1.0, 0.0, 0.0, 0.0, 0.0, 0.0, 0.0, 2.0, 7.0, 7.0, 12.0, 18.0, 21.0, 11.0, 4.0], [0.0, 0.0, 0.0, 0.0, 0.0, 0.0, 0.0, 0.0, 0.0, 8.0, 9.0, 14.0, 16.0, 21.0, 11.0, 10.0, 3.0, 1.0, 0.0, 0.0], [0.0, 0.0, 0.0, 12.0, 12.0, 6.0, 5.0, 10.0, 8.0, 0.0, 0.0, 0.0, 0.0, 0.0, 0.0, 0.0, 5.0, 8.0, 18.0, 10.0], [0.0, 11.0, 14.0, 3.0, 1.0, 4.0, 5.0, 14.0, 16.0, 11.0, 10.0, 5.0, 0.0, 0.0, 0.0, 0.0, 0.0, 0.0, 0.0, 0.0], [2.0, 13.0, 10.0, 0.0, 2.0, 0.0, 1.0, 0.0, 0.0, 6.0, 1.0, 0.0, 5.0, 7.0, 17.0, 12.0, 6.0, 3.0, 8.0, 0.0], [0.0, 0.0, 0.0, 0.0, 0.0, 0.0, 0.0, 0.0, 1.0, 11.0, 12.0, 17.0, 22.0, 17.0, 10.0, 7.0, 1.0, 0.0, 0.0, 0.0], [0.0, 0.0, 0.0, 0.0, 0.0, 2.0, 3.0, 10.0, 11.0, 21.0, 16.0, 15.0, 10.0, 8.0, 0.0, 0.0, 0.0, 0.0, 0.0, 0.0], [0.0, 0.0, 0.0, 0.0, 0.0, 0.0, 0.0, 4.0, 5.0, 15.0, 16.0, 21.0, 16.0, 14.0, 4.0, 3.0, 0.0, 0.0, 0.0, 0.0], [12.0, 23.0, 26.0, 11.0, 9.0, 6.0, 5.0, 5.0, 3.0, 0.0, 0.0, 0.0, 0.0, 0.0, 0.0, 0.0, 0.0, 0.0, 0.0, 0.0], [16.0, 27.0, 24.0, 9.0, 7.0, 4.0, 3.0, 3.0, 1.0, 0.0, 0.0, 0.0, 0.0, 0.0, 0.0, 0.0, 0.0, 0.0, 0.0, 0.0], [0.0, 0.0, 0.0, 0.0, 0.0, 1.0, 0.0, 7.0, 5.0, 0.0, 1.0, 0.0, 0.0, 1.0, 8.0, 12.0, 19.0, 16.0, 6.0, 0.0]]]"
y_box,[0.0 0.0 13.0 0.0 0.0 0.0 0.0 0.0 0.0 -0.0 -0.0 -0.0 -0.0 -0.0 -0.0 -0.0 -0.0 -0.0 -0.0 -0.0; -0.0 -0.0 -0.0 -0.0 -0.0 -0.0 -0.0 -0.0 -0.0 0.0 0.0 -0.0 -0.0 -0.0 -0.0 -0.0 -0.0 -0.0 -0.0 -0.0; -0.0 -0.0 -0.0 -0.0 -0.0 -0.0 -0.0 -0.0 -0.0 -0.0 -0.0 0.0 0.0 0.0 -0.0 -0.0 -0.0 -0.0 -0.0 -0.0; -0.0 -0.0 -0.0 -0.0 -0.0 -0.0 -0.0 -0.0 -0.0 -0.0 -0.0 -0.0 -0.0 -0.0 0.0 12.0 19.0 21.0 18.0 10.0;;;]
evol_bb,"[[0.536, 3.12995133037e7]]"
y_bb,[0.0 0.0 13.0 0.0 0.0 0.0 0.0 0.0 0.0 -0.0 -0.0 -0.0 -0.0 -0.0 -0.0 -0.0 -0.0 -0.0 -0.0 -0.0; -0.0 -0.0 -0.0 -0.0 -0.0 -0.0 -0.0 -0.0 -0.0 0.0 0.0 -0.0 -0.0 -0.0 -0.0 -0.0 -0.0 -0.0 -0.0 -0.0; -0.0 -0.0 -0.0 -0.0 -0.0 -0.0 -0.0 -0.0 -0.0 -0.0 -0.0 0.0 0.0 0.0 -0.0 -0.0 -0.0 -0.0 -0.0 -0.0; -0.0 -0.0 -0.0 -0.0 -0.0 -0.0 -0.0 -0.0 -0.0 -0.0 -0.0 -0.0 -0.0 -0.0 0.0 12.0 19.0 21.0 18.0 10.0;;;]
evol_box,"[[0.463, 0.0], [2.086, 711369.6247035401], [2.201, 1.193135413000784e7], [2.208, 2.0788287697300047e7], [2.217, 2.3032299506538138e7], [2.226, 2.692960445671033e7], [2.235, 2.8110663303677745e7], [2.28, 2.8819298611858197e7], [2.315, 2.9527933920038648e7], [2.331, 3.000035745882561e7], [2.342, 3.0472780997612577e7], [2.351, 3.0945204536399543e7], [2.364, 3.1181416305793025e7], [2.374, 3.12995133037e7]]"
y_pb,[[-0.0 -0.0 13.0 -0.0 -0.0 -0.0 -0.0 -0.0 -0.0 -0.0 -0.0 -0.0 -0.0 -0.0 -0.0 -0.0 -0.0 -0.0 -0.0 -0.0; -0.0 -0.0 -0.0 -0.0 -0.0 -0.0 -0.0 -0.0 -0.0 -0.0 0.0 -0.0 -0.0 -0.0 -0.0 -0.0 -0.0 -0.0 -0.0 -0.0; -0.0 -0.0 -0.0 -0.0 -0.0 -0.0 -0.0 -0.0 -0.0 -0.0 -0.0 -0.0 -0.0 0.0 -0.0 -0.0 -0.0 -0.0 -0.0 -0.0; -0.0 -0.0 -0.0 -0.0 -0.0 -0.0 -0.0 -0.0 -0.0 -0.0 -0.0 -0.0 -0.0 -0.0 -0.0 12.0 19.0 21.0 18.0 10.0;;;]]
x_bb,"[13.0, 0.0, 0.0, 80.0]"
x_box,"[13.0, 0.0, 0.0, 80.0]"
evol_zeta,"[[1.732, 35.25], [2.2, 21.57142857142857], [2.206, 21.0], [2.215, 11.0], [2.225, 7.0], [2.234, 6.0], [2.278, 6.0], [2.314, 5.444444444444443], [2.33, 3.666666666666668], [2.34, 3.444444444444443], [2.349, 3.2222222222222214], [2.362, 1.8888888888888893], [2.373, 1.0], [2.378, 0.0]]"
ξ_box,[36.0; 27.0; 26.0; 12.0; 12.0; 6.0; 5.0; 14.0; 16.0; 21.0; 22.0; 21.0; 22.0; 21.0; 17.0; 12.0; 19.0; 21.0; 18.0; 10.0;;]
