first,second
s_box,[20.0; 0.0; 0.0; 0.0; 24.0; 22.0; 21.0; 21.0; 21.0; 22.0; 8.0; 6.0; 16.0; 16.0; 9.0; 7.0; 9.0; 10.0; 13.0; 18.0;;]
x_pb,"[75.0, -0.0, -0.0, 12.0]"
s_bb,[20.0; 0.0; 0.0; 0.0; 24.0; 22.0; 21.0; 21.0; 21.0; 22.0; 8.0; 6.0; 16.0; 16.0; 9.0; 7.0; 9.0; 10.0; 13.0; 18.0;;]
partition_bb,"[[[11.0, 21.0, 22.0, 25.0, 8.0, 0.0, 0.0, 0.0, 0.0, 0.0, 0.0, 0.0, 0.0, 0.0, 0.0, 0.0, 0.0, 0.0, 0.0, 0.0], [0.0, 0.0, 0.0, 0.0, 0.0, 2.0, 3.0, 5.0, 6.0, 22.0, 8.0, 6.0, 0.0, 1.0, 8.0, 7.0, 9.0, 10.0, 0.0, 0.0], [0.0, 0.0, 0.0, 0.0, 13.0, 22.0, 19.0, 18.0, 18.0, 2.0, 0.0, 0.0, 0.0, 0.0, 0.0, 0.0, 0.0, 0.0, 0.0, 0.0], [0.0, 4.0, 3.0, 0.0, 0.0, 0.0, 2.0, 0.0, 0.0, 3.0, 8.0, 6.0, 0.0, 1.0, 8.0, 7.0, 9.0, 5.0, 13.0, 18.0], [0.0, 0.0, 0.0, 0.0, 0.0, 0.0, 0.0, 2.0, 3.0, 0.0, 8.0, 6.0, 16.0, 13.0, 8.0, 7.0, 5.0, 0.0, 0.0, 0.0], [12.0, 0.0, 0.0, 0.0, 0.0, 0.0, 0.0, 0.0, 0.0, 0.0, 4.0, 6.0, 0.0, 3.0, 7.0, 7.0, 8.0, 22.0, 10.0, 9.0], [0.0, 5.0, 7.0, 7.0, 24.0, 15.0, 12.0, 11.0, 11.0, 0.0, 0.0, 0.0, 0.0, 0.0, 0.0, 0.0, 0.0, 0.0, 0.0, 0.0], [20.0, 8.0, 6.0, 6.0, 0.0, 0.0, 0.0, 0.0, 0.0, 0.0, 8.0, 6.0, 3.0, 6.0, 9.0, 7.0, 9.0, 0.0, 0.0, 0.0], [13.0, 25.0, 23.0, 21.0, 6.0, 0.0, 0.0, 0.0, 0.0, 0.0, 0.0, 0.0, 0.0, 0.0, 0.0, 0.0, 0.0, 0.0, 0.0, 0.0], [0.0, 2.0, 0.0, 3.0, 0.0, 0.0, 0.0, 0.0, 0.0, 0.0, 8.0, 6.0, 16.0, 16.0, 9.0, 7.0, 9.0, 0.0, 5.0, 0.0], [0.0, 0.0, 0.0, 0.0, 8.0, 17.0, 18.0, 20.0, 21.0, 5.0, 0.0, 0.0, 0.0, 0.0, 0.0, 0.0, 0.0, 0.0, 0.0, 0.0], [0.0, 0.0, 0.0, 0.0, 9.0, 18.0, 21.0, 19.0, 18.0, 2.0, 0.0, 0.0, 0.0, 0.0, 0.0, 0.0, 0.0, 0.0, 0.0, 0.0], [11.0, 23.0, 25.0, 22.0, 8.0, 0.0, 0.0, 0.0, 0.0, 0.0, 0.0, 0.0, 0.0, 0.0, 0.0, 0.0, 0.0, 0.0, 0.0, 0.0], [0.0, 0.0, 0.0, 0.0, 8.0, 17.0, 19.0, 21.0, 20.0, 4.0, 0.0, 0.0, 0.0, 0.0, 0.0, 0.0, 0.0, 0.0, 0.0, 0.0]]]"
y_box,[0.0 25.0 25.0 25.0 0.0 0.0 0.0 0.0 0.0 -0.0 -0.0 -0.0 -0.0 -0.0 -0.0 -0.0 -0.0 -0.0 -0.0 -0.0; -0.0 -0.0 -0.0 -0.0 -0.0 -0.0 -0.0 -0.0 -0.0 0.0 -0.0 -0.0 -0.0 -0.0 -0.0 -0.0 -0.0 -0.0 -0.0 -0.0; -0.0 -0.0 -0.0 -0.0 -0.0 -0.0 -0.0 -0.0 -0.0 -0.0 0.0 0.0 0.0 0.0 0.0 0.0 0.0 -0.0 -0.0 -0.0; -0.0 -0.0 -0.0 -0.0 -0.0 -0.0 -0.0 -0.0 -0.0 -0.0 -0.0 -0.0 -0.0 -0.0 -0.0 -0.0 -0.0 12.0 0.0 0.0;;;]
evol_bb,"[[1.035, 3.02081283694394e7]]"
y_bb,[0.0 25.0 25.0 25.0 0.0 0.0 0.0 0.0 0.0 -0.0 -0.0 -0.0 -0.0 -0.0 -0.0 -0.0 -0.0 -0.0 -0.0 -0.0; -0.0 -0.0 -0.0 -0.0 -0.0 -0.0 -0.0 -0.0 -0.0 0.0 -0.0 -0.0 -0.0 -0.0 -0.0 -0.0 -0.0 -0.0 -0.0 -0.0; -0.0 -0.0 -0.0 -0.0 -0.0 -0.0 -0.0 -0.0 -0.0 -0.0 0.0 0.0 0.0 0.0 0.0 0.0 0.0 -0.0 -0.0 -0.0; -0.0 -0.0 -0.0 -0.0 -0.0 -0.0 -0.0 -0.0 -0.0 -0.0 -0.0 -0.0 -0.0 -0.0 -0.0 -0.0 -0.0 12.0 0.0 0.0;;;]
evol_box,"[[0.649, 0.0], [2.929, 983.6353681758981], [3.064, 9.993429823284123e6], [3.109, 1.7573954343394853e7], [3.12, 2.2972206653170675e7], [3.133, 2.4350478638491273e7], [3.182, 2.5613899391843062e7], [3.194, 2.74516023058093e7], [3.23, 2.8485310194915306e7], [3.267, 2.905957230136042e7], [3.309, 2.9633854461974874e7], [3.34, 2.9863567326220654e7], [3.369, 3.009327193731651e7], [3.427, 3.02081283694394e7]]"
y_pb,[[-0.0 24.999999999999996 24.999999999999996 24.999999999999996 -0.0 -0.0 -0.0 -0.0 -0.0 -0.0 -0.0 -0.0 -0.0 -0.0 -0.0 -0.0 -0.0 -0.0 -0.0 -0.0; -0.0 -0.0 -0.0 -0.0 -0.0 -0.0 -0.0 -0.0 -0.0 -0.0 -0.0 0.0 -0.0 -0.0 -0.0 -0.0 -0.0 -0.0 -0.0 -0.0; -0.0 -0.0 -0.0 -0.0 -0.0 -0.0 -0.0 -0.0 -0.0 -0.0 -0.0 -0.0 -0.0 0.0 -0.0 -0.0 -0.0 -0.0 -0.0 -0.0; -0.0 -0.0 -0.0 -0.0 -0.0 -0.0 -0.0 -0.0 -0.0 -0.0 -0.0 -0.0 -0.0 -0.0 -0.0 -0.0 -0.0 12.0 -0.0 -0.0;;;]]
x_bb,"[75.0, 0.0, 0.0, 12.0]"
x_box,"[75.0, 0.0, 0.0, 12.0]"
evol_zeta,"[[2.432, 25.0], [3.062, 22.0], [3.107, 19.166666666666664], [3.118, 18.0], [3.131, 12.0], [3.18, 10.375], [3.192, 9.0], [3.227, 9.0], [3.265, 3.8000000000000007], [3.308, 2.6666666666666643], [3.339, 2.0], [3.367, 1.6000000000000014], [3.424, 0.6666666666666643], [3.44, 0.0]]"
ξ_box,[20.0; 25.0; 25.0; 25.0; 24.0; 22.0; 21.0; 21.0; 21.0; 22.0; 8.0; 6.0; 16.0; 16.0; 9.0; 7.0; 9.0; 22.0; 13.0; 18.0;;]
