first,second
s_box,[32.0; 28.0; 31.0; 27.0; 25.0; 22.0; 9.0; 6.0; 11.0; 0.0; 0.0; 12.0; 22.0; 23.0; 0.0; 0.0; 0.0; 5.0; 17.0; 18.0;;]
x_pb,"[-0.0, -0.0, 46.0, 63.0]"
s_bb,[32.0; 28.0; 31.0; 27.0; 25.0; 22.0; 9.0; 6.0; 11.0; 0.0; 0.0; 12.0; 22.0; 23.0; 0.0; 0.0; 0.0; 5.0; 17.0; 18.0;;]
partition_bb,"[[[32.0, 28.0, 14.0, 10.0, 9.0, 5.0, 2.0, 5.0, 0.0, 0.0, 0.0, 0.0, 0.0, 0.0, 0.0, 0.0, 0.0, 5.0, 0.0, 0.0], [0.0, 0.0, 0.0, 0.0, 0.0, 0.0, 0.0, 0.0, 0.0, 5.0, 10.0, 12.0, 13.0, 18.0, 21.0, 24.0, 9.0, 0.0, 0.0, 0.0], [18.0, 14.0, 0.0, 0.0, 0.0, 0.0, 0.0, 1.0, 6.0, 12.0, 3.0, 4.0, 7.0, 6.0, 0.0, 0.0, 0.0, 5.0, 17.0, 18.0], [4.0, 0.0, 2.0, 14.0, 19.0, 22.0, 9.0, 6.0, 6.0, 4.0, 0.0, 0.0, 0.0, 5.0, 8.0, 11.0, 0.0, 0.0, 0.0, 0.0], [13.0, 17.0, 31.0, 19.0, 14.0, 10.0, 4.0, 3.0, 0.0, 0.0, 0.0, 0.0, 0.0, 0.0, 0.0, 0.0, 0.0, 0.0, 0.0, 0.0], [0.0, 0.0, 0.0, 0.0, 0.0, 0.0, 1.0, 2.0, 7.0, 13.0, 22.0, 20.0, 18.0, 12.0, 11.0, 8.0, 0.0, 0.0, 0.0, 0.0], [5.0, 9.0, 15.0, 27.0, 22.0, 18.0, 8.0, 5.0, 5.0, 0.0, 0.0, 0.0, 0.0, 0.0, 0.0, 0.0, 0.0, 0.0, 0.0, 0.0], [24.0, 20.0, 6.0, 2.0, 0.0, 0.0, 9.0, 6.0, 11.0, 5.0, 0.0, 0.0, 0.0, 0.0, 1.0, 4.0, 16.0, 5.0, 0.0, 0.0], [0.0, 0.0, 0.0, 0.0, 0.0, 0.0, 0.0, 0.0, 4.0, 10.0, 13.0, 15.0, 16.0, 23.0, 17.0, 17.0, 2.0, 0.0, 0.0, 0.0], [0.0, 0.0, 0.0, 0.0, 0.0, 0.0, 0.0, 0.0, 3.0, 9.0, 18.0, 19.0, 22.0, 15.0, 14.0, 11.0, 1.0, 0.0, 0.0, 0.0], [0.0, 4.0, 8.0, 20.0, 25.0, 21.0, 9.0, 6.0, 6.0, 3.0, 0.0, 0.0, 0.0, 0.0, 0.0, 0.0, 7.0, 0.0, 0.0, 0.0], [0.0, 0.0, 0.0, 0.0, 0.0, 0.0, 0.0, 0.0, 0.0, 4.0, 12.0, 14.0, 15.0, 17.0, 23.0, 20.0, 8.0, 0.0, 0.0, 0.0], [0.0, 0.0, 0.0, 0.0, 0.0, 0.0, 0.0, 1.0, 6.0, 12.0, 20.0, 22.0, 19.0, 14.0, 13.0, 10.0, 0.0, 0.0, 0.0, 0.0], [0.0, 0.0, 0.0, 0.0, 0.0, 0.0, 2.0, 3.0, 8.0, 14.0, 9.0, 11.0, 9.0, 7.0, 7.0, 4.0, 0.0, 0.0, 0.0, 0.0]]]"
y_box,[0.0 0.0 0.0 0.0 -0.0 -0.0 -0.0 -0.0 -0.0 -0.0 -0.0 -0.0 -0.0 -0.0 -0.0 -0.0 -0.0 -0.0 -0.0 -0.0; -0.0 -0.0 -0.0 -0.0 -0.0 -0.0 -0.0 -0.0 -0.0 -0.0 -0.0 -0.0 -0.0 -0.0 -0.0 -0.0 -0.0 -0.0 -0.0 -0.0; -0.0 -0.0 -0.0 -0.0 0.0 0.0 0.0 0.0 0.0 14.0 22.0 10.0 0.0 -0.0 -0.0 -0.0 -0.0 -0.0 -0.0 -0.0; -0.0 -0.0 -0.0 -0.0 -0.0 -0.0 -0.0 -0.0 -0.0 -0.0 -0.0 -0.0 -0.0 0.0 23.0 24.0 16.0 0.0 0.0 0.0;;;]
evol_bb,"[[0.476, 3.449035022841368e7]]"
y_bb,[0.0 0.0 0.0 0.0 -0.0 -0.0 -0.0 -0.0 -0.0 -0.0 -0.0 -0.0 -0.0 -0.0 -0.0 -0.0 -0.0 -0.0 -0.0 -0.0; -0.0 -0.0 -0.0 -0.0 -0.0 -0.0 -0.0 -0.0 -0.0 -0.0 -0.0 -0.0 -0.0 -0.0 -0.0 -0.0 -0.0 -0.0 -0.0 -0.0; -0.0 -0.0 -0.0 -0.0 0.0 0.0 0.0 0.0 0.0 14.0 22.0 10.0 0.0 -0.0 -0.0 -0.0 -0.0 -0.0 -0.0 -0.0; -0.0 -0.0 -0.0 -0.0 -0.0 -0.0 -0.0 -0.0 -0.0 -0.0 -0.0 -0.0 -0.0 0.0 23.0 24.0 16.0 0.0 0.0 0.0;;;]
evol_box,"[[0.414, 0.0], [2.003, 122431.52924983141], [2.086, 1.3533564549140893e7], [2.092, 1.904222693359731e7], [2.101, 2.5269361880648833e7], [2.112, 2.75446862531285e7], [2.132, 3.0897750910202418e7], [2.145, 3.18557822249307e7], [2.16, 3.2454551796635877e7], [2.171, 3.2933567454000015e7], [2.185, 3.3412583111364156e7], [2.197, 3.377184485438726e7], [2.217, 3.401134504374911e7], [2.227, 3.425085287243118e7], [2.239, 3.437060592890784e7], [2.251, 3.449035022841368e7]]"
y_pb,[[-0.0 0.0 -0.0 -0.0 -0.0 -0.0 -0.0 -0.0 -0.0 -0.0 -0.0 -0.0 -0.0 -0.0 -0.0 -0.0 -0.0 -0.0 -0.0 -0.0; -0.0 -0.0 -0.0 -0.0 -0.0 0.0 -0.0 -0.0 -0.0 -0.0 -0.0 -0.0 -0.0 -0.0 -0.0 -0.0 -0.0 -0.0 -0.0 -0.0; -0.0 -0.0 -0.0 -0.0 -0.0 -0.0 -0.0 -0.0 -0.0 14.0 22.0 10.0 -0.0 -0.0 -0.0 -0.0 -0.0 -0.0 -0.0 -0.0; -0.0 -0.0 -0.0 -0.0 -0.0 -0.0 -0.0 -0.0 -0.0 -0.0 -0.0 -0.0 -0.0 -0.0 23.0 24.0 16.0 -0.0 -0.0 -0.0;;;]]
x_bb,"[0.0, 0.0, 46.0, 63.0]"
x_box,"[0.0, 0.0, 46.0, 63.0]"
evol_zeta,"[[1.653, 32.0], [2.085, 23.625], [2.091, 18.0], [2.1, 17.0], [2.11, 16.750000000000007], [2.131, 11.500000000000032], [2.144, 7.444444444444443], [2.159, 4.111111111111111], [2.169, 4.0], [2.183, 3.666666666666668], [2.196, 3.0], [2.216, 1.4999999999999996], [2.225, 1.1111111111111107], [2.237, 1.0000000002000036], [2.249, 1.0000000002000036], [2.258, 0.0]]"
ξ_box,[32.0; 28.0; 31.0; 27.0; 25.0; 22.0; 9.0; 6.0; 11.0; 14.0; 22.0; 22.0; 22.0; 23.0; 23.0; 24.0; 16.0; 5.0; 17.0; 18.0;;]
