first,second
s_box,[20.0; 0.0; 0.0; 11.0; 20.0; 26.0; 26.0; 26.0; 25.0; 25.0; 25.0; 17.0; 25.0; 0.0; 0.0; 0.0; 0.0; 0.0; 17.0; 10.0;;]
x_pb,"[42.0, -0.0, 54.0, 3.0]"
s_bb,[20.0; 0.0; 0.0; 11.0; 20.0; 26.0; 26.0; 26.0; 25.0; 25.0; 25.0; 17.0; 25.0; 0.0; 0.0; 0.0; 0.0; 0.0; 17.0; 10.0;;]
partition_bb,"[[[3.0, 6.0, 7.0, 11.0, 20.0, 26.0, 22.0, 3.0, 2.0, 0.0, 0.0, 0.0, 0.0, 0.0, 0.0, 0.0, 0.0, 0.0, 0.0, 0.0], [0.0, 0.0, 1.0, 0.0, 6.0, 0.0, 0.0, 0.0, 0.0, 1.0, 2.0, 15.0, 25.0, 19.0, 15.0, 6.0, 6.0, 3.0, 0.0, 0.0], [0.0, 0.0, 0.0, 0.0, 0.0, 0.0, 2.0, 21.0, 23.0, 25.0, 23.0, 7.0, 1.0, 0.0, 0.0, 0.0, 0.0, 0.0, 0.0, 0.0], [4.0, 1.0, 0.0, 4.0, 0.0, 6.0, 0.0, 11.0, 13.0, 15.0, 13.0, 0.0, 0.0, 0.0, 0.0, 4.0, 0.0, 3.0, 17.0, 10.0], [20.0, 17.0, 16.0, 12.0, 17.0, 11.0, 7.0, 0.0, 0.0, 0.0, 0.0, 0.0, 0.0, 0.0, 0.0, 0.0, 0.0, 0.0, 0.0, 0.0], [12.0, 15.0, 16.0, 20.0, 11.0, 5.0, 4.0, 0.0, 0.0, 0.0, 2.0, 0.0, 0.0, 0.0, 0.0, 0.0, 0.0, 0.0, 0.0, 0.0], [2.0, 5.0, 6.0, 9.0, 0.0, 0.0, 8.0, 0.0, 0.0, 0.0, 0.0, 0.0, 10.0, 12.0, 15.0, 12.0, 8.0, 3.0, 9.0, 0.0], [0.0, 0.0, 0.0, 0.0, 0.0, 0.0, 7.0, 26.0, 24.0, 22.0, 21.0, 4.0, 0.0, 0.0, 0.0, 0.0, 0.0, 0.0, 0.0, 0.0], [2.0, 5.0, 6.0, 10.0, 16.0, 18.0, 26.0, 7.0, 5.0, 3.0, 2.0, 0.0, 0.0, 0.0, 0.0, 0.0, 0.0, 0.0, 0.0, 0.0], [0.0, 0.0, 0.0, 0.0, 0.0, 0.0, 0.0, 13.0, 15.0, 16.0, 18.0, 17.0, 7.0, 5.0, 1.0, 4.0, 0.0, 3.0, 1.0, 0.0], [0.0, 0.0, 0.0, 0.0, 0.0, 0.0, 1.0, 20.0, 22.0, 23.0, 25.0, 8.0, 2.0, 0.0, 0.0, 0.0, 0.0, 0.0, 0.0, 0.0], [0.0, 0.0, 0.0, 0.0, 0.0, 0.0, 4.0, 23.0, 25.0, 23.0, 22.0, 5.0, 0.0, 0.0, 0.0, 0.0, 0.0, 0.0, 0.0, 0.0]]]"
y_box,[0.0 17.0 16.0 9.0 0.0 0.0 0.0 0.0 0.0 0.0 0.0 -0.0 -0.0 -0.0 -0.0 -0.0 -0.0 -0.0 -0.0 -0.0; -0.0 -0.0 -0.0 -0.0 -0.0 -0.0 -0.0 -0.0 -0.0 -0.0 -0.0 0.0 -0.0 -0.0 -0.0 -0.0 -0.0 -0.0 -0.0 -0.0; -0.0 -0.0 -0.0 -0.0 -0.0 -0.0 -0.0 -0.0 -0.0 -0.0 -0.0 -0.0 0.0 19.0 15.0 12.0 8.0 -0.0 -0.0 -0.0; -0.0 -0.0 -0.0 -0.0 -0.0 -0.0 -0.0 -0.0 -0.0 -0.0 -0.0 -0.0 -0.0 -0.0 -0.0 -0.0 -0.0 3.0 0.0 0.0;;;]
evol_bb,"[[0.724, 3.0724301776407894e7]]"
y_bb,[0.0 17.0 16.0 9.0 0.0 0.0 0.0 0.0 0.0 0.0 0.0 -0.0 -0.0 -0.0 -0.0 -0.0 -0.0 -0.0 -0.0 -0.0; -0.0 -0.0 -0.0 -0.0 -0.0 -0.0 -0.0 -0.0 -0.0 -0.0 -0.0 0.0 -0.0 -0.0 -0.0 -0.0 -0.0 -0.0 -0.0 -0.0; -0.0 -0.0 -0.0 -0.0 -0.0 -0.0 -0.0 -0.0 -0.0 -0.0 -0.0 -0.0 0.0 19.0 15.0 12.0 8.0 -0.0 -0.0 -0.0; -0.0 -0.0 -0.0 -0.0 -0.0 -0.0 -0.0 -0.0 -0.0 -0.0 -0.0 -0.0 -0.0 -0.0 -0.0 -0.0 -0.0 3.0 0.0 0.0;;;]
evol_box,"[[0.408, 0.0], [2.021, 114794.15693613364], [2.148, 1.0467494820579723e7], [2.197, 1.9920760922832426e7], [2.203, 2.3071800206326623e7], [2.21, 2.7348217504632324e7], [2.263, 2.8248525697896514e7], [2.31, 2.903621854386277e7], [2.355, 2.971145183688082e7], [2.404, 3.0161607365559522e7], [2.467, 3.0386685129898872e7], [2.515, 3.0611762894238222e7], [2.526, 3.0724301776407894e7]]"
y_pb,[[-0.0 17.0 16.0 9.0 -0.0 -0.0 -0.0 -0.0 -0.0 -0.0 -0.0 -0.0 -0.0 -0.0 -0.0 -0.0 -0.0 -0.0 -0.0 -0.0; -0.0 -0.0 -0.0 -0.0 -0.0 -0.0 -0.0 -0.0 -0.0 -0.0 -0.0 0.0 -0.0 -0.0 -0.0 -0.0 -0.0 -0.0 -0.0 -0.0; -0.0 -0.0 -0.0 -0.0 -0.0 -0.0 -0.0 -0.0 -0.0 -0.0 -0.0 -0.0 -0.0 19.0 15.0 12.0 8.0 -0.0 -0.0 -0.0; -0.0 -0.0 -0.0 -0.0 -0.0 -0.0 -0.0 -0.0 -0.0 -0.0 -0.0 -0.0 -0.0 -0.0 -0.0 -0.0 -0.0 3.0 -0.0 -0.0;;;]]
x_bb,"[42.0, 0.0, 54.0, 3.0]"
x_box,"[42.0, 0.0, 54.0, 3.0]"
evol_zeta,"[[1.674, 26.0], [2.146, 25.0], [2.195, 23.571428571428573], [2.202, 17.0], [2.208, 16.0], [2.262, 8.0], [2.308, 5.000000000600011], [2.353, 4.166666666666664], [2.402, 3.9090909090909065], [2.465, 2.0], [2.513, 1.7142857142857117], [2.525, 0.4999999999999957], [2.537, 0.0]]"
ξ_box,[20.0; 17.0; 16.0; 20.0; 20.0; 26.0; 26.0; 26.0; 25.0; 25.0; 25.0; 17.0; 25.0; 19.0; 15.0; 12.0; 8.0; 3.0; 17.0; 10.0;;]
