first,second
s_box,[34.0; 33.0; 30.0; 24.0; 27.0; 30.0; 29.0; 28.0; 28.0; 28.0; 29.0; 29.0; 29.0; 0.0; 0.0; 29.0; 21.0; 0.0; 0.0; 37.0;;]
x_pb,"[-0.0, -0.0, 57.99999999999999, 69.0]"
s_bb,[34.0; 33.0; 30.0; 24.0; 27.0; 30.0; 29.0; 28.0; 28.0; 28.0; 29.0; 29.0; 29.0; 0.0; 0.0; 29.0; 21.0; 0.0; 0.0; 37.0;;]
partition_bb,"[[[0.0, 0.0, 0.0, 0.0, 0.0, 0.0, 0.0, 0.0, 0.0, 0.0, 0.0, 0.0, 0.0, 1.0, 6.0, 17.0, 22.0, 24.0, 24.0, 37.0], [34.0, 32.0, 25.0, 20.0, 17.0, 4.0, 0.0, 0.0, 0.0, 0.0, 0.0, 0.0, 0.0, 0.0, 0.0, 0.0, 0.0, 0.0, 0.0, 0.0], [0.0, 0.0, 4.0, 9.0, 12.0, 25.0, 29.0, 21.0, 14.0, 9.0, 4.0, 0.0, 0.0, 0.0, 0.0, 0.0, 0.0, 0.0, 0.0, 0.0], [0.0, 0.0, 0.0, 0.0, 0.0, 0.0, 0.0, 0.0, 6.0, 11.0, 12.0, 23.0, 29.0, 24.0, 19.0, 5.0, 2.0, 0.0, 0.0, 0.0], [0.0, 0.0, 0.0, 0.0, 0.0, 0.0, 4.0, 12.0, 19.0, 24.0, 29.0, 18.0, 12.0, 9.0, 4.0, 0.0, 0.0, 0.0, 0.0, 0.0], [0.0, 0.0, 0.0, 0.0, 0.0, 0.0, 0.0, 0.0, 0.0, 0.0, 0.0, 1.0, 5.0, 10.0, 15.0, 29.0, 24.0, 22.0, 17.0, 9.0], [10.0, 11.0, 15.0, 24.0, 27.0, 15.0, 11.0, 7.0, 5.0, 3.0, 0.0, 0.0, 0.0, 0.0, 0.0, 0.0, 0.0, 0.0, 0.0, 0.0], [0.0, 0.0, 0.0, 0.0, 0.0, 0.0, 0.0, 0.0, 0.0, 1.0, 4.0, 15.0, 19.0, 24.0, 29.0, 15.0, 12.0, 10.0, 3.0, 0.0], [0.0, 0.0, 0.0, 3.0, 6.0, 9.0, 13.0, 21.0, 28.0, 23.0, 18.0, 9.0, 5.0, 0.0, 0.0, 0.0, 0.0, 0.0, 0.0, 0.0], [0.0, 0.0, 0.0, 0.0, 0.0, 0.0, 0.0, 0.0, 0.0, 0.0, 0.0, 0.0, 0.0, 2.0, 7.0, 21.0, 24.0, 26.0, 33.0, 20.0], [0.0, 0.0, 0.0, 5.0, 8.0, 16.0, 20.0, 28.0, 21.0, 16.0, 11.0, 2.0, 0.0, 0.0, 0.0, 0.0, 0.0, 0.0, 0.0, 0.0], [0.0, 0.0, 0.0, 0.0, 0.0, 0.0, 0.0, 3.0, 10.0, 15.0, 18.0, 29.0, 23.0, 20.0, 15.0, 1.0, 0.0, 0.0, 0.0, 0.0], [21.0, 22.0, 30.0, 20.0, 18.0, 9.0, 5.0, 2.0, 0.0, 0.0, 0.0, 0.0, 0.0, 0.0, 0.0, 0.0, 0.0, 0.0, 0.0, 0.0], [0.0, 1.0, 9.0, 14.0, 17.0, 30.0, 26.0, 18.0, 11.0, 6.0, 1.0, 0.0, 0.0, 0.0, 0.0, 0.0, 0.0, 0.0, 0.0, 0.0], [0.0, 0.0, 0.0, 0.0, 0.0, 0.0, 0.0, 0.0, 1.0, 6.0, 9.0, 20.0, 24.0, 29.0, 24.0, 10.0, 7.0, 5.0, 0.0, 0.0], [0.0, 0.0, 0.0, 0.0, 0.0, 0.0, 0.0, 0.0, 0.0, 0.0, 0.0, 0.0, 1.0, 6.0, 11.0, 23.0, 28.0, 26.0, 19.0, 13.0], [0.0, 0.0, 0.0, 2.0, 4.0, 4.0, 8.0, 16.0, 23.0, 28.0, 23.0, 14.0, 10.0, 5.0, 0.0, 0.0, 0.0, 0.0, 0.0, 0.0], [0.0, 0.0, 0.0, 0.0, 0.0, 0.0, 0.0, 0.0, 0.0, 0.0, 0.0, 0.0, 0.0, 5.0, 10.0, 22.0, 27.0, 29.0, 22.0, 16.0], [31.0, 33.0, 25.0, 20.0, 17.0, 4.0, 0.0, 0.0, 0.0, 0.0, 0.0, 0.0, 0.0, 0.0, 0.0, 0.0, 0.0, 0.0, 0.0, 0.0]]]"
y_box,[0.0 0.0 0.0 0.0 0.0 0.0 0.0 0.0 -0.0 -0.0 -0.0 -0.0 -0.0 -0.0 -0.0 -0.0 -0.0 -0.0 -0.0 -0.0; -0.0 -0.0 -0.0 -0.0 -0.0 -0.0 -0.0 -0.0 0.0 0.0 -0.0 -0.0 -0.0 -0.0 -0.0 -0.0 -0.0 -0.0 -0.0 -0.0; -0.0 -0.0 -0.0 -0.0 -0.0 -0.0 -0.0 -0.0 -0.0 -0.0 0.0 0.0 0.0 29.0 29.0 -0.0 -0.0 -0.0 -0.0 -0.0; -0.0 -0.0 -0.0 -0.0 -0.0 -0.0 -0.0 -0.0 -0.0 -0.0 -0.0 -0.0 -0.0 -0.0 -0.0 0.0 7.0 29.0 33.0 0.0;;;]
evol_bb,"[[0.789, 5.534366370959462e7]]"
y_bb,[0.0 0.0 0.0 0.0 0.0 0.0 0.0 0.0 -0.0 -0.0 -0.0 -0.0 -0.0 -0.0 -0.0 -0.0 -0.0 -0.0 -0.0 -0.0; -0.0 -0.0 -0.0 -0.0 -0.0 -0.0 -0.0 -0.0 0.0 0.0 -0.0 -0.0 -0.0 -0.0 -0.0 -0.0 -0.0 -0.0 -0.0 -0.0; -0.0 -0.0 -0.0 -0.0 -0.0 -0.0 -0.0 -0.0 -0.0 -0.0 0.0 0.0 0.0 29.0 29.0 -0.0 -0.0 -0.0 -0.0 -0.0; -0.0 -0.0 -0.0 -0.0 -0.0 -0.0 -0.0 -0.0 -0.0 -0.0 -0.0 -0.0 -0.0 -0.0 -0.0 0.0 7.0 29.0 33.0 0.0;;;]
evol_box,"[[0.56, 0.0], [2.218, 477387.7416133616], [2.305, 1.6187587350902338e7], [2.349, 2.785123429343279e7], [2.385, 3.951459412516188e7], [2.417, 4.368018231892275e7], [2.443, 4.534641086336261e7], [2.472, 4.7012646140866965e7], [2.498, 4.820273660069106e7], [2.53, 4.927388785051528e7], [2.555, 5.058300097822167e7], [2.583, 5.141611861697385e7], [2.611, 5.213021945019e7], [2.644, 5.272530347787012e7], [2.68, 5.332038750555024e7], [2.71, 5.391546656077795e7], [2.761, 5.439153378292205e7], [2.785, 5.486760100506616e7], [2.812, 5.5224646904058605e7], [2.838, 5.534366370959462e7]]"
y_pb,[[-0.0 -0.0 -0.0 0.0 -0.0 -0.0 -0.0 -0.0 -0.0 -0.0 -0.0 -0.0 -0.0 -0.0 -0.0 -0.0 -0.0 -0.0 -0.0 -0.0; -0.0 -0.0 -0.0 -0.0 0.0 -0.0 -0.0 -0.0 -0.0 -0.0 -0.0 -0.0 -0.0 -0.0 -0.0 -0.0 -0.0 -0.0 -0.0 -0.0; -0.0 -0.0 -0.0 -0.0 -0.0 -0.0 -0.0 -0.0 -0.0 -0.0 -0.0 -0.0 -0.0 28.999999999999996 28.999999999999996 -0.0 -0.0 -0.0 -0.0 -0.0; -0.0 -0.0 -0.0 -0.0 -0.0 -0.0 -0.0 -0.0 -0.0 -0.0 -0.0 -0.0 -0.0 -0.0 -0.0 -0.0 7.0 28.999999999999996 33.0 -0.0;;;]]
x_bb,"[0.0, 0.0, 58.0, 69.0]"
x_box,"[0.0, 0.0, 58.0, 69.0]"
evol_zeta,"[[1.885, 36.42857142857143], [2.304, 33.16666666666667], [2.347, 29.0], [2.384, 28.55555555555555], [2.416, 16.555555555555557], [2.441, 11.444444444444446], [2.471, 10.0], [2.497, 9.5], [2.528, 8.200000000000003], [2.554, 8.142857142857139], [2.581, 7.0], [2.609, 5.222222222222221], [2.643, 5.0], [2.679, 4.399999999999999], [2.709, 4.200000000000003], [2.76, 3.9999999999999845], [2.784, 3.0909090909090935], [2.81, 2.4285714285714306], [2.836, 0.5], [2.863, 0.0]]"
ξ_box,[34.0; 33.0; 30.0; 24.0; 27.0; 30.0; 29.0; 28.0; 28.0; 28.0; 29.0; 29.0; 29.0; 29.0; 29.0; 29.0; 28.0; 29.0; 33.0; 37.0;;]
