first,second
s_box,[36.0; 27.0; 25.0; 25.0; 25.0; 23.0; 27.0; 27.0; 28.0; 12.0; 6.0; 7.0; 14.0; 17.0; 0.0; 23.0; 0.0; 0.0; 0.0; 32.0;;]
x_pb,"[-0.0, -0.0, 17.0, 78.0]"
s_bb,[36.0; 27.0; 25.0; 25.0; 25.0; 23.0; 27.0; 27.0; 28.0; 12.0; 6.0; 7.0; 14.0; 17.0; 0.0; 23.0; 0.0; 0.0; 0.0; 32.0;;]
partition_bb,"[[[36.0, 21.0, 17.0, 14.0, 9.0, 0.0, 0.0, 0.0, 0.0, 0.0, 0.0, 0.0, 0.0, 0.0, 0.0, 0.0, 0.0, 0.0, 0.0, 0.0], [0.0, 0.0, 0.0, 0.0, 0.0, 0.0, 0.0, 0.0, 0.0, 0.0, 0.0, 0.0, 0.0, 0.0, 6.0, 9.0, 9.0, 19.0, 23.0, 32.0], [0.0, 0.0, 0.0, 0.0, 0.0, 9.0, 18.0, 25.0, 28.0, 11.0, 5.0, 4.0, 0.0, 0.0, 0.0, 0.0, 0.0, 0.0, 0.0, 0.0], [19.0, 4.0, 0.0, 0.0, 0.0, 0.0, 0.0, 0.0, 0.0, 0.0, 6.0, 7.0, 10.0, 17.0, 9.0, 8.0, 5.0, 0.0, 0.0, 9.0], [0.0, 13.0, 17.0, 20.0, 25.0, 16.0, 7.0, 0.0, 0.0, 0.0, 0.0, 0.0, 0.0, 0.0, 0.0, 0.0, 0.0, 0.0, 0.0, 0.0], [0.0, 0.0, 0.0, 0.0, 0.0, 0.0, 0.0, 0.0, 0.0, 0.0, 1.0, 1.0, 8.0, 12.0, 13.0, 20.0, 24.0, 12.0, 10.0, 1.0], [0.0, 0.0, 1.0, 4.0, 9.0, 18.0, 27.0, 20.0, 17.0, 4.0, 0.0, 0.0, 0.0, 0.0, 0.0, 0.0, 0.0, 0.0, 0.0, 0.0], [6.0, 19.0, 25.0, 22.0, 17.0, 8.0, 0.0, 0.0, 0.0, 0.0, 0.0, 0.0, 0.0, 0.0, 0.0, 0.0, 0.0, 0.0, 0.0, 0.0], [0.0, 0.0, 0.0, 0.0, 0.0, 0.0, 0.0, 0.0, 0.0, 0.0, 0.0, 0.0, 0.0, 5.0, 13.0, 14.0, 14.0, 26.0, 15.0, 13.0], [12.0, 27.0, 21.0, 18.0, 15.0, 6.0, 0.0, 0.0, 0.0, 0.0, 0.0, 0.0, 0.0, 0.0, 0.0, 0.0, 0.0, 0.0, 0.0, 0.0], [15.0, 2.0, 6.0, 9.0, 14.0, 23.0, 14.0, 7.0, 4.0, 0.0, 0.0, 0.0, 0.0, 0.0, 0.0, 0.0, 0.0, 1.0, 0.0, 0.0], [0.0, 0.0, 0.0, 0.0, 0.0, 0.0, 0.0, 0.0, 0.0, 0.0, 0.0, 0.0, 0.0, 3.0, 4.0, 11.0, 14.0, 17.0, 28.0, 19.0], [0.0, 0.0, 0.0, 0.0, 0.0, 9.0, 7.0, 0.0, 0.0, 12.0, 6.0, 7.0, 14.0, 9.0, 7.0, 0.0, 0.0, 0.0, 0.0, 0.0], [0.0, 0.0, 0.0, 0.0, 0.0, 0.0, 6.0, 13.0, 16.0, 0.0, 6.0, 7.0, 2.0, 9.0, 17.0, 10.0, 6.0, 4.0, 0.0, 0.0], [0.0, 0.0, 0.0, 0.0, 0.0, 0.0, 0.0, 0.0, 0.0, 0.0, 0.0, 1.0, 7.0, 14.0, 16.0, 23.0, 19.0, 11.0, 6.0, 0.0], [3.0, 16.0, 22.0, 25.0, 20.0, 11.0, 2.0, 0.0, 0.0, 0.0, 0.0, 0.0, 0.0, 0.0, 0.0, 0.0, 0.0, 0.0, 0.0, 0.0], [0.0, 0.0, 0.0, 0.0, 2.0, 11.0, 20.0, 27.0, 24.0, 9.0, 3.0, 2.0, 0.0, 0.0, 0.0, 0.0, 0.0, 0.0, 0.0, 0.0]]]"
y_box,[0.0 0.0 0.0 0.0 0.0 0.0 0.0 0.0 0.0 0.0 0.0 0.0 -0.0 -0.0 -0.0 -0.0 -0.0 -0.0 -0.0 -0.0; -0.0 -0.0 -0.0 -0.0 -0.0 -0.0 -0.0 -0.0 -0.0 -0.0 -0.0 -0.0 -0.0 -0.0 -0.0 -0.0 -0.0 -0.0 -0.0 -0.0; -0.0 -0.0 -0.0 -0.0 -0.0 -0.0 -0.0 -0.0 -0.0 -0.0 -0.0 -0.0 0.0 0.0 17.0 0.0 -0.0 -0.0 -0.0 -0.0; -0.0 -0.0 -0.0 -0.0 -0.0 -0.0 -0.0 -0.0 -0.0 -0.0 -0.0 -0.0 -0.0 -0.0 -0.0 -0.0 24.0 26.0 28.0 0.0;;;]
evol_bb,"[[0.65, 4.2557443997490816e7]]"
y_bb,[0.0 0.0 0.0 0.0 0.0 0.0 0.0 0.0 0.0 0.0 0.0 0.0 -0.0 -0.0 -0.0 -0.0 -0.0 -0.0 -0.0 -0.0; -0.0 -0.0 -0.0 -0.0 -0.0 -0.0 -0.0 -0.0 -0.0 -0.0 -0.0 -0.0 -0.0 -0.0 -0.0 -0.0 -0.0 -0.0 -0.0 -0.0; -0.0 -0.0 -0.0 -0.0 -0.0 -0.0 -0.0 -0.0 -0.0 -0.0 -0.0 -0.0 0.0 0.0 17.0 0.0 -0.0 -0.0 -0.0 -0.0; -0.0 -0.0 -0.0 -0.0 -0.0 -0.0 -0.0 -0.0 -0.0 -0.0 -0.0 -0.0 -0.0 -0.0 -0.0 -0.0 24.0 26.0 28.0 0.0;;;]
evol_box,"[[0.483, 0.0], [2.462, 244912.80613977442], [2.558, 1.202267876906783e7], [2.581, 2.4044325910786808e7], [2.597, 2.7891240284458824e7], [2.623, 3.137751795555733e7], [2.641, 3.498391776516255e7], [2.658, 3.630629895075164e7], [2.681, 3.750846366492354e7], [2.698, 3.83498907545503e7], [2.716, 3.907118958305344e7], [2.737, 3.991270488297377e7], [2.763, 4.051377022290231e7], [2.778, 4.147549575473611e7], [2.793, 4.1836145168987684e7], [2.809, 4.219679458323925e7], [2.836, 4.243722752607363e7], [2.846, 4.2557443997490816e7]]"
y_pb,[[-0.0 -0.0 -0.0 -0.0 -0.0 -0.0 -0.0 -0.0 -0.0 0.0 -0.0 -0.0 -0.0 -0.0 -0.0 -0.0 -0.0 -0.0 -0.0 -0.0; -0.0 -0.0 -0.0 -0.0 -0.0 -0.0 -0.0 -0.0 -0.0 -0.0 -0.0 0.0 -0.0 -0.0 -0.0 -0.0 -0.0 -0.0 -0.0 -0.0; -0.0 -0.0 -0.0 -0.0 -0.0 -0.0 -0.0 -0.0 -0.0 -0.0 -0.0 -0.0 -0.0 -0.0 17.0 0.0 -0.0 -0.0 -0.0 -0.0; -0.0 -0.0 -0.0 -0.0 -0.0 -0.0 -0.0 -0.0 -0.0 -0.0 -0.0 -0.0 -0.0 -0.0 -0.0 -0.0 24.0 26.0 28.0 -0.0;;;]]
x_bb,"[0.0, 0.0, 17.0, 78.0]"
x_box,"[0.0, 0.0, 17.0, 78.0]"
evol_zeta,"[[2.006, 35.59999999999999], [2.556, 31.5], [2.579, 27.285714285714292], [2.595, 17.0], [2.621, 15.5], [2.639, 14.299999999999997], [2.657, 8.375], [2.679, 7.666666666666664], [2.696, 6.2857142857142865], [2.714, 5.333333333333332], [2.735, 5.0], [2.761, 4.857142857142861], [2.776, 4.0], [2.791, 2.7500000000000013], [2.807, 2.4285714285713986], [2.834, 1.625], [2.844, 1.0], [2.862, 0.0]]"
ξ_box,[36.0; 27.0; 25.0; 25.0; 25.0; 23.0; 27.0; 27.0; 28.0; 12.0; 6.0; 7.0; 14.0; 17.0; 17.0; 23.0; 24.0; 26.0; 28.0; 32.0;;]
