first,second
s_box,[19.0 0.0 -0.0; 17.0 0.0 12.0; 6.0 4.0 1.0; 16.0 13.0 11.0; 20.0 -0.0 19.0; 13.0 11.0 23.0; 7.0 18.0 14.0; 4.0 15.0 14.0; 4.0 -0.0 15.0; 6.999999472490957 16.0 13.0; 9.0 0.0 15.0; -0.0 13.0 18.0; 16.0 16.0 9.0; 11.0 11.0 2.0; 13.0 13.0 4.0; 11.0 9.0 0.0; 0.0 21.0 -0.0; 0.0 12.0 -0.0; -0.0 -0.0 -0.0; -0.0 -0.0 -0.0]
x_pb,"[-0.0, -0.0, 8.0, 94.0]"
s_bb,f
partition_bb,e
y_box,[-0.0 -0.0 -0.0 -0.0 -0.0 -0.0 -0.0 -0.0 -0.0 -0.0 -0.0 -0.0 -0.0 -0.0 -0.0 -0.0 -0.0 -0.0 -0.0 -0.0; -0.0 -0.0 -0.0 -0.0 -0.0 -0.0 -0.0 -0.0 -0.0 -0.0 -0.0 -0.0 -0.0 -0.0 -0.0 -0.0 -0.0 -0.0 -0.0 -0.0; -0.0 -0.0 -0.0 -0.0 -0.0 -0.0 -0.0 -0.0 -0.0 0.0 -0.0 9.0 -0.0 -0.0 -0.0 -0.0 -0.0 -0.0 -0.0 -0.0; -0.0 0.0 -0.0 -0.0 -0.0 -0.0 -0.0 -0.0 -0.0 -0.0 -0.0 -0.0 -0.0 -0.0 -0.0 -0.0 23.0 28.0 25.0 17.0;;; -0.0 -0.0 -0.0 -0.0 -0.0 -0.0 -0.0 -0.0 -0.0 -0.0 -0.0 -0.0 -0.0 -0.0 -0.0 -0.0 -0.0 -0.0 -0.0 -0.0; -0.0 -0.0 -0.0 -0.0 -0.0 -0.0 -0.0 -0.0 -0.0 -0.0 -0.0 -0.0 -0.0 -0.0 -0.0 -0.0 -0.0 -0.0 -0.0 -0.0; -0.0 -0.0 -0.0 -0.0 9.0 -0.0 -0.0 -0.0 -0.0 -0.0 -0.0 -0.0 -0.0 -0.0 -0.0 -0.0 -0.0 -0.0 -0.0 -0.0; 17.0 14.0 -0.0 -0.0 -0.0 -0.0 -0.0 -0.0 16.0 -0.0 19.0 9.0 -0.0 -0.0 -0.0 -0.0 -0.0 -0.0 6.0 12.0;;; -0.0 -0.0 -0.0 -0.0 -0.0 -0.0 -0.0 -0.0 -0.0 -0.0 -0.0 -0.0 -0.0 -0.0 -0.0 -0.0 -0.0 -0.0 -0.0 -0.0; -0.0 -0.0 -0.0 -0.0 -0.0 -0.0 -0.0 -0.0 -0.0 -0.0 -0.0 -0.0 -0.0 -0.0 -0.0 -0.0 -0.0 -0.0 -0.0 -0.0; -0.0 -0.0 -0.0 -0.0 -0.0 -0.0 -0.0 -0.0 -0.0 -0.0 -0.0 0.0 7.0 -0.0 -0.0 -0.0 -0.0 2.0 -0.0 -0.0; 12.0 -0.0 -0.0 -0.0 -0.0 -0.0 -0.0 -0.0 -0.0 -0.0 -0.0 -0.0 -0.0 -0.0 -0.0 11.0 12.0 21.0 21.0 16.0]
evol_bb,b
y_bb,n
evol_box,"[[0.425, 0.0], [1.902, 1447.9264665993396], [2.041, 4591.913733478901], [2.199, 1.2199719431093931e6], [2.382, 7.063141675708321e6], [2.634, 7.185581244694134e6], [2.826, 7.429916489460958e6], [3.853, 1.1325133486450803e7], [4.212, 1.1569540959288074e7], [5.729, 1.1812059050812654e7], [8.75, 1.18120587712482e7], [9.373, 1.229906468155004e7], [11.389, 1.3394215789048672e7], [13.148, 1.4003928837826326e7], [14.935, 1.4490682424640879e7], [17.385, 1.4733545312079635e7], [20.065, 1.5707949436264947e7], [23.491, 1.5708366684928197e7], [28.232, 1.5951049434141992e7], [34.579, 1.6072803284183787e7], [39.73, 1.6073140027316768e7], [44.548, 1.6438100720814034e7], [51.862, 1.6560301703465605e7], [57.944, 1.6682479754164005e7], [65.264, 1.716899121557469e7], [74.057, 1.7655960314012952e7], [81.247, 1.7656444588608347e7], [88.948, 1.826486693716201e7], [98.505, 1.8264869419645432e7], [106.874, 1.8386951385847695e7], [115.376, 1.850853861234667e7], [127.728, 1.862999111434732e7], [141.064, 1.8873091630440786e7], [158.906, 1.887321745461879e7], [172.59, 1.89948204547548e7], [193.34, 1.9116980118526056e7], [219.222, 1.9481977059027802e7], [249.939, 1.9725343555005576e7], [281.103, 1.972586379379931e7], [315.508, 1.9847629737021e7], [351.72, 1.984806697392017e7], [407.731, 1.996915717448291e7], [476.786, 1.9969648251411337e7], [544.742, 2.009073725858922e7], [599.491, 2.021249110863101e7], [664.88, 2.021250015927858e7], [767.333, 2.0213349120989557e7], [836.193, 2.0334116425473575e7], [925.532, 2.033423270715989e7], [1030.172, 2.033499212284297e7], [1126.023, 2.045666365157852e7], [1233.393, 2.0456819181828026e7], [1312.029, 2.0577624125557166e7], [1570.704, 2.0577692941514604e7], [1778.028, 2.0578569384634662e7], [2083.921, 2.0821131825640757e7], [2253.187, 2.082145018565245e7], [2614.855, 2.0821842709152993e7], [2852.639, 2.0821925201703906e7], [3101.247, 2.0942882055423524e7], [3327.616, 2.094349736271897e7], [3600.032, 2.106463584123906e7]]"
y_pb,[[-0.0 -0.0 -0.0 -0.0 -0.0 -0.0 0.0 -0.0 -0.0 -0.0 -0.0 -0.0 -0.0 -0.0 -0.0 -0.0 -0.0 -0.0 -0.0 -0.0; -0.0 -0.0 -0.0 -0.0 -0.0 -0.0 0.0 -0.0 -0.0 -0.0 -0.0 -0.0 -0.0 -0.0 -0.0 -0.0 -0.0 -0.0 -0.0 -0.0; -0.0 -0.0 -0.0 -0.0 -0.0 -0.0 -0.0 -0.0 -0.0 -0.0 -0.0 8.0 -0.0 -0.0 -0.0 -0.0 -0.0 -0.0 -0.0 -0.0; -0.0 -0.0 -0.0 -0.0 -0.0 -0.0 -0.0 -0.0 -0.0 -0.0 -0.0 -0.0 -0.0 -0.0 -0.0 -0.0 23.0 28.0 26.0 17.0;;;]]
x_bb,i
x_box,"[-0.0, -0.0, 9.0, 93.0]"
evol_zeta,"[[1.998, 23.000000000000025], [2.096, 19.166666666666668], [2.241, 19.125], [2.419, 19.0], [2.646, 19.0], [2.941, 15.571429211800492], [3.903, 17.0], [4.267, 16.0], [5.772, 15.299999999999999], [8.806, 13.153846153846153], [9.414, 15.857142857142858], [11.441, 15.142857142857142], [13.202, 13.357142857142858], [15.048, 13.333333333333332], [17.446, 13.0], [20.105, 16.25], [23.569, 12.75], [28.305, 13.266666666666667], [34.611, 11.636363636363637], [39.8, 11.230769230769232], [44.616, 11.071428571428571], [51.944, 10.5], [58.013, 10.0], [65.357, 11.083333333333336], [74.095, 11.923076923076922], [81.285, 10.615384615384615], [88.996, 14.714285714285714], [98.648, 11.0], [106.938, 10.714285714285714], [115.439, 13.899999999999999], [127.788, 10.57142857142857], [141.122, 13.0], [158.96, 11.692307692307693], [172.629, 10.0], [193.392, 10.0], [219.287, 10.75], [250.0, 10.555555555555555], [281.178, 9.09090909090909], [315.586, 10.666666666666668], [351.778, 9.307692307692308], [407.787, 9.0], [476.846, 9.333333333333334], [544.822, 8.785714285714286], [599.564, 10.0], [664.949, 11.071428571428571], [767.394, 9.0], [836.289, 8.90909090909091], [925.645, 8.57142857142857], [1030.265, 9.583333333333332], [1126.096, 8.09999999999999], [1233.432, 9.09090909090909], [1312.08, 10.769230769230768], [1570.745, 10.214285714285714], [1778.084, 9.11111111111111], [2083.959, 9.000000000000002], [2253.234, 11.0], [2614.901, 9.09090909090909], [2852.688, 10.333333333333332], [3101.314, 8.000000000900002], [3327.704, 8.25], [3600.047, 0.0]]"
ξ_box,[19.0 17.0 12.0; 17.0 14.0 12.0; 6.0 4.0 1.0; 16.0 13.0 11.0; 20.0 9.0 19.0; 13.0 9.0 23.0; 7.0 18.0 14.0; 4.0 15.0 14.0; 4.0 16.0 15.0; 6.999999474990957 16.0 13.0; 9.0 19.0 15.0; 9.0 22.0 18.0; 16.0 16.0 16.0; 11.0 11.0 2.0; 13.0 13.0 4.0; 11.0 9.0 11.0; 23.0 21.0 12.0; 28.0 12.0 23.0; 25.0 6.0 21.0; 17.0 12.0 16.0]
