first,second
s_box,[34.0; 32.0; 25.0; 0.0; 10.0; 11.0; 23.0; 23.0; 6.0; 15.0; 19.0; 24.0; 27.0; 0.0; 0.0; 0.0; 2.0; 26.0; 28.0; 29.0;;]
x_pb,"[18.0, -0.0, -0.0, 97.0]"
s_bb,[34.0; 32.0; 25.0; 0.0; 10.0; 11.0; 23.0; 23.0; 6.0; 15.0; 19.0; 24.0; 27.0; 0.0; 0.0; 0.0; 2.0; 26.0; 28.0; 29.0;;]
partition_bb,"[[[34.0, 31.0, 23.0, 13.0, 8.0, 7.0, 0.0, 0.0, 0.0, 0.0, 0.0, 0.0, 0.0, 0.0, 0.0, 0.0, 0.0, 0.0, 0.0, 0.0], [0.0, 0.0, 0.0, 0.0, 0.0, 0.0, 0.0, 0.0, 0.0, 0.0, 0.0, 0.0, 0.0, 1.0, 12.0, 13.0, 15.0, 23.0, 28.0, 29.0], [0.0, 0.0, 0.0, 0.0, 0.0, 0.0, 0.0, 0.0, 2.0, 8.0, 14.0, 21.0, 27.0, 21.0, 10.0, 9.0, 7.0, 0.0, 0.0, 0.0], [19.0, 16.0, 8.0, 0.0, 4.0, 5.0, 23.0, 23.0, 6.0, 0.0, 0.0, 0.0, 0.0, 0.0, 0.0, 0.0, 0.0, 0.0, 5.0, 6.0], [0.0, 0.0, 0.0, 0.0, 0.0, 0.0, 0.0, 0.0, 0.0, 0.0, 0.0, 1.0, 7.0, 13.0, 24.0, 23.0, 21.0, 13.0, 8.0, 7.0], [11.0, 8.0, 0.0, 3.0, 10.0, 11.0, 9.0, 23.0, 6.0, 15.0, 9.0, 2.0, 0.0, 0.0, 0.0, 0.0, 0.0, 0.0, 4.0, 5.0], [0.0, 0.0, 0.0, 0.0, 0.0, 0.0, 0.0, 0.0, 0.0, 2.0, 8.0, 15.0, 21.0, 27.0, 16.0, 15.0, 13.0, 5.0, 0.0, 0.0], [0.0, 0.0, 8.0, 18.0, 10.0, 10.0, 0.0, 0.0, 0.0, 0.0, 0.0, 0.0, 0.0, 0.0, 4.0, 5.0, 7.0, 15.0, 20.0, 19.0], [0.0, 0.0, 0.0, 3.0, 10.0, 11.0, 9.0, 23.0, 6.0, 15.0, 19.0, 13.0, 7.0, 1.0, 0.0, 0.0, 0.0, 0.0, 0.0, 0.0], [1.0, 4.0, 12.0, 2.0, 6.0, 5.0, 0.0, 0.0, 5.0, 11.0, 17.0, 24.0, 18.0, 12.0, 1.0, 0.0, 0.0, 0.0, 0.0, 0.0], [0.0, 0.0, 0.0, 0.0, 0.0, 0.0, 0.0, 0.0, 0.0, 0.0, 0.0, 0.0, 4.0, 10.0, 21.0, 22.0, 24.0, 16.0, 11.0, 10.0], [0.0, 0.0, 0.0, 0.0, 0.0, 0.0, 0.0, 0.0, 0.0, 0.0, 0.0, 0.0, 0.0, 4.0, 15.0, 16.0, 18.0, 26.0, 21.0, 20.0], [20.0, 17.0, 25.0, 15.0, 10.0, 9.0, 0.0, 0.0, 0.0, 0.0, 0.0, 0.0, 0.0, 6.0, 0.0, 0.0, 0.0, 2.0, 7.0, 6.0], [29.0, 32.0, 24.0, 14.0, 9.0, 8.0, 0.0, 0.0, 0.0, 0.0, 0.0, 0.0, 0.0, 0.0, 0.0, 0.0, 0.0, 0.0, 0.0, 0.0], [0.0, 0.0, 0.0, 0.0, 0.0, 0.0, 0.0, 0.0, 0.0, 0.0, 0.0, 0.0, 6.0, 12.0, 23.0, 24.0, 22.0, 14.0, 9.0, 8.0]]]"
y_box,[0.0 0.0 0.0 18.0 0.0 0.0 -0.0 -0.0 -0.0 -0.0 -0.0 -0.0 -0.0 -0.0 -0.0 -0.0 -0.0 -0.0 -0.0 -0.0; -0.0 -0.0 -0.0 -0.0 -0.0 -0.0 0.0 -0.0 0.0 -0.0 -0.0 -0.0 -0.0 -0.0 -0.0 -0.0 -0.0 -0.0 -0.0 -0.0; -0.0 -0.0 -0.0 -0.0 -0.0 -0.0 -0.0 -0.0 -0.0 0.0 0.0 -0.0 -0.0 -0.0 -0.0 -0.0 -0.0 -0.0 -0.0 -0.0; -0.0 -0.0 -0.0 -0.0 -0.0 -0.0 -0.0 -0.0 -0.0 -0.0 -0.0 0.0 0.0 27.0 24.0 24.0 22.0 -0.0 0.0 0.0;;;]
evol_bb,"[[0.648, 3.699211939051354e7]]"
y_bb,[0.0 0.0 0.0 18.0 0.0 0.0 -0.0 -0.0 -0.0 -0.0 -0.0 -0.0 -0.0 -0.0 -0.0 -0.0 -0.0 -0.0 -0.0 -0.0; -0.0 -0.0 -0.0 -0.0 -0.0 -0.0 0.0 -0.0 0.0 -0.0 -0.0 -0.0 -0.0 -0.0 -0.0 -0.0 -0.0 -0.0 -0.0 -0.0; -0.0 -0.0 -0.0 -0.0 -0.0 -0.0 -0.0 -0.0 -0.0 0.0 0.0 -0.0 -0.0 -0.0 -0.0 -0.0 -0.0 -0.0 -0.0 -0.0; -0.0 -0.0 -0.0 -0.0 -0.0 -0.0 -0.0 -0.0 -0.0 -0.0 -0.0 0.0 0.0 27.0 24.0 24.0 22.0 -0.0 0.0 0.0;;;]
evol_box,"[[0.462, 0.0], [2.235, 113269.00069305561], [2.337, 1.3513204845327638e7], [2.375, 2.370203207945115e7], [2.384, 2.923957982615462e7], [2.407, 3.234056547021527e7], [2.418, 3.37803411471872e7], [2.432, 3.444483759076894e7], [2.444, 3.499859746652738e7], [2.455, 3.555234691157548e7], [2.508, 3.5884602837030545e7], [2.538, 3.621685750219399e7], [2.551, 3.654911342764904e7], [2.589, 3.677061737795241e7], [2.609, 3.68813693531041e7], [2.622, 3.699211939051354e7]]"
y_pb,[[-0.0 -0.0 -0.0 18.0 -0.0 -0.0 -0.0 -0.0 -0.0 -0.0 -0.0 -0.0 -0.0 -0.0 -0.0 -0.0 -0.0 -0.0 -0.0 -0.0; -0.0 -0.0 -0.0 -0.0 -0.0 -0.0 -0.0 0.0 -0.0 -0.0 -0.0 -0.0 -0.0 -0.0 -0.0 -0.0 -0.0 -0.0 -0.0 -0.0; -0.0 -0.0 -0.0 -0.0 -0.0 -0.0 -0.0 -0.0 -0.0 -0.0 -0.0 0.0 -0.0 -0.0 -0.0 -0.0 -0.0 -0.0 -0.0 -0.0; -0.0 -0.0 -0.0 -0.0 -0.0 -0.0 -0.0 -0.0 -0.0 -0.0 -0.0 -0.0 -0.0 27.0 24.0 24.0 22.0 -0.0 -0.0 -0.0;;;]]
x_bb,"[18.0, 0.0, 0.0, 97.0]"
x_box,"[18.0, 0.0, 0.0, 97.0]"
evol_zeta,"[[1.824, 33.833333333333336], [2.335, 28.142857142857142], [2.373, 26.555555555555557], [2.382, 23.0], [2.405, 11.777777777777779], [2.416, 7.0], [2.43, 5.222222222222221], [2.442, 5.0], [2.454, 5.0], [2.506, 3.000000000400001], [2.536, 2.625], [2.549, 2.2857142857142883], [2.587, 2.0], [2.607, 0.8333333333333321], [2.62, 0.625], [2.637, 0.0]]"
ξ_box,[34.0; 32.0; 25.0; 18.0; 10.0; 11.0; 23.0; 23.0; 6.0; 15.0; 19.0; 24.0; 27.0; 27.0; 24.0; 24.0; 24.0; 26.0; 28.0; 29.0;;]
