first,second
s_box,[7.0; 14.0; 7.0; 7.0; 0.0; 10.0; 29.0; 26.0; 24.0; 11.0; 8.0; 11.0; 8.0; 10.0; 0.0; 0.0; 0.0; 7.0; 14.0; 0.0;;]
x_pb,"[23.0, -0.0, 54.0, 19.0]"
s_bb,[7.0; 14.0; 7.0; 7.0; 0.0; 10.0; 29.0; 26.0; 24.0; 11.0; 8.0; 11.0; 8.0; 10.0; 0.0; 0.0; 0.0; 7.0; 14.0; 0.0;;]
partition_bb,"[[[0.0, 0.0, 2.0, 2.0, 7.0, 15.0, 29.0, 22.0, 18.0, 5.0, 2.0, 0.0, 0.0, 0.0, 0.0, 0.0, 0.0, 0.0, 0.0, 0.0], [0.0, 0.0, 0.0, 0.0, 0.0, 0.0, 3.0, 10.0, 6.0, 0.0, 0.0, 0.0, 0.0, 0.0, 16.0, 14.0, 8.0, 7.0, 14.0, 19.0], [7.0, 14.0, 7.0, 7.0, 2.0, 4.0, 18.0, 19.0, 15.0, 2.0, 3.0, 0.0, 0.0, 0.0, 0.0, 0.0, 0.0, 0.0, 0.0, 0.0], [0.0, 0.0, 0.0, 0.0, 0.0, 7.0, 21.0, 14.0, 10.0, 11.0, 8.0, 11.0, 8.0, 6.0, 0.0, 0.0, 0.0, 0.0, 0.0, 0.0], [0.0, 0.0, 0.0, 0.0, 6.0, 0.0, 0.0, 0.0, 0.0, 0.0, 3.0, 6.0, 8.0, 10.0, 10.0, 12.0, 18.0, 7.0, 11.0, 6.0], [7.0, 14.0, 7.0, 7.0, 13.0, 20.0, 9.0, 5.0, 2.0, 0.0, 3.0, 0.0, 2.0, 0.0, 0.0, 0.0, 0.0, 7.0, 0.0, 0.0], [0.0, 0.0, 0.0, 0.0, 0.0, 7.0, 13.0, 20.0, 24.0, 11.0, 8.0, 5.0, 3.0, 2.0, 0.0, 0.0, 0.0, 0.0, 0.0, 0.0], [7.0, 0.0, 0.0, 0.0, 0.0, 4.0, 11.0, 4.0, 0.0, 0.0, 0.0, 0.0, 5.0, 7.0, 18.0, 18.0, 12.0, 7.0, 3.0, 0.0], [0.0, 0.0, 0.0, 0.0, 3.0, 11.0, 19.0, 26.0, 22.0, 9.0, 6.0, 3.0, 1.0, 0.0, 0.0, 0.0, 0.0, 0.0, 0.0, 0.0]]]"
y_box,[0.0 0.0 0.0 -0.0 13.0 10.0 0.0 0.0 -0.0 -0.0 -0.0 -0.0 -0.0 -0.0 -0.0 -0.0 -0.0 -0.0 -0.0 -0.0; -0.0 -0.0 -0.0 -0.0 -0.0 -0.0 -0.0 -0.0 0.0 0.0 -0.0 -0.0 -0.0 -0.0 -0.0 -0.0 -0.0 -0.0 -0.0 -0.0; -0.0 -0.0 -0.0 -0.0 -0.0 -0.0 -0.0 -0.0 -0.0 -0.0 0.0 0.0 0.0 0.0 18.0 18.0 18.0 0.0 -0.0 -0.0; -0.0 -0.0 -0.0 -0.0 -0.0 -0.0 -0.0 -0.0 -0.0 -0.0 -0.0 -0.0 -0.0 -0.0 -0.0 -0.0 -0.0 -0.0 0.0 19.0;;;]
evol_bb,"[[0.514, 2.6343257451726146e7]]"
y_bb,[0.0 0.0 0.0 -0.0 13.0 10.0 0.0 0.0 -0.0 -0.0 -0.0 -0.0 -0.0 -0.0 -0.0 -0.0 -0.0 -0.0 -0.0 -0.0; -0.0 -0.0 -0.0 -0.0 -0.0 -0.0 -0.0 -0.0 0.0 0.0 -0.0 -0.0 -0.0 -0.0 -0.0 -0.0 -0.0 -0.0 -0.0 -0.0; -0.0 -0.0 -0.0 -0.0 -0.0 -0.0 -0.0 -0.0 -0.0 -0.0 0.0 0.0 0.0 0.0 18.0 18.0 18.0 0.0 -0.0 -0.0; -0.0 -0.0 -0.0 -0.0 -0.0 -0.0 -0.0 -0.0 -0.0 -0.0 -0.0 -0.0 -0.0 -0.0 -0.0 -0.0 -0.0 -0.0 0.0 19.0;;;]
evol_box,"[[0.638, 0.0], [2.877, 821370.9130741335], [2.992, 7.372119940890944e6], [3.0, 1.5151298054590737e7], [3.008, 2.0201357559190657e7], [3.019, 2.1839214695817657e7], [3.029, 2.320406752645295e7], [3.065, 2.402299609476645e7], [3.101, 2.4841906480051763e7], [3.136, 2.552434695364635e7], [3.156, 2.6070299332522016e7], [3.168, 2.6343257451726146e7]]"
y_pb,[[-0.0 -0.0 -0.0 -0.0 13.0 10.0 -0.0 -0.0 -0.0 -0.0 -0.0 -0.0 -0.0 -0.0 -0.0 -0.0 -0.0 -0.0 -0.0 -0.0; -0.0 -0.0 -0.0 -0.0 -0.0 -0.0 -0.0 -0.0 -0.0 0.0 -0.0 -0.0 -0.0 -0.0 -0.0 -0.0 -0.0 -0.0 -0.0 -0.0; -0.0 -0.0 -0.0 -0.0 -0.0 -0.0 -0.0 -0.0 -0.0 -0.0 -0.0 -0.0 -0.0 -0.0 18.0 18.0 18.0 -0.0 -0.0 -0.0; -0.0 -0.0 -0.0 -0.0 -0.0 -0.0 -0.0 -0.0 -0.0 -0.0 -0.0 -0.0 -0.0 -0.0 -0.0 -0.0 -0.0 -0.0 -0.0 19.0;;;]]
x_bb,"[23.0, 0.0, 54.0, 19.0]"
x_box,"[23.0, 0.0, 54.0, 19.0]"
evol_zeta,"[[2.331, 28.333333333333332], [2.99, 19.0], [2.998, 18.0], [3.006, 14.0], [3.017, 6.0], [3.027, 6.0], [3.063, 6.0], [3.099, 6.0], [3.134, 5.000000000600011], [3.154, 3.555555555555557], [3.165, 2.0], [3.172, 0.0]]"
ξ_box,[7.0; 14.0; 7.0; 7.0; 13.0; 20.0; 29.0; 26.0; 24.0; 11.0; 8.0; 11.0; 8.0; 10.0; 18.0; 18.0; 18.0; 7.0; 14.0; 19.0;;]
