first,second
s_box,[45.0; 36.0; 22.0; 18.0; 15.0; 27.0; 18.0; 35.0; 29.0; 27.0; 25.0; 23.0; 23.0; 22.0; 22.0; 0.0; 0.0; 0.0; 0.0; 0.0;;]
x_pb,"[3.0, -0.0, -0.0, 115.0]"
s_bb,[45.0; 36.0; 22.0; 18.0; 15.0; 27.0; 18.0; 35.0; 29.0; 27.0; 25.0; 23.0; 23.0; 22.0; 22.0; 0.0; 0.0; 0.0; 0.0; 0.0;;]
partition_bb,"[[[45.0, 36.0, 11.0, 11.0, 9.0, 6.0, 0.0, 0.0, 0.0, 0.0, 0.0, 0.0, 0.0, 0.0, 0.0, 0.0, 0.0, 0.0, 0.0, 0.0], [0.0, 0.0, 2.0, 2.0, 4.0, 7.0, 18.0, 35.0, 19.0, 13.0, 9.0, 4.0, 3.0, 0.0, 2.0, 0.0, 0.0, 0.0, 0.0, 0.0], [0.0, 0.0, 0.0, 0.0, 0.0, 0.0, 0.0, 0.0, 0.0, 0.0, 0.0, 0.0, 0.0, 9.0, 10.0, 15.0, 15.0, 22.0, 23.0, 24.0], [0.0, 0.0, 8.0, 12.0, 15.0, 27.0, 18.0, 1.0, 0.0, 0.0, 0.0, 1.0, 2.0, 11.0, 11.0, 2.0, 0.0, 3.0, 4.0, 5.0], [0.0, 0.0, 0.0, 0.0, 0.0, 0.0, 0.0, 0.0, 7.0, 13.0, 17.0, 22.0, 23.0, 14.0, 12.0, 8.0, 8.0, 1.0, 0.0, 0.0], [0.0, 0.0, 0.0, 0.0, 0.0, 0.0, 0.0, 2.0, 21.0, 27.0, 23.0, 18.0, 17.0, 8.0, 6.0, 2.0, 2.0, 0.0, 0.0, 0.0], [0.0, 0.0, 22.0, 18.0, 15.0, 3.0, 0.0, 0.0, 7.0, 13.0, 17.0, 12.0, 11.0, 2.0, 0.0, 0.0, 0.0, 0.0, 1.0, 2.0], [0.0, 0.0, 0.0, 0.0, 0.0, 0.0, 0.0, 0.0, 0.0, 1.0, 5.0, 10.0, 11.0, 20.0, 22.0, 13.0, 11.0, 10.0, 8.0, 8.0], [0.0, 0.0, 0.0, 0.0, 0.0, 0.0, 6.0, 10.0, 29.0, 23.0, 19.0, 14.0, 13.0, 4.0, 2.0, 0.0, 0.0, 0.0, 0.0, 0.0], [0.0, 0.0, 0.0, 0.0, 0.0, 0.0, 0.0, 0.0, 0.0, 0.0, 1.0, 6.0, 7.0, 11.0, 11.0, 20.0, 22.0, 15.0, 14.0, 13.0], [30.0, 39.0, 14.0, 14.0, 12.0, 9.0, 0.0, 0.0, 0.0, 0.0, 0.0, 0.0, 0.0, 0.0, 0.0, 0.0, 0.0, 0.0, 0.0, 0.0], [0.0, 0.0, 0.0, 0.0, 0.0, 0.0, 0.0, 0.0, 0.0, 0.0, 1.0, 6.0, 7.0, 13.0, 13.0, 22.0, 20.0, 15.0, 14.0, 13.0], [0.0, 0.0, 0.0, 0.0, 0.0, 0.0, 0.0, 0.0, 0.0, 3.0, 7.0, 12.0, 13.0, 22.0, 20.0, 13.0, 11.0, 9.0, 8.0, 7.0], [0.0, 0.0, 0.0, 0.0, 0.0, 0.0, 0.0, 0.0, 15.0, 21.0, 25.0, 20.0, 19.0, 10.0, 8.0, 4.0, 4.0, 0.0, 0.0, 0.0], [0.0, 0.0, 0.0, 0.0, 0.0, 0.0, 0.0, 0.0, 0.0, 0.0, 0.0, 0.0, 1.0, 10.0, 11.0, 16.0, 16.0, 23.0, 21.0, 21.0], [0.0, 0.0, 0.0, 0.0, 0.0, 0.0, 0.0, 0.0, 0.0, 0.0, 0.0, 0.0, 1.0, 10.0, 10.0, 16.0, 16.0, 22.0, 24.0, 23.0], [0.0, 0.0, 0.0, 0.0, 0.0, 0.0, 0.0, 0.0, 8.0, 14.0, 18.0, 23.0, 22.0, 13.0, 11.0, 7.0, 7.0, 0.0, 0.0, 0.0]]]"
y_box,[0.0 3.0 0.0 -0.0 0.0 -0.0 -0.0 -0.0 -0.0 -0.0 -0.0 -0.0 -0.0 -0.0 -0.0 -0.0 -0.0 -0.0 -0.0 -0.0; -0.0 -0.0 -0.0 -0.0 -0.0 0.0 -0.0 -0.0 -0.0 -0.0 -0.0 -0.0 -0.0 -0.0 -0.0 -0.0 -0.0 -0.0 -0.0 -0.0; -0.0 -0.0 -0.0 -0.0 -0.0 -0.0 -0.0 0.0 0.0 0.0 -0.0 -0.0 -0.0 -0.0 -0.0 -0.0 -0.0 -0.0 -0.0 -0.0; -0.0 -0.0 -0.0 -0.0 -0.0 -0.0 -0.0 -0.0 -0.0 -0.0 0.0 0.0 0.0 0.0 0.0 22.0 22.0 23.0 24.0 24.0;;;]
evol_bb,"[[0.642, 5.0115598674463645e7]]"
y_bb,[0.0 3.0 0.0 -0.0 0.0 -0.0 -0.0 -0.0 -0.0 -0.0 -0.0 -0.0 -0.0 -0.0 -0.0 -0.0 -0.0 -0.0 -0.0 -0.0; -0.0 -0.0 -0.0 -0.0 -0.0 0.0 -0.0 -0.0 -0.0 -0.0 -0.0 -0.0 -0.0 -0.0 -0.0 -0.0 -0.0 -0.0 -0.0 -0.0; -0.0 -0.0 -0.0 -0.0 -0.0 -0.0 -0.0 0.0 0.0 0.0 -0.0 -0.0 -0.0 -0.0 -0.0 -0.0 -0.0 -0.0 -0.0 -0.0; -0.0 -0.0 -0.0 -0.0 -0.0 -0.0 -0.0 -0.0 -0.0 -0.0 0.0 0.0 0.0 0.0 0.0 22.0 22.0 23.0 24.0 24.0;;;]
evol_box,"[[0.419, 0.0], [2.06, 1951.9326520742584], [2.15, 1.3469443703958897e7], [2.169, 2.8489935080999058e7], [2.189, 3.2892770985277116e7], [2.213, 3.884954897341802e7], [2.239, 4.143945244652276e7], [2.284, 4.364087039866179e7], [2.304, 4.597178352445606e7], [2.332, 4.700774491369796e7], [2.36, 4.8561666638061225e7], [2.383, 4.8950152159026936e7], [2.421, 4.920914124348815e7], [2.448, 4.946813159079862e7], [2.473, 4.9727121938109085e7], [2.498, 4.9856613325783186e7], [2.524, 4.99861035008084e7], [2.552, 5.0115598674463645e7]]"
y_pb,[[-0.0 3.0 -0.0 -0.0 -0.0 -0.0 -0.0 -0.0 -0.0 -0.0 -0.0 -0.0 -0.0 -0.0 -0.0 -0.0 -0.0 -0.0 -0.0 -0.0; -0.0 -0.0 -0.0 -0.0 -0.0 0.0 -0.0 -0.0 -0.0 -0.0 -0.0 -0.0 -0.0 -0.0 -0.0 -0.0 -0.0 -0.0 -0.0 -0.0; -0.0 -0.0 -0.0 -0.0 -0.0 -0.0 0.0 -0.0 -0.0 -0.0 -0.0 -0.0 -0.0 -0.0 -0.0 -0.0 -0.0 -0.0 -0.0 -0.0; -0.0 -0.0 -0.0 -0.0 -0.0 -0.0 -0.0 -0.0 -0.0 -0.0 -0.0 -0.0 -0.0 -0.0 -0.0 22.0 22.0 23.0 24.0 24.0;;;]]
x_bb,"[3.0, 0.0, 0.0, 115.0]"
x_box,"[3.0, 0.0, 0.0, 115.0]"
evol_zeta,"[[1.702, 45.00000000000001], [2.148, 35.00000000000016], [2.168, 24.0], [2.188, 20.0], [2.211, 17.444444444444443], [2.237, 12.200000000000003], [2.282, 11.0], [2.303, 10.90909090909091], [2.33, 7.777777777777779], [2.358, 6.800000000000001], [2.382, 3.0], [2.419, 1.3999999999999986], [2.446, 1.3636363636363633], [2.471, 1.1111111111111107], [2.496, 0.875], [2.523, 0.5], [2.55, 0.30000000000001015], [2.571, 0.0]]"
ξ_box,[45.0; 39.0; 22.0; 18.0; 15.0; 27.0; 18.0; 35.0; 29.0; 27.0; 25.0; 23.0; 23.0; 22.0; 22.0; 22.0; 22.0; 23.0; 24.0; 24.0;;]
