first,second
s_box,[0.0; 0.0; 0.0; 0.0; 24.0; 15.0; 11.0; 5.0; 3.0; 11.0; 16.0; 34.0; 24.0; 21.0; 20.0; 19.0; 19.0; 20.0; 0.0; 0.0;;]
x_pb,"[39.0, 21.0, -0.0, 43.0]"
s_bb,[0.0; 0.0; 0.0; 0.0; 24.0; 15.0; 11.0; 5.0; 3.0; 11.0; 16.0; 34.0; 24.0; 21.0; 20.0; 19.0; 19.0; 20.0; 0.0; 0.0;;]
partition_bb,"[[[0.0, 5.0, 7.0, 1.0, 0.0, 0.0, 0.0, 5.0, 3.0, 4.0, 9.0, 34.0, 12.0, 9.0, 8.0, 5.0, 2.0, 0.0, 0.0, 0.0], [6.0, 10.0, 10.0, 16.0, 29.0, 12.0, 8.0, 2.0, 3.0, 0.0, 0.0, 7.0, 0.0, 0.0, 0.0, 0.0, 0.0, 0.0, 0.0, 0.0], [0.0, 0.0, 0.0, 0.0, 0.0, 0.0, 0.0, 0.0, 0.0, 0.0, 0.0, 0.0, 5.0, 9.0, 10.0, 13.0, 15.0, 16.0, 22.0, 17.0], [0.0, 0.0, 0.0, 0.0, 0.0, 0.0, 0.0, 0.0, 0.0, 0.0, 0.0, 0.0, 16.0, 21.0, 17.0, 16.0, 14.0, 12.0, 8.0, 4.0], [17.0, 10.0, 10.0, 7.0, 0.0, 0.0, 4.0, 5.0, 3.0, 11.0, 16.0, 0.0, 0.0, 1.0, 2.0, 5.0, 8.0, 6.0, 1.0, 0.0], [0.0, 0.0, 0.0, 0.0, 0.0, 0.0, 0.0, 0.0, 0.0, 0.0, 0.0, 2.0, 24.0, 19.0, 15.0, 14.0, 14.0, 12.0, 7.0, 2.0], [0.0, 0.0, 0.0, 0.0, 0.0, 0.0, 0.0, 0.0, 0.0, 0.0, 0.0, 0.0, 4.0, 8.0, 9.0, 12.0, 14.0, 15.0, 21.0, 21.0], [0.0, 0.0, 0.0, 0.0, 0.0, 0.0, 0.0, 0.0, 0.0, 0.0, 0.0, 0.0, 9.0, 12.0, 13.0, 16.0, 19.0, 17.0, 12.0, 7.0], [0.0, 0.0, 0.0, 0.0, 16.0, 15.0, 11.0, 5.0, 3.0, 0.0, 0.0, 0.0, 14.0, 11.0, 10.0, 7.0, 4.0, 6.0, 5.0, 0.0], [0.0, 0.0, 0.0, 0.0, 0.0, 0.0, 0.0, 0.0, 0.0, 0.0, 0.0, 0.0, 9.0, 14.0, 16.0, 19.0, 16.0, 14.0, 10.0, 7.0], [0.0, 0.0, 0.0, 0.0, 0.0, 0.0, 0.0, 0.0, 0.0, 0.0, 0.0, 0.0, 11.0, 16.0, 20.0, 17.0, 14.0, 12.0, 8.0, 7.0], [0.0, 0.0, 0.0, 0.0, 0.0, 0.0, 0.0, 0.0, 0.0, 0.0, 0.0, 0.0, 8.0, 11.0, 12.0, 15.0, 18.0, 20.0, 14.0, 9.0], [5.0, 12.0, 10.0, 4.0, 0.0, 0.0, 0.0, 0.0, 0.0, 0.0, 0.0, 0.0, 5.0, 10.0, 9.0, 12.0, 15.0, 13.0, 8.0, 3.0]]]"
y_box,[17.0 12.0 10.0 -0.0 -0.0 -0.0 -0.0 -0.0 -0.0 -0.0 -0.0 -0.0 -0.0 -0.0 -0.0 -0.0 -0.0 -0.0 -0.0 -0.0; -0.0 -0.0 -0.0 16.0 5.0 0.0 0.0 0.0 0.0 -0.0 -0.0 -0.0 -0.0 -0.0 -0.0 -0.0 -0.0 -0.0 -0.0 -0.0; -0.0 -0.0 -0.0 -0.0 -0.0 -0.0 -0.0 -0.0 -0.0 0.0 0.0 0.0 -0.0 -0.0 -0.0 -0.0 -0.0 -0.0 -0.0 -0.0; -0.0 -0.0 -0.0 -0.0 -0.0 -0.0 -0.0 -0.0 -0.0 -0.0 -0.0 -0.0 0.0 0.0 0.0 0.0 0.0 0.0 22.0 21.0;;;]
evol_bb,"[[1.157, 3.2515053913435765e7]]"
y_bb,[17.0 12.0 10.0 -0.0 -0.0 -0.0 -0.0 -0.0 -0.0 -0.0 -0.0 -0.0 -0.0 -0.0 -0.0 -0.0 -0.0 -0.0 -0.0 -0.0; -0.0 -0.0 -0.0 16.0 5.0 0.0 0.0 0.0 0.0 -0.0 -0.0 -0.0 -0.0 -0.0 -0.0 -0.0 -0.0 -0.0 -0.0 -0.0; -0.0 -0.0 -0.0 -0.0 -0.0 -0.0 -0.0 -0.0 -0.0 0.0 0.0 0.0 -0.0 -0.0 -0.0 -0.0 -0.0 -0.0 -0.0 -0.0; -0.0 -0.0 -0.0 -0.0 -0.0 -0.0 -0.0 -0.0 -0.0 -0.0 -0.0 -0.0 0.0 0.0 0.0 0.0 0.0 0.0 22.0 21.0;;;]
evol_box,"[[0.734, 0.0], [3.463, 137318.27900511687], [3.613, 1.0615425899608932e7], [3.681, 2.1094726303809937e7], [3.737, 2.4588027321472168e7], [3.793, 2.79469338330826e7], [3.836, 2.902179568467098e7], [3.894, 2.9559194610465173e7], [3.937, 3.0230983267707907e7], [3.993, 3.103712965639919e7], [4.057, 3.1574560582193382e7], [4.072, 3.1977633776539024e7], [4.086, 3.224633845053867e7], [4.144, 3.2515053913435765e7]]"
y_pb,[[17.0 12.0 10.0 -0.0 -0.0 -0.0 -0.0 -0.0 -0.0 -0.0 -0.0 -0.0 -0.0 -0.0 -0.0 -0.0 -0.0 -0.0 -0.0 -0.0; -0.0 -0.0 -0.0 16.0 5.0 -0.0 -0.0 -0.0 -0.0 -0.0 -0.0 -0.0 -0.0 -0.0 -0.0 -0.0 -0.0 -0.0 -0.0 -0.0; -0.0 -0.0 -0.0 -0.0 -0.0 -0.0 -0.0 -0.0 -0.0 -0.0 -0.0 0.0 -0.0 -0.0 -0.0 -0.0 -0.0 -0.0 -0.0 -0.0; -0.0 -0.0 -0.0 -0.0 -0.0 -0.0 -0.0 -0.0 -0.0 -0.0 -0.0 -0.0 -0.0 -0.0 -0.0 -0.0 -0.0 -0.0 22.0 21.0;;;]]
x_bb,"[39.0, 21.0, 0.0, 43.0]"
x_box,"[39.0, 21.0, 0.0, 43.0]"
evol_zeta,"[[2.808, 34.0], [3.61, 29.0], [3.678, 21.5], [3.734, 11.375], [3.791, 11.0], [3.834, 7.333333333333332], [3.891, 4.000000000500005], [3.934, 3.75], [3.991, 3.000000000400007], [4.055, 2.75], [4.069, 2.5], [4.083, 2.0], [4.141, 1.75], [4.156, 0.0]]"
ξ_box,[17.0; 12.0; 10.0; 16.0; 29.0; 15.0; 11.0; 5.0; 3.0; 11.0; 16.0; 34.0; 24.0; 21.0; 20.0; 19.0; 19.0; 20.0; 22.0; 21.0;;]
