first,second
s_box,[10.0; 9.0; 6.0; 8.0; 13.0; 20.0; 22.0; 0.0; 0.0; 0.0; 22.0; 22.0; 25.0; 27.0; 25.0; 22.0; 18.0; 0.0; 0.0; 0.0;;]
x_pb,"[54.0, -0.0, 2.0, 29.0]"
s_bb,[10.0; 9.0; 6.0; 8.0; 13.0; 20.0; 22.0; 0.0; 0.0; 0.0; 22.0; 22.0; 25.0; 27.0; 25.0; 22.0; 18.0; 0.0; 0.0; 0.0;;]
partition_bb,"[[[0.0, 0.0, 0.0, 0.0, 0.0, 0.0, 0.0, 1.0, 2.0, 3.0, 15.0, 18.0, 25.0, 27.0, 0.0, 0.0, 0.0, 0.0, 0.0, 0.0], [0.0, 2.0, 5.0, 6.0, 7.0, 0.0, 0.0, 0.0, 0.0, 0.0, 0.0, 0.0, 0.0, 0.0, 25.0, 22.0, 18.0, 2.0, 0.0, 0.0], [0.0, 0.0, 1.0, 2.0, 8.0, 15.0, 24.0, 17.0, 11.0, 11.0, 3.0, 1.0, 0.0, 0.0, 0.0, 0.0, 0.0, 0.0, 0.0, 0.0], [10.0, 9.0, 6.0, 6.0, 0.0, 0.0, 7.0, 0.0, 0.0, 0.0, 0.0, 0.0, 7.0, 5.0, 0.0, 3.0, 0.0, 2.0, 13.0, 15.0], [0.0, 0.0, 0.0, 0.0, 0.0, 0.0, 1.0, 8.0, 9.0, 10.0, 22.0, 19.0, 12.0, 10.0, 0.0, 0.0, 0.0, 0.0, 0.0, 0.0], [0.0, 3.0, 6.0, 7.0, 13.0, 6.0, 13.0, 6.0, 0.0, 0.0, 0.0, 0.0, 0.0, 0.0, 0.0, 0.0, 0.0, 2.0, 14.0, 15.0], [0.0, 3.0, 6.0, 7.0, 13.0, 20.0, 11.0, 9.0, 5.0, 4.0, 0.0, 0.0, 0.0, 0.0, 0.0, 3.0, 0.0, 2.0, 0.0, 2.0], [0.0, 0.0, 0.0, 0.0, 0.0, 0.0, 3.0, 10.0, 16.0, 15.0, 4.0, 7.0, 14.0, 12.0, 0.0, 0.0, 4.0, 0.0, 0.0, 0.0], [0.0, 0.0, 0.0, 0.0, 3.0, 10.0, 14.0, 21.0, 15.0, 15.0, 7.0, 4.0, 0.0, 0.0, 0.0, 0.0, 0.0, 0.0, 0.0, 0.0], [0.0, 0.0, 0.0, 0.0, 0.0, 0.0, 0.0, 5.0, 6.0, 7.0, 19.0, 22.0, 15.0, 13.0, 0.0, 0.0, 0.0, 0.0, 0.0, 0.0], [10.0, 9.0, 6.0, 8.0, 2.0, 0.0, 2.0, 9.0, 15.0, 14.0, 2.0, 0.0, 2.0, 0.0, 0.0, 0.0, 4.0, 2.0, 0.0, 0.0]]]"
y_box,[0.0 0.0 0.0 0.0 0.0 0.0 2.0 21.0 16.0 15.0 0.0 0.0 -0.0 -0.0 -0.0 -0.0 -0.0 -0.0 -0.0 -0.0; -0.0 -0.0 -0.0 -0.0 -0.0 -0.0 -0.0 -0.0 -0.0 -0.0 -0.0 -0.0 0.0 0.0 -0.0 -0.0 -0.0 -0.0 -0.0 -0.0; -0.0 -0.0 -0.0 -0.0 -0.0 -0.0 -0.0 -0.0 -0.0 -0.0 -0.0 -0.0 -0.0 -0.0 0.0 0.0 0.0 2.0 -0.0 -0.0; -0.0 -0.0 -0.0 -0.0 -0.0 -0.0 -0.0 -0.0 -0.0 -0.0 -0.0 -0.0 -0.0 -0.0 -0.0 -0.0 -0.0 -0.0 14.0 15.0;;;]
evol_bb,"[[0.388, 3.1529393560833253e7]]"
y_bb,[0.0 0.0 0.0 0.0 0.0 0.0 2.0 21.0 16.0 15.0 0.0 0.0 -0.0 -0.0 -0.0 -0.0 -0.0 -0.0 -0.0 -0.0; -0.0 -0.0 -0.0 -0.0 -0.0 -0.0 -0.0 -0.0 -0.0 -0.0 -0.0 -0.0 0.0 0.0 -0.0 -0.0 -0.0 -0.0 -0.0 -0.0; -0.0 -0.0 -0.0 -0.0 -0.0 -0.0 -0.0 -0.0 -0.0 -0.0 -0.0 -0.0 -0.0 -0.0 0.0 0.0 0.0 2.0 -0.0 -0.0; -0.0 -0.0 -0.0 -0.0 -0.0 -0.0 -0.0 -0.0 -0.0 -0.0 -0.0 -0.0 -0.0 -0.0 -0.0 -0.0 -0.0 -0.0 14.0 15.0;;;]
evol_box,"[[0.49, 0.0], [2.183, 761434.6578273866], [2.27, 1.177729852212819e7], [2.28, 2.1020018663066547e7], [2.287, 2.646457812072888e7], [2.299, 2.7477549986083493e7], [2.311, 2.899700778411541e7], [2.32, 3.013657645455333e7], [2.33, 3.0643046138727907e7], [2.34, 3.1022910588235885e7], [2.349, 3.1402775037743866e7], [2.358, 3.1529393560833253e7]]"
y_pb,[[-0.0 -0.0 -0.0 -0.0 -0.0 -0.0 2.0 21.0 16.0 15.0 -0.0 -0.0 -0.0 -0.0 -0.0 -0.0 -0.0 -0.0 -0.0 -0.0; -0.0 -0.0 -0.0 -0.0 -0.0 -0.0 -0.0 -0.0 -0.0 -0.0 -0.0 -0.0 -0.0 0.0 -0.0 -0.0 -0.0 -0.0 -0.0 -0.0; -0.0 -0.0 -0.0 -0.0 -0.0 -0.0 -0.0 -0.0 -0.0 -0.0 -0.0 -0.0 -0.0 -0.0 -0.0 -0.0 -0.0 2.0 -0.0 -0.0; -0.0 -0.0 -0.0 -0.0 -0.0 -0.0 -0.0 -0.0 -0.0 -0.0 -0.0 -0.0 -0.0 -0.0 -0.0 -0.0 -0.0 -0.0 14.0 15.0;;;]]
x_bb,"[54.0, 0.0, 2.0, 29.0]"
x_box,"[54.0, 0.0, 2.0, 29.0]"
evol_zeta,"[[2.269, 25.0], [2.278, 23.200000000000003], [2.285, 15.0], [2.298, 6.249999999999997], [2.309, 5.000000000600011], [2.318, 5.0], [2.328, 3.5], [2.338, 2.7142857142857153], [2.347, 2.0], [2.356, 1.0000000002000036], [2.365, 0.0]]"
ξ_box,[10.0; 9.0; 6.0; 8.0; 13.0; 20.0; 24.0; 21.0; 16.0; 15.0; 22.0; 22.0; 25.0; 27.0; 25.0; 22.0; 18.0; 2.0; 14.0; 15.0;;]
