first,second
s_box,[0.0; 0.0; 0.0; 0.0; 0.0; 8.0; 23.0; 24.0; 26.0; 27.0; 26.0; 20.0; 18.0; 14.0; 11.0; 8.0; 4.0; 9.0; 12.0; 21.0;;]
x_pb,"[104.0, -0.0, 0.0, -0.0]"
s_bb,[0.0; 0.0; 0.0; 0.0; 0.0; 8.0; 23.0; 24.0; 26.0; 27.0; 26.0; 20.0; 18.0; 14.0; 11.0; 8.0; 4.0; 9.0; 12.0; 21.0;;]
partition_bb,"[[[0.0, 0.0, 0.0, 0.0, 2.0, 6.0, 9.0, 17.0, 23.0, 27.0, 15.0, 8.0, 2.0, 1.0, 0.0, 0.0, 0.0, 0.0, 0.0, 0.0], [7.0, 16.0, 18.0, 23.0, 18.0, 12.0, 11.0, 6.0, 0.0, 0.0, 0.0, 0.0, 0.0, 0.0, 0.0, 0.0, 0.0, 0.0, 0.0, 0.0], [0.0, 3.0, 5.0, 0.0, 0.0, 0.0, 2.0, 10.0, 17.0, 19.0, 7.0, 0.0, 0.0, 0.0, 0.0, 0.0, 4.0, 4.0, 12.0, 21.0], [0.0, 0.0, 2.0, 7.0, 2.0, 0.0, 0.0, 0.0, 6.0, 10.0, 6.0, 13.0, 18.0, 14.0, 11.0, 8.0, 4.0, 3.0, 0.0, 0.0], [0.0, 7.0, 7.0, 11.0, 16.0, 20.0, 23.0, 15.0, 8.0, 5.0, 0.0, 0.0, 0.0, 0.0, 0.0, 0.0, 0.0, 0.0, 0.0, 0.0], [0.0, 0.0, 0.0, 0.0, 0.0, 0.0, 0.0, 4.0, 11.0, 14.0, 26.0, 19.0, 13.0, 12.0, 7.0, 4.0, 3.0, 0.0, 0.0, 0.0], [0.0, 0.0, 2.0, 7.0, 9.0, 13.0, 16.0, 24.0, 17.0, 14.0, 2.0, 0.0, 0.0, 0.0, 0.0, 0.0, 0.0, 0.0, 0.0, 0.0], [0.0, 3.0, 3.0, 8.0, 12.0, 18.0, 15.0, 7.0, 0.0, 4.0, 0.0, 7.0, 7.0, 5.0, 0.0, 3.0, 4.0, 9.0, 1.0, 0.0], [4.0, 13.0, 13.0, 17.0, 22.0, 16.0, 15.0, 7.0, 0.0, 0.0, 0.0, 0.0, 0.0, 0.0, 0.0, 0.0, 0.0, 0.0, 0.0, 0.0], [0.0, 0.0, 0.0, 2.0, 4.0, 8.0, 11.0, 19.0, 26.0, 22.0, 11.0, 4.0, 0.0, 0.0, 0.0, 0.0, 0.0, 0.0, 0.0, 0.0], [1.0, 8.0, 8.0, 12.0, 17.0, 23.0, 20.0, 12.0, 5.0, 2.0, 0.0, 0.0, 0.0, 0.0, 0.0, 0.0, 0.0, 0.0, 0.0, 0.0], [8.0, 17.0, 15.0, 13.0, 8.0, 2.0, 1.0, 0.0, 0.0, 0.0, 0.0, 5.0, 8.0, 12.0, 7.0, 4.0, 4.0, 0.0, 0.0, 0.0], [8.0, 17.0, 19.0, 14.0, 10.0, 4.0, 3.0, 0.0, 0.0, 0.0, 0.0, 0.0, 0.0, 1.0, 6.0, 8.0, 4.0, 9.0, 1.0, 0.0], [0.0, 1.0, 0.0, 5.0, 0.0, 0.0, 0.0, 0.0, 0.0, 1.0, 13.0, 20.0, 14.0, 14.0, 11.0, 8.0, 4.0, 4.0, 9.0, 0.0]]]"
y_box,[8.0 17.0 19.0 23.0 22.0 15.0 0.0 -0.0 -0.0 -0.0 -0.0 -0.0 -0.0 -0.0 -0.0 -0.0 -0.0 -0.0 -0.0 -0.0; -0.0 -0.0 -0.0 -0.0 -0.0 -0.0 -0.0 -0.0 -0.0 -0.0 -0.0 -0.0 -0.0 -0.0 -0.0 -0.0 -0.0 -0.0 -0.0 -0.0; -0.0 -0.0 -0.0 -0.0 -0.0 -0.0 -0.0 0.0 0.0 0.0 0.0 -0.0 -0.0 -0.0 -0.0 -0.0 -0.0 -0.0 -0.0 -0.0; -0.0 -0.0 -0.0 -0.0 -0.0 -0.0 -0.0 -0.0 -0.0 -0.0 -0.0 0.0 0.0 0.0 0.0 0.0 0.0 0.0 0.0 0.0;;;]
evol_bb,"[[0.499, 2.683219256581069e7]]"
y_bb,[8.0 17.0 19.0 23.0 22.0 15.0 0.0 -0.0 -0.0 -0.0 -0.0 -0.0 -0.0 -0.0 -0.0 -0.0 -0.0 -0.0 -0.0 -0.0; -0.0 -0.0 -0.0 -0.0 -0.0 -0.0 -0.0 -0.0 -0.0 -0.0 -0.0 -0.0 -0.0 -0.0 -0.0 -0.0 -0.0 -0.0 -0.0 -0.0; -0.0 -0.0 -0.0 -0.0 -0.0 -0.0 -0.0 0.0 0.0 0.0 0.0 -0.0 -0.0 -0.0 -0.0 -0.0 -0.0 -0.0 -0.0 -0.0; -0.0 -0.0 -0.0 -0.0 -0.0 -0.0 -0.0 -0.0 -0.0 -0.0 -0.0 0.0 0.0 0.0 0.0 0.0 0.0 0.0 0.0 0.0;;;]
evol_box,"[[0.447, 0.0], [2.022, 644688.8170467827], [2.139, 1.0050130910395758e7], [2.161, 1.4432722153028361e7], [2.173, 1.9991130558318496e7], [2.189, 2.2128956111562934e7], [2.204, 2.4053020559547983e7], [2.226, 2.48012678448755e7], [2.249, 2.5335730191538014e7], [2.271, 2.576328278569983e7], [2.293, 2.6083960193697337e7], [2.305, 2.6404637601694845e7], [2.314, 2.6511523167445812e7], [2.326, 2.661841103244186e7], [2.36, 2.672530009647819e7], [2.378, 2.683219256581069e7]]"
y_pb,[[8.0 17.0 19.0 23.0 22.0 15.0 -0.0 -0.0 -0.0 -0.0 -0.0 -0.0 -0.0 -0.0 -0.0 -0.0 -0.0 -0.0 -0.0 -0.0; -0.0 -0.0 -0.0 -0.0 -0.0 0.0 -0.0 -0.0 -0.0 -0.0 -0.0 -0.0 -0.0 -0.0 -0.0 -0.0 -0.0 -0.0 -0.0 -0.0; -0.0 -0.0 -0.0 -0.0 -0.0 -0.0 -0.0 -0.0 -0.0 0.0 -0.0 -0.0 -0.0 -0.0 -0.0 -0.0 -0.0 -0.0 -0.0 -0.0; -0.0 -0.0 -0.0 -0.0 -0.0 -0.0 -0.0 -0.0 -0.0 -0.0 0.0 -0.0 -0.0 -0.0 -0.0 -0.0 -0.0 -0.0 -0.0 -0.0;;;]]
x_bb,"[104.0, 0.0, 0.0, 0.0]"
x_box,"[104.0, 0.0, 0.0, 0.0]"
evol_zeta,"[[1.669, 26.4], [2.138, 22.125], [2.159, 21.0], [2.172, 16.0], [2.187, 11.11111111111111], [2.202, 10.100000000000003], [2.225, 7.0], [2.247, 5.000000000600011], [2.27, 3.625], [2.291, 2.6666666666666967], [2.303, 2.6000000000000014], [2.313, 1.0], [2.324, 1.0000000002000036], [2.358, 1.0000000002000036], [2.377, 1.0], [2.41, 0.0]]"
ξ_box,[8.0; 17.0; 19.0; 23.0; 22.0; 23.0; 23.0; 24.0; 26.0; 27.0; 26.0; 20.0; 18.0; 14.0; 11.0; 8.0; 4.0; 9.0; 12.0; 21.0;;]
