Solution times for 2 service points, 5 demand points, k=3
order: [BB, BB in place, box, box in place, iter]
seed: 853,	 times: [120.029, 120.006, 7.667, 10.22, 0.953] s 	 objectives: [846.716418485598, 936.8539406659004, 847.9524864630974, 847.9524864630977, 1213.4402743846867] 	 gaps: [0.0, 0.1065, 0.0015, 0.0015, 0.4331]
seed: 540,	 times: [120.01, 120.005, 17.238, 14.795, 0.221] s 	 objectives: [939.6419564380687, 939.6419564380687, 939.641956438069, 939.641956438069, 945.3678595102549] 	 gaps: [0.0, 0.0, 0.0, 0.0, 0.0061]
seed: 768,	 times: [120.001, 120.008, 21.033, 120.002, 0.472] s 	 objectives: [1190.548715901063, 1190.548715901063, 1008.6665691459384, 1008.6665691459384, 1098.7997559705689] 	 gaps: [0.1803, 0.1803, 0.0, 0.0, 0.0894]
seed: 936,	 times: [67.165, 72.746, 4.028, 2.557, 0.358] s 	 objectives: [580.9991334482228, 580.9991334482228, 580.9991334482228, 580.9991334482227, 793.131167804187] 	 gaps: [0.0, 0.0, 0.0, 0.0, 0.3651]
seed: 787,	 times: [120.002, 120.016, 9.166, 7.113, 0.256] s 	 objectives: [849.9830514133082, 849.9830514133082, 844.6584960929715, 844.6584960929715, 1029.049385238829] 	 gaps: [0.0063, 0.0063, 0.0, 0.0, 0.2183]
seed: 987,	 times: [120.01, 120.026, 11.207, 12.291, 0.211] s 	 objectives: [1073.7379245262262, 1072.7379245262264, 1070.7379245262264, 1070.7379245262264, 1166.0777358467922] 	 gaps: [0.0028, 0.0019, 0.0, 0.0, 0.089]
seed: 994,	 times: [120.001, 120.004, 6.554, 7.764, 0.236] s 	 objectives: [810.8066277699413, 891.2687402822945, 807.9756758750957, 807.9756758750959, 891.2687402822945] 	 gaps: [0.0035, 0.1031, 0.0, 0.0, 0.1031]
seed: 766,	 times: [120.024, 120.005, 26.656, 31.713, 0.206] s 	 objectives: [1126.3240271174964, 1224.5759630197012, 1124.5759630197012, 1124.5759630197012, 1324.5759630197008] 	 gaps: [0.0016, 0.0889, 0.0, 0.0, 0.1778]
seed: 546,	 times: [120.029, 120.016, 120.031, 8.01, 0.219] s 	 objectives: [899.0025737950934, 899.0025737950934, 992.8145210706588, 805.2339179431196, 992.8145210706589] 	 gaps: [0.1164, 0.1164, 0.233, 0.0, 0.233]
seed: 757,	 times: [120.007, 120.004, 8.046, 7.372, 0.232] s 	 objectives: [605.4653714606087, 667.1496178802762, 603.1183755059477, 603.1183755059477, 731.1808602546046] 	 gaps: [0.0039, 0.1062, 0.0, 0.0, 0.2123]
