first,second
s_box,[14.0; 0.0; 0.0; 3.0; 16.0; 17.0; 0.0; 27.0; 30.0; 14.0;;]
x_pb,"[1.0, 32.0, 22.0, -0.0, -0.0, -0.0]"
s_bb,[14.0; 0.0; 0.0; 3.0; 16.0; 17.0; 0.0; 27.0; 30.0; 14.0;;]
partition_bb,"[[[0.0, 0.0, 0.0, 0.0, 0.0, 0.0, 2.0, 18.0, 30.0, 6.0], [0.0, 0.0, 2.0, 8.0, 9.0, 11.0, 22.0, 6.0, 0.0, 0.0], [0.0, 1.0, 18.0, 14.0, 12.0, 10.0, 0.0, 0.0, 0.0, 0.0], [14.0, 1.0, 0.0, 0.0, 0.0, 0.0, 0.0, 0.0, 8.0, 14.0], [0.0, 0.0, 0.0, 1.0, 2.0, 4.0, 11.0, 27.0, 15.0, 0.0], [0.0, 0.0, 8.0, 13.0, 15.0, 17.0, 6.0, 0.0, 0.0, 0.0], [0.0, 0.0, 11.0, 17.0, 15.0, 13.0, 3.0, 0.0, 0.0, 0.0], [0.0, 0.0, 9.0, 14.0, 16.0, 14.0, 3.0, 0.0, 0.0, 0.0]]]"
y_box,[0.0 1.0 -0.0 -0.0 -0.0 -0.0 -0.0 -0.0 -0.0 -0.0; -0.0 -0.0 18.0 14.0 0.0 -0.0 -0.0 -0.0 -0.0 -0.0; -0.0 -0.0 -0.0 -0.0 -0.0 0.0 22.0 0.0 -0.0 -0.0; -0.0 -0.0 -0.0 -0.0 -0.0 -0.0 -0.0 -0.0 0.0 -0.0; -0.0 -0.0 -0.0 -0.0 -0.0 -0.0 -0.0 -0.0 -0.0 0.0; -0.0 -0.0 -0.0 -0.0 -0.0 -0.0 -0.0 -0.0 -0.0 -0.0;;;]
evol_bb,"[[0.298, 1.4327406806882747e7]]"
y_bb,[0.0 1.0 -0.0 -0.0 -0.0 -0.0 -0.0 -0.0 -0.0 -0.0; -0.0 -0.0 18.0 14.0 0.0 -0.0 -0.0 -0.0 -0.0 -0.0; -0.0 -0.0 -0.0 -0.0 -0.0 0.0 22.0 0.0 -0.0 -0.0; -0.0 -0.0 -0.0 -0.0 -0.0 -0.0 -0.0 -0.0 0.0 -0.0; -0.0 -0.0 -0.0 -0.0 -0.0 -0.0 -0.0 -0.0 -0.0 0.0; -0.0 -0.0 -0.0 -0.0 -0.0 -0.0 -0.0 -0.0 -0.0 -0.0;;;]
evol_box,"[[0.428, 0.0], [2.063, 119642.98102067283], [2.143, 6.039102272607464e6], [2.15, 8.762321421495404e6], [2.155, 1.1367255201843765e7], [2.161, 1.2432909930168092e7], [2.166, 1.3735376611300196e7], [2.171, 1.4209000725957822e7], [2.177, 1.4327406806882747e7]]"
y_pb,[[-0.0 1.0 -0.0 -0.0 -0.0 -0.0 -0.0 -0.0 -0.0 -0.0; -0.0 -0.0 18.0 14.0 -0.0 -0.0 -0.0 -0.0 -0.0 -0.0; -0.0 -0.0 -0.0 -0.0 -0.0 -0.0 22.0 -0.0 -0.0 -0.0; -0.0 -0.0 -0.0 -0.0 -0.0 -0.0 -0.0 -0.0 0.0 -0.0; -0.0 -0.0 -0.0 -0.0 -0.0 -0.0 -0.0 -0.0 -0.0 0.0; -0.0 -0.0 -0.0 -0.0 -0.0 -0.0 -0.0 -0.0 -0.0 0.0;;;]]
x_bb,"[1.0, 32.0, 22.0, 0.0, 0.0, 0.0]"
x_box,"[1.0, 32.0, 22.0, 0.0, 0.0, 0.0]"
evol_zeta,"[[1.709, 29.75], [2.142, 19.5], [2.149, 16.0], [2.154, 14.0], [2.159, 8.166666666666668], [2.164, 5.199999999999999], [2.17, 3.1999999999999993], [2.176, 0.8000000000000007], [2.181, 0.0]]"
ξ_box,[14.0; 1.0; 18.0; 17.0; 16.0; 17.0; 22.0; 27.0; 30.0; 14.0;;]
