first,second
s_box,[14.0 23.0 13.0; 5.0 19.0 13.0; 7.0 19.0 15.0; 0.0 8.0 1.0; 16.0 0.0 22.0; 19.0 0.0 10.0; 17.0 0.0 10.0; 0.0 8.0 0.0; 0.0 0.0 0.0; 29.0 29.0 23.0]
x_pb,"[-0.0, 13.0, -0.0, -0.0, 37.0, -0.0]"
s_bb,[23.0 2.0 -0.0; 20.0 -0.0 -0.0; 20.0 -0.0 -0.0; 11.0 -0.0 -0.0; 24.0 -0.0 -0.0; 19.0 -0.0 -0.0; 19.0 -0.0 -0.0; -0.0 -0.0 -0.0; -0.0 -0.0 -0.0; 33.0 -0.0 -0.0]
partition_bb,"[[[0.0, 0.0, 0.0, 0.0, 0.0, 0.0, 0.0, 2.0, 15.0, 33.0], [0.0, 0.0, 0.0, 4.0, 24.0, 0.0, 0.0, 8.0, 0.0, 14.0], [23.0, 14.0, 11.0, 5.0, 0.0, 0.0, 0.0, 0.0, 0.0, 0.0], [4.0, 0.0, 0.0, 0.0, 0.0, 19.0, 19.0, 8.0, 0.0, 0.0], [6.0, 8.0, 11.0, 24.0, 4.0, 0.0, 0.0, 0.0, 0.0, 0.0], [0.0, 0.0, 0.0, 0.0, 0.0, 0.0, 0.0, 8.0, 29.0, 11.0], [6.0, 15.0, 18.0, 5.0, 0.0, 0.0, 0.0, 0.0, 0.0, 7.0], [12.0, 19.0, 16.0, 3.0, 0.0, 0.0, 0.0, 0.0, 0.0, 0.0], [8.0, 17.0, 20.0, 7.0, 0.0, 0.0, 0.0, 0.0, 0.0, 2.0], [11.0, 20.0, 17.0, 4.0, 0.0, 0.0, 0.0, 0.0, 0.0, 0.0]], [[8.0, 17.0, 20.0, 7.0, 0.0, 0.0, 0.0, 0.0, 0.0, 0.0]], Vector{Float64}[]]"
y_box,[0.0 0.0 0.0 0.0 0.0 0.0 0.0 0.0 0.0 0.0; 0.0 0.0 0.0 20.0 0.0 0.0 0.0 0.0 0.0 0.0; 0.0 0.0 0.0 0.0 0.0 0.0 0.0 0.0 0.0 0.0; 0.0 0.0 0.0 0.0 0.0 0.0 0.0 0.0 0.0 0.0; 0.0 0.0 0.0 0.0 0.0 0.0 0.0 8.0 18.0 0.0; 0.0 0.0 0.0 0.0 0.0 0.0 0.0 0.0 0.0 4.0;;; 0.0 0.0 0.0 0.0 0.0 0.0 0.0 0.0 0.0 0.0; 0.0 0.0 0.0 16.0 4.0 0.0 0.0 0.0 0.0 0.0; 0.0 0.0 0.0 0.0 0.0 0.0 0.0 0.0 0.0 0.0; 0.0 0.0 0.0 0.0 0.0 0.0 0.0 0.0 0.0 0.0; 0.0 0.0 0.0 0.0 20.0 0.0 0.0 0.0 6.0 0.0; 0.0 0.0 0.0 0.0 0.0 0.0 0.0 0.0 4.0 0.0;;; 0.0 0.0 0.0 0.0 0.0 0.0 0.0 0.0 0.0 0.0; 7.0 0.0 0.0 13.0 0.0 0.0 0.0 0.0 0.0 0.0; 0.0 0.0 0.0 0.0 0.0 0.0 0.0 0.0 0.0 0.0; 0.0 0.0 0.0 0.0 0.0 0.0 0.0 0.0 0.0 0.0; 0.0 0.0 0.0 0.0 0.0 0.0 1.0 4.0 21.0 0.0; 0.0 0.0 0.0 0.0 0.0 0.0 0.0 0.0 4.0 0.0]
evol_bb,"[[8.951, 1.792739336278078e7], [593.33, 1.7927393362780776e7]]"
y_bb,[0.0 0.0 0.0 -0.0 -0.0 -0.0 -0.0 -0.0 -0.0 -0.0; -0.0 -0.0 0.0 13.0 0.0 -0.0 -0.0 -0.0 -0.0 -0.0; -0.0 -0.0 -0.0 -0.0 0.0 -0.0 -0.0 -0.0 -0.0 -0.0; -0.0 -0.0 -0.0 -0.0 -0.0 0.0 0.0 -0.0 -0.0 -0.0; -0.0 -0.0 -0.0 -0.0 -0.0 -0.0 -0.0 8.0 29.0 -0.0; -0.0 -0.0 -0.0 -0.0 -0.0 -0.0 -0.0 0.0 -0.0 0.0;;; -0.0 -0.0 0.0 -0.0 -0.0 -0.0 -0.0 -0.0 -0.0 -0.0; -0.0 13.0 -0.0 0.0 -0.0 -0.0 -0.0 -0.0 -0.0 -0.0; -0.0 -0.0 0.0 -0.0 -0.0 -0.0 -0.0 -0.0 -0.0 -0.0; -0.0 0.0 0.0 -0.0 -0.0 -0.0 -0.0 -0.0 -0.0 -0.0; 6.0 4.0 20.0 7.0 -0.0 -0.0 -0.0 -0.0 -0.0 -0.0; -0.0 0.0 -0.0 -0.0 -0.0 -0.0 -0.0 -0.0 -0.0 -0.0;;; -0.0 -0.0 -0.0 -0.0 -0.0 -0.0 -0.0 -0.0 -0.0 -0.0; -0.0 -0.0 -0.0 -0.0 -0.0 -0.0 -0.0 -0.0 -0.0 -0.0; -0.0 -0.0 -0.0 -0.0 -0.0 -0.0 -0.0 -0.0 -0.0 -0.0; -0.0 -0.0 -0.0 -0.0 -0.0 -0.0 -0.0 -0.0 -0.0 -0.0; -0.0 -0.0 -0.0 -0.0 -0.0 -0.0 -0.0 -0.0 -0.0 -0.0; -0.0 -0.0 -0.0 -0.0 -0.0 -0.0 -0.0 -0.0 -0.0 -0.0]
evol_box,"[[0.445, 0.0], [1.934, 829.4663341030837], [2.029, 1535.5416840332778], [2.05, 319340.0489960245], [2.109, 2.3343840640576035e6], [2.194, 3.8197249261316005e6], [2.301, 3.819730187917592e6], [2.405, 4.668151123425778e6], [2.535, 4.774373727984196e6], [2.763, 5.410553565523223e6], [3.035, 5.728885727756751e6], [3.33, 6.259302865290707e6], [3.684, 6.36537836565953e6], [4.201, 7.001760959149246e6], [4.586, 7.00195861588521e6], [5.051, 7.2140491830421155e6], [5.667, 7.532122436008137e6], [6.735, 7.532156591361054e6], [7.338, 7.532332527823424e6], [8.151, 7.638246893605345e6], [9.307, 7.956436403642999e6], [10.478, 8.062733489332572e6], [11.965, 8.1685152699044645e6], [12.941, 8.168520175425814e6], [13.91, 8.1685201754258135e6], [15.958, 8.168632281241821e6], [17.145, 8.274647331197613e6], [19.088, 8.274696404142581e6], [20.249, 8.380771848991989e6], [22.493, 8.80496793900092e6], [25.305, 8.911043383850329e6], [27.639, 8.911156577626111e6], [30.517, 9.01717866389986e6], [33.832, 9.123194241813242e6], [36.951, 9.123277059241654e6], [40.69, 9.229376327572513e6], [44.585, 9.335318234703975e6], [48.182, 9.441518111487942e6], [52.78, 9.441560559195604e6], [57.193, 9.547623010457909e6], [62.487, 9.653548554988299e6], [68.422, 9.653710393735627e6], [75.39, 9.653829583991343e6], [86.361, 9.865695458951019e6], [92.143, 9.86576625600803e6], [100.284, 9.865810252573632e6], [107.299, 9.865855068631621e6], [117.718, 9.971895718435453e6], [128.671, 1.0077990288531184e7], [145.285, 1.018401875980503e7], [160.092, 1.0184036965266095e7], [178.981, 1.0184036965266095e7], [198.534, 1.0290032130680347e7], [226.209, 1.029008400209277e7], [243.054, 1.0290177949243896e7], [262.183, 1.0290209515825849e7], [286.136, 1.0396072683198063e7], [315.652, 1.0396072683198063e7], [354.591, 1.0396073602983316e7], [385.776, 1.0396187476820676e7], [418.898, 1.0396188044804217e7], [452.468, 1.0502265246378185e7], [493.37, 1.0608227252037894e7], [533.504, 1.060824974214565e7], [574.289, 1.0608259385013826e7], [624.721, 1.0608261531179417e7], [679.401, 1.0714299017746288e7], [748.823, 1.0714299017746288e7], [802.74, 1.0714367775631066e7], [853.856, 1.0714390004295183e7], [935.213, 1.0820458007583428e7], [1080.458, 1.0926453586586121e7], [1184.047, 1.0926467859807767e7], [1300.219, 1.0926485719562056e7], [1386.703, 1.1032778806019288e7], [1492.447, 1.1138665776578825e7], [1662.779, 1.1138684342131656e7], [1772.289, 1.1138689799662005e7], [1948.974, 1.1244677161778588e7], [2079.0, 1.1244703170537326e7], [2217.129, 1.1244768149972226e7], [2449.647, 1.1350751686842743e7], [2701.377, 1.1350751686842743e7], [3003.071, 1.135078688576952e7], [3266.55, 1.1350778615386732e7], [3525.101, 1.1350788817948401e7], [3600.035, 1.135081574649239e7]]"
y_pb,[[-0.0 -0.0 -0.0 0.0 -0.0 -0.0 -0.0 -0.0 -0.0 -0.0; -0.0 -0.0 -0.0 13.0 -0.0 -0.0 -0.0 -0.0 -0.0 -0.0; -0.0 -0.0 -0.0 -0.0 0.0 -0.0 -0.0 -0.0 -0.0 -0.0; -0.0 -0.0 -0.0 -0.0 -0.0 -0.0 0.0 -0.0 -0.0 -0.0; -0.0 -0.0 -0.0 -0.0 -0.0 -0.0 -0.0 8.0 29.000000000000004 -0.0; -0.0 -0.0 -0.0 -0.0 -0.0 -0.0 -0.0 -0.0 0.0 -0.0;;;]]
x_bb,"[-0.0, 13.0, -0.0, -0.0, 37.0, 0.0]"
x_box,"[0.0, 20.0, 0.0, 0.0, 26.0, 4.0]"
evol_zeta,"[[1.595, 33.0], [2.009, 24.0], [2.038, 22.25], [2.059, 21.799999999999997], [2.12, 19.0], [2.211, 18.4], [2.314, 17.8], [2.416, 17.75], [2.548, 16.16666666666666], [2.777, 16.2], [3.049, 16.6], [3.346, 14.2], [3.703, 14.000004998505027], [4.214, 15.75], [4.598, 15.75], [5.068, 14.333333333333336], [5.693, 13.400000000000016], [6.751, 12.000000001300002], [7.352, 12.000000001300002], [8.171, 13.200000000000003], [9.326, 14.600000000000001], [10.497, 11.333333333333334], [11.979, 14.333333333333329], [12.958, 12.0], [13.929, 10.25], [15.975, 11.333333334566674], [17.164, 11.400000000000002], [19.102, 11.999999999999998], [20.26, 10.666666666666666], [22.504, 12.2], [25.321, 12.6], [27.66, 9.166666666666666], [30.538, 9.25], [33.846, 9.66666666666667], [36.974, 8.600000000000001], [40.709, 9.166666666666679], [44.599, 12.600000000000001], [48.195, 8.4], [52.799, 9.49999936238666], [57.206, 10.8], [62.514, 8.4], [68.441, 8.142857142857144], [75.403, 13.6], [86.383, 8.333333333333332], [92.158, 13.200000000000001], [100.304, 8.666666667633336], [107.318, 7.833333334216668], [117.732, 9.0], [128.685, 8.999999999999996], [145.298, 9.0], [160.108, 7.833333334216668], [178.997, 8.600000000960002], [198.557, 8.0], [226.216, 8.666666666666664], [243.07, 8.8], [262.197, 9.999999999999998], [286.158, 7.5], [315.667, 9.142857142857142], [354.602, 8.200000000000001], [385.797, 7.0], [418.916, 6.0], [452.488, 7.999999999999998], [493.386, 8.4], [533.524, 6.666666666666668], [574.314, 6.166666667383332], [624.735, 8.5], [679.413, 12.0], [748.847, 5.666666666666666], [802.76, 7.25], [853.885, 5.5000000006500045], [935.236, 6.000000000000002], [1080.471, 8.666666666666671], [1184.067, 7.0], [1300.256, 5.5000000006500045], [1386.718, 9.0], [1492.471, 6.600000000000001], [1662.801, 5.4], [1772.311, 5.200000000620001], [1948.999, 4.999999999999998], [2079.014, 8.6], [2217.143, 8.500000000000004], [2449.663, 7.0], [2701.401, 6.199999999999999], [3003.086, 7.4], [3266.573, 5.799999999999998], [3525.123, 7.0], [3600.051, 0.0]]"
ξ_box,[14.0 23.0 20.0; 5.0 19.0 13.0; 7.0 19.0 15.0; 20.0 24.0 14.0; 16.0 24.0 22.0; 19.0 0.0 10.0; 17.0 0.0 11.0; 8.0 8.0 4.0; 18.0 10.0 25.0; 33.0 28.0 23.0]
