first,second
s_box,[29.0 19.0 0.0 22.0 0.0; 0.0 0.0 3.0 16.0 0.0; 15.0 0.0 21.0 6.0 23.0; 0.0 0.0 1.0 22.0 28.0; 0.0 6.0 0.0 0.0 0.0; 15.0 25.0 17.0 0.0 0.0; 12.0 30.0 11.0 3.0 16.0; 13.0 4.0 32.0 15.0 0.0; 0.0 0.0 0.0 0.0 0.0; 0.0 0.0 0.0 0.0 14.0]
x_pb,"[-0.0, -0.0, -0.0, 1.0, -0.0, 63.0]"
s_bb,[32.0 -0.0 -0.0 -0.0 -0.0; 30.0 -0.0 -0.0 -0.0 -0.0; 30.0 -0.0 -0.0 -0.0 -0.0; 29.0 -0.0 -0.0 -0.0 -0.0; 29.0 -0.0 -0.0 -0.0 -0.0; 29.0 -0.0 -0.0 -0.0 -0.0; 29.0 -0.0 -0.0 -0.0 -0.0; 32.0 -0.0 -0.0 -0.0 -0.0; 0.0 -0.0 -0.0 -0.0 -0.0; 0.0 -0.0 -0.0 -0.0 -0.0]
partition_bb,"[[[32.0, 25.0, 7.0, 0.0, 0.0, 0.0, 0.0, 0.0, 0.0, 0.0], [0.0, 0.0, 0.0, 0.0, 0.0, 12.0, 13.0, 32.0, 6.0, 4.0], [0.0, 0.0, 9.0, 29.0, 28.0, 1.0, 0.0, 0.0, 0.0, 0.0], [0.0, 0.0, 0.0, 0.0, 0.0, 0.0, 0.0, 4.0, 30.0, 32.0], [5.0, 12.0, 30.0, 10.0, 9.0, 0.0, 0.0, 0.0, 0.0, 0.0], [0.0, 0.0, 0.0, 1.0, 2.0, 29.0, 24.0, 9.0, 0.0, 0.0], [0.0, 0.0, 0.0, 0.0, 0.0, 25.0, 30.0, 11.0, 0.0, 0.0], [23.0, 30.0, 12.0, 0.0, 0.0, 0.0, 0.0, 0.0, 0.0, 0.0], [0.0, 0.0, 0.0, 0.0, 0.0, 0.0, 0.0, 5.0, 31.0, 29.0], [0.0, 0.0, 8.0, 28.0, 29.0, 2.0, 0.0, 0.0, 0.0, 0.0]], Vector{Float64}[], Vector{Float64}[], Vector{Float64}[], Vector{Float64}[]]"
y_box,[0.0 0.0 0.0 0.0 0.0 0.0 0.0 0.0 0.0 0.0; 0.0 0.0 0.0 0.0 0.0 0.0 0.0 0.0 0.0 0.0; 0.0 0.0 0.0 0.0 0.0 0.0 0.0 0.0 0.0 0.0; 0.0 0.0 0.0 0.0 0.0 0.0 0.0 0.0 2.0 0.0; 0.0 0.0 0.0 0.0 0.0 0.0 0.0 0.0 0.0 0.0; 3.0 25.0 0.0 0.0 0.0 0.0 0.0 0.0 17.0 17.0;;; 0.0 0.0 0.0 0.0 0.0 0.0 0.0 0.0 0.0 0.0; 0.0 0.0 0.0 0.0 0.0 0.0 0.0 0.0 0.0 0.0; 0.0 0.0 0.0 0.0 0.0 0.0 0.0 0.0 0.0 0.0; 0.0 0.0 0.0 0.0 0.0 0.0 0.0 2.0 0.0 0.0; 0.0 0.0 0.0 0.0 0.0 0.0 0.0 0.0 0.0 0.0; 0.0 12.0 26.0 6.0 0.0 0.0 0.0 18.0 0.0 0.0;;; 0.0 0.0 0.0 0.0 0.0 0.0 0.0 0.0 0.0 0.0; 0.0 0.0 0.0 0.0 0.0 0.0 0.0 0.0 0.0 0.0; 0.0 0.0 0.0 0.0 0.0 0.0 0.0 0.0 0.0 0.0; 0.0 0.0 0.0 0.0 0.0 0.0 2.0 0.0 0.0 0.0; 0.0 0.0 0.0 0.0 0.0 0.0 0.0 0.0 0.0 0.0; 0.0 0.0 0.0 0.0 0.0 0.0 0.0 0.0 30.0 32.0;;; 0.0 0.0 0.0 0.0 0.0 0.0 0.0 0.0 0.0 0.0; 0.0 0.0 0.0 0.0 0.0 0.0 0.0 0.0 0.0 0.0; 0.0 0.0 0.0 0.0 0.0 0.0 0.0 0.0 0.0 0.0; 0.0 0.0 0.0 0.0 0.0 2.0 0.0 0.0 0.0 0.0; 0.0 0.0 0.0 0.0 0.0 0.0 0.0 0.0 0.0 0.0; 0.0 0.0 0.0 0.0 23.0 0.0 0.0 7.0 17.0 15.0;;; 0.0 0.0 0.0 0.0 0.0 0.0 0.0 0.0 0.0 0.0; 0.0 0.0 0.0 0.0 0.0 0.0 0.0 0.0 0.0 0.0; 0.0 0.0 0.0 0.0 0.0 0.0 0.0 0.0 0.0 0.0; 0.0 0.0 0.0 0.0 0.0 1.0 1.0 0.0 0.0 0.0; 0.0 0.0 0.0 0.0 0.0 0.0 0.0 0.0 0.0 0.0; 0.0 5.0 0.0 0.0 29.0 16.0 0.0 0.0 12.0 0.0]
evol_bb,"[[3251.634, 2.8948196416712712e7]]"
y_bb,[0.0 0.0 0.0 -0.0 -0.0 -0.0 -0.0 -0.0 -0.0 -0.0; -0.0 -0.0 -0.0 -0.0 -0.0 -0.0 -0.0 -0.0 -0.0 -0.0; -0.0 -0.0 -0.0 -0.0 -0.0 -0.0 -0.0 -0.0 -0.0 -0.0; -0.0 -0.0 -0.0 0.0 0.0 0.0 1.0 -0.0 -0.0 -0.0; -0.0 -0.0 -0.0 -0.0 -0.0 -0.0 -0.0 0.0 -0.0 -0.0; -0.0 -0.0 -0.0 -0.0 -0.0 -0.0 -0.0 -0.0 31.0 32.0;;; -0.0 -0.0 -0.0 -0.0 -0.0 -0.0 -0.0 -0.0 -0.0 -0.0; -0.0 -0.0 -0.0 -0.0 -0.0 -0.0 -0.0 -0.0 -0.0 -0.0; -0.0 -0.0 -0.0 -0.0 -0.0 -0.0 -0.0 -0.0 -0.0 -0.0; -0.0 -0.0 -0.0 -0.0 -0.0 -0.0 -0.0 -0.0 -0.0 -0.0; -0.0 -0.0 -0.0 -0.0 -0.0 -0.0 -0.0 -0.0 -0.0 -0.0; -0.0 -0.0 -0.0 -0.0 -0.0 -0.0 -0.0 -0.0 -0.0 -0.0;;; -0.0 -0.0 -0.0 -0.0 -0.0 -0.0 -0.0 -0.0 -0.0 -0.0; -0.0 -0.0 -0.0 -0.0 -0.0 -0.0 -0.0 -0.0 -0.0 -0.0; -0.0 -0.0 -0.0 -0.0 -0.0 -0.0 -0.0 -0.0 -0.0 -0.0; -0.0 -0.0 -0.0 -0.0 -0.0 -0.0 -0.0 -0.0 -0.0 -0.0; -0.0 -0.0 -0.0 -0.0 -0.0 -0.0 -0.0 -0.0 -0.0 -0.0; -0.0 -0.0 -0.0 -0.0 -0.0 -0.0 -0.0 -0.0 -0.0 -0.0;;; -0.0 -0.0 -0.0 -0.0 -0.0 -0.0 -0.0 -0.0 -0.0 -0.0; -0.0 -0.0 -0.0 -0.0 -0.0 -0.0 -0.0 -0.0 -0.0 -0.0; -0.0 -0.0 -0.0 -0.0 -0.0 -0.0 -0.0 -0.0 -0.0 -0.0; -0.0 -0.0 -0.0 -0.0 -0.0 -0.0 -0.0 -0.0 -0.0 -0.0; -0.0 -0.0 -0.0 -0.0 -0.0 -0.0 -0.0 -0.0 -0.0 -0.0; -0.0 -0.0 -0.0 -0.0 -0.0 -0.0 -0.0 -0.0 -0.0 -0.0;;; -0.0 -0.0 -0.0 -0.0 -0.0 -0.0 -0.0 -0.0 -0.0 -0.0; -0.0 -0.0 -0.0 -0.0 -0.0 -0.0 -0.0 -0.0 -0.0 -0.0; -0.0 -0.0 -0.0 -0.0 -0.0 -0.0 -0.0 -0.0 -0.0 -0.0; -0.0 -0.0 -0.0 -0.0 -0.0 -0.0 -0.0 -0.0 -0.0 -0.0; -0.0 -0.0 -0.0 -0.0 -0.0 -0.0 -0.0 -0.0 -0.0 -0.0; -0.0 -0.0 -0.0 -0.0 -0.0 -0.0 -0.0 -0.0 -0.0 -0.0]
evol_box,"[[0.439, 0.0], [2.151, 1034.0784587806058], [2.274, 362775.7360672208], [2.323, 364157.2439861478], [2.412, 364157.2439861478], [2.62, 725243.0318815734], [3.429, 3.257486872454835e6], [3.748, 3.2583498862748216e6], [4.2, 3.258365130563831e6], [4.68, 4.584281371954282e6], [5.815, 4.704808852148697e6], [6.95, 5.6694853316234555e6], [9.71, 6.272702049491495e6], [11.939, 6.634960138836095e6], [14.741, 6.755468852579625e6], [20.016, 7.117031153887333e6], [25.271, 7.35818028881125e6], [29.918, 7.478766678302038e6], [40.11, 7.96117330953655e6], [50.905, 7.961445240187095e6], [68.884, 8.202402227220309e6], [96.656, 8.202609064240325e6], [135.186, 8.564312259192683e6], [176.708, 8.684907475047413e6], [217.753, 8.684913781556278e6], [273.511, 8.685081578469737e6], [331.619, 8.685527256372502e6], [432.823, 8.805477678552892e6], [545.199, 8.92643268795948e6], [685.634, 9.167369730387393e6], [1031.032, 9.167814776029333e6], [1309.562, 9.287938039618962e6], [1547.907, 9.408553129885476e6], [1777.011, 9.408602269467875e6], [2254.42, 9.891347584375642e6], [2615.18, 1.001162858121806e7], [3231.337, 1.0011687992506478e7], [3600.015, 1.0252858761751093e7]]"
y_pb,[[0.0 -0.0 -0.0 -0.0 -0.0 -0.0 -0.0 -0.0 -0.0 -0.0; -0.0 -0.0 0.0 -0.0 -0.0 -0.0 -0.0 -0.0 -0.0 -0.0; -0.0 -0.0 -0.0 -0.0 -0.0 0.0 -0.0 -0.0 -0.0 -0.0; -0.0 -0.0 -0.0 -0.0 -0.0 -0.0 1.0 -0.0 -0.0 -0.0; -0.0 -0.0 -0.0 -0.0 -0.0 -0.0 0.0 -0.0 -0.0 -0.0; -0.0 -0.0 -0.0 -0.0 -0.0 -0.0 -0.0 -0.0 31.0 32.0;;;]]
x_bb,"[0.0, 0.0, 0.0, 1.0, 0.0, 63.0]"
x_box,"[0.0, 0.0, 0.0, 2.0, 0.0, 62.0]"
evol_zeta,"[[1.711, 32.0], [2.236, 31.4], [2.295, 28.25], [2.363, 27.333333333333332], [2.45, 23.142857142857142], [2.663, 22.000000002300013], [3.479, 20.8], [3.801, 19.200000002020005], [4.249, 19.0], [4.711, 18.25], [5.862, 17.000000001800004], [7.016, 16.8], [9.763, 18.2], [11.99, 16.75], [14.791, 15.500000001650001], [20.076, 15.25], [25.321, 16.50000000175001], [29.972, 15.5], [40.171, 14.600000001560005], [50.956, 14.25000000152501], [68.947, 14.0], [96.705, 13.4], [135.235, 13.4], [176.76, 14.500000001550017], [217.807, 13.399999999999999], [273.577, 13.399999999999995], [331.684, 13.200000001420001], [432.878, 13.0], [545.25, 12.333333333333332], [685.686, 12.000000001300002], [1031.098, 12.166666666666666], [1309.623, 12.4], [1547.966, 12.000000000000021], [1777.079, 11.333333333333336], [2254.498, 11.0], [2615.231, 11.833333333333332], [3231.406, 11.142857144071435], [3600.031, 0.0]]"
ξ_box,[32.0 19.0 -0.0 22.0 -0.0; 25.0 12.0 3.0 16.0 5.0; 15.0 26.0 21.0 2.0 23.0; -0.0 6.0 1.0 22.0 28.0; 0.0 5.0 -0.0 23.0 29.0; 14.0 25.0 17.0 2.0 17.0; 12.0 30.0 13.0 3.0 17.0; 13.0 24.0 32.0 22.0 -0.0; 19.0 0.0 30.0 17.0 12.0; 17.0 0.0 32.0 15.0 14.0]
