first,second
s_box,[0.0 28.0 19.0; 2.0 0.0 23.0; 0.0 18.0 18.0; 28.0 18.0 4.0; 0.0 0.0 0.0; 16.0 0.0 25.0; 11.0 9.0 0.0; 15.0 0.0 12.0; 33.0 29.0 18.0; 15.0 17.0 0.0]
x_pb,"[4.0000000000000036, 25.0, 27.999999999999996, -0.0, -0.0, -0.0]"
s_bb,[24.0 -0.0 -0.0; 27.0 -0.0 -0.0; -0.0 -0.0 -0.0; 28.0 -0.0 -0.0; 0.0 -0.0 -0.0; 25.0 -0.0 -0.0; 24.0 -0.0 -0.0; 25.0 -0.0 -0.0; 33.0 -0.0 -0.0; 17.0 -0.0 -0.0]
partition_bb,"[[[0.0, 0.0, 0.0, 0.0, 0.0, 0.0, 3.0, 7.0, 33.0, 14.0], [0.0, 0.0, 14.0, 28.0, 16.0, 1.0, 0.0, 0.0, 0.0, 0.0], [28.0, 20.0, 11.0, 0.0, 0.0, 0.0, 0.0, 0.0, 0.0, 0.0], [0.0, 0.0, 0.0, 0.0, 5.0, 25.0, 15.0, 13.0, 0.0, 0.0], [0.0, 0.0, 7.0, 16.0, 28.0, 8.0, 0.0, 0.0, 0.0, 0.0], [0.0, 0.0, 0.0, 0.0, 0.0, 13.0, 21.0, 25.0, 0.0, 0.0], [8.0, 9.0, 25.0, 11.0, 4.0, 0.0, 0.0, 0.0, 0.0, 0.0], [19.0, 27.0, 11.0, 0.0, 0.0, 0.0, 0.0, 0.0, 0.0, 0.0], [0.0, 0.0, 0.0, 0.0, 0.0, 3.0, 0.0, 0.0, 3.0, 17.0], [0.0, 0.0, 0.0, 0.0, 0.0, 14.0, 24.0, 20.0, 0.0, 0.0]], [[3.0, 0.0, 0.0, 0.0, 0.0, 7.0, 17.0, 13.0, 0.0, 17.0]], Vector{Float64}[]]"
y_box,[14.0 4.0 0.0 0.0 0.0 0.0 0.0 0.0 0.0 0.0; 0.0 0.0 14.0 0.0 0.0 0.0 0.0 0.0 0.0 0.0; 0.0 0.0 0.0 0.0 25.0 0.0 0.0 0.0 0.0 0.0; 0.0 0.0 0.0 0.0 0.0 0.0 0.0 0.0 0.0 0.0; 0.0 0.0 0.0 0.0 0.0 0.0 0.0 0.0 0.0 0.0; 0.0 0.0 0.0 0.0 0.0 0.0 0.0 0.0 0.0 0.0;;; 0.0 17.0 0.0 1.0 0.0 0.0 0.0 0.0 0.0 0.0; 0.0 1.0 2.0 0.0 11.0 0.0 0.0 0.0 0.0 0.0; 0.0 5.0 1.0 0.0 8.0 0.0 0.0 11.0 0.0 0.0; 0.0 0.0 0.0 0.0 0.0 0.0 0.0 0.0 0.0 0.0; 0.0 0.0 0.0 0.0 0.0 0.0 0.0 0.0 0.0 0.0; 0.0 0.0 0.0 0.0 0.0 0.0 0.0 0.0 0.0 0.0;;; 0.0 0.0 0.0 0.0 15.0 0.0 1.0 0.0 0.0 2.0; 0.0 0.0 0.0 0.0 0.0 0.0 0.0 0.0 0.0 14.0; 0.0 0.0 0.0 0.0 0.0 0.0 19.0 6.0 0.0 0.0; 0.0 0.0 0.0 0.0 0.0 0.0 0.0 0.0 0.0 0.0; 0.0 0.0 0.0 0.0 0.0 0.0 0.0 0.0 0.0 0.0; 0.0 0.0 0.0 0.0 0.0 0.0 0.0 0.0 0.0 0.0]
evol_bb,"[[143.084, 2.488334331855577e7], [756.978, 2.4883343318555765e7]]"
y_bb,[4.0 0.0 -0.0 -0.0 -0.0 -0.0 -0.0 -0.0 -0.0 -0.0; -0.0 -0.0 25.0 0.0 -0.0 -0.0 -0.0 -0.0 -0.0 -0.0; -0.0 -0.0 -0.0 -0.0 28.0 -0.0 -0.0 -0.0 -0.0 -0.0; -0.0 -0.0 -0.0 -0.0 -0.0 0.0 -0.0 -0.0 -0.0 -0.0; -0.0 -0.0 -0.0 -0.0 -0.0 -0.0 -0.0 -0.0 0.0 -0.0; -0.0 -0.0 -0.0 -0.0 -0.0 -0.0 -0.0 -0.0 -0.0 -0.0;;; -0.0 -0.0 -0.0 -0.0 -0.0 -0.0 4.0 -0.0 -0.0 0.0; 1.0 -0.0 -0.0 -0.0 -0.0 7.0 -0.0 -0.0 -0.0 17.0; 2.0 -0.0 -0.0 -0.0 -0.0 0.0 13.0 13.0 -0.0 -0.0; -0.0 -0.0 -0.0 -0.0 -0.0 -0.0 0.0 -0.0 -0.0 -0.0; -0.0 -0.0 -0.0 -0.0 -0.0 -0.0 0.0 -0.0 -0.0 -0.0; -0.0 -0.0 -0.0 -0.0 -0.0 -0.0 0.0 0.0 -0.0 -0.0;;; -0.0 -0.0 -0.0 -0.0 -0.0 -0.0 -0.0 -0.0 -0.0 -0.0; -0.0 -0.0 -0.0 -0.0 -0.0 -0.0 -0.0 -0.0 -0.0 -0.0; -0.0 -0.0 -0.0 -0.0 -0.0 -0.0 -0.0 -0.0 -0.0 -0.0; -0.0 -0.0 -0.0 -0.0 -0.0 -0.0 -0.0 -0.0 -0.0 -0.0; -0.0 -0.0 -0.0 -0.0 -0.0 -0.0 -0.0 -0.0 -0.0 -0.0; -0.0 -0.0 -0.0 -0.0 -0.0 -0.0 -0.0 -0.0 -0.0 -0.0]
evol_box,"[[0.403, 0.0], [1.992, 2118.3982731549536], [2.103, 245554.60673395995], [2.169, 245974.7424912847], [2.291, 5.884680103947841e6], [2.408, 5.884680103947842e6], [2.625, 5.884680103947842e6], [2.766, 6.129168334788391e6], [2.969, 6.129168334788391e6], [3.188, 7.968142867303841e6], [3.536, 8.090437975888518e6], [3.763, 8.703262293430448e6], [4.215, 9.193877465250373e6], [4.791, 9.56137116420858e6], [5.607, 1.005161055624687e7], [6.392, 1.005161055624687e7], [7.132, 1.0174238590150833e7], [8.234, 1.0296995144800361e7], [9.056, 1.0541921126145873e7], [10.069, 1.066464378648382e7], [11.59, 1.0787251765714386e7], [13.243, 1.0787251765714388e7], [14.92, 1.1154875780979691e7], [16.488, 1.1277368934578015e7], [18.093, 1.1400035547151187e7], [19.939, 1.1522528636902623e7], [22.16, 1.164512217981545e7], [24.957, 1.1645138782262765e7], [28.196, 1.1890255290402817e7], [31.927, 1.1890305131425686e7], [35.489, 1.2012840657411398e7], [39.044, 1.2135431392740147e7], [43.989, 1.213553285166771e7], [48.305, 1.2380557495069826e7], [52.768, 1.2503141895844609e7], [56.638, 1.2503168742538327e7], [62.547, 1.2503242286932588e7], [67.293, 1.2625734233585952e7], [72.195, 1.26257374196254e7], [78.562, 1.2870863521955077e7], [84.846, 1.2870876204460587e7], [90.746, 1.2870885985746553e7], [102.7, 1.3116032646669155e7], [112.517, 1.311603905787895e7], [124.88, 1.3116083381079653e7], [133.458, 1.3116110481963359e7], [146.174, 1.323860146604082e7], [158.121, 1.3238604274014752e7], [167.283, 1.3238608654156635e7], [181.255, 1.3361169548840329e7], [203.853, 1.3361186396683935e7], [228.071, 1.348375561110733e7], [254.435, 1.3483779878327755e7], [281.695, 1.360632638450123e7], [329.317, 1.3606345026074428e7], [366.554, 1.3606352673180778e7], [393.816, 1.3606420679898033e7], [425.326, 1.3728912212009141e7], [483.051, 1.3728939176472263e7], [517.016, 1.3851506522128627e7], [556.051, 1.3851508725278398e7], [622.707, 1.3974061637992581e7], [662.742, 1.3974074546238367e7], [755.148, 1.3974079366924306e7], [879.409, 1.3974096878464054e7], [961.649, 1.4219216327785255e7], [1041.34, 1.4219237473775314e7], [1131.404, 1.4219246638240255e7], [1329.441, 1.4341781602610828e7], [1514.016, 1.4341816118117154e7], [1635.254, 1.4464368444363084e7], [1771.504, 1.4464388008874685e7], [1948.026, 1.4586945906638963e7], [2288.872, 1.4586949919784382e7], [2597.294, 1.4586950271004168e7], [2938.824, 1.4586973542336162e7], [3440.334, 1.4587000814534985e7], [3600.073, 1.4709517016394826e7]]"
y_pb,[[4.0000000000000036 -0.0 -0.0 -0.0 -0.0 -0.0 -0.0 -0.0 -0.0 -0.0; -0.0 -0.0 25.0 -0.0 -0.0 -0.0 -0.0 -0.0 -0.0 -0.0; -0.0 -0.0 -0.0 -0.0 28.0 -0.0 -0.0 -0.0 -0.0 -0.0; -0.0 -0.0 -0.0 -0.0 0.0 -0.0 -0.0 -0.0 -0.0 -0.0; -0.0 -0.0 -0.0 -0.0 -0.0 -0.0 -0.0 -0.0 0.0 -0.0; -0.0 -0.0 -0.0 -0.0 -0.0 -0.0 -0.0 -0.0 0.0 -0.0;;;]]
x_bb,"[4.0, 25.0, 28.0, 0.0, -0.0, 0.0]"
x_box,"[18.0, 14.0, 25.0, 0.0, 0.0, 0.0]"
evol_zeta,"[[1.64, 33.0], [2.069, 27.5], [2.113, 27.333333333333336], [2.185, 23.75], [2.306, 20.5], [2.424, 18.8], [2.644, 18.0], [2.787, 17.5], [2.989, 17.142857142857142], [3.206, 17.0], [3.558, 15.5], [3.784, 15.0], [4.241, 14.333333333333336], [4.804, 17.4], [5.629, 15.0], [6.412, 14.833333333333353], [7.155, 17.0], [8.257, 15.2], [9.078, 14.285714285714288], [10.085, 14.285714285714288], [11.613, 13.833333333333336], [13.265, 14.333333333333336], [14.936, 14.0], [16.512, 13.166666666666666], [18.115, 13.5], [19.961, 12.5], [22.187, 13.833333333333332], [25.034, 12.999999999999996], [28.21, 15.8], [31.946, 14.599999013665336], [35.506, 13.666666666666664], [39.081, 13.142857142857146], [44.007, 13.571428571428571], [48.32, 15.0], [52.787, 12.5], [56.654, 14.199999999999996], [62.562, 11.166666666666668], [67.311, 12.2], [72.221, 11.800000000000004], [78.59, 11.571428571428573], [84.862, 11.999999999999995], [90.761, 13.166666666666666], [102.716, 10.666666666666663], [112.531, 12.2], [124.897, 11.666666666666666], [133.476, 10.666666666666666], [146.189, 13.666666666666664], [158.137, 11.285714285714292], [167.303, 9.666666666666666], [181.273, 11.6], [203.878, 10.714285714285715], [228.088, 12.4], [254.452, 11.833333333333337], [281.712, 11.599999999999998], [329.336, 11.8], [366.573, 10.399999999999999], [393.835, 11.666666666666664], [425.349, 11.285714285714286], [483.069, 10.999999999999986], [517.039, 11.799999999999997], [556.076, 9.75], [622.727, 9.2], [662.769, 8.833333333333336], [755.165, 11.666666666666668], [879.428, 9.0], [961.667, 11.5], [1041.366, 7.800000000000006], [1131.433, 10.0], [1329.46, 9.333333333333334], [1514.037, 9.6], [1635.271, 12.333333333333332], [1771.53, 7.800000000000001], [1948.043, 10.5], [2288.889, 9.4], [2597.311, 9.799999999999997], [2938.843, 8.499999999999998], [3440.352, 13.8], [3600.09, 0.0]]"
ξ_box,[14.0 28.0 19.0; 6.0 23.0 23.0; 14.0 21.0 18.0; 28.0 19.0 4.0; 25.0 19.0 15.0; 16.0 -0.0 25.0; 11.0 9.0 20.0; 15.0 11.0 18.0; 33.0 29.0 18.0; 15.0 17.0 16.0]
