first,second
s_box,[0.0 12.0 18.0 0.0 0.0; 25.0 0.0 4.0 0.0 12.0; 12.0 15.0 0.0 0.0 24.0; 0.0 0.0 0.0 0.0 0.0; 0.0 8.0 0.0 21.0 0.0; 0.0 0.0 0.0 27.0 0.0; 4.0 17.0 0.0 0.0 2.0; 0.0 11.0 25.0 15.0 6.0; 20.0 0.0 16.0 0.0 20.0; 0.0 0.0 0.0 0.0 0.0]
x_pb,"[-0.0, -0.0, 37.0, -0.0, 27.0, -0.0]"
s_bb,[31.0 -0.0 -0.0 -0.0 -0.0; 27.0 -0.0 -0.0 -0.0 -0.0; 27.0 -0.0 -0.0 -0.0 -0.0; 11.0 -0.0 -0.0 -0.0 -0.0; 0.0 -0.0 -0.0 -0.0 -0.0; 0.0 -0.0 -0.0 -0.0 -0.0; 29.0 -0.0 -0.0 -0.0 -0.0; 28.0 -0.0 -0.0 -0.0 -0.0; 20.0 -0.0 -0.0 -0.0 -0.0; 3.0 -0.0 -0.0 -0.0 -0.0]
partition_bb,"[[[31.0, 25.0, 8.0, 3.0, 1.0, 0.0, 0.0, 0.0, 0.0, 0.0], [0.0, 0.0, 0.0, 0.0, 0.0, 0.0, 29.0, 25.0, 11.0, 0.0], [0.0, 0.0, 2.0, 14.0, 21.0, 27.0, 0.0, 0.0, 0.0, 0.0], [4.0, 10.0, 27.0, 15.0, 8.0, 2.0, 0.0, 0.0, 0.0, 0.0], [0.0, 6.0, 2.0, 14.0, 7.0, 1.0, 5.0, 9.0, 20.0, 0.0], [0.0, 2.0, 12.0, 24.0, 17.0, 11.0, 0.0, 0.0, 0.0, 0.0], [11.0, 17.0, 0.0, 1.0, 8.0, 2.0, 10.0, 14.0, 0.0, 3.0], [0.0, 0.0, 5.0, 17.0, 24.0, 18.0, 0.0, 0.0, 0.0, 0.0], [0.0, 0.0, 0.0, 0.0, 0.0, 0.0, 24.0, 28.0, 14.0, 0.0], [21.0, 27.0, 10.0, 5.0, 3.0, 0.0, 0.0, 0.0, 0.0, 0.0]], Vector{Float64}[], Vector{Float64}[], Vector{Float64}[], Vector{Float64}[]]"
y_box,[0.0 0.0 0.0 2.0 0.0 0.0 8.0 8.0 0.0 0.0; 0.0 0.0 0.0 0.0 0.0 0.0 0.0 0.0 0.0 0.0; 0.0 0.0 0.0 0.0 0.0 0.0 0.0 0.0 0.0 0.0; 11.0 0.0 0.0 1.0 4.0 10.0 0.0 0.0 0.0 0.0; 20.0 0.0 0.0 0.0 0.0 0.0 0.0 0.0 0.0 0.0; 0.0 0.0 0.0 0.0 0.0 0.0 0.0 0.0 0.0 0.0;;; 0.0 14.0 0.0 0.0 0.0 4.0 0.0 0.0 0.0 0.0; 0.0 0.0 0.0 0.0 0.0 0.0 0.0 0.0 0.0 0.0; 0.0 0.0 0.0 0.0 0.0 0.0 0.0 0.0 0.0 0.0; 0.0 0.0 0.0 14.0 0.0 10.0 0.0 2.0 0.0 0.0; 0.0 0.0 0.0 1.0 0.0 0.0 0.0 0.0 19.0 0.0; 0.0 0.0 0.0 0.0 0.0 0.0 0.0 0.0 0.0 0.0;;; 0.0 8.0 10.0 0.0 0.0 0.0 0.0 0.0 0.0 0.0; 0.0 0.0 0.0 0.0 0.0 0.0 0.0 0.0 0.0 0.0; 0.0 0.0 0.0 0.0 0.0 0.0 0.0 0.0 0.0 0.0; 0.0 0.0 9.0 7.0 0.0 0.0 10.0 0.0 0.0 0.0; 0.0 0.0 0.0 0.0 0.0 0.0 20.0 0.0 0.0 0.0; 0.0 0.0 0.0 0.0 0.0 0.0 0.0 0.0 0.0 0.0;;; 0.0 1.0 17.0 0.0 0.0 0.0 0.0 0.0 0.0 0.0; 0.0 0.0 0.0 0.0 0.0 0.0 0.0 0.0 0.0 0.0; 0.0 0.0 0.0 0.0 0.0 0.0 0.0 0.0 0.0 0.0; 0.0 0.0 0.0 23.0 0.0 0.0 0.0 0.0 3.0 0.0; 0.0 0.0 0.0 1.0 0.0 0.0 19.0 0.0 0.0 0.0; 0.0 0.0 0.0 0.0 0.0 0.0 0.0 0.0 0.0 0.0;;; 18.0 0.0 0.0 0.0 0.0 0.0 0.0 0.0 0.0 0.0; 0.0 0.0 0.0 0.0 0.0 0.0 0.0 0.0 0.0 0.0; 0.0 0.0 0.0 0.0 0.0 0.0 0.0 0.0 0.0 0.0; 0.0 0.0 0.0 12.0 14.0 0.0 0.0 0.0 0.0 0.0; 0.0 0.0 0.0 0.0 0.0 20.0 0.0 0.0 0.0 0.0; 0.0 0.0 0.0 0.0 0.0 0.0 0.0 0.0 0.0 0.0]
evol_bb,"[[3450.237, 2.1226774264846735e7]]"
y_bb,[0.0 0.0 -0.0 -0.0 -0.0 -0.0 -0.0 -0.0 -0.0 -0.0; -0.0 -0.0 -0.0 -0.0 -0.0 -0.0 -0.0 -0.0 -0.0 -0.0; -0.0 -0.0 0.0 -0.0 -0.0 -0.0 -0.0 -0.0 -0.0 -0.0; -0.0 -0.0 -0.0 13.0 24.0 -0.0 -0.0 -0.0 -0.0 -0.0; -0.0 -0.0 -0.0 -0.0 -0.0 27.0 0.0 0.0 -0.0 -0.0; -0.0 -0.0 -0.0 -0.0 -0.0 -0.0 -0.0 -0.0 0.0 0.0;;; -0.0 -0.0 -0.0 -0.0 -0.0 -0.0 -0.0 -0.0 -0.0 -0.0; -0.0 -0.0 -0.0 -0.0 -0.0 -0.0 -0.0 -0.0 -0.0 -0.0; -0.0 -0.0 -0.0 -0.0 -0.0 -0.0 -0.0 -0.0 -0.0 -0.0; -0.0 -0.0 -0.0 -0.0 -0.0 -0.0 -0.0 -0.0 -0.0 -0.0; -0.0 -0.0 -0.0 -0.0 -0.0 -0.0 -0.0 -0.0 -0.0 -0.0; -0.0 -0.0 -0.0 -0.0 -0.0 -0.0 -0.0 -0.0 -0.0 -0.0;;; -0.0 -0.0 -0.0 -0.0 -0.0 -0.0 -0.0 -0.0 -0.0 -0.0; -0.0 -0.0 -0.0 -0.0 -0.0 -0.0 -0.0 -0.0 -0.0 -0.0; -0.0 -0.0 -0.0 -0.0 -0.0 -0.0 -0.0 -0.0 -0.0 -0.0; -0.0 -0.0 -0.0 -0.0 -0.0 -0.0 -0.0 -0.0 -0.0 -0.0; -0.0 -0.0 -0.0 -0.0 -0.0 -0.0 -0.0 -0.0 -0.0 -0.0; -0.0 -0.0 -0.0 -0.0 -0.0 -0.0 -0.0 -0.0 -0.0 -0.0;;; -0.0 -0.0 -0.0 -0.0 -0.0 -0.0 -0.0 -0.0 -0.0 -0.0; -0.0 -0.0 -0.0 -0.0 -0.0 -0.0 -0.0 -0.0 -0.0 -0.0; -0.0 -0.0 -0.0 -0.0 -0.0 -0.0 -0.0 -0.0 -0.0 -0.0; -0.0 -0.0 -0.0 -0.0 -0.0 -0.0 -0.0 -0.0 -0.0 -0.0; -0.0 -0.0 -0.0 -0.0 -0.0 -0.0 -0.0 -0.0 -0.0 -0.0; -0.0 -0.0 -0.0 -0.0 -0.0 -0.0 -0.0 -0.0 -0.0 -0.0;;; -0.0 -0.0 -0.0 -0.0 -0.0 -0.0 -0.0 -0.0 -0.0 -0.0; -0.0 -0.0 -0.0 -0.0 -0.0 -0.0 -0.0 -0.0 -0.0 -0.0; -0.0 -0.0 -0.0 -0.0 -0.0 -0.0 -0.0 -0.0 -0.0 -0.0; -0.0 -0.0 -0.0 -0.0 -0.0 -0.0 -0.0 -0.0 -0.0 -0.0; -0.0 -0.0 -0.0 -0.0 -0.0 -0.0 -0.0 -0.0 -0.0 -0.0; -0.0 -0.0 -0.0 -0.0 -0.0 -0.0 -0.0 -0.0 -0.0 -0.0]
evol_box,"[[0.486, 0.0], [2.392, 483751.95594594715], [2.505, 483751.95594594715], [2.552, 483751.95594594703], [2.614, 483751.95594594715], [2.918, 484468.9666960729], [4.115, 3.377618414334407e6], [8.115, 3.860613355108059e6], [9.864, 3.860613355108059e6], [11.719, 3.8606133551080585e6], [12.912, 4.1021216820131196e6], [18.682, 4.22209976922296e6], [22.368, 5.187001951732902e6], [30.273, 5.548449201532793e6], [36.769, 5.790302022597002e6], [46.19, 6.031758473987758e6], [84.678, 6.031758473987758e6], [139.03, 6.031758473987758e6], [176.416, 6.031758473987758e6], [201.434, 6.151628344943894e6], [212.415, 6.272369495785639e6], [248.245, 6.513287401966871e6], [273.783, 6.514079014322081e6], [299.093, 6.754794832625896e6], [328.415, 6.875850266645178e6], [372.033, 7.116410083901133e6], [410.595, 7.116549443138314e6], [556.097, 7.116670769167732e6], [783.058, 7.236886020400867e6], [812.302, 7.357754749879273e6], [3562.907, 7.357823575638515e6], [3600.564, 7.719424335709446e6]]"
y_pb,[[0.0 -0.0 -0.0 -0.0 -0.0 -0.0 -0.0 -0.0 -0.0 -0.0; 0.0 -0.0 -0.0 -0.0 -0.0 -0.0 -0.0 -0.0 -0.0 -0.0; -0.0 -0.0 -0.0 13.0 24.000000000000004 -0.0 -0.0 -0.0 -0.0 -0.0; -0.0 -0.0 -0.0 0.0 -0.0 -0.0 -0.0 -0.0 -0.0 -0.0; -0.0 -0.0 -0.0 -0.0 -0.0 27.0 -0.0 -0.0 -0.0 -0.0; -0.0 -0.0 -0.0 -0.0 -0.0 -0.0 -0.0 -0.0 -0.0 0.0;;;]]
x_bb,"[0.0, 0.0, 0.0, 37.0, 27.0, 0.0]"
x_box,"[18.0, 0.0, 0.0, 26.0, 20.0, 0.0]"
evol_zeta,"[[1.949, 30.2], [2.486, 28.666666666666664], [2.515, 27.0], [2.57, 20.0], [2.641, 19.428574844889113], [2.946, 19.166666666666664], [4.185, 18.600000001960005], [8.182, 18.166666666666664], [9.887, 17.8], [11.753, 17.200000000000006], [12.941, 16.5], [18.735, 15.399999999999999], [22.463, 14.714285714285715], [30.344, 15.333333333333334], [36.801, 14.6], [46.224, 16.0], [84.746, 13.666666666666671], [139.096, 13.666666666666666], [176.488, 13.666666666666666], [201.507, 13.28571428714286], [212.482, 12.571428571428571], [248.3, 13.6], [273.867, 12.333333333333332], [299.205, 11.428571428571429], [328.478, 11.0], [372.112, 11.500000001250001], [410.632, 10.5], [556.137, 11.75], [783.109, 10.600000000000001], [812.369, 9.833333333333332], [3562.964, 11.600000000000001], [3600.582, 0.0]]"
ξ_box,[31.0 12.0 18.0 0.0 18.0; 25.0 14.0 12.0 1.0 12.0; 12.0 15.0 19.0 16.0 24.0; 3.0 15.0 7.0 23.0 12.0; 4.0 8.0 0.0 21.0 14.0; 10.0 14.0 0.0 27.0 20.0; 12.0 17.0 29.0 19.0 2.0; 8.0 13.0 25.0 15.0 6.0; 20.0 18.0 16.0 3.0 20.0; 0.0 0.0 0.0 0.0 0.0]
