first,second
s_box,[0.0; 8.0; 24.0; 27.0; 11.0; 25.0; 21.0; 19.0; 20.0; 21.0;;]
x_pb,"[-0.0, 36.0, 21.0, -0.0, -0.0, -0.0]"
s_bb,[0.0; 8.0; 24.0; 27.0; 11.0; 25.0; 21.0; 19.0; 20.0; 21.0;;]
partition_bb,"[[[36.0, 15.0, 8.0, 0.0, 0.0, 0.0, 0.0, 0.0, 0.0, 0.0], [12.0, 7.0, 0.0, 27.0, 11.0, 0.0, 0.0, 0.0, 0.0, 0.0], [0.0, 0.0, 0.0, 0.0, 6.0, 25.0, 16.0, 9.0, 2.0, 1.0], [0.0, 0.0, 0.0, 0.0, 0.0, 0.0, 6.0, 13.0, 19.0, 21.0], [0.0, 17.0, 24.0, 0.0, 0.0, 0.0, 0.0, 0.0, 0.0, 0.0], [8.0, 29.0, 22.0, 0.0, 0.0, 0.0, 0.0, 0.0, 0.0, 0.0], [0.0, 0.0, 0.0, 0.0, 0.0, 3.0, 12.0, 19.0, 12.0, 11.0], [0.0, 0.0, 0.0, 0.0, 0.0, 12.0, 21.0, 14.0, 7.0, 6.0], [0.0, 0.0, 0.0, 0.0, 0.0, 0.0, 6.0, 13.0, 20.0, 18.0]]]"
y_box,[-0.0 -0.0 -0.0 -0.0 -0.0 -0.0 -0.0 -0.0 -0.0 -0.0; 36.0 -0.0 -0.0 -0.0 -0.0 -0.0 -0.0 -0.0 -0.0 -0.0; -0.0 21.0 0.0 0.0 -0.0 -0.0 -0.0 -0.0 -0.0 -0.0; -0.0 -0.0 -0.0 -0.0 0.0 -0.0 -0.0 -0.0 -0.0 -0.0; -0.0 -0.0 -0.0 -0.0 -0.0 -0.0 -0.0 -0.0 -0.0 -0.0; -0.0 -0.0 -0.0 -0.0 -0.0 0.0 0.0 0.0 0.0 0.0;;;]
evol_bb,"[[0.278, 2.0346584062492393e7]]"
y_bb,[-0.0 -0.0 -0.0 -0.0 -0.0 -0.0 -0.0 -0.0 -0.0 -0.0; 36.0 -0.0 -0.0 -0.0 -0.0 -0.0 -0.0 -0.0 -0.0 -0.0; -0.0 21.0 0.0 0.0 -0.0 -0.0 -0.0 -0.0 -0.0 -0.0; -0.0 -0.0 -0.0 -0.0 0.0 -0.0 -0.0 -0.0 -0.0 -0.0; -0.0 -0.0 -0.0 -0.0 -0.0 -0.0 -0.0 -0.0 -0.0 -0.0; -0.0 -0.0 -0.0 -0.0 -0.0 0.0 0.0 0.0 0.0 0.0;;;]
evol_box,"[[0.481, 0.0], [2.092, 231740.1108154008], [2.171, 4.624645299867402e6], [2.176, 1.0751592010913614e7], [2.18, 1.5491305504364457e7], [2.184, 1.7572142762938894e7], [2.189, 1.8959350844897024e7], [2.194, 1.965296745369471e7], [2.197, 2.0230981294359446e7], [2.202, 2.0346584062492393e7]]"
y_pb,[[0.0 -0.0 -0.0 -0.0 -0.0 -0.0 -0.0 -0.0 -0.0 -0.0; 36.0 -0.0 -0.0 -0.0 -0.0 -0.0 -0.0 -0.0 -0.0 -0.0; -0.0 21.0 -0.0 -0.0 -0.0 -0.0 -0.0 -0.0 -0.0 -0.0; -0.0 0.0 -0.0 -0.0 -0.0 -0.0 -0.0 -0.0 -0.0 -0.0; -0.0 -0.0 -0.0 -0.0 -0.0 0.0 -0.0 -0.0 -0.0 -0.0; -0.0 -0.0 -0.0 -0.0 -0.0 -0.0 -0.0 0.0 -0.0 -0.0;;;]]
x_bb,"[0.0, 36.0, 21.0, 0.0, 0.0, 0.0]"
x_box,"[0.0, 36.0, 21.0, 0.0, 0.0, 0.0]"
evol_zeta,"[[1.707, 35.33333333333345], [2.17, 27.0], [2.175, 24.666666666666664], [2.179, 19.5], [2.183, 16.0], [2.188, 11.33333333333333], [2.192, 6.0], [2.196, 4.399999999999999], [2.201, 1.0], [2.204, 0.0]]"
ξ_box,[36.0; 29.0; 24.0; 27.0; 11.0; 25.0; 21.0; 19.0; 20.0; 21.0;;]
