first,second
s_box,[14.0 14.0; 0.0 -0.0; -0.0 -0.0; 9.0 -0.0; 16.0 11.0; 11.0 2.0; 0.0 -0.0; 17.0 27.0; 17.0 30.0; 14.0 14.0]
x_pb,"[1.0, 32.0, 22.0, -0.0, -0.0, -0.0]"
s_bb,[14.0 14.0; 0.0 0.0; 0.0 0.0; 0.0 9.0; 11.0 16.0; 2.0 0.0; 0.0 11.0; 27.0 17.0; 30.0 17.0; 14.0 14.0]
partition_bb,"[[[0.0, 0.0, 0.0, 0.0, 0.0, 0.0, 2.0, 18.0, 30.0, 6.0], [0.0, 0.0, 0.0, 3.0, 4.0, 6.0, 17.0, 21.0, 9.0, 0.0], [14.0, 1.0, 7.0, 1.0, 0.0, 0.0, 0.0, 10.0, 22.0, 0.0], [0.0, 0.0, 0.0, 0.0, 0.0, 0.0, 0.0, 15.0, 27.0, 14.0], [0.0, 0.0, 3.0, 9.0, 7.0, 5.0, 0.0, 11.0, 23.0, 0.0], [0.0, 0.0, 0.0, 1.0, 2.0, 4.0, 11.0, 27.0, 15.0, 0.0], [0.0, 0.0, 12.0, 6.0, 5.0, 3.0, 0.0, 10.0, 22.0, 0.0], [0.0, 0.0, 1.0, 6.0, 8.0, 10.0, 0.0, 9.0, 21.0, 0.0], [14.0, 1.0, 4.0, 9.0, 11.0, 9.0, 0.0, 0.0, 7.0, 0.0], [0.0, 0.0, 5.0, 11.0, 9.0, 7.0, 2.0, 18.0, 6.0, 0.0], [0.0, 0.0, 3.0, 8.0, 10.0, 12.0, 2.0, 18.0, 6.0, 0.0], [0.0, 0.0, 14.0, 8.0, 7.0, 5.0, 2.0, 18.0, 6.0, 0.0], [0.0, 0.0, 0.0, 4.0, 5.0, 7.0, 18.0, 17.0, 5.0, 0.0], [0.0, 0.0, 6.0, 12.0, 10.0, 8.0, 1.0, 17.0, 5.0, 0.0]], [[0.0, 0.0, 2.0, 8.0, 9.0, 11.0, 22.0, 6.0, 0.0, 0.0], [0.0, 0.0, 0.0, 5.0, 6.0, 8.0, 19.0, 5.0, 17.0, 0.0], [0.0, 1.0, 18.0, 12.0, 11.0, 9.0, 4.0, 0.0, 0.0, 0.0], [11.0, 0.0, 8.0, 14.0, 12.0, 10.0, 0.0, 0.0, 0.0, 0.0], [0.0, 0.0, 8.0, 14.0, 12.0, 10.0, 0.0, 0.0, 0.0, 11.0], [0.0, 0.0, 7.0, 13.0, 11.0, 9.0, 0.0, 16.0, 4.0, 0.0], [0.0, 0.0, 8.0, 13.0, 15.0, 17.0, 6.0, 0.0, 0.0, 0.0], [0.0, 0.0, 6.0, 11.0, 13.0, 11.0, 0.0, 0.0, 0.0, 14.0], [14.0, 1.0, 7.0, 13.0, 11.0, 9.0, 0.0, 0.0, 0.0, 0.0], [0.0, 0.0, 11.0, 17.0, 15.0, 13.0, 3.0, 0.0, 0.0, 0.0], [0.0, 0.0, 9.0, 14.0, 16.0, 14.0, 3.0, 0.0, 0.0, 0.0], [0.0, 0.0, 5.0, 10.0, 12.0, 10.0, 1.0, 17.0, 5.0, 0.0]]]"
y_box,[0.0 1.0 -0.0 -0.0 -0.0 -0.0 -0.0 -0.0 -0.0 -0.0; -0.0 -0.0 18.0 8.0 -0.0 -0.0 -0.0 -0.0 -0.0 -0.0; -0.0 -0.0 -0.0 -0.0 -0.0 6.0 22.0 -0.0 -0.0 0.0; -0.0 -0.0 -0.0 -0.0 -0.0 -0.0 -0.0 -0.0 -0.0 -0.0; -0.0 -0.0 -0.0 -0.0 -0.0 -0.0 -0.0 -0.0 -0.0 -0.0; -0.0 -0.0 -0.0 -0.0 -0.0 -0.0 -0.0 -0.0 -0.0 -0.0;;; 0.0 1.0 -0.0 -0.0 -0.0 -0.0 -0.0 -0.0 -0.0 -0.0; -0.0 -0.0 14.0 12.0 -0.0 -0.0 -0.0 -0.0 -0.0 -0.0; -0.0 -0.0 -0.0 -0.0 -0.0 10.0 18.0 -0.0 -0.0 -0.0; -0.0 -0.0 -0.0 -0.0 -0.0 -0.0 -0.0 -0.0 0.0 -0.0; -0.0 -0.0 -0.0 -0.0 -0.0 -0.0 -0.0 -0.0 -0.0 0.0; -0.0 -0.0 -0.0 -0.0 -0.0 -0.0 -0.0 -0.0 -0.0 0.0]
evol_bb,"[[1.596, 1.4327406806882747e7], [14.071, 1.4211858480887197e7], [29.177, 1.4209000725957824e7], [29.759, 1.4209000725957822e7], [29.816, 1.4090594645032898e7], [64.255, 1.4090594645032896e7], [65.939, 1.397218856410797e7], [65.949, 1.3853782483183047e7], [315.053, 1.3735376402258119e7], [389.762, 1.3616978347955577e7], [389.941, 1.338016660418988e7], [506.191, 1.2906533835783644e7], [506.213, 1.2906533835783642e7], [719.712, 1.2788146948685069e7], [818.759, 1.2788138528281929e7], [818.862, 1.2788127963900791e7], [891.518, 1.2669721673933791e7], [949.52, 1.2551315593008867e7], [949.603, 1.2432955193579204e7], [1030.589, 1.2432914257042402e7], [1036.697, 1.2196116962144598e7], [1083.25, 1.207770424993208e7], [1093.087, 1.18408989284119e7], [1093.165, 1.1840898719369821e7], [1093.2, 1.1840879107459312e7], [1093.222, 1.1722492847486973e7], [1111.495, 1.172247302653439e7], [1115.068, 1.1722473026534388e7], [1115.105, 1.1604093281070706e7]]"
y_bb,[0.0 1.0 0.0 0.0 0.0 0.0 0.0 0.0 0.0 0.0; 0.0 0.0 14.0 12.0 0.0 0.0 0.0 0.0 0.0 0.0; 0.0 0.0 0.0 0.0 0.0 10.0 18.0 0.0 0.0 0.0; 0.0 0.0 0.0 0.0 0.0 0.0 0.0 0.0 0.0 0.0; 0.0 0.0 0.0 0.0 0.0 0.0 0.0 0.0 0.0 0.0; 0.0 0.0 0.0 0.0 0.0 0.0 0.0 0.0 0.0 0.0;;; 0.0 1.0 0.0 0.0 0.0 0.0 0.0 0.0 0.0 0.0; 0.0 0.0 18.0 8.0 0.0 0.0 0.0 0.0 0.0 0.0; 0.0 0.0 0.0 0.0 0.0 17.0 11.0 0.0 0.0 0.0; 0.0 0.0 0.0 0.0 0.0 0.0 0.0 0.0 0.0 0.0; 0.0 0.0 0.0 0.0 0.0 0.0 0.0 0.0 0.0 0.0; 0.0 0.0 0.0 0.0 0.0 0.0 0.0 0.0 0.0 0.0]
evol_box,"[[0.414, 0.0], [2.035, 119642.98102067283], [2.123, 355618.2958551987], [2.143, 2.36852220361504e6], [2.166, 4.3817911170141585e6], [2.19, 5.920853333669464e6], [2.217, 6.394320515382154e6], [2.249, 6.394320515382241e6], [2.363, 7.223041951387102e6], [2.495, 7.459994794067845e6], [2.634, 8.407157764551373e6], [2.774, 8.407157764551373e6], [2.952, 8.880754445654845e6], [3.111, 8.99915575074142e6], [3.264, 9.235972070504626e6], [3.445, 9.354380007988442e6], [3.686, 9.4727574889608e6], [3.911, 9.4727574889608e6], [4.173, 9.827996043682504e6], [4.439, 1.0064787893585429e7], [4.793, 1.0064837450391255e7], [5.101, 1.0183198325688057e7], [5.423, 1.0183238375636373e7], [5.734, 1.0301643101307655e7], [6.011, 1.042003100852691e7], [6.361, 1.053841221728513e7], [6.715, 1.053841221728513e7], [7.11, 1.0538412217285134e7], [7.436, 1.0538461098357938e7], [7.84, 1.0656840883690378e7], [8.162, 1.0656840883690374e7], [8.495, 1.0656841899183707e7], [9.025, 1.0656848004841989e7], [9.554, 1.0775260922488855e7], [10.031, 1.0893630460059907e7], [10.463, 1.089363046005991e7], [10.781, 1.1012065822137287e7], [11.291, 1.101206691595446e7], [11.685, 1.1130456093527015e7], [12.092, 1.1130463094291974e7], [12.641, 1.1248848702834684e7], [13.309, 1.1248848702834683e7], [13.787, 1.1248877983987138e7], [14.401, 1.1367279908837136e7], [14.845, 1.1367282298969593e7], [15.291, 1.1367284064912064e7], [15.699, 1.1367284064912066e7], [16.395, 1.1485660864684537e7], [17.046, 1.148568536263583e7], [17.893, 1.1485685945893316e7], [18.329, 1.1485689363689128e7], [19.004, 1.1604066945609462e7], [19.61, 1.1604066945609463e7], [20.719, 1.1604066945609428e7], [21.575, 1.1604073158812894e7], [22.39, 1.1604087595426612e7], [23.133, 1.1604088370938914e7], [23.806, 1.160409295546209e7]]"
y_pb,[[-0.0 1.0 -0.0 -0.0 -0.0 -0.0 -0.0 -0.0 -0.0 -0.0; -0.0 -0.0 18.0 14.0 -0.0 -0.0 -0.0 -0.0 -0.0 -0.0; -0.0 -0.0 -0.0 -0.0 -0.0 -0.0 22.0 -0.0 -0.0 -0.0; -0.0 -0.0 -0.0 -0.0 -0.0 -0.0 -0.0 -0.0 0.0 -0.0; -0.0 -0.0 -0.0 -0.0 -0.0 -0.0 -0.0 -0.0 -0.0 0.0; -0.0 -0.0 -0.0 -0.0 -0.0 -0.0 -0.0 -0.0 -0.0 0.0;;;]]
x_bb,"[1.0, 26.0, 28.0, 0.0, 0.0, 0.0]"
x_box,"[1.0, 26.0, 28.0, 0.0, 0.0, 0.0]"
evol_zeta,"[[1.674, 29.75], [2.115, 19.5], [2.132, 16.166666666666668], [2.154, 16.0], [2.175, 14.0], [2.197, 14.166666666666664], [2.225, 14.0], [2.253, 14.0], [2.37, 11.0], [2.503, 14.166666666666664], [2.644, 9.000000000000002], [2.783, 7.6666666666666625], [2.96, 9.49999999999999], [3.119, 8.0], [3.271, 6.4], [3.453, 8.0], [3.696, 5.166666666666664], [3.921, 5.0], [4.18, 9.600000000000005], [4.448, 4.571428571428569], [4.801, 7.285714285714288], [5.11, 7.85714285714286], [5.433, 5.0], [5.745, 3.5714285714285703], [6.021, 4.8], [6.369, 7.000000000000002], [6.726, 6.0], [7.121, 3.0], [7.447, 3.2857142857142856], [7.849, 5.571428571428569], [8.172, 3.8571428571428577], [8.498, 3.3333333333333357], [9.034, 3.0], [9.564, 2.5], [10.038, 2.8333333333333286], [10.472, 2.1999999999999993], [10.791, 2.285714286042861], [11.3, 7.285714285714285], [11.696, 2.3333333333333295], [12.104, 3.0], [12.655, 1.3333333333333321], [13.317, 5.75], [13.798, 1.200000000220001], [14.408, 6.8], [14.856, 2.0], [15.301, 1.5], [15.705, 0.8571428571428559], [16.41, 0.8000000000000007], [17.056, 4.600000000000003], [17.9, 4.5], [18.34, 0.8333333333333357], [19.017, 0.1666666666666643], [19.625, 0.5714285714285694], [20.731, 0.4999999999999961], [21.584, 1.1666666666666643], [22.4, 0.6666666666666643], [23.144, 0.5], [23.818, 0.0]]"
ξ_box,[14.0 14.0; 1.0 1.0; 18.0 14.0; 17.0 12.0; 16.0 11.0; 17.0 12.0; 22.0 18.0; 17.0 27.0; 17.0 30.0; 14.0 14.0]
