first,second
s_box,[24.0 11.0 -0.0 14.0 -0.0; -0.0 16.0 14.0 17.0 -0.0; 7.0 5.0 1.0 6.0 7.0; -0.0 14.0 -0.0 18.0 6.0; -0.0 -0.0 -0.0 -0.0 1.0; 0.0 -0.0 18.0 -0.0 -0.0; 12.0 9.0 4.999999019707586 -0.0 23.0; 12.0 0.0 18.0 -0.0 18.0; -0.0 -0.0 -0.0 -0.0 0.0; -0.0 -0.0 -0.0 -0.0 -0.0]
x_pb,"[-0.0, -0.0, 4.0, -0.0, 3.0, 34.0]"
s_bb,[24.0 -0.0 -0.0 -0.0 -0.0; 21.0 -0.0 -0.0 -0.0 -0.0; 20.0 -0.0 -0.0 -0.0 -0.0; 19.0 -0.0 -0.0 -0.0 -0.0; 0.0 -0.0 -0.0 -0.0 -0.0; 23.0 -0.0 -0.0 -0.0 -0.0; 20.0 1.0 -0.0 -0.0 -0.0; 23.0 -0.0 -0.0 -0.0 -0.0; -0.0 -0.0 -0.0 -0.0 -0.0; -0.0 -0.0 -0.0 -0.0 -0.0]
partition_bb,"[[[24.0, 10.0, 7.0, 0.0, 0.0, 0.0, 0.0, 0.0, 0.0, 0.0], [5.0, 0.0, 0.0, 9.0, 4.0, 23.0, 0.0, 0.0, 0.0, 0.0], [0.0, 0.0, 0.0, 0.0, 0.0, 0.0, 11.0, 23.0, 7.0, 1.0], [0.0, 0.0, 0.0, 3.0, 4.0, 0.0, 0.0, 0.0, 14.0, 20.0], [3.0, 7.0, 20.0, 11.0, 0.0, 0.0, 0.0, 0.0, 0.0, 0.0], [7.0, 21.0, 8.0, 5.0, 0.0, 0.0, 0.0, 0.0, 0.0, 0.0], [0.0, 9.0, 0.0, 0.0, 0.0, 0.0, 20.0, 8.0, 4.0, 0.0], [0.0, 8.0, 10.0, 19.0, 4.0, 0.0, 0.0, 0.0, 0.0, 0.0], [3.0, 0.0, 0.0, 0.0, 0.0, 0.0, 23.0, 11.0, 7.0, 1.0]], [[0.0, 0.0, 0.0, 0.0, 0.0, 0.0, 23.0, 11.0, 7.0, 1.0]], Vector{Float64}[], Vector{Float64}[], Vector{Float64}[]]"
y_box,[-0.0 -0.0 -0.0 -0.0 -0.0 -0.0 -0.0 -0.0 -0.0 -0.0; -0.0 -0.0 -0.0 -0.0 -0.0 -0.0 -0.0 -0.0 -0.0 -0.0; -0.0 -0.0 -0.0 -0.0 0.0 -0.0 -0.0 -0.0 -0.0 -0.0; -0.0 -0.0 -0.0 -0.0 -0.0 -0.0 -0.0 -0.0 -0.0 -0.0; 0.0 -0.0 -0.0 -0.0 -0.0 -0.0 7.0 -0.0 -0.0 -0.0; -0.0 10.0 -0.0 -0.0 -0.0 15.0 -0.0 5.0 3.0 -0.0;;; -0.0 -0.0 -0.0 -0.0 -0.0 -0.0 -0.0 -0.0 -0.0 -0.0; -0.0 -0.0 -0.0 -0.0 -0.0 -0.0 -0.0 -0.0 -0.0 -0.0; -0.0 -0.0 -0.0 0.0 -0.0 -0.0 -0.0 -0.0 -0.0 -0.0; -0.0 -0.0 -0.0 -0.0 -0.0 -0.0 -0.0 -0.0 -0.0 -0.0; 0.0 -0.0 -0.0 -0.0 -0.0 -0.0 7.0 -0.0 -0.0 -0.0; 5.0 -0.0 -0.0 -0.0 -0.0 -0.0 -0.0 4.0 9.0 15.0;;; -0.0 -0.0 -0.0 -0.0 -0.0 -0.0 -0.0 -0.0 -0.0 -0.0; -0.0 -0.0 -0.0 -0.0 -0.0 -0.0 -0.0 -0.0 -0.0 -0.0; -0.0 -0.0 -0.0 -0.0 0.0 0.0 -0.0 -0.0 -0.0 -0.0; -0.0 -0.0 -0.0 -0.0 -0.0 -0.0 -0.0 -0.0 -0.0 -0.0; -0.0 -0.0 -0.0 -0.0 -0.0 -0.0 7.00000097695951 -0.0 0.0 -0.0; -0.0 -0.0 -0.0 -0.0 -0.0 -0.0 -0.0 -0.0 14.0 20.0;;; -0.0 -0.0 -0.0 -0.0 -0.0 -0.0 -0.0 -0.0 -0.0 -0.0; -0.0 -0.0 -0.0 -0.0 -0.0 -0.0 -0.0 -0.0 -0.0 -0.0; -0.0 -0.0 -0.0 0.0 -0.0 -0.0 -0.0 -0.0 -0.0 -0.0; -0.0 -0.0 -0.0 -0.0 -0.0 -0.0 -0.0 -0.0 -0.0 -0.0; -0.0 -0.0 5.000000970709515 -0.0 -0.0 -0.0 -0.0 -0.0 -0.0 -0.0; -0.0 -0.0 6.999999028040484 -0.0 4.0 23.0 -0.0 -0.0 -0.0 -0.0;;; -0.0 -0.0 -0.0 -0.0 -0.0 -0.0 -0.0 -0.0 -0.0 -0.0; -0.0 -0.0 -0.0 -0.0 -0.0 -0.0 -0.0 -0.0 -0.0 -0.0; -0.0 -0.0 -0.0 -0.0 0.0 -0.0 -0.0 -0.0 -0.0 -0.0; -0.0 -0.0 -0.0 -0.0 -0.0 -0.0 -0.0 -0.0 -0.0 -0.0; -0.0 -0.0 -0.0 -0.0 -0.0 7.000000970947612 0.0 -0.0 -0.0 -0.0; -0.0 -0.0 -0.0 10.0 -0.0 5.999999027802388 -0.0 -0.0 7.0 11.0]
evol_bb,"[[35.976, 1.8649274432141677e7], [3145.846, 1.8649274432141673e7]]"
y_bb,[0.0 0.0 0.0 -0.0 -0.0 -0.0 -0.0 -0.0 -0.0 -0.0; -0.0 -0.0 0.0 -0.0 -0.0 -0.0 -0.0 -0.0 -0.0 -0.0; -0.0 -0.0 -0.0 0.0 4.0 -0.0 -0.0 -0.0 -0.0 -0.0; -0.0 -0.0 -0.0 -0.0 0.0 0.0 -0.0 -0.0 -0.0 -0.0; -0.0 -0.0 -0.0 -0.0 -0.0 -0.0 3.0 0.0 0.0 -0.0; -0.0 -0.0 -0.0 -0.0 -0.0 -0.0 -0.0 -0.0 14.0 20.0;;; -0.0 -0.0 -0.0 -0.0 -0.0 -0.0 -0.0 0.0 -0.0 -0.0; -0.0 -0.0 -0.0 -0.0 -0.0 -0.0 -0.0 -0.0 -0.0 0.0; -0.0 -0.0 -0.0 -0.0 -0.0 -0.0 4.0 -0.0 -0.0 -0.0; -0.0 -0.0 -0.0 -0.0 -0.0 -0.0 -0.0 -0.0 -0.0 0.0; -0.0 -0.0 -0.0 -0.0 -0.0 -0.0 -0.0 -0.0 3.0 -0.0; -0.0 -0.0 -0.0 -0.0 -0.0 -0.0 18.0 11.0 4.0 1.0;;; -0.0 -0.0 -0.0 -0.0 -0.0 -0.0 -0.0 -0.0 -0.0 -0.0; -0.0 -0.0 -0.0 -0.0 -0.0 -0.0 -0.0 -0.0 -0.0 -0.0; -0.0 -0.0 -0.0 -0.0 -0.0 -0.0 -0.0 -0.0 -0.0 -0.0; -0.0 -0.0 -0.0 -0.0 -0.0 -0.0 -0.0 -0.0 -0.0 -0.0; -0.0 -0.0 -0.0 -0.0 -0.0 -0.0 -0.0 -0.0 -0.0 -0.0; -0.0 -0.0 -0.0 -0.0 -0.0 -0.0 -0.0 -0.0 -0.0 -0.0;;; -0.0 -0.0 -0.0 -0.0 -0.0 -0.0 -0.0 -0.0 -0.0 -0.0; -0.0 -0.0 -0.0 -0.0 -0.0 -0.0 -0.0 -0.0 -0.0 -0.0; -0.0 -0.0 -0.0 -0.0 -0.0 -0.0 -0.0 -0.0 -0.0 -0.0; -0.0 -0.0 -0.0 -0.0 -0.0 -0.0 -0.0 -0.0 -0.0 -0.0; -0.0 -0.0 -0.0 -0.0 -0.0 -0.0 -0.0 -0.0 -0.0 -0.0; -0.0 -0.0 -0.0 -0.0 -0.0 -0.0 -0.0 -0.0 -0.0 -0.0;;; -0.0 -0.0 -0.0 -0.0 -0.0 -0.0 -0.0 -0.0 -0.0 -0.0; -0.0 -0.0 -0.0 -0.0 -0.0 -0.0 -0.0 -0.0 -0.0 -0.0; -0.0 -0.0 -0.0 -0.0 -0.0 -0.0 -0.0 -0.0 -0.0 -0.0; -0.0 -0.0 -0.0 -0.0 -0.0 -0.0 -0.0 -0.0 -0.0 -0.0; -0.0 -0.0 -0.0 -0.0 -0.0 -0.0 -0.0 -0.0 -0.0 -0.0; -0.0 -0.0 -0.0 -0.0 -0.0 -0.0 -0.0 -0.0 -0.0 -0.0]
evol_box,"[[0.437, 0.0], [2.25, 1398.8329256529948], [2.359, 1548.1055816509627], [2.449, 124947.23868701418], [2.588, 124947.23868701418], [2.78, 373775.87905610073], [3.452, 3.2331018358716527e6], [3.74, 3.2331018358716522e6], [4.2, 3.2331018358716527e6], [4.952, 3.233101835871653e6], [5.788, 3.2331018358716527e6], [6.398, 3.2331213755882494e6], [8.603, 4.227456424161491e6], [11.427, 4.227544167269692e6], [14.658, 4.476722120622043e6], [19.423, 4.476726644240636e6], [25.291, 5.222255438283383e6], [31.399, 5.222320778069821e6], [41.699, 5.222320778069821e6], [51.47, 5.346429356182426e6], [68.664, 5.4707239942444125e6], [93.559, 5.719625513619363e6], [123.854, 5.844094070415637e6], [152.901, 5.844523465102255e6], [194.345, 5.968060275619354e6], [260.857, 6.09268141296901e6], [334.238, 6.09268737229647e6], [443.385, 6.217032792649481e6], [639.223, 6.465337053393047e6], [842.431, 6.465390209176883e6], [1125.375, 6.465576353402276e6], [1365.275, 6.465764257902896e6], [1608.346, 6.465840626783972e6], [1834.24, 6.589761479962856e6], [2313.39, 6.714017378943667e6], [2974.422, 6.714063533446595e6], [3600.026, 6.962624537959497e6]]"
y_pb,[[-0.0 -0.0 0.0 -0.0 -0.0 -0.0 -0.0 -0.0 -0.0 -0.0; -0.0 -0.0 0.0 -0.0 -0.0 -0.0 -0.0 -0.0 -0.0 -0.0; -0.0 -0.0 -0.0 -0.0 4.0 -0.0 -0.0 -0.0 -0.0 -0.0; -0.0 -0.0 -0.0 -0.0 0.0 -0.0 -0.0 -0.0 -0.0 -0.0; -0.0 -0.0 -0.0 -0.0 -0.0 -0.0 3.0 -0.0 -0.0 -0.0; -0.0 -0.0 -0.0 -0.0 -0.0 -0.0 -0.0 -0.0 14.0 20.0;;;]]
x_bb,"[0.0, -0.0, 4.0, -0.0, 3.0, 34.0]"
x_box,"[-0.0, -0.0, 0.0, -0.0, 7.000000976959513, 33.999999026373814]"
evol_zeta,"[[1.824, 24.000000000000007], [2.336, 23.0], [2.368, 22.75], [2.465, 19.0], [2.613, 17.250000001825015], [2.808, 17.2], [3.476, 16.80000000000001], [3.757, 16.60000000176001], [4.222, 15.4], [4.985, 14.799999999999999], [5.815, 15.000002499202507], [6.434, 14.75], [8.643, 14.25], [11.455, 14.25], [14.707, 13.199999999999998], [19.468, 14.0], [25.313, 13.250000001425008], [31.424, 13.2], [41.752, 12.8], [51.495, 13.0], [68.695, 13.0], [93.583, 12.75], [123.877, 13.25], [152.939, 12.75], [194.372, 12.4], [260.898, 12.4], [334.292, 11.75], [443.419, 12.00000000000001], [639.262, 11.75], [842.483, 11.6], [1125.426, 11.25], [1365.325, 11.75], [1608.375, 11.2], [1834.28, 11.2], [2313.425, 11.2], [2974.471, 10.800000001180003], [3600.045, 0.0]]"
ξ_box,[24.0 16.0 -0.0 14.0 -0.0; 10.0 16.0 14.0 17.0 -0.0; 7.0 5.0 1.0 18.0 7.0; -0.0 14.0 -0.0 18.0 16.0; 0.0 -0.0 0.0 4.0 1.0; 15.0 -0.0 18.0 23.0 13.0; 19.0 16.0 12.0 -0.0 23.0; 17.0 4.0 18.0 -0.0 18.0; 3.0 9.0 14.0 -0.0 7.0; -0.0 15.0 20.0 -0.0 11.0]
