first,second
s_box,[8.0 8.0 8.0 0.0; 3.0 6.0 6.0 5.0; 3.0 5.0 13.0 11.0; 13.0 16.0 5.0 15.0; 1.0 23.0 0.0 0.0; 5.0 0.0 1.0 0.0; 9.0 0.0 20.0 0.0; 26.0 10.0 1.0 17.0; 0.0 0.0 0.0 0.0; 0.0 0.0 14.0 20.0]
x_pb,"[0.0, -0.0, -0.0, -0.0, 41.0, -0.0]"
s_bb,[8.0 -0.0 -0.0 -0.0; 6.0 -0.0 -0.0 -0.0; 13.0 -0.0 -0.0 -0.0; 16.0 -0.0 -0.0 -0.0; 23.0 -0.0 -0.0 -0.0; 0.0 -0.0 -0.0 -0.0; 2.0 -0.0 -0.0 -0.0; 26.0 -0.0 -0.0 -0.0; 23.0 -0.0 -0.0 -0.0; 24.0 -0.0 -0.0 -0.0]
partition_bb,"[[[0.0, 0.0, 0.0, 0.0, 0.0, 5.0, 7.0, 26.0, 5.0, 2.0], [0.0, 2.0, 9.0, 10.0, 23.0, 0.0, 0.0, 0.0, 0.0, 0.0], [0.0, 0.0, 0.0, 0.0, 0.0, 0.0, 0.0, 0.0, 18.0, 24.0], [0.0, 0.0, 0.0, 0.0, 0.0, 22.0, 20.0, 1.0, 0.0, 0.0], [8.0, 1.0, 8.0, 0.0, 0.0, 8.0, 6.0, 0.0, 2.0, 8.0], [0.0, 6.0, 8.0, 16.0, 3.0, 0.0, 0.0, 8.0, 0.0, 0.0], [0.0, 0.0, 0.0, 0.0, 0.0, 0.0, 0.0, 2.0, 23.0, 17.0], [0.0, 6.0, 13.0, 5.0, 0.0, 8.0, 6.0, 0.0, 0.0, 4.0], [0.0, 0.0, 0.0, 0.0, 0.0, 19.0, 21.0, 2.0, 0.0, 0.0]], Vector{Float64}[], Vector{Float64}[], Vector{Float64}[]]"
y_box,[0.0 0.0 0.0 0.0 0.0 0.0 0.0 0.0 0.0 0.0; 0.0 0.0 0.0 0.0 0.0 0.0 0.0 0.0 0.0 0.0; 0.0 0.0 0.0 0.0 0.0 0.0 0.0 0.0 0.0 0.0; 0.0 0.0 0.0 0.0 0.0 0.0 0.0 0.0 0.0 0.0; 0.0 0.0 2.0 0.0 10.0 5.0 0.0 0.0 0.0 0.0; 0.0 0.0 0.0 0.0 0.0 0.0 1.0 0.0 13.0 10.0;;; 0.0 0.0 0.0 0.0 0.0 0.0 0.0 0.0 0.0 0.0; 0.0 0.0 0.0 0.0 0.0 0.0 0.0 0.0 0.0 0.0; 0.0 0.0 0.0 0.0 0.0 0.0 0.0 0.0 0.0 0.0; 0.0 0.0 0.0 0.0 0.0 0.0 0.0 0.0 0.0 0.0; 0.0 0.0 5.0 0.0 0.0 12.0 0.0 0.0 0.0 0.0; 0.0 0.0 0.0 0.0 0.0 6.0 16.0 2.0 0.0 0.0;;; 0.0 0.0 0.0 0.0 0.0 0.0 0.0 0.0 0.0 0.0; 0.0 0.0 0.0 0.0 0.0 0.0 0.0 0.0 0.0 0.0; 0.0 0.0 0.0 0.0 0.0 0.0 0.0 0.0 0.0 0.0; 0.0 0.0 0.0 0.0 0.0 0.0 0.0 0.0 0.0 0.0; 0.0 0.0 0.0 0.0 0.0 17.0 0.0 0.0 0.0 0.0; 0.0 0.0 0.0 0.0 0.0 4.0 0.0 0.0 20.0 0.0;;; 0.0 0.0 0.0 0.0 0.0 0.0 0.0 0.0 0.0 0.0; 0.0 0.0 0.0 0.0 0.0 0.0 0.0 0.0 0.0 0.0; 0.0 0.0 0.0 0.0 0.0 0.0 0.0 0.0 0.0 0.0; 0.0 0.0 0.0 0.0 0.0 0.0 0.0 0.0 0.0 0.0; 0.0 0.0 0.0 0.0 17.0 0.0 0.0 0.0 0.0 0.0; 0.0 0.0 0.0 0.0 0.0 0.0 0.0 0.0 20.0 4.0]
evol_bb,"[[166.808, 1.657057633025472e7]]"
y_bb,[0.0 0.0 -0.0 -0.0 -0.0 -0.0 -0.0 -0.0 -0.0 -0.0; -0.0 -0.0 -0.0 -0.0 -0.0 -0.0 -0.0 -0.0 -0.0 -0.0; -0.0 -0.0 -0.0 -0.0 -0.0 -0.0 -0.0 -0.0 -0.0 -0.0; -0.0 -0.0 -0.0 -0.0 -0.0 -0.0 -0.0 -0.0 -0.0 -0.0; -0.0 -0.0 0.0 0.0 0.0 22.0 19.0 0.0 -0.0 -0.0; -0.0 -0.0 -0.0 -0.0 -0.0 -0.0 -0.0 -0.0 0.0 0.0;;; -0.0 -0.0 -0.0 -0.0 -0.0 -0.0 -0.0 -0.0 -0.0 -0.0; -0.0 -0.0 -0.0 -0.0 -0.0 -0.0 -0.0 -0.0 -0.0 -0.0; -0.0 -0.0 -0.0 -0.0 -0.0 -0.0 -0.0 -0.0 -0.0 -0.0; -0.0 -0.0 -0.0 -0.0 -0.0 -0.0 -0.0 -0.0 -0.0 -0.0; -0.0 -0.0 -0.0 -0.0 -0.0 -0.0 -0.0 -0.0 -0.0 -0.0; -0.0 -0.0 -0.0 -0.0 -0.0 -0.0 -0.0 -0.0 -0.0 -0.0;;; -0.0 -0.0 -0.0 -0.0 -0.0 -0.0 -0.0 -0.0 -0.0 -0.0; -0.0 -0.0 -0.0 -0.0 -0.0 -0.0 -0.0 -0.0 -0.0 -0.0; -0.0 -0.0 -0.0 -0.0 -0.0 -0.0 -0.0 -0.0 -0.0 -0.0; -0.0 -0.0 -0.0 -0.0 -0.0 -0.0 -0.0 -0.0 -0.0 -0.0; -0.0 -0.0 -0.0 -0.0 -0.0 -0.0 -0.0 -0.0 -0.0 -0.0; -0.0 -0.0 -0.0 -0.0 -0.0 -0.0 -0.0 -0.0 -0.0 -0.0;;; -0.0 -0.0 -0.0 -0.0 -0.0 -0.0 -0.0 -0.0 -0.0 -0.0; -0.0 -0.0 -0.0 -0.0 -0.0 -0.0 -0.0 -0.0 -0.0 -0.0; -0.0 -0.0 -0.0 -0.0 -0.0 -0.0 -0.0 -0.0 -0.0 -0.0; -0.0 -0.0 -0.0 -0.0 -0.0 -0.0 -0.0 -0.0 -0.0 -0.0; -0.0 -0.0 -0.0 -0.0 -0.0 -0.0 -0.0 -0.0 -0.0 -0.0; -0.0 -0.0 -0.0 -0.0 -0.0 -0.0 -0.0 -0.0 -0.0 -0.0]
evol_box,"[[0.426, 0.0], [2.062, 471460.6865224102], [2.214, 471460.6865223665], [2.325, 471460.6865224102], [2.493, 471541.2765720389], [2.887, 2.351808318059342e6], [3.334, 2.3518082770427032e6], [3.827, 2.9391917058796016e6], [4.237, 2.9391917058795877e6], [4.992, 3.9963689993729866e6], [5.99, 4.466966400066056e6], [7.076, 4.584376170795541e6], [8.961, 4.702012275239171e6], [10.793, 5.289296028892241e6], [13.088, 5.406560475733555e6], [15.883, 5.4070940509731015e6], [19.846, 5.524309376713689e6], [24.169, 5.641592388460317e6], [27.419, 5.641952636800151e6], [30.264, 5.759108344823698e6], [32.713, 5.759108344823698e6], [36.329, 5.877199641852544e6], [40.521, 5.994733345474111e6], [44.241, 5.994776500062482e6], [48.801, 6.111955043508885e6], [57.529, 6.229172170277221e6], [66.918, 6.229357270019486e6], [74.96, 6.229672310235669e6], [84.683, 6.229700184920855e6], [96.042, 6.46433679270144e6], [116.047, 6.581720039367361e6], [134.363, 6.581720039367361e6], [147.863, 6.6994598853024645e6], [189.111, 6.934267908457504e6], [236.459, 7.051937194195556e6], [304.207, 7.1698278358279e6], [364.236, 7.286815777547646e6], [419.942, 7.404859748554662e6], [503.506, 7.522049574837214e6], [606.814, 7.522062199038695e6], [708.11, 7.522375999411805e6], [789.247, 7.522379366111726e6], [875.619, 7.639464585967653e6], [1013.119, 7.639548746380053e6], [1134.551, 7.639586825895879e6], [1328.349, 7.75687960300117e6], [1447.972, 7.75687960300117e6], [1567.713, 7.75687960300117e6], [1763.755, 7.757322842877385e6], [1913.628, 7.87439555936455e6], [2127.871, 7.87439555936455e6], [2419.706, 7.874861159406498e6], [2694.317, 7.874861159406498e6], [3129.222, 7.992064845102603e6], [3600.039, 7.992436100716548e6]]"
y_pb,[[0.0 -0.0 -0.0 -0.0 -0.0 -0.0 -0.0 -0.0 -0.0 -0.0; 0.0 -0.0 -0.0 -0.0 -0.0 -0.0 -0.0 -0.0 -0.0 -0.0; 0.0 -0.0 -0.0 -0.0 -0.0 -0.0 -0.0 -0.0 -0.0 -0.0; -0.0 -0.0 -0.0 -0.0 -0.0 -0.0 0.0 -0.0 -0.0 -0.0; -0.0 -0.0 -0.0 -0.0 -0.0 22.0 19.0 -0.0 -0.0 -0.0; -0.0 -0.0 -0.0 -0.0 -0.0 -0.0 -0.0 -0.0 0.0 -0.0;;;]]
x_bb,"[0.0, 0.0, 0.0, 0.0, 41.0, 0.0]"
x_box,"[0.0, 0.0, 0.0, 0.0, 17.0, 24.0]"
evol_zeta,"[[2.154, 22.25], [2.25, 21.5], [2.401, 17.0], [2.549, 16.333333333333336], [2.949, 14.8], [3.453, 14.333333333333332], [3.94, 14.0], [4.406, 11.8], [5.098, 11.25], [6.013, 11.200000000000006], [7.134, 11.6], [9.004, 11.749999999999998], [10.819, 9.4], [13.135, 10.666666666666668], [15.914, 10.0], [19.943, 9.666666666666666], [24.263, 8.5], [27.475, 8.833333333333332], [30.286, 9.666666667733338], [32.785, 9.800000001080008], [36.383, 9.142859485310943], [40.538, 8.166666666666668], [44.287, 8.250000000925013], [48.848, 8.285714285714286], [57.552, 9.666666666666666], [66.963, 8.399999999999999], [74.982, 8.799999999999995], [84.725, 8.4], [96.069, 8.0], [116.091, 8.142857142857144], [134.426, 8.142857142857144], [147.886, 8.000000000900002], [189.145, 8.000000000900002], [236.5, 8.0], [304.253, 8.0], [364.271, 8.0], [420.005, 7.833333333333333], [503.563, 7.0], [606.938, 7.666666666666667], [708.179, 8.000000000899973], [789.307, 8.0], [875.684, 7.0], [1013.141, 8.0], [1134.603, 7.999999999999972], [1328.404, 6.999999999999999], [1448.025, 7.600000000000001], [1567.761, 7.25], [1763.796, 8.285714285714286], [1913.718, 7.0], [2127.913, 7.0], [2419.738, 7.2500000008250005], [2694.385, 7.166666666666667], [3129.28, 6.714285714285715], [3600.055, 0.0]]"
ξ_box,[8.0 8.0 8.0 0.0; 3.0 6.0 6.0 5.0; 5.0 10.0 13.0 11.0; 13.0 16.0 5.0 15.0; 11.0 23.0 -0.0 17.0; 10.0 18.0 22.0 0.0; 10.0 16.0 20.0 0.0; 26.0 12.0 1.0 17.0; 13.0 -0.0 20.0 20.0; 10.0 0.0 14.0 24.0]
