first,second
s_box,[0.0 14.0 0.0 0.0 0.0; 5.0 18.0 0.0 28.0 0.0; 20.0 0.0 11.0 15.0 0.0; 12.0 12.0 0.0 0.0 0.0; 11.0 0.0 20.0 0.0 0.0; 9.0 0.0 0.0 0.0 4.0; 0.0 4.0 11.0 0.0 10.0; 0.0 2.0 0.0 0.0 11.0; 0.0 4.0 0.0 0.0 12.0; 0.0 2.0 14.0 13.0 20.0]
x_pb,"[37.0, 8.0, -0.0, -0.0, -0.0, -0.0]"
s_bb,[0.0 -0.0 -0.0 -0.0 -0.0; 20.0 -0.0 -0.0 -0.0 -0.0; 20.0 -0.0 -0.0 -0.0 -0.0; 12.0 -0.0 -0.0 -0.0 -0.0; 20.0 -0.0 -0.0 -0.0 -0.0; 18.0 -0.0 -0.0 -0.0 -0.0; 17.0 -0.0 -0.0 -0.0 -0.0; 16.0 -0.0 -0.0 -0.0 -0.0; 16.0 -0.0 -0.0 -0.0 -0.0; 20.0 -0.0 -0.0 -0.0 -0.0]
partition_bb,"[[[37.0, 9.0, 0.0, 0.0, 0.0, 0.0, 0.0, 0.0, 0.0, 0.0], [0.0, 4.0, 20.0, 12.0, 5.0, 5.0, 0.0, 0.0, 0.0, 0.0], [0.0, 0.0, 0.0, 0.0, 0.0, 0.0, 5.0, 10.0, 12.0, 20.0], [0.0, 28.0, 12.0, 4.0, 3.0, 0.0, 0.0, 0.0, 0.0, 0.0], [0.0, 0.0, 5.0, 6.0, 20.0, 14.0, 4.0, 0.0, 0.0, 0.0], [0.0, 0.0, 0.0, 0.0, 1.0, 7.0, 17.0, 12.0, 10.0, 2.0], [0.0, 0.0, 0.0, 0.0, 0.0, 0.0, 9.0, 14.0, 16.0, 8.0], [0.0, 0.0, 3.0, 4.0, 12.0, 18.0, 8.0, 3.0, 1.0, 0.0], [0.0, 0.0, 0.0, 0.0, 0.0, 1.0, 11.0, 16.0, 14.0, 6.0]], Vector{Float64}[], Vector{Float64}[], Vector{Float64}[], Vector{Float64}[]]"
y_box,[25.0 4.0 0.0 0.0 0.0 0.0 0.0 0.0 0.0 0.0; 12.0 0.0 0.0 0.0 0.0 0.0 0.0 0.0 0.0 0.0; 0.0 0.0 0.0 0.0 0.0 0.0 0.0 0.0 0.0 0.0; 0.0 0.0 0.0 0.0 0.0 0.0 0.0 0.0 0.0 0.0; 0.0 0.0 0.0 0.0 0.0 0.0 0.0 0.0 0.0 0.0; 0.0 0.0 0.0 0.0 4.0 0.0 0.0 0.0 0.0 0.0;;; 0.0 0.0 0.0 0.0 9.0 14.0 0.0 0.0 0.0 6.0; 0.0 0.0 4.0 0.0 8.0 0.0 0.0 0.0 0.0 0.0; 0.0 0.0 0.0 0.0 0.0 0.0 0.0 0.0 0.0 0.0; 0.0 0.0 0.0 0.0 0.0 0.0 0.0 0.0 0.0 0.0; 0.0 0.0 0.0 0.0 0.0 0.0 0.0 0.0 0.0 0.0; 0.0 0.0 0.0 0.0 0.0 0.0 0.0 0.0 0.0 4.0;;; 0.0 0.0 0.0 0.0 0.0 14.0 0.0 10.0 5.0 0.0; 0.0 0.0 0.0 11.0 0.0 0.0 0.0 1.0 0.0 0.0; 0.0 0.0 0.0 0.0 0.0 0.0 0.0 0.0 0.0 0.0; 0.0 0.0 0.0 0.0 0.0 0.0 0.0 0.0 0.0 0.0; 0.0 0.0 0.0 0.0 0.0 0.0 0.0 0.0 0.0 0.0; 0.0 0.0 0.0 0.0 0.0 0.0 0.0 0.0 4.0 0.0;;; 12.0 0.0 0.0 7.0 0.0 0.0 0.0 6.0 4.0 0.0; 3.0 0.0 0.0 0.0 3.0 0.0 1.0 0.0 0.0 5.0; 0.0 0.0 0.0 0.0 0.0 0.0 0.0 0.0 0.0 0.0; 0.0 0.0 0.0 0.0 0.0 0.0 0.0 0.0 0.0 0.0; 0.0 0.0 0.0 0.0 0.0 0.0 0.0 0.0 0.0 0.0; 0.0 0.0 0.0 0.0 0.0 0.0 0.0 0.0 4.0 0.0;;; 29.0 0.0 0.0 0.0 0.0 0.0 0.0 0.0 0.0 0.0; 0.0 12.0 0.0 0.0 0.0 0.0 0.0 0.0 0.0 0.0; 0.0 0.0 0.0 0.0 0.0 0.0 0.0 0.0 0.0 0.0; 0.0 0.0 0.0 0.0 0.0 0.0 0.0 0.0 0.0 0.0; 0.0 0.0 0.0 0.0 0.0 0.0 0.0 0.0 0.0 0.0; 0.0 0.0 0.0 0.0 0.0 0.0 4.0 0.0 0.0 0.0]
evol_bb,"[[284.809, 1.679136538197044e7]]"
y_bb,[37.0 -0.0 -0.0 -0.0 -0.0 -0.0 -0.0 -0.0 -0.0 -0.0; -0.0 8.0 0.0 -0.0 -0.0 -0.0 -0.0 -0.0 -0.0 -0.0; -0.0 -0.0 -0.0 -0.0 -0.0 -0.0 -0.0 -0.0 -0.0 -0.0; -0.0 -0.0 -0.0 -0.0 -0.0 -0.0 -0.0 -0.0 -0.0 -0.0; -0.0 -0.0 -0.0 -0.0 -0.0 -0.0 -0.0 -0.0 -0.0 -0.0; -0.0 -0.0 -0.0 0.0 0.0 0.0 0.0 0.0 0.0 0.0;;; -0.0 -0.0 -0.0 -0.0 -0.0 -0.0 -0.0 -0.0 -0.0 -0.0; -0.0 -0.0 -0.0 -0.0 -0.0 -0.0 -0.0 -0.0 -0.0 -0.0; -0.0 -0.0 -0.0 -0.0 -0.0 -0.0 -0.0 -0.0 -0.0 -0.0; -0.0 -0.0 -0.0 -0.0 -0.0 -0.0 -0.0 -0.0 -0.0 -0.0; -0.0 -0.0 -0.0 -0.0 -0.0 -0.0 -0.0 -0.0 -0.0 -0.0; -0.0 -0.0 -0.0 -0.0 -0.0 -0.0 -0.0 -0.0 -0.0 -0.0;;; -0.0 -0.0 -0.0 -0.0 -0.0 -0.0 -0.0 -0.0 -0.0 -0.0; -0.0 -0.0 -0.0 -0.0 -0.0 -0.0 -0.0 -0.0 -0.0 -0.0; -0.0 -0.0 -0.0 -0.0 -0.0 -0.0 -0.0 -0.0 -0.0 -0.0; -0.0 -0.0 -0.0 -0.0 -0.0 -0.0 -0.0 -0.0 -0.0 -0.0; -0.0 -0.0 -0.0 -0.0 -0.0 -0.0 -0.0 -0.0 -0.0 -0.0; -0.0 -0.0 -0.0 -0.0 -0.0 -0.0 -0.0 -0.0 -0.0 -0.0;;; -0.0 -0.0 -0.0 -0.0 -0.0 -0.0 -0.0 -0.0 -0.0 -0.0; -0.0 -0.0 -0.0 -0.0 -0.0 -0.0 -0.0 -0.0 -0.0 -0.0; -0.0 -0.0 -0.0 -0.0 -0.0 -0.0 -0.0 -0.0 -0.0 -0.0; -0.0 -0.0 -0.0 -0.0 -0.0 -0.0 -0.0 -0.0 -0.0 -0.0; -0.0 -0.0 -0.0 -0.0 -0.0 -0.0 -0.0 -0.0 -0.0 -0.0; -0.0 -0.0 -0.0 -0.0 -0.0 -0.0 -0.0 -0.0 -0.0 -0.0;;; -0.0 -0.0 -0.0 -0.0 -0.0 -0.0 -0.0 -0.0 -0.0 -0.0; -0.0 -0.0 -0.0 -0.0 -0.0 -0.0 -0.0 -0.0 -0.0 -0.0; -0.0 -0.0 -0.0 -0.0 -0.0 -0.0 -0.0 -0.0 -0.0 -0.0; -0.0 -0.0 -0.0 -0.0 -0.0 -0.0 -0.0 -0.0 -0.0 -0.0; -0.0 -0.0 -0.0 -0.0 -0.0 -0.0 -0.0 -0.0 -0.0 -0.0; -0.0 -0.0 -0.0 -0.0 -0.0 -0.0 -0.0 -0.0 -0.0 -0.0]
evol_box,"[[0.541, 0.0], [2.694, 106086.60096111459], [2.842, 107458.51260461957], [2.923, 212686.6091964521], [3.09, 213218.57228139238], [3.374, 318125.07280138944], [3.69, 1.9020408765588545e6], [4.726, 1.9020408765588545e6], [6.162, 2.5355526207242995e6], [6.68, 3.274177508747695e6], [9.991, 3.274177508747695e6], [12.328, 3.379780539007248e6], [15.326, 3.696589629785906e6], [39.283, 4.1190017508241166e6], [42.071, 4.1190017508241166e6], [49.126, 4.1198507893895786e6], [54.784, 4.436232268356679e6], [64.83, 4.6475838365597315e6], [77.762, 4.752808146970741e6], [86.954, 4.753124217036183e6], [100.118, 4.859110692200321e6], [202.266, 4.964058200660045e6], [224.377, 4.964283243730629e6], [248.143, 4.964283243730629e6], [300.878, 5.386238113938749e6], [389.324, 5.597444174457855e6], [598.93, 5.59791769407648e6], [710.053, 5.703215775418969e6], [880.226, 5.703513043798778e6], [1035.342, 5.703905447381071e6], [1342.02, 5.703520302663668e6], [1522.731, 5.914253265236512e6], [1822.207, 5.914475060995389e6], [2076.958, 5.915106616750908e6], [3177.99, 5.915213042472258e6], [3600.028, 6.020029405501778e6]]"
y_pb,[[37.0 -0.0 -0.0 -0.0 -0.0 -0.0 -0.0 -0.0 -0.0 -0.0; -0.0 8.0 -0.0 -0.0 -0.0 -0.0 -0.0 -0.0 -0.0 -0.0; -0.0 0.0 -0.0 -0.0 -0.0 -0.0 -0.0 -0.0 -0.0 -0.0; -0.0 0.0 -0.0 -0.0 -0.0 -0.0 -0.0 -0.0 -0.0 -0.0; -0.0 0.0 -0.0 -0.0 -0.0 -0.0 -0.0 -0.0 -0.0 -0.0; -0.0 -0.0 -0.0 -0.0 -0.0 -0.0 0.0 -0.0 -0.0 -0.0;;;]]
x_bb,"[37.0, 8.0, 0.0, 0.0, 0.0, 0.0]"
x_box,"[29.0, 12.0, 0.0, 0.0, 0.0, 4.0]"
evol_zeta,"[[2.17, 36.5], [2.822, 19.8], [2.86, 19.5], [2.943, 18.5], [3.124, 16.5], [3.4, 15.600000000000001], [3.724, 15.600000000000001], [4.761, 14.20000000152001], [6.197, 14.2], [6.708, 14.333333333333266], [10.021, 13.8], [12.381, 13.500000001450005], [15.396, 11.833333333333332], [39.316, 13.8], [42.143, 11.399999999999999], [49.178, 12.400000000000002], [54.876, 11.25], [64.876, 11.799999999999997], [77.837, 11.75], [87.007, 11.666668327003293], [100.156, 11.5], [202.329, 10.5], [224.441, 11.0], [248.247, 10.714285715457152], [300.938, 10.833333333333332], [389.362, 11.5], [599.009, 9.749999999999972], [710.119, 11.0], [880.297, 10.499999999999993], [1035.434, 10.0], [1342.091, 9.6], [1522.809, 10.199999999999998], [1822.309, 9.499999999999998], [2077.039, 10.333333333333332], [3178.065, 10.333333333333332], [3600.044, 0.0]]"
ξ_box,[37.0 14.0 0.0 15.0 29.000000000000004; 9.0 18.0 -0.0 28.0 12.0; 20.0 4.0 11.0 15.0 0.0; 12.0 12.0 11.0 7.000000000000001 0.0; 15.0 17.0 20.0 3.0 0.0; 9.0 14.0 14.0 0.0 4.0; 0.0 4.0 11.0 1.0 14.0; 0.0 2.0 11.0 6.0 11.0; -0.0 4.0 9.0 8.0 12.0; 0.0 12.0 14.0 16.0 20.0]
