first,second
s_box,[30.0; 0.0; 8.0; 0.0; 24.0; 24.0; 24.0; 23.0; 23.0; 27.0;;]
x_pb,"[-0.0, 33.0, 27.0, -0.0, -0.0, -0.0]"
s_bb,[30.0; 0.0; 8.0; 0.0; 24.0; 24.0; 24.0; 23.0; 23.0; 27.0;;]
partition_bb,"[[[30.0, 14.0, 13.0, 6.0, 0.0, 0.0, 0.0, 0.0, 0.0, 0.0], [0.0, 0.0, 0.0, 0.0, 0.0, 0.0, 0.0, 17.0, 17.0, 27.0], [0.0, 0.0, 0.0, 9.0, 24.0, 17.0, 11.0, 0.0, 0.0, 0.0], [3.0, 6.0, 9.0, 27.0, 12.0, 5.0, 0.0, 0.0, 0.0, 0.0], [0.0, 0.0, 0.0, 0.0, 11.0, 18.0, 24.0, 5.0, 5.0, 0.0], [6.0, 22.0, 19.0, 1.0, 0.0, 0.0, 0.0, 0.0, 0.0, 0.0], [0.0, 0.0, 0.0, 2.0, 17.0, 24.0, 18.0, 0.0, 0.0, 0.0], [0.0, 0.0, 0.0, 0.0, 0.0, 0.0, 4.0, 23.0, 22.0, 13.0], [0.0, 0.0, 0.0, 0.0, 0.0, 0.0, 4.0, 22.0, 23.0, 13.0]]]"
y_box,[-0.0 -0.0 -0.0 -0.0 -0.0 -0.0 -0.0 -0.0 -0.0 -0.0; 0.0 22.0 11.0 -0.0 -0.0 -0.0 -0.0 -0.0 -0.0 -0.0; -0.0 -0.0 -0.0 27.0 0.0 -0.0 -0.0 -0.0 -0.0 -0.0; -0.0 -0.0 -0.0 -0.0 -0.0 -0.0 -0.0 -0.0 -0.0 -0.0; -0.0 -0.0 -0.0 -0.0 -0.0 0.0 0.0 -0.0 -0.0 -0.0; -0.0 -0.0 -0.0 -0.0 -0.0 -0.0 -0.0 0.0 0.0 0.0;;;]
evol_bb,"[[0.321, 2.134936774713909e7]]"
y_bb,[-0.0 -0.0 -0.0 -0.0 -0.0 -0.0 -0.0 -0.0 -0.0 -0.0; 0.0 22.0 11.0 -0.0 -0.0 -0.0 -0.0 -0.0 -0.0 -0.0; -0.0 -0.0 -0.0 27.0 0.0 -0.0 -0.0 -0.0 -0.0 -0.0; -0.0 -0.0 -0.0 -0.0 -0.0 -0.0 -0.0 -0.0 -0.0 -0.0; -0.0 -0.0 -0.0 -0.0 -0.0 0.0 0.0 -0.0 -0.0 -0.0; -0.0 -0.0 -0.0 -0.0 -0.0 -0.0 -0.0 0.0 0.0 0.0;;;]
evol_box,"[[0.467, 0.0], [2.319, 350571.8123777222], [2.404, 7.466788346096255e6], [2.412, 1.388317298855607e7], [2.419, 1.5982976865995882e7], [2.425, 1.7616243531301945e7], [2.432, 1.924945346317415e7], [2.439, 1.9949424891162463e7], [2.445, 2.123270584247437e7], [2.452, 2.134936774713909e7]]"
y_pb,[[0.0 -0.0 -0.0 -0.0 -0.0 -0.0 -0.0 -0.0 -0.0 -0.0; -0.0 22.0 11.0 -0.0 -0.0 -0.0 -0.0 -0.0 -0.0 -0.0; -0.0 -0.0 -0.0 27.0 -0.0 -0.0 -0.0 -0.0 -0.0 -0.0; -0.0 -0.0 -0.0 0.0 -0.0 -0.0 -0.0 -0.0 -0.0 -0.0; -0.0 -0.0 -0.0 -0.0 -0.0 -0.0 -0.0 -0.0 0.0 -0.0; -0.0 -0.0 -0.0 -0.0 -0.0 -0.0 -0.0 -0.0 0.0 -0.0;;;]]
x_bb,"[0.0, 33.0, 27.0, 0.0, 0.0, 0.0]"
x_box,"[0.0, 33.0, 27.0, 0.0, 0.0, 0.0]"
evol_zeta,"[[1.915, 29.25], [2.403, 26.666666666666664], [2.41, 23.750000002475005], [2.417, 17.666666666666664], [2.424, 12.399999999999999], [2.431, 8.0], [2.438, 5.75], [2.444, 5.5], [2.451, 0.5], [2.458, 0.0]]"
ξ_box,[30.0; 22.0; 19.0; 27.0; 24.0; 24.0; 24.0; 23.0; 23.0; 27.0;;]
