first,second
s_box,[5.0 10.0 0.0; 0.0 0.0 11.0; 19.0 0.0 23.0; 12.0 6.0 0.0; 0.0 22.0 26.0; 0.0 0.0 0.0; 22.0 23.0 13.0; 10.0 11.0 11.0; 14.0 22.0 17.0; 31.0 20.0 12.0]
x_pb,"[21.0, -0.0, 1.0, 26.0, -0.0, -0.0]"
s_bb,[14.0 -0.0 -0.0; 0.0 -0.0 -0.0; 23.0 -0.0 -0.0; 23.0 -0.0 -0.0; 26.0 -0.0 -0.0; 0.0 -0.0 -0.0; 29.0 -0.0 -0.0; 11.0 -0.0 -0.0; 28.0 -0.0 -0.0; 31.0 -0.0 -0.0]
partition_bb,"[[[0.0, 0.0, 0.0, 0.0, 0.0, 0.0, 0.0, 5.0, 14.0, 31.0], [0.0, 0.0, 0.0, 0.0, 0.0, 9.0, 29.0, 10.0, 0.0, 0.0], [0.0, 0.0, 3.0, 10.0, 26.0, 10.0, 0.0, 0.0, 0.0, 0.0], [14.0, 21.0, 2.0, 0.0, 0.0, 0.0, 0.0, 11.0, 0.0, 0.0], [5.0, 5.0, 24.0, 17.0, 1.0, 0.0, 0.0, 0.0, 0.0, 0.0], [0.0, 0.0, 2.0, 6.0, 10.0, 26.0, 6.0, 0.0, 0.0, 0.0], [0.0, 0.0, 0.0, 0.0, 0.0, 0.0, 0.0, 11.0, 28.0, 11.0], [0.0, 0.0, 16.0, 23.0, 7.0, 3.0, 0.0, 0.0, 0.0, 0.0]], Vector{Float64}[], Vector{Float64}[]]"
y_box,[8.0 17.0 0.0 0.0 0.0 0.0 0.0 0.0 0.0 0.0; 0.0 0.0 0.0 0.0 0.0 0.0 0.0 0.0 0.0 0.0; 0.0 0.0 0.0 1.0 0.0 0.0 0.0 0.0 0.0 0.0; 0.0 0.0 0.0 0.0 0.0 14.0 7.0 0.0 0.0 0.0; 0.0 0.0 0.0 0.0 0.0 0.0 0.0 0.0 0.0 0.0; 0.0 0.0 0.0 0.0 0.0 0.0 0.0 0.0 0.0 0.0;;; 4.0 21.0 0.0 0.0 0.0 0.0 0.0 0.0 0.0 0.0; 0.0 0.0 0.0 0.0 0.0 0.0 0.0 0.0 0.0 0.0; 0.0 0.0 2.0 0.0 0.0 0.0 0.0 0.0 0.0 0.0; 0.0 0.0 0.0 0.0 0.0 21.0 0.0 0.0 0.0 0.0; 0.0 0.0 0.0 0.0 0.0 0.0 0.0 0.0 0.0 0.0; 0.0 0.0 0.0 0.0 0.0 0.0 0.0 0.0 0.0 0.0;;; 0.0 0.0 0.0 17.0 0.0 8.0 0.0 0.0 0.0 0.0; 0.0 0.0 0.0 0.0 0.0 0.0 0.0 0.0 0.0 0.0; 0.0 0.0 1.0 0.0 0.0 1.0 0.0 0.0 0.0 0.0; 10.0 0.0 0.0 0.0 0.0 11.0 0.0 0.0 0.0 0.0; 0.0 0.0 0.0 0.0 0.0 0.0 0.0 0.0 0.0 0.0; 0.0 0.0 0.0 0.0 0.0 0.0 0.0 0.0 0.0 0.0]
evol_bb,"[[12.211, 2.250189160741965e7]]"
y_bb,[0.0 21.0 -0.0 -0.0 -0.0 -0.0 -0.0 -0.0 -0.0 -0.0; -0.0 -0.0 -0.0 -0.0 -0.0 -0.0 -0.0 -0.0 -0.0 -0.0; -0.0 -0.0 1.0 0.0 -0.0 -0.0 -0.0 -0.0 -0.0 -0.0; -0.0 -0.0 -0.0 -0.0 0.0 26.0 -0.0 -0.0 -0.0 -0.0; -0.0 -0.0 -0.0 -0.0 -0.0 -0.0 0.0 -0.0 -0.0 -0.0; -0.0 -0.0 -0.0 -0.0 -0.0 -0.0 -0.0 0.0 0.0 0.0;;; -0.0 -0.0 -0.0 -0.0 -0.0 -0.0 -0.0 -0.0 -0.0 -0.0; -0.0 -0.0 -0.0 -0.0 -0.0 -0.0 -0.0 -0.0 -0.0 -0.0; -0.0 -0.0 -0.0 -0.0 -0.0 -0.0 -0.0 -0.0 -0.0 -0.0; -0.0 -0.0 -0.0 -0.0 -0.0 -0.0 -0.0 -0.0 -0.0 -0.0; -0.0 -0.0 -0.0 -0.0 -0.0 -0.0 -0.0 -0.0 -0.0 -0.0; -0.0 -0.0 -0.0 -0.0 -0.0 -0.0 -0.0 -0.0 -0.0 -0.0;;; -0.0 -0.0 -0.0 -0.0 -0.0 -0.0 -0.0 -0.0 -0.0 -0.0; -0.0 -0.0 -0.0 -0.0 -0.0 -0.0 -0.0 -0.0 -0.0 -0.0; -0.0 -0.0 -0.0 -0.0 -0.0 -0.0 -0.0 -0.0 -0.0 -0.0; -0.0 -0.0 -0.0 -0.0 -0.0 -0.0 -0.0 -0.0 -0.0 -0.0; -0.0 -0.0 -0.0 -0.0 -0.0 -0.0 -0.0 -0.0 -0.0 -0.0; -0.0 -0.0 -0.0 -0.0 -0.0 -0.0 -0.0 -0.0 -0.0 -0.0]
evol_box,"[[0.469, 0.0], [2.001, 244741.673320425], [2.085, 244741.673320425], [2.111, 244741.673320425], [2.188, 4.743990036129542e6], [2.303, 4.743990036129668e6], [2.451, 4.744808494528549e6], [2.562, 4.86605572079961e6], [2.709, 6.082104897361858e6], [2.939, 7.176506425353954e6], [3.372, 7.541470822084713e6], [3.723, 7.541470822084715e6], [4.18, 8.14968541074659e6], [4.681, 8.636070940699099e6], [5.335, 8.636309744771944e6], [6.153, 8.636309744771944e6], [6.811, 8.879417909574458e6], [7.704, 9.487487602256952e6], [9.017, 9.609452896311317e6], [10.412, 9.97400995528917e6], [12.464, 1.0096106511645643e7], [14.604, 1.0582127147552751e7], [17.61, 1.0582164272942169e7], [21.397, 1.0703747431029065e7], [25.442, 1.0703823763571275e7], [27.509, 1.0703885539335841e7], [29.817, 1.0704027451161554e7], [31.73, 1.070405941453781e7], [34.377, 1.0947008607545167e7], [37.585, 1.106864384361557e7], [40.836, 1.1190464452158427e7], [43.74, 1.1311910677101068e7], [46.452, 1.1311944916166123e7], [49.935, 1.1312127102267316e7], [54.638, 1.131231698781135e7], [58.453, 1.1555174881615194e7], [61.803, 1.1555174881615194e7], [66.576, 1.1555287108366042e7], [69.991, 1.155531317577587e7], [76.226, 1.167680593800342e7], [81.103, 1.1798414040384129e7], [85.868, 1.179842737316389e7], [92.264, 1.1798666644400535e7], [98.52, 1.1920172177534726e7], [105.462, 1.2041681974959815e7], [111.465, 1.204169245382617e7], [121.974, 1.228496586203185e7], [136.412, 1.2406656681732185e7], [154.61, 1.2528256425011992e7], [170.041, 1.2649842775399847e7], [201.941, 1.2771513485224389e7], [228.49, 1.2771610848374097e7], [292.188, 1.2893091954423195e7], [323.02, 1.2893098712482773e7], [361.274, 1.2893267601230782e7], [421.316, 1.3014744611022383e7], [469.015, 1.3014922751669204e7], [519.778, 1.3136362192367189e7], [573.556, 1.3136387231143774e7], [620.188, 1.3136429722895915e7], [721.419, 1.3257979998390574e7], [798.207, 1.3257987857540341e7], [883.362, 1.3258033853830114e7], [960.422, 1.3379636793332752e7], [1084.039, 1.337967234538208e7], [1151.441, 1.3379689073955566e7], [1280.273, 1.350124903405645e7], [1414.556, 1.3501304953071123e7], [1590.332, 1.3501357860392913e7], [1780.708, 1.3501367312263977e7], [1961.271, 1.3622874382881323e7], [2108.678, 1.3622890101180859e7], [2393.564, 1.3622900263698937e7], [2623.692, 1.3622923739986448e7], [2817.475, 1.3744564335688282e7], [3102.26, 1.3744574493507318e7], [3405.195, 1.3744603764446009e7], [3600.04, 1.3866134040771028e7]]"
y_pb,[[-0.0 21.0 -0.0 -0.0 -0.0 -0.0 -0.0 -0.0 -0.0 -0.0; -0.0 -0.0 0.0 -0.0 -0.0 -0.0 -0.0 -0.0 -0.0 -0.0; -0.0 -0.0 1.0 -0.0 -0.0 -0.0 -0.0 -0.0 -0.0 -0.0; -0.0 -0.0 -0.0 -0.0 -0.0 26.0 -0.0 -0.0 -0.0 -0.0; -0.0 -0.0 -0.0 -0.0 -0.0 0.0 -0.0 -0.0 -0.0 -0.0; -0.0 -0.0 -0.0 -0.0 -0.0 -0.0 -0.0 0.0 -0.0 -0.0;;;]]
x_bb,"[21.0, 0.0, 1.0, 26.0, 0.0, 0.0]"
x_box,"[25.0, 0.0, 2.0, 21.0, 0.0, 0.0]"
evol_zeta,"[[1.651, 30.333333333333332], [2.078, 29.0], [2.097, 25.75], [2.124, 21.0], [2.205, 20.8], [2.316, 20.2], [2.464, 19.8], [2.576, 19.5], [2.729, 18.333333333333332], [2.952, 17.8], [3.406, 17.2], [3.754, 16.999999999999954], [4.192, 17.249999999999993], [4.704, 16.25], [5.348, 17.0], [6.163, 16.25], [6.821, 17.0], [7.712, 17.75], [9.032, 16.2], [10.43, 16.166666666666664], [12.483, 13.750000001475001], [14.618, 13.750002416177415], [17.622, 13.75], [21.415, 14.600000000000016], [25.456, 12.75000032607204], [27.529, 13.750000001475001], [29.834, 13.250000001425008], [31.744, 13.75], [34.397, 12.0], [37.6, 13.75], [40.852, 12.4], [43.763, 13.750000001475001], [46.474, 12.0], [49.948, 13.250000001425008], [54.652, 13.750000000000046], [58.467, 12.333333333333332], [61.823, 12.0], [66.591, 12.000002666235996], [70.006, 12.25], [76.243, 13.5], [81.116, 12.0], [85.882, 12.4], [92.277, 12.20000269802279], [98.531, 12.0], [105.478, 11.0], [111.481, 9.999999999999982], [121.992, 10.0], [136.426, 11.0], [154.626, 10.0], [170.058, 9.4], [201.951, 13.5], [228.505, 9.999999999999998], [292.211, 11.0], [323.032, 9.999999999999996], [361.29, 10.0], [421.332, 10.0], [469.034, 8.166666666666664], [519.792, 10.0], [573.569, 11.0], [620.201, 12.66666666666667], [721.435, 9.166666666666668], [798.221, 10.0], [883.384, 8.000000000000004], [960.434, 15.249999999999998], [1084.053, 11.0], [1151.459, 8.8], [1280.294, 8.8], [1414.567, 10.0], [1590.346, 10.600001595361618], [1780.715, 11.0], [1961.293, 7.857142857142858], [2108.699, 8.666666666666664], [2393.588, 8.0], [2623.705, 12.250000000000007], [2817.489, 10.249999999999998], [3102.278, 9.25], [3405.21, 11.0], [3600.055, 0.0]]"
ξ_box,[13.0 14.0 10.0; 17.0 21.0 11.0; 19.0 2.0 24.0; 13.0 6.0 17.0; 0.0 22.0 26.0; 14.0 21.0 20.0; 29.0 23.0 13.0; 10.0 11.0 11.0; 14.0 22.0 17.0; 31.0 20.0 12.0]
