first,second
s_box,[5.0 0.0 0.0 0.0; 9.0 0.0 9.0 12.0; 0.0 0.0 26.0 20.0; 29.0 19.0 12.0 0.0; 4.0 22.0 14.0 15.0; 4.0 0.0 12.0 0.0; 0.0 6.0 14.0 27.0; 21.0 0.0 1.0 13.0; 15.0 15.0 0.0 0.0; 0.0 25.0 0.0 0.0]
x_pb,"[0.0, 16.0, -0.0, -0.0, -0.0, 40.0]"
s_bb,[0.0 -0.0 -0.0 -0.0; 18.0 -0.0 -0.0 -0.0; 26.0 -0.0 -0.0 -0.0; 29.0 -0.0 -0.0 -0.0; 26.0 -0.0 -0.0 -0.0; 26.0 -0.0 -0.0 -0.0; 27.0 -0.0 -0.0 -0.0; 27.0 -0.0 -0.0 -0.0; 0.0 -0.0 -0.0 -0.0; 0.0 -0.0 -0.0 -0.0]
partition_bb,"[[[0.0, 0.0, 1.0, 29.0, 4.0, 2.0, 0.0, 1.0, 15.0, 5.0], [0.0, 0.0, 0.0, 0.0, 7.0, 9.0, 27.0, 13.0, 0.0, 0.0], [15.0, 17.0, 26.0, 0.0, 0.0, 0.0, 0.0, 0.0, 0.0, 0.0], [0.0, 0.0, 0.0, 0.0, 0.0, 0.0, 0.0, 14.0, 15.0, 25.0], [0.0, 0.0, 0.0, 1.0, 26.0, 24.0, 6.0, 0.0, 0.0, 0.0], [0.0, 0.0, 0.0, 0.0, 0.0, 0.0, 13.0, 27.0, 13.0, 3.0], [0.0, 0.0, 0.0, 0.0, 24.0, 26.0, 8.0, 0.0, 0.0, 0.0], [16.0, 18.0, 9.0, 0.0, 0.0, 0.0, 0.0, 1.0, 1.0, 11.0]], Vector{Float64}[], Vector{Float64}[], Vector{Float64}[]]"
y_box,[0.0 0.0 0.0 0.0 0.0 0.0 0.0 0.0 0.0 0.0; 0.0 0.0 0.0 0.0 0.0 0.0 20.0 0.0 0.0 4.0; 0.0 0.0 0.0 0.0 0.0 0.0 0.0 0.0 0.0 0.0; 0.0 0.0 0.0 0.0 0.0 0.0 0.0 0.0 0.0 0.0; 0.0 0.0 0.0 0.0 0.0 0.0 0.0 0.0 0.0 0.0; 0.0 0.0 16.0 0.0 0.0 0.0 0.0 0.0 0.0 16.0;;; 0.0 0.0 0.0 0.0 0.0 0.0 0.0 0.0 0.0 0.0; 0.0 2.0 0.0 0.0 4.0 18.0 0.0 0.0 0.0 0.0; 0.0 0.0 0.0 0.0 0.0 0.0 0.0 0.0 0.0 0.0; 0.0 0.0 0.0 0.0 0.0 0.0 0.0 0.0 0.0 0.0; 0.0 0.0 0.0 0.0 0.0 0.0 0.0 0.0 0.0 0.0; 0.0 0.0 11.0 0.0 0.0 6.0 0.0 15.0 0.0 0.0;;; 0.0 0.0 0.0 0.0 0.0 0.0 0.0 0.0 0.0 0.0; 16.0 8.0 0.0 0.0 0.0 0.0 0.0 0.0 0.0 0.0; 0.0 0.0 0.0 0.0 0.0 0.0 0.0 0.0 0.0 0.0; 0.0 0.0 0.0 0.0 0.0 0.0 0.0 0.0 0.0 0.0; 0.0 0.0 0.0 0.0 0.0 0.0 0.0 0.0 0.0 0.0; 0.0 0.0 0.0 0.0 0.0 0.0 0.0 0.0 15.0 17.0;;; 0.0 0.0 0.0 0.0 0.0 0.0 0.0 0.0 0.0 0.0; 14.0 0.0 0.0 10.0 0.0 0.0 0.0 0.0 0.0 0.0; 0.0 0.0 0.0 0.0 0.0 0.0 0.0 0.0 0.0 0.0; 0.0 0.0 0.0 0.0 0.0 0.0 0.0 0.0 0.0 0.0; 0.0 0.0 0.0 0.0 0.0 0.0 0.0 0.0 0.0 0.0; 0.0 0.0 0.0 19.0 0.0 13.0 0.0 0.0 0.0 0.0]
evol_bb,"[[24.905, 2.278917246192929e7]]"
y_bb,[-0.0 -0.0 -0.0 -0.0 -0.0 -0.0 -0.0 -0.0 -0.0 -0.0; 16.0 0.0 0.0 -0.0 -0.0 -0.0 -0.0 -0.0 -0.0 -0.0; -0.0 -0.0 -0.0 0.0 -0.0 -0.0 -0.0 -0.0 -0.0 -0.0; -0.0 -0.0 -0.0 -0.0 -0.0 -0.0 -0.0 -0.0 -0.0 -0.0; -0.0 -0.0 -0.0 -0.0 0.0 0.0 -0.0 -0.0 -0.0 -0.0; -0.0 -0.0 -0.0 -0.0 -0.0 -0.0 0.0 0.0 15.0 25.0;;; -0.0 -0.0 -0.0 -0.0 -0.0 -0.0 -0.0 -0.0 -0.0 -0.0; -0.0 -0.0 -0.0 -0.0 -0.0 -0.0 -0.0 -0.0 -0.0 -0.0; -0.0 -0.0 -0.0 -0.0 -0.0 -0.0 -0.0 -0.0 -0.0 -0.0; -0.0 -0.0 -0.0 -0.0 -0.0 -0.0 -0.0 -0.0 -0.0 -0.0; -0.0 -0.0 -0.0 -0.0 -0.0 -0.0 -0.0 -0.0 -0.0 -0.0; -0.0 -0.0 -0.0 -0.0 -0.0 -0.0 -0.0 -0.0 -0.0 -0.0;;; -0.0 -0.0 -0.0 -0.0 -0.0 -0.0 -0.0 -0.0 -0.0 -0.0; -0.0 -0.0 -0.0 -0.0 -0.0 -0.0 -0.0 -0.0 -0.0 -0.0; -0.0 -0.0 -0.0 -0.0 -0.0 -0.0 -0.0 -0.0 -0.0 -0.0; -0.0 -0.0 -0.0 -0.0 -0.0 -0.0 -0.0 -0.0 -0.0 -0.0; -0.0 -0.0 -0.0 -0.0 -0.0 -0.0 -0.0 -0.0 -0.0 -0.0; -0.0 -0.0 -0.0 -0.0 -0.0 -0.0 -0.0 -0.0 -0.0 -0.0;;; -0.0 -0.0 -0.0 -0.0 -0.0 -0.0 -0.0 -0.0 -0.0 -0.0; -0.0 -0.0 -0.0 -0.0 -0.0 -0.0 -0.0 -0.0 -0.0 -0.0; -0.0 -0.0 -0.0 -0.0 -0.0 -0.0 -0.0 -0.0 -0.0 -0.0; -0.0 -0.0 -0.0 -0.0 -0.0 -0.0 -0.0 -0.0 -0.0 -0.0; -0.0 -0.0 -0.0 -0.0 -0.0 -0.0 -0.0 -0.0 -0.0 -0.0; -0.0 -0.0 -0.0 -0.0 -0.0 -0.0 -0.0 -0.0 -0.0 -0.0]
evol_box,"[[0.491, 0.0], [2.382, 128598.66564002314], [2.494, 128598.66563992575], [2.568, 255506.25918538868], [2.742, 257035.53731639677], [2.916, 2.8025249976362786e6], [3.126, 2.8025249976362865e6], [3.578, 4.457828123321407e6], [3.944, 4.457828123321407e6], [4.292, 4.457828000827092e6], [5.481, 5.475242650996823e6], [7.404, 6.111675765998157e6], [8.777, 6.493656996335362e6], [9.727, 6.494106219516529e6], [10.62, 6.621881049028887e6], [13.244, 7.512360573686305e6], [15.579, 7.512360573686305e6], [19.343, 7.639223222399354e6], [21.625, 7.8938627207682235e6], [24.189, 8.275807822795212e6], [27.465, 8.276015172508707e6], [31.865, 8.530504803362224e6], [37.168, 8.912497616877792e6], [42.843, 9.03981398018817e6], [51.719, 9.039813980188169e6], [60.219, 9.040004000482071e6], [72.75, 9.040004000482071e6], [83.865, 9.294330074882992e6], [110.046, 9.42189365544737e6], [131.122, 9.549172976159103e6], [157.184, 9.54919684339866e6], [189.338, 9.676277955873337e6], [220.06, 9.676277955873337e6], [240.354, 9.803685291852202e6], [271.35, 9.803785380972743e6], [307.314, 9.930896266819866e6], [438.976, 9.931130290053485e6], [475.842, 9.931347149372168e6], [541.411, 9.931347149372168e6], [619.679, 9.931347149372168e6], [698.439, 9.931347149372168e6], [744.886, 1.0185436096453682e7], [791.346, 1.0185436096453682e7], [846.327, 1.0185436096453682e7], [982.288, 1.0312888409694893e7], [1073.751, 1.0312921737640252e7], [1179.168, 1.0440069078965897e7], [1344.332, 1.0440069078965895e7], [1484.976, 1.056740875644764e7], [1952.883, 1.082200559692033e7], [2370.425, 1.0949311653776761e7], [2865.858, 1.094943962746529e7], [3164.731, 1.0949761638659311e7], [3600.027, 1.1203929083161458e7]]"
y_pb,[[-0.0 -0.0 -0.0 -0.0 -0.0 -0.0 -0.0 -0.0 -0.0 -0.0; 16.0 0.0 -0.0 -0.0 -0.0 -0.0 -0.0 -0.0 -0.0 -0.0; -0.0 -0.0 -0.0 0.0 -0.0 -0.0 -0.0 -0.0 -0.0 -0.0; -0.0 -0.0 -0.0 0.0 -0.0 -0.0 -0.0 -0.0 -0.0 -0.0; -0.0 -0.0 -0.0 -0.0 -0.0 0.0 -0.0 -0.0 -0.0 -0.0; -0.0 -0.0 -0.0 -0.0 -0.0 -0.0 -0.0 -0.0 15.0 25.0;;;]]
x_bb,"[0.0, 16.0, 0.0, 0.0, 0.0, 40.0]"
x_box,"[0.0, 24.0, 0.0, 0.0, 0.0, 32.0]"
evol_zeta,"[[2.475, 27.0], [2.509, 24.333333333333332], [2.592, 21.600000002260003], [2.762, 20.0], [2.93, 19.6], [3.148, 18.75], [3.598, 18.0], [3.958, 18.666666666666668], [4.304, 18.25], [5.508, 16.6], [7.441, 15.333333333333336], [8.803, 16.25], [9.788, 14.5], [10.638, 15.0], [13.302, 14.2], [15.615, 13.833333333333334], [19.38, 15.0], [21.672, 12.8], [24.21, 14.5], [27.514, 13.833333333333334], [31.893, 13.166666666666666], [37.203, 14.428571428571438], [42.866, 11.285714285714286], [51.771, 12.5], [60.261, 12.5], [72.778, 12.5], [83.896, 12.142857142857144], [110.078, 13.333333333333336], [131.158, 10.6], [157.215, 10.333333333333334], [189.37, 11.2], [220.083, 11.142857142857144], [240.373, 12.666666666666668], [271.394, 11.142857142857144], [307.363, 10.571428571428571], [439.022, 10.333333333333332], [475.88, 12.285714285714285], [541.451, 10.85714596339954], [619.705, 10.714285714285714], [698.479, 11.0], [744.92, 10.333333333333332], [791.378, 11.6], [846.358, 10.285716570979424], [982.33, 10.0], [1073.79, 10.571428571428571], [1179.2, 10.0], [1344.356, 11.166666666666666], [1485.025, 10.666666832750169], [1952.91, 10.0], [2370.465, 9.833333333333332], [2865.903, 9.42857142857143], [3164.772, 9.200000001020001], [3600.043, 0.0]]"
ξ_box,[5.0 -0.0 16.0 14.0; 9.0 2.0 17.0 12.0; 16.0 11.0 26.0 20.0; 29.0 19.0 12.0 29.0; 4.0 26.0 14.0 15.0; 4.0 24.0 12.0 13.0; 20.0 6.0 14.0 27.0; 21.0 15.0 1.0 13.0; 15.0 15.0 15.0 0.0; 20.0 25.0 17.0 0.0]
