first,second
s_box,[32.0; 7.0; 0.0; 27.0; 20.0; 19.0; 20.0; 20.0; 19.0; 21.0;;]
x_pb,"[48.0, -0.0, -0.0, -0.0, 0.0, -0.0]"
s_bb,[32.0; 7.0; 0.0; 27.0; 20.0; 19.0; 20.0; 20.0; 19.0; 21.0;;]
partition_bb,"[[[32.0, 11.0, 6.0, 0.0, 0.0, 0.0, 0.0, 0.0, 0.0, 0.0], [0.0, 0.0, 0.0, 27.0, 13.0, 5.0, 4.0, 0.0, 0.0, 0.0], [2.0, 18.0, 28.0, 0.0, 0.0, 0.0, 0.0, 0.0, 0.0, 0.0], [0.0, 0.0, 0.0, 0.0, 0.0, 0.0, 0.0, 13.0, 15.0, 21.0], [0.0, 0.0, 0.0, 0.0, 11.0, 18.0, 20.0, 0.0, 0.0, 0.0], [6.0, 27.0, 17.0, 0.0, 0.0, 0.0, 0.0, 0.0, 0.0, 0.0], [0.0, 0.0, 0.0, 6.0, 20.0, 12.0, 11.0, 0.0, 0.0, 0.0], [0.0, 0.0, 0.0, 0.0, 0.0, 0.0, 0.0, 20.0, 18.0, 12.0], [0.0, 1.0, 0.0, 0.0, 11.0, 19.0, 17.0, 0.0, 0.0, 0.0], [0.0, 0.0, 0.0, 0.0, 0.0, 0.0, 0.0, 17.0, 19.0, 13.0]]]"
y_box,[0.0 20.0 28.0 -0.0 -0.0 -0.0 -0.0 -0.0 -0.0 -0.0; -0.0 -0.0 -0.0 -0.0 -0.0 -0.0 -0.0 -0.0 -0.0 -0.0; -0.0 -0.0 -0.0 -0.0 -0.0 -0.0 -0.0 -0.0 -0.0 -0.0; -0.0 -0.0 -0.0 0.0 0.0 -0.0 -0.0 -0.0 -0.0 -0.0; -0.0 -0.0 -0.0 -0.0 -0.0 0.0 0.0 -0.0 -0.0 -0.0; -0.0 -0.0 -0.0 -0.0 -0.0 -0.0 -0.0 0.0 0.0 0.0;;;]
evol_bb,"[[0.358, 2.108138566946154e7]]"
y_bb,[0.0 20.0 28.0 -0.0 -0.0 -0.0 -0.0 -0.0 -0.0 -0.0; -0.0 -0.0 -0.0 -0.0 -0.0 -0.0 -0.0 -0.0 -0.0 -0.0; -0.0 -0.0 -0.0 -0.0 -0.0 -0.0 -0.0 -0.0 -0.0 -0.0; -0.0 -0.0 -0.0 0.0 0.0 -0.0 -0.0 -0.0 -0.0 -0.0; -0.0 -0.0 -0.0 -0.0 -0.0 0.0 0.0 -0.0 -0.0 -0.0; -0.0 -0.0 -0.0 -0.0 -0.0 -0.0 -0.0 0.0 0.0 0.0;;;]
evol_box,"[[0.533, 0.0], [2.559, 114878.46260955947], [2.647, 5.698375931212663e6], [2.653, 9.002509323046444e6], [2.659, 1.4586144787508644e7], [2.665, 1.789074536851688e7], [2.671, 1.891630253018028e7], [2.679, 1.9713964739389163e7], [2.685, 2.085348218111614e7], [2.692, 2.096743392528884e7], [2.696, 2.108138566946154e7]]"
y_pb,[[-0.0 20.000000000000004 28.0 -0.0 -0.0 -0.0 -0.0 -0.0 -0.0 -0.0; -0.0 -0.0 0.0 -0.0 -0.0 -0.0 -0.0 -0.0 -0.0 -0.0; -0.0 -0.0 -0.0 0.0 -0.0 -0.0 -0.0 -0.0 -0.0 -0.0; -0.0 -0.0 -0.0 -0.0 -0.0 0.0 -0.0 -0.0 -0.0 -0.0; -0.0 -0.0 -0.0 -0.0 -0.0 -0.0 0.0 -0.0 -0.0 -0.0; -0.0 -0.0 -0.0 -0.0 -0.0 -0.0 -0.0 0.0 -0.0 -0.0;;;]]
x_bb,"[48.0, 0.0, 0.0, 0.0, 0.0, 0.0]"
x_box,"[48.0, 0.0, 0.0, 0.0, 0.0, 0.0]"
evol_zeta,"[[2.088, 31.666666666666668], [2.645, 26.75], [2.651, 22.0], [2.657, 20.666666666666664], [2.663, 15.666666666666671], [2.67, 8.333333333333329], [2.677, 6.75], [2.683, 6.333333333333332], [2.69, 1.0], [2.694, 0.6666666666666679], [2.7, 0.0]]"
ξ_box,[32.0; 27.0; 28.0; 27.0; 20.0; 19.0; 20.0; 20.0; 19.0; 21.0;;]
