first,second
s_box,[18.0 35.0 0.0 0.0; 18.0 26.0 15.0 32.0; 2.0 0.0 10.0 0.0; 0.0 13.0 15.0 8.0; 0.0 23.0 18.0 12.0; 0.0 0.0 0.0 12.0; 4.0 0.0 6.0 17.0; 14.0 0.0 7.0 0.0; 18.0 0.0 11.0 0.0; 23.0 0.0 16.0 16.0]
x_pb,"[50.99999999999999, -0.0, -0.0, -0.0, -0.0, 15.000000000000007]"
s_bb,[0.0 -0.0 -0.0 -0.0; 37.0 -0.0 -0.0 -0.0; 29.0 -0.0 -0.0 -0.0; 26.0 -0.0 -0.0 -0.0; 27.0 -0.0 -0.0 -0.0; 15.0 -0.0 -0.0 -0.0; 22.0 -0.0 -0.0 -0.0; 21.0 -0.0 -0.0 -0.0; 21.0 -0.0 -0.0 -0.0; 23.0 -0.0 -0.0 -0.0]
partition_bb,"[[[51.0, 16.0, 0.0, 0.0, 0.0, 0.0, 0.0, 0.0, 0.0, 0.0], [0.0, 0.0, 4.0, 12.0, 13.0, 30.0, 6.0, 4.0, 3.0, 1.0], [0.0, 13.0, 29.0, 13.0, 9.0, 3.0, 0.0, 0.0, 0.0, 0.0], [0.0, 0.0, 0.0, 0.0, 0.0, 0.0, 11.0, 14.0, 18.0, 23.0], [2.0, 37.0, 21.0, 5.0, 1.0, 1.0, 0.0, 0.0, 0.0, 0.0], [0.0, 0.0, 7.0, 23.0, 27.0, 10.0, 0.0, 0.0, 0.0, 0.0], [0.0, 0.0, 0.0, 0.0, 0.0, 0.0, 22.0, 19.0, 15.0, 10.0], [0.0, 0.0, 10.0, 26.0, 22.0, 8.0, 0.0, 0.0, 0.0, 0.0], [0.0, 0.0, 0.0, 0.0, 0.0, 0.0, 14.0, 17.0, 21.0, 16.0], [0.0, 0.0, 0.0, 0.0, 0.0, 0.0, 18.0, 21.0, 17.0, 12.0]], Vector{Float64}[], Vector{Float64}[], Vector{Float64}[]]"
y_box,[26.0 0.0 0.0 0.0 0.0 1.0 0.0 0.0 0.0 0.0; 0.0 0.0 0.0 0.0 0.0 0.0 0.0 0.0 0.0 0.0; 7.0 0.0 0.0 0.0 0.0 0.0 0.0 0.0 0.0 0.0; 0.0 0.0 0.0 0.0 0.0 0.0 0.0 0.0 0.0 0.0; 0.0 0.0 0.0 0.0 0.0 0.0 0.0 0.0 0.0 0.0; 0.0 0.0 0.0 0.0 1.0 17.0 12.0 0.0 0.0 0.0;;; 7.0 0.0 22.0 0.0 0.0 0.0 0.0 0.0 0.0 0.0; 0.0 0.0 0.0 0.0 0.0 0.0 0.0 0.0 0.0 0.0; 0.0 0.0 0.0 7.0 0.0 0.0 0.0 0.0 0.0 0.0; 0.0 0.0 0.0 0.0 0.0 0.0 0.0 0.0 0.0 0.0; 0.0 0.0 0.0 0.0 0.0 0.0 0.0 0.0 0.0 0.0; 0.0 0.0 4.0 0.0 0.0 24.0 0.0 0.0 0.0 0.0;;; 29.0 0.0 0.0 0.0 0.0 0.0 0.0 0.0 0.0 0.0; 0.0 0.0 0.0 0.0 0.0 0.0 0.0 0.0 0.0 0.0; 0.0 0.0 7.0 0.0 0.0 0.0 0.0 0.0 0.0 0.0; 0.0 0.0 0.0 0.0 0.0 0.0 0.0 0.0 0.0 0.0; 0.0 0.0 0.0 0.0 0.0 0.0 0.0 0.0 0.0 0.0; 0.0 0.0 0.0 0.0 0.0 30.0 0.0 0.0 0.0 0.0;;; 14.0 2.0 13.0 0.0 0.0 0.0 0.0 0.0 0.0 0.0; 0.0 0.0 0.0 0.0 0.0 0.0 0.0 0.0 0.0 0.0; 0.0 0.0 7.0 0.0 0.0 0.0 0.0 0.0 0.0 0.0; 0.0 0.0 0.0 0.0 0.0 0.0 0.0 0.0 0.0 0.0; 0.0 0.0 0.0 0.0 0.0 0.0 0.0 0.0 0.0 0.0; 0.0 0.0 0.0 0.0 0.0 0.0 2.0 16.0 12.0 0.0]
evol_bb,"[[1245.615, 2.7358676144571036e7]]"
y_bb,[51.0 -0.0 -0.0 -0.0 -0.0 -0.0 -0.0 -0.0 -0.0 -0.0; -0.0 -0.0 -0.0 -0.0 -0.0 -0.0 -0.0 -0.0 -0.0 -0.0; -0.0 0.0 0.0 -0.0 -0.0 -0.0 -0.0 -0.0 -0.0 -0.0; -0.0 -0.0 -0.0 0.0 -0.0 -0.0 -0.0 -0.0 -0.0 -0.0; -0.0 -0.0 -0.0 -0.0 0.0 -0.0 -0.0 -0.0 -0.0 -0.0; -0.0 -0.0 -0.0 -0.0 -0.0 15.0 0.0 0.0 0.0 0.0;;; -0.0 -0.0 -0.0 -0.0 -0.0 -0.0 -0.0 -0.0 -0.0 -0.0; -0.0 -0.0 -0.0 -0.0 -0.0 -0.0 -0.0 -0.0 -0.0 -0.0; -0.0 -0.0 -0.0 -0.0 -0.0 -0.0 -0.0 -0.0 -0.0 -0.0; -0.0 -0.0 -0.0 -0.0 -0.0 -0.0 -0.0 -0.0 -0.0 -0.0; -0.0 -0.0 -0.0 -0.0 -0.0 -0.0 -0.0 -0.0 -0.0 -0.0; -0.0 -0.0 -0.0 -0.0 -0.0 -0.0 -0.0 -0.0 -0.0 -0.0;;; -0.0 -0.0 -0.0 -0.0 -0.0 -0.0 -0.0 -0.0 -0.0 -0.0; -0.0 -0.0 -0.0 -0.0 -0.0 -0.0 -0.0 -0.0 -0.0 -0.0; -0.0 -0.0 -0.0 -0.0 -0.0 -0.0 -0.0 -0.0 -0.0 -0.0; -0.0 -0.0 -0.0 -0.0 -0.0 -0.0 -0.0 -0.0 -0.0 -0.0; -0.0 -0.0 -0.0 -0.0 -0.0 -0.0 -0.0 -0.0 -0.0 -0.0; -0.0 -0.0 -0.0 -0.0 -0.0 -0.0 -0.0 -0.0 -0.0 -0.0;;; -0.0 -0.0 -0.0 -0.0 -0.0 -0.0 -0.0 -0.0 -0.0 -0.0; -0.0 -0.0 -0.0 -0.0 -0.0 -0.0 -0.0 -0.0 -0.0 -0.0; -0.0 -0.0 -0.0 -0.0 -0.0 -0.0 -0.0 -0.0 -0.0 -0.0; -0.0 -0.0 -0.0 -0.0 -0.0 -0.0 -0.0 -0.0 -0.0 -0.0; -0.0 -0.0 -0.0 -0.0 -0.0 -0.0 -0.0 -0.0 -0.0 -0.0; -0.0 -0.0 -0.0 -0.0 -0.0 -0.0 -0.0 -0.0 -0.0 -0.0]
evol_box,"[[0.53, 0.0], [2.297, 124088.84741693383], [2.405, 867169.6043212705], [2.449, 867169.6043211557], [2.504, 867169.6043211482], [2.726, 3.2190251159611065e6], [2.998, 3.961670104923335e6], [3.234, 4.580573848628633e6], [3.461, 5.694759376629039e6], [4.767, 5.69475937662904e6], [5.756, 5.694759376629039e6], [7.15, 6.313722945896677e6], [7.642, 6.561280793131024e6], [9.1, 6.5614582792822905e6], [11.587, 6.808895080367912e6], [13.411, 7.18057288605646e6], [15.72, 8.047020522218069e6], [17.61, 8.047116380531862e6], [20.664, 8.294461807381822e6], [24.31, 8.41816598776692e6], [27.79, 8.665992994551152e6], [31.87, 8.790231700650819e6], [36.287, 8.913342723892517e6], [40.397, 8.91335105977966e6], [46.199, 9.037319075144941e6], [52.485, 9.408577546681663e6], [59.803, 9.779902012112312e6], [69.195, 9.780010226290785e6], [81.505, 9.9037404925412e6], [93.29, 1.0027904727580415e7], [112.973, 1.0151510624417821e7], [125.348, 1.0275135496517817e7], [139.6, 1.0399031984083734e7], [152.51, 1.0399266350011926e7], [167.978, 1.0523098244070042e7], [203.388, 1.0770255484363507e7], [234.758, 1.0770645120310063e7], [269.19, 1.0894195975403817e7], [313.879, 1.114164637234485e7], [369.713, 1.114165372323421e7], [415.076, 1.1141666587290589e7], [477.141, 1.1265447010449978e7], [537.755, 1.1389445525482023e7], [678.82, 1.1513020588551905e7], [884.631, 1.1636814772583304e7], [1005.643, 1.1636859921705347e7], [1152.361, 1.163682310847045e7], [1284.351, 1.1760608956614705e7], [1440.643, 1.1760674966991438e7], [1672.485, 1.1761160448226625e7], [1813.165, 1.1760676819410803e7], [2022.394, 1.1884483234211994e7], [2187.324, 1.1884489159552973e7], [2464.855, 1.2008230565346899e7], [2754.673, 1.2008238798354866e7], [3083.647, 1.200839438016816e7], [3568.534, 1.2008552417417277e7], [3600.021, 1.21320247493783e7]]"
y_pb,[[51.0 -0.0 -0.0 -0.0 -0.0 -0.0 -0.0 -0.0 -0.0 -0.0; -0.0 0.0 -0.0 -0.0 -0.0 -0.0 -0.0 -0.0 -0.0 -0.0; -0.0 -0.0 0.0 -0.0 -0.0 -0.0 -0.0 -0.0 -0.0 -0.0; -0.0 -0.0 0.0 -0.0 -0.0 -0.0 -0.0 -0.0 -0.0 -0.0; -0.0 -0.0 -0.0 -0.0 -0.0 0.0 -0.0 -0.0 -0.0 -0.0; -0.0 -0.0 -0.0 -0.0 -0.0 15.000000000000007 -0.0 -0.0 -0.0 -0.0;;;]]
x_bb,"[51.0, 0.0, 0.0, 0.0, 0.0, 15.0]"
x_box,"[29.0, 0.0, 7.0, 0.0, 0.0, 30.0]"
evol_zeta,"[[2.388, 29.12499999999998], [2.421, 25.5], [2.466, 25.0], [2.527, 23.6], [2.742, 23.4], [3.021, 22.0], [3.262, 19.5], [3.532, 17.5], [4.81, 18.4], [5.778, 17.333333333333336], [7.175, 17.25], [7.674, 17.2], [9.131, 17.0], [11.618, 16.0], [13.466, 15.0], [15.746, 15.8], [17.643, 14.8], [20.696, 15.333333333333332], [24.343, 14.6], [27.852, 14.75], [31.921, 13.625], [36.334, 17.000000001800004], [40.429, 14.285714285714283], [46.265, 13.142857142857146], [52.52, 13.75], [59.873, 12.57142857142857], [69.269, 13.666666666666666], [81.558, 12.428571428571429], [93.366, 12.285714285714286], [113.036, 12.166666666666668], [125.395, 12.000000001300009], [139.646, 13.333333333333334], [152.574, 12.0], [168.0, 14.5], [203.464, 12.666666666666666], [234.796, 13.5], [269.214, 12.0], [313.938, 12.444444444444445], [369.763, 13.0], [415.124, 12.000000001300009], [477.22, 11.400000001240018], [537.818, 12.0], [678.904, 12.714285714285715], [884.683, 11.857142857142856], [1005.718, 11.500000000000004], [1152.419, 10.857142858328572], [1284.417, 10.833333333333334], [1440.697, 11.333333334566673], [1672.551, 11.142857142857144], [1813.199, 10.857142857142858], [2022.457, 10.142857142857144], [2187.392, 9.800000001080008], [2464.935, 9.571428571428573], [2754.72, 10.125], [3083.698, 10.000000001100005], [3568.558, 12.0], [3600.038, 0.0]]"
ξ_box,[51.0 42.0 29.0 14.0; 18.0 26.0 15.0 34.0; 2.0 26.0 17.0 20.0; -0.0 20.0 15.0 8.0; 1.0 23.0 18.0 12.0; 18.0 24.0 30.0 12.0; 16.0 -0.0 6.0 19.0; 14.0 -0.0 7.0 16.0; 18.0 -0.0 11.0 12.0; 23.0 -0.0 16.0 16.0]
