first,second
s_box,[37.0; 10.0; 7.0; 23.0; 20.0; 19.0; 24.0; 2.0; 0.0; 0.0;;]
x_pb,"[-0.0, -0.0, -0.0, -0.0, 18.0, 34.0]"
s_bb,[37.0; 10.0; 7.0; 23.0; 20.0; 19.0; 24.0; 2.0; 0.0; 0.0;;]
partition_bb,"[[[37.0, 10.0, 7.0, 1.0, 0.0, 0.0, 0.0, 0.0, 0.0, 0.0], [0.0, 0.0, 0.0, 0.0, 0.0, 0.0, 0.0, 9.0, 10.0, 34.0], [0.0, 0.0, 0.0, 5.0, 10.0, 15.0, 24.0, 1.0, 0.0, 0.0], [0.0, 0.0, 0.0, 23.0, 14.0, 13.0, 4.0, 0.0, 0.0, 0.0], [0.0, 0.0, 0.0, 11.0, 20.0, 15.0, 6.0, 0.0, 0.0, 0.0], [0.0, 0.0, 0.0, 9.0, 14.0, 19.0, 10.0, 0.0, 0.0, 0.0], [0.0, 0.0, 0.0, 0.0, 0.0, 0.0, 0.0, 9.0, 11.0, 0.0]]]"
y_box,[0.0 0.0 0.0 0.0 -0.0 -0.0 -0.0 -0.0 -0.0 -0.0; -0.0 -0.0 -0.0 -0.0 -0.0 -0.0 -0.0 -0.0 -0.0 -0.0; -0.0 -0.0 -0.0 -0.0 0.0 0.0 -0.0 -0.0 -0.0 -0.0; -0.0 -0.0 -0.0 -0.0 -0.0 -0.0 0.0 -0.0 -0.0 -0.0; -0.0 -0.0 -0.0 -0.0 -0.0 -0.0 -0.0 7.0 11.0 -0.0; -0.0 -0.0 -0.0 -0.0 -0.0 -0.0 -0.0 -0.0 -0.0 34.0;;;]
evol_bb,"[[0.346, 1.5657292358062224e7]]"
y_bb,[0.0 0.0 0.0 0.0 -0.0 -0.0 -0.0 -0.0 -0.0 -0.0; -0.0 -0.0 -0.0 -0.0 -0.0 -0.0 -0.0 -0.0 -0.0 -0.0; -0.0 -0.0 -0.0 -0.0 0.0 0.0 -0.0 -0.0 -0.0 -0.0; -0.0 -0.0 -0.0 -0.0 -0.0 -0.0 0.0 -0.0 -0.0 -0.0; -0.0 -0.0 -0.0 -0.0 -0.0 -0.0 -0.0 7.0 11.0 -0.0; -0.0 -0.0 -0.0 -0.0 -0.0 -0.0 -0.0 -0.0 -0.0 34.0;;;]
evol_box,"[[0.514, 0.0], [2.566, 332824.05191126297], [2.662, 6.175037223074527e6], [2.668, 1.2018752907465748e7], [2.672, 1.4444446210420597e7], [2.678, 1.5105998929408286e7], [2.682, 1.5547034075400077e7], [2.687, 1.5657292358062224e7]]"
y_pb,[[0.0 -0.0 -0.0 -0.0 -0.0 -0.0 -0.0 -0.0 -0.0 -0.0; -0.0 -0.0 -0.0 0.0 -0.0 -0.0 -0.0 -0.0 -0.0 -0.0; -0.0 -0.0 -0.0 -0.0 -0.0 -0.0 0.0 -0.0 -0.0 -0.0; -0.0 -0.0 -0.0 -0.0 -0.0 -0.0 -0.0 0.0 -0.0 -0.0; -0.0 -0.0 -0.0 -0.0 -0.0 -0.0 -0.0 7.0 11.0 -0.0; -0.0 -0.0 -0.0 -0.0 -0.0 -0.0 -0.0 -0.0 -0.0 34.0;;;]]
x_bb,"[0.0, 0.0, 0.0, 0.0, 18.0, 34.0]"
x_box,"[0.0, 0.0, 0.0, 0.0, 18.0, 34.0]"
evol_zeta,"[[2.064, 36.25], [2.661, 33.666666666666664], [2.666, 23.4], [2.67, 17.5], [2.676, 6.000000000000057], [2.681, 4.0], [2.685, 1.0], [2.689, 0.0]]"
ξ_box,[37.0; 10.0; 7.0; 23.0; 20.0; 19.0; 24.0; 9.0; 11.0; 34.0;;]
