first,second
s_box,[0.0 14.0 2.0 0.0; 7.0 1.0 0.0 16.0; 19.0 18.0 22.0 8.0; 3.0 0.0 15.0 0.0; 2.0 0.0 0.0 0.0; 0.0 14.0 13.0 0.0; 17.0 0.0 1.0 17.0; 18.0 24.0 16.0 14.0; 7.0 4.0 5.0 9.0; 3.0 0.0 1.0 11.0]
x_pb,"[30.0, 2.0, -0.0, 21.0, -0.0, -0.0]"
s_bb,[0.0 -0.0 -0.0 -0.0; 25.0 -0.0 -0.0 -0.0; 25.0 -0.0 -0.0 -0.0; 20.0 -0.0 -0.0 -0.0; 20.0 -0.0 -0.0 -0.0; 0.0 -0.0 -0.0 -0.0; 17.0 -0.0 -0.0 -0.0; 24.0 -0.0 -0.0 -0.0; 15.0 -0.0 -0.0 -0.0; 11.0 -0.0 -0.0 -0.0]
partition_bb,"[[[30.0, 16.0, 7.0, 0.0, 0.0, 0.0, 0.0, 0.0, 0.0, 0.0], [0.0, 0.0, 0.0, 0.0, 0.0, 0.0, 9.0, 24.0, 13.0, 9.0], [0.0, 0.0, 0.0, 14.0, 14.0, 21.0, 4.0, 0.0, 0.0, 0.0], [2.0, 11.0, 25.0, 9.0, 7.0, 2.0, 0.0, 0.0, 0.0, 0.0], [13.0, 27.0, 13.0, 0.0, 0.0, 0.0, 0.0, 0.0, 0.0, 0.0], [0.0, 1.0, 15.0, 0.0, 0.0, 0.0, 17.0, 2.0, 7.0, 11.0], [0.0, 0.0, 2.0, 18.0, 20.0, 13.0, 0.0, 0.0, 0.0, 0.0], [0.0, 10.0, 0.0, 0.0, 2.0, 0.0, 0.0, 15.0, 15.0, 11.0], [0.0, 0.0, 4.0, 20.0, 18.0, 13.0, 0.0, 0.0, 0.0, 0.0]], Vector{Float64}[], Vector{Float64}[], Vector{Float64}[]]"
y_box,[30.0 0.0 0.0 0.0 0.0 0.0 0.0 0.0 0.0 0.0; 0.0 14.0 0.0 0.0 0.0 0.0 0.0 0.0 0.0 0.0; 0.0 0.0 0.0 0.0 0.0 0.0 0.0 0.0 0.0 0.0; 0.0 0.0 0.0 0.0 0.0 9.0 0.0 0.0 0.0 0.0; 0.0 0.0 0.0 0.0 0.0 0.0 0.0 0.0 0.0 0.0; 0.0 0.0 0.0 0.0 0.0 0.0 0.0 0.0 0.0 0.0;;; 1.0 3.0 0.0 0.0 0.0 0.0 15.0 0.0 0.0 11.0; 0.0 0.0 0.0 7.0 7.0 0.0 0.0 0.0 0.0 0.0; 0.0 0.0 0.0 0.0 0.0 0.0 0.0 0.0 0.0 0.0; 0.0 0.0 0.0 0.0 0.0 0.0 0.0 0.0 9.0 0.0; 0.0 0.0 0.0 0.0 0.0 0.0 0.0 0.0 0.0 0.0; 0.0 0.0 0.0 0.0 0.0 0.0 0.0 0.0 0.0 0.0;;; 17.0 13.0 0.0 0.0 0.0 0.0 0.0 0.0 0.0 0.0; 0.0 6.0 0.0 0.0 8.0 0.0 0.0 0.0 0.0 0.0; 0.0 0.0 0.0 0.0 0.0 0.0 0.0 0.0 0.0 0.0; 0.0 0.0 0.0 0.0 5.0 4.0 0.0 0.0 0.0 0.0; 0.0 0.0 0.0 0.0 0.0 0.0 0.0 0.0 0.0 0.0; 0.0 0.0 0.0 0.0 0.0 0.0 0.0 0.0 0.0 0.0;;; 2.0 0.0 0.0 7.0 0.0 21.0 0.0 0.0 0.0 0.0; 0.0 0.0 0.0 0.0 14.0 0.0 0.0 0.0 0.0 0.0; 0.0 0.0 0.0 0.0 0.0 0.0 0.0 0.0 0.0 0.0; 0.0 0.0 0.0 7.0 2.0 0.0 0.0 0.0 0.0 0.0; 0.0 0.0 0.0 0.0 0.0 0.0 0.0 0.0 0.0 0.0; 0.0 0.0 0.0 0.0 0.0 0.0 0.0 0.0 0.0 0.0]
evol_bb,"[[109.778, 1.6547143656877717e7]]"
y_bb,[30.0 -0.0 -0.0 -0.0 -0.0 -0.0 -0.0 -0.0 -0.0 -0.0; -0.0 2.0 -0.0 -0.0 -0.0 -0.0 -0.0 -0.0 -0.0 -0.0; -0.0 -0.0 0.0 -0.0 -0.0 -0.0 -0.0 -0.0 -0.0 -0.0; -0.0 -0.0 -0.0 0.0 -0.0 21.0 -0.0 -0.0 -0.0 -0.0; -0.0 -0.0 -0.0 -0.0 -0.0 -0.0 0.0 -0.0 -0.0 -0.0; -0.0 -0.0 -0.0 -0.0 -0.0 -0.0 -0.0 0.0 0.0 0.0;;; -0.0 -0.0 -0.0 -0.0 -0.0 -0.0 -0.0 -0.0 -0.0 -0.0; -0.0 -0.0 -0.0 -0.0 -0.0 -0.0 -0.0 -0.0 -0.0 -0.0; -0.0 -0.0 -0.0 -0.0 -0.0 -0.0 -0.0 -0.0 -0.0 -0.0; -0.0 -0.0 -0.0 -0.0 -0.0 -0.0 -0.0 -0.0 -0.0 -0.0; -0.0 -0.0 -0.0 -0.0 -0.0 -0.0 -0.0 -0.0 -0.0 -0.0; -0.0 -0.0 -0.0 -0.0 -0.0 -0.0 -0.0 -0.0 -0.0 -0.0;;; -0.0 -0.0 -0.0 -0.0 -0.0 -0.0 -0.0 -0.0 -0.0 -0.0; -0.0 -0.0 -0.0 -0.0 -0.0 -0.0 -0.0 -0.0 -0.0 -0.0; -0.0 -0.0 -0.0 -0.0 -0.0 -0.0 -0.0 -0.0 -0.0 -0.0; -0.0 -0.0 -0.0 -0.0 -0.0 -0.0 -0.0 -0.0 -0.0 -0.0; -0.0 -0.0 -0.0 -0.0 -0.0 -0.0 -0.0 -0.0 -0.0 -0.0; -0.0 -0.0 -0.0 -0.0 -0.0 -0.0 -0.0 -0.0 -0.0 -0.0;;; -0.0 -0.0 -0.0 -0.0 -0.0 -0.0 -0.0 -0.0 -0.0 -0.0; -0.0 -0.0 -0.0 -0.0 -0.0 -0.0 -0.0 -0.0 -0.0 -0.0; -0.0 -0.0 -0.0 -0.0 -0.0 -0.0 -0.0 -0.0 -0.0 -0.0; -0.0 -0.0 -0.0 -0.0 -0.0 -0.0 -0.0 -0.0 -0.0 -0.0; -0.0 -0.0 -0.0 -0.0 -0.0 -0.0 -0.0 -0.0 -0.0 -0.0; -0.0 -0.0 -0.0 -0.0 -0.0 -0.0 -0.0 -0.0 -0.0 -0.0]
evol_box,"[[0.495, 0.0], [2.317, 234.0688383136876], [2.423, 211749.3616906866], [2.458, 211749.3616906866], [2.518, 211749.3616906866], [2.735, 2.1083155752163874e6], [2.907, 2.5296879149782616e6], [3.128, 2.5296879149782616e6], [3.957, 3.8998780970060434e6], [4.457, 3.8998780970060434e6], [5.228, 4.637589622706806e6], [5.909, 4.637776572399831e6], [6.748, 4.743253834619024e6], [7.829, 4.953761346209254e6], [8.799, 4.953761346209255e6], [10.06, 4.953761346209255e6], [11.842, 5.269944837239385e6], [13.42, 5.269944837239385e6], [16.295, 5.480795552156691e6], [19.912, 5.691628346975421e6], [24.623, 5.796906884023553e6], [28.362, 5.797198649535322e6], [32.159, 6.0078039200247e6], [36.731, 6.113386980887482e6], [42.748, 6.218600832025659e6], [48.528, 6.2186564037316125e6], [56.719, 6.429319062979258e6], [65.36, 6.429419334681282e6], [75.016, 6.534667722370442e6], [84.99, 6.53478777613062e6], [97.081, 6.745502554009387e6], [114.439, 6.745627115226614e6], [128.391, 6.850861636950125e6], [152.097, 6.850935684554061e6], [174.398, 6.850935684554061e6], [207.596, 6.851002331076103e6], [244.562, 7.167045783420161e6], [330.216, 7.167192376177674e6], [389.201, 7.16726134971074e6], [444.383, 7.272575743419218e6], [534.217, 7.377878415135641e6], [622.797, 7.377909092922122e6], [784.595, 7.378051712901885e6], [939.725, 7.4832944454753725e6], [1177.004, 7.694008791289452e6], [1339.815, 7.694085908973243e6], [1496.661, 7.694105586743584e6], [1738.238, 7.79940168649096e6], [2005.031, 7.799596516023237e6], [2304.954, 7.799472827244131e6], [2677.047, 7.799761699703841e6], [2929.37, 7.799691115738312e6], [3562.078, 7.904822146923684e6], [3600.065, 8.010193243404703e6]]"
y_pb,[[30.0 -0.0 -0.0 -0.0 -0.0 -0.0 -0.0 -0.0 -0.0 -0.0; -0.0 2.0 -0.0 -0.0 -0.0 -0.0 -0.0 -0.0 -0.0 -0.0; -0.0 0.0 -0.0 -0.0 -0.0 -0.0 -0.0 -0.0 -0.0 -0.0; -0.0 -0.0 -0.0 -0.0 -0.0 21.0 -0.0 -0.0 -0.0 -0.0; -0.0 -0.0 -0.0 -0.0 -0.0 0.0 -0.0 -0.0 -0.0 -0.0; -0.0 -0.0 -0.0 -0.0 -0.0 -0.0 -0.0 -0.0 0.0 -0.0;;;]]
x_bb,"[30.0, 2.0, 0.0, 21.0, 0.0, 0.0]"
x_box,"[30.0, 14.0, 0.0, 9.0, 0.0, 0.0]"
evol_zeta,"[[2.407, 23.5], [2.433, 21.0], [2.481, 18.0], [2.57, 17.714285714285715], [2.753, 16.8], [2.933, 16.2], [3.15, 16.2], [3.978, 15.42857142857143], [4.521, 14.400000001540008], [5.249, 14.333333333333334], [5.931, 14.142857142857142], [6.773, 14.0], [7.862, 13.000000000000007], [8.834, 13.4], [10.091, 13.0], [11.872, 13.600000000000001], [13.469, 12.0], [16.323, 12.000000001300002], [19.946, 12.999999999999996], [24.652, 14.0], [28.394, 12.333333333333332], [32.187, 11.625], [36.757, 12.333333333333337], [42.791, 10.833333333333336], [48.569, 11.0], [56.767, 11.285714285714285], [65.384, 11.0], [75.049, 10.571428571428571], [85.062, 9.0], [97.127, 10.142859885271346], [114.491, 10.0], [128.439, 10.571428572585717], [152.145, 10.142857142857144], [174.455, 8.400000000000002], [207.646, 8.4], [244.591, 11.0], [330.243, 10.5], [389.243, 10.428571428571429], [444.414, 11.666666666666666], [534.238, 11.0], [622.824, 9.0], [784.628, 9.200000001020001], [939.745, 10.2], [1177.037, 9.142858534954968], [1339.848, 8.4], [1496.714, 8.142857142857139], [1738.274, 8.42857142857143], [2005.07, 9.428571428571429], [2304.987, 10.0], [2677.102, 8.75], [2929.421, 8.000001249776142], [3562.123, 8.2], [3600.083, 0.0]]"
ξ_box,[30.0 15.0 19.0 2.0; 21.0 4.0 19.0 16.0; 19.0 18.0 22.0 8.0; 3.0 7.0 15.0 14.0; 2.0 7.0 13.0 16.0; 9.0 14.0 17.0 21.0; 17.0 15.0 1.0 17.0; 18.0 24.0 16.0 14.0; 7.0 13.0 5.0 9.0; 3.0 11.0 1.0 11.0]
