first,second
s_box,[13.0 0.0 14.0 34.0 19.0; 7.0 18.0 2.0 0.0 14.0; 6.0 18.0 4.0 0.0 0.0; 16.0 13.0 20.0 0.0 27.0; 17.0 0.0 0.0 16.0 1.0; 2.0 0.0 0.0 1.0 0.0; 0.0 0.0 0.0 7.0 0.0; 0.0 12.0 0.0 0.0 0.0; 0.0 0.0 0.0 3.0 0.0; 0.0 0.0 22.0 0.0 0.0]
x_pb,"[-0.0, -0.0, 16.0, 2.0, 30.0, -0.0]"
s_bb,[31.0 29.0 -0.0 -0.0 -0.0; -0.0 13.0 -0.0 -0.0 -0.0; -0.0 -0.0 21.0 18.0 -0.0; 27.0 -0.0 -0.0 -0.0 -0.0; 17.0 17.0 -0.0 17.0 -0.0; 2.0 -0.0 -0.0 2.0 -0.0; -0.0 -0.0 -0.0 -0.0 -0.0; -0.0 -0.0 -0.0 -0.0 -0.0; 2.0 -0.0 -0.0 11.0 -0.0; 30.0 -0.0 -0.0 -0.0 -0.0]
partition_bb,"[[[40.0, 3.0, 3.0, 2.0, 0.0, 0.0, 0.0, 0.0, 0.0, 0.0], [0.0, 0.0, 0.0, 0.0, 0.0, 0.0, 3.0, 4.0, 14.0, 30.0], [0.0, 9.0, 11.0, 27.0, 4.0, 0.0, 0.0, 0.0, 0.0, 0.0], [0.0, 0.0, 0.0, 13.0, 17.0, 2.0, 0.0, 0.0, 0.0, 16.0]], [[0.0, 13.0, 11.0, 0.0, 17.0, 2.0, 5.0, 0.0, 0.0, 0.0], [13.0, 0.0, 0.0, 0.0, 17.0, 2.0, 0.0, 0.0, 0.0, 13.0], [29.0, 0.0, 0.0, 0.0, 17.0, 2.0, 0.0, 0.0, 0.0, 0.0]], [[0.0, 23.0, 21.0, 5.0, 0.0, 0.0, 0.0, 0.0, 0.0, 0.0]], [[13.0, 0.0, 0.0, 13.0, 17.0, 2.0, 0.0, 0.0, 0.0, 0.0], [0.0, 20.0, 18.0, 2.0, 0.0, 0.0, 0.0, 1.0, 11.0, 0.0]], Vector{Float64}[]]"
y_box,[0.0 0.0 0.0 0.0 0.0 0.0 0.0 0.0 0.0 0.0; 0.0 0.0 0.0 0.0 0.0 0.0 0.0 0.0 0.0 0.0; 16.0 0.0 0.0 0.0 0.0 0.0 0.0 1.0 0.0 0.0; 0.0 0.0 0.0 0.0 0.0 0.0 0.0 0.0 1.0 1.0; 11.0 0.0 0.0 0.0 0.0 0.0 0.0 0.0 0.0 10.0; 0.0 0.0 0.0 0.0 0.0 0.0 1.0 0.0 0.0 6.0;;; 0.0 0.0 0.0 0.0 0.0 0.0 0.0 0.0 0.0 0.0; 0.0 0.0 0.0 0.0 0.0 0.0 0.0 0.0 0.0 0.0; 0.0 0.0 0.0 1.0 0.0 0.0 7.0 0.0 2.0 7.0; 0.0 0.0 0.0 0.0 0.0 0.0 0.0 0.0 2.0 0.0; 15.0 0.0 0.0 0.0 0.0 0.0 0.0 0.0 0.0 6.0; 0.0 0.0 0.0 0.0 0.0 0.0 0.0 0.0 8.0 0.0;;; 0.0 0.0 0.0 0.0 0.0 0.0 0.0 0.0 0.0 0.0; 0.0 0.0 0.0 0.0 0.0 0.0 0.0 0.0 0.0 0.0; 0.0 0.0 0.0 0.0 17.0 0.0 0.0 0.0 0.0 0.0; 0.0 0.0 0.0 0.0 0.0 2.0 0.0 0.0 0.0 0.0; 0.0 0.0 0.0 0.0 0.0 0.0 3.0 4.0 14.0 0.0; 0.0 0.0 0.0 0.0 0.0 0.0 0.0 0.0 0.0 8.0;;; 0.0 0.0 0.0 0.0 0.0 0.0 0.0 0.0 0.0 0.0; 0.0 0.0 0.0 0.0 0.0 0.0 0.0 0.0 0.0 0.0; 0.0 0.0 0.0 0.0 0.0 0.0 0.0 6.0 11.0 0.0; 0.0 0.0 0.0 0.0 0.0 0.0 0.0 0.0 2.0 0.0; 0.0 0.0 0.0 0.0 0.0 0.0 0.0 6.0 1.0 14.0; 0.0 0.0 0.0 0.0 0.0 0.0 0.0 0.0 0.0 8.0;;; 0.0 0.0 0.0 0.0 0.0 0.0 0.0 0.0 0.0 0.0; 0.0 0.0 0.0 0.0 0.0 0.0 0.0 0.0 0.0 0.0; 0.0 0.0 15.0 0.0 2.0 0.0 0.0 0.0 0.0 0.0; 0.0 0.0 1.0 0.0 1.0 0.0 0.0 0.0 0.0 0.0; 0.0 0.0 0.0 0.0 11.0 0.0 0.0 3.0 7.0 0.0; 0.0 0.0 0.0 0.0 0.0 0.0 2.0 0.0 6.0 0.0]
evol_bb,"[[45.89, 1.6921059088727824e7], [3600.001, 1.2298192004705966e7]]"
y_bb,[-0.0 -0.0 11.0 -0.0 -0.0 -0.0 -0.0 -0.0 -0.0 -0.0; -0.0 -0.0 -0.0 -0.0 -0.0 -0.0 -0.0 -0.0 -0.0 -0.0; -0.0 -0.0 -0.0 -0.0 -0.0 -0.0 -0.0 -0.0 5.0 -0.0; -0.0 9.0 -0.0 -0.0 -0.0 -0.0 3.0 -0.0 -0.0 -0.0; 9.0 -0.0 -0.0 -0.0 -0.0 -0.0 -0.0 -0.0 -0.0 -0.0; -0.0 -0.0 -0.0 -0.0 -0.0 -0.0 -0.0 4.0 7.0 -0.0;;; -0.0 -0.0 -0.0 -0.0 -0.0 -0.0 -0.0 -0.0 -0.0 -0.0; -0.0 -0.0 -0.0 -0.0 -0.0 -0.0 -0.0 -0.0 -0.0 -0.0; -0.0 -0.0 -0.0 -0.0 -0.0 2.0 -0.0 -0.0 -0.0 -0.0; -0.0 -0.0 -0.0 -0.0 -0.0 -0.0 -0.0 -0.0 -0.0 9.0; -0.0 -0.0 -0.0 -0.0 -0.0 -0.0 5.0 -0.0 -0.0 4.0; -0.0 -0.0 11.0 -0.0 -0.0 -0.0 -0.0 -0.0 -0.0 -0.0;;; -0.0 11.0 -0.0 -0.0 -0.0 -0.0 -0.0 -0.0 -0.0 -0.0; -0.0 -0.0 -0.0 -0.0 -0.0 -0.0 -0.0 -0.0 -0.0 -0.0; -0.0 -0.0 -0.0 5.0 -0.0 -0.0 -0.0 -0.0 -0.0 -0.0; -0.0 -0.0 -0.0 -0.0 -0.0 -0.0 -0.0 -0.0 -0.0 -0.0; -0.0 9.0 -0.0 -0.0 -0.0 -0.0 -0.0 -0.0 -0.0 -0.0; -0.0 11.0 -0.0 -0.0 -0.0 -0.0 -0.0 -0.0 -0.0 -0.0;;; -0.0 10.0 -0.0 -0.0 -0.0 -0.0 -0.0 1.0 -0.0 -0.0; -0.0 -0.0 -0.0 -0.0 -0.0 -0.0 -0.0 -0.0 -0.0 -0.0; 5.0 -0.0 -0.0 -0.0 -0.0 -0.0 -0.0 -0.0 -0.0 -0.0; 1.0 11.0 -0.0 -0.0 -0.0 -0.0 -0.0 -0.0 -0.0 -0.0; -0.0 -0.0 -0.0 9.0 -0.0 -0.0 -0.0 -0.0 -0.0 -0.0; 7.0 -0.0 -0.0 4.0 -0.0 -0.0 -0.0 -0.0 -0.0 -0.0;;; -0.0 -0.0 -0.0 -0.0 -0.0 -0.0 -0.0 -0.0 -0.0 -0.0; -0.0 -0.0 -0.0 -0.0 -0.0 -0.0 -0.0 -0.0 -0.0 -0.0; -0.0 -0.0 -0.0 -0.0 -0.0 -0.0 -0.0 -0.0 -0.0 -0.0; -0.0 -0.0 -0.0 -0.0 -0.0 -0.0 -0.0 -0.0 -0.0 -0.0; -0.0 -0.0 -0.0 -0.0 -0.0 -0.0 -0.0 -0.0 -0.0 -0.0; -0.0 -0.0 -0.0 -0.0 -0.0 -0.0 -0.0 -0.0 -0.0 -0.0]
evol_box,"[[0.449, 0.0], [2.251, 1683.7543934389125], [2.38, 339015.68316183006], [2.514, 340376.16118703474], [2.704, 340379.8821840297], [2.934, 340376.1655577171], [3.225, 2.3703902655463247e6], [4.298, 2.4830369878286803e6], [6.237, 2.4830369878286803e6], [7.039, 2.820728801151095e6], [8.006, 3.2716746438912796e6], [9.639, 3.2716746438912796e6], [13.207, 3.3854059428006047e6], [16.34, 3.7235147646901878e6], [19.115, 3.949014251892699e6], [23.948, 4.400000785326082e6], [29.765, 4.400000785326083e6], [34.402, 4.626564220544939e6], [42.055, 4.738441280763568e6], [50.317, 5.076540525328759e6], [59.554, 5.302150808782328e6], [70.503, 5.414936340799699e6], [99.394, 5.527741482526497e6], [133.004, 5.528394173246076e6], [156.519, 5.753361318067759e6], [210.262, 5.753361318067759e6], [267.863, 5.866724504182031e6], [471.215, 5.979101174447898e6], [582.622, 6.091767191160422e6], [764.4, 6.204572332887206e6], [890.498, 6.204581884974899e6], [1082.328, 6.204581884974899e6], [1249.1, 6.204746763753703e6], [1429.399, 6.205302966473491e6], [1688.374, 6.317834614002288e6], [1913.202, 6.43037995163256e6], [2362.013, 6.430644056345817e6], [2808.561, 6.543137137456033e6], [3484.358, 6.543651600973672e6], [3600.046, 6.994311263774251e6]]"
y_pb,[[0.0 -0.0 -0.0 -0.0 -0.0 -0.0 -0.0 -0.0 -0.0 -0.0; -0.0 -0.0 -0.0 -0.0 0.0 -0.0 -0.0 -0.0 -0.0 -0.0; -0.0 -0.0 -0.0 -0.0 16.0 -0.0 -0.0 -0.0 -0.0 -0.0; -0.0 -0.0 -0.0 -0.0 -0.0 2.0 -0.0 -0.0 -0.0 -0.0; -0.0 -0.0 -0.0 -0.0 -0.0 -0.0 -0.0 12.000000000000002 18.0 -0.0; -0.0 -0.0 -0.0 -0.0 -0.0 -0.0 -0.0 -0.0 0.0 -0.0;;;]]
x_bb,"[11.0, -0.0, 5.0, 12.0, 9.0, 11.0]"
x_box,"[0.0, 0.0, 17.0, 2.0, 21.0, 8.0]"
evol_zeta,"[[1.834, 40.0], [2.335, 29.25], [2.39, 24.25], [2.559, 21.333333333333332], [2.732, 19.6], [2.972, 19.0], [3.268, 17.0], [4.37, 16.0], [6.282, 17.0], [7.078, 16.0], [8.067, 15.75], [9.677, 15.75], [13.318, 13.8], [16.451, 15.75], [19.17, 14.666666666666668], [24.091, 13.0], [29.883, 12.75], [34.469, 12.166666666666664], [42.176, 12.0], [50.394, 12.0], [59.612, 13.8], [70.551, 13.5], [99.603, 11.750000000000002], [133.051, 12.0], [156.625, 11.999999999999943], [210.406, 12.500000001350003], [267.957, 11.0], [471.37, 12.4], [582.686, 10.833333333333332], [764.525, 11.0], [890.572, 11.0], [1082.382, 11.0], [1249.173, 11.0], [1429.502, 11.166666666666668], [1688.431, 11.5], [1913.267, 10.8], [2362.114, 10.333333333333332], [2808.585, 10.25], [3484.423, 10.833333334516666], [3600.06, 0.0]]"
ξ_box,[40.0 15.0 14.0 33.0 19.0; 7.0 18.0 2.0 0.0 14.0; 6.0 18.0 4.0 0.0 16.0; 16.0 14.0 20.0 0.0 27.0; 17.0 -0.0 17.0 16.0 15.0; 2.0 0.0 2.0 1.0 0.0; 1.0 7.0 3.0 7.0 2.0; 1.0 12.0 4.0 12.0 3.0; 1.0 12.0 14.0 17.0 13.0; 17.0 13.0 30.0 22.0 -0.0]
