first,second
s_box,[0.0 12.0 16.0 4.0; 12.0 12.0 2.0 18.0; 11.0 18.0 0.0 5.0; 14.0 0.0 0.0 14.0; 1.0 4.0 0.0 0.0; 15.0 23.0 18.0 10.0; 0.0 0.0 16.0 0.0; 16.0 0.0 18.0 18.0; 0.0 0.0 0.0 0.0; 0.0 0.0 0.0 0.0]
x_pb,"[-0.0, -0.0, 4.0, -0.0, 3.0, 34.0]"
s_bb,[24.0 -0.0 -0.0 -0.0; 21.0 -0.0 -0.0 -0.0; 20.0 -0.0 -0.0 -0.0; 19.0 -0.0 -0.0 -0.0; 0.0 -0.0 -0.0 -0.0; 23.0 -0.0 -0.0 -0.0; 20.0 1.0 -0.0 -0.0; 23.0 -0.0 -0.0 -0.0; -0.0 -0.0 -0.0 -0.0; -0.0 -0.0 -0.0 -0.0]
partition_bb,"[[[24.0, 10.0, 7.0, 0.0, 0.0, 0.0, 0.0, 0.0, 0.0, 0.0], [5.0, 0.0, 0.0, 9.0, 4.0, 23.0, 0.0, 0.0, 0.0, 0.0], [0.0, 0.0, 0.0, 0.0, 0.0, 0.0, 11.0, 23.0, 7.0, 1.0], [0.0, 0.0, 0.0, 3.0, 4.0, 0.0, 0.0, 0.0, 14.0, 20.0], [3.0, 7.0, 20.0, 11.0, 0.0, 0.0, 0.0, 0.0, 0.0, 0.0], [7.0, 21.0, 8.0, 5.0, 0.0, 0.0, 0.0, 0.0, 0.0, 0.0], [0.0, 9.0, 0.0, 0.0, 0.0, 0.0, 20.0, 8.0, 4.0, 0.0], [0.0, 8.0, 10.0, 19.0, 4.0, 0.0, 0.0, 0.0, 0.0, 0.0], [3.0, 0.0, 0.0, 0.0, 0.0, 0.0, 23.0, 11.0, 7.0, 1.0]], [[0.0, 0.0, 0.0, 0.0, 0.0, 0.0, 23.0, 11.0, 7.0, 1.0]], Vector{Float64}[], Vector{Float64}[]]"
y_box,[0.0 0.0 0.0 0.0 0.0 0.0 0.0 0.0 0.0 0.0; 0.0 0.0 0.0 0.0 0.0 0.0 0.0 0.0 0.0 0.0; 0.0 0.0 0.0 0.0 0.0 0.0 0.0 0.0 0.0 0.0; 0.0 0.0 0.0 0.0 0.0 0.0 0.0 0.0 0.0 0.0; 5.0 0.0 0.0 2.0 0.0 0.0 0.0 0.0 0.0 0.0; 19.0 0.0 0.0 0.0 0.0 0.0 15.0 0.0 0.0 0.0;;; 0.0 0.0 0.0 0.0 0.0 0.0 0.0 0.0 0.0 0.0; 0.0 0.0 0.0 0.0 0.0 0.0 0.0 0.0 0.0 0.0; 0.0 0.0 0.0 0.0 0.0 0.0 0.0 0.0 0.0 0.0; 0.0 0.0 0.0 0.0 0.0 0.0 0.0 0.0 0.0 0.0; 0.0 5.0 0.0 0.0 0.0 0.0 0.0 0.0 2.0 0.0; 0.0 0.0 0.0 18.0 0.0 0.0 0.0 0.0 4.0 12.0;;; 0.0 0.0 0.0 0.0 0.0 0.0 0.0 0.0 0.0 0.0; 0.0 0.0 0.0 0.0 0.0 0.0 0.0 0.0 0.0 0.0; 0.0 0.0 0.0 0.0 0.0 0.0 0.0 0.0 0.0 0.0; 0.0 0.0 0.0 0.0 0.0 0.0 0.0 0.0 0.0 0.0; 0.0 0.0 0.0 0.0 0.0 0.0 7.0 0.0 0.0 0.0; 0.0 0.0 0.0 0.0 0.0 0.0 0.0 0.0 14.0 20.0;;; 0.0 0.0 0.0 0.0 0.0 0.0 0.0 0.0 0.0 0.0; 0.0 0.0 0.0 0.0 0.0 0.0 0.0 0.0 0.0 0.0; 0.0 0.0 0.0 0.0 0.0 0.0 0.0 0.0 0.0 0.0; 0.0 0.0 0.0 0.0 0.0 0.0 0.0 0.0 0.0 0.0; 0.0 0.0 0.0 0.0 0.0 0.0 7.0 0.0 0.0 0.0; 0.0 0.0 0.0 0.0 0.0 0.0 10.0 0.0 10.0 14.0]
evol_bb,"[[27.197, 1.8649274432141677e7], [1101.371, 1.8649274432141673e7]]"
y_bb,[0.0 0.0 0.0 -0.0 -0.0 -0.0 -0.0 -0.0 -0.0 -0.0; -0.0 -0.0 0.0 -0.0 -0.0 -0.0 -0.0 -0.0 -0.0 -0.0; -0.0 -0.0 -0.0 0.0 4.0 -0.0 -0.0 -0.0 -0.0 -0.0; -0.0 -0.0 -0.0 -0.0 0.0 0.0 -0.0 -0.0 -0.0 -0.0; -0.0 -0.0 -0.0 -0.0 -0.0 -0.0 3.0 0.0 0.0 -0.0; -0.0 -0.0 -0.0 -0.0 -0.0 -0.0 -0.0 -0.0 14.0 20.0;;; -0.0 -0.0 -0.0 -0.0 -0.0 -0.0 -0.0 0.0 -0.0 -0.0; -0.0 -0.0 -0.0 -0.0 -0.0 -0.0 -0.0 -0.0 -0.0 0.0; -0.0 -0.0 -0.0 -0.0 -0.0 -0.0 4.0 -0.0 -0.0 -0.0; -0.0 -0.0 -0.0 -0.0 -0.0 -0.0 -0.0 -0.0 -0.0 0.0; -0.0 -0.0 -0.0 -0.0 -0.0 -0.0 -0.0 -0.0 3.0 -0.0; -0.0 -0.0 -0.0 -0.0 -0.0 -0.0 18.0 11.0 4.0 1.0;;; -0.0 -0.0 -0.0 -0.0 -0.0 -0.0 -0.0 -0.0 -0.0 -0.0; -0.0 -0.0 -0.0 -0.0 -0.0 -0.0 -0.0 -0.0 -0.0 -0.0; -0.0 -0.0 -0.0 -0.0 -0.0 -0.0 -0.0 -0.0 -0.0 -0.0; -0.0 -0.0 -0.0 -0.0 -0.0 -0.0 -0.0 -0.0 -0.0 -0.0; -0.0 -0.0 -0.0 -0.0 -0.0 -0.0 -0.0 -0.0 -0.0 -0.0; -0.0 -0.0 -0.0 -0.0 -0.0 -0.0 -0.0 -0.0 -0.0 -0.0;;; -0.0 -0.0 -0.0 -0.0 -0.0 -0.0 -0.0 -0.0 -0.0 -0.0; -0.0 -0.0 -0.0 -0.0 -0.0 -0.0 -0.0 -0.0 -0.0 -0.0; -0.0 -0.0 -0.0 -0.0 -0.0 -0.0 -0.0 -0.0 -0.0 -0.0; -0.0 -0.0 -0.0 -0.0 -0.0 -0.0 -0.0 -0.0 -0.0 -0.0; -0.0 -0.0 -0.0 -0.0 -0.0 -0.0 -0.0 -0.0 -0.0 -0.0; -0.0 -0.0 -0.0 -0.0 -0.0 -0.0 -0.0 -0.0 -0.0 -0.0]
evol_box,"[[0.455, 0.0], [2.253, 1398.8329256470315], [2.36, 1548.105581620708], [2.442, 124947.23868701416], [2.551, 124947.23868701396], [2.737, 3.2331018358716527e6], [2.942, 3.357165327085671e6], [3.161, 3.357165327085671e6], [3.44, 3.9794143212702237e6], [3.825, 4.227456424161491e6], [4.712, 4.351819885083341e6], [5.418, 4.973807405854901e6], [8.119, 5.3463842692838395e6], [12.313, 5.595523961083519e6], [15.871, 5.843696814697502e6], [19.272, 5.843696814697503e6], [23.082, 5.968426196212601e6], [25.784, 6.216756288729179e6], [29.051, 6.217042111908097e6], [33.626, 6.590020663570255e6], [38.972, 6.714346847457639e6], [45.573, 6.838465375621726e6], [51.449, 6.838673031345026e6], [59.76, 6.962823909585023e6], [69.79, 7.211347312501197e6], [78.078, 7.2117198484765915e6], [91.454, 7.335708638841869e6], [113.632, 7.335774381449032e6], [134.681, 7.336077317840524e6], [159.875, 7.584279276134859e6], [189.758, 7.708589573008287e6], [225.924, 7.70866220385563e6], [285.403, 7.957234130918935e6], [327.893, 7.957592926087366e6], [377.673, 7.957934937431231e6], [436.458, 8.081654803586168e6], [522.234, 8.081816743938287e6], [633.702, 8.205931585592294e6], [725.219, 8.205992433048761e6], [852.393, 8.2060411165752355e6], [1072.146, 8.206050765384935e6], [1203.137, 8.206054150653232e6], [1445.713, 8.330282967487666e6], [1676.473, 8.330646694520194e6], [1930.385, 8.454724965755068e6], [2216.532, 8.578935335262438e6], [2536.051, 8.578972603993569e6], [3062.163, 8.579047980901465e6], [3430.024, 8.579116485801332e6], [3600.049, 8.703191234243238e6]]"
y_pb,[[-0.0 -0.0 0.0 -0.0 -0.0 -0.0 -0.0 -0.0 -0.0 -0.0; -0.0 -0.0 0.0 -0.0 -0.0 -0.0 -0.0 -0.0 -0.0 -0.0; -0.0 -0.0 -0.0 -0.0 4.0 -0.0 -0.0 -0.0 -0.0 -0.0; -0.0 -0.0 -0.0 -0.0 0.0 -0.0 -0.0 -0.0 -0.0 -0.0; -0.0 -0.0 -0.0 -0.0 -0.0 -0.0 3.0 -0.0 -0.0 -0.0; -0.0 -0.0 -0.0 -0.0 -0.0 -0.0 -0.0 -0.0 14.0 20.0;;;]]
x_bb,"[0.0, -0.0, 4.0, -0.0, 3.0, 34.0]"
x_box,"[0.0, 0.0, 0.0, 0.0, 7.0, 34.0]"
evol_zeta,"[[2.335, 23.0], [2.367, 22.75], [2.458, 19.0], [2.571, 17.250000001825015], [2.76, 17.2], [2.968, 16.8], [3.178, 16.0], [3.464, 15.666666666666668], [3.86, 15.0], [4.737, 15.4], [5.443, 14.25], [8.139, 15.25], [12.337, 14.0], [15.91, 14.25], [19.311, 13.8], [23.108, 14.0], [25.811, 13.25], [29.073, 13.5], [33.643, 13.0], [38.997, 12.8], [45.606, 13.25], [51.473, 13.600000000000001], [59.783, 12.000000001300002], [69.829, 11.75], [78.101, 11.75], [91.479, 11.2], [113.664, 11.75], [134.706, 11.75], [159.902, 11.75], [189.78, 12.4], [225.956, 11.2], [285.425, 11.25], [327.916, 11.25], [377.702, 10.8], [436.484, 11.0], [522.263, 11.25], [633.731, 11.2], [725.248, 11.5], [852.414, 10.25], [1072.173, 10.799999999999997], [1203.164, 9.2], [1445.735, 11.2], [1676.517, 10.2], [1930.409, 10.0], [2216.573, 9.6], [2536.092, 9.333333333333334], [3062.188, 10.499999999999998], [3430.064, 9.333333335764708], [3600.066, 0.0]]"
ξ_box,[24.0 12.0 16.0 4.0; 12.0 17.0 2.0 18.0; 11.0 18.0 -0.0 5.0; 16.0 18.0 -0.0 14.0; 1.0 4.0 -0.0 0.0; 15.0 23.0 18.0 10.0; 15.0 -0.0 23.0 17.0; 16.0 -0.0 18.0 18.0; -0.0 6.0 14.0 10.0; -0.0 12.0 20.0 14.0]
