first,second
s_box,[-0.0 -0.0 11.0 16.0; -0.0 -0.0 -0.0 4.0; -0.0 -0.0 -0.0 -0.0; 0.0 -0.0 -0.0 0.0; 8.0 -0.0 1.999994660101381 5.0; 6.0 -0.0 6.0 3.0; 9.0 -0.0 9.0 -0.0; 16.0 14.0 14.0 2.0; 25.999994660101382 26.0 6.0 22.0; 9.0 33.0 26.0 22.0]
x_pb,"[36.0, -0.0, 21.0, -0.0, -0.0, -0.0]"
s_bb,[16.0 16.0 -0.0 -0.0; -0.0 -0.0 -0.0 -0.0; 0.0 10.0 -0.0 -0.0; -0.0 -0.0 -0.0 -0.0; 12.0 -0.0 -0.0 -0.0; 6.0 -0.0 -0.0 -0.0; 9.0 -0.0 -0.0 -0.0; 16.0 -0.0 -0.0 -0.0; 32.0 6.0 -0.0 -0.0; 33.0 -0.0 -0.0 -0.0]
partition_bb,"[[[0.0, 4.0, 0.0, 9.0, 33.0, 6.0, 3.0, 2.0, 0.0, 0.0], [0.0, 0.0, 0.0, 0.0, 0.0, 1.0, 2.0, 11.0, 13.0, 33.0], [0.0, 0.0, 0.0, 0.0, 0.0, 2.0, 3.0, 12.0, 32.0, 12.0], [16.0, 0.0, 0.0, 10.0, 0.0, 6.0, 7.0, 16.0, 0.0, 0.0], [0.0, 6.0, 10.0, 20.0, 0.0, 0.0, 0.0, 0.0, 0.0, 10.0], [0.0, 0.0, 0.0, 0.0, 2.0, 6.0, 9.0, 7.0, 27.0, 7.0]], [[16.0, 0.0, 0.0, 0.0, 14.0, 3.0, 0.0, 0.0, 2.0, 22.0], [16.0, 0.0, 0.0, 0.0, 0.0, 0.0, 0.0, 0.0, 18.0, 0.0], [0.0, 6.0, 10.0, 0.0, 0.0, 0.0, 0.0, 0.0, 10.0, 0.0]], [[16.0, 6.0, 10.0, 16.0, 9.0, 0.0, 0.0, 0.0, 0.0, 0.0]], Vector{Float64}[]]"
y_box,[0.0 6.0 10.0 16.0 -0.0 -0.0 -0.0 -0.0 -0.0 -0.0; -0.0 -0.0 -0.0 0.0 -0.0 -0.0 -0.0 -0.0 -0.0 -0.0; -0.0 -0.0 -0.0 -0.0 25.0 0.0 -0.0 -0.0 -0.0 -0.0; -0.0 -0.0 -0.0 -0.0 0.0 0.0 -0.0 -0.0 -0.0 -0.0; -0.0 -0.0 0.0 -0.0 -0.0 -0.0 0.0 0.0 0.0 -0.0; -0.0 -0.0 -0.0 -0.0 -0.0 -0.0 -0.0 -0.0 -0.0 -0.0;;; 15.0 0.0 -0.0 7.0 10.0 -0.0 -0.0 -0.0 -0.0 -0.0; -0.0 -0.0 -0.0 0.0 -0.0 -0.0 -0.0 -0.0 -0.0 -0.0; -0.0 -0.0 3.0 6.0 4.0 5.0 6.0 1.0 0.0 0.0; -0.0 -0.0 -0.0 -0.0 -0.0 -0.0 -0.0 -0.0 0.0 -0.0; -0.0 -0.0 -0.0 -0.0 -0.0 -0.0 -0.0 -0.0 0.0 -0.0; -0.0 -0.0 -0.0 -0.0 -0.0 -0.0 -0.0 -0.0 -0.0 -0.0;;; -0.0 6.0 10.0 16.0 -0.0 -0.0 -0.0 -0.0 -0.0 -0.0; -0.0 -0.0 -0.0 -0.0 0.0 -0.0 -0.0 -0.0 -0.0 -0.0; -0.0 -0.0 -0.0 -0.0 25.0 -0.0 -0.0 -0.0 -0.0 -0.0; -0.0 -0.0 -0.0 -0.0 -0.0 0.0 -0.0 -0.0 -0.0 -0.0; -0.0 -0.0 -0.0 -0.0 -0.0 -0.0 0.0 0.0 0.0 -0.0; -0.0 -0.0 -0.0 -0.0 -0.0 -0.0 -0.0 -0.0 -0.0 -0.0;;; -0.0 2.0 10.0 20.0 -0.0 -0.0 -0.0 -0.0 -0.0 -0.0; -0.0 -0.0 -0.0 -0.0 -0.0 -0.0 -0.0 -0.0 -0.0 -0.0; -0.0 -0.0 -0.0 -0.0 25.0 -0.0 -0.0 -0.0 -0.0 -0.0; -0.0 -0.0 -0.0 -0.0 0.0 -0.0 -0.0 -0.0 -0.0 -0.0; -0.0 -0.0 -0.0 -0.0 -0.0 -0.0 -0.0 -0.0 -0.0 -0.0; -0.0 -0.0 -0.0 -0.0 -0.0 -0.0 -0.0 -0.0 -0.0 -0.0]
evol_bb,"[[1.499, 1.320329140154901e7], [1040.89, 1.3203291401549008e7]]"
y_bb,[0.0 6.0 10.0 20.0 -0.0 -0.0 -0.0 -0.0 -0.0 -0.0; -0.0 -0.0 -0.0 0.0 -0.0 -0.0 -0.0 -0.0 -0.0 -0.0; -0.0 -0.0 -0.0 -0.0 21.0 -0.0 -0.0 -0.0 -0.0 -0.0; -0.0 -0.0 -0.0 -0.0 0.0 -0.0 -0.0 -0.0 -0.0 -0.0; -0.0 -0.0 -0.0 -0.0 -0.0 -0.0 0.0 0.0 0.0 -0.0; -0.0 -0.0 -0.0 -0.0 -0.0 -0.0 -0.0 -0.0 -0.0 0.0;;; 0.0 -0.0 -0.0 -0.0 14.0 0.0 -0.0 -0.0 -0.0 22.0; -0.0 -0.0 -0.0 -0.0 -0.0 0.0 -0.0 -0.0 -0.0 -0.0; -0.0 6.0 0.0 -0.0 0.0 3.0 -0.0 -0.0 12.0 -0.0; -0.0 0.0 -0.0 -0.0 -0.0 -0.0 -0.0 -0.0 -0.0 -0.0; -0.0 0.0 -0.0 -0.0 -0.0 -0.0 -0.0 -0.0 -0.0 -0.0; -0.0 0.0 -0.0 -0.0 -0.0 0.0 -0.0 -0.0 -0.0 -0.0;;; 16.0 6.0 0.0 5.0 9.0 -0.0 -0.0 -0.0 -0.0 -0.0; -0.0 -0.0 0.0 -0.0 -0.0 -0.0 -0.0 -0.0 -0.0 -0.0; -0.0 -0.0 10.0 11.0 -0.0 -0.0 -0.0 -0.0 -0.0 -0.0; -0.0 0.0 -0.0 -0.0 -0.0 -0.0 -0.0 -0.0 -0.0 -0.0; -0.0 -0.0 0.0 -0.0 -0.0 -0.0 -0.0 -0.0 -0.0 -0.0; -0.0 -0.0 0.0 -0.0 -0.0 -0.0 -0.0 -0.0 -0.0 -0.0;;; -0.0 -0.0 -0.0 -0.0 -0.0 -0.0 -0.0 -0.0 -0.0 -0.0; -0.0 -0.0 -0.0 -0.0 -0.0 -0.0 -0.0 -0.0 -0.0 -0.0; -0.0 -0.0 -0.0 -0.0 -0.0 -0.0 -0.0 -0.0 -0.0 -0.0; -0.0 -0.0 -0.0 -0.0 -0.0 -0.0 -0.0 -0.0 -0.0 -0.0; -0.0 -0.0 -0.0 -0.0 -0.0 -0.0 -0.0 -0.0 -0.0 -0.0; -0.0 -0.0 -0.0 -0.0 -0.0 -0.0 -0.0 -0.0 -0.0 -0.0]
evol_box,"[[0.429, 0.0], [2.187, 1240.3388134181732], [2.294, 321355.88644424424], [2.37, 321355.88644424424], [2.44, 321355.886444157], [2.675, 2.663042531968639e6], [3.44, 2.663042531968639e6], [3.887, 3.0886542155323885e6], [4.145, 3.301772134342174e6], [4.547, 3.6212869921350544e6], [4.944, 3.940354841219998e6], [7.743, 4.0468160613544425e6], [8.29, 4.0468160613544295e6], [9.012, 4.046816061354442e6], [9.961, 4.366572983707028e6], [11.548, 4.7921926397875715e6], [13.605, 5.111673801225776e6], [16.166, 5.537404368726257e6], [19.061, 5.644228565675117e6], [22.889, 5.7503456751935575e6], [26.035, 5.750345675193556e6], [29.184, 5.750346513092831e6], [33.866, 5.750346513092831e6], [38.289, 5.75043754526427e6], [42.524, 5.856952855154765e6], [46.195, 5.856952855154753e6], [52.675, 6.070127353250654e6], [58.064, 6.176229126027429e6], [68.026, 6.176412216914007e6], [79.877, 6.282828134488607e6], [92.121, 6.282840841872366e6], [101.703, 6.389270260734813e6], [114.276, 6.38935029341979e6], [123.535, 6.389500287330246e6], [140.212, 6.602276270312013e6], [158.553, 6.708657263375739e6], [182.645, 6.921522860763699e6], [207.817, 6.921688367486853e6], [239.147, 6.921840354586551e6], [279.151, 7.028069223076687e6], [332.529, 7.134508432580955e6], [374.637, 7.134698423832273e6], [431.695, 7.240939219435835e6], [487.472, 7.241025084018164e6], [576.485, 7.347405473698297e6], [689.87, 7.45387696483122e6], [767.732, 7.453898259606926e6], [862.99, 7.454007359206833e6], [972.076, 7.454044915671639e6], [1114.086, 7.56055765257708e6], [1352.622, 7.666902371844288e6], [1597.421, 7.666938004090273e6], [1848.072, 7.773317596866199e6], [2286.386, 7.773440535859315e6], [2596.829, 7.773618142238941e6], [2842.464, 7.773637441327053e6], [3252.828, 7.879758739866544e6], [3600.018, 7.8797876815573545e6]]"
y_pb,[[-0.0 6.000000000000001 10.0 20.0 -0.0 -0.0 -0.0 -0.0 -0.0 -0.0; -0.0 -0.0 -0.0 0.0 -0.0 -0.0 -0.0 -0.0 -0.0 -0.0; -0.0 -0.0 -0.0 -0.0 21.0 -0.0 -0.0 -0.0 -0.0 -0.0; -0.0 -0.0 -0.0 -0.0 0.0 -0.0 -0.0 -0.0 -0.0 -0.0; -0.0 -0.0 -0.0 -0.0 -0.0 -0.0 -0.0 -0.0 0.0 -0.0; -0.0 -0.0 -0.0 -0.0 -0.0 -0.0 -0.0 -0.0 0.0 -0.0;;;]]
x_bb,"[36.0, -0.0, 21.0, -0.0, -0.0, 0.0]"
x_box,"[32.0, 0.0, 25.0, -0.0, 0.0, -0.0]"
evol_zeta,"[[2.264, 32.40000000000003], [2.337, 24.75], [2.401, 20.5], [2.492, 20.0], [2.71, 19.4], [3.454, 16.2], [3.891, 16.0], [4.178, 16.0], [4.555, 16.0], [4.951, 16.2], [7.776, 16.0], [8.307, 16.0], [9.016, 16.0], [9.971, 14.8], [11.563, 13.333333333333334], [13.622, 11.0], [16.176, 13.4], [19.083, 12.285714285714285], [22.909, 12.5], [26.052, 11.6], [29.23, 10.625], [33.878, 12.333333333333332], [38.326, 10.625000000000002], [42.569, 11.200000000000003], [46.215, 11.42857142857143], [52.695, 10.000002999453073], [58.075, 10.600000000000001], [68.046, 10.6], [79.901, 10.800000000000002], [92.135, 9.666666666666668], [101.728, 10.571428571428571], [114.319, 8.600000000000001], [123.556, 11.5], [140.231, 9.333333333333332], [158.572, 10.0], [182.657, 9.0], [207.836, 10.2], [239.204, 10.625], [279.177, 9.285714285714285], [332.551, 9.333333333333332], [374.66, 7.5], [431.716, 8.5], [487.494, 8.666666666666666], [576.508, 6.7999999999999945], [689.89, 8.399999999999999], [767.76, 10.0], [863.009, 8.600000000000001], [972.117, 6.857142857142856], [1114.102, 8.5], [1352.636, 8.666666666666666], [1597.458, 9.0], [1848.114, 7.666666666666666], [2286.397, 9.0], [2596.849, 10.0], [2842.474, 8.0], [3252.85, 7.28571428571429], [3600.033, 0.0]]"
ξ_box,[-0.0 15.0 11.0 16.0; 6.0 0.0 6.0 6.0; 10.0 3.0 10.0 10.0; 16.0 13.0 16.0 20.0; 33.0 14.0 25.0 30.0; 6.0 5.0 6.0 3.0; 9.0 6.0 9.0 0.0; 16.0 15.0 14.0 2.0; 25.999994661529954 26.0 6.0 22.0; 9.0 33.0 26.0 22.0]
