first,second
s_box,[36.0 -0.0 9.0 35.0 14.0; 15.0 8.999999956669917 -0.0 -0.0 -0.0; -0.0 -0.0 -0.0 2.0 -0.0; -0.0 15.0 -0.0 -0.0 5.0; 13.0 18.0 -0.0 23.0 13.0; -0.0 5.999999956669909 -0.0 -0.0 -0.0; -0.0 17.99999995666991 19.0 -0.0 -0.0; -0.0 -0.0 11.0 -0.0 6.0; -0.0 -0.0 18.0 -0.0 14.0; -0.0 -0.0 -0.0 5.000000849366954 11.0]
x_pb,"[-0.0, 42.0, -0.0, -0.0, -0.0, 14.0]"
s_bb,[0.0 -0.0 -0.0 -0.0 -0.0; 25.0 -0.0 -0.0 -0.0 -0.0; 24.0 -0.0 -0.0 -0.0 -0.0; 22.0 -0.0 -0.0 -0.0 -0.0; 23.0 -0.0 -0.0 -0.0 -0.0; 7.0 -0.0 -0.0 -0.0 -0.0; 19.0 -0.0 -0.0 -0.0 -0.0; 3.0 -0.0 -0.0 -0.0 -0.0; 24.0 -0.0 -0.0 -0.0 -0.0; 25.0 -0.0 -0.0 -0.0 -0.0]
partition_bb,"[[[42.0, 8.0, 6.0, 0.0, 0.0, 0.0, 0.0, 0.0, 0.0, 0.0], [0.0, 0.0, 0.0, 0.0, 0.0, 0.0, 3.0, 11.0, 18.0, 25.0], [0.0, 8.0, 2.0, 15.0, 23.0, 7.0, 1.0, 0.0, 0.0, 0.0], [0.0, 18.0, 24.0, 11.0, 3.0, 1.0, 0.0, 0.0, 0.0, 0.0], [0.0, 0.0, 0.0, 0.0, 0.0, 7.0, 19.0, 17.0, 10.0, 3.0], [0.0, 25.0, 19.0, 10.0, 2.0, 0.0, 0.0, 0.0, 0.0, 0.0], [0.0, 7.0, 9.0, 22.0, 14.0, 6.0, 0.0, 0.0, 0.0, 0.0], [0.0, 0.0, 0.0, 0.0, 0.0, 0.0, 4.0, 12.0, 24.0, 17.0]], Vector{Float64}[], Vector{Float64}[], Vector{Float64}[], Vector{Float64}[]]"
y_box,[-0.0 -0.0 0.0 -0.0 -0.0 -0.0 -0.0 -0.0 -0.0 -0.0; -0.0 -0.0 12.0 -0.0 -0.0 -0.0 3.0 0.0 -0.0 -0.0; 6.0 -0.0 -0.0 5.0 -0.0 -0.0 -0.0 14.0 -0.0 8.000000038595243; -0.0 -0.0 -0.0 -0.0 -0.0 -0.0 -0.0 -0.0 -0.0 -0.0; -0.0 -0.0 -0.0 -0.0 -0.0 -0.0 -0.0 -0.0 -0.0 -0.0; -0.0 0.0 -0.0 -0.0 -0.0 -0.0 1.0 -0.0 4.0 2.9999999614047614;;; 0.0 -0.0 -0.0 -0.0 -0.0 -0.0 -0.0 -0.0 -0.0 -0.0; 15.0 -0.0 -0.0 -0.0 -0.0 -0.0 -0.0 -0.0 -0.0 -0.0; -0.0 9.000000041901512 24.0 0.0 0.0 -0.0 -0.0 -0.0 -0.0 -0.0; -0.0 -0.0 -0.0 -0.0 -0.0 -0.0 -0.0 -0.0 -0.0 -0.0; -0.0 -0.0 -0.0 -0.0 -0.0 -0.0 -0.0 -0.0 -0.0 -0.0; -0.0 -0.0 -0.0 -0.0 -0.0 -0.0 -0.0 7.999999958738341 -0.0 -0.0;;; -0.0 -0.0 -0.0 -0.0 -0.0 -0.0 -0.0 -0.0 -0.0 -0.0; 8.0 -0.0 -0.0 -0.0 -0.0 7.0 -0.0 -0.0 -0.0 -0.0; 8.000000038595243 -0.0 -0.0 -0.0 -0.0 -0.0 -0.0 -0.0 -0.0 25.0; -0.0 -0.0 -0.0 -0.0 -0.0 -0.0 -0.0 -0.0 0.0 0.0; -0.0 -0.0 -0.0 -0.0 -0.0 -0.0 0.0 0.0 -0.0 -0.0; 7.999999961404762 -0.0 -0.0 -0.0 -0.0 -0.0 -0.0 -0.0 -0.0 -0.0;;; -0.0 0.0 -0.0 -0.0 -0.0 -0.0 -0.0 -0.0 -0.0 -0.0; -0.0 -0.0 0.0 15.0 -0.0 -0.0 -0.0 -0.0 0.0 -0.0; -0.0 -0.0 -0.0 -0.0 -0.0 7.0 -0.0 -0.0 17.0 9.00000004208009; -0.0 -0.0 -0.0 0.0 0.0 0.0 -0.0 -0.0 -0.0 -0.0; -0.0 0.0 -0.0 -0.0 -0.0 -0.0 -0.0 -0.0 -0.0 -0.0; 0.0 1.0 -0.0 -0.0 -0.0 -0.0 1.0000007303615348 5.0000001237402705 -0.0 0.999999107302956;;; -0.0 -0.0 -0.0 -0.0 -0.0 -0.0 -0.0 -0.0 -0.0 -0.0; -0.0 -0.0 11.0 -0.0 -0.0 4.0 -0.0 -0.0 -0.0 -0.0; -0.0 9.000000038595243 2.0 0.0 -0.0 -0.0 16.0 0.0 -0.0 6.0; -0.0 -0.0 -0.0 -0.0 -0.0 -0.0 -0.0 -0.0 0.0 -0.0; -0.0 -0.0 -0.0 -0.0 0.0 -0.0 -0.0 -0.0 -0.0 -0.0; -0.0 7.999999961404762 -0.0 -0.0 -0.0 -0.0 -0.0 -0.0 -0.0 -0.0]
evol_bb,"[[48.615, 2.095477221514644e7]]"
y_bb,[-0.0 -0.0 -0.0 -0.0 -0.0 -0.0 -0.0 -0.0 -0.0 -0.0; 42.0 -0.0 -0.0 -0.0 -0.0 -0.0 -0.0 -0.0 -0.0 -0.0; -0.0 0.0 0.0 0.0 0.0 -0.0 -0.0 -0.0 -0.0 -0.0; -0.0 -0.0 -0.0 -0.0 -0.0 -0.0 -0.0 -0.0 -0.0 -0.0; -0.0 -0.0 -0.0 -0.0 -0.0 0.0 -0.0 -0.0 -0.0 -0.0; -0.0 -0.0 -0.0 -0.0 -0.0 -0.0 0.0 14.0 0.0 0.0;;; -0.0 -0.0 -0.0 -0.0 -0.0 -0.0 -0.0 -0.0 -0.0 -0.0; -0.0 -0.0 -0.0 -0.0 -0.0 -0.0 -0.0 -0.0 -0.0 -0.0; -0.0 -0.0 -0.0 -0.0 -0.0 -0.0 -0.0 -0.0 -0.0 -0.0; -0.0 -0.0 -0.0 -0.0 -0.0 -0.0 -0.0 -0.0 -0.0 -0.0; -0.0 -0.0 -0.0 -0.0 -0.0 -0.0 -0.0 -0.0 -0.0 -0.0; -0.0 -0.0 -0.0 -0.0 -0.0 -0.0 -0.0 -0.0 -0.0 -0.0;;; -0.0 -0.0 -0.0 -0.0 -0.0 -0.0 -0.0 -0.0 -0.0 -0.0; -0.0 -0.0 -0.0 -0.0 -0.0 -0.0 -0.0 -0.0 -0.0 -0.0; -0.0 -0.0 -0.0 -0.0 -0.0 -0.0 -0.0 -0.0 -0.0 -0.0; -0.0 -0.0 -0.0 -0.0 -0.0 -0.0 -0.0 -0.0 -0.0 -0.0; -0.0 -0.0 -0.0 -0.0 -0.0 -0.0 -0.0 -0.0 -0.0 -0.0; -0.0 -0.0 -0.0 -0.0 -0.0 -0.0 -0.0 -0.0 -0.0 -0.0;;; -0.0 -0.0 -0.0 -0.0 -0.0 -0.0 -0.0 -0.0 -0.0 -0.0; -0.0 -0.0 -0.0 -0.0 -0.0 -0.0 -0.0 -0.0 -0.0 -0.0; -0.0 -0.0 -0.0 -0.0 -0.0 -0.0 -0.0 -0.0 -0.0 -0.0; -0.0 -0.0 -0.0 -0.0 -0.0 -0.0 -0.0 -0.0 -0.0 -0.0; -0.0 -0.0 -0.0 -0.0 -0.0 -0.0 -0.0 -0.0 -0.0 -0.0; -0.0 -0.0 -0.0 -0.0 -0.0 -0.0 -0.0 -0.0 -0.0 -0.0;;; -0.0 -0.0 -0.0 -0.0 -0.0 -0.0 -0.0 -0.0 -0.0 -0.0; -0.0 -0.0 -0.0 -0.0 -0.0 -0.0 -0.0 -0.0 -0.0 -0.0; -0.0 -0.0 -0.0 -0.0 -0.0 -0.0 -0.0 -0.0 -0.0 -0.0; -0.0 -0.0 -0.0 -0.0 -0.0 -0.0 -0.0 -0.0 -0.0 -0.0; -0.0 -0.0 -0.0 -0.0 -0.0 -0.0 -0.0 -0.0 -0.0 -0.0; -0.0 -0.0 -0.0 -0.0 -0.0 -0.0 -0.0 -0.0 -0.0 -0.0]
evol_box,"[[0.646, 0.0], [3.179, 471.119816698416], [3.328, 122816.71700035046], [3.503, 123809.82424475839], [3.803, 123809.82424475816], [3.987, 366196.290826239], [4.486, 2.559065795360969e6], [4.789, 2.559604354356326e6], [5.176, 3.168444109868896e6], [7.121, 3.534126085255925e6], [8.493, 4.264389517983565e6], [13.065, 4.386270020815238e6], [16.154, 4.996071291583195e6], [18.204, 5.239045112930064e6], [21.861, 5.361174250670186e6], [24.849, 5.361567274833453e6], [29.541, 5.48291911348846e6], [33.54, 5.848262561118816e6], [38.536, 6.09236051523417e6], [47.198, 6.335595608963862e6], [55.697, 6.5794646132905325e6], [65.814, 6.579671504234007e6], [92.779, 6.701682103813101e6], [147.556, 6.823363886680906e6], [186.665, 7.0666958400551155e6], [261.275, 7.310152834251733e6], [388.247, 7.3107153100635065e6], [482.234, 7.3107153100635065e6], [623.374, 7.553720017650902e6], [766.164, 7.553720017650902e6], [954.531, 7.553720017650902e6], [1302.637, 7.675856182790426e6], [1677.169, 7.675864235191173e6], [2015.342, 7.7977467241325425e6], [2524.826, 7.919636576720618e6], [3101.884, 8.041131777434903e6], [3600.083, 8.041463620387064e6]]"
y_pb,[[0.0 -0.0 -0.0 -0.0 -0.0 -0.0 -0.0 -0.0 -0.0 -0.0; 42.0 -0.0 -0.0 -0.0 -0.0 -0.0 -0.0 -0.0 -0.0 -0.0; -0.0 -0.0 0.0 -0.0 -0.0 -0.0 -0.0 -0.0 -0.0 -0.0; -0.0 -0.0 0.0 -0.0 -0.0 -0.0 -0.0 -0.0 -0.0 -0.0; -0.0 -0.0 -0.0 -0.0 -0.0 0.0 -0.0 -0.0 -0.0 -0.0; -0.0 -0.0 -0.0 -0.0 -0.0 -0.0 -0.0 14.0 -0.0 -0.0;;;]]
x_bb,"[0.0, 42.0, 0.0, 0.0, 0.0, 14.0]"
x_box,"[-0.0, 15.0, 33.000000041171, 0.0, 0.0, 7.99999996049567]"
evol_zeta,"[[2.595, 42.0], [3.303, 24.75], [3.339, 23.0], [3.527, 20.0], [3.819, 19.25], [4.021, 19.0], [4.543, 17.8], [4.858, 16.600000000000023], [5.25, 16.499999999999986], [7.158, 16.333333333333332], [8.565, 15.199999999999992], [13.114, 16.0], [16.194, 14.25], [18.273, 14.600000000000001], [21.94, 14.0], [24.883, 14.5], [29.573, 14.166666666666666], [33.618, 14.2], [38.557, 14.333333333333334], [47.242, 12.571428571428571], [55.755, 13.666666666666643], [65.867, 13.5], [92.843, 12.285714287042858], [147.584, 13.4], [186.728, 12.0], [261.318, 11.285714285714286], [388.328, 11.6], [482.319, 11.428571428571429], [623.425, 12.0], [766.219, 11.25], [954.593, 11.2], [1302.691, 11.250000000000005], [1677.226, 10.000000001100002], [2015.432, 10.399999999999997], [2524.908, 11.0], [3101.934, 11.6], [3600.106, 0.0]]"
ξ_box,[42.0 15.0 33.0 35.0 14.0; 15.0 18.0 -0.0 1.0 17.0; 12.0 24.0 -0.0 2.0 13.0; 5.0 15.0 -0.0 15.0 5.0; 13.0 18.0 -0.0 23.0 13.0; -0.0 5.9999999579199095 7.0 7.0 4.0; 4.0 17.99999995791991 19.0 1.000000731611535 16.0; 14.0 7.999999959988341 11.0 5.000000124990271 6.0; 4.0 -0.0 18.0 17.0 14.0; 11.0 -0.0 25.0 15.0 17.0]
