first,second
s_box,[21.0 0.0 13.0 0.0; 14.0 14.0 0.0 19.0; 22.0 11.0 6.0 12.0; 0.0 0.0 19.0 0.0; 20.0 0.0 16.0 6.0; 0.0 13.0 14.0 0.0; 0.0 11.0 0.0 0.0; 0.0 6.0 9.0 9.0; 0.0 5.0 0.0 9.0; 0.0 18.0 0.0 22.0]
x_pb,"[-0.0, 27.0, -0.0, -0.0, 16.0, -0.0]"
s_bb,[0.0 -0.0 -0.0 -0.0; 22.0 -0.0 -0.0 -0.0; 22.0 -0.0 -0.0 -0.0; 22.0 -0.0 -0.0 -0.0; 30.0 -0.0 -0.0 -0.0; 13.0 -0.0 -0.0 -0.0; 18.0 -0.0 -0.0 -0.0; 17.0 -0.0 -0.0 -0.0; 17.0 -0.0 -0.0 -0.0; 22.0 -0.0 -0.0 -0.0]
partition_bb,"[[[0.0, 0.0, 1.0, 13.0, 30.0, 0.0, 0.0, 0.0, 0.0, 0.0], [0.0, 0.0, 0.0, 0.0, 0.0, 29.0, 8.0, 3.0, 3.0, 0.0], [27.0, 13.0, 3.0, 0.0, 0.0, 0.0, 0.0, 0.0, 0.0, 0.0], [0.0, 0.0, 0.0, 0.0, 0.0, 0.0, 4.0, 9.0, 9.0, 22.0], [0.0, 12.0, 22.0, 10.0, 0.0, 0.0, 0.0, 0.0, 0.0, 0.0], [0.0, 0.0, 0.0, 0.0, 0.0, 0.0, 18.0, 13.0, 12.0, 0.0], [0.0, 3.0, 13.0, 22.0, 5.0, 0.0, 0.0, 0.0, 0.0, 0.0], [8.0, 22.0, 12.0, 2.0, 0.0, 0.0, 0.0, 0.0, 0.0, 0.0], [0.0, 0.0, 0.0, 0.0, 0.0, 0.0, 11.0, 11.0, 17.0, 4.0], [0.0, 0.0, 0.0, 0.0, 0.0, 0.0, 12.0, 17.0, 11.0, 4.0]], Vector{Float64}[], Vector{Float64}[], Vector{Float64}[]]"
y_box,[0.0 0.0 0.0 0.0 0.0 0.0 0.0 0.0 0.0 0.0; 0.0 0.0 0.0 7.0 0.0 20.0 0.0 0.0 0.0 0.0; 0.0 0.0 0.0 0.0 0.0 0.0 0.0 0.0 0.0 0.0; 0.0 0.0 0.0 0.0 0.0 0.0 0.0 0.0 0.0 0.0; 0.0 0.0 0.0 6.0 10.0 0.0 0.0 0.0 0.0 0.0; 0.0 0.0 0.0 0.0 0.0 0.0 0.0 0.0 0.0 0.0;;; 0.0 0.0 0.0 0.0 0.0 0.0 0.0 0.0 0.0 0.0; 27.0 0.0 0.0 0.0 0.0 0.0 0.0 0.0 0.0 0.0; 0.0 0.0 0.0 0.0 0.0 0.0 0.0 0.0 0.0 0.0; 0.0 0.0 0.0 0.0 0.0 0.0 0.0 0.0 0.0 0.0; 0.0 0.0 0.0 0.0 0.0 16.0 0.0 0.0 0.0 0.0; 0.0 0.0 0.0 0.0 0.0 0.0 0.0 0.0 0.0 0.0;;; 0.0 0.0 0.0 0.0 0.0 0.0 0.0 0.0 0.0 0.0; 1.0 0.0 1.0 0.0 0.0 0.0 14.0 0.0 0.0 11.0; 0.0 0.0 0.0 0.0 0.0 0.0 0.0 0.0 0.0 0.0; 0.0 0.0 0.0 0.0 0.0 0.0 0.0 0.0 0.0 0.0; 0.0 0.0 0.0 0.0 0.0 2.0 0.0 0.0 9.0 5.0; 0.0 0.0 0.0 0.0 0.0 0.0 0.0 0.0 0.0 0.0;;; 0.0 0.0 0.0 0.0 0.0 0.0 0.0 0.0 0.0 0.0; 5.0 0.0 0.0 9.0 0.0 0.0 13.0 0.0 0.0 0.0; 0.0 0.0 0.0 0.0 0.0 0.0 0.0 0.0 0.0 0.0; 0.0 0.0 0.0 0.0 0.0 0.0 0.0 0.0 0.0 0.0; 0.0 0.0 1.0 3.0 12.0 0.0 0.0 0.0 0.0 0.0; 0.0 0.0 0.0 0.0 0.0 0.0 0.0 0.0 0.0 0.0]
evol_bb,"[[903.593, 2.2022823619037822e7]]"
y_bb,[-0.0 -0.0 -0.0 -0.0 -0.0 -0.0 -0.0 -0.0 -0.0 -0.0; 27.0 0.0 0.0 0.0 -0.0 -0.0 -0.0 -0.0 -0.0 -0.0; -0.0 -0.0 -0.0 -0.0 -0.0 -0.0 -0.0 -0.0 -0.0 -0.0; -0.0 -0.0 -0.0 -0.0 0.0 -0.0 -0.0 -0.0 -0.0 -0.0; -0.0 -0.0 -0.0 -0.0 -0.0 16.0 -0.0 -0.0 -0.0 -0.0; -0.0 -0.0 -0.0 -0.0 -0.0 -0.0 0.0 0.0 0.0 0.0;;; -0.0 -0.0 -0.0 -0.0 -0.0 -0.0 -0.0 -0.0 -0.0 -0.0; -0.0 -0.0 -0.0 -0.0 -0.0 -0.0 -0.0 -0.0 -0.0 -0.0; -0.0 -0.0 -0.0 -0.0 -0.0 -0.0 -0.0 -0.0 -0.0 -0.0; -0.0 -0.0 -0.0 -0.0 -0.0 -0.0 -0.0 -0.0 -0.0 -0.0; -0.0 -0.0 -0.0 -0.0 -0.0 -0.0 -0.0 -0.0 -0.0 -0.0; -0.0 -0.0 -0.0 -0.0 -0.0 -0.0 -0.0 -0.0 -0.0 -0.0;;; -0.0 -0.0 -0.0 -0.0 -0.0 -0.0 -0.0 -0.0 -0.0 -0.0; -0.0 -0.0 -0.0 -0.0 -0.0 -0.0 -0.0 -0.0 -0.0 -0.0; -0.0 -0.0 -0.0 -0.0 -0.0 -0.0 -0.0 -0.0 -0.0 -0.0; -0.0 -0.0 -0.0 -0.0 -0.0 -0.0 -0.0 -0.0 -0.0 -0.0; -0.0 -0.0 -0.0 -0.0 -0.0 -0.0 -0.0 -0.0 -0.0 -0.0; -0.0 -0.0 -0.0 -0.0 -0.0 -0.0 -0.0 -0.0 -0.0 -0.0;;; -0.0 -0.0 -0.0 -0.0 -0.0 -0.0 -0.0 -0.0 -0.0 -0.0; -0.0 -0.0 -0.0 -0.0 -0.0 -0.0 -0.0 -0.0 -0.0 -0.0; -0.0 -0.0 -0.0 -0.0 -0.0 -0.0 -0.0 -0.0 -0.0 -0.0; -0.0 -0.0 -0.0 -0.0 -0.0 -0.0 -0.0 -0.0 -0.0 -0.0; -0.0 -0.0 -0.0 -0.0 -0.0 -0.0 -0.0 -0.0 -0.0 -0.0; -0.0 -0.0 -0.0 -0.0 -0.0 -0.0 -0.0 -0.0 -0.0 -0.0]
evol_box,"[[0.421, 0.0], [2.056, 121380.54597335322], [2.151, 121380.54597335352], [2.176, 121380.54597335352], [2.263, 121920.76649436621], [2.388, 2.5278448843196426e6], [2.604, 2.527844884319642e6], [3.059, 3.4903704041094612e6], [3.754, 4.092218370132382e6], [4.273, 4.092218370132394e6], [5.452, 4.814323371677392e6], [7.137, 5.175058188571977e6], [8.439, 5.175058188571977e6], [11.988, 5.65674593821952e6], [16.742, 5.776764096802901e6], [19.672, 5.776764096802901e6], [23.417, 5.77684869648917e6], [27.967, 6.378669817915667e6], [31.216, 6.37899211242761e6], [35.27, 6.619152368326192e6], [42.927, 6.980212941490662e6], [48.609, 7.220858276557115e6], [56.641, 7.341492150167027e6], [65.48, 7.461557035200602e6], [77.432, 7.581890074645592e6], [92.918, 7.581918849721592e6], [107.182, 7.702223003141855e6], [128.455, 7.822669297987727e6], [148.537, 8.063311111621009e6], [182.522, 8.063500968622556e6], [247.95, 8.304023489750701e6], [326.363, 8.304122604532389e6], [368.418, 8.304168184489269e6], [414.873, 8.424445184648728e6], [485.501, 8.664985357962292e6], [576.473, 8.664989484537253e6], [654.516, 8.66504714563798e6], [731.55, 8.66517713346775e6], [847.666, 8.785293637957515e6], [982.89, 8.785320280403081e6], [1179.841, 8.90572336067368e6], [1352.665, 8.905892985403892e6], [1581.855, 8.906124174855439e6], [1816.06, 9.025996634124689e6], [1987.806, 9.026064542319864e6], [2259.927, 9.026157442165257e6], [2511.478, 9.026246232817367e6], [2814.237, 9.146333578247188e6], [3390.379, 9.146498623811442e6], [3600.052, 9.386999546188438e6]]"
y_pb,[[0.0 -0.0 -0.0 -0.0 -0.0 -0.0 -0.0 -0.0 -0.0 -0.0; 27.0 -0.0 -0.0 -0.0 -0.0 -0.0 -0.0 -0.0 -0.0 -0.0; -0.0 -0.0 -0.0 -0.0 0.0 -0.0 -0.0 -0.0 -0.0 -0.0; -0.0 -0.0 -0.0 -0.0 -0.0 0.0 -0.0 -0.0 -0.0 -0.0; -0.0 -0.0 -0.0 -0.0 -0.0 16.0 -0.0 -0.0 -0.0 -0.0; -0.0 -0.0 -0.0 -0.0 -0.0 -0.0 -0.0 0.0 -0.0 -0.0;;;]]
x_bb,"[0.0, 27.0, 0.0, 0.0, 16.0, 0.0]"
x_box,"[0.0, 27.0, 0.0, 0.0, 16.0, 0.0]"
evol_zeta,"[[2.136, 29.0], [2.159, 27.0], [2.186, 21.75], [2.284, 20.0], [2.403, 19.0], [2.621, 18.666666666666668], [3.079, 18.5], [3.779, 17.20000000182], [4.298, 16.6], [5.474, 17.25], [7.157, 15.8], [8.502, 15.75], [12.04, 14.0], [16.795, 14.25], [19.7, 15.0], [23.476, 13.749999972777921], [28.03, 13.8], [31.281, 13.5], [35.295, 14.0], [42.951, 13.5], [48.634, 13.799999999999997], [56.667, 13.5], [65.51, 13.166666666666666], [77.503, 13.4], [93.002, 12.666666666666668], [107.21, 12.75], [128.486, 12.0], [148.565, 13.166666666666664], [182.551, 12.25], [247.976, 12.6], [326.416, 12.250000000000002], [368.522, 11.5], [414.899, 10.8], [485.533, 10.666666666666668], [576.508, 10.8], [654.546, 12.25], [731.576, 10.8], [847.695, 11.6], [982.996, 10.666666666666668], [1179.875, 10.6], [1352.738, 10.750000001175016], [1581.892, 10.75], [1816.144, 10.333333333333332], [1987.839, 10.8], [2259.948, 13.166666666666668], [2511.538, 9.666666666666671], [2814.265, 9.0], [3390.42, 10.4], [3600.068, 0.0]]"
ξ_box,[19.0 27.0 14.0 5.0; 14.0 14.0 0.0 19.0; 22.0 11.0 7.0 13.0; 13.0 0.0 19.0 12.0; 30.0 0.0 16.0 18.0; 20.0 29.0 16.0 -0.0; 0.0 11.0 14.0 13.0; 0.0 6.0 9.0 9.0; -0.0 5.0 8.0 9.0; -0.0 18.0 16.0 22.0]
