first,second
s_box,[16.0; 0.0; 0.0; 0.0; 12.0; 6.0; 9.0; 16.0; 32.0; 33.0;;]
x_pb,"[36.0, -0.0, 21.0, -0.0, -0.0, -0.0]"
s_bb,[16.0; 0.0; 0.0; 0.0; 12.0; 6.0; 9.0; 16.0; 32.0; 33.0;;]
partition_bb,"[[[0.0, 4.0, 0.0, 9.0, 33.0, 6.0, 3.0, 2.0, 0.0, 0.0], [0.0, 0.0, 0.0, 0.0, 0.0, 1.0, 2.0, 11.0, 13.0, 33.0], [0.0, 0.0, 0.0, 0.0, 0.0, 2.0, 3.0, 12.0, 32.0, 12.0], [16.0, 0.0, 0.0, 4.0, 29.0, 6.0, 3.0, 0.0, 0.0, 0.0], [0.0, 6.0, 10.0, 20.0, 0.0, 0.0, 3.0, 0.0, 0.0, 0.0], [0.0, 6.0, 10.0, 0.0, 25.0, 6.0, 9.0, 0.0, 0.0, 0.0], [0.0, 0.0, 0.0, 0.0, 0.0, 6.0, 7.0, 16.0, 0.0, 0.0]]]"
y_box,[0.0 6.0 10.0 20.0 -0.0 -0.0 -0.0 -0.0 -0.0 -0.0; -0.0 -0.0 -0.0 -0.0 -0.0 -0.0 -0.0 -0.0 -0.0 -0.0; -0.0 -0.0 -0.0 -0.0 21.0 -0.0 -0.0 -0.0 -0.0 -0.0; -0.0 -0.0 -0.0 -0.0 -0.0 -0.0 -0.0 -0.0 -0.0 -0.0; -0.0 -0.0 -0.0 -0.0 -0.0 0.0 0.0 0.0 -0.0 -0.0; -0.0 -0.0 -0.0 -0.0 -0.0 -0.0 -0.0 -0.0 0.0 0.0;;;]
evol_bb,"[[0.238, 1.320329140154901e7]]"
y_bb,[0.0 6.0 10.0 20.0 -0.0 -0.0 -0.0 -0.0 -0.0 -0.0; -0.0 -0.0 -0.0 -0.0 -0.0 -0.0 -0.0 -0.0 -0.0 -0.0; -0.0 -0.0 -0.0 -0.0 21.0 -0.0 -0.0 -0.0 -0.0 -0.0; -0.0 -0.0 -0.0 -0.0 -0.0 -0.0 -0.0 -0.0 -0.0 -0.0; -0.0 -0.0 -0.0 -0.0 -0.0 0.0 0.0 0.0 -0.0 -0.0; -0.0 -0.0 -0.0 -0.0 -0.0 -0.0 -0.0 -0.0 0.0 0.0;;;]
evol_box,"[[0.363, 0.0], [1.769, 1240.3388134208358], [1.835, 5.857011413182573e6], [1.838, 7.986424477855559e6], [1.841, 9.689954929593949e6], [1.845, 1.2457996828913463e7], [1.847, 1.2990350095081711e7], [1.85, 1.320329140154901e7]]"
y_pb,[[-0.0 6.000000000000001 10.0 20.0 -0.0 -0.0 -0.0 -0.0 -0.0 -0.0; -0.0 -0.0 -0.0 0.0 -0.0 -0.0 -0.0 -0.0 -0.0 -0.0; -0.0 -0.0 -0.0 -0.0 21.0 -0.0 -0.0 -0.0 -0.0 -0.0; -0.0 -0.0 -0.0 -0.0 0.0 -0.0 -0.0 -0.0 -0.0 -0.0; -0.0 -0.0 -0.0 -0.0 -0.0 -0.0 -0.0 -0.0 0.0 -0.0; -0.0 -0.0 -0.0 -0.0 -0.0 -0.0 -0.0 -0.0 0.0 -0.0;;;]]
x_bb,"[36.0, 0.0, 21.0, 0.0, 0.0, 0.0]"
x_box,"[36.0, 0.0, 21.0, 0.0, 0.0, 0.0]"
evol_zeta,"[[1.451, 33.0], [1.833, 32.40000000000002], [1.837, 18.2], [1.84, 16.0], [1.843, 11.0], [1.846, 4.0], [1.849, 2.0], [1.851, 0.0]]"
ξ_box,[16.0; 6.0; 10.0; 20.0; 33.0; 6.0; 9.0; 16.0; 32.0; 33.0;;]
