first,second
s_box,[5.0 0.0 16.0 0.0 0.0; 42.0 0.0 21.0 0.0 30.0; 0.0 0.0 17.0 19.0 0.0; 0.0 0.0 2.0 0.0 5.0; 0.0 0.0 0.0 0.0 13.0; 0.0 0.0 0.0 0.0 0.0; 0.0 0.0 0.0 0.0 0.0; 0.0 18.0 0.0 22.0 22.0; 0.0 21.0 0.0 20.0 0.0; 23.0 30.0 15.0 9.0 0.0]
x_pb,"[-0.0, -0.0, -0.0, -0.0, 21.0, 45.0]"
s_bb,[22.0 -0.0 -0.0 -0.0 -0.0; 42.0 -0.0 -0.0 -0.0 -0.0; 28.0 -0.0 -0.0 -0.0 -0.0; 22.0 -0.0 -0.0 -0.0 -0.0; 0.0 -0.0 -0.0 -0.0 -0.0; 0.0 -0.0 -0.0 -0.0 -0.0; 22.0 -0.0 -0.0 -0.0 -0.0; 24.0 -0.0 -0.0 -0.0 -0.0; 0.0 -0.0 -0.0 -0.0 -0.0; 32.0 -0.0 -0.0 -0.0 -0.0]
partition_bb,"[[[15.0, 42.0, 8.0, 4.0, 1.0, 0.0, 0.0, 0.0, 0.0, 0.0], [0.0, 0.0, 0.0, 0.0, 0.0, 4.0, 9.0, 11.0, 12.0, 32.0], [0.0, 0.0, 28.0, 12.0, 11.0, 10.0, 7.0, 0.0, 0.0, 0.0], [0.0, 0.0, 1.0, 8.0, 11.0, 15.0, 22.0, 6.0, 5.0, 0.0], [0.0, 0.0, 0.0, 3.0, 4.0, 5.0, 8.0, 24.0, 23.0, 3.0], [0.0, 0.0, 4.0, 18.0, 21.0, 17.0, 10.0, 1.0, 0.0, 0.0], [22.0, 0.0, 0.0, 7.0, 4.0, 7.0, 0.0, 3.0, 2.0, 22.0], [0.0, 0.0, 6.0, 22.0, 19.0, 15.0, 8.0, 1.0, 0.0, 0.0], [0.0, 0.0, 3.0, 14.0, 17.0, 21.0, 14.0, 2.0, 1.0, 0.0], [0.0, 0.0, 0.0, 2.0, 3.0, 4.0, 7.0, 23.0, 24.0, 4.0]], Vector{Float64}[], Vector{Float64}[], Vector{Float64}[], Vector{Float64}[]]"
y_box,[0.0 0.0 0.0 0.0 0.0 0.0 0.0 0.0 0.0 0.0; 0.0 0.0 0.0 0.0 0.0 0.0 0.0 0.0 0.0 0.0; 0.0 0.0 0.0 0.0 0.0 0.0 0.0 0.0 0.0 0.0; 0.0 0.0 23.0 0.0 6.0 0.0 2.0 2.0 0.0 0.0; 17.0 0.0 0.0 7.0 0.0 6.0 0.0 0.0 0.0 0.0; 0.0 0.0 0.0 0.0 0.0 0.0 0.0 0.0 3.0 0.0;;; 0.0 0.0 0.0 0.0 0.0 0.0 0.0 0.0 0.0 0.0; 0.0 0.0 0.0 0.0 0.0 0.0 0.0 0.0 0.0 0.0; 0.0 0.0 0.0 0.0 0.0 0.0 0.0 0.0 0.0 0.0; 22.0 0.0 0.0 0.0 0.0 0.0 9.0 0.0 0.0 0.0; 0.0 26.0 0.0 0.0 0.0 4.0 0.0 0.0 0.0 0.0; 0.0 0.0 0.0 0.0 0.0 0.0 0.0 1.0 0.0 2.0;;; 0.0 0.0 0.0 0.0 0.0 0.0 0.0 0.0 0.0 0.0; 0.0 0.0 0.0 0.0 0.0 0.0 0.0 0.0 0.0 0.0; 0.0 0.0 0.0 0.0 0.0 0.0 0.0 0.0 0.0 0.0; 0.0 0.0 0.0 17.0 16.0 0.0 0.0 0.0 0.0 0.0; 0.0 0.0 0.0 0.0 0.0 12.0 18.0 0.0 0.0 0.0; 0.0 0.0 0.0 0.0 0.0 0.0 0.0 2.0 1.0 0.0;;; 0.0 0.0 0.0 0.0 0.0 0.0 0.0 0.0 0.0 0.0; 0.0 0.0 0.0 0.0 0.0 0.0 0.0 0.0 0.0 0.0; 0.0 0.0 0.0 0.0 0.0 0.0 0.0 0.0 0.0 0.0; 20.0 0.0 0.0 1.0 2.0 10.0 0.0 0.0 0.0 0.0; 0.0 0.0 0.0 2.0 4.0 0.0 17.0 0.0 0.0 7.0; 0.0 0.0 0.0 0.0 0.0 0.0 0.0 0.0 0.0 3.0;;; 0.0 0.0 0.0 0.0 0.0 0.0 0.0 0.0 0.0 0.0; 0.0 0.0 0.0 0.0 0.0 0.0 0.0 0.0 0.0 0.0; 0.0 0.0 0.0 0.0 0.0 0.0 0.0 0.0 0.0 0.0; 3.0 0.0 4.0 0.0 0.0 0.0 6.0 0.0 20.0 0.0; 0.0 0.0 10.0 11.0 0.0 9.0 0.0 0.0 0.0 0.0; 0.0 0.0 0.0 0.0 0.0 0.0 0.0 0.0 2.0 1.0]
evol_bb,"[[3539.424, 2.231274852696445e7]]"
y_bb,[0.0 -0.0 -0.0 -0.0 -0.0 -0.0 -0.0 -0.0 -0.0 -0.0; -0.0 0.0 -0.0 -0.0 -0.0 -0.0 -0.0 -0.0 -0.0 -0.0; -0.0 -0.0 0.0 -0.0 -0.0 -0.0 -0.0 -0.0 -0.0 -0.0; -0.0 -0.0 -0.0 0.0 21.0 -0.0 -0.0 -0.0 -0.0 -0.0; -0.0 -0.0 -0.0 -0.0 -0.0 21.0 0.0 -0.0 -0.0 -0.0; -0.0 -0.0 -0.0 -0.0 -0.0 -0.0 -0.0 -0.0 24.0 0.0;;; -0.0 -0.0 -0.0 -0.0 -0.0 -0.0 -0.0 -0.0 -0.0 -0.0; -0.0 -0.0 -0.0 -0.0 -0.0 -0.0 -0.0 -0.0 -0.0 -0.0; -0.0 -0.0 -0.0 -0.0 -0.0 -0.0 -0.0 -0.0 -0.0 -0.0; -0.0 -0.0 -0.0 -0.0 -0.0 -0.0 -0.0 -0.0 -0.0 -0.0; -0.0 -0.0 -0.0 -0.0 -0.0 -0.0 -0.0 -0.0 -0.0 -0.0; -0.0 -0.0 -0.0 -0.0 -0.0 -0.0 -0.0 -0.0 -0.0 -0.0;;; -0.0 -0.0 -0.0 -0.0 -0.0 -0.0 -0.0 -0.0 -0.0 -0.0; -0.0 -0.0 -0.0 -0.0 -0.0 -0.0 -0.0 -0.0 -0.0 -0.0; -0.0 -0.0 -0.0 -0.0 -0.0 -0.0 -0.0 -0.0 -0.0 -0.0; -0.0 -0.0 -0.0 -0.0 -0.0 -0.0 -0.0 -0.0 -0.0 -0.0; -0.0 -0.0 -0.0 -0.0 -0.0 -0.0 -0.0 -0.0 -0.0 -0.0; -0.0 -0.0 -0.0 -0.0 -0.0 -0.0 -0.0 -0.0 -0.0 -0.0;;; -0.0 -0.0 -0.0 -0.0 -0.0 -0.0 -0.0 -0.0 -0.0 -0.0; -0.0 -0.0 -0.0 -0.0 -0.0 -0.0 -0.0 -0.0 -0.0 -0.0; -0.0 -0.0 -0.0 -0.0 -0.0 -0.0 -0.0 -0.0 -0.0 -0.0; -0.0 -0.0 -0.0 -0.0 -0.0 -0.0 -0.0 -0.0 -0.0 -0.0; -0.0 -0.0 -0.0 -0.0 -0.0 -0.0 -0.0 -0.0 -0.0 -0.0; -0.0 -0.0 -0.0 -0.0 -0.0 -0.0 -0.0 -0.0 -0.0 -0.0;;; -0.0 -0.0 -0.0 -0.0 -0.0 -0.0 -0.0 -0.0 -0.0 -0.0; -0.0 -0.0 -0.0 -0.0 -0.0 -0.0 -0.0 -0.0 -0.0 -0.0; -0.0 -0.0 -0.0 -0.0 -0.0 -0.0 -0.0 -0.0 -0.0 -0.0; -0.0 -0.0 -0.0 -0.0 -0.0 -0.0 -0.0 -0.0 -0.0 -0.0; -0.0 -0.0 -0.0 -0.0 -0.0 -0.0 -0.0 -0.0 -0.0 -0.0; -0.0 -0.0 -0.0 -0.0 -0.0 -0.0 -0.0 -0.0 -0.0 -0.0]
evol_box,"[[0.448, 0.0], [2.213, 465870.15874689753], [2.322, 465870.15874689753], [2.37, 465870.15874689753], [2.551, 581788.3870787652], [2.805, 581788.3870787616], [3.167, 581788.3870787651], [7.0, 2.557664224683373e6], [9.648, 2.9059258396370662e6], [13.106, 3.719617180520474e6], [16.696, 3.719617180520474e6], [20.745, 4.184575883948919e6], [26.197, 4.881297773815431e6], [31.546, 5.114109992517567e6], [37.506, 5.578489400639944e6], [44.953, 5.694990198880144e6], [53.975, 5.927153081623261e6], [64.396, 6.159703185880825e6], [76.423, 6.508155813364841e6], [87.484, 6.50833637248666e6], [106.296, 6.62434284840018e6], [126.314, 6.624342848400179e6], [156.029, 6.624403242900701e6], [194.583, 6.972999873238687e6], [217.745, 6.973136662495728e6], [265.724, 7.089256525511545e6], [302.896, 7.089440762612084e6], [419.657, 7.205733393470144e6], [548.155, 7.554151118090047e6], [1486.274, 7.670211987159467e6], [1661.98, 7.670274245465858e6], [1840.306, 7.670287670072254e6], [2107.607, 7.786788468312452e6], [2596.769, 7.786839490021642e6], [2924.969, 7.902648121116451e6], [3454.604, 8.018995177963892e6], [3600.033, 8.251321037891704e6]]"
y_pb,[[0.0 -0.0 -0.0 -0.0 -0.0 -0.0 -0.0 -0.0 -0.0 -0.0; -0.0 0.0 -0.0 -0.0 -0.0 -0.0 -0.0 -0.0 -0.0 -0.0; -0.0 -0.0 0.0 -0.0 -0.0 -0.0 -0.0 -0.0 -0.0 -0.0; -0.0 -0.0 -0.0 -0.0 0.0 -0.0 -0.0 -0.0 -0.0 -0.0; -0.0 -0.0 -0.0 -0.0 -0.0 21.0 -0.0 -0.0 -0.0 -0.0; -0.0 -0.0 -0.0 -0.0 -0.0 -0.0 -0.0 21.0 24.000000000000004 -0.0;;;]]
x_bb,"[0.0, 0.0, 0.0, 21.0, 21.0, 24.0]"
x_box,"[0.0, 0.0, 0.0, 33.0, 30.0, 3.0]"
evol_zeta,"[[1.813, 41.2], [2.299, 31.600000000000016], [2.336, 26.000000000000007], [2.401, 22.375], [2.57, 22.0], [2.833, 21.4], [3.212, 19.500001248976243], [7.029, 19.5], [9.675, 19.5], [13.131, 18.142857142857142], [16.764, 16.28571428571429], [20.794, 15.5], [26.25, 16.28571428571429], [31.617, 16.125], [37.533, 15.285714285714285], [44.982, 15.2], [54.015, 16.000000001700002], [64.451, 14.333333334866673], [76.514, 14.000000001500005], [87.513, 14.6], [106.357, 14.333333333333334], [126.406, 13.600000001460003], [156.119, 12.200000001320007], [194.64, 15.8], [217.804, 13.399999999999965], [265.802, 12.500000001350003], [302.955, 13.0], [419.729, 12.333333333333327], [548.242, 12.0], [1486.336, 11.85714285714286], [1662.059, 12.285714285714286], [1840.37, 12.200000001320003], [2107.681, 11.2], [2596.847, 11.833333333333332], [2925.025, 11.8], [3454.665, 10.714285715457152], [3600.048, 0.0]]"
ξ_box,[22.0 22.0 16.0 20.0 3.0; 42.0 26.0 21.0 -0.0 30.0; 23.0 -0.0 17.0 19.0 14.0; 7.0 -0.0 19.0 3.0 16.0; 6.0 -0.0 16.0 6.0 13.0; 6.0 4.0 12.0 10.0 9.0; 2.0 9.0 18.0 17.0 6.0; 2.0 19.0 2.0 21.0 22.0; 3.0 18.0 1.0 20.0 21.0; 23.0 32.0 15.0 19.0 1.0]
