first,second
s_box,[12.0 14.0 0.0 0.0 19.0; 17.0 17.0 0.0 0.0 0.0; 18.0 2.0 0.0 0.0 0.0; 0.0 12.0 11.0 0.0 0.0; 0.0 0.0 24.0 0.0 9.0; 0.0 0.0 0.0 0.0 13.0; 0.0 12.0 3.0 18.0 19.0; 3.0 2.0 2.0 2.0 0.0; 9.0 0.0 0.0 19.0 0.0; 0.0 0.0 19.0 20.0 0.0]
x_pb,"[-0.0, 33.0, 27.0, -0.0, -0.0, -0.0]"
s_bb,[30.0 -0.0 -0.0 -0.0 -0.0; 0.0 -0.0 -0.0 -0.0 -0.0; 8.0 -0.0 -0.0 -0.0 -0.0; 0.0 -0.0 -0.0 -0.0 -0.0; 24.0 -0.0 -0.0 -0.0 -0.0; 24.0 -0.0 -0.0 -0.0 -0.0; 24.0 -0.0 -0.0 -0.0 -0.0; 23.0 -0.0 -0.0 -0.0 -0.0; 23.0 -0.0 -0.0 -0.0 -0.0; 27.0 -0.0 -0.0 -0.0 -0.0]
partition_bb,"[[[30.0, 14.0, 13.0, 6.0, 0.0, 0.0, 0.0, 0.0, 0.0, 0.0], [0.0, 0.0, 0.0, 0.0, 0.0, 0.0, 0.0, 17.0, 17.0, 27.0], [0.0, 0.0, 0.0, 2.0, 17.0, 24.0, 18.0, 0.0, 0.0, 0.0], [3.0, 6.0, 9.0, 27.0, 12.0, 5.0, 0.0, 0.0, 0.0, 0.0], [6.0, 22.0, 19.0, 1.0, 0.0, 0.0, 0.0, 0.0, 0.0, 10.0], [0.0, 0.0, 0.0, 9.0, 24.0, 17.0, 11.0, 0.0, 0.0, 0.0], [0.0, 0.0, 0.0, 0.0, 0.0, 0.0, 4.0, 23.0, 22.0, 13.0], [0.0, 0.0, 0.0, 0.0, 11.0, 18.0, 24.0, 5.0, 5.0, 0.0], [0.0, 0.0, 0.0, 0.0, 0.0, 0.0, 4.0, 22.0, 23.0, 13.0]], Vector{Float64}[], Vector{Float64}[], Vector{Float64}[], Vector{Float64}[]]"
y_box,[0.0 0.0 0.0 0.0 0.0 0.0 0.0 0.0 0.0 0.0; 0.0 0.0 0.0 11.0 0.0 0.0 0.0 6.0 0.0 19.0; 18.0 0.0 0.0 5.0 1.0 0.0 0.0 0.0 0.0 0.0; 0.0 0.0 0.0 0.0 0.0 0.0 0.0 0.0 0.0 0.0; 0.0 0.0 0.0 0.0 0.0 0.0 0.0 0.0 0.0 0.0; 0.0 0.0 0.0 0.0 0.0 0.0 0.0 0.0 0.0 0.0;;; 0.0 0.0 0.0 0.0 0.0 0.0 0.0 0.0 0.0 0.0; 1.0 0.0 11.0 0.0 12.0 0.0 0.0 0.0 0.0 12.0; 0.0 0.0 0.0 0.0 7.0 15.0 0.0 0.0 2.0 0.0; 0.0 0.0 0.0 0.0 0.0 0.0 0.0 0.0 0.0 0.0; 0.0 0.0 0.0 0.0 0.0 0.0 0.0 0.0 0.0 0.0; 0.0 0.0 0.0 0.0 0.0 0.0 0.0 0.0 0.0 0.0;;; 0.0 0.0 0.0 0.0 0.0 0.0 0.0 0.0 0.0 0.0; 0.0 0.0 1.0 9.0 0.0 17.0 9.0 0.0 0.0 0.0; 0.0 0.0 1.0 0.0 0.0 0.0 5.0 7.0 11.0 0.0; 0.0 0.0 0.0 0.0 0.0 0.0 0.0 0.0 0.0 0.0; 0.0 0.0 0.0 0.0 0.0 0.0 0.0 0.0 0.0 0.0; 0.0 0.0 0.0 0.0 0.0 0.0 0.0 0.0 0.0 0.0;;; 0.0 0.0 0.0 0.0 0.0 0.0 0.0 0.0 0.0 0.0; 15.0 0.0 0.0 0.0 0.0 0.0 0.0 14.0 0.0 7.0; 0.0 0.0 0.0 11.0 1.0 8.0 0.0 4.0 0.0 0.0; 0.0 0.0 0.0 0.0 0.0 0.0 0.0 0.0 0.0 0.0; 0.0 0.0 0.0 0.0 0.0 0.0 0.0 0.0 0.0 0.0; 0.0 0.0 0.0 0.0 0.0 0.0 0.0 0.0 0.0 0.0;;; 0.0 0.0 0.0 0.0 0.0 0.0 0.0 0.0 0.0 0.0; 0.0 18.0 18.0 0.0 0.0 0.0 0.0 0.0 0.0 0.0; 0.0 0.0 0.0 24.0 0.0 0.0 0.0 0.0 0.0 0.0; 0.0 0.0 0.0 0.0 0.0 0.0 0.0 0.0 0.0 0.0; 0.0 0.0 0.0 0.0 0.0 0.0 0.0 0.0 0.0 0.0; 0.0 0.0 0.0 0.0 0.0 0.0 0.0 0.0 0.0 0.0]
evol_bb,"[[350.095, 2.134936774713909e7]]"
y_bb,[-0.0 -0.0 -0.0 -0.0 -0.0 -0.0 -0.0 -0.0 -0.0 -0.0; 0.0 22.0 11.0 -0.0 -0.0 -0.0 -0.0 -0.0 -0.0 -0.0; -0.0 -0.0 -0.0 27.0 0.0 -0.0 -0.0 -0.0 -0.0 -0.0; -0.0 -0.0 -0.0 -0.0 -0.0 -0.0 -0.0 -0.0 -0.0 -0.0; -0.0 -0.0 -0.0 -0.0 -0.0 0.0 0.0 -0.0 -0.0 -0.0; -0.0 -0.0 -0.0 -0.0 -0.0 -0.0 -0.0 0.0 0.0 0.0;;; -0.0 -0.0 -0.0 -0.0 -0.0 -0.0 -0.0 -0.0 -0.0 -0.0; -0.0 -0.0 -0.0 -0.0 -0.0 -0.0 -0.0 -0.0 -0.0 -0.0; -0.0 -0.0 -0.0 -0.0 -0.0 -0.0 -0.0 -0.0 -0.0 -0.0; -0.0 -0.0 -0.0 -0.0 -0.0 -0.0 -0.0 -0.0 -0.0 -0.0; -0.0 -0.0 -0.0 -0.0 -0.0 -0.0 -0.0 -0.0 -0.0 -0.0; -0.0 -0.0 -0.0 -0.0 -0.0 -0.0 -0.0 -0.0 -0.0 -0.0;;; -0.0 -0.0 -0.0 -0.0 -0.0 -0.0 -0.0 -0.0 -0.0 -0.0; -0.0 -0.0 -0.0 -0.0 -0.0 -0.0 -0.0 -0.0 -0.0 -0.0; -0.0 -0.0 -0.0 -0.0 -0.0 -0.0 -0.0 -0.0 -0.0 -0.0; -0.0 -0.0 -0.0 -0.0 -0.0 -0.0 -0.0 -0.0 -0.0 -0.0; -0.0 -0.0 -0.0 -0.0 -0.0 -0.0 -0.0 -0.0 -0.0 -0.0; -0.0 -0.0 -0.0 -0.0 -0.0 -0.0 -0.0 -0.0 -0.0 -0.0;;; -0.0 -0.0 -0.0 -0.0 -0.0 -0.0 -0.0 -0.0 -0.0 -0.0; -0.0 -0.0 -0.0 -0.0 -0.0 -0.0 -0.0 -0.0 -0.0 -0.0; -0.0 -0.0 -0.0 -0.0 -0.0 -0.0 -0.0 -0.0 -0.0 -0.0; -0.0 -0.0 -0.0 -0.0 -0.0 -0.0 -0.0 -0.0 -0.0 -0.0; -0.0 -0.0 -0.0 -0.0 -0.0 -0.0 -0.0 -0.0 -0.0 -0.0; -0.0 -0.0 -0.0 -0.0 -0.0 -0.0 -0.0 -0.0 -0.0 -0.0;;; -0.0 -0.0 -0.0 -0.0 -0.0 -0.0 -0.0 -0.0 -0.0 -0.0; -0.0 -0.0 -0.0 -0.0 -0.0 -0.0 -0.0 -0.0 -0.0 -0.0; -0.0 -0.0 -0.0 -0.0 -0.0 -0.0 -0.0 -0.0 -0.0 -0.0; -0.0 -0.0 -0.0 -0.0 -0.0 -0.0 -0.0 -0.0 -0.0 -0.0; -0.0 -0.0 -0.0 -0.0 -0.0 -0.0 -0.0 -0.0 -0.0 -0.0; -0.0 -0.0 -0.0 -0.0 -0.0 -0.0 -0.0 -0.0 -0.0 -0.0]
evol_box,"[[0.519, 0.0], [2.26, 350571.8123777222], [2.375, 350571.8123777222], [2.448, 350571.8123777222], [2.53, 350571.8123777222], [2.643, 350571.81237768754], [3.423, 2.8004617793789282e6], [4.83, 3.3838119270383306e6], [5.422, 3.733550518699988e6], [6.388, 3.8505975868125213e6], [9.14, 3.8505975868125213e6], [12.813, 4.0835903468873794e6], [15.293, 4.434052004278278e6], [17.577, 4.667187109399443e6], [22.973, 4.90035158072295e6], [27.649, 5.2505109224304035e6], [31.153, 5.60028911561434e6], [37.903, 5.600335912806834e6], [66.179, 5.717125842997506e6], [81.619, 5.833823860506829e6], [111.769, 5.950226566264102e6], [139.229, 5.95049969039954e6], [150.498, 6.18378188110072e6], [188.736, 6.533344548459072e6], [221.65, 6.6499788151125815e6], [281.557, 6.65004883166945e6], [355.286, 6.766893464697208e6], [441.945, 6.767012659450177e6], [3600.012, 6.999964529106738e6]]"
y_pb,[[0.0 -0.0 -0.0 -0.0 -0.0 -0.0 -0.0 -0.0 -0.0 -0.0; -0.0 22.0 11.0 -0.0 -0.0 -0.0 -0.0 -0.0 -0.0 -0.0; -0.0 -0.0 -0.0 27.0 -0.0 -0.0 -0.0 -0.0 -0.0 -0.0; -0.0 -0.0 -0.0 0.0 -0.0 -0.0 -0.0 -0.0 -0.0 -0.0; -0.0 -0.0 -0.0 -0.0 -0.0 -0.0 -0.0 -0.0 0.0 -0.0; -0.0 -0.0 -0.0 -0.0 -0.0 -0.0 -0.0 -0.0 0.0 -0.0;;;]]
x_bb,"[0.0, 33.0, 27.0, 0.0, 0.0, 0.0]"
x_box,"[0.0, 36.0, 24.0, 0.0, 0.0, 0.0]"
evol_zeta,"[[1.84, 29.25], [2.347, 26.666666666666664], [2.387, 23.75], [2.49, 18.833333333333336], [2.572, 18.833333333333336], [2.68, 18.666666666666664], [3.487, 16.5], [4.89, 17.666666666666668], [5.471, 15.833333333333334], [6.445, 15.8], [9.209, 15.666666668333335], [12.864, 15.5], [15.375, 14.600000001560005], [17.654, 14.142857144371447], [23.043, 14.0], [27.706, 13.166666666666666], [31.206, 12.500000001350003], [37.959, 11.857142857142856], [66.228, 13.0], [81.676, 12.4], [111.818, 13.285714285714288], [139.287, 13.0], [150.555, 11.2], [188.794, 11.125], [221.739, 11.0], [281.622, 11.0], [355.347, 10.800000001180003], [442.004, 10.8], [3600.029, 0.0]]"
ξ_box,[30.0 15.0 0.0 15.0 19.0; 17.0 16.0 0.0 0.0 18.0; 18.0 13.0 2.0 0.0 18.0; 16.0 12.0 20.0 11.0 24.0; 1.0 19.0 24.0 1.0 9.0; 0.0 15.0 17.0 8.0 13.0; 0.0 12.0 17.0 14.0 19.0; 9.0 2.0 9.0 20.0 0.0; 9.0 2.0 9.0 19.0 0.0; 19.0 12.0 19.0 27.0 0.0]
