first,second
s_box,[0.0 0.0 6.0 0.0 0.0; 0.0 0.0 17.0 0.0 0.0; 10.0 0.0 0.0 0.0 0.0; 29.0 19.0 26.0 28.0 0.0; 12.0 26.0 0.0 0.0 6.0; 13.0 0.0 0.0 0.0 0.0; 0.0 0.0 15.0 0.0 27.0; 1.0 3.0 0.0 11.0 23.0; 0.0 0.0 0.0 0.0 8.0; 0.0 16.0 0.0 25.0 0.0]
x_pb,"[0.0, 16.0, -0.0, -0.0, -0.0, 40.0]"
s_bb,[0.0 -0.0 -0.0 -0.0 -0.0; 18.0 -0.0 -0.0 -0.0 -0.0; 26.0 -0.0 -0.0 -0.0 -0.0; 29.0 -0.0 -0.0 -0.0 -0.0; 26.0 -0.0 -0.0 -0.0 -0.0; 26.0 -0.0 -0.0 -0.0 -0.0; 27.0 -0.0 -0.0 -0.0 -0.0; 27.0 -0.0 -0.0 -0.0 -0.0; 0.0 -0.0 -0.0 -0.0 -0.0; 0.0 -0.0 -0.0 -0.0 -0.0]
partition_bb,"[[[0.0, 0.0, 1.0, 29.0, 4.0, 2.0, 0.0, 1.0, 15.0, 5.0], [0.0, 0.0, 0.0, 0.0, 7.0, 9.0, 27.0, 13.0, 0.0, 0.0], [15.0, 17.0, 26.0, 0.0, 0.0, 0.0, 0.0, 0.0, 0.0, 0.0], [0.0, 0.0, 0.0, 0.0, 0.0, 0.0, 0.0, 14.0, 15.0, 25.0], [0.0, 0.0, 0.0, 1.0, 26.0, 24.0, 6.0, 0.0, 0.0, 0.0], [0.0, 0.0, 0.0, 0.0, 0.0, 0.0, 13.0, 27.0, 13.0, 3.0], [0.0, 0.0, 0.0, 0.0, 24.0, 26.0, 8.0, 0.0, 0.0, 0.0], [16.0, 18.0, 9.0, 0.0, 0.0, 0.0, 0.0, 1.0, 1.0, 11.0]], Vector{Float64}[], Vector{Float64}[], Vector{Float64}[], Vector{Float64}[]]"
y_box,[0.0 0.0 0.0 0.0 0.0 0.0 0.0 0.0 0.0 0.0; 7.0 9.0 8.0 0.0 0.0 0.0 0.0 0.0 0.0 0.0; 0.0 0.0 0.0 0.0 0.0 0.0 0.0 0.0 0.0 0.0; 0.0 0.0 0.0 0.0 0.0 0.0 0.0 0.0 0.0 0.0; 0.0 0.0 0.0 0.0 0.0 0.0 0.0 0.0 0.0 0.0; 0.0 0.0 0.0 0.0 0.0 0.0 0.0 0.0 15.0 17.0;;; 0.0 0.0 0.0 0.0 0.0 0.0 0.0 0.0 0.0 0.0; 0.0 0.0 0.0 0.0 0.0 24.0 0.0 0.0 0.0 0.0; 0.0 0.0 0.0 0.0 0.0 0.0 0.0 0.0 0.0 0.0; 0.0 0.0 0.0 0.0 0.0 0.0 0.0 0.0 0.0 0.0; 0.0 0.0 0.0 0.0 0.0 0.0 0.0 0.0 0.0 0.0; 0.0 0.0 0.0 0.0 0.0 0.0 14.0 12.0 6.0 0.0;;; 0.0 0.0 0.0 0.0 0.0 0.0 0.0 0.0 0.0 0.0; 9.0 0.0 0.0 1.0 2.0 0.0 0.0 12.0 0.0 0.0; 0.0 0.0 0.0 0.0 0.0 0.0 0.0 0.0 0.0 0.0; 0.0 0.0 0.0 0.0 0.0 0.0 0.0 0.0 0.0 0.0; 0.0 0.0 0.0 0.0 0.0 0.0 0.0 0.0 0.0 0.0; 0.0 0.0 26.0 0.0 0.0 0.0 0.0 4.0 2.0 0.0;;; 0.0 0.0 0.0 0.0 0.0 0.0 0.0 0.0 0.0 0.0; 0.0 0.0 0.0 0.0 3.0 4.0 17.0 0.0 0.0 0.0; 0.0 0.0 0.0 0.0 0.0 0.0 0.0 0.0 0.0 0.0; 0.0 0.0 0.0 0.0 0.0 0.0 0.0 0.0 0.0 0.0; 0.0 0.0 0.0 0.0 0.0 0.0 0.0 0.0 0.0 0.0; 0.0 0.0 0.0 0.0 0.0 0.0 5.0 12.0 15.0 0.0;;; 0.0 0.0 0.0 0.0 0.0 0.0 0.0 0.0 0.0 0.0; 7.0 9.0 8.0 0.0 0.0 0.0 0.0 0.0 0.0 0.0; 0.0 0.0 0.0 0.0 0.0 0.0 0.0 0.0 0.0 0.0; 0.0 0.0 0.0 0.0 0.0 0.0 0.0 0.0 0.0 0.0; 0.0 0.0 0.0 0.0 0.0 0.0 0.0 0.0 0.0 0.0; 0.0 0.0 10.0 0.0 9.0 13.0 0.0 0.0 0.0 0.0]
evol_bb,"[[40.933, 2.278917246192929e7]]"
y_bb,[-0.0 -0.0 -0.0 -0.0 -0.0 -0.0 -0.0 -0.0 -0.0 -0.0; 16.0 0.0 0.0 -0.0 -0.0 -0.0 -0.0 -0.0 -0.0 -0.0; -0.0 -0.0 -0.0 0.0 -0.0 -0.0 -0.0 -0.0 -0.0 -0.0; -0.0 -0.0 -0.0 -0.0 -0.0 -0.0 -0.0 -0.0 -0.0 -0.0; -0.0 -0.0 -0.0 -0.0 0.0 0.0 -0.0 -0.0 -0.0 -0.0; -0.0 -0.0 -0.0 -0.0 -0.0 -0.0 0.0 0.0 15.0 25.0;;; -0.0 -0.0 -0.0 -0.0 -0.0 -0.0 -0.0 -0.0 -0.0 -0.0; -0.0 -0.0 -0.0 -0.0 -0.0 -0.0 -0.0 -0.0 -0.0 -0.0; -0.0 -0.0 -0.0 -0.0 -0.0 -0.0 -0.0 -0.0 -0.0 -0.0; -0.0 -0.0 -0.0 -0.0 -0.0 -0.0 -0.0 -0.0 -0.0 -0.0; -0.0 -0.0 -0.0 -0.0 -0.0 -0.0 -0.0 -0.0 -0.0 -0.0; -0.0 -0.0 -0.0 -0.0 -0.0 -0.0 -0.0 -0.0 -0.0 -0.0;;; -0.0 -0.0 -0.0 -0.0 -0.0 -0.0 -0.0 -0.0 -0.0 -0.0; -0.0 -0.0 -0.0 -0.0 -0.0 -0.0 -0.0 -0.0 -0.0 -0.0; -0.0 -0.0 -0.0 -0.0 -0.0 -0.0 -0.0 -0.0 -0.0 -0.0; -0.0 -0.0 -0.0 -0.0 -0.0 -0.0 -0.0 -0.0 -0.0 -0.0; -0.0 -0.0 -0.0 -0.0 -0.0 -0.0 -0.0 -0.0 -0.0 -0.0; -0.0 -0.0 -0.0 -0.0 -0.0 -0.0 -0.0 -0.0 -0.0 -0.0;;; -0.0 -0.0 -0.0 -0.0 -0.0 -0.0 -0.0 -0.0 -0.0 -0.0; -0.0 -0.0 -0.0 -0.0 -0.0 -0.0 -0.0 -0.0 -0.0 -0.0; -0.0 -0.0 -0.0 -0.0 -0.0 -0.0 -0.0 -0.0 -0.0 -0.0; -0.0 -0.0 -0.0 -0.0 -0.0 -0.0 -0.0 -0.0 -0.0 -0.0; -0.0 -0.0 -0.0 -0.0 -0.0 -0.0 -0.0 -0.0 -0.0 -0.0; -0.0 -0.0 -0.0 -0.0 -0.0 -0.0 -0.0 -0.0 -0.0 -0.0;;; -0.0 -0.0 -0.0 -0.0 -0.0 -0.0 -0.0 -0.0 -0.0 -0.0; -0.0 -0.0 -0.0 -0.0 -0.0 -0.0 -0.0 -0.0 -0.0 -0.0; -0.0 -0.0 -0.0 -0.0 -0.0 -0.0 -0.0 -0.0 -0.0 -0.0; -0.0 -0.0 -0.0 -0.0 -0.0 -0.0 -0.0 -0.0 -0.0 -0.0; -0.0 -0.0 -0.0 -0.0 -0.0 -0.0 -0.0 -0.0 -0.0 -0.0; -0.0 -0.0 -0.0 -0.0 -0.0 -0.0 -0.0 -0.0 -0.0 -0.0]
evol_box,"[[0.473, 0.0], [2.329, 128598.66564002314], [2.442, 128598.66564002314], [2.582, 255506.25918538868], [2.958, 257029.71537230356], [3.209, 257049.50080821174], [4.811, 1.5286336857986324e6], [6.978, 2.8025249976362865e6], [8.786, 2.8025249976362865e6], [14.497, 2.8025249976362865e6], [20.099, 4.329757421538973e6], [24.245, 4.457828123321407e6], [27.773, 4.58388097760083e6], [34.681, 4.711378788780524e6], [42.096, 5.475242650996824e6], [48.636, 5.729805444699187e6], [57.067, 5.858076313918404e6], [67.822, 6.2391065132131e6], [79.387, 6.493656996335363e6], [90.777, 6.494501027634728e6], [110.602, 6.620948681576929e6], [130.124, 6.748295826780553e6], [161.951, 7.003175706529209e6], [222.287, 7.003756250026474e6], [274.582, 7.512321196754052e6], [360.139, 7.51257442766229e6], [499.815, 7.639383802256731e6], [867.153, 7.893829077721844e6], [1124.645, 7.894134963085213e6], [1392.281, 7.894089776636568e6], [1859.477, 7.894144881348435e6], [2403.005, 8.021322675276378e6], [2627.815, 8.02166085615094e6], [3074.902, 8.148547254981837e6], [3600.064, 8.275875380822438e6]]"
y_pb,[[-0.0 -0.0 -0.0 -0.0 -0.0 -0.0 -0.0 -0.0 -0.0 -0.0; 16.0 0.0 -0.0 -0.0 -0.0 -0.0 -0.0 -0.0 -0.0 -0.0; -0.0 -0.0 -0.0 0.0 -0.0 -0.0 -0.0 -0.0 -0.0 -0.0; -0.0 -0.0 -0.0 0.0 -0.0 -0.0 -0.0 -0.0 -0.0 -0.0; -0.0 -0.0 -0.0 -0.0 -0.0 0.0 -0.0 -0.0 -0.0 -0.0; -0.0 -0.0 -0.0 -0.0 -0.0 -0.0 -0.0 -0.0 15.0 25.0;;;]]
x_bb,"[0.0, 16.0, 0.0, 0.0, 0.0, 40.0]"
x_box,"[0.0, 24.0, 0.0, 0.0, 0.0, 32.0]"
evol_zeta,"[[1.89, 29.0], [2.42, 27.0], [2.456, 24.333333333333332], [2.606, 21.600000002260003], [3.014, 20.0], [3.256, 19.6], [4.853, 18.75], [7.009, 18.666666666666668], [8.81, 18.25], [14.521, 18.0], [20.127, 16.6], [24.296, 16.75], [27.856, 15.0], [34.751, 15.0], [42.126, 15.333333333333334], [48.709, 16.0], [57.112, 16.5], [67.852, 14.2], [79.417, 15.0], [90.816, 12.8], [110.679, 12.5], [130.187, 12.499999999999998], [162.015, 12.142857142857144], [222.339, 12.5], [274.613, 14.428571428571429], [360.179, 12.25], [499.886, 11.333333334566667], [867.189, 12.8], [1124.683, 13.6], [1392.323, 13.833333333333332], [1859.569, 11.249999999999991], [2403.066, 11.142857142857142], [2627.912, 11.142857142857144], [3074.979, 12.166666666666668], [3600.084, 0.0]]"
ξ_box,[7.0 0.0 15.0 -0.0 7.0; 9.0 0.0 17.0 0.0 9.0; 18.0 0.0 26.0 -0.0 18.0; 29.0 18.0 27.0 28.0 0.0; 12.0 26.0 2.0 3.0 15.0; 13.0 24.0 0.0 4.0 13.0; 0.0 14.000000000000002 15.0 22.0 27.0; 1.0 15.0 16.0 23.0 20.0; 15.0 6.0 2.0 15.0 6.0; 17.000000000000004 16.0 0.0 25.0 -0.0]
