first,second
s_box,[0.0; 18.0; 26.0; 29.0; 26.0; 26.0; 27.0; 27.0; 0.0; 0.0;;]
x_pb,"[0.0, 16.0, -0.0, -0.0, -0.0, 40.0]"
s_bb,[0.0; 18.0; 26.0; 29.0; 26.0; 26.0; 27.0; 27.0; 0.0; 0.0;;]
partition_bb,"[[[0.0, 0.0, 1.0, 29.0, 4.0, 2.0, 0.0, 1.0, 15.0, 5.0], [0.0, 0.0, 0.0, 0.0, 7.0, 9.0, 27.0, 13.0, 0.0, 0.0], [15.0, 17.0, 26.0, 0.0, 0.0, 0.0, 0.0, 0.0, 0.0, 0.0], [0.0, 0.0, 0.0, 0.0, 0.0, 0.0, 0.0, 1.0, 15.0, 25.0], [0.0, 0.0, 0.0, 1.0, 26.0, 24.0, 6.0, 0.0, 0.0, 0.0], [0.0, 0.0, 0.0, 0.0, 0.0, 0.0, 13.0, 27.0, 13.0, 3.0], [0.0, 0.0, 0.0, 0.0, 24.0, 26.0, 8.0, 0.0, 0.0, 0.0], [16.0, 18.0, 9.0, 2.0, 0.0, 0.0, 0.0, 0.0, 0.0, 0.0]]]"
y_box,[-0.0 -0.0 -0.0 -0.0 -0.0 -0.0 -0.0 -0.0 -0.0 -0.0; 16.0 0.0 0.0 -0.0 -0.0 -0.0 -0.0 -0.0 -0.0 -0.0; -0.0 -0.0 -0.0 0.0 -0.0 -0.0 -0.0 -0.0 -0.0 -0.0; -0.0 -0.0 -0.0 -0.0 -0.0 -0.0 -0.0 -0.0 -0.0 -0.0; -0.0 -0.0 -0.0 -0.0 0.0 0.0 -0.0 -0.0 -0.0 -0.0; -0.0 -0.0 -0.0 -0.0 -0.0 -0.0 0.0 0.0 15.0 25.0;;;]
evol_bb,"[[0.328, 2.278917246192929e7]]"
y_bb,[-0.0 -0.0 -0.0 -0.0 -0.0 -0.0 -0.0 -0.0 -0.0 -0.0; 16.0 0.0 0.0 -0.0 -0.0 -0.0 -0.0 -0.0 -0.0 -0.0; -0.0 -0.0 -0.0 0.0 -0.0 -0.0 -0.0 -0.0 -0.0 -0.0; -0.0 -0.0 -0.0 -0.0 -0.0 -0.0 -0.0 -0.0 -0.0 -0.0; -0.0 -0.0 -0.0 -0.0 0.0 0.0 -0.0 -0.0 -0.0 -0.0; -0.0 -0.0 -0.0 -0.0 -0.0 -0.0 0.0 0.0 15.0 25.0;;;]
evol_box,"[[0.485, 0.0], [2.342, 128598.66564002314], [2.434, 6.366675786944186e6], [2.44, 1.3622907910657546e7], [2.446, 1.616902091839841e7], [2.452, 2.0497582804290768e7], [2.458, 2.2279931816128798e7], [2.463, 2.253455310353423e7], [2.469, 2.278917246192929e7]]"
y_pb,[[-0.0 -0.0 -0.0 -0.0 -0.0 -0.0 -0.0 -0.0 -0.0 -0.0; 16.0 0.0 -0.0 -0.0 -0.0 -0.0 -0.0 -0.0 -0.0 -0.0; -0.0 -0.0 -0.0 0.0 -0.0 -0.0 -0.0 -0.0 -0.0 -0.0; -0.0 -0.0 -0.0 0.0 -0.0 -0.0 -0.0 -0.0 -0.0 -0.0; -0.0 -0.0 -0.0 -0.0 -0.0 0.0 -0.0 -0.0 -0.0 -0.0; -0.0 -0.0 -0.0 -0.0 -0.0 -0.0 -0.0 -0.0 15.0 25.0;;;]]
x_bb,"[0.0, 16.0, 0.0, 0.0, 0.0, 40.0]"
x_box,"[0.0, 16.0, 0.0, 0.0, 0.0, 40.0]"
evol_zeta,"[[1.935, 29.0], [2.433, 27.0], [2.439, 24.333333333333336], [2.445, 20.0], [2.451, 18.75], [2.456, 14.0], [2.462, 1.3333333333333357], [2.468, 1.0], [2.471, 0.0]]"
ξ_box,[16.0; 18.0; 26.0; 29.0; 26.0; 26.0; 27.0; 27.0; 15.0; 25.0;;]
