first,second
s_box,[32.0; 28.0; 8.0; 21.0; 14.0; 8.0; 24.0; 2.0; 0.0; 28.0;;]
x_pb,"[0.0, -0.0, -0.0, -0.0, -0.0, 50.0]"
s_bb,[32.0; 28.0; 8.0; 21.0; 14.0; 8.0; 24.0; 2.0; 0.0; 28.0;;]
partition_bb,"[[[32.0, 19.0, 0.0, 0.0, 0.0, 0.0, 0.0, 0.0, 0.0, 0.0], [0.0, 0.0, 0.0, 0.0, 0.0, 0.0, 0.0, 1.0, 22.0, 28.0], [0.0, 0.0, 0.0, 0.0, 0.0, 4.0, 18.0, 26.0, 5.0, 0.0], [0.0, 0.0, 8.0, 21.0, 14.0, 8.0, 0.0, 0.0, 0.0, 0.0], [15.0, 28.0, 2.0, 0.0, 0.0, 0.0, 0.0, 0.0, 0.0, 0.0], [0.0, 0.0, 0.0, 0.0, 4.0, 7.0, 24.0, 16.0, 0.0, 0.0], [0.0, 0.0, 0.0, 0.0, 0.0, 0.0, 0.0, 5.0, 26.0, 20.0]]]"
y_box,[0.0 -0.0 -0.0 -0.0 -0.0 -0.0 -0.0 -0.0 -0.0 -0.0; -0.0 0.0 -0.0 -0.0 -0.0 -0.0 -0.0 -0.0 -0.0 -0.0; -0.0 -0.0 0.0 0.0 -0.0 -0.0 -0.0 -0.0 -0.0 -0.0; -0.0 -0.0 -0.0 -0.0 0.0 0.0 -0.0 -0.0 -0.0 -0.0; -0.0 -0.0 -0.0 -0.0 -0.0 -0.0 -0.0 -0.0 -0.0 -0.0; -0.0 -0.0 -0.0 -0.0 -0.0 -0.0 0.0 24.0 26.0 0.0;;;]
evol_bb,"[[0.317, 1.9681988076863516e7]]"
y_bb,[0.0 -0.0 -0.0 -0.0 -0.0 -0.0 -0.0 -0.0 -0.0 -0.0; -0.0 0.0 -0.0 -0.0 -0.0 -0.0 -0.0 -0.0 -0.0 -0.0; -0.0 -0.0 0.0 0.0 -0.0 -0.0 -0.0 -0.0 -0.0 -0.0; -0.0 -0.0 -0.0 -0.0 0.0 0.0 -0.0 -0.0 -0.0 -0.0; -0.0 -0.0 -0.0 -0.0 -0.0 -0.0 -0.0 -0.0 -0.0 -0.0; -0.0 -0.0 -0.0 -0.0 -0.0 -0.0 0.0 24.0 26.0 0.0;;;]
evol_box,"[[0.485, 0.0], [2.363, 120143.7572843459], [2.454, 6.203329884637319e6], [2.46, 1.1809442286266092e7], [2.464, 1.6461408322255608e7], [2.469, 1.7534938945945498e7], [2.474, 1.8608469569635384e7], [2.479, 1.920487547168532e7], [2.482, 1.9681988076863516e7]]"
y_pb,[[0.0 -0.0 -0.0 -0.0 -0.0 -0.0 -0.0 -0.0 -0.0 -0.0; 0.0 -0.0 -0.0 -0.0 -0.0 -0.0 -0.0 -0.0 -0.0 -0.0; -0.0 -0.0 0.0 -0.0 -0.0 -0.0 -0.0 -0.0 -0.0 -0.0; -0.0 -0.0 -0.0 -0.0 -0.0 0.0 -0.0 -0.0 -0.0 -0.0; -0.0 -0.0 -0.0 -0.0 -0.0 0.0 -0.0 -0.0 -0.0 -0.0; -0.0 -0.0 -0.0 -0.0 -0.0 -0.0 -0.0 24.0 26.0 -0.0;;;]]
x_bb,"[0.0, 0.0, 0.0, 0.0, 0.0, 50.0]"
x_box,"[0.0, 0.0, 0.0, 0.0, 0.0, 50.0]"
evol_zeta,"[[1.934, 31.5], [2.453, 27.66666666666667], [2.458, 24.25], [2.463, 21.0], [2.468, 9.0], [2.472, 5.75], [2.477, 4.0], [2.481, 3.666666666666668], [2.486, 0.0]]"
ξ_box,[32.0; 28.0; 8.0; 21.0; 14.0; 8.0; 24.0; 26.0; 26.0; 28.0;;]
