first,second
s_box,[32.0 -0.0 -0.0 11.0 16.0; 14.0 12.0 4.0 -0.0 3.999991561275862; -0.0 4.0 -0.0 -0.0 -0.0; 11.0 12.0 27.0 3.0 17.99999437418391; 0.0 4.0 8.0 16.999994377488466 3.999994374183907; -0.0 -0.0 -0.0 12.0 -0.0; -0.0 13.0 20.0 6.000005622407002 -0.0; -0.0 12.0 -0.0 -0.0 -0.0; -0.0 -0.0 -0.0 -0.0 2.0; 3.0 -0.0 -0.0 11.0 16.0]
x_pb,"[48.0, -0.0, -0.0, -0.0, 0.0, -0.0]"
s_bb,[32.0 -0.0 -0.0 -0.0 -0.0; 7.0 -0.0 -0.0 -0.0 -0.0; 0.0 -0.0 -0.0 -0.0 -0.0; 27.0 -0.0 -0.0 -0.0 -0.0; 20.0 -0.0 -0.0 -0.0 -0.0; 19.0 -0.0 -0.0 -0.0 -0.0; 20.0 -0.0 -0.0 -0.0 -0.0; 20.0 -0.0 -0.0 -0.0 -0.0; 19.0 -0.0 -0.0 -0.0 -0.0; 21.0 -0.0 -0.0 -0.0 -0.0]
partition_bb,"[[[32.0, 11.0, 6.0, 0.0, 0.0, 0.0, 0.0, 0.0, 0.0, 0.0], [0.0, 0.0, 0.0, 27.0, 13.0, 5.0, 4.0, 0.0, 0.0, 0.0], [2.0, 18.0, 28.0, 0.0, 0.0, 0.0, 0.0, 0.0, 0.0, 0.0], [0.0, 0.0, 0.0, 0.0, 0.0, 0.0, 0.0, 13.0, 15.0, 21.0], [0.0, 0.0, 0.0, 0.0, 11.0, 18.0, 20.0, 0.0, 0.0, 0.0], [6.0, 27.0, 17.0, 0.0, 0.0, 0.0, 0.0, 0.0, 0.0, 0.0], [0.0, 0.0, 0.0, 6.0, 20.0, 12.0, 11.0, 0.0, 0.0, 0.0], [0.0, 0.0, 0.0, 0.0, 0.0, 0.0, 0.0, 20.0, 18.0, 12.0], [0.0, 0.0, 0.0, 0.0, 12.0, 19.0, 17.0, 0.0, 0.0, 0.0], [0.0, 0.0, 0.0, 0.0, 0.0, 0.0, 0.0, 17.0, 19.0, 13.0]], Vector{Float64}[], Vector{Float64}[], Vector{Float64}[], Vector{Float64}[]]"
y_box,[0.0 4.0 28.0 -0.0 -0.0 -0.0 -0.0 0.0 -0.0 -0.0; -0.0 -0.0 -0.0 0.0 -0.0 -0.0 -0.0 -0.0 -0.0 -0.0; -0.0 -0.0 -0.0 -0.0 -0.0 -0.0 -0.0 -0.0 -0.0 -0.0; -0.0 -0.0 -0.0 -0.0 -0.0 -0.0 -0.0 -0.0 -0.0 -0.0; -0.0 -0.0 -0.0 -0.0 -0.0 -0.0 -0.0 3.0 3.0 2.0; -0.0 -0.0 -0.0 -0.0 -0.0 -0.0 -0.0 -0.0 2.0 6.0;;; -0.0 -0.0 -0.0 -0.0 -0.0 11.0 -0.0 1.0 15.0 5.0; -0.0 -0.0 -0.0 -0.0 -0.0 -0.0 -0.0 -0.0 -0.0 -0.0; -0.0 -0.0 -0.0 -0.0 -0.0 -0.0 -0.0 -0.0 -0.0 -0.0; -0.0 -0.0 -0.0 -0.0 -0.0 -0.0 -0.0 -0.0 -0.0 -0.0; -0.0 -0.0 -0.0 -0.0 -0.0 -0.0 -0.0 -0.0 -0.0 8.0; -0.0 -0.0 -0.0 -0.0 -0.0 -0.0 -0.0 -0.0 -0.0 8.0;;; 25.0 -0.0 0.0 -0.0 -0.0 7.0 -0.0 -0.0 -0.0 -0.0; 0.0 -0.0 -0.0 -0.0 -0.0 -0.0 -0.0 -0.0 -0.0 -0.0; 0.0 -0.0 -0.0 -0.0 -0.0 -0.0 -0.0 -0.0 -0.0 -0.0; -0.0 -0.0 0.0 -0.0 -0.0 -0.0 -0.0 -0.0 -0.0 -0.0; -0.0 -0.0 -0.0 0.0 -0.0 8.0 -0.0 -0.0 -0.0 -0.0; -0.0 -0.0 -0.0 -0.0 5.0 3.0 -0.0 -0.0 -0.0 -0.0;;; 1.0 14.0 17.0 -0.0 -0.0 -0.0 -0.0 -0.0 -0.0 -0.0; -0.0 -0.0 0.0 -0.0 -0.0 -0.0 -0.0 -0.0 -0.0 -0.0; -0.0 -0.0 -0.0 -0.0 0.0 -0.0 -0.0 -0.0 -0.0 -0.0; -0.0 -0.0 -0.0 -0.0 -0.0 0.0 -0.0 -0.0 -0.0 -0.0; -0.0 -0.0 -0.0 -0.0 5.624566092188428e-6 -0.0 7.999994376342999 -0.0 -0.0 -0.0; -0.0 -0.0 -0.0 -0.0 0.0 -0.0 -0.0 3.0 5.0 -0.0;;; -0.0 14.0 18.0 -0.0 -0.0 -0.0 -0.0 -0.0 -0.0 -0.0; 0.0 -0.0 -0.0 -0.0 -0.0 -0.0 -0.0 -0.0 -0.0 -0.0; -0.0 -0.0 0.0 -0.0 -0.0 -0.0 -0.0 -0.0 -0.0 -0.0; -0.0 -0.0 0.0 -0.0 -0.0 -0.0 -0.0 -0.0 -0.0 -0.0; -0.0 -0.0 -0.0 -0.0 -0.0 -0.0 -0.0 8.0 0.0 -0.0; -0.0 -0.0 -0.0 -0.0 -0.0 -0.0 -0.0 -0.0 8.0 -0.0]
evol_bb,"[[3405.332, 2.108138566946154e7]]"
y_bb,[0.0 20.0 28.0 -0.0 -0.0 -0.0 -0.0 -0.0 -0.0 -0.0; -0.0 -0.0 -0.0 -0.0 -0.0 -0.0 -0.0 -0.0 -0.0 -0.0; -0.0 -0.0 -0.0 -0.0 -0.0 -0.0 -0.0 -0.0 -0.0 -0.0; -0.0 -0.0 -0.0 0.0 0.0 -0.0 -0.0 -0.0 -0.0 -0.0; -0.0 -0.0 -0.0 -0.0 -0.0 0.0 0.0 -0.0 -0.0 -0.0; -0.0 -0.0 -0.0 -0.0 -0.0 -0.0 -0.0 0.0 0.0 0.0;;; -0.0 -0.0 -0.0 -0.0 -0.0 -0.0 -0.0 -0.0 -0.0 -0.0; -0.0 -0.0 -0.0 -0.0 -0.0 -0.0 -0.0 -0.0 -0.0 -0.0; -0.0 -0.0 -0.0 -0.0 -0.0 -0.0 -0.0 -0.0 -0.0 -0.0; -0.0 -0.0 -0.0 -0.0 -0.0 -0.0 -0.0 -0.0 -0.0 -0.0; -0.0 -0.0 -0.0 -0.0 -0.0 -0.0 -0.0 -0.0 -0.0 -0.0; -0.0 -0.0 -0.0 -0.0 -0.0 -0.0 -0.0 -0.0 -0.0 -0.0;;; -0.0 -0.0 -0.0 -0.0 -0.0 -0.0 -0.0 -0.0 -0.0 -0.0; -0.0 -0.0 -0.0 -0.0 -0.0 -0.0 -0.0 -0.0 -0.0 -0.0; -0.0 -0.0 -0.0 -0.0 -0.0 -0.0 -0.0 -0.0 -0.0 -0.0; -0.0 -0.0 -0.0 -0.0 -0.0 -0.0 -0.0 -0.0 -0.0 -0.0; -0.0 -0.0 -0.0 -0.0 -0.0 -0.0 -0.0 -0.0 -0.0 -0.0; -0.0 -0.0 -0.0 -0.0 -0.0 -0.0 -0.0 -0.0 -0.0 -0.0;;; -0.0 -0.0 -0.0 -0.0 -0.0 -0.0 -0.0 -0.0 -0.0 -0.0; -0.0 -0.0 -0.0 -0.0 -0.0 -0.0 -0.0 -0.0 -0.0 -0.0; -0.0 -0.0 -0.0 -0.0 -0.0 -0.0 -0.0 -0.0 -0.0 -0.0; -0.0 -0.0 -0.0 -0.0 -0.0 -0.0 -0.0 -0.0 -0.0 -0.0; -0.0 -0.0 -0.0 -0.0 -0.0 -0.0 -0.0 -0.0 -0.0 -0.0; -0.0 -0.0 -0.0 -0.0 -0.0 -0.0 -0.0 -0.0 -0.0 -0.0;;; -0.0 -0.0 -0.0 -0.0 -0.0 -0.0 -0.0 -0.0 -0.0 -0.0; -0.0 -0.0 -0.0 -0.0 -0.0 -0.0 -0.0 -0.0 -0.0 -0.0; -0.0 -0.0 -0.0 -0.0 -0.0 -0.0 -0.0 -0.0 -0.0 -0.0; -0.0 -0.0 -0.0 -0.0 -0.0 -0.0 -0.0 -0.0 -0.0 -0.0; -0.0 -0.0 -0.0 -0.0 -0.0 -0.0 -0.0 -0.0 -0.0 -0.0; -0.0 -0.0 -0.0 -0.0 -0.0 -0.0 -0.0 -0.0 -0.0 -0.0]
evol_box,"[[0.464, 0.0], [2.244, 114878.46260955927], [2.403, 115974.63076105819], [2.5, 115974.6307610582], [2.663, 115967.5624202259], [2.917, 116780.53423236943], [3.476, 2.5072753149916166e6], [3.956, 2.5082358220926975e6], [7.333, 2.5080557168798535e6], [9.48, 3.419349150036598e6], [13.137, 3.874934403760837e6], [15.26, 3.9890829080318077e6], [18.511, 3.989082896692539e6], [24.432, 3.9891257421530983e6], [26.503, 4.1028954586184137e6], [34.612, 4.672911069452861e6], [43.803, 5.128907872641715e6], [55.027, 5.128893621485578e6], [76.938, 5.12889362148558e6], [89.045, 5.356056496654585e6], [202.74, 5.470008240827283e6], [216.647, 5.470146911274398e6], [315.803, 5.5843232830520505e6], [510.139, 5.698382993510928e6], [532.981, 5.698375931212662e6], [1427.32, 5.812335777663255e6], [1461.257, 6.039766961690773e6], [1509.901, 6.039905632137887e6], [1625.149, 6.153992547670341e6], [1709.042, 6.267837211769266e6], [1797.028, 6.382034722415774e6], [1890.137, 6.382073920575929e6], [2065.672, 6.609683247698762e6], [2269.221, 6.72359741033915e6], [2472.913, 6.7236723344156295e6], [2876.009, 6.723841237308012e6], [3403.558, 6.837429170899658e6], [3600.007, 6.837582273377043e6]]"
y_pb,[[-0.0 20.000000000000004 28.0 -0.0 -0.0 -0.0 -0.0 -0.0 -0.0 -0.0; -0.0 -0.0 0.0 -0.0 -0.0 -0.0 -0.0 -0.0 -0.0 -0.0; -0.0 -0.0 -0.0 0.0 -0.0 -0.0 -0.0 -0.0 -0.0 -0.0; -0.0 -0.0 -0.0 -0.0 -0.0 0.0 -0.0 -0.0 -0.0 -0.0; -0.0 -0.0 -0.0 -0.0 -0.0 -0.0 0.0 -0.0 -0.0 -0.0; -0.0 -0.0 -0.0 -0.0 -0.0 -0.0 -0.0 0.0 -0.0 -0.0;;;]]
x_bb,"[48.0, 0.0, 0.0, 0.0, 0.0, 0.0]"
x_box,"[32.0, 0.0, 0.0, 0.0, 8.0, 8.0]"
evol_zeta,"[[1.783, 31.666666666666668], [2.333, 26.75], [2.413, 22.0], [2.512, 20.666666666666664], [2.678, 20.666666666666668], [2.94, 18.0], [3.541, 15.666666666666668], [3.98, 15.5], [7.365, 15.2], [9.549, 14.749999999999995], [13.165, 14.4], [15.287, 13.799999999999997], [18.589, 12.400000122049128], [24.502, 14.400000001540008], [26.58, 12.199999999999998], [34.682, 12.166666666666666], [43.876, 12.399999999999997], [55.066, 12.000000001300002], [76.993, 12.000000001300002], [89.109, 11.499999999999998], [202.806, 11.8], [216.703, 11.5], [315.868, 11.333333334566674], [510.211, 10.428571429714292], [533.086, 10.428571428571429], [1427.406, 11.5], [1461.325, 10.999999999999993], [1509.959, 11.0], [1625.206, 10.166666667783346], [1709.103, 11.0], [1797.098, 10.375], [1890.2, 10.0], [2065.749, 10.428571428571429], [2269.284, 10.333333333333334], [2472.989, 9.8], [2876.075, 10.33333333333333], [3403.611, 10.750000001175003], [3600.025, 0.0]]"
ξ_box,[32.0 -0.0 25.0 12.0 16.0; 18.0 12.0 4.0 14.0 17.99999156252586; 28.0 2.0 0.0 17.0 18.0; 11.0 12.0 27.0 3.0 17.99999437543391; 0.0 4.0 13.0 17.0 3.999994375433907; -0.0 11.0 18.0 12.0 -0.0; -0.0 13.0 20.0 14.0 -0.0; 3.0 13.0 -0.0 3.0 8.0; 5.0 15.0 -0.0 5.0 10.0; 11.0 21.0 -0.0 11.0 16.0]
