first,second
s_box,[0.0 4.0 17.0 0.0 0.0; 0.0 13.0 19.0 0.0 8.0; 2.0 3.0 0.0 9.0 22.0; 0.0 0.0 0.0 20.0 10.0; 30.0 0.0 18.0 3.0 20.0; 0.0 9.0 0.0 8.0 0.0; 14.0 14.0 0.0 0.0 0.0; 0.0 9.0 0.0 0.0 0.0; 0.0 8.0 4.0 0.0 0.0; 13.0 0.0 1.0 19.0 0.0]
x_pb,"[-0.0, 27.0, -0.0, -0.0, 16.0, -0.0]"
s_bb,[0.0 -0.0 -0.0 -0.0 -0.0; 22.0 -0.0 -0.0 -0.0 -0.0; 22.0 -0.0 -0.0 -0.0 -0.0; 22.0 -0.0 -0.0 -0.0 -0.0; 30.0 -0.0 -0.0 -0.0 -0.0; 13.0 -0.0 -0.0 -0.0 -0.0; 18.0 -0.0 -0.0 -0.0 -0.0; 17.0 -0.0 -0.0 -0.0 -0.0; 17.0 -0.0 -0.0 -0.0 -0.0; 22.0 -0.0 -0.0 -0.0 -0.0]
partition_bb,"[[[0.0, 0.0, 1.0, 13.0, 30.0, 0.0, 0.0, 0.0, 0.0, 0.0], [0.0, 0.0, 0.0, 0.0, 0.0, 29.0, 8.0, 3.0, 3.0, 0.0], [27.0, 13.0, 3.0, 0.0, 0.0, 0.0, 0.0, 0.0, 0.0, 0.0], [0.0, 0.0, 0.0, 0.0, 0.0, 0.0, 4.0, 9.0, 9.0, 22.0], [0.0, 12.0, 22.0, 10.0, 0.0, 0.0, 0.0, 0.0, 0.0, 0.0], [0.0, 0.0, 0.0, 0.0, 0.0, 0.0, 18.0, 13.0, 12.0, 0.0], [0.0, 3.0, 13.0, 22.0, 5.0, 0.0, 0.0, 0.0, 0.0, 0.0], [8.0, 22.0, 12.0, 2.0, 0.0, 0.0, 0.0, 0.0, 0.0, 0.0], [0.0, 0.0, 0.0, 0.0, 0.0, 0.0, 11.0, 11.0, 17.0, 4.0], [0.0, 0.0, 0.0, 0.0, 0.0, 0.0, 12.0, 17.0, 11.0, 4.0]], Vector{Float64}[], Vector{Float64}[], Vector{Float64}[], Vector{Float64}[]]"
y_box,[0.0 0.0 0.0 0.0 0.0 0.0 0.0 0.0 0.0 0.0; 0.0 0.0 0.0 14.0 0.0 0.0 0.0 0.0 0.0 9.0; 0.0 0.0 0.0 0.0 0.0 0.0 0.0 0.0 0.0 0.0; 0.0 0.0 0.0 0.0 0.0 0.0 0.0 0.0 0.0 0.0; 0.0 0.0 0.0 0.0 0.0 0.0 0.0 9.0 9.0 0.0; 0.0 0.0 0.0 0.0 0.0 0.0 0.0 0.0 0.0 0.0;;; 0.0 0.0 0.0 0.0 0.0 0.0 0.0 0.0 0.0 0.0; 23.0 0.0 0.0 0.0 0.0 0.0 0.0 0.0 0.0 0.0; 0.0 0.0 0.0 0.0 0.0 0.0 0.0 0.0 0.0 0.0; 0.0 0.0 0.0 0.0 0.0 0.0 0.0 0.0 0.0 0.0; 0.0 0.0 0.0 0.0 0.0 20.0 0.0 0.0 0.0 0.0; 0.0 0.0 0.0 0.0 0.0 0.0 0.0 0.0 0.0 0.0;;; 0.0 0.0 0.0 0.0 0.0 0.0 0.0 0.0 0.0 0.0; 0.0 0.0 9.0 0.0 0.0 10.0 0.0 4.0 0.0 0.0; 0.0 0.0 0.0 0.0 0.0 0.0 0.0 0.0 0.0 0.0; 0.0 0.0 0.0 0.0 0.0 0.0 0.0 0.0 0.0 0.0; 0.0 0.0 0.0 0.0 0.0 4.0 0.0 0.0 0.0 16.0; 0.0 0.0 0.0 0.0 0.0 0.0 0.0 0.0 0.0 0.0;;; 0.0 0.0 0.0 0.0 0.0 0.0 0.0 0.0 0.0 0.0; 16.0 3.0 4.0 0.0 0.0 0.0 0.0 0.0 0.0 0.0; 0.0 0.0 0.0 0.0 0.0 0.0 0.0 0.0 0.0 0.0; 0.0 0.0 0.0 0.0 0.0 0.0 0.0 0.0 0.0 0.0; 0.0 0.0 0.0 0.0 0.0 10.0 0.0 5.0 5.0 0.0; 0.0 0.0 0.0 0.0 0.0 0.0 0.0 0.0 0.0 0.0;;; 0.0 0.0 0.0 0.0 0.0 0.0 0.0 0.0 0.0 0.0; 19.0 4.0 0.0 0.0 0.0 0.0 0.0 0.0 0.0 0.0; 0.0 0.0 0.0 0.0 0.0 0.0 0.0 0.0 0.0 0.0; 0.0 0.0 0.0 0.0 0.0 0.0 0.0 0.0 0.0 0.0; 0.0 0.0 0.0 0.0 0.0 20.0 0.0 0.0 0.0 0.0; 0.0 0.0 0.0 0.0 0.0 0.0 0.0 0.0 0.0 0.0]
evol_bb,"[[3077.011, 2.2022823619037822e7]]"
y_bb,[-0.0 -0.0 -0.0 -0.0 -0.0 -0.0 -0.0 -0.0 -0.0 -0.0; 27.0 0.0 0.0 0.0 -0.0 -0.0 -0.0 -0.0 -0.0 -0.0; -0.0 -0.0 -0.0 -0.0 -0.0 -0.0 -0.0 -0.0 -0.0 -0.0; -0.0 -0.0 -0.0 -0.0 0.0 -0.0 -0.0 -0.0 -0.0 -0.0; -0.0 -0.0 -0.0 -0.0 -0.0 16.0 -0.0 -0.0 -0.0 -0.0; -0.0 -0.0 -0.0 -0.0 -0.0 -0.0 0.0 0.0 0.0 0.0;;; -0.0 -0.0 -0.0 -0.0 -0.0 -0.0 -0.0 -0.0 -0.0 -0.0; -0.0 -0.0 -0.0 -0.0 -0.0 -0.0 -0.0 -0.0 -0.0 -0.0; -0.0 -0.0 -0.0 -0.0 -0.0 -0.0 -0.0 -0.0 -0.0 -0.0; -0.0 -0.0 -0.0 -0.0 -0.0 -0.0 -0.0 -0.0 -0.0 -0.0; -0.0 -0.0 -0.0 -0.0 -0.0 -0.0 -0.0 -0.0 -0.0 -0.0; -0.0 -0.0 -0.0 -0.0 -0.0 -0.0 -0.0 -0.0 -0.0 -0.0;;; -0.0 -0.0 -0.0 -0.0 -0.0 -0.0 -0.0 -0.0 -0.0 -0.0; -0.0 -0.0 -0.0 -0.0 -0.0 -0.0 -0.0 -0.0 -0.0 -0.0; -0.0 -0.0 -0.0 -0.0 -0.0 -0.0 -0.0 -0.0 -0.0 -0.0; -0.0 -0.0 -0.0 -0.0 -0.0 -0.0 -0.0 -0.0 -0.0 -0.0; -0.0 -0.0 -0.0 -0.0 -0.0 -0.0 -0.0 -0.0 -0.0 -0.0; -0.0 -0.0 -0.0 -0.0 -0.0 -0.0 -0.0 -0.0 -0.0 -0.0;;; -0.0 -0.0 -0.0 -0.0 -0.0 -0.0 -0.0 -0.0 -0.0 -0.0; -0.0 -0.0 -0.0 -0.0 -0.0 -0.0 -0.0 -0.0 -0.0 -0.0; -0.0 -0.0 -0.0 -0.0 -0.0 -0.0 -0.0 -0.0 -0.0 -0.0; -0.0 -0.0 -0.0 -0.0 -0.0 -0.0 -0.0 -0.0 -0.0 -0.0; -0.0 -0.0 -0.0 -0.0 -0.0 -0.0 -0.0 -0.0 -0.0 -0.0; -0.0 -0.0 -0.0 -0.0 -0.0 -0.0 -0.0 -0.0 -0.0 -0.0;;; -0.0 -0.0 -0.0 -0.0 -0.0 -0.0 -0.0 -0.0 -0.0 -0.0; -0.0 -0.0 -0.0 -0.0 -0.0 -0.0 -0.0 -0.0 -0.0 -0.0; -0.0 -0.0 -0.0 -0.0 -0.0 -0.0 -0.0 -0.0 -0.0 -0.0; -0.0 -0.0 -0.0 -0.0 -0.0 -0.0 -0.0 -0.0 -0.0 -0.0; -0.0 -0.0 -0.0 -0.0 -0.0 -0.0 -0.0 -0.0 -0.0 -0.0; -0.0 -0.0 -0.0 -0.0 -0.0 -0.0 -0.0 -0.0 -0.0 -0.0]
evol_box,"[[0.498, 0.0], [2.238, 121380.54597335352], [2.339, 121380.54597335352], [2.37, 121380.54597335352], [2.455, 121912.60227590393], [2.618, 121912.60227590393], [2.889, 2.286869829063547e6], [3.18, 2.527844884319635e6], [4.932, 2.888592132645588e6], [8.239, 2.888592132645588e6], [8.929, 3.4903704041094612e6], [10.668, 3.4903704041094612e6], [12.925, 4.092218370132394e6], [15.85, 4.573352280341054e6], [18.139, 4.694404846443494e6], [23.406, 5.1750581885719765e6], [26.623, 5.175058188571977e6], [34.036, 5.295698097848497e6], [43.731, 5.41580657706372e6], [70.488, 5.536314839798208e6], [87.276, 5.6564229151567165e6], [109.768, 5.6564229151567165e6], [137.923, 5.897142306675008e6], [194.989, 6.137984103844808e6], [225.013, 6.138029313369531e6], [292.3, 6.258386642656334e6], [397.354, 6.378669817915665e6], [544.081, 6.619424598414011e6], [794.613, 6.859834731618561e6], [960.969, 6.859886880777058e6], [1302.599, 6.980208814915707e6], [1674.393, 6.980487205959188e6], [2097.37, 7.100517094910932e6], [2822.219, 7.100543737356497e6], [3430.914, 7.100731534583651e6], [3600.044, 7.220891178208077e6]]"
y_pb,[[0.0 -0.0 -0.0 -0.0 -0.0 -0.0 -0.0 -0.0 -0.0 -0.0; 27.0 -0.0 -0.0 -0.0 -0.0 -0.0 -0.0 -0.0 -0.0 -0.0; -0.0 -0.0 -0.0 -0.0 0.0 -0.0 -0.0 -0.0 -0.0 -0.0; -0.0 -0.0 -0.0 -0.0 -0.0 0.0 -0.0 -0.0 -0.0 -0.0; -0.0 -0.0 -0.0 -0.0 -0.0 16.0 -0.0 -0.0 -0.0 -0.0; -0.0 -0.0 -0.0 -0.0 -0.0 -0.0 -0.0 0.0 -0.0 -0.0;;;]]
x_bb,"[0.0, 27.0, 0.0, 0.0, 16.0, 0.0]"
x_box,"[0.0, 23.0, 0.0, 0.0, 20.0, 0.0]"
evol_zeta,"[[1.82, 29.666666666666664], [2.324, 29.0], [2.348, 27.0], [2.382, 21.75], [2.476, 20.0], [2.644, 19.0], [2.905, 18.666666666666668], [3.201, 18.500000001950013], [4.962, 17.25], [8.268, 17.2], [8.979, 16.6], [10.707, 16.25], [12.974, 16.0], [15.88, 15.333333333333332], [18.185, 14.25], [23.448, 14.0], [26.655, 13.800000000000002], [34.086, 13.60000000146001], [43.773, 13.8], [70.53, 14.0], [87.316, 14.749999999999998], [109.801, 13.500000000000007], [137.979, 13.000000001400013], [195.041, 13.5], [225.061, 13.0], [292.372, 13.2], [397.401, 12.8], [544.127, 12.8], [794.665, 12.5], [961.02, 12.6], [1302.666, 11.999999999999961], [1674.425, 13.25], [2097.42, 11.75], [2822.268, 12.500000001350001], [3430.961, 11.5], [3600.06, 0.0]]"
ξ_box,[0.0 27.0 17.0 16.0 19.0; 0.0 13.0 19.0 3.0 12.0; 2.0 3.0 9.0 13.0 22.0; 14.0 0.0 0.0 20.0 10.0; 30.0 0.0 18.0 3.0 20.0; 0.0 29.0 14.0 18.0 20.0; 14.0 14.000000000000002 -0.0 -0.0 0.0; 9.0 9.0 4.0 5.0 0.0; 9.0 8.0 4.0 5.0 0.0; 22.0 0.0 17.0 18.0 -0.0]
