first,second
s_box,[0.0; 1.0; 9.0; 20.0; 19.0; 18.0; 13.0; 0.0; 22.0; 24.0;;]
x_pb,"[13.999999999999998, -0.0, -0.0, 3.0000000000000018, -0.0, 24.0]"
s_bb,[0.0; 1.0; 9.0; 20.0; 19.0; 18.0; 13.0; 0.0; 22.0; 24.0;;]
partition_bb,"[[[0.0, 0.0, 0.0, 0.0, 0.0, 0.0, 0.0, 3.0, 15.0, 24.0], [0.0, 0.0, 0.0, 6.0, 10.0, 21.0, 4.0, 0.0, 0.0, 0.0], [0.0, 0.0, 0.0, 0.0, 0.0, 0.0, 7.0, 24.0, 9.0, 3.0], [0.0, 0.0, 0.0, 20.0, 16.0, 5.0, 0.0, 0.0, 0.0, 0.0], [14.0, 1.0, 0.0, 5.0, 1.0, 12.0, 0.0, 0.0, 9.0, 0.0], [0.0, 1.0, 9.0, 17.0, 13.0, 2.0, 0.0, 0.0, 0.0, 0.0], [0.0, 0.0, 0.0, 0.0, 0.0, 0.0, 0.0, 7.0, 22.0, 13.0], [0.0, 1.0, 9.0, 0.0, 0.0, 0.0, 13.0, 17.0, 2.0, 0.0], [0.0, 0.0, 0.0, 15.0, 19.0, 8.0, 0.0, 0.0, 0.0, 0.0]]]"
y_box,[14.0 0.0 -0.0 -0.0 -0.0 -0.0 -0.0 -0.0 -0.0 -0.0; -0.0 -0.0 0.0 0.0 0.0 -0.0 -0.0 -0.0 -0.0 -0.0; -0.0 -0.0 -0.0 -0.0 -0.0 -0.0 -0.0 -0.0 -0.0 -0.0; -0.0 -0.0 -0.0 -0.0 -0.0 3.0 0.0 -0.0 -0.0 -0.0; -0.0 -0.0 -0.0 -0.0 -0.0 -0.0 -0.0 -0.0 -0.0 -0.0; -0.0 -0.0 -0.0 -0.0 -0.0 -0.0 -0.0 24.0 0.0 0.0;;;]
evol_bb,"[[0.312, 1.5350711659527801e7]]"
y_bb,[14.0 0.0 -0.0 -0.0 -0.0 -0.0 -0.0 -0.0 -0.0 -0.0; -0.0 -0.0 0.0 0.0 0.0 -0.0 -0.0 -0.0 -0.0 -0.0; -0.0 -0.0 -0.0 -0.0 -0.0 -0.0 -0.0 -0.0 -0.0 -0.0; -0.0 -0.0 -0.0 -0.0 -0.0 3.0 0.0 -0.0 -0.0 -0.0; -0.0 -0.0 -0.0 -0.0 -0.0 -0.0 -0.0 -0.0 -0.0 -0.0; -0.0 -0.0 -0.0 -0.0 -0.0 -0.0 -0.0 24.0 0.0 0.0;;;]
evol_box,"[[0.452, 0.0], [2.18, 122971.0073528909], [2.264, 5.117379249755528e6], [2.269, 8.041080002488855e6], [2.273, 1.0477634947488045e7], [2.277, 1.303598446177857e7], [2.281, 1.4132434187028205e7], [2.286, 1.4985228417777922e7], [2.292, 1.5350711659527801e7]]"
y_pb,[[14.0 -0.0 -0.0 -0.0 -0.0 -0.0 -0.0 -0.0 -0.0 -0.0; -0.0 -0.0 0.0 -0.0 -0.0 -0.0 -0.0 -0.0 -0.0 -0.0; -0.0 -0.0 -0.0 -0.0 -0.0 0.0 -0.0 -0.0 -0.0 -0.0; -0.0 -0.0 -0.0 -0.0 -0.0 3.0000000000000018 -0.0 -0.0 -0.0 -0.0; -0.0 -0.0 -0.0 -0.0 -0.0 -0.0 0.0 -0.0 -0.0 -0.0; -0.0 -0.0 -0.0 -0.0 -0.0 -0.0 -0.0 24.000000000000004 -0.0 -0.0;;;]]
x_bb,"[14.0, 0.0, 0.0, 3.0, 0.0, 24.0]"
x_box,"[14.0, 0.0, 0.0, 3.0, 0.0, 24.0]"
evol_zeta,"[[1.787, 23.666666666666668], [2.263, 21.0], [2.268, 20.5], [2.272, 14.0], [2.276, 14.0], [2.28, 9.0], [2.285, 6.666666666666668], [2.29, 2.666666666666668], [2.295, 0.0]]"
ξ_box,[14.0; 1.0; 9.0; 20.0; 19.0; 21.0; 13.0; 24.0; 22.0; 24.0;;]
