first,second
s_box,[16.0 1.0 -0.0 -0.0; -0.0 0.0 11.0 -0.0; -0.0 18.999999611948528 -0.0 13.0; 11.0 2.9999996119485313 18.0 -0.0; 9.0 2.0 11.0 15.0; 9.0 11.0 0.0 -0.0; -0.0 4.0 11.0 15.0; 8.0 -0.0 4.0 8.0; 10.0 14.0 -0.0 21.0; 9.0 19.0 15.0 -0.0]
x_pb,"[44.0, -0.0, -0.0, -0.0, -0.0, 0.0]"
s_bb,[4.0 -0.0 -0.0 -0.0; 0.0 -0.0 -0.0 -0.0; 21.0 -0.0 -0.0 -0.0; 21.0 -0.0 -0.0 -0.0; 18.0 -0.0 -0.0 -0.0; 18.0 -0.0 -0.0 -0.0; 15.0 -0.0 -0.0 -0.0; 8.0 -0.0 -0.0 -0.0; 28.0 -0.0 -0.0 -0.0; 19.0 -0.0 -0.0 -0.0]
partition_bb,"[[[0.0, 0.0, 0.0, 0.0, 0.0, 1.0, 3.0, 8.0, 28.0, 8.0], [24.0, 21.0, 0.0, 0.0, 0.0, 0.0, 0.0, 0.0, 0.0, 0.0], [3.0, 0.0, 21.0, 14.0, 7.0, 0.0, 0.0, 0.0, 0.0, 0.0], [0.0, 0.0, 0.0, 2.0, 9.0, 18.0, 11.0, 4.0, 0.0, 0.0], [3.0, 6.0, 0.0, 0.0, 2.0, 11.0, 4.0, 0.0, 0.0, 19.0], [0.0, 0.0, 0.0, 11.0, 18.0, 9.0, 6.0, 0.0, 0.0, 0.0], [0.0, 0.0, 5.0, 21.0, 14.0, 5.0, 3.0, 0.0, 0.0, 0.0], [4.0, 1.0, 0.0, 0.0, 3.0, 8.0, 15.0, 8.0, 5.0, 0.0], [21.0, 24.0, 0.0, 0.0, 0.0, 0.0, 0.0, 0.0, 0.0, 0.0]], Vector{Float64}[], Vector{Float64}[], Vector{Float64}[]]"
y_box,[-0.0 13.0 -0.0 0.0 -0.0 -0.0 13.0 -0.0 18.0 -0.0; -0.0 -0.0 -0.0 -0.0 -0.0 -0.0 -0.0 -0.0 -0.0 -0.0; -0.0 -0.0 -0.0 -0.0 -0.0 -0.0 -0.0 -0.0 -0.0 -0.0; -0.0 -0.0 -0.0 -0.0 -0.0 -0.0 -0.0 -0.0 0.0 -0.0; -0.0 -0.0 -0.0 -0.0 -0.0 -0.0 -0.0 -0.0 -0.0 -0.0; -0.0 -0.0 -0.0 -0.0 -0.0 -0.0 -0.0 -0.0 -0.0 -0.0;;; 23.0 21.0 -0.0 -0.0 -0.0 -0.0 -0.0 -0.0 -0.0 -0.0; -0.0 -0.0 -0.0 -0.0 -0.0 -0.0 -0.0 -0.0 -0.0 -0.0; -0.0 -0.0 -0.0 -0.0 -0.0 -0.0 -0.0 -0.0 -0.0 -0.0; -0.0 -0.0 -0.0 -0.0 -0.0 -0.0 -0.0 -0.0 -0.0 -0.0; -0.0 -0.0 -0.0 -0.0 -0.0 -0.0 -0.0 -0.0 -0.0 -0.0; -0.0 -0.0 -0.0 -0.0 -0.0 -0.0 -0.0 -0.0 -0.0 -0.0;;; 14.0 -0.0 11.0 -0.0 0.0 18.0 -0.0 -0.0 -0.0 -0.0; -0.0 -0.0 -0.0 -0.0 -0.0 -0.0 -0.0 -0.0 -0.0 -0.0; -0.0 -0.0 -0.0 -0.0 -0.0 -0.0 -0.0 -0.0 -0.0 -0.0; -0.0 -0.0 -0.0 -0.0 -0.0 -0.0 -0.0 -0.0 0.0 -0.0; -0.0 -0.0 -0.0 -0.0 -0.0 -0.0 -0.0 -0.0 -0.0 -0.0; -0.0 -0.0 -0.0 -0.0 -0.0 -0.0 -0.0 -0.0 -0.0 -0.0;;; 0.0 -0.0 8.0 15.0 -0.0 8.0 -0.0 -0.0 -0.0 11.0; -0.0 -0.0 -0.0 -0.0 -0.0 -0.0 -0.0 -0.0 -0.0 -0.0; -0.0 -0.0 -0.0 -0.0 -0.0 -0.0 -0.0 -0.0 -0.0 -0.0; -0.0 -0.0 -0.0 -0.0 -0.0 -0.0 -0.0 -0.0 -0.0 -0.0; -0.0 -0.0 -0.0 -0.0 -0.0 -0.0 -0.0 -0.0 -0.0 -0.0; -0.0 -0.0 -0.0 -0.0 -0.0 -0.0 -0.0 -0.0 -0.0 -0.0]
evol_bb,"[[135.405, 1.741353864721584e7]]"
y_bb,[20.0 24.0 0.0 0.0 -0.0 -0.0 -0.0 -0.0 -0.0 -0.0; -0.0 -0.0 -0.0 -0.0 0.0 -0.0 -0.0 -0.0 -0.0 -0.0; -0.0 -0.0 -0.0 -0.0 -0.0 -0.0 -0.0 -0.0 -0.0 -0.0; -0.0 -0.0 -0.0 -0.0 -0.0 0.0 0.0 0.0 0.0 -0.0; -0.0 -0.0 -0.0 -0.0 -0.0 -0.0 -0.0 -0.0 -0.0 -0.0; -0.0 -0.0 -0.0 -0.0 -0.0 -0.0 -0.0 -0.0 -0.0 0.0;;; -0.0 -0.0 -0.0 -0.0 -0.0 -0.0 -0.0 -0.0 -0.0 -0.0; -0.0 -0.0 -0.0 -0.0 -0.0 -0.0 -0.0 -0.0 -0.0 -0.0; -0.0 -0.0 -0.0 -0.0 -0.0 -0.0 -0.0 -0.0 -0.0 -0.0; -0.0 -0.0 -0.0 -0.0 -0.0 -0.0 -0.0 -0.0 -0.0 -0.0; -0.0 -0.0 -0.0 -0.0 -0.0 -0.0 -0.0 -0.0 -0.0 -0.0; -0.0 -0.0 -0.0 -0.0 -0.0 -0.0 -0.0 -0.0 -0.0 -0.0;;; -0.0 -0.0 -0.0 -0.0 -0.0 -0.0 -0.0 -0.0 -0.0 -0.0; -0.0 -0.0 -0.0 -0.0 -0.0 -0.0 -0.0 -0.0 -0.0 -0.0; -0.0 -0.0 -0.0 -0.0 -0.0 -0.0 -0.0 -0.0 -0.0 -0.0; -0.0 -0.0 -0.0 -0.0 -0.0 -0.0 -0.0 -0.0 -0.0 -0.0; -0.0 -0.0 -0.0 -0.0 -0.0 -0.0 -0.0 -0.0 -0.0 -0.0; -0.0 -0.0 -0.0 -0.0 -0.0 -0.0 -0.0 -0.0 -0.0 -0.0;;; -0.0 -0.0 -0.0 -0.0 -0.0 -0.0 -0.0 -0.0 -0.0 -0.0; -0.0 -0.0 -0.0 -0.0 -0.0 -0.0 -0.0 -0.0 -0.0 -0.0; -0.0 -0.0 -0.0 -0.0 -0.0 -0.0 -0.0 -0.0 -0.0 -0.0; -0.0 -0.0 -0.0 -0.0 -0.0 -0.0 -0.0 -0.0 -0.0 -0.0; -0.0 -0.0 -0.0 -0.0 -0.0 -0.0 -0.0 -0.0 -0.0 -0.0; -0.0 -0.0 -0.0 -0.0 -0.0 -0.0 -0.0 -0.0 -0.0 -0.0]
evol_box,"[[0.424, 0.0], [2.108, 459818.3626988391], [2.205, 459818.3626988391], [2.234, 460190.69674157025], [2.308, 459818.3626988391], [2.434, 2.1780370983182197e6], [2.585, 3.2091201106483266e6], [2.766, 3.2091201106483266e6], [3.337, 3.7809042725037066e6], [3.791, 3.7809042725037066e6], [4.436, 4.469236443080574e6], [4.875, 4.469328830303643e6], [6.38, 4.811944523900324e6], [8.066, 5.042048244818132e6], [9.12, 5.385728878004788e6], [12.96, 5.843228145096036e6], [16.358, 6.073229222049009e6], [19.593, 6.186664859095815e6], [22.957, 6.186664859095814e6], [27.513, 6.187636862074936e6], [31.816, 6.301617844255671e6], [36.218, 6.415784914961723e6], [42.536, 6.530786550243782e6], [49.134, 6.645876973806767e6], [56.213, 6.759773502512748e6], [64.408, 6.874025026693559e6], [73.189, 6.874458359770438e6], [83.94, 6.9889816535438e6], [104.974, 7.217948480291524e6], [130.117, 7.333237141404511e6], [154.942, 7.44714261942032e6], [191.753, 7.447289789006374e6], [234.431, 7.447311258693878e6], [267.105, 7.447848427548521e6], [333.878, 7.561666639804188e6], [385.137, 7.676508263849484e6], [449.735, 7.790505250157218e6], [523.884, 7.790505250157218e6], [608.649, 7.790786695670105e6], [722.2, 7.791477253136342e6], [833.097, 7.905467522247067e6], [920.536, 7.9054939612014005e6], [1118.159, 7.905521962356959e6], [1232.171, 7.906037281069299e6], [1427.109, 8.020025546630802e6], [1597.167, 8.019974840614652e6], [1902.666, 8.134548883114242e6], [2278.159, 8.134719458846977e6], [2760.894, 8.248745361889049e6], [3240.047, 8.363305389822006e6], [3600.019, 8.36330530091163e6]]"
y_pb,[[20.0 24.000000000000004 -0.0 -0.0 -0.0 -0.0 -0.0 -0.0 -0.0 -0.0; 0.0 -0.0 -0.0 -0.0 -0.0 -0.0 -0.0 -0.0 -0.0 -0.0; -0.0 -0.0 -0.0 -0.0 -0.0 -0.0 -0.0 -0.0 0.0 -0.0; -0.0 -0.0 -0.0 -0.0 -0.0 -0.0 -0.0 -0.0 -0.0 0.0; -0.0 -0.0 -0.0 -0.0 -0.0 -0.0 -0.0 -0.0 -0.0 0.0; -0.0 -0.0 -0.0 -0.0 -0.0 -0.0 -0.0 -0.0 -0.0 0.0;;;]]
x_bb,"[44.0, 0.0, 0.0, 0.0, 0.0, 0.0]"
x_box,"[44.0, -0.0, -0.0, 0.0, -0.0, -0.0]"
evol_zeta,"[[2.191, 23.5], [2.213, 21.0], [2.248, 20.0], [2.327, 19.0], [2.449, 17.0], [2.601, 15.666666668333335], [2.782, 15.666666666666668], [3.39, 14.4], [3.814, 15.666666666666668], [4.458, 14.0], [4.923, 14.2], [6.404, 14.0], [8.13, 14.0], [9.156, 13.5], [13.032, 12.166666666666668], [16.383, 11.6], [19.619, 11.75], [22.982, 11.75], [27.551, 11.75], [31.847, 10.8], [36.285, 10.5], [42.564, 11.6], [49.156, 10.5], [56.238, 10.8], [64.432, 10.4], [73.215, 10.4], [83.973, 10.5], [105.006, 10.166666666666668], [130.172, 9.2], [154.998, 9.0], [191.828, 10.750000000000002], [234.465, 8.833333333333332], [267.162, 8.571428571428571], [333.928, 9.0], [385.161, 10.799999999999997], [449.759, 9.4], [523.928, 8.714285714285714], [608.707, 8.6], [722.243, 8.714285714285714], [833.125, 9.0], [920.569, 9.333333333333332], [1118.193, 8.500000000000002], [1232.213, 8.666666666666666], [1427.139, 10.166666666666664], [1597.189, 8.6], [1902.692, 8.600000000000003], [2278.193, 8.142857142857144], [2760.92, 8.000000000900002], [3240.103, 7.500000000850001], [3600.036, 0.0]]"
ξ_box,[16.0 24.0 14.0 0.0; 13.0 21.0 11.0 -0.0; -0.0 18.99999961528186 11.0 21.0; 11.0 2.9999996152818644 18.0 15.0; 9.0 2.0 11.0 15.0; 9.0 11.0 18.0 8.0; 13.0 4.0 11.0 15.0; 8.0 -0.0 4.0 8.0; 28.0 14.0 -0.0 21.0; 9.0 19.0 15.0 11.0]
