first,second
s_box,[0.0 0.0 0.0 0.0 0.0; 29.0 0.0 9.0 0.0 17.0; 3.0 0.0 0.0 0.0 16.0; 5.0 13.0 0.0 2.0 0.0; 8.0 14.0 0.0 7.0 0.0; 14.0 19.0 0.0 0.0 0.0; 0.0 0.0 11.0 22.0 0.0; 0.0 0.0 0.0 14.0 0.0; 0.0 12.0 16.0 7.0 16.0; 0.0 0.0 22.0 6.0 1.0]
x_pb,"[24.0, -0.0, -0.0, 17.0, -0.0, 0.0]"
s_bb,[0.0 -0.0 -0.0 -0.0 -0.0; 29.0 -0.0 -0.0 -0.0 -0.0; 9.0 -0.0 -0.0 -0.0 -0.0; 18.0 -0.0 -0.0 -0.0 -0.0; 18.0 -0.0 -0.0 -0.0 -0.0; 19.0 -0.0 -0.0 -0.0 -0.0; 22.0 -0.0 -0.0 -0.0 -0.0; 16.0 -0.0 -0.0 -0.0 -0.0; 21.0 -0.0 -0.0 -0.0 -0.0; 22.0 -0.0 -0.0 -0.0 -0.0]
partition_bb,"[[[3.0, 29.0, 8.0, 4.0, 1.0, 0.0, 0.0, 0.0, 0.0, 0.0], [0.0, 0.0, 0.0, 0.0, 0.0, 0.0, 1.0, 3.0, 16.0, 22.0], [24.0, 11.0, 0.0, 0.0, 0.0, 0.0, 0.0, 0.0, 0.0, 6.0], [0.0, 0.0, 0.0, 0.0, 0.0, 3.0, 22.0, 14.0, 4.0, 1.0], [0.0, 5.0, 26.0, 9.0, 4.0, 1.0, 0.0, 0.0, 0.0, 0.0], [0.0, 0.0, 0.0, 10.0, 13.0, 19.0, 0.0, 0.0, 0.0, 0.0], [0.0, 0.0, 1.0, 18.0, 13.0, 9.0, 0.0, 0.0, 0.0, 0.0], [0.0, 0.0, 0.0, 13.0, 18.0, 12.0, 0.0, 0.0, 0.0, 0.0], [0.0, 0.0, 0.0, 0.0, 0.0, 0.0, 3.0, 5.0, 21.0, 15.0], [0.0, 0.0, 0.0, 0.0, 0.0, 0.0, 8.0, 16.0, 12.0, 6.0]], Vector{Float64}[], Vector{Float64}[], Vector{Float64}[], Vector{Float64}[]]"
y_box,[22.0 0.0 0.0 0.0 0.0 0.0 0.0 0.0 0.0 0.0; 0.0 0.0 0.0 0.0 0.0 0.0 0.0 0.0 0.0 0.0; 0.0 0.0 0.0 0.0 0.0 0.0 0.0 0.0 0.0 0.0; 0.0 0.0 19.0 0.0 0.0 0.0 0.0 0.0 0.0 0.0; 0.0 0.0 0.0 0.0 0.0 0.0 0.0 0.0 0.0 0.0; 0.0 0.0 0.0 0.0 0.0 0.0 0.0 0.0 0.0 0.0;;; 0.0 13.0 0.0 0.0 0.0 0.0 0.0 0.0 0.0 9.0; 0.0 0.0 0.0 0.0 0.0 0.0 0.0 0.0 0.0 0.0; 0.0 0.0 0.0 0.0 0.0 0.0 0.0 0.0 0.0 0.0; 0.0 0.0 0.0 0.0 0.0 0.0 5.0 13.0 0.0 1.0; 0.0 0.0 0.0 0.0 0.0 0.0 0.0 0.0 0.0 0.0; 0.0 0.0 0.0 0.0 0.0 0.0 0.0 0.0 0.0 0.0;;; 22.0 0.0 0.0 0.0 0.0 0.0 0.0 0.0 0.0 0.0; 0.0 0.0 0.0 0.0 0.0 0.0 0.0 0.0 0.0 0.0; 0.0 0.0 0.0 0.0 0.0 0.0 0.0 0.0 0.0 0.0; 2.0 4.0 0.0 0.0 0.0 0.0 0.0 13.0 0.0 0.0; 0.0 0.0 0.0 0.0 0.0 0.0 0.0 0.0 0.0 0.0; 0.0 0.0 0.0 0.0 0.0 0.0 0.0 0.0 0.0 0.0;;; 13.0 0.0 9.0 0.0 0.0 0.0 0.0 0.0 0.0 0.0; 0.0 0.0 0.0 0.0 0.0 0.0 0.0 0.0 0.0 0.0; 0.0 0.0 0.0 0.0 0.0 0.0 0.0 0.0 0.0 0.0; 0.0 0.0 3.0 0.0 0.0 11.0 0.0 0.0 5.0 0.0; 0.0 0.0 0.0 0.0 0.0 0.0 0.0 0.0 0.0 0.0; 0.0 0.0 0.0 0.0 0.0 0.0 0.0 0.0 0.0 0.0;;; 0.0 0.0 0.0 0.0 0.0 0.0 7.0 0.0 0.0 15.0; 0.0 0.0 0.0 0.0 0.0 0.0 0.0 0.0 0.0 0.0; 0.0 0.0 0.0 0.0 0.0 0.0 0.0 0.0 0.0 0.0; 0.0 0.0 0.0 0.0 0.0 0.0 10.0 9.0 0.0 0.0; 0.0 0.0 0.0 0.0 0.0 0.0 0.0 0.0 0.0 0.0; 0.0 0.0 0.0 0.0 0.0 0.0 0.0 0.0 0.0 0.0]
evol_bb,"[[3335.421, 1.9986732980411146e7]]"
y_bb,[24.0 -0.0 -0.0 -0.0 -0.0 -0.0 -0.0 -0.0 -0.0 -0.0; -0.0 0.0 -0.0 -0.0 -0.0 -0.0 -0.0 -0.0 -0.0 -0.0; -0.0 -0.0 -0.0 -0.0 -0.0 -0.0 -0.0 -0.0 -0.0 -0.0; -0.0 -0.0 17.0 0.0 -0.0 -0.0 -0.0 -0.0 -0.0 -0.0; -0.0 -0.0 -0.0 -0.0 0.0 0.0 -0.0 -0.0 -0.0 -0.0; -0.0 -0.0 -0.0 -0.0 -0.0 -0.0 0.0 0.0 0.0 0.0;;; -0.0 -0.0 -0.0 -0.0 -0.0 -0.0 -0.0 -0.0 -0.0 -0.0; -0.0 -0.0 -0.0 -0.0 -0.0 -0.0 -0.0 -0.0 -0.0 -0.0; -0.0 -0.0 -0.0 -0.0 -0.0 -0.0 -0.0 -0.0 -0.0 -0.0; -0.0 -0.0 -0.0 -0.0 -0.0 -0.0 -0.0 -0.0 -0.0 -0.0; -0.0 -0.0 -0.0 -0.0 -0.0 -0.0 -0.0 -0.0 -0.0 -0.0; -0.0 -0.0 -0.0 -0.0 -0.0 -0.0 -0.0 -0.0 -0.0 -0.0;;; -0.0 -0.0 -0.0 -0.0 -0.0 -0.0 -0.0 -0.0 -0.0 -0.0; -0.0 -0.0 -0.0 -0.0 -0.0 -0.0 -0.0 -0.0 -0.0 -0.0; -0.0 -0.0 -0.0 -0.0 -0.0 -0.0 -0.0 -0.0 -0.0 -0.0; -0.0 -0.0 -0.0 -0.0 -0.0 -0.0 -0.0 -0.0 -0.0 -0.0; -0.0 -0.0 -0.0 -0.0 -0.0 -0.0 -0.0 -0.0 -0.0 -0.0; -0.0 -0.0 -0.0 -0.0 -0.0 -0.0 -0.0 -0.0 -0.0 -0.0;;; -0.0 -0.0 -0.0 -0.0 -0.0 -0.0 -0.0 -0.0 -0.0 -0.0; -0.0 -0.0 -0.0 -0.0 -0.0 -0.0 -0.0 -0.0 -0.0 -0.0; -0.0 -0.0 -0.0 -0.0 -0.0 -0.0 -0.0 -0.0 -0.0 -0.0; -0.0 -0.0 -0.0 -0.0 -0.0 -0.0 -0.0 -0.0 -0.0 -0.0; -0.0 -0.0 -0.0 -0.0 -0.0 -0.0 -0.0 -0.0 -0.0 -0.0; -0.0 -0.0 -0.0 -0.0 -0.0 -0.0 -0.0 -0.0 -0.0 -0.0;;; -0.0 -0.0 -0.0 -0.0 -0.0 -0.0 -0.0 -0.0 -0.0 -0.0; -0.0 -0.0 -0.0 -0.0 -0.0 -0.0 -0.0 -0.0 -0.0 -0.0; -0.0 -0.0 -0.0 -0.0 -0.0 -0.0 -0.0 -0.0 -0.0 -0.0; -0.0 -0.0 -0.0 -0.0 -0.0 -0.0 -0.0 -0.0 -0.0 -0.0; -0.0 -0.0 -0.0 -0.0 -0.0 -0.0 -0.0 -0.0 -0.0 -0.0; -0.0 -0.0 -0.0 -0.0 -0.0 -0.0 -0.0 -0.0 -0.0 -0.0]
evol_box,"[[0.501, 0.0], [2.286, 460223.616801016], [2.392, 460223.616801016], [2.43, 460456.6576785465], [2.494, 460223.616801016], [2.565, 460310.7414322047], [2.948, 2.2977529366495064e6], [3.316, 2.642260577723318e6], [6.532, 2.642260577723318e6], [9.509, 2.6422605777233182e6], [12.94, 3.676459645869703e6], [16.351, 3.9056262322583017e6], [20.039, 4.1358802621510434e6], [24.544, 4.135880262151066e6], [29.13, 4.595129394977177e6], [32.941, 4.595129394977177e6], [38.69, 4.825253401075425e6], [45.263, 4.939690400363431e6], [53.236, 5.16948444271067e6], [64.224, 5.284240342277602e6], [79.709, 5.398873030346281e6], [94.762, 5.513909034509854e6], [129.218, 5.628685494001309e6], [174.823, 5.858416540880717e6], [216.659, 5.973391048164583e6], [280.323, 6.088051244361505e6], [363.417, 6.088315107151518e6], [478.356, 6.203232413536515e6], [592.957, 6.317885884570698e6], [741.907, 6.317995567791866e6], [943.926, 6.432870729337149e6], [1200.221, 6.433202223465502e6], [1579.707, 6.547524413490879e6], [2137.441, 6.662376935933804e6], [2580.249, 6.662560417654453e6], [3090.414, 6.662560417654453e6], [3600.024, 6.777254690119797e6]]"
y_pb,[[24.000000000000004 -0.0 -0.0 -0.0 -0.0 -0.0 -0.0 -0.0 -0.0 -0.0; 0.0 -0.0 -0.0 -0.0 -0.0 -0.0 -0.0 -0.0 -0.0 -0.0; -0.0 -0.0 0.0 -0.0 -0.0 -0.0 -0.0 -0.0 -0.0 -0.0; -0.0 -0.0 17.0 -0.0 -0.0 -0.0 -0.0 -0.0 -0.0 -0.0; -0.0 -0.0 -0.0 -0.0 -0.0 0.0 -0.0 -0.0 -0.0 -0.0; -0.0 -0.0 -0.0 -0.0 -0.0 -0.0 -0.0 -0.0 -0.0 -0.0;;;]]
x_bb,"[24.0, 0.0, 0.0, 17.0, 0.0, 0.0]"
x_box,"[22.0, 0.0, 0.0, 19.0, 0.0, 0.0]"
evol_zeta,"[[1.834, 28.2], [2.371, 21.75], [2.404, 21.0], [2.446, 19.0], [2.512, 18.666666666666668], [2.596, 18.333333333333332], [2.98, 16.4], [3.337, 16.333333333333332], [6.559, 15.666666666666664], [9.542, 15.0], [12.964, 15.666666666666668], [16.386, 15.666666666666668], [20.074, 14.0], [24.58, 13.0], [29.205, 12.6], [33.019, 12.25], [38.731, 13.999999999999998], [45.301, 14.0], [53.275, 12.75], [64.279, 12.25], [79.769, 11.750000001275001], [94.826, 10.666666667833336], [129.273, 11.6], [174.885, 12.25000374867875], [216.727, 10.666666666666666], [280.382, 11.200000001220001], [363.496, 11.0], [478.397, 11.75], [593.018, 11.2], [741.962, 11.0], [943.986, 11.0], [1200.269, 10.666666666666668], [1579.803, 9.857142857142858], [2137.527, 11.0], [2580.33, 10.6], [3090.49, 10.333333333333332], [3600.044, 0.0]]"
ξ_box,[22.0 1.1102230246251565e-16 24.0 13.0 0.0; 29.0 13.0 13.0 0.0 17.0; 22.0 1.1102230246251565e-16 2.220446049250313e-16 12.0 16.0; 5.0 13.0 -0.0 2.0 0.0; 8.0 14.0 0.0 5.0 0.0; 14.0 19.0 -0.0 11.0 0.0; 0.0 5.0 11.0 22.0 17.0; 0.0 13.0 13.0 14.0 9.0; 0.0 12.0 16.0 11.999999999999979 16.0; 0.0 10.0 22.0 6.0 16.0]
