first,second
s_box,[38.0 34.0 0.0 9.0; 18.0 0.0 3.0 15.0; 16.0 2.0 5.0 13.0; 0.0 0.0 16.0 23.0; 0.0 0.0 17.0 0.0; 0.0 0.0 0.0 0.0; 0.0 7.0 0.0 0.0; 0.0 12.0 0.0 0.0; 0.0 16.0 0.0 0.0; 0.0 0.0 30.0 12.0]
x_pb,"[-0.0, -0.0, 16.0, 2.0, 30.0, -0.0]"
s_bb,[40.0 -0.0 -0.0 -0.0; 23.0 -0.0 -0.0 -0.0; 22.0 -0.0 -0.0 -0.0; 27.0 -0.0 -0.0 -0.0; 1.0 -0.0 -0.0 -0.0; 0.0 -0.0 -0.0 -0.0; 7.0 -0.0 -0.0 -0.0; 0.0 -0.0 -0.0 -0.0; 0.0 -0.0 -0.0 -0.0; 30.0 -0.0 -0.0 -0.0]
partition_bb,"[[[40.0, 3.0, 3.0, 2.0, 0.0, 0.0, 0.0, 0.0, 0.0, 0.0], [0.0, 0.0, 0.0, 0.0, 0.0, 0.0, 3.0, 4.0, 14.0, 30.0], [0.0, 9.0, 11.0, 27.0, 4.0, 0.0, 0.0, 0.0, 0.0, 0.0], [0.0, 23.0, 21.0, 5.0, 0.0, 0.0, 0.0, 0.0, 0.0, 0.0], [16.0, 0.0, 0.0, 0.0, 17.0, 2.0, 0.0, 0.0, 0.0, 13.0], [0.0, 0.0, 0.0, 0.0, 17.0, 2.0, 7.0, 12.0, 2.0, 8.0], [0.0, 0.0, 0.0, 0.0, 0.0, 2.0, 7.0, 8.0, 18.0, 13.0], [0.0, 20.0, 22.0, 6.0, 0.0, 0.0, 0.0, 0.0, 0.0, 0.0]], Vector{Float64}[], Vector{Float64}[], Vector{Float64}[]]"
y_box,[2.0 0.0 0.0 0.0 0.0 0.0 0.0 0.0 0.0 0.0; 0.0 0.0 0.0 2.0 0.0 0.0 0.0 0.0 0.0 0.0; 0.0 0.0 0.0 0.0 17.0 0.0 0.0 0.0 0.0 0.0; 0.0 0.0 0.0 0.0 0.0 2.0 0.0 0.0 0.0 0.0; 0.0 0.0 0.0 0.0 0.0 0.0 0.0 0.0 9.0 0.0; 0.0 0.0 0.0 0.0 0.0 0.0 0.0 0.0 0.0 16.0;;; 0.0 0.0 0.0 2.0 0.0 0.0 0.0 0.0 0.0 0.0; 0.0 0.0 0.0 2.0 0.0 0.0 0.0 0.0 0.0 0.0; 0.0 0.0 0.0 9.0 8.0 0.0 0.0 0.0 0.0 0.0; 0.0 0.0 0.0 2.0 0.0 0.0 0.0 0.0 0.0 0.0; 0.0 0.0 0.0 0.0 2.0 0.0 0.0 0.0 0.0 7.0; 0.0 0.0 0.0 0.0 0.0 0.0 0.0 0.0 0.0 16.0;;; 2.0 0.0 0.0 0.0 0.0 0.0 0.0 0.0 0.0 0.0; 0.0 0.0 0.0 0.0 0.0 2.0 0.0 0.0 0.0 0.0; 10.0 0.0 0.0 5.0 0.0 0.0 2.0 0.0 0.0 0.0; 0.0 0.0 0.0 0.0 0.0 1.0 1.0 0.0 0.0 0.0; 7.0 0.0 0.0 0.0 0.0 0.0 0.0 2.0 0.0 0.0; 0.0 0.0 0.0 0.0 0.0 0.0 0.0 2.0 14.0 0.0;;; 2.0 0.0 0.0 0.0 0.0 0.0 0.0 0.0 0.0 0.0; 0.0 0.0 0.0 2.0 0.0 0.0 0.0 0.0 0.0 0.0; 0.0 0.0 0.0 2.0 11.0 0.0 4.0 0.0 0.0 0.0; 0.0 0.0 0.0 0.0 0.0 0.0 2.0 0.0 0.0 0.0; 0.0 0.0 0.0 0.0 0.0 0.0 0.0 9.0 0.0 0.0; 0.0 0.0 0.0 0.0 0.0 0.0 0.0 2.0 14.0 0.0]
evol_bb,"[[32.288, 1.6921059088727824e7]]"
y_bb,[0.0 -0.0 -0.0 -0.0 -0.0 -0.0 -0.0 -0.0 -0.0 -0.0; -0.0 0.0 0.0 0.0 -0.0 -0.0 -0.0 -0.0 -0.0 -0.0; -0.0 -0.0 -0.0 -0.0 16.0 -0.0 -0.0 -0.0 -0.0 -0.0; -0.0 -0.0 -0.0 -0.0 -0.0 2.0 -0.0 -0.0 -0.0 -0.0; -0.0 -0.0 -0.0 -0.0 -0.0 -0.0 0.0 12.0 18.0 -0.0; -0.0 -0.0 -0.0 -0.0 -0.0 -0.0 -0.0 -0.0 -0.0 0.0;;; -0.0 -0.0 -0.0 -0.0 -0.0 -0.0 -0.0 -0.0 -0.0 -0.0; -0.0 -0.0 -0.0 -0.0 -0.0 -0.0 -0.0 -0.0 -0.0 -0.0; -0.0 -0.0 -0.0 -0.0 -0.0 -0.0 -0.0 -0.0 -0.0 -0.0; -0.0 -0.0 -0.0 -0.0 -0.0 -0.0 -0.0 -0.0 -0.0 -0.0; -0.0 -0.0 -0.0 -0.0 -0.0 -0.0 -0.0 -0.0 -0.0 -0.0; -0.0 -0.0 -0.0 -0.0 -0.0 -0.0 -0.0 -0.0 -0.0 -0.0;;; -0.0 -0.0 -0.0 -0.0 -0.0 -0.0 -0.0 -0.0 -0.0 -0.0; -0.0 -0.0 -0.0 -0.0 -0.0 -0.0 -0.0 -0.0 -0.0 -0.0; -0.0 -0.0 -0.0 -0.0 -0.0 -0.0 -0.0 -0.0 -0.0 -0.0; -0.0 -0.0 -0.0 -0.0 -0.0 -0.0 -0.0 -0.0 -0.0 -0.0; -0.0 -0.0 -0.0 -0.0 -0.0 -0.0 -0.0 -0.0 -0.0 -0.0; -0.0 -0.0 -0.0 -0.0 -0.0 -0.0 -0.0 -0.0 -0.0 -0.0;;; -0.0 -0.0 -0.0 -0.0 -0.0 -0.0 -0.0 -0.0 -0.0 -0.0; -0.0 -0.0 -0.0 -0.0 -0.0 -0.0 -0.0 -0.0 -0.0 -0.0; -0.0 -0.0 -0.0 -0.0 -0.0 -0.0 -0.0 -0.0 -0.0 -0.0; -0.0 -0.0 -0.0 -0.0 -0.0 -0.0 -0.0 -0.0 -0.0 -0.0; -0.0 -0.0 -0.0 -0.0 -0.0 -0.0 -0.0 -0.0 -0.0 -0.0; -0.0 -0.0 -0.0 -0.0 -0.0 -0.0 -0.0 -0.0 -0.0 -0.0]
evol_box,"[[0.432, 0.0], [2.107, 1683.7543934379937], [2.388, 339015.68316183006], [2.675, 340378.6568526175], [2.962, 340407.9681361313], [3.265, 2.820728801151095e6], [3.804, 2.820728801151095e6], [4.004, 3.046662959574148e6], [4.311, 3.385405942800605e6], [5.038, 3.610265663760301e6], [5.858, 3.6105522507572896e6], [6.728, 3.7233574475974366e6], [7.439, 4.0623089720036676e6], [8.32, 4.739027818907073e6], [9.807, 4.963818712692124e6], [12.18, 5.302342789662072e6], [14.78, 5.302970772986794e6], [16.829, 5.415434573499208e6], [18.502, 5.640766179765417e6], [24.456, 5.866259846506402e6], [32.808, 6.09222433054872e6], [37.29, 6.204675271686756e6], [41.353, 6.430285555140326e6], [48.011, 6.543090696867111e6], [57.649, 6.54309069686711e6], [67.17, 6.543090696867108e6], [77.957, 6.543463013155941e6], [90.48, 6.769099793943035e6], [102.505, 6.994706557674196e6], [118.477, 7.107470606089783e6], [150.922, 7.219861438432131e6], [181.729, 7.220328030221828e6], [223.702, 7.332995324073186e6], [257.447, 7.44559123719056e6], [307.484, 7.558243585696315e6], [369.129, 7.558250924046061e6], [405.391, 7.558254845987942e6], [445.765, 7.558254845987942e6], [480.046, 7.558336972408174e6], [521.964, 7.558691172996921e6], [595.628, 7.558691172996921e6], [741.425, 7.67108200533927e6], [837.683, 7.671142114134959e6], [950.177, 7.783915997506328e6], [1053.282, 7.7839194139141925e6], [1115.681, 7.783947255861743e6], [1184.467, 7.784016723855585e6], [1274.61, 7.8966590108766705e6], [1465.085, 7.896752397588528e6], [1625.751, 7.896752397588529e6], [1755.693, 8.00954608355884e6], [1885.695, 8.009551209458291e6], [2139.402, 8.009557539315313e6], [2324.117, 8.009697732328412e6], [2487.375, 8.122356351185076e6], [2667.3, 8.1223626810420975e6], [3122.646, 8.1223626810420975e6], [3368.135, 8.122540204658741e6], [3600.026, 8.12254020465874e6]]"
y_pb,[[0.0 -0.0 -0.0 -0.0 -0.0 -0.0 -0.0 -0.0 -0.0 -0.0; -0.0 -0.0 -0.0 -0.0 0.0 -0.0 -0.0 -0.0 -0.0 -0.0; -0.0 -0.0 -0.0 -0.0 16.0 -0.0 -0.0 -0.0 -0.0 -0.0; -0.0 -0.0 -0.0 -0.0 -0.0 2.0 -0.0 -0.0 -0.0 -0.0; -0.0 -0.0 -0.0 -0.0 -0.0 -0.0 -0.0 12.000000000000002 18.0 -0.0; -0.0 -0.0 -0.0 -0.0 -0.0 -0.0 -0.0 -0.0 0.0 -0.0;;;]]
x_bb,"[0.0, 0.0, 16.0, 2.0, 30.0, 0.0]"
x_box,"[2.0, 2.0, 17.0, 2.0, 9.0, 16.0]"
evol_zeta,"[[2.2, 29.25], [2.409, 24.25], [2.755, 21.333333333333332], [3.042, 19.600000000000005], [3.297, 19.0], [3.824, 17.0], [4.018, 16.0], [4.337, 15.75], [5.06, 15.333333333333334], [5.881, 15.749999935087317], [6.74, 14.666666666666666], [7.455, 15.333333333333334], [8.341, 15.0], [9.838, 13.8], [12.221, 12.5], [14.798, 12.000000001300002], [16.849, 12.75], [18.522, 12.666666666666664], [24.565, 12.0], [32.841, 12.666666666666664], [37.324, 12.8], [41.392, 11.5], [48.058, 11.0], [57.679, 11.0], [67.181, 12.5], [78.101, 11.4], [90.5, 10.833334566431267], [102.544, 11.2], [118.522, 10.833333334516666], [150.981, 10.833333333333332], [181.775, 10.833333333333332], [223.747, 10.833333333333332], [257.471, 11.0], [307.525, 11.5], [369.169, 12.0], [405.439, 10.250000000000002], [445.925, 9.666666666666666], [480.069, 10.0], [521.999, 9.999999999999998], [595.659, 10.000000001100005], [741.486, 8.833333333333332], [837.718, 9.666666666666671], [950.193, 10.0], [1053.364, 10.333333333333332], [1115.723, 8.75], [1184.516, 11.5], [1274.688, 8.166666666666664], [1465.144, 8.666666666666666], [1625.808, 8.000000000900002], [1755.711, 9.60000000106001], [1885.712, 9.666666666666668], [2139.421, 10.75], [2324.143, 9.166666666666668], [2487.423, 8.25], [2667.33, 8.833333333333332], [3122.706, 9.600000001060003], [3368.19, 8.6], [3600.043, 0.0]]"
ξ_box,[40.0 34.0 19.0 11.0; 18.0 0.0 3.0 15.0; 16.0 1.0 5.0 13.0; 2.0 14.0 21.0 27.0; 17.0 10.0 17.0 11.0; 2.0 -0.0 2.0 0.0; 0.0 7.0 3.0 6.0; 0.0 12.0 4.0 11.0; 9.0 16.0 14.0 14.0; 16.0 23.0 30.0 12.0]
