first,second
s_box,[0.0 0.0 12.0 0.0 14.0; 0.0 0.0 0.0 0.0 0.0; 0.0 0.0 0.0 0.0 13.0; 0.0 0.0 0.0 0.0 5.0; 0.0 0.0 0.0 6.0 0.0; 0.0 0.0 5.0 0.0 0.0; 0.0 0.0 1.0 22.0 0.0; 16.0 21.0 0.0 7.0 0.0; 30.0 12.0 27.0 0.0 0.0; 0.0 14.0 1.0 11.0 14.0]
x_pb,"[1.0, 32.0, 22.0, -0.0, -0.0, -0.0]"
s_bb,[14.0 -0.0 -0.0 -0.0 -0.0; 0.0 -0.0 -0.0 -0.0 -0.0; 0.0 -0.0 -0.0 -0.0 -0.0; 3.0 -0.0 -0.0 -0.0 -0.0; 16.0 -0.0 -0.0 -0.0 -0.0; 17.0 -0.0 -0.0 -0.0 -0.0; 0.0 -0.0 -0.0 -0.0 -0.0; 27.0 -0.0 -0.0 -0.0 -0.0; 30.0 -0.0 -0.0 -0.0 -0.0; 14.0 -0.0 -0.0 -0.0 -0.0]
partition_bb,"[[[0.0, 0.0, 0.0, 0.0, 0.0, 0.0, 2.0, 18.0, 30.0, 6.0], [0.0, 0.0, 2.0, 8.0, 9.0, 11.0, 22.0, 6.0, 0.0, 0.0], [0.0, 1.0, 18.0, 12.0, 13.0, 11.0, 0.0, 0.0, 0.0, 0.0], [14.0, 1.0, 7.0, 1.0, 1.0, 3.0, 14.0, 0.0, 0.0, 14.0], [0.0, 0.0, 0.0, 1.0, 2.0, 4.0, 11.0, 27.0, 15.0, 0.0], [0.0, 0.0, 8.0, 13.0, 15.0, 17.0, 6.0, 0.0, 0.0, 0.0], [0.0, 0.0, 11.0, 17.0, 15.0, 13.0, 3.0, 0.0, 0.0, 0.0], [0.0, 0.0, 9.0, 14.0, 16.0, 14.0, 3.0, 0.0, 0.0, 0.0]], Vector{Float64}[], Vector{Float64}[], Vector{Float64}[], Vector{Float64}[]]"
y_box,[0.0 0.0 0.0 0.0 0.0 0.0 1.0 0.0 0.0 14.0; 0.0 0.0 0.0 3.0 2.0 8.0 0.0 0.0 0.0 0.0; 0.0 0.0 1.0 2.0 4.0 0.0 16.0 0.0 0.0 0.0; 0.0 0.0 0.0 0.0 0.0 0.0 2.0 2.0 0.0 0.0; 0.0 0.0 0.0 0.0 0.0 0.0 0.0 0.0 0.0 0.0; 0.0 0.0 0.0 0.0 0.0 0.0 0.0 0.0 0.0 0.0;;; 14.0 1.0 0.0 0.0 0.0 0.0 0.0 0.0 0.0 0.0; 0.0 0.0 6.0 3.0 4.0 0.0 0.0 0.0 0.0 0.0; 0.0 0.0 0.0 0.0 0.0 6.0 17.0 0.0 0.0 0.0; 0.0 0.0 0.0 0.0 0.0 0.0 0.0 0.0 4.0 0.0; 0.0 0.0 0.0 0.0 0.0 0.0 0.0 0.0 0.0 0.0; 0.0 0.0 0.0 0.0 0.0 0.0 0.0 0.0 0.0 0.0;;; 0.0 0.0 15.0 0.0 0.0 0.0 0.0 0.0 0.0 0.0; 0.0 0.0 0.0 0.0 8.0 5.0 0.0 0.0 0.0 0.0; 0.0 0.0 0.0 9.0 0.0 0.0 0.0 14.0 0.0 0.0; 0.0 0.0 0.0 0.0 0.0 0.0 0.0 3.0 0.0 1.0; 0.0 0.0 0.0 0.0 0.0 0.0 0.0 0.0 0.0 0.0; 0.0 0.0 0.0 0.0 0.0 0.0 0.0 0.0 0.0 0.0;;; 0.0 1.0 2.0 12.0 0.0 0.0 0.0 0.0 0.0 0.0; 0.0 0.0 7.0 0.0 6.0 0.0 0.0 0.0 0.0 0.0; 0.0 0.0 9.0 0.0 0.0 14.0 0.0 0.0 0.0 0.0; 0.0 0.0 0.0 0.0 0.0 0.0 0.0 4.0 0.0 0.0; 0.0 0.0 0.0 0.0 0.0 0.0 0.0 0.0 0.0 0.0; 0.0 0.0 0.0 0.0 0.0 0.0 0.0 0.0 0.0 0.0;;; 0.0 1.0 1.0 4.0 3.0 0.0 0.0 6.0 0.0 0.0; 0.0 0.0 0.0 0.0 0.0 0.0 13.0 0.0 0.0 0.0; 0.0 0.0 0.0 0.0 0.0 5.0 1.0 3.0 14.0 0.0; 0.0 0.0 0.0 0.0 4.0 0.0 0.0 0.0 0.0 0.0; 0.0 0.0 0.0 0.0 0.0 0.0 0.0 0.0 0.0 0.0; 0.0 0.0 0.0 0.0 0.0 0.0 0.0 0.0 0.0 0.0]
evol_bb,"[[29.539, 1.4327406806882747e7]]"
y_bb,[0.0 1.0 -0.0 -0.0 -0.0 -0.0 -0.0 -0.0 -0.0 -0.0; -0.0 -0.0 18.0 14.0 0.0 -0.0 -0.0 -0.0 -0.0 -0.0; -0.0 -0.0 -0.0 -0.0 -0.0 0.0 22.0 0.0 -0.0 -0.0; -0.0 -0.0 -0.0 -0.0 -0.0 -0.0 -0.0 -0.0 0.0 -0.0; -0.0 -0.0 -0.0 -0.0 -0.0 -0.0 -0.0 -0.0 -0.0 0.0; -0.0 -0.0 -0.0 -0.0 -0.0 -0.0 -0.0 -0.0 -0.0 -0.0;;; -0.0 -0.0 -0.0 -0.0 -0.0 -0.0 -0.0 -0.0 -0.0 -0.0; -0.0 -0.0 -0.0 -0.0 -0.0 -0.0 -0.0 -0.0 -0.0 -0.0; -0.0 -0.0 -0.0 -0.0 -0.0 -0.0 -0.0 -0.0 -0.0 -0.0; -0.0 -0.0 -0.0 -0.0 -0.0 -0.0 -0.0 -0.0 -0.0 -0.0; -0.0 -0.0 -0.0 -0.0 -0.0 -0.0 -0.0 -0.0 -0.0 -0.0; -0.0 -0.0 -0.0 -0.0 -0.0 -0.0 -0.0 -0.0 -0.0 -0.0;;; -0.0 -0.0 -0.0 -0.0 -0.0 -0.0 -0.0 -0.0 -0.0 -0.0; -0.0 -0.0 -0.0 -0.0 -0.0 -0.0 -0.0 -0.0 -0.0 -0.0; -0.0 -0.0 -0.0 -0.0 -0.0 -0.0 -0.0 -0.0 -0.0 -0.0; -0.0 -0.0 -0.0 -0.0 -0.0 -0.0 -0.0 -0.0 -0.0 -0.0; -0.0 -0.0 -0.0 -0.0 -0.0 -0.0 -0.0 -0.0 -0.0 -0.0; -0.0 -0.0 -0.0 -0.0 -0.0 -0.0 -0.0 -0.0 -0.0 -0.0;;; -0.0 -0.0 -0.0 -0.0 -0.0 -0.0 -0.0 -0.0 -0.0 -0.0; -0.0 -0.0 -0.0 -0.0 -0.0 -0.0 -0.0 -0.0 -0.0 -0.0; -0.0 -0.0 -0.0 -0.0 -0.0 -0.0 -0.0 -0.0 -0.0 -0.0; -0.0 -0.0 -0.0 -0.0 -0.0 -0.0 -0.0 -0.0 -0.0 -0.0; -0.0 -0.0 -0.0 -0.0 -0.0 -0.0 -0.0 -0.0 -0.0 -0.0; -0.0 -0.0 -0.0 -0.0 -0.0 -0.0 -0.0 -0.0 -0.0 -0.0;;; -0.0 -0.0 -0.0 -0.0 -0.0 -0.0 -0.0 -0.0 -0.0 -0.0; -0.0 -0.0 -0.0 -0.0 -0.0 -0.0 -0.0 -0.0 -0.0 -0.0; -0.0 -0.0 -0.0 -0.0 -0.0 -0.0 -0.0 -0.0 -0.0 -0.0; -0.0 -0.0 -0.0 -0.0 -0.0 -0.0 -0.0 -0.0 -0.0 -0.0; -0.0 -0.0 -0.0 -0.0 -0.0 -0.0 -0.0 -0.0 -0.0 -0.0; -0.0 -0.0 -0.0 -0.0 -0.0 -0.0 -0.0 -0.0 -0.0 -0.0]
evol_box,"[[0.473, 0.0], [2.281, 119642.98102067283], [2.44, 355618.2958551987], [2.609, 592644.8356455808], [2.843, 592644.8356455808], [3.084, 592809.8117033405], [3.399, 1.6580750260175646e6], [4.409, 2.3685137639347753e6], [5.767, 2.842060495088787e6], [8.371, 2.8420604950887766e6], [10.011, 2.8430626075425944e6], [13.848, 3.0788295370989796e6], [17.155, 3.07882953709898e6], [21.121, 3.1973563304092535e6], [31.292, 3.4340671577884164e6], [37.413, 3.908199304476877e6], [42.409, 4.0261988968837177e6], [49.93, 4.144604977808657e6], [72.515, 4.1446074936324437e6], [81.889, 4.144857276903178e6], [93.558, 4.1448578720781645e6], [106.455, 4.381318512557882e6], [116.276, 4.618371603164993e6], [140.823, 4.618392740876301e6], [180.629, 4.736557789887594e6], [232.278, 4.73660824522556e6], [299.307, 4.85497570362825e6], [384.156, 4.854979548880646e6], [497.296, 5.091787865478101e6], [560.471, 5.091758043457112e6], [684.718, 5.210172191085569e6], [987.428, 5.210205205017297e6], [2059.985, 5.32856023638586e6], [2278.316, 5.32860923484648e6], [3454.354, 5.565375477401529e6], [3600.072, 5.565506053270721e6]]"
y_pb,[[-0.0 1.0 -0.0 -0.0 -0.0 -0.0 -0.0 -0.0 -0.0 -0.0; -0.0 -0.0 18.0 14.0 -0.0 -0.0 -0.0 -0.0 -0.0 -0.0; -0.0 -0.0 -0.0 -0.0 -0.0 -0.0 22.0 -0.0 -0.0 -0.0; -0.0 -0.0 -0.0 -0.0 -0.0 -0.0 -0.0 -0.0 0.0 -0.0; -0.0 -0.0 -0.0 -0.0 -0.0 -0.0 -0.0 -0.0 -0.0 0.0; -0.0 -0.0 -0.0 -0.0 -0.0 -0.0 -0.0 -0.0 -0.0 0.0;;;]]
x_bb,"[1.0, 32.0, 22.0, 0.0, 0.0, 0.0]"
x_box,"[15.0, 13.0, 23.0, 4.0, 0.0, 0.0]"
evol_zeta,"[[1.812, 29.75], [2.371, 19.5], [2.478, 16.166666666666664], [2.625, 16.0], [2.884, 14.166666668183332], [3.101, 14.833333333333332], [3.423, 14.0], [4.427, 14.0], [5.802, 14.0], [8.421, 13.857142857142856], [10.043, 13.750000035503607], [13.872, 14.0], [17.173, 14.0], [21.163, 12.833339159755866], [31.366, 12.833333351905933], [37.439, 14.0], [42.479, 12.142857142857144], [49.962, 12.833333333333334], [72.568, 12.142857142857142], [81.936, 11.0], [93.611, 11.166666666666666], [106.499, 10.000000001100005], [116.327, 10.714285593465954], [140.868, 10.714285714285715], [180.658, 11.571428571428571], [232.306, 10.125], [299.327, 11.75], [384.191, 9.4], [497.326, 8.833333333333332], [560.494, 9.0], [684.766, 8.714285714285714], [987.467, 7.8], [2060.04, 8.833333333333332], [2278.349, 8.000000000900002], [3454.396, 9.714285714285714], [3600.091, 0.0]]"
ξ_box,[-0.0 14.0 12.0 -0.0 14.0; 0.0 1.0 0.0 1.0 1.0; -0.0 6.0 15.0 18.0 14.0; 5.0 3.0 9.0 12.0 9.0; 6.0 4.0 8.0 12.0 7.0; 8.0 6.0 10.0 14.0 5.0; 19.0 17.0 1.0 22.0 14.0; 18.0 21.0 17.0 11.0 9.0; 30.0 16.0 27.0 -0.0 14.0; 14.0 14.0 2.0 11.0 14.0]
