first,second
s_box,[0.0 27.0 13.0 20.0; 0.0 23.0 8.0 16.0; -0.0 12.0 15.0 18.0; 0.0 -0.0 -0.0 -0.0; 9.0 -0.0 18.0 18.0; 28.0 -0.0 -0.0 -0.0; 21.0 3.0 23.0 1.0; 11.0 25.0 13.0 18.0; 22.0 -0.0 -0.0 -0.0; -0.0 1.0 -0.0 -0.0]
x_pb,"[-0.0, 30.0, -0.0, -0.0, -0.0, 29.0]"
s_bb,[27.0 -0.0 -0.0 -0.0; 26.0 -0.0 -0.0 -0.0; 18.0 -0.0 -0.0 -0.0; 2.0 -0.0 -0.0 -0.0; 1.0 -0.0 -0.0 -0.0; 32.0 -0.0 -0.0 -0.0; 28.0 -0.0 -0.0 -0.0; 26.0 -0.0 -0.0 -0.0; 26.0 -0.0 -0.0 -0.0; 0.0 -0.0 -0.0 -0.0]
partition_bb,"[[[0.0, 0.0, 0.0, 0.0, 8.0, 32.0, 16.0, 6.0, 0.0, 0.0], [0.0, 0.0, 0.0, 0.0, 0.0, 0.0, 0.0, 8.0, 22.0, 29.0], [27.0, 23.0, 11.0, 0.0, 0.0, 0.0, 0.0, 0.0, 0.0, 0.0], [0.0, 0.0, 0.0, 2.0, 31.0, 7.0, 1.0, 11.0, 7.0, 0.0], [0.0, 0.0, 0.0, 0.0, 0.0, 0.0, 16.0, 26.0, 12.0, 5.0], [0.0, 0.0, 0.0, 0.0, 0.0, 12.0, 28.0, 18.0, 4.0, 0.0], [2.0, 4.0, 18.0, 2.0, 0.0, 0.0, 16.0, 10.0, 0.0, 7.0], [0.0, 0.0, 0.0, 0.0, 4.0, 0.0, 2.0, 12.0, 26.0, 19.0], [22.0, 26.0, 12.0, 0.0, 0.0, 0.0, 0.0, 0.0, 0.0, 0.0]], [[0.0, 0.0, 0.0, 0.0, 0.0, 0.0, 2.0, 12.0, 26.0, 19.0]], Vector{Float64}[], Vector{Float64}[]]"
y_box,[-0.0 -0.0 -0.0 -0.0 -0.0 -0.0 -0.0 -0.0 -0.0 -0.0; -0.0 -0.0 -0.0 -0.0 17.0 -0.0 -0.0 -0.0 -0.0 -0.0; -0.0 -0.0 -0.0 -0.0 -0.0 4.0 -0.0 -0.0 -0.0 -0.0; -0.0 -0.0 -0.0 -0.0 -0.0 -0.0 -0.0 -0.0 -0.0 -0.0; -0.0 -0.0 -0.0 -0.0 -0.0 -0.0 -0.0 -0.0 -0.0 -0.0; -0.0 -0.0 -0.0 -0.0 -0.0 -0.0 -0.0 3.0 -0.0 29.0;;; -0.0 -0.0 -0.0 -0.0 -0.0 -0.0 -0.0 -0.0 -0.0 -0.0; -0.0 -0.0 -0.0 -0.0 -0.0 -0.0 17.0 -0.0 -0.0 -0.0; -0.0 0.0 -0.0 -0.0 -0.0 4.0 -0.0 -0.0 -0.0 0.0; -0.0 -0.0 -0.0 -0.0 -0.0 -0.0 -0.0 -0.0 -0.0 -0.0; -0.0 -0.0 -0.0 -0.0 -0.0 -0.0 -0.0 -0.0 -0.0 -0.0; -0.0 -0.0 -0.0 -0.0 -0.0 0.0 -0.0 -0.0 23.0 15.0;;; -0.0 -0.0 -0.0 0.0 -0.0 -0.0 -0.0 -0.0 -0.0 -0.0; -0.0 -0.0 -0.0 2.0 13.0 -0.0 -0.0 -0.0 -0.0 2.0; -0.0 2.0 -0.0 -0.0 -0.0 2.0 -0.0 -0.0 -0.0 -0.0; -0.0 -0.0 -0.0 -0.0 -0.0 -0.0 -0.0 -0.0 -0.0 -0.0; -0.0 -0.0 -0.0 -0.0 -0.0 -0.0 -0.0 -0.0 -0.0 -0.0; -0.0 -0.0 -0.0 -0.0 -0.0 16.0 -0.0 -0.0 12.0 10.0;;; 0.0 -0.0 -0.0 -0.0 -0.0 -0.0 -0.0 -0.0 -0.0 -0.0; -0.0 -0.0 -0.0 -0.0 2.0 15.0 -0.0 -0.0 -0.0 -0.0; -0.0 -0.0 -0.0 -0.0 -0.0 4.0 -0.0 -0.0 -0.0 -0.0; -0.0 -0.0 -0.0 -0.0 -0.0 -0.0 -0.0 -0.0 -0.0 -0.0; -0.0 -0.0 -0.0 -0.0 -0.0 -0.0 -0.0 -0.0 -0.0 -0.0; -0.0 -0.0 -0.0 2.0 -0.0 -0.0 7.0 -0.0 11.0 18.0]
evol_bb,"[[130.289, 2.3938986840799212e7], [931.164, 2.393898684079921e7]]"
y_bb,[0.0 0.0 0.0 -0.0 -0.0 -0.0 -0.0 -0.0 -0.0 -0.0; -0.0 -0.0 -0.0 -0.0 30.0 -0.0 -0.0 -0.0 -0.0 -0.0; -0.0 -0.0 -0.0 -0.0 -0.0 0.0 -0.0 -0.0 -0.0 -0.0; -0.0 -0.0 -0.0 -0.0 -0.0 -0.0 0.0 0.0 -0.0 -0.0; -0.0 -0.0 -0.0 -0.0 -0.0 -0.0 -0.0 0.0 -0.0 -0.0; -0.0 -0.0 -0.0 -0.0 -0.0 -0.0 -0.0 -0.0 0.0 29.0;;; -0.0 -0.0 -0.0 -0.0 -0.0 -0.0 -0.0 -0.0 -0.0 0.0; -0.0 -0.0 -0.0 -0.0 -0.0 -0.0 -0.0 4.0 26.0 -0.0; -0.0 -0.0 -0.0 -0.0 -0.0 -0.0 -0.0 -0.0 0.0 0.0; -0.0 -0.0 -0.0 -0.0 -0.0 -0.0 0.0 -0.0 -0.0 -0.0; -0.0 -0.0 -0.0 -0.0 -0.0 -0.0 0.0 -0.0 -0.0 -0.0; -0.0 -0.0 -0.0 -0.0 -0.0 -0.0 2.0 8.0 0.0 19.0;;; -0.0 -0.0 -0.0 -0.0 -0.0 -0.0 -0.0 -0.0 -0.0 -0.0; -0.0 -0.0 -0.0 -0.0 -0.0 -0.0 -0.0 -0.0 -0.0 -0.0; -0.0 -0.0 -0.0 -0.0 -0.0 -0.0 -0.0 -0.0 -0.0 -0.0; -0.0 -0.0 -0.0 -0.0 -0.0 -0.0 -0.0 -0.0 -0.0 -0.0; -0.0 -0.0 -0.0 -0.0 -0.0 -0.0 -0.0 -0.0 -0.0 -0.0; -0.0 -0.0 -0.0 -0.0 -0.0 -0.0 -0.0 -0.0 -0.0 -0.0;;; -0.0 -0.0 -0.0 -0.0 -0.0 -0.0 -0.0 -0.0 -0.0 -0.0; -0.0 -0.0 -0.0 -0.0 -0.0 -0.0 -0.0 -0.0 -0.0 -0.0; -0.0 -0.0 -0.0 -0.0 -0.0 -0.0 -0.0 -0.0 -0.0 -0.0; -0.0 -0.0 -0.0 -0.0 -0.0 -0.0 -0.0 -0.0 -0.0 -0.0; -0.0 -0.0 -0.0 -0.0 -0.0 -0.0 -0.0 -0.0 -0.0 -0.0; -0.0 -0.0 -0.0 -0.0 -0.0 -0.0 -0.0 -0.0 -0.0 -0.0]
evol_box,"[[0.449, 0.0], [2.189, 386866.4603536058], [2.296, 386866.4603536058], [2.339, 386866.4603536058], [2.391, 386866.4603536058], [2.606, 2.445897027135734e6], [2.76, 2.8320294658134053e6], [3.064, 3.34686525164102e6], [3.421, 3.9903541027311e6], [3.975, 5.020060630973564e6], [5.18, 5.663773262857165e6], [8.512, 5.664252515801676e6], [9.809, 6.435898968209653e6], [10.905, 6.950701443628955e6], [15.299, 7.465249752323929e6], [18.465, 7.72296969293955e6], [22.892, 7.72296969293955e6], [25.39, 7.72296969293955e6], [28.113, 7.72296969293955e6], [32.561, 7.9800488139951965e6], [38.488, 8.623552732814047e6], [43.324, 8.623552732814027e6], [53.342, 8.623552732814047e6], [62.428, 8.752475556373736e6], [73.248, 9.00969761878171e6], [83.39, 9.009712669769526e6], [94.556, 9.138432521250637e6], [107.097, 9.267106195180971e6], [123.036, 9.267217477487708e6], [134.807, 9.52445655866424e6], [168.254, 9.653286497677905e6], [193.205, 9.653227320109833e6], [240.025, 9.781915777454192e6], [272.1, 9.781924553249396e6], [313.093, 9.910574001000928e6], [349.429, 9.910647479461547e6], [416.448, 9.910702841239579e6], [458.326, 1.0039278766257582e7], [493.85, 1.003928252654405e7], [546.773, 1.0039507780104147e7], [599.769, 1.016800223594905e7], [647.111, 1.0296670492215464e7], [702.633, 1.0296704689299367e7], [767.026, 1.0296733236700421e7], [844.732, 1.0425360384514432e7], [900.429, 1.0425373477016576e7], [1057.79, 1.0554078656617595e7], [1153.484, 1.055412325584761e7], [1231.653, 1.0554154874173716e7], [1365.624, 1.0682774105252173e7], [1467.847, 1.0682775885707717e7], [1595.766, 1.0682904491167517e7], [1768.594, 1.0811478763024336e7], [1932.979, 1.081155977594928e7], [2114.499, 1.0940246766473759e7], [2360.978, 1.1068888401022136e7], [2577.143, 1.1068919189950194e7], [2763.934, 1.1069236362821722e7], [3245.694, 1.1197591907652102e7], [3569.99, 1.1326290809713274e7], [3600.043, 1.1712992925797824e7]]"
y_pb,[[-0.0 -0.0 -0.0 0.0 -0.0 -0.0 -0.0 -0.0 -0.0 -0.0; -0.0 -0.0 -0.0 -0.0 30.0 -0.0 -0.0 -0.0 -0.0 -0.0; -0.0 -0.0 -0.0 -0.0 -0.0 0.0 -0.0 -0.0 -0.0 -0.0; -0.0 -0.0 -0.0 -0.0 -0.0 -0.0 -0.0 0.0 -0.0 -0.0; -0.0 -0.0 -0.0 -0.0 -0.0 -0.0 -0.0 0.0 -0.0 -0.0; -0.0 -0.0 -0.0 -0.0 -0.0 -0.0 -0.0 -0.0 -0.0 29.000000000000004;;;]]
x_bb,"[0.0, 30.0, 0.0, 0.0, -0.0, 29.0]"
x_box,"[0.0, 17.0, 4.0, -0.0, -0.0, 38.0]"
evol_zeta,"[[2.279, 29.0], [2.309, 26.333333333333336], [2.353, 23.0], [2.408, 21.75], [2.627, 19.75], [2.777, 20.5], [3.128, 19.25], [3.437, 19.0], [4.02, 18.0], [5.202, 18.0], [8.547, 16.166666666666664], [9.866, 16.125], [10.948, 17.666666666666668], [15.327, 16.000000001700002], [18.496, 16.999999999999993], [22.917, 16.4], [25.416, 15.999999999999998], [28.146, 15.399999999999999], [32.591, 15.0], [38.515, 16.0], [43.353, 15.2], [53.375, 15.0], [62.457, 14.166666666666666], [73.279, 14.0], [83.42, 13.8], [94.614, 12.79999999999999], [107.153, 13.166666666666666], [123.063, 13.5], [134.842, 12.666666666666666], [168.3, 12.833333333333334], [193.289, 13.999999999999995], [240.055, 13.399999999999999], [272.125, 13.8], [313.118, 12.666666666666666], [349.504, 12.666666666666666], [416.471, 13.2], [458.354, 11.8], [493.879, 12.333333333333336], [546.824, 11.749999999999998], [599.794, 12.8], [647.158, 11.8], [702.681, 11.666666666666666], [767.059, 11.6], [844.803, 11.333333334566667], [900.47, 11.5], [1057.822, 11.666666666666666], [1153.521, 10.799999999999983], [1231.689, 11.0], [1365.651, 11.142857142857151], [1467.877, 13.600000000000001], [1595.82, 11.42857142857143], [1768.625, 10.4], [1933.064, 10.600000000000001], [2114.521, 11.8], [2361.007, 11.666666666666663], [2577.168, 10.0], [2763.983, 10.857142857142856], [3245.723, 11.166666666666668], [3570.022, 11.4], [3600.058, 0.0]]"
ξ_box,[0.0 27.0 13.0 20.0; 0.0 23.0 9.0 16.0; -0.0 12.0 15.0 18.0; 0.0 -0.0 2.0 2.0; 26.0 -0.0 31.0 20.0; 32.0 4.0 18.0 19.0; 21.0 20.0 23.0 8.0; 14.0 25.0 13.0 18.0; 22.0 23.0 12.0 11.0; 29.0 16.0 12.0 18.0]
