first,second
s_box,[4.0; 0.0; 21.0; 21.0; 18.0; 18.0; 15.0; 8.0; 28.0; 19.0;;]
x_pb,"[44.0, -0.0, -0.0, -0.0, -0.0, 0.0]"
s_bb,[4.0; 0.0; 21.0; 21.0; 18.0; 18.0; 15.0; 8.0; 28.0; 19.0;;]
partition_bb,"[[[0.0, 0.0, 0.0, 0.0, 0.0, 1.0, 3.0, 8.0, 28.0, 8.0], [21.0, 24.0, 0.0, 0.0, 0.0, 0.0, 0.0, 0.0, 0.0, 0.0], [0.0, 0.0, 21.0, 5.0, 1.0, 0.0, 0.0, 0.0, 0.0, 0.0], [0.0, 0.0, 0.0, 2.0, 9.0, 18.0, 11.0, 4.0, 0.0, 0.0], [0.0, 0.0, 5.0, 21.0, 14.0, 5.0, 3.0, 0.0, 0.0, 0.0], [0.0, 0.0, 0.0, 0.0, 0.0, 0.0, 0.0, 0.0, 0.0, 19.0], [0.0, 0.0, 0.0, 0.0, 3.0, 8.0, 15.0, 8.0, 0.0, 0.0], [0.0, 0.0, 0.0, 11.0, 18.0, 9.0, 6.0, 0.0, 0.0, 0.0], [24.0, 21.0, 0.0, 0.0, 0.0, 0.0, 0.0, 0.0, 0.0, 0.0]]]"
y_box,[20.0 24.0 0.0 0.0 -0.0 -0.0 -0.0 -0.0 -0.0 -0.0; -0.0 -0.0 -0.0 -0.0 0.0 -0.0 -0.0 -0.0 -0.0 -0.0; -0.0 -0.0 -0.0 -0.0 -0.0 -0.0 -0.0 -0.0 -0.0 -0.0; -0.0 -0.0 -0.0 -0.0 -0.0 0.0 0.0 0.0 0.0 -0.0; -0.0 -0.0 -0.0 -0.0 -0.0 -0.0 -0.0 -0.0 -0.0 -0.0; -0.0 -0.0 -0.0 -0.0 -0.0 -0.0 -0.0 -0.0 -0.0 0.0;;;]
evol_bb,"[[0.302, 1.741353864721584e7]]"
y_bb,[20.0 24.0 0.0 0.0 -0.0 -0.0 -0.0 -0.0 -0.0 -0.0; -0.0 -0.0 -0.0 -0.0 0.0 -0.0 -0.0 -0.0 -0.0 -0.0; -0.0 -0.0 -0.0 -0.0 -0.0 -0.0 -0.0 -0.0 -0.0 -0.0; -0.0 -0.0 -0.0 -0.0 -0.0 0.0 0.0 0.0 0.0 -0.0; -0.0 -0.0 -0.0 -0.0 -0.0 -0.0 -0.0 -0.0 -0.0 -0.0; -0.0 -0.0 -0.0 -0.0 -0.0 -0.0 -0.0 -0.0 -0.0 0.0;;;]
evol_box,"[[0.427, 0.0], [2.094, 459818.36269883916], [2.179, 5.61385577012122e6], [2.184, 9.279776663975857e6], [2.19, 1.2831137529897543e7], [2.195, 1.4091297837160075e7], [2.2, 1.5236898116489649e7], [2.204, 1.6611618451685138e7], [2.209, 1.7069858563416965e7], [2.213, 1.741353864721584e7]]"
y_pb,[[20.0 24.000000000000004 -0.0 -0.0 -0.0 -0.0 -0.0 -0.0 -0.0 -0.0; 0.0 -0.0 -0.0 -0.0 -0.0 -0.0 -0.0 -0.0 -0.0 -0.0; -0.0 -0.0 -0.0 -0.0 -0.0 -0.0 -0.0 -0.0 0.0 -0.0; -0.0 -0.0 -0.0 -0.0 -0.0 -0.0 -0.0 -0.0 -0.0 0.0; -0.0 -0.0 -0.0 -0.0 -0.0 -0.0 -0.0 -0.0 -0.0 0.0; -0.0 -0.0 -0.0 -0.0 -0.0 -0.0 -0.0 -0.0 -0.0 0.0;;;]]
x_bb,"[44.0, 0.0, 0.0, 0.0, 0.0, 0.0]"
x_box,"[44.0, 0.0, 0.0, 0.0, 0.0, 0.0]"
evol_zeta,"[[1.721, 27.2], [2.178, 23.5], [2.183, 21.0], [2.188, 17.0], [2.194, 11.0], [2.199, 9.2], [2.203, 9.0], [2.208, 4.0], [2.212, 2.5], [2.217, 0.0]]"
ξ_box,[24.0; 24.0; 21.0; 21.0; 18.0; 18.0; 15.0; 8.0; 28.0; 19.0;;]
