first,second
s_box,[0.0 3.0 21.99999977348757 14.0; 10.0 6.0 16.0 7.0; 6.0 13.0 11.0 3.0; 3.0 17.0 13.0 -0.0; 28.0 -0.0 10.0 20.0; 10.0 17.0 -0.0 13.0; 20.0 0.0 -0.0 19.0; -0.0 -0.0 2.0 -0.0; -0.0 17.0 6.0 4.0; -0.0 6.0 -0.0 -0.0]
x_pb,"[-0.0, -0.0, -0.0, -0.0, 26.0, 27.0]"
s_bb,[22.0 -0.0 -0.0 -0.0; 20.0 -0.0 -0.0 -0.0; 19.0 -0.0 -0.0 -0.0; 21.0 -0.0 -0.0 -0.0; 28.0 -0.0 -0.0 -0.0; 25.0 -0.0 -0.0 -0.0; 26.0 -0.0 -0.0 -0.0; 0.0 -0.0 -0.0 -0.0; 27.0 -0.0 -0.0 -0.0; 0.0 -0.0 -0.0 -0.0]
partition_bb,"[[[0.0, 0.0, 0.0, 0.0, 28.0, 14.0, 11.0, 0.0, 0.0, 0.0], [0.0, 0.0, 0.0, 0.0, 0.0, 0.0, 0.0, 10.0, 16.0, 27.0], [22.0, 15.0, 11.0, 8.0, 0.0, 0.0, 0.0, 0.0, 0.0, 0.0], [0.0, 0.0, 0.0, 0.0, 0.0, 0.0, 0.0, 26.0, 11.0, 16.0], [0.0, 0.0, 0.0, 0.0, 9.0, 20.0, 26.0, 0.0, 0.0, 0.0], [7.0, 10.0, 17.0, 21.0, 0.0, 0.0, 0.0, 0.0, 0.0, 0.0], [0.0, 0.0, 0.0, 0.0, 0.0, 0.0, 0.0, 12.0, 27.0, 16.0], [13.0, 20.0, 12.0, 9.0, 0.0, 0.0, 0.0, 0.0, 0.0, 0.0], [0.0, 0.0, 0.0, 0.0, 11.0, 25.0, 19.0, 0.0, 0.0, 0.0], [8.0, 11.0, 19.0, 15.0, 0.0, 0.0, 0.0, 0.0, 0.0, 0.0]], Vector{Float64}[], Vector{Float64}[], Vector{Float64}[]]"
y_box,[-0.0 -0.0 -0.0 -0.0 -0.0 -0.0 -0.0 -0.0 -0.0 -0.0; -0.0 -0.0 -0.0 -0.0 -0.0 -0.0 -0.0 -0.0 -0.0 -0.0; -0.0 -0.0 -0.0 -0.0 -0.0 0.0 -0.0 -0.0 -0.0 -0.0; -0.0 -0.0 -0.0 -0.0 -0.0 -0.0 -0.0 -0.0 -0.0 -0.0; 17.0 -0.0 -0.0 -0.0 -0.0 -0.0 -0.0 3.0 -0.0 3.0; -0.0 -0.0 -0.0 -0.0 -0.0 8.0 -0.0 17.0 5.0 -0.0;;; -0.0 -0.0 -0.0 0.0 -0.0 -0.0 -0.0 -0.0 -0.0 -0.0; -0.0 -0.0 -0.0 -0.0 -0.0 -0.0 -0.0 -0.0 -0.0 -0.0; -0.0 0.0 -0.0 -0.0 -0.0 -0.0 -0.0 -0.0 -0.0 -0.0; -0.0 -0.0 -0.0 -0.0 -0.0 -0.0 -0.0 -0.0 -0.0 -0.0; -0.0 -0.0 -0.0 0.0 -0.0 -0.0 -0.0 14.0 -0.0 9.0; -0.0 -0.0 -0.0 -0.0 14.0 -0.0 13.0 -0.0 -0.0 3.0;;; 2.2401443527234245e-7 -0.0 -0.0 -0.0 -0.0 -0.0 -0.0 -0.0 -0.0 -0.0; -0.0 -0.0 -0.0 -0.0 -0.0 -0.0 -0.0 -0.0 -0.0 -0.0; 0.0 -0.0 -0.0 -0.0 -0.0 -0.0 -0.0 -0.0 -0.0 -0.0; -0.0 -0.0 -0.0 -0.0 -0.0 -0.0 -0.0 -0.0 -0.0 -0.0; -0.0 -0.0 -0.0 -0.0 -0.0 0.0 -0.0 23.0 -0.0 -0.0; -0.0 -0.0 -0.0 -0.0 -0.0 0.0 -0.0 -0.0 14.0 16.0;;; -0.0 -0.0 0.0 -0.0 -0.0 -0.0 -0.0 -0.0 -0.0 -0.0; -0.0 -0.0 -0.0 -0.0 -0.0 -0.0 -0.0 -0.0 -0.0 -0.0; -0.0 -0.0 -0.0 -0.0 -0.0 0.0 -0.0 -0.0 -0.0 -0.0; -0.0 -0.0 -0.0 -0.0 -0.0 -0.0 -0.0 -0.0 -0.0 -0.0; -0.0 -0.0 -0.0 -0.0 -0.0 -0.0 -0.0 14.0 9.0 -0.0; -0.0 -0.0 -0.0 -0.0 -0.0 -0.0 -0.0 -0.0 3.0 27.0]
evol_bb,"[[1179.598, 2.25996195855954e7]]"
y_bb,[0.0 0.0 0.0 0.0 0.0 -0.0 -0.0 -0.0 -0.0 -0.0; -0.0 -0.0 -0.0 -0.0 -0.0 -0.0 -0.0 -0.0 -0.0 -0.0; -0.0 -0.0 -0.0 -0.0 -0.0 0.0 0.0 -0.0 -0.0 -0.0; -0.0 -0.0 -0.0 -0.0 -0.0 -0.0 -0.0 -0.0 -0.0 -0.0; -0.0 -0.0 -0.0 -0.0 -0.0 -0.0 -0.0 26.0 -0.0 -0.0; -0.0 -0.0 -0.0 -0.0 -0.0 -0.0 -0.0 -0.0 0.0 27.0;;; -0.0 -0.0 -0.0 -0.0 -0.0 -0.0 -0.0 -0.0 -0.0 -0.0; -0.0 -0.0 -0.0 -0.0 -0.0 -0.0 -0.0 -0.0 -0.0 -0.0; -0.0 -0.0 -0.0 -0.0 -0.0 -0.0 -0.0 -0.0 -0.0 -0.0; -0.0 -0.0 -0.0 -0.0 -0.0 -0.0 -0.0 -0.0 -0.0 -0.0; -0.0 -0.0 -0.0 -0.0 -0.0 -0.0 -0.0 -0.0 -0.0 -0.0; -0.0 -0.0 -0.0 -0.0 -0.0 -0.0 -0.0 -0.0 -0.0 -0.0;;; -0.0 -0.0 -0.0 -0.0 -0.0 -0.0 -0.0 -0.0 -0.0 -0.0; -0.0 -0.0 -0.0 -0.0 -0.0 -0.0 -0.0 -0.0 -0.0 -0.0; -0.0 -0.0 -0.0 -0.0 -0.0 -0.0 -0.0 -0.0 -0.0 -0.0; -0.0 -0.0 -0.0 -0.0 -0.0 -0.0 -0.0 -0.0 -0.0 -0.0; -0.0 -0.0 -0.0 -0.0 -0.0 -0.0 -0.0 -0.0 -0.0 -0.0; -0.0 -0.0 -0.0 -0.0 -0.0 -0.0 -0.0 -0.0 -0.0 -0.0;;; -0.0 -0.0 -0.0 -0.0 -0.0 -0.0 -0.0 -0.0 -0.0 -0.0; -0.0 -0.0 -0.0 -0.0 -0.0 -0.0 -0.0 -0.0 -0.0 -0.0; -0.0 -0.0 -0.0 -0.0 -0.0 -0.0 -0.0 -0.0 -0.0 -0.0; -0.0 -0.0 -0.0 -0.0 -0.0 -0.0 -0.0 -0.0 -0.0 -0.0; -0.0 -0.0 -0.0 -0.0 -0.0 -0.0 -0.0 -0.0 -0.0 -0.0; -0.0 -0.0 -0.0 -0.0 -0.0 -0.0 -0.0 -0.0 -0.0 -0.0]
evol_box,"[[0.427, 0.0], [2.114, 1660.993446469307], [2.271, 1913.2659824070588], [2.3, 362353.67288203526], [2.518, 481947.36933522765], [2.777, 2.765359299099457e6], [2.939, 2.7653592990994644e6], [3.154, 3.366861615106087e6], [3.421, 3.3668616151060965e6], [4.945, 4.688636665310175e6], [5.718, 4.68933800204189e6], [6.938, 4.930122376684108e6], [8.253, 5.049913281880749e6], [10.016, 5.650578278414459e6], [12.69, 5.891191004008013e6], [15.978, 6.372084490101617e6], [19.525, 6.372084490101617e6], [23.438, 7.093445932437016e6], [27.387, 7.213080714593803e6], [35.957, 7.213080714593845e6], [42.027, 7.213347314751923e6], [50.614, 7.454112790230241e6], [65.776, 7.93473961777576e6], [75.506, 7.934783657187427e6], [90.933, 8.05446494375814e6], [105.582, 8.05454050935848e6], [125.425, 8.294854710053217e6], [145.395, 8.294902480808249e6], [159.606, 8.29500786741625e6], [177.555, 8.415156459021227e6], [220.508, 8.53536461182294e6], [237.749, 8.535271015656643e6], [298.432, 8.536251780351982e6], [343.102, 8.536267289393427e6], [406.433, 8.655505707766708e6], [436.798, 8.655627699846573e6], [486.222, 8.655505707766708e6], [545.887, 8.775687321260069e6], [596.066, 8.775930467784688e6], [692.084, 8.775687321260069e6], [760.833, 8.775687321260069e6], [891.255, 9.01660139425026e6], [1008.381, 9.136388358346725e6], [1158.324, 9.136388358346727e6], [1304.987, 9.136472783381982e6], [1592.618, 9.136577794415662e6], [1761.077, 9.256612434733449e6], [1938.754, 9.256656673435643e6], [2168.444, 9.376962647921592e6], [2465.411, 9.497003214109704e6], [3135.895, 9.617234454963312e6], [3440.678, 9.617144390872061e6], [3600.017, 9.617248575541884e6]]"
y_pb,[[-0.0 -0.0 -0.0 0.0 -0.0 -0.0 -0.0 -0.0 -0.0 -0.0; -0.0 -0.0 -0.0 0.0 -0.0 -0.0 -0.0 -0.0 -0.0 -0.0; -0.0 -0.0 -0.0 -0.0 -0.0 0.0 -0.0 -0.0 -0.0 -0.0; -0.0 -0.0 -0.0 -0.0 -0.0 -0.0 -0.0 0.0 -0.0 -0.0; -0.0 -0.0 -0.0 -0.0 -0.0 -0.0 -0.0 26.0 -0.0 -0.0; -0.0 -0.0 -0.0 -0.0 -0.0 -0.0 -0.0 -0.0 0.0 27.0;;;]]
x_bb,"[0.0, 0.0, 0.0, 0.0, 26.0, 27.0]"
x_box,"[0.0, -0.0, -0.0, -0.0, 23.0, 30.0]"
evol_zeta,"[[2.197, 27.0], [2.282, 21.25], [2.358, 19.333333333333336], [2.54, 17.166666666666664], [2.804, 16.666666666666664], [2.963, 16.5], [3.183, 15.166666666666666], [3.446, 16.0], [4.969, 16.4], [5.748, 15.600000000000001], [6.983, 14.142857142857144], [8.322, 14.166666668183332], [10.087, 14.0], [12.766, 14.0], [16.043, 12.857142857142854], [19.562, 14.666666666666668], [23.472, 12.571428571428575], [27.421, 13.666666666666663], [36.014, 12.833333333333334], [42.057, 12.666666666666666], [50.701, 12.571428571428571], [65.81, 12.833333333333334], [75.567, 12.666666666666668], [90.963, 13.0], [105.668, 12.142857142857144], [125.484, 12.333333333333332], [145.424, 11.571428571428571], [159.689, 11.000000001200005], [177.651, 10.4], [220.592, 10.8], [237.787, 12.0], [298.465, 10.99999999999999], [343.183, 11.333333333333332], [406.484, 11.428571428571429], [436.846, 12.142857142857144], [486.315, 10.5], [545.948, 11.0], [596.094, 10.333333333333334], [692.114, 10.166666666666668], [760.891, 10.6], [891.289, 9.666666666666663], [1008.432, 10.000000000000002], [1158.361, 10.666666666666666], [1305.014, 11.0], [1592.678, 9.714285714285714], [1761.152, 8.833333334316666], [1938.807, 9.666666666666666], [2168.508, 7.833333334216661], [2465.443, 10.166666666666668], [3135.926, 9.714285714285715], [3440.752, 9.33333333436667], [3600.033, 0.0]]"
ξ_box,[17.0 3.0 22.0 14.0; 10.0 6.0 16.0 7.0; 6.0 13.0 11.0 3.0; 3.0 17.0 13.0 -0.0; 28.0 14.0 10.0 20.0; 18.0 17.0 0.0 13.0; 20.0 13.0 0.0 19.0; 20.0 14.0 25.0 14.0; 5.0 17.0 20.0 16.0; 3.0 18.0 16.0 27.0]
