first,second
s_box,[27.0; 16.0; 23.0; 0.0; 0.0; 20.0; 19.0; 20.0; 6.0; 5.0;;]
x_pb,"[-0.0, -0.0, 37.0, -0.0, -0.0, 18.0]"
s_bb,[27.0; 16.0; 23.0; 0.0; 0.0; 20.0; 19.0; 20.0; 6.0; 5.0;;]
partition_bb,"[[[27.0, 16.0, 0.0, 0.0, 0.0, 0.0, 0.0, 0.0, 0.0, 12.0], [0.0, 0.0, 23.0, 15.0, 15.0, 5.0, 1.0, 0.0, 0.0, 0.0], [0.0, 0.0, 7.0, 0.0, 4.0, 5.0, 13.0, 20.0, 6.0, 0.0], [0.0, 0.0, 2.0, 10.0, 10.0, 20.0, 12.0, 5.0, 1.0, 0.0], [0.0, 0.0, 0.0, 0.0, 0.0, 0.0, 0.0, 0.0, 6.0, 23.0], [0.0, 0.0, 0.0, 5.0, 5.0, 11.0, 19.0, 12.0, 4.0, 0.0], [0.0, 0.0, 11.0, 19.0, 15.0, 9.0, 5.0, 0.0, 0.0, 0.0], [0.0, 0.0, 10.0, 14.0, 18.0, 8.0, 4.0, 2.0, 0.0, 0.0]]]"
y_box,[0.0 0.0 -0.0 -0.0 -0.0 -0.0 -0.0 -0.0 -0.0 -0.0; -0.0 -0.0 -0.0 -0.0 -0.0 -0.0 -0.0 -0.0 -0.0 -0.0; -0.0 -0.0 0.0 19.0 18.0 0.0 -0.0 -0.0 -0.0 -0.0; -0.0 -0.0 -0.0 -0.0 -0.0 -0.0 0.0 0.0 -0.0 -0.0; -0.0 -0.0 -0.0 -0.0 -0.0 -0.0 -0.0 -0.0 0.0 -0.0; -0.0 -0.0 -0.0 -0.0 -0.0 -0.0 -0.0 -0.0 -0.0 18.0;;;]
evol_bb,"[[0.277, 1.5870275997912716e7]]"
y_bb,[0.0 0.0 -0.0 -0.0 -0.0 -0.0 -0.0 -0.0 -0.0 -0.0; -0.0 -0.0 -0.0 -0.0 -0.0 -0.0 -0.0 -0.0 -0.0 -0.0; -0.0 -0.0 0.0 19.0 18.0 0.0 -0.0 -0.0 -0.0 -0.0; -0.0 -0.0 -0.0 -0.0 -0.0 -0.0 0.0 0.0 -0.0 -0.0; -0.0 -0.0 -0.0 -0.0 -0.0 -0.0 -0.0 -0.0 0.0 -0.0; -0.0 -0.0 -0.0 -0.0 -0.0 -0.0 -0.0 -0.0 -0.0 18.0;;;]
evol_box,"[[0.396, 0.0], [1.948, 453.45101637326434], [2.023, 6.885063885757932e6], [2.027, 1.1319339534758791e7], [2.033, 1.3069718065248696e7], [2.038, 1.4353301536738163e7], [2.043, 1.5053452948934125e7], [2.049, 1.552021134623259e7], [2.054, 1.5870275997912716e7]]"
y_pb,[[0.0 -0.0 -0.0 -0.0 -0.0 -0.0 -0.0 -0.0 -0.0 -0.0; -0.0 -0.0 0.0 -0.0 -0.0 -0.0 -0.0 -0.0 -0.0 -0.0; -0.0 -0.0 -0.0 19.0 18.0 -0.0 -0.0 -0.0 -0.0 -0.0; -0.0 -0.0 -0.0 -0.0 -0.0 -0.0 0.0 -0.0 -0.0 -0.0; -0.0 -0.0 -0.0 -0.0 -0.0 -0.0 -0.0 -0.0 0.0 -0.0; -0.0 -0.0 -0.0 -0.0 -0.0 -0.0 -0.0 -0.0 -0.0 18.0;;;]]
x_bb,"[0.0, 0.0, 37.0, 0.0, 0.0, 18.0]"
x_box,"[0.0, 0.0, 37.0, 0.0, 0.0, 18.0]"
evol_zeta,"[[1.596, 27.0], [2.022, 22.2], [2.026, 20.0], [2.031, 14.285714285714288], [2.036, 11.0], [2.042, 5.833333333333336], [2.047, 3.1999999999999806], [2.052, 2.833333333333332], [2.057, 0.0]]"
ξ_box,[27.0; 16.0; 23.0; 19.0; 18.0; 20.0; 19.0; 20.0; 6.0; 23.0;;]
