first,second
s_box,[23.0 10.0 -0.0; 28.0 23.0 0.0; 1.0 1.0 1.0; 18.0 15.0 20.0; 14.0 3.0 14.0; 8.0 4.0 8.0; 9.999994207355298 21.0 20.0; -0.0 7.0 14.0; -0.0 -0.0 -0.0; 3.0 21.0 28.0]
x_pb,"[0.0, -0.0, -0.0, -0.0, -0.0, 50.0]"
s_bb,[32.0 -0.0 -0.0; 28.0 -0.0 -0.0; 8.0 -0.0 -0.0; 21.0 -0.0 -0.0; 14.0 -0.0 -0.0; 8.0 -0.0 -0.0; 24.0 -0.0 -0.0; 2.0 -0.0 -0.0; 0.0 -0.0 -0.0; 28.0 -0.0 -0.0]
partition_bb,"[[[32.0, 19.0, 0.0, 0.0, 0.0, 0.0, 0.0, 0.0, 0.0, 0.0], [0.0, 0.0, 0.0, 0.0, 0.0, 0.0, 0.0, 1.0, 22.0, 28.0], [0.0, 0.0, 0.0, 0.0, 0.0, 4.0, 18.0, 26.0, 5.0, 0.0], [0.0, 0.0, 8.0, 21.0, 10.0, 8.0, 0.0, 3.0, 0.0, 0.0], [15.0, 28.0, 2.0, 0.0, 0.0, 0.0, 0.0, 5.0, 0.0, 0.0], [0.0, 0.0, 0.0, 0.0, 4.0, 7.0, 24.0, 16.0, 0.0, 0.0], [0.0, 0.0, 8.0, 21.0, 14.0, 8.0, 0.0, 0.0, 0.0, 0.0], [0.0, 0.0, 0.0, 0.0, 0.0, 0.0, 0.0, 5.0, 26.0, 20.0]], Vector{Float64}[], Vector{Float64}[]]"
y_box,[9.0 -0.0 -0.0 -0.0 -0.0 -0.0 -0.0 -0.0 -0.0 -0.0; -0.0 -0.0 -0.0 -0.0 -0.0 -0.0 -0.0 -0.0 -0.0 -0.0; -0.0 -0.0 7.0 -0.0 -0.0 -0.0 -0.0 -0.0 -0.0 -0.0; -0.0 -0.0 -0.0 -0.0 -0.0 -0.0 -0.0 -0.0 -0.0 -0.0; -0.0 -0.0 -0.0 -0.0 -0.0 -0.0 -0.0 -0.0 -0.0 -0.0; -0.0 -0.0 -0.0 -0.0 -0.0 -0.0 -0.0 13.0 13.0 8.0;;; 9.0 -0.0 -0.0 -0.0 -0.0 -0.0 -0.0 -0.0 -0.0 -0.0; -0.0 -0.0 -0.0 -0.0 -0.0 -0.0 -0.0 -0.0 -0.0 -0.0; -0.0 -0.0 7.0 -0.0 -0.0 -0.0 -0.0 -0.0 -0.0 -0.0; -0.0 -0.0 -0.0 -0.0 -0.0 -0.0 -0.0 -0.0 -0.0 -0.0; -0.0 -0.0 -0.0 -0.0 -0.0 -0.0 -0.0 -0.0 -0.0 -0.0; -0.0 -0.0 -0.0 -0.0 1.0 -0.0 -0.0 11.0 21.0 -0.0;;; 0.0 8.0 -0.0 1.0 -0.0 -0.0 -0.0 -0.0 -0.0 -0.0; -0.0 -0.0 -0.0 -0.0 -0.0 -0.0 -0.0 -0.0 -0.0 -0.0; -0.0 -0.0 7.0 -0.0 -0.0 -0.0 -0.0 -0.0 -0.0 -0.0; -0.0 -0.0 -0.0 -0.0 -0.0 -0.0 -0.0 -0.0 -0.0 -0.0; -0.0 -0.0 -0.0 -0.0 -0.0 -0.0 -0.0 -0.0 -0.0 -0.0; -0.0 -0.0 -0.0 -0.0 0.0 -0.0 -0.0 12.0 22.0 -0.0]
evol_bb,"[[8.575, 1.9681988076863516e7]]"
y_bb,[0.0 -0.0 -0.0 -0.0 -0.0 -0.0 -0.0 -0.0 -0.0 -0.0; -0.0 0.0 -0.0 -0.0 -0.0 -0.0 -0.0 -0.0 -0.0 -0.0; -0.0 -0.0 0.0 0.0 -0.0 -0.0 -0.0 -0.0 -0.0 -0.0; -0.0 -0.0 -0.0 -0.0 0.0 0.0 -0.0 -0.0 -0.0 -0.0; -0.0 -0.0 -0.0 -0.0 -0.0 -0.0 -0.0 -0.0 -0.0 -0.0; -0.0 -0.0 -0.0 -0.0 -0.0 -0.0 0.0 24.0 26.0 0.0;;; -0.0 -0.0 -0.0 -0.0 -0.0 -0.0 -0.0 -0.0 -0.0 -0.0; -0.0 -0.0 -0.0 -0.0 -0.0 -0.0 -0.0 -0.0 -0.0 -0.0; -0.0 -0.0 -0.0 -0.0 -0.0 -0.0 -0.0 -0.0 -0.0 -0.0; -0.0 -0.0 -0.0 -0.0 -0.0 -0.0 -0.0 -0.0 -0.0 -0.0; -0.0 -0.0 -0.0 -0.0 -0.0 -0.0 -0.0 -0.0 -0.0 -0.0; -0.0 -0.0 -0.0 -0.0 -0.0 -0.0 -0.0 -0.0 -0.0 -0.0;;; -0.0 -0.0 -0.0 -0.0 -0.0 -0.0 -0.0 -0.0 -0.0 -0.0; -0.0 -0.0 -0.0 -0.0 -0.0 -0.0 -0.0 -0.0 -0.0 -0.0; -0.0 -0.0 -0.0 -0.0 -0.0 -0.0 -0.0 -0.0 -0.0 -0.0; -0.0 -0.0 -0.0 -0.0 -0.0 -0.0 -0.0 -0.0 -0.0 -0.0; -0.0 -0.0 -0.0 -0.0 -0.0 -0.0 -0.0 -0.0 -0.0 -0.0; -0.0 -0.0 -0.0 -0.0 -0.0 -0.0 -0.0 -0.0 -0.0 -0.0]
evol_box,"[[0.793, 0.0], [3.864, 120143.7572843459], [4.026, 122335.81467126822], [4.095, 358640.1165390451], [4.234, 5.249113673321021e6], [4.399, 5.24911367332102e6], [4.606, 5.24911367332102e6], [4.767, 5.726831704871636e6], [4.972, 6.203329884637303e6], [5.214, 6.203329884637319e6], [5.455, 6.322617645604284e6], [5.78, 7.515394152148789e6], [6.323, 7.515394152148789e6], [6.76, 7.6347285353358e6], [7.373, 7.873233568927137e6], [8.015, 8.111758678401483e6], [8.592, 8.2310934153267415e6], [9.79, 8.350451556655483e6], [10.485, 8.469617091420185e6], [11.562, 8.46969479705356e6], [13.259, 8.46969591712302e6], [14.1, 8.708181072873926e6], [15.027, 8.70819421895931e6], [16.017, 8.946785655223653e6], [17.806, 9.066105708437756e6], [20.107, 9.42387467541711e6], [21.904, 9.543155855827097e6], [23.602, 9.543176117288962e6], [26.024, 9.900984600966714e6], [29.658, 9.901099921916936e6], [32.919, 1.0139526123199273e7], [37.295, 1.0139650740072805e7], [41.152, 1.0139654694344869e7], [44.48, 1.025887348229653e7], [48.877, 1.0258909896158634e7], [52.766, 1.0378154662706517e7], [57.041, 1.0378159146453386e7], [62.107, 1.073596719807459e7], [68.7, 1.0855213205659198e7], [73.841, 1.0855263626535468e7], [80.868, 1.085528014912486e7], [86.214, 1.0855306101963338e7], [92.855, 1.0974520345120687e7], [100.433, 1.0974521407868054e7], [108.777, 1.1093788188651172e7], [120.396, 1.1093869805031173e7], [130.78, 1.1213081738378037e7], [138.268, 1.1213087796608914e7], [148.679, 1.1213113670785166e7], [158.89, 1.1332317564626144e7], [167.613, 1.133237356197691e7], [184.369, 1.1332404105986418e7], [198.07, 1.1451603835704383e7], [213.023, 1.1451650157428889e7], [233.164, 1.1451685286396405e7], [250.065, 1.157093958405013e7], [265.754, 1.157094584735557e7], [284.363, 1.1570968497116383e7], [313.733, 1.1571050340220938e7], [335.735, 1.1690198213806735e7], [361.601, 1.1690202336912362e7], [383.985, 1.1690251308469625e7], [414.267, 1.1690290813780028e7], [459.869, 1.1809452467602596e7], [493.504, 1.1809492731096227e7], [526.098, 1.18095300772669e7], [571.491, 1.1809543259030981e7], [620.913, 1.1928777067049216e7], [676.412, 1.1928848385864355e7], [714.769, 1.1928822884930732e7], [748.457, 1.1928846817001224e7], [812.837, 1.2167322935446687e7], [909.062, 1.216733942786919e7], [995.445, 1.2167372368856331e7], [1070.941, 1.216741385276771e7], [1150.072, 1.2286567007906042e7], [1248.86, 1.2286585035662422e7], [1347.523, 1.2286622561626688e7], [1452.587, 1.228665354926632e7], [1675.274, 1.2286696081064893e7], [1776.929, 1.2405858369652534e7], [1997.235, 1.2405889419372287e7], [2144.204, 1.2405893542477913e7], [2266.968, 1.2405895077811787e7], [2410.903, 1.2405895224748041e7], [2601.879, 1.2405904185666798e7], [2759.033, 1.2405969440224662e7], [2962.043, 1.2525180781118777e7], [3489.82, 1.2525191673003638e7], [3600.045, 1.2525243929873398e7]]"
y_pb,[[0.0 -0.0 -0.0 -0.0 -0.0 -0.0 -0.0 -0.0 -0.0 -0.0; 0.0 -0.0 -0.0 -0.0 -0.0 -0.0 -0.0 -0.0 -0.0 -0.0; -0.0 -0.0 0.0 -0.0 -0.0 -0.0 -0.0 -0.0 -0.0 -0.0; -0.0 -0.0 -0.0 -0.0 -0.0 0.0 -0.0 -0.0 -0.0 -0.0; -0.0 -0.0 -0.0 -0.0 -0.0 0.0 -0.0 -0.0 -0.0 -0.0; -0.0 -0.0 -0.0 -0.0 -0.0 -0.0 -0.0 24.0 26.0 -0.0;;;]]
x_bb,"[0.0, 0.0, 0.0, 0.0, 0.0, 50.0]"
x_box,"[9.0, -0.0, 7.0, -0.0, -0.0, 34.0]"
evol_zeta,"[[3.181, 31.5], [4.005, 27.66666666666667], [4.047, 24.25], [4.109, 21.0], [4.256, 17.75000000187501], [4.418, 17.333333333333336], [4.634, 16.4], [4.784, 17.25], [4.992, 15.399999999999993], [5.231, 13.600000000000001], [5.467, 15.999999999999972], [5.793, 14.75], [6.336, 12.8], [6.777, 13.25], [7.383, 13.28571428714286], [8.027, 13.571428571428571], [8.606, 12.5], [9.801, 13.0], [10.504, 10.4], [11.573, 11.5], [13.273, 10.25], [14.11, 12.499999999999995], [15.039, 11.0], [16.03, 10.799999999999999], [17.815, 13.285714285714286], [20.123, 10.25], [21.916, 11.0], [23.615, 10.4], [26.035, 9.857142679611007], [29.666, 10.285714285714285], [32.933, 10.285714285714285], [37.312, 9.833333333333336], [41.162, 10.499998949128146], [44.494, 10.333333333333334], [48.887, 8.499999999999996], [52.782, 8.0], [57.054, 8.600000000000001], [62.121, 8.25], [68.711, 10.166666666666663], [73.852, 9.0], [80.879, 9.0], [86.232, 8.250000000000004], [92.867, 8.000000000000002], [100.445, 9.0], [108.794, 8.0], [120.414, 8.8], [130.792, 8.2], [138.284, 7.250000000000005], [148.692, 8.600000000000001], [158.902, 9.6], [167.627, 8.000000000900002], [184.391, 6.199999999999999], [198.086, 9.399999999999999], [213.035, 8.0000001998202], [233.176, 9.857142857142861], [250.082, 7.0], [265.769, 9.0], [284.376, 9.285714285714286], [313.749, 7.0], [335.751, 8.166666666666666], [361.615, 7.400000000000006], [383.998, 8.500000000000002], [414.286, 7.9999999999999964], [459.886, 7.6], [493.519, 8.2], [526.115, 7.75], [571.509, 7.000000000000013], [620.927, 6.0], [676.423, 7.799999999999999], [714.783, 5.75], [748.475, 5.0], [812.854, 5.999999999999999], [909.08, 5.0], [995.46, 6.999999999999994], [1070.96, 5.800000000000001], [1150.085, 6.8000000007800026], [1248.876, 6.199999999999999], [1347.544, 6.4], [1452.602, 8.285714285714286], [1675.289, 7.0], [1776.943, 6.0], [1997.258, 4.25], [2144.218, 5.25], [2266.989, 5.0], [2410.92, 7.833333333333333], [2601.895, 6.6666666666666705], [2759.049, 5.250000000000003], [2962.055, 6.750000000775003], [3489.835, 7.8333333333333375], [3600.06, 0.0]]"
ξ_box,[32.0 19.0 0.0; 28.0 23.0 8.0; 8.0 8.0 8.0; 18.0 15.0 21.0; 14.0 4.0 14.0; 8.0 4.0 8.0; 9.999994212355297 21.0 20.0; 13.0 18.0 26.0; 13.0 21.0 22.0; 11.0 21.0 28.0]
