first,second
s_box,[0.0; 29.0; 9.0; 18.0; 18.0; 19.0; 22.0; 16.0; 21.0; 22.0;;]
x_pb,"[24.0, -0.0, -0.0, 17.0, -0.0, 0.0]"
s_bb,[0.0; 29.0; 9.0; 18.0; 18.0; 19.0; 22.0; 16.0; 21.0; 22.0;;]
partition_bb,"[[[3.0, 29.0, 8.0, 4.0, 1.0, 0.0, 0.0, 0.0, 0.0, 0.0], [0.0, 0.0, 0.0, 0.0, 0.0, 0.0, 1.0, 3.0, 16.0, 22.0], [24.0, 0.0, 0.0, 0.0, 0.0, 0.0, 0.0, 0.0, 0.0, 0.0], [0.0, 0.0, 0.0, 0.0, 0.0, 3.0, 22.0, 14.0, 4.0, 1.0], [0.0, 5.0, 26.0, 9.0, 4.0, 1.0, 0.0, 0.0, 0.0, 0.0], [0.0, 0.0, 0.0, 10.0, 13.0, 19.0, 0.0, 0.0, 0.0, 0.0], [0.0, 0.0, 1.0, 18.0, 13.0, 9.0, 0.0, 0.0, 0.0, 0.0], [0.0, 0.0, 0.0, 13.0, 18.0, 12.0, 0.0, 0.0, 0.0, 0.0], [0.0, 0.0, 0.0, 0.0, 0.0, 0.0, 3.0, 5.0, 21.0, 15.0], [0.0, 0.0, 0.0, 0.0, 0.0, 0.0, 8.0, 16.0, 0.0, 0.0]]]"
y_box,[24.0 -0.0 -0.0 -0.0 -0.0 -0.0 -0.0 -0.0 -0.0 -0.0; -0.0 0.0 -0.0 -0.0 -0.0 -0.0 -0.0 -0.0 -0.0 -0.0; -0.0 -0.0 -0.0 -0.0 -0.0 -0.0 -0.0 -0.0 -0.0 -0.0; -0.0 -0.0 17.0 0.0 -0.0 -0.0 -0.0 -0.0 -0.0 -0.0; -0.0 -0.0 -0.0 -0.0 0.0 0.0 -0.0 -0.0 -0.0 -0.0; -0.0 -0.0 -0.0 -0.0 -0.0 -0.0 0.0 0.0 0.0 0.0;;;]
evol_bb,"[[0.294, 1.9986732980411146e7]]"
y_bb,[24.0 -0.0 -0.0 -0.0 -0.0 -0.0 -0.0 -0.0 -0.0 -0.0; -0.0 0.0 -0.0 -0.0 -0.0 -0.0 -0.0 -0.0 -0.0 -0.0; -0.0 -0.0 -0.0 -0.0 -0.0 -0.0 -0.0 -0.0 -0.0 -0.0; -0.0 -0.0 17.0 0.0 -0.0 -0.0 -0.0 -0.0 -0.0 -0.0; -0.0 -0.0 -0.0 -0.0 0.0 0.0 -0.0 -0.0 -0.0 -0.0; -0.0 -0.0 -0.0 -0.0 -0.0 -0.0 0.0 0.0 0.0 0.0;;;]
evol_box,"[[0.422, 0.0], [2.097, 460223.616801016], [2.172, 5.284559426008331e6], [2.178, 8.730022266467078e6], [2.184, 1.2405706692529796e7], [2.189, 1.6081389390165368e7], [2.194, 1.7804295352436412e7], [2.198, 1.860835132063763e7], [2.203, 1.918267701220993e7], [2.207, 1.9757002703782227e7], [2.212, 1.9986732980411146e7]]"
y_pb,[[24.000000000000004 -0.0 -0.0 -0.0 -0.0 -0.0 -0.0 -0.0 -0.0 -0.0; 0.0 -0.0 -0.0 -0.0 -0.0 -0.0 -0.0 -0.0 -0.0 -0.0; -0.0 -0.0 0.0 -0.0 -0.0 -0.0 -0.0 -0.0 -0.0 -0.0; -0.0 -0.0 17.0 -0.0 -0.0 -0.0 -0.0 -0.0 -0.0 -0.0; -0.0 -0.0 -0.0 -0.0 -0.0 0.0 -0.0 -0.0 -0.0 -0.0; -0.0 -0.0 -0.0 -0.0 -0.0 -0.0 -0.0 -0.0 -0.0 -0.0;;;]]
x_bb,"[24.0, 0.0, 0.0, 17.0, 0.0, 0.0]"
x_box,"[24.0, 0.0, 0.0, 17.0, 0.0, 0.0]"
evol_zeta,"[[1.708, 28.2], [2.171, 21.75], [2.177, 21.000000000000007], [2.182, 20.4], [2.188, 16.33333333333333], [2.193, 14.2], [2.197, 6.666666666666667], [2.202, 5.0], [2.206, 4.25], [2.211, 1.9999999999999973], [2.214, 0.0]]"
ξ_box,[24.0; 29.0; 26.0; 18.0; 18.0; 19.0; 22.0; 16.0; 21.0; 22.0;;]
