first,second
s_box,[19.0 18.0; 27.0 18.0; -0.0 11.0; 7.0 7.0; 3.0 3.0; 1.0 1.0; 8.0 8.0; 13.0 13.0; 16.0 15.999999999999998; -0.0 -0.0]
x_pb,"[-0.0, -0.0, -0.0, 8.0, -0.0, 29.0]"
s_bb,[-0.0 18.0; 27.0 18.0; 11.0 11.0; 7.0 7.0; 3.0 3.0; 1.0 1.0; 8.0 8.0; 13.0 13.0; 7.0 16.0; 17.0 -0.0]
partition_bb,"[[[27.0, 11.0, 0.0, 0.0, 0.0, 0.0, 0.0, 0.0, 0.0, 0.0], [19.0, 3.0, 0.0, 0.0, 0.0, 0.0, 0.0, 0.0, 0.0, 17.0], [19.0, 3.0, 0.0, 0.0, 0.0, 0.0, 0.0, 0.0, 17.0, 0.0], [0.0, 0.0, 11.0, 6.0, 3.0, 1.0, 0.0, 9.0, 7.0, 0.0], [11.0, 27.0, 0.0, 0.0, 0.0, 0.0, 0.0, 0.0, 0.0, 0.0], [24.0, 8.0, 0.0, 0.0, 0.0, 0.0, 7.0, 0.0, 0.0, 0.0], [20.0, 4.0, 0.0, 0.0, 0.0, 0.0, 3.0, 12.0, 0.0, 0.0], [20.0, 4.0, 2.0, 7.0, 3.0, 1.0, 0.0, 0.0, 0.0, 0.0], [0.0, 0.0, 11.0, 6.0, 3.0, 0.0, 8.0, 9.0, 0.0, 0.0], [0.0, 0.0, 11.0, 6.0, 3.0, 1.0, 4.0, 13.0, 0.0, 0.0]], [[0.0, 0.0, 0.0, 0.0, 0.0, 0.0, 0.0, 0.0, 8.0, 29.0], [2.0, 18.0, 0.0, 0.0, 0.0, 0.0, 0.0, 0.0, 0.0, 18.0], [2.0, 18.0, 0.0, 0.0, 0.0, 1.0, 4.0, 13.0, 0.0, 0.0], [17.0, 1.0, 2.0, 0.0, 0.0, 1.0, 4.0, 13.0, 0.0, 0.0], [0.0, 0.0, 0.0, 0.0, 0.0, 1.0, 4.0, 13.0, 21.0, 0.0], [0.0, 0.0, 10.0, 7.0, 3.0, 0.0, 8.0, 9.0, 0.0, 0.0], [0.0, 0.0, 0.0, 0.0, 0.0, 0.0, 4.0, 7.0, 24.0, 3.0], [0.0, 0.0, 11.0, 6.0, 3.0, 0.0, 0.0, 0.0, 0.0, 18.0], [18.0, 2.0, 0.0, 0.0, 0.0, 0.0, 0.0, 0.0, 0.0, 18.0]]]"
y_box,[0.0 -0.0 -0.0 -0.0 -0.0 -0.0 -0.0 -0.0 -0.0 -0.0; 0.0 -0.0 -0.0 -0.0 -0.0 -0.0 -0.0 -0.0 -0.0 -0.0; -0.0 -0.0 -0.0 -0.0 -0.0 -0.0 -0.0 -0.0 -0.0 -0.0; 8.0 -0.0 0.0 -0.0 -0.0 -0.0 -0.0 -0.0 -0.0 -0.0; -0.0 -0.0 -0.0 -0.0 -0.0 -0.0 -0.0 -0.0 0.0 -0.0; -0.0 0.0 11.0 -0.0 -0.0 -0.0 -0.0 -0.0 1.0 17.0;;; 0.0 -0.0 -0.0 -0.0 -0.0 -0.0 -0.0 -0.0 -0.0 -0.0; -0.0 -0.0 -0.0 -0.0 -0.0 -0.0 -0.0 -0.0 -0.0 -0.0; -0.0 -0.0 0.0 -0.0 0.0 -0.0 0.0 -0.0 -0.0 -0.0; -0.0 -0.0 -0.0 -0.0 -0.0 -0.0 -0.0 0.0 8.0 -0.0; -0.0 -0.0 -0.0 -0.0 -0.0 -0.0 -0.0 -0.0 0.0 -0.0; -0.0 -0.0 -0.0 -0.0 -0.0 -0.0 -0.0 -0.0 -0.0 29.0]
evol_bb,"[[0.912, 1.4942312036287805e7], [2.788, 1.4942312036287803e7], [23.206, 1.4813170820112515e7], [24.376, 1.4677850318831382e7], [114.118, 1.4545619460103171e7], [172.524, 1.4148956883918539e7], [172.629, 1.4016731025190331e7], [219.969, 1.3620003449005697e7], [225.933, 1.3224968645915762e7], [225.952, 1.3092955654691238e7], [250.276, 1.3091115014092855e7], [270.861, 1.2960103178770477e7], [321.6, 1.2958889155364646e7], [321.645, 1.2958889155364644e7], [331.528, 1.269618847963997e7], [356.438, 1.269444371672882e7], [389.173, 1.2694443716728818e7], [389.813, 1.2694387437908221e7], [391.915, 1.2563997030981954e7], [404.674, 1.2562156579180012e7]]"
y_bb,[-0.0 -0.0 0.0 -0.0 -0.0 -0.0 -0.0 -0.0 -0.0 -0.0; -0.0 -0.0 -0.0 -0.0 0.0 -0.0 -0.0 -0.0 -0.0 -0.0; -0.0 -0.0 -0.0 0.0 0.0 -0.0 -0.0 -0.0 -0.0 -0.0; 8.0 -0.0 -0.0 -0.0 -0.0 0.0 -0.0 -0.0 -0.0 -0.0; -0.0 -0.0 -0.0 0.0 -0.0 -0.0 -0.0 -0.0 -0.0 -0.0; 19.0 0.0 0.0 -0.0 0.0 -0.0 0.0 0.0 10.0 0.0;;; 0.0 0.0 -0.0 -0.0 -0.0 -0.0 -0.0 -0.0 -0.0 -0.0; -0.0 0.0 -0.0 -0.0 -0.0 -0.0 -0.0 -0.0 -0.0 -0.0; -0.0 -0.0 0.0 0.0 0.0 0.0 0.0 -0.0 -0.0 -0.0; -0.0 -0.0 -0.0 -0.0 -0.0 -0.0 -0.0 -0.0 8.0 -0.0; -0.0 -0.0 -0.0 -0.0 -0.0 -0.0 -0.0 -0.0 0.0 0.0; -0.0 -0.0 -0.0 -0.0 -0.0 -0.0 -0.0 -0.0 -0.0 29.0]
evol_box,"[[0.44, 0.0], [2.106, 224.99999999254942], [2.218, 132990.77258242], [2.232, 2.644842174564213e6], [2.272, 2.644842174564213e6], [2.287, 4.0996140040357197e6], [2.313, 4.62838614364647e6], [2.396, 5.686233013472156e6], [2.481, 5.950613642769479e6], [2.567, 6.215266190598209e6], [2.643, 7.2729222300515855e6], [2.796, 8.198617775934875e6], [2.93, 8.727461676061904e6], [3.039, 8.72752923370308e6], [3.142, 8.727565627805907e6], [3.37, 9.520901828431165e6], [3.519, 9.653077402640847e6], [3.659, 9.785308545887588e6], [3.861, 1.0049830263344003e7], [4.119, 1.018207995853401e7], [4.317, 1.0314276980800431e7], [4.534, 1.044646283952864e7], [4.828, 1.0578782831393708e7], [5.081, 1.0975386274441484e7], [5.427, 1.0975386274441484e7], [5.612, 1.0975436297497958e7], [5.868, 1.1239847991897903e7], [6.088, 1.1239847991897903e7], [6.348, 1.1239892991897905e7], [6.591, 1.1239899270718502e7], [6.961, 1.1372157687087905e7], [7.253, 1.1504354709354328e7], [7.544, 1.1504363791683426e7], [7.764, 1.1636540568082536e7], [8.002, 1.1636585568082538e7], [8.296, 1.1901002285538957e7], [8.518, 1.1901002285538955e7], [8.81, 1.190100228553896e7], [9.183, 1.190106984318015e7], [9.504, 1.1901113109795457e7], [9.763, 1.2033233144267172e7], [10.02, 1.203325814426717e7], [10.26, 1.203326814426717e7], [10.546, 1.216546400299538e7], [10.78, 1.216546400299538e7], [11.089, 1.216547900299538e7], [11.372, 1.216548900299538e7], [11.621, 1.2165496683570225e7], [11.975, 1.216549900299538e7], [12.272, 1.2165537839457167e7], [12.632, 1.216554283945717e7], [12.937, 1.2165573509269191e7], [13.257, 1.229769486172359e7], [13.545, 1.2297694861723587e7], [13.842, 1.229769486172359e7], [14.25, 1.229771486172359e7], [14.568, 1.2297725261439618e7], [14.806, 1.229773486172359e7], [15.21, 1.2297757542298434e7], [15.52, 1.2297764977005977e7], [15.855, 1.2297773698185377e7], [16.172, 1.24299257204518e7], [16.471, 1.2429925720451802e7], [17.002, 1.24299257204518e7], [17.416, 1.2429925720451767e7], [17.783, 1.2429925720451798e7], [18.156, 1.24299507204518e7], [18.585, 1.2429963958966704e7], [18.971, 1.2429993278092993e7], [19.332, 1.2429993278093085e7], [19.688, 1.2430026081601495e7], [20.134, 1.2562156312237365e7], [20.583, 1.2562156579180012e7], [21.004, 1.2562156513210656e7], [21.302, 1.2562156579180012e7], [21.633, 1.256215657918001e7]]"
y_pb,[[0.0 -0.0 -0.0 -0.0 -0.0 -0.0 -0.0 -0.0 -0.0 -0.0; -0.0 0.0 -0.0 -0.0 -0.0 -0.0 -0.0 -0.0 -0.0 -0.0; -0.0 -0.0 0.0 -0.0 -0.0 -0.0 -0.0 -0.0 -0.0 -0.0; -0.0 -0.0 -0.0 -0.0 -0.0 -0.0 -0.0 -0.0 8.0 -0.0; -0.0 -0.0 -0.0 -0.0 -0.0 -0.0 -0.0 -0.0 0.0 -0.0; -0.0 -0.0 -0.0 -0.0 -0.0 -0.0 -0.0 -0.0 -0.0 29.000000000000004;;;]]
x_bb,"[0.0, -0.0, -0.0, 8.0, -0.0, 29.0]"
x_box,"[-0.0, 0.0, 0.0, 8.0, -0.0, 29.0]"
evol_zeta,"[[1.74, 29.0], [2.212, 26.500000000000007], [2.223, 17.66666666853334], [2.261, 16.333333333333332], [2.277, 16.333333333333332], [2.3, 15.666666666666666], [2.317, 13.0], [2.426, 13.0], [2.486, 13.0], [2.57, 13.0], [2.646, 10.0], [2.801, 11.000000000000027], [2.937, 10.0], [3.045, 10.0], [3.148, 9.75], [3.376, 8.600000000000003], [3.525, 10.25], [3.663, 7.999999999999999], [3.869, 8.000000000900002], [4.124, 11.5], [4.324, 8.8], [4.537, 10.333333333333332], [4.835, 5.5], [5.087, 5.5], [5.435, 5.0], [5.616, 5.0], [5.874, 5.0], [6.094, 7.666666666666671], [6.355, 5.75], [6.599, 4.000000000000003], [6.967, 4.666666666666668], [7.261, 4.0], [7.55, 3.500000000000005], [7.772, 3.6666666666666767], [8.01, 4.8], [8.301, 4.0], [8.521, 2.666666666666668], [8.816, 4.200000000000003], [9.198, 2.0], [9.511, 2.2000000000000006], [9.768, 2.0], [10.029, 2.5000000000000018], [10.266, 3.666666666666667], [10.552, 3.0], [10.787, 2.5], [11.096, 5.000000000000001], [11.38, 1.9999999999999984], [11.629, 1.3333333333333333], [11.983, 1.75], [12.276, 2.0], [12.637, 2.0], [12.945, 1.250002487950546], [13.264, 0.8000000000000007], [13.547, 2.3999999999999986], [13.85, 1.7499999999999991], [14.257, 3.000000000400007], [14.576, 1.9999963062715551], [14.814, 2.5000000000000018], [15.215, 1.8000000000000007], [15.527, 3.0], [15.86, 0.75], [16.178, 0.6666666666666629], [16.477, 3.6666666666666665], [17.018, 1.0000000002000036], [17.424, 1.0], [17.792, 1.0], [18.165, 1.0000000002000036], [18.592, 1.0], [18.978, 0.5], [19.345, 0.5000000001500098], [19.696, 1.6666666666666667], [20.141, 1.3333340051429161], [20.591, 1.0], [21.009, 1.0000000002000036], [21.31, 0.8], [21.64, 0.0]]"
ξ_box,[27.0 18.0; 27.0 18.0; 11.0 11.0; 7.0 7.0; 3.0 3.0; 1.0 1.0; 8.0 8.0; 13.0 13.0; 17.0 23.999999999999996; 17.0 29.0]
