first,second
s_box,[2.0 0.0 0.0 0.0 0.0; 12.0 12.0 0.0 0.0 12.0; 0.0 0.0 24.0 11.0 0.0; 0.0 11.0 5.0 0.0 11.0; 0.0 14.0 7.0 5.0 6.0; 0.0 9.0 0.0 6.0 14.0; 0.0 0.0 0.0 0.0 0.0; 0.0 0.0 0.0 12.0 0.0; 12.0 0.0 0.0 12.0 0.0; 20.0 0.0 0.0 0.0 4.0]
x_pb,"[18.0, -0.0, -0.0, -0.0, -0.0, 20.0]"
s_bb,[27.0 -0.0 -0.0 -0.0 -0.0; 12.0 -0.0 -0.0 -0.0 -0.0; 6.0 -0.0 -0.0 -0.0 -0.0; 11.0 -0.0 -0.0 -0.0 -0.0; 16.0 -0.0 -0.0 -0.0 -0.0; 19.0 -0.0 -0.0 -0.0 -0.0; 6.0 -0.0 -0.0 -0.0 -0.0; 12.0 -0.0 -0.0 -0.0 -0.0; 0.0 -0.0 -0.0 -0.0 -0.0; 20.0 -0.0 -0.0 -0.0 -0.0]
partition_bb,"[[[27.0, 11.0, 0.0, 0.0, 0.0, 0.0, 0.0, 0.0, 0.0, 0.0], [0.0, 0.0, 24.0, 10.0, 4.0, 0.0, 0.0, 0.0, 0.0, 0.0], [0.0, 0.0, 0.0, 0.0, 0.0, 0.0, 0.0, 5.0, 13.0, 20.0], [0.0, 0.0, 0.0, 5.0, 11.0, 19.0, 4.0, 0.0, 0.0, 0.0], [0.0, 0.0, 0.0, 0.0, 0.0, 8.0, 0.0, 12.0, 13.0, 5.0], [0.0, 0.0, 0.0, 0.0, 0.0, 0.0, 0.0, 7.0, 20.0, 12.0], [0.0, 0.0, 0.0, 10.0, 16.0, 8.0, 0.0, 0.0, 0.0, 4.0], [0.0, 0.0, 2.0, 0.0, 2.0, 10.0, 6.0, 0.0, 13.0, 5.0], [0.0, 12.0, 0.0, 0.0, 0.0, 8.0, 0.0, 1.0, 13.0, 5.0], [0.0, 0.0, 0.0, 11.0, 5.0, 0.0, 6.0, 12.0, 0.0, 4.0]], Vector{Float64}[], Vector{Float64}[], Vector{Float64}[], Vector{Float64}[]]"
y_box,[15.0 0.0 0.0 0.0 0.0 0.0 0.0 0.0 0.0 0.0; 0.0 0.0 0.0 0.0 0.0 0.0 0.0 0.0 0.0 0.0; 0.0 0.0 0.0 0.0 0.0 0.0 0.0 0.0 0.0 0.0; 0.0 0.0 0.0 0.0 0.0 0.0 0.0 0.0 0.0 0.0; 0.0 0.0 0.0 0.0 0.0 0.0 0.0 0.0 0.0 0.0; 10.0 1.0 0.0 0.0 0.0 0.0 0.0 12.0 0.0 0.0;;; 11.0 0.0 0.0 0.0 0.0 0.0 4.0 0.0 0.0 0.0; 0.0 0.0 0.0 0.0 0.0 0.0 0.0 0.0 0.0 0.0; 0.0 0.0 0.0 0.0 0.0 0.0 0.0 0.0 0.0 0.0; 0.0 0.0 0.0 0.0 0.0 0.0 0.0 0.0 0.0 0.0; 0.0 0.0 0.0 0.0 0.0 0.0 0.0 0.0 0.0 0.0; 1.0 0.0 0.0 0.0 0.0 10.0 0.0 12.0 0.0 0.0;;; 14.0 1.0 0.0 0.0 0.0 0.0 0.0 0.0 0.0 0.0; 0.0 0.0 0.0 0.0 0.0 0.0 0.0 0.0 0.0 0.0; 0.0 0.0 0.0 0.0 0.0 0.0 0.0 0.0 0.0 0.0; 0.0 0.0 0.0 0.0 0.0 0.0 0.0 0.0 0.0 0.0; 0.0 0.0 0.0 0.0 0.0 0.0 0.0 0.0 0.0 0.0; 3.0 0.0 0.0 5.0 0.0 15.0 0.0 0.0 0.0 0.0;;; 13.0 0.0 2.0 0.0 0.0 0.0 0.0 0.0 0.0 0.0; 0.0 0.0 0.0 0.0 0.0 0.0 0.0 0.0 0.0 0.0; 0.0 0.0 0.0 0.0 0.0 0.0 0.0 0.0 0.0 0.0; 0.0 0.0 0.0 0.0 0.0 0.0 0.0 0.0 0.0 0.0; 0.0 0.0 0.0 0.0 0.0 0.0 0.0 0.0 0.0 0.0; 0.0 0.0 0.0 11.0 0.0 6.0 0.0 0.0 0.0 6.0;;; 0.0 0.0 15.0 0.0 0.0 0.0 0.0 0.0 0.0 0.0; 0.0 0.0 0.0 0.0 0.0 0.0 0.0 0.0 0.0 0.0; 0.0 0.0 0.0 0.0 0.0 0.0 0.0 0.0 0.0 0.0; 0.0 0.0 0.0 0.0 0.0 0.0 0.0 0.0 0.0 0.0; 0.0 0.0 0.0 0.0 0.0 0.0 0.0 0.0 0.0 0.0; 0.0 0.0 0.0 0.0 0.0 0.0 0.0 0.0 12.0 11.0]
evol_bb,"[[228.102, 1.5152066702086145e7], [3122.036, 1.5152066702086143e7]]"
y_bb,[0.0 0.0 18.0 -0.0 -0.0 -0.0 -0.0 -0.0 -0.0 -0.0; -0.0 -0.0 -0.0 0.0 0.0 -0.0 -0.0 -0.0 -0.0 -0.0; -0.0 -0.0 -0.0 -0.0 -0.0 0.0 0.0 -0.0 -0.0 -0.0; -0.0 -0.0 -0.0 -0.0 -0.0 -0.0 -0.0 -0.0 -0.0 -0.0; -0.0 -0.0 -0.0 -0.0 -0.0 -0.0 -0.0 0.0 -0.0 -0.0; -0.0 -0.0 -0.0 -0.0 -0.0 -0.0 -0.0 -0.0 20.0 -0.0;;; -0.0 -0.0 -0.0 -0.0 -0.0 -0.0 -0.0 -0.0 -0.0 -0.0; -0.0 -0.0 -0.0 -0.0 -0.0 -0.0 -0.0 -0.0 -0.0 -0.0; -0.0 -0.0 -0.0 -0.0 -0.0 -0.0 -0.0 -0.0 -0.0 -0.0; -0.0 -0.0 -0.0 -0.0 -0.0 -0.0 -0.0 -0.0 -0.0 -0.0; -0.0 -0.0 -0.0 -0.0 -0.0 -0.0 -0.0 -0.0 -0.0 -0.0; -0.0 -0.0 -0.0 -0.0 -0.0 -0.0 -0.0 -0.0 -0.0 -0.0;;; -0.0 -0.0 -0.0 -0.0 -0.0 -0.0 -0.0 -0.0 -0.0 -0.0; -0.0 -0.0 -0.0 -0.0 -0.0 -0.0 -0.0 -0.0 -0.0 -0.0; -0.0 -0.0 -0.0 -0.0 -0.0 -0.0 -0.0 -0.0 -0.0 -0.0; -0.0 -0.0 -0.0 -0.0 -0.0 -0.0 -0.0 -0.0 -0.0 -0.0; -0.0 -0.0 -0.0 -0.0 -0.0 -0.0 -0.0 -0.0 -0.0 -0.0; -0.0 -0.0 -0.0 -0.0 -0.0 -0.0 -0.0 -0.0 -0.0 -0.0;;; -0.0 -0.0 -0.0 -0.0 -0.0 -0.0 -0.0 -0.0 -0.0 -0.0; -0.0 -0.0 -0.0 -0.0 -0.0 -0.0 -0.0 -0.0 -0.0 -0.0; -0.0 -0.0 -0.0 -0.0 -0.0 -0.0 -0.0 -0.0 -0.0 -0.0; -0.0 -0.0 -0.0 -0.0 -0.0 -0.0 -0.0 -0.0 -0.0 -0.0; -0.0 -0.0 -0.0 -0.0 -0.0 -0.0 -0.0 -0.0 -0.0 -0.0; -0.0 -0.0 -0.0 -0.0 -0.0 -0.0 -0.0 -0.0 -0.0 -0.0;;; -0.0 -0.0 -0.0 -0.0 -0.0 -0.0 -0.0 -0.0 -0.0 -0.0; -0.0 -0.0 -0.0 -0.0 -0.0 -0.0 -0.0 -0.0 -0.0 -0.0; -0.0 -0.0 -0.0 -0.0 -0.0 -0.0 -0.0 -0.0 -0.0 -0.0; -0.0 -0.0 -0.0 -0.0 -0.0 -0.0 -0.0 -0.0 -0.0 -0.0; -0.0 -0.0 -0.0 -0.0 -0.0 -0.0 -0.0 -0.0 -0.0 -0.0; -0.0 -0.0 -0.0 -0.0 -0.0 -0.0 -0.0 -0.0 -0.0 -0.0]
evol_box,"[[0.483, 0.0], [2.308, 1440.2920313559007], [2.422, 1440.2920313421637], [2.538, 2179.6220190053405], [2.749, 118052.47604855339], [2.946, 118052.47604855339], [3.301, 1.762114542642921e6], [3.482, 2.1145810734242275e6], [3.999, 2.1145810734242275e6], [4.735, 2.3498940096383155e6], [6.916, 2.3499358447263082e6], [7.6, 2.5842723477617707e6], [10.154, 3.524032191630041e6], [11.849, 3.5240321916300408e6], [13.395, 3.758840901601541e6], [18.896, 3.8764517967438153e6], [22.719, 3.9939080900856033e6], [29.073, 3.9942532457938436e6], [37.079, 4.228691447500337e6], [43.855, 4.346243926311272e6], [51.713, 4.34629029692226e6], [60.576, 4.46356742770813e6], [69.923, 4.463585733934419e6], [96.676, 4.463708571028391e6], [118.764, 4.581016578589686e6], [165.329, 4.698549050128981e6], [204.648, 4.816112024736348e6], [262.292, 4.933387679840874e6], [317.493, 4.933389656451438e6], [396.758, 4.933392484878562e6], [487.894, 4.933392484878562e6], [593.996, 4.933392484878562e6], [750.488, 5.168302406211854e6], [1113.113, 5.168355865079798e6], [1332.638, 5.285771629060723e6], [1795.634, 5.2858534508988e6], [2145.012, 5.403389949915096e6], [3459.93, 5.40349599931741e6], [3600.164, 5.520669554241915e6]]"
y_pb,[[-0.0 -0.0 18.0 -0.0 -0.0 -0.0 -0.0 -0.0 -0.0 -0.0; -0.0 -0.0 -0.0 -0.0 0.0 -0.0 -0.0 -0.0 -0.0 -0.0; -0.0 -0.0 -0.0 -0.0 -0.0 -0.0 0.0 -0.0 -0.0 -0.0; -0.0 -0.0 -0.0 -0.0 -0.0 -0.0 -0.0 0.0 -0.0 -0.0; -0.0 -0.0 -0.0 -0.0 -0.0 -0.0 -0.0 0.0 -0.0 -0.0; -0.0 -0.0 -0.0 -0.0 -0.0 -0.0 -0.0 -0.0 20.0 -0.0;;;]]
x_bb,"[18.0, 0.0, 0.0, 0.0, 0.0, 20.0]"
x_box,"[15.0, 0.0, 0.0, 0.0, 0.0, 23.0]"
evol_zeta,"[[1.893, 27.0], [2.413, 24.0], [2.453, 20.0], [2.579, 18.75], [2.77, 17.0], [2.969, 15.0], [3.313, 15.0], [3.498, 15.0], [4.042, 15.0], [4.768, 13.5], [6.936, 12.0], [7.623, 12.0], [10.18, 11.999999999999943], [11.895, 11.49999999999999], [13.412, 11.999999999999957], [18.939, 11.500001496251532], [22.738, 11.5], [29.115, 11.500001496251596], [37.108, 11.5], [43.885, 11.5], [51.757, 11.0], [60.599, 11.0], [69.944, 10.8], [96.7, 11.250002246327682], [118.785, 12.0], [165.355, 11.0], [204.664, 11.5], [262.315, 10.8], [317.544, 10.750000746475845], [396.784, 10.75000074647571], [487.92, 11.0], [594.023, 10.0], [750.523, 10.75], [1113.148, 9.25], [1332.677, 10.0], [1795.652, 10.6], [2145.037, 10.8], [3459.959, 10.0], [3600.182, 0.0]]"
ξ_box,[27.0 12.0 17.0 13.0 0.0; 12.0 12.0 1.0 -0.0 12.0; -0.0 0.0 24.0 13.0 15.0; -0.0 11.0 10.0 11.0 11.0; 0.0 14.0 7.0 5.0 6.0; 0.0 19.0 15.0 12.0 14.0; -0.0 4.0 -0.0 -0.0 -0.0; 11.0 12.0 0.0 12.0 0.0; 12.0 -0.0 -0.0 12.0 12.0; 20.0 -0.0 -0.0 4.0 15.0]
