first,second
s_box,[5.0 19.0 29.0; -0.0 7.0 2.0; -0.0 -0.0 3.0; -0.0 10.0 16.0; 9.99999550925812 15.0 12.0; 18.0 14.0 21.0; 13.0 8.0 13.0; 4.0 -0.0 4.0; 29.0 14.0 4.0; 25.0 17.0 -0.0]
x_pb,"[24.0, 0.0, -0.0, -0.0, -0.0, 24.0]"
s_bb,[29.0 -0.0 -0.0; -0.0 -0.0 -0.0; 24.0 -0.0 -0.0; 20.0 -0.0 -0.0; 20.0 -0.0 -0.0; 21.0 -0.0 -0.0; 13.0 -0.0 -0.0; 4.0 -0.0 -0.0; 29.0 -0.0 -0.0; 9.0 -0.0 -0.0]
partition_bb,"[[[0.0, 0.0, 0.0, 0.0, 0.0, 0.0, 0.0, 0.0, 16.0, 33.0], [29.0, 19.0, 0.0, 0.0, 0.0, 0.0, 0.0, 0.0, 0.0, 0.0], [0.0, 0.0, 24.0, 15.0, 10.0, 2.0, 0.0, 0.0, 0.0, 0.0], [0.0, 0.0, 0.0, 4.0, 10.0, 21.0, 11.0, 4.0, 0.0, 0.0], [0.0, 0.0, 0.0, 0.0, 0.0, 0.0, 0.0, 4.0, 29.0, 15.0], [0.0, 0.0, 6.0, 14.0, 20.0, 9.0, 0.0, 0.0, 0.0, 0.0], [14.0, 24.0, 5.0, 0.0, 1.0, 0.0, 0.0, 4.0, 0.0, 0.0], [0.0, 0.0, 11.0, 20.0, 14.0, 3.0, 0.0, 0.0, 0.0, 0.0], [2.0, 0.0, 0.0, 9.0, 14.0, 3.0, 13.0, 4.0, 3.0, 0.0]], [[0.0, 0.0, 0.0, 8.0, 14.0, 9.0, 13.0, 4.0, 0.0, 0.0]], Vector{Float64}[]]"
y_box,[7.0 10.0 -0.0 -0.0 -0.0 -0.0 -0.0 -0.0 -0.0 -0.0; -0.0 -0.0 11.0 12.0 -0.0 -0.0 -0.0 -0.0 -0.0 -0.0; -0.0 -0.0 -0.0 -0.0 -0.0 -0.0 -0.0 -0.0 -0.0 -0.0; -0.0 -0.0 -0.0 -0.0 -0.0 -0.0 -0.0 -0.0 -0.0 -0.0; -0.0 -0.0 -0.0 -0.0 -0.0 -0.0 -0.0 -0.0 -0.0 -0.0; -0.0 -0.0 -0.0 -0.0 -0.0 -0.0 -0.0 -0.0 -0.0 8.0;;; -0.0 17.0 -0.0 -0.0 -0.0 -0.0 -0.0 -0.0 -0.0 -0.0; -0.0 -0.0 18.0 5.0 -0.0 -0.0 -0.0 -0.0 -0.0 -0.0; -0.0 -0.0 -0.0 -0.0 -0.0 -0.0 -0.0 -0.0 -0.0 -0.0; -0.0 -0.0 -0.0 -0.0 -0.0 -0.0 -0.0 -0.0 -0.0 -0.0; -0.0 -0.0 -0.0 -0.0 -0.0 -0.0 -0.0 -0.0 -0.0 -0.0; -0.0 -0.0 -0.0 -0.0 -0.0 -0.0 -0.0 -0.0 6.0 2.0;;; -0.0 17.0 -0.0 -0.0 -0.0 -0.0 -0.0 -0.0 -0.0 -0.0; -0.0 -0.0 21.0 2.0 -0.0 -0.0 -0.0 -0.0 -0.0 -0.0; -0.0 -0.0 -0.0 -0.0 -0.0 -0.0 -0.0 -0.0 -0.0 -0.0; -0.0 -0.0 -0.0 -0.0 -0.0 -0.0 -0.0 -0.0 -0.0 -0.0; -0.0 -0.0 -0.0 -0.0 -0.0 -0.0 -0.0 -0.0 -0.0 -0.0; -0.0 -0.0 -0.0 -0.0 -0.0 -0.0 -0.0 -0.0 8.0 0.0]
evol_bb,"[[36.453, 2.1227935307043895e7], [158.622, 2.122793530704389e7]]"
y_bb,[0.0 24.0 -0.0 -0.0 -0.0 -0.0 -0.0 -0.0 -0.0 -0.0; -0.0 -0.0 0.0 0.0 0.0 -0.0 -0.0 -0.0 -0.0 -0.0; -0.0 -0.0 -0.0 -0.0 -0.0 -0.0 0.0 -0.0 0.0 -0.0; -0.0 -0.0 -0.0 -0.0 -0.0 -0.0 -0.0 -0.0 0.0 -0.0; -0.0 -0.0 -0.0 -0.0 -0.0 -0.0 -0.0 -0.0 0.0 -0.0; -0.0 -0.0 -0.0 -0.0 -0.0 -0.0 -0.0 -0.0 -0.0 24.0;;; -0.0 -0.0 -0.0 -0.0 14.0 -0.0 10.0 -0.0 -0.0 -0.0; -0.0 -0.0 -0.0 -0.0 -0.0 0.0 -0.0 -0.0 -0.0 -0.0; -0.0 -0.0 -0.0 -0.0 -0.0 0.0 -0.0 -0.0 -0.0 -0.0; -0.0 -0.0 -0.0 -0.0 0.0 -0.0 -0.0 -0.0 -0.0 -0.0; -0.0 -0.0 -0.0 -0.0 -0.0 0.0 -0.0 -0.0 -0.0 -0.0; -0.0 -0.0 -0.0 8.0 -0.0 9.0 3.0 4.0 -0.0 -0.0;;; -0.0 -0.0 -0.0 -0.0 -0.0 -0.0 -0.0 -0.0 -0.0 -0.0; -0.0 -0.0 -0.0 -0.0 -0.0 -0.0 -0.0 -0.0 -0.0 -0.0; -0.0 -0.0 -0.0 -0.0 -0.0 -0.0 -0.0 -0.0 -0.0 -0.0; -0.0 -0.0 -0.0 -0.0 -0.0 -0.0 -0.0 -0.0 -0.0 -0.0; -0.0 -0.0 -0.0 -0.0 -0.0 -0.0 -0.0 -0.0 -0.0 -0.0; -0.0 -0.0 -0.0 -0.0 -0.0 -0.0 -0.0 -0.0 -0.0 -0.0]
evol_box,"[[0.513, 0.0], [2.429, 126160.79699779737], [2.52, 126160.79699779736], [2.544, 377391.0613143096], [2.615, 2.6382314072937807e6], [2.723, 4.648013030067807e6], [2.85, 4.648013030067807e6], [2.983, 4.899148920163279e6], [3.159, 6.406549005787786e6], [3.3, 6.406549005787786e6], [3.513, 6.657578557451042e6], [3.708, 6.657682757517893e6], [4.112, 7.285726756797098e6], [4.451, 7.66250873170468e6], [4.761, 7.913647542197878e6], [5.162, 7.913666311662003e6], [5.511, 8.039261627530375e6], [6.007, 8.164865482233011e6], [7.241, 8.416075565171491e6], [8.208, 8.541714667405896e6], [9.366, 8.79288965294102e6], [10.932, 8.792898124696761e6], [12.277, 9.04410248770006e6], [14.307, 9.169709016192812e6], [16.138, 9.295321525862409e6], [18.052, 9.295342723846203e6], [19.712, 9.546535184501925e6], [22.193, 9.923352070179895e6], [24.873, 1.0048954715642061e7], [27.122, 1.004904273821062e7], [30.849, 1.0174566212287534e7], [34.461, 1.055138082961306e7], [37.589, 1.0551380940726288e7], [42.235, 1.0677023967226481e7], [46.15, 1.092820840337893e7], [50.532, 1.0928246972233173e7], [55.822, 1.1179419512346605e7], [62.27, 1.1179443040584942e7], [67.487, 1.1305024426161215e7], [72.394, 1.130502869455176e7], [81.269, 1.1556235783365484e7], [88.441, 1.1556241195971118e7], [97.63, 1.155625795964776e7], [111.656, 1.1681844011639463e7], [123.432, 1.1681845096761605e7], [132.314, 1.1681848280030008e7], [149.483, 1.1681889521834921e7], [165.66, 1.1807449997571144e7], [184.754, 1.1807457696553683e7], [201.483, 1.1807577860613339e7], [222.057, 1.1933060310986318e7], [245.827, 1.2058661354775414e7], [268.54, 1.2058667048700452e7], [304.383, 1.2058674546447124e7], [336.086, 1.2058692093665741e7], [369.848, 1.2184265700018812e7], [410.21, 1.218426581113204e7], [447.086, 1.2184269583049394e7], [481.174, 1.2184269583049392e7], [526.872, 1.2309878268781355e7], [579.258, 1.2309886935521325e7], [639.326, 1.2435482567936875e7], [699.027, 1.256109046287117e7], [776.329, 1.256109218866254e7], [906.457, 1.268669181398981e7], [975.951, 1.2686692036216268e7], [1066.48, 1.2686692899111953e7], [1220.333, 1.2812298342482561e7], [1345.957, 1.2812298342482563e7], [1436.714, 1.2812298342482561e7], [1570.66, 1.2812298786935473e7], [1876.827, 1.2812302153415125e7], [2008.627, 1.2812302768074213e7], [2149.702, 1.2812302768074214e7], [2277.567, 1.2812310177751673e7], [2420.851, 1.2937929786073077e7], [2582.148, 1.3063510955015149e7], [2852.868, 1.3063514667839553e7], [3250.545, 1.3063524306854244e7], [3481.228, 1.3063533145534584e7], [3600.079, 1.3063603050293654e7]]"
y_pb,[[-0.0 24.000000000000004 -0.0 -0.0 -0.0 -0.0 -0.0 -0.0 -0.0 -0.0; -0.0 -0.0 -0.0 -0.0 -0.0 -0.0 -0.0 -0.0 -0.0 -0.0; -0.0 -0.0 -0.0 -0.0 -0.0 -0.0 0.0 -0.0 -0.0 -0.0; -0.0 -0.0 -0.0 -0.0 -0.0 -0.0 -0.0 -0.0 0.0 -0.0; -0.0 -0.0 -0.0 -0.0 -0.0 -0.0 -0.0 -0.0 0.0 -0.0; -0.0 -0.0 -0.0 -0.0 -0.0 -0.0 -0.0 -0.0 -0.0 24.0;;;]]
x_bb,"[24.0, 0.0, -0.0, -0.0, -0.0, 24.0]"
x_box,"[17.0, 23.0, -0.0, -0.0, -0.0, 8.0]"
evol_zeta,"[[1.991, 32.5], [2.509, 29.0], [2.529, 23.25], [2.562, 18.75], [2.631, 18.599999999999998], [2.745, 17.749999999999996], [2.864, 17.6], [2.999, 17.14285714467144], [3.173, 17.2], [3.313, 16.2], [3.533, 15.142857142857139], [3.725, 14.600000000000001], [4.126, 13.5], [4.468, 13.4], [4.775, 13.0], [5.173, 13.399999999999999], [5.524, 14.399999999999999], [6.03, 13.166666668083337], [7.264, 12.833333333333334], [8.228, 13.0], [9.387, 13.166666666666666], [10.951, 12.285714285714285], [12.292, 11.8], [14.32, 12.5], [16.156, 11.5], [18.065, 11.0], [19.735, 11.999999999999998], [22.216, 9.6], [24.898, 11.428571428571429], [27.141, 11.0], [30.869, 9.500000001050012], [34.481, 10.857142857142854], [37.619, 9.666666666666668], [42.256, 9.0], [46.181, 9.5], [50.55, 9.799999428785105], [55.851, 9.500000000000002], [62.289, 9.5], [67.502, 11.5], [72.406, 9.0], [81.282, 9.499999999999998], [88.46, 9.428571428571429], [97.647, 9.833333333333309], [111.67, 11.75], [123.456, 10.0], [132.339, 9.333333333333334], [149.504, 9.666666666666668], [165.677, 9.0], [184.77, 8.600000000000001], [201.501, 9.399999999999999], [222.086, 7.8], [245.85, 9.0], [268.557, 11.0], [304.394, 10.6], [336.115, 8.714285714285715], [369.866, 9.833333333333332], [410.239, 8.6], [447.107, 8.333333333333332], [481.205, 6.8333333333333295], [526.896, 9.2], [579.276, 7.571428571428569], [639.345, 7.6], [699.051, 9.2], [776.351, 7.5], [906.474, 9.166666666666664], [975.961, 8.833333333333336], [1066.511, 8.166666667583343], [1220.352, 8.8], [1345.974, 9.166666666666671], [1436.746, 7.333333333333336], [1570.682, 6.857142857142869], [1876.85, 8.0], [2008.658, 6.199999999999999], [2149.727, 7.428571428571427], [2277.578, 7.333333333333329], [2420.878, 7.199999999999999], [2582.172, 7.600000000000001], [2852.884, 8.600000000000001], [3250.564, 9.200000001020015], [3481.249, 6.000000000000004], [3600.097, 0.0]]"
ξ_box,[12.0 19.0 29.0; 10.0 24.0 19.0; 11.0 18.0 24.0; 12.0 15.0 18.0; 9.999995514258119 15.0 12.0; 18.0 14.0 21.0; 13.0 8.0 13.0; 4.0 -0.0 4.0; 29.0 20.0 12.0; 33.0 19.0 0.0]
