first,second
s_box,[0.0 11.0 0.0 11.0 11.0; 0.0 0.0 13.0 10.0 0.0; 18.0 0.0 26.0 0.0 0.0; 6.0 15.0 12.0 0.0 11.0; 0.0 0.0 0.0 0.0 6.0; 0.0 0.0 0.0 0.0 12.0; 0.0 16.0 0.0 0.0 0.0; 0.0 6.0 0.0 0.0 0.0; 0.0 4.0 0.0 14.0 0.0; 27.0 0.0 0.0 16.0 11.0]
x_pb,"[-0.0, -0.0, -0.0, 9.0, 27.0, -0.0]"
s_bb,[11.0 -0.0 -0.0 -0.0 -0.0; 22.0 -0.0 -0.0 -0.0 -0.0; 26.0 -0.0 -0.0 -0.0 -0.0; 18.0 -0.0 -0.0 -0.0 -0.0; 15.0 -0.0 -0.0 -0.0 -0.0; 7.0 -0.0 -0.0 -0.0 -0.0; 16.0 -0.0 -0.0 -0.0 -0.0; 17.0 -0.0 -0.0 -0.0 -0.0; 17.0 -0.0 -0.0 -0.0 -0.0; 0.0 -0.0 -0.0 -0.0 -0.0]
partition_bb,"[[[0.0, 0.0, 0.0, 0.0, 0.0, 1.0, 1.0, 4.0, 7.0, 27.0], [3.0, 8.0, 26.0, 0.0, 0.0, 0.0, 0.0, 0.0, 0.0, 0.0], [0.0, 0.0, 0.0, 18.0, 12.0, 7.0, 2.0, 0.0, 0.0, 0.0], [10.0, 22.0, 4.0, 0.0, 0.0, 0.0, 0.0, 0.0, 0.0, 0.0], [0.0, 0.0, 0.0, 0.0, 6.0, 7.0, 16.0, 6.0, 4.0, 0.0], [0.0, 0.0, 0.0, 0.0, 0.0, 0.0, 7.0, 17.0, 14.0, 0.0], [0.0, 0.0, 0.0, 5.0, 8.0, 16.0, 7.0, 0.0, 0.0, 0.0], [0.0, 0.0, 0.0, 9.0, 15.0, 7.0, 5.0, 0.0, 0.0, 0.0], [0.0, 0.0, 0.0, 0.0, 0.0, 0.0, 5.0, 14.0, 17.0, 0.0], [11.0, 0.0, 0.0, 14.0, 8.0, 3.0, 0.0, 0.0, 0.0, 0.0]], Vector{Float64}[], Vector{Float64}[], Vector{Float64}[], Vector{Float64}[]]"
y_box,[0.0 0.0 0.0 0.0 0.0 0.0 0.0 0.0 0.0 0.0; 0.0 0.0 0.0 0.0 0.0 0.0 0.0 0.0 0.0 0.0; 0.0 0.0 0.0 2.0 0.0 1.0 0.0 0.0 0.0 0.0; 0.0 0.0 0.0 3.0 3.0 0.0 4.0 9.0 0.0 0.0; 0.0 0.0 0.0 0.0 2.0 0.0 0.0 0.0 12.0 0.0; 0.0 0.0 0.0 0.0 0.0 0.0 0.0 0.0 0.0 0.0;;; 0.0 0.0 0.0 0.0 0.0 0.0 0.0 0.0 0.0 0.0; 0.0 0.0 0.0 0.0 0.0 0.0 0.0 0.0 0.0 0.0; 0.0 0.0 0.0 3.0 0.0 0.0 0.0 0.0 0.0 0.0; 0.0 0.0 0.0 0.0 12.0 7.0 0.0 0.0 0.0 0.0; 0.0 0.0 0.0 0.0 0.0 0.0 0.0 0.0 0.0 14.0; 0.0 0.0 0.0 0.0 0.0 0.0 0.0 0.0 0.0 0.0;;; 0.0 0.0 0.0 0.0 0.0 0.0 0.0 0.0 0.0 0.0; 0.0 0.0 0.0 0.0 0.0 0.0 0.0 0.0 0.0 0.0; 3.0 0.0 0.0 0.0 0.0 0.0 0.0 0.0 0.0 0.0; 0.0 0.0 0.0 4.0 8.0 4.0 3.0 0.0 0.0 0.0; 0.0 0.0 0.0 0.0 0.0 0.0 10.0 3.0 1.0 0.0; 0.0 0.0 0.0 0.0 0.0 0.0 0.0 0.0 0.0 0.0;;; 0.0 0.0 0.0 0.0 0.0 0.0 0.0 0.0 0.0 0.0; 0.0 0.0 0.0 0.0 0.0 0.0 0.0 0.0 0.0 0.0; 0.0 3.0 0.0 0.0 0.0 0.0 0.0 0.0 0.0 0.0; 0.0 3.0 12.0 0.0 0.0 0.0 4.0 0.0 0.0 0.0; 0.0 0.0 0.0 0.0 0.0 0.0 0.0 14.0 0.0 0.0; 0.0 0.0 0.0 0.0 0.0 0.0 0.0 0.0 0.0 0.0;;; 0.0 0.0 0.0 0.0 0.0 0.0 0.0 0.0 0.0 0.0; 0.0 0.0 0.0 0.0 0.0 0.0 0.0 0.0 0.0 0.0; 0.0 3.0 0.0 0.0 0.0 0.0 0.0 0.0 0.0 0.0; 0.0 8.0 11.0 0.0 0.0 0.0 0.0 0.0 0.0 0.0; 0.0 0.0 0.0 0.0 0.0 2.0 11.0 1.0 0.0 0.0; 0.0 0.0 0.0 0.0 0.0 0.0 0.0 0.0 0.0 0.0]
evol_bb,"[[3522.861, 1.8758754034785554e7]]"
y_bb,[0.0 0.0 0.0 -0.0 -0.0 -0.0 -0.0 -0.0 -0.0 -0.0; -0.0 -0.0 -0.0 -0.0 -0.0 -0.0 -0.0 -0.0 -0.0 -0.0; -0.0 -0.0 -0.0 0.0 -0.0 -0.0 -0.0 -0.0 -0.0 -0.0; -0.0 -0.0 -0.0 -0.0 0.0 9.0 0.0 0.0 -0.0 -0.0; -0.0 -0.0 -0.0 -0.0 -0.0 -0.0 -0.0 -0.0 0.0 27.0; -0.0 -0.0 -0.0 -0.0 -0.0 -0.0 -0.0 -0.0 -0.0 -0.0;;; -0.0 -0.0 -0.0 -0.0 -0.0 -0.0 -0.0 -0.0 -0.0 -0.0; -0.0 -0.0 -0.0 -0.0 -0.0 -0.0 -0.0 -0.0 -0.0 -0.0; -0.0 -0.0 -0.0 -0.0 -0.0 -0.0 -0.0 -0.0 -0.0 -0.0; -0.0 -0.0 -0.0 -0.0 -0.0 -0.0 -0.0 -0.0 -0.0 -0.0; -0.0 -0.0 -0.0 -0.0 -0.0 -0.0 -0.0 -0.0 -0.0 -0.0; -0.0 -0.0 -0.0 -0.0 -0.0 -0.0 -0.0 -0.0 -0.0 -0.0;;; -0.0 -0.0 -0.0 -0.0 -0.0 -0.0 -0.0 -0.0 -0.0 -0.0; -0.0 -0.0 -0.0 -0.0 -0.0 -0.0 -0.0 -0.0 -0.0 -0.0; -0.0 -0.0 -0.0 -0.0 -0.0 -0.0 -0.0 -0.0 -0.0 -0.0; -0.0 -0.0 -0.0 -0.0 -0.0 -0.0 -0.0 -0.0 -0.0 -0.0; -0.0 -0.0 -0.0 -0.0 -0.0 -0.0 -0.0 -0.0 -0.0 -0.0; -0.0 -0.0 -0.0 -0.0 -0.0 -0.0 -0.0 -0.0 -0.0 -0.0;;; -0.0 -0.0 -0.0 -0.0 -0.0 -0.0 -0.0 -0.0 -0.0 -0.0; -0.0 -0.0 -0.0 -0.0 -0.0 -0.0 -0.0 -0.0 -0.0 -0.0; -0.0 -0.0 -0.0 -0.0 -0.0 -0.0 -0.0 -0.0 -0.0 -0.0; -0.0 -0.0 -0.0 -0.0 -0.0 -0.0 -0.0 -0.0 -0.0 -0.0; -0.0 -0.0 -0.0 -0.0 -0.0 -0.0 -0.0 -0.0 -0.0 -0.0; -0.0 -0.0 -0.0 -0.0 -0.0 -0.0 -0.0 -0.0 -0.0 -0.0;;; -0.0 -0.0 -0.0 -0.0 -0.0 -0.0 -0.0 -0.0 -0.0 -0.0; -0.0 -0.0 -0.0 -0.0 -0.0 -0.0 -0.0 -0.0 -0.0 -0.0; -0.0 -0.0 -0.0 -0.0 -0.0 -0.0 -0.0 -0.0 -0.0 -0.0; -0.0 -0.0 -0.0 -0.0 -0.0 -0.0 -0.0 -0.0 -0.0 -0.0; -0.0 -0.0 -0.0 -0.0 -0.0 -0.0 -0.0 -0.0 -0.0 -0.0; -0.0 -0.0 -0.0 -0.0 -0.0 -0.0 -0.0 -0.0 -0.0 -0.0]
evol_box,"[[0.516, 0.0], [2.565, 503824.52551744744], [2.699, 503824.52551744744], [2.736, 503824.52551744744], [2.795, 503824.52551744744], [2.859, 503824.5255174474], [3.319, 2.3923253772877627e6], [6.861, 2.3923253772877627e6], [8.904, 3.021713805905397e6], [10.945, 3.0217138059053877e6], [11.424, 3.0217138059053975e6], [13.149, 3.1477715037443093e6], [14.507, 3.3993940284743486e6], [17.193, 3.902946479997347e6], [21.364, 3.902946479997348e6], [24.296, 4.029062396389356e6], [29.875, 4.154727439060365e6], [37.014, 4.154727439060365e6], [42.561, 4.784223961838339e6], [92.216, 4.784258642795907e6], [104.383, 4.9101319602137115e6], [134.368, 5.036103956904115e6], [203.482, 5.036308943646817e6], [256.109, 5.162068499861435e6], [313.742, 5.162147619436264e6], [361.851, 5.28781030796287e6], [457.446, 5.413792641647502e6], [624.926, 5.5395920533819245e6], [693.75, 5.539733010663948e6], [764.417, 5.539787120333767e6], [854.679, 5.539740789127479e6], [944.851, 5.665495195391741e6], [1096.612, 5.917375828719428e6], [1317.017, 6.043231777729276e6], [1715.815, 6.16914378776905e6], [2327.265, 6.1693617902086675e6], [2719.414, 6.295273160089981e6], [3422.687, 6.420886752637662e6], [3600.067, 6.546778925520323e6]]"
y_pb,[[-0.0 0.0 -0.0 -0.0 -0.0 -0.0 -0.0 -0.0 -0.0 -0.0; -0.0 -0.0 0.0 -0.0 -0.0 -0.0 -0.0 -0.0 -0.0 -0.0; -0.0 -0.0 -0.0 0.0 -0.0 -0.0 -0.0 -0.0 -0.0 -0.0; -0.0 -0.0 -0.0 -0.0 -0.0 9.0 -0.0 -0.0 -0.0 -0.0; -0.0 -0.0 -0.0 -0.0 -0.0 -0.0 -0.0 -0.0 -0.0 27.0; -0.0 -0.0 -0.0 -0.0 -0.0 -0.0 -0.0 -0.0 -0.0 0.0;;;]]
x_bb,"[0.0, 0.0, 0.0, 9.0, 27.0, 0.0]"
x_box,"[0.0, 0.0, 3.0, 19.0, 14.0, 0.0]"
evol_zeta,"[[2.086, 26.2], [2.665, 25.66666666666667], [2.71, 18.000000000000014], [2.755, 17.250000000000007], [2.813, 16.0], [2.888, 13.4], [3.357, 13.249999999999998], [6.892, 13.25], [8.933, 13.0], [10.973, 12.833333333333334], [11.495, 12.0], [13.178, 12.0], [14.541, 12.0], [17.223, 12.0], [21.443, 11.0], [24.366, 10.833333333333334], [29.913, 12.0], [37.091, 10.75], [42.628, 10.833333333333334], [92.27, 11.0], [104.458, 10.166666666666668], [134.448, 10.5], [203.543, 10.83333416075071], [256.186, 10.5], [313.816, 10.833333333333332], [361.903, 10.166666666666668], [457.508, 10.5], [625.006, 10.0], [693.817, 10.166666666666668], [764.462, 10.5], [854.72, 10.5], [944.92, 9.6], [1096.662, 9.333333333333332], [1317.089, 9.25], [1715.89, 9.750000000000002], [2327.337, 9.25], [2719.483, 8.666666666666666], [3422.73, 9.75], [3600.086, 0.0]]"
ξ_box,[-0.0 11.0 3.0 11.0 11.0; 0.0 -0.0 13.0 16.0 11.0; 18.0 -0.0 26.0 12.0 11.0; 11.0 18.0 14.0 0.0 11.0; 5.0 12.0 8.0 -0.0 6.0; 1.0 7.000000000000001 4.0 -0.0 14.000000000000002; 1.0 16.0 13.0 4.0 11.0; 9.0 6.0 3.0 14.0 1.0; 12.0 4.0 1.0 14.0 0.0; 27.0 14.0 0.0 16.0 11.0]
