first,second
s_box,[20.0 9.0 16.0; 16.0 8.0 18.0; 0.0 4.0 0.0; 0.0 8.0 0.0; 28.0 23.0 14.0; 25.0 13.0 17.0; 21.0 19.0 13.0; 0.0 0.0 0.0; 0.0 27.0 17.0; 0.0 0.0 15.0]
x_pb,"[-0.0, -0.0, -0.0, -0.0, 26.0, 27.0]"
s_bb,[22.0 -0.0 -0.0; 20.0 -0.0 -0.0; 19.0 -0.0 -0.0; 21.0 -0.0 -0.0; 28.0 -0.0 -0.0; 25.0 -0.0 -0.0; 26.0 -0.0 -0.0; 0.0 -0.0 -0.0; 27.0 -0.0 -0.0; 0.0 -0.0 -0.0]
partition_bb,"[[[0.0, 0.0, 0.0, 0.0, 28.0, 14.0, 11.0, 0.0, 0.0, 0.0], [0.0, 0.0, 0.0, 0.0, 0.0, 0.0, 0.0, 10.0, 16.0, 27.0], [22.0, 15.0, 11.0, 8.0, 0.0, 0.0, 0.0, 0.0, 0.0, 0.0], [0.0, 0.0, 0.0, 0.0, 0.0, 0.0, 0.0, 26.0, 11.0, 16.0], [0.0, 0.0, 0.0, 0.0, 9.0, 20.0, 26.0, 0.0, 0.0, 0.0], [7.0, 10.0, 17.0, 21.0, 0.0, 0.0, 0.0, 0.0, 0.0, 0.0], [0.0, 0.0, 0.0, 0.0, 0.0, 0.0, 0.0, 12.0, 27.0, 16.0], [13.0, 20.0, 12.0, 9.0, 0.0, 0.0, 0.0, 0.0, 0.0, 0.0], [0.0, 0.0, 0.0, 0.0, 11.0, 25.0, 19.0, 0.0, 0.0, 0.0], [8.0, 11.0, 19.0, 15.0, 0.0, 0.0, 0.0, 0.0, 0.0, 0.0]], Vector{Float64}[], Vector{Float64}[]]"
y_box,[0.0 0.0 0.0 0.0 0.0 0.0 0.0 0.0 0.0 0.0; 0.0 0.0 0.0 0.0 0.0 0.0 0.0 0.0 0.0 0.0; 0.0 0.0 0.0 0.0 0.0 0.0 0.0 0.0 0.0 0.0; 0.0 0.0 0.0 0.0 0.0 0.0 0.0 0.0 0.0 0.0; 2.0 0.0 0.0 10.0 0.0 0.0 0.0 3.0 2.0 9.0; 0.0 0.0 13.0 0.0 0.0 0.0 0.0 14.0 0.0 0.0;;; 0.0 0.0 0.0 0.0 0.0 0.0 0.0 0.0 0.0 0.0; 0.0 0.0 0.0 0.0 0.0 0.0 0.0 0.0 0.0 0.0; 0.0 0.0 0.0 0.0 0.0 0.0 0.0 0.0 0.0 0.0; 0.0 0.0 0.0 0.0 0.0 0.0 0.0 0.0 0.0 0.0; 0.0 0.0 0.0 0.0 0.0 0.0 0.0 26.0 0.0 0.0; 0.0 0.0 0.0 0.0 0.0 0.0 0.0 0.0 0.0 27.0;;; 0.0 0.0 0.0 0.0 0.0 0.0 0.0 0.0 0.0 0.0; 0.0 0.0 0.0 0.0 0.0 0.0 0.0 0.0 0.0 0.0; 0.0 0.0 0.0 0.0 0.0 0.0 0.0 0.0 0.0 0.0; 0.0 0.0 0.0 0.0 0.0 0.0 0.0 0.0 0.0 0.0; 0.0 0.0 19.0 7.0 0.0 0.0 0.0 0.0 0.0 0.0; 0.0 0.0 0.0 10.0 0.0 0.0 0.0 15.0 0.0 2.0]
evol_bb,"[[120.402, 2.25996195855954e7]]"
y_bb,[0.0 0.0 0.0 0.0 0.0 -0.0 -0.0 -0.0 -0.0 -0.0; -0.0 -0.0 -0.0 -0.0 -0.0 -0.0 -0.0 -0.0 -0.0 -0.0; -0.0 -0.0 -0.0 -0.0 -0.0 0.0 0.0 -0.0 -0.0 -0.0; -0.0 -0.0 -0.0 -0.0 -0.0 -0.0 -0.0 -0.0 -0.0 -0.0; -0.0 -0.0 -0.0 -0.0 -0.0 -0.0 -0.0 26.0 -0.0 -0.0; -0.0 -0.0 -0.0 -0.0 -0.0 -0.0 -0.0 -0.0 0.0 27.0;;; -0.0 -0.0 -0.0 -0.0 -0.0 -0.0 -0.0 -0.0 -0.0 -0.0; -0.0 -0.0 -0.0 -0.0 -0.0 -0.0 -0.0 -0.0 -0.0 -0.0; -0.0 -0.0 -0.0 -0.0 -0.0 -0.0 -0.0 -0.0 -0.0 -0.0; -0.0 -0.0 -0.0 -0.0 -0.0 -0.0 -0.0 -0.0 -0.0 -0.0; -0.0 -0.0 -0.0 -0.0 -0.0 -0.0 -0.0 -0.0 -0.0 -0.0; -0.0 -0.0 -0.0 -0.0 -0.0 -0.0 -0.0 -0.0 -0.0 -0.0;;; -0.0 -0.0 -0.0 -0.0 -0.0 -0.0 -0.0 -0.0 -0.0 -0.0; -0.0 -0.0 -0.0 -0.0 -0.0 -0.0 -0.0 -0.0 -0.0 -0.0; -0.0 -0.0 -0.0 -0.0 -0.0 -0.0 -0.0 -0.0 -0.0 -0.0; -0.0 -0.0 -0.0 -0.0 -0.0 -0.0 -0.0 -0.0 -0.0 -0.0; -0.0 -0.0 -0.0 -0.0 -0.0 -0.0 -0.0 -0.0 -0.0 -0.0; -0.0 -0.0 -0.0 -0.0 -0.0 -0.0 -0.0 -0.0 -0.0 -0.0]
evol_box,"[[0.394, 0.0], [1.927, 1660.993446480357], [2.026, 1913.2659824070533], [2.05, 362353.67288203526], [2.121, 3.3668616151060723e6], [2.206, 3.3674062126354584e6], [2.309, 3.3668616151060965e6], [2.438, 4.688636665310176e6], [2.581, 5.049913281880749e6], [2.841, 6.612020188754286e6], [3.101, 6.7322283415560005e6], [3.453, 6.732308696858477e6], [4.135, 7.213080714593845e6], [4.548, 7.453440103334587e6], [4.94, 7.693840485353002e6], [5.406, 7.934783657187427e6], [6.01, 8.174969754941637e6], [7.186, 8.41595698639508e6], [8.495, 8.535455107425313e6], [9.522, 8.655505680342503e6], [10.649, 8.776048581910908e6], [12.305, 9.01638296678867e6], [14.814, 9.136568357370663e6], [16.943, 9.25683191785221e6], [19.198, 9.377018014654629e6], [21.317, 9.617221982634755e6], [23.202, 9.737513547390547e6], [25.091, 9.737631883598946e6], [28.898, 9.857670846528174e6], [32.394, 9.977929852993974e6], [36.581, 9.977952941045871e6], [39.337, 1.00982338205108e7], [42.812, 1.0458815042066062e7], [46.999, 1.0819365941535018e7], [51.697, 1.0819389029586915e7], [56.985, 1.1059855806074623e7], [62.065, 1.1059932153878612e7], [69.845, 1.1180129717219504e7], [76.515, 1.1300063837957714e7], [86.644, 1.1300272111678053e7], [94.867, 1.1420271990759427e7], [102.868, 1.154050137500782e7], [111.413, 1.1540694653445758e7], [122.751, 1.1780984737469194e7], [136.834, 1.1781122656898173e7], [152.388, 1.1901216063101375e7], [167.002, 1.1901216063101375e7], [187.223, 1.1901312875686618e7], [207.745, 1.2021470557604047e7], [228.629, 1.2141593191470731e7], [253.95, 1.2141706093238147e7], [282.5, 1.2261904889813453e7], [311.459, 1.238192659744979e7], [359.656, 1.238192659744979e7], [422.428, 1.238214548689347e7], [473.825, 1.2502266183358556e7], [513.566, 1.2502353639695182e7], [561.55, 1.2502651349907925e7], [617.573, 1.2622488233560715e7], [667.241, 1.26227164455751e7], [746.589, 1.2742673132713366e7], [814.855, 1.2742864460972166e7], [919.513, 1.2862759208656643e7], [1029.553, 1.2862759208656643e7], [1122.4, 1.2982999208628379e7], [1233.73, 1.2983336665684767e7], [1407.223, 1.3103271217407318e7], [1704.123, 1.3223383667061783e7], [1841.637, 1.3223383667061783e7], [2115.664, 1.3223383667061783e7], [2344.137, 1.3223426210773736e7], [2663.533, 1.3223602556505462e7], [2977.726, 1.3223602556505462e7], [3232.884, 1.322363844808024e7], [3446.434, 1.3223801594889387e7], [3600.023, 1.3343591819863494e7]]"
y_pb,[[-0.0 -0.0 -0.0 0.0 -0.0 -0.0 -0.0 -0.0 -0.0 -0.0; -0.0 -0.0 -0.0 0.0 -0.0 -0.0 -0.0 -0.0 -0.0 -0.0; -0.0 -0.0 -0.0 -0.0 -0.0 0.0 -0.0 -0.0 -0.0 -0.0; -0.0 -0.0 -0.0 -0.0 -0.0 -0.0 -0.0 0.0 -0.0 -0.0; -0.0 -0.0 -0.0 -0.0 -0.0 -0.0 -0.0 26.0 -0.0 -0.0; -0.0 -0.0 -0.0 -0.0 -0.0 -0.0 -0.0 -0.0 0.0 27.0;;;]]
x_bb,"[0.0, 0.0, 0.0, 0.0, 26.0, 27.0]"
x_box,"[0.0, 0.0, 0.0, 0.0, 26.0, 27.0]"
evol_zeta,"[[1.586, 28.0], [2.004, 27.0], [2.036, 21.25], [2.067, 19.333333333333332], [2.136, 17.166666666666664], [2.228, 16.666666666666664], [2.329, 16.499999999999996], [2.456, 16.4], [2.597, 16.0], [2.863, 15.2], [3.123, 14.0], [3.476, 14.833333333333332], [4.157, 13.428571428571429], [4.576, 14.142857142857144], [4.965, 13.8], [5.428, 13.666666666666666], [6.038, 12.666666666666666], [7.209, 12.833333333333334], [8.52, 12.57142857142857], [9.538, 12.833333333333334], [10.663, 13.5], [12.316, 12.571428571428571], [14.83, 11.83333333333333], [16.96, 12.000000001300002], [19.218, 12.8], [21.343, 12.333333333333332], [23.222, 10.857142857142852], [25.11, 12.333333333333334], [28.912, 13.166666666666666], [32.411, 12.333333333333332], [36.6, 10.333333333333336], [39.366, 9.333333333333332], [42.837, 9.2], [47.019, 9.333333333333332], [51.727, 9.0], [57.012, 9.0], [62.087, 12.4], [69.862, 11.285714285714286], [76.53, 9.833333333333334], [86.66, 8.83333333333335], [94.888, 8.600000000000001], [102.897, 9.333333333333325], [111.439, 7.600000000000001], [122.772, 9.0], [136.863, 7.400000000840009], [152.406, 8.999999999999996], [167.018, 9.0], [187.249, 9.2], [207.772, 8.333333333333334], [228.652, 8.8], [253.977, 7.999999999999999], [282.528, 7.4], [311.476, 8.2], [359.684, 7.6], [422.448, 7.75], [473.846, 8.333333333333332], [513.586, 6.600000000760005], [561.57, 8.0], [617.594, 7.2857142857142865], [667.269, 7.0], [746.611, 9.5], [814.872, 7.6], [919.532, 9.666666666666668], [1029.582, 7.25], [1122.417, 8.8], [1233.748, 9.166666666666668], [1407.25, 7.800000000000001], [1704.153, 5.666666666666668], [1841.658, 9.285714285714286], [2115.689, 7.800000000000003], [2344.163, 8.428571428571429], [2663.549, 7.0], [2977.74, 7.000000000800014], [3232.911, 6.666666666666666], [3446.465, 6.166666666666666], [3600.04, 0.0]]"
ξ_box,[22.0 9.0 16.0; 16.0 8.0 18.0; 13.0 4.0 19.0; 10.0 8.0 17.0; 28.0 23.0 14.0; 25.0 13.0 17.0; 21.0 19.0 13.0; 17.0 26.0 15.0; 2.0 27.0 17.0; 9.0 27.0 17.0]
