first,second
s_box,[22.0; 42.0; 28.0; 22.0; 21.0; 0.0; 22.0; 3.0; 0.0; 32.0;;]
x_pb,"[-0.0, -0.0, -0.0, -0.0, 21.0, 45.0]"
s_bb,[22.0; 42.0; 28.0; 22.0; 21.0; 0.0; 22.0; 3.0; 0.0; 32.0;;]
partition_bb,"[[[15.0, 42.0, 8.0, 4.0, 1.0, 0.0, 0.0, 0.0, 0.0, 0.0], [0.0, 0.0, 0.0, 0.0, 0.0, 4.0, 9.0, 11.0, 12.0, 32.0], [0.0, 0.0, 28.0, 12.0, 11.0, 10.0, 7.0, 0.0, 0.0, 0.0], [0.0, 0.0, 1.0, 8.0, 11.0, 15.0, 22.0, 6.0, 5.0, 0.0], [0.0, 0.0, 0.0, 3.0, 4.0, 5.0, 8.0, 24.0, 23.0, 3.0], [0.0, 0.0, 4.0, 18.0, 21.0, 17.0, 10.0, 1.0, 0.0, 0.0], [22.0, 0.0, 0.0, 0.0, 0.0, 0.0, 0.0, 0.0, 0.0, 0.0], [0.0, 0.0, 6.0, 22.0, 19.0, 15.0, 8.0, 1.0, 0.0, 0.0], [0.0, 0.0, 3.0, 14.0, 17.0, 21.0, 14.0, 2.0, 1.0, 0.0], [0.0, 0.0, 0.0, 2.0, 3.0, 4.0, 7.0, 23.0, 24.0, 4.0]]]"
y_box,[0.0 -0.0 -0.0 -0.0 -0.0 -0.0 -0.0 -0.0 -0.0 -0.0; -0.0 0.0 -0.0 -0.0 -0.0 -0.0 -0.0 -0.0 -0.0 -0.0; -0.0 -0.0 0.0 -0.0 -0.0 -0.0 -0.0 -0.0 -0.0 -0.0; -0.0 -0.0 -0.0 0.0 -0.0 -0.0 -0.0 -0.0 -0.0 -0.0; -0.0 -0.0 -0.0 -0.0 -0.0 21.0 0.0 -0.0 -0.0 -0.0; -0.0 -0.0 -0.0 -0.0 -0.0 -0.0 -0.0 21.0 24.0 0.0;;;]
evol_bb,"[[0.441, 2.2312748526964445e7]]"
y_bb,[0.0 -0.0 -0.0 -0.0 -0.0 -0.0 -0.0 -0.0 -0.0 -0.0; -0.0 0.0 -0.0 -0.0 -0.0 -0.0 -0.0 -0.0 -0.0 -0.0; -0.0 -0.0 0.0 -0.0 -0.0 -0.0 -0.0 -0.0 -0.0 -0.0; -0.0 -0.0 -0.0 0.0 -0.0 -0.0 -0.0 -0.0 -0.0 -0.0; -0.0 -0.0 -0.0 -0.0 -0.0 21.0 0.0 -0.0 -0.0 -0.0; -0.0 -0.0 -0.0 -0.0 -0.0 -0.0 -0.0 21.0 24.0 0.0;;;]
evol_box,"[[0.795, 0.0], [3.462, 465870.15874689753], [3.606, 8.367753921159362e6], [3.618, 1.3480798973228775e7], [3.629, 1.557256421368524e7], [3.641, 1.8361596409649752e7], [3.652, 2.0453387507509187e7], [3.663, 2.126686461228842e7], [3.673, 2.1731708672162265e7], [3.685, 2.219653838889036e7], [3.697, 2.2312748526964445e7]]"
y_pb,[[0.0 -0.0 -0.0 -0.0 -0.0 -0.0 -0.0 -0.0 -0.0 -0.0; -0.0 0.0 -0.0 -0.0 -0.0 -0.0 -0.0 -0.0 -0.0 -0.0; -0.0 -0.0 0.0 -0.0 -0.0 -0.0 -0.0 -0.0 -0.0 -0.0; -0.0 -0.0 -0.0 -0.0 0.0 -0.0 -0.0 -0.0 -0.0 -0.0; -0.0 -0.0 -0.0 -0.0 -0.0 21.0 -0.0 -0.0 -0.0 -0.0; -0.0 -0.0 -0.0 -0.0 -0.0 -0.0 -0.0 21.0 24.000000000000004 -0.0;;;]]
x_bb,"[0.0, 0.0, 0.0, 0.0, 21.0, 45.0]"
x_box,"[0.0, 0.0, 0.0, 0.0, 21.0, 45.0]"
evol_zeta,"[[2.756, 41.2], [3.604, 31.6], [3.615, 19.599999999999994], [3.627, 12.714285714285712], [3.639, 12.42857142857143], [3.65, 9.166666666666664], [3.66, 7.0], [3.67, 3.1666666666666643], [3.682, 3.142857142857139], [3.694, 0.8571428571428577], [3.702, 0.0]]"
ξ_box,[22.0; 42.0; 28.0; 22.0; 21.0; 21.0; 22.0; 24.0; 24.0; 32.0;;]
