first,second
s_box,[0.0; 25.0; 24.0; 22.0; 23.0; 7.0; 19.0; 3.0; 24.0; 25.0;;]
x_pb,"[-0.0, 42.0, -0.0, -0.0, -0.0, 14.0]"
s_bb,[0.0; 25.0; 24.0; 22.0; 23.0; 7.0; 19.0; 3.0; 24.0; 25.0;;]
partition_bb,"[[[42.0, 8.0, 6.0, 0.0, 0.0, 0.0, 0.0, 0.0, 0.0, 0.0], [0.0, 0.0, 0.0, 0.0, 0.0, 0.0, 3.0, 11.0, 18.0, 25.0], [2.0, 1.0, 7.0, 15.0, 23.0, 7.0, 1.0, 0.0, 0.0, 0.0], [0.0, 25.0, 19.0, 10.0, 2.0, 0.0, 0.0, 0.0, 0.0, 0.0], [0.0, 6.0, 12.0, 0.0, 0.0, 7.0, 19.0, 12.0, 0.0, 0.0], [0.0, 7.0, 9.0, 22.0, 14.0, 6.0, 0.0, 0.0, 0.0, 0.0], [0.0, 0.0, 0.0, 0.0, 0.0, 0.0, 4.0, 12.0, 24.0, 17.0], [0.0, 0.0, 0.0, 0.0, 0.0, 0.0, 7.0, 17.0, 5.0, 3.0], [0.0, 18.0, 24.0, 11.0, 3.0, 1.0, 0.0, 0.0, 0.0, 0.0]]]"
y_box,[-0.0 -0.0 -0.0 -0.0 -0.0 -0.0 -0.0 -0.0 -0.0 -0.0; 42.0 -0.0 -0.0 -0.0 -0.0 -0.0 -0.0 -0.0 -0.0 -0.0; -0.0 0.0 0.0 0.0 0.0 -0.0 -0.0 -0.0 -0.0 -0.0; -0.0 -0.0 -0.0 -0.0 -0.0 -0.0 -0.0 -0.0 -0.0 -0.0; -0.0 -0.0 -0.0 -0.0 -0.0 0.0 -0.0 -0.0 -0.0 -0.0; -0.0 -0.0 -0.0 -0.0 -0.0 -0.0 0.0 14.0 0.0 0.0;;;]
evol_bb,"[[0.256, 2.0954772215146437e7]]"
y_bb,[-0.0 -0.0 -0.0 -0.0 -0.0 -0.0 -0.0 -0.0 -0.0 -0.0; 42.0 -0.0 -0.0 -0.0 -0.0 -0.0 -0.0 -0.0 -0.0 -0.0; -0.0 0.0 0.0 0.0 0.0 -0.0 -0.0 -0.0 -0.0 -0.0; -0.0 -0.0 -0.0 -0.0 -0.0 -0.0 -0.0 -0.0 -0.0 -0.0; -0.0 -0.0 -0.0 -0.0 -0.0 0.0 -0.0 -0.0 -0.0 -0.0; -0.0 -0.0 -0.0 -0.0 -0.0 -0.0 0.0 14.0 0.0 0.0;;;]
evol_box,"[[0.363, 0.0], [1.769, 471.119816698416], [1.837, 6.944587147185724e6], [1.842, 1.24268357734339e7], [1.846, 1.5838012696432764e7], [1.849, 1.7787256652432114e7], [1.853, 1.864005088318183e7], [1.857, 1.9492845113931548e7], [1.862, 2.022380573164668e7], [1.865, 2.0954772215146437e7]]"
y_pb,[[0.0 -0.0 -0.0 -0.0 -0.0 -0.0 -0.0 -0.0 -0.0 -0.0; 42.0 -0.0 -0.0 -0.0 -0.0 -0.0 -0.0 -0.0 -0.0 -0.0; -0.0 -0.0 0.0 -0.0 -0.0 -0.0 -0.0 -0.0 -0.0 -0.0; -0.0 -0.0 0.0 -0.0 -0.0 -0.0 -0.0 -0.0 -0.0 -0.0; -0.0 -0.0 -0.0 -0.0 -0.0 0.0 -0.0 -0.0 -0.0 -0.0; -0.0 -0.0 -0.0 -0.0 -0.0 -0.0 -0.0 14.0 -0.0 -0.0;;;]]
x_bb,"[0.0, 42.0, 0.0, 0.0, 0.0, 14.0]"
x_box,"[0.0, 42.0, 0.0, 0.0, 0.0, 14.0]"
evol_zeta,"[[1.446, 42.0], [1.836, 24.750000000000007], [1.84, 23.0], [1.845, 17.8], [1.848, 16.0], [1.852, 6.9999999999999964], [1.856, 6.600000000000001], [1.861, 6.0], [1.863, 5.75], [1.868, 0.0]]"
ξ_box,[42.0; 25.0; 24.0; 22.0; 23.0; 7.0; 19.0; 17.0; 24.0; 25.0;;]
