first,second
s_box,[-0.0 9.0 9.0 9.0; 4.0 4.0 4.0 4.0; 9.0 -0.0 12.0 11.0; 0.0 2.0 -0.0 -0.0; -0.0 13.0 13.0 1.0; -0.0 0.0 -0.0 0.0; 12.0 4.0 0.0 -0.0; 10.0 9.0 -0.0 12.0; 6.0 5.0 -0.0 8.0; 15.0 10.0 17.0 11.0]
x_pb,"[18.000000000000004, -0.0, -0.0, 22.999999999999996, -0.0, -0.0]"
s_bb,[9.0 -0.0 -0.0 -0.0; 4.0 -0.0 -0.0 -0.0; 12.0 7.0 -0.0 -0.0; -0.0 -0.0 -0.0 -0.0; 13.0 12.0 -0.0 -0.0; 0.0 -0.0 -0.0 -0.0; 18.0 -0.0 -0.0 -0.0; 12.0 -0.0 -0.0 -0.0; 8.0 -0.0 -0.0 -0.0; 18.0 -0.0 -0.0 -0.0]
partition_bb,"[[[0.0, 0.0, 0.0, 0.0, 0.0, 23.0, 13.0, 4.0, 3.0, 0.0], [0.0, 0.0, 0.0, 0.0, 0.0, 0.0, 3.0, 12.0, 8.0, 18.0], [0.0, 0.0, 0.0, 18.0, 13.0, 0.0, 0.0, 0.0, 0.0, 0.0], [7.0, 4.0, 12.0, 0.0, 0.0, 2.0, 12.0, 3.0, 1.0, 0.0], [0.0, 0.0, 0.0, 0.0, 0.0, 8.0, 18.0, 9.0, 7.0, 0.0], [9.0, 4.0, 12.0, 6.0, 1.0, 0.0, 0.0, 0.0, 0.0, 10.0]], [[0.0, 4.0, 12.0, 0.0, 0.0, 9.0, 0.0, 0.0, 4.0, 12.0], [0.0, 4.0, 12.0, 7.0, 12.0, 0.0, 0.0, 0.0, 0.0, 0.0]], Vector{Float64}[], Vector{Float64}[]]"
y_box,[-0.0 -0.0 3.0 9.0 4.0 -0.0 -0.0 -0.0 -0.0 -0.0; -0.0 -0.0 -0.0 -0.0 -0.0 -0.0 -0.0 -0.0 -0.0 -0.0; -0.0 -0.0 -0.0 -0.0 -0.0 -0.0 -0.0 -0.0 -0.0 -0.0; -0.0 -0.0 -0.0 -0.0 -0.0 23.0 2.0 -0.0 -0.0 -0.0; -0.0 -0.0 -0.0 -0.0 -0.0 -0.0 -0.0 -0.0 -0.0 -0.0; -0.0 -0.0 -0.0 -0.0 -0.0 -0.0 -0.0 -0.0 -0.0 -0.0;;; -0.0 -0.0 -0.0 16.0 -0.0 -0.0 -0.0 -0.0 -0.0 -0.0; -0.0 -0.0 -0.0 -0.0 -0.0 -0.0 -0.0 -0.0 -0.0 -0.0; -0.0 -0.0 -0.0 -0.0 -0.0 -0.0 -0.0 -0.0 -0.0 -0.0; -0.0 -0.0 -0.0 -0.0 -0.0 19.0 6.0 -0.0 -0.0 -0.0; -0.0 -0.0 -0.0 -0.0 -0.0 -0.0 -0.0 -0.0 -0.0 -0.0; -0.0 -0.0 -0.0 -0.0 -0.0 -0.0 -0.0 -0.0 -0.0 -0.0;;; -0.0 -0.0 -0.0 16.0 -0.0 -0.0 -0.0 -0.0 -0.0 -0.0; -0.0 -0.0 -0.0 -0.0 -0.0 -0.0 -0.0 -0.0 -0.0 -0.0; -0.0 -0.0 -0.0 -0.0 -0.0 -0.0 -0.0 -0.0 -0.0 -0.0; -0.0 -0.0 -0.0 0.0 -0.0 11.0 1.0 4.0 8.0 1.0; -0.0 -0.0 -0.0 -0.0 -0.0 -0.0 -0.0 -0.0 -0.0 -0.0; -0.0 -0.0 -0.0 -0.0 -0.0 -0.0 -0.0 -0.0 -0.0 -0.0;;; -0.0 -0.0 -0.0 6.0 10.0 -0.0 -0.0 -0.0 -0.0 -0.0; -0.0 -0.0 -0.0 -0.0 -0.0 -0.0 -0.0 -0.0 -0.0 -0.0; -0.0 -0.0 -0.0 -0.0 -0.0 -0.0 -0.0 -0.0 -0.0 -0.0; -0.0 -0.0 -0.0 -0.0 -0.0 9.0 16.0 -0.0 -0.0 -0.0; -0.0 -0.0 -0.0 -0.0 -0.0 -0.0 -0.0 -0.0 -0.0 -0.0; -0.0 -0.0 -0.0 -0.0 -0.0 -0.0 -0.0 -0.0 -0.0 -0.0]
evol_bb,"[[1.999, 1.1499793802055247e7], [27.726, 1.1499793802055245e7]]"
y_bb,[0.0 0.0 0.0 18.0 0.0 -0.0 -0.0 -0.0 -0.0 -0.0; -0.0 -0.0 -0.0 -0.0 0.0 -0.0 -0.0 -0.0 -0.0 -0.0; -0.0 -0.0 -0.0 -0.0 -0.0 0.0 -0.0 -0.0 -0.0 -0.0; -0.0 -0.0 -0.0 -0.0 -0.0 23.0 -0.0 -0.0 0.0 -0.0; -0.0 -0.0 -0.0 -0.0 -0.0 -0.0 -0.0 -0.0 0.0 -0.0; -0.0 -0.0 -0.0 -0.0 -0.0 -0.0 -0.0 -0.0 0.0 0.0;;; -0.0 -0.0 5.0 0.0 0.0 1.0 -0.0 -0.0 -0.0 12.0; -0.0 0.0 -0.0 -0.0 -0.0 -0.0 -0.0 -0.0 -0.0 -0.0; -0.0 0.0 -0.0 -0.0 -0.0 -0.0 -0.0 -0.0 -0.0 -0.0; -0.0 4.0 -0.0 7.0 -0.0 8.0 -0.0 -0.0 4.0 -0.0; -0.0 0.0 -0.0 -0.0 -0.0 -0.0 -0.0 -0.0 -0.0 -0.0; -0.0 -0.0 -0.0 -0.0 -0.0 -0.0 -0.0 -0.0 -0.0 -0.0;;; -0.0 -0.0 -0.0 -0.0 -0.0 -0.0 -0.0 -0.0 -0.0 -0.0; -0.0 -0.0 -0.0 -0.0 -0.0 -0.0 -0.0 -0.0 -0.0 -0.0; -0.0 -0.0 -0.0 -0.0 -0.0 -0.0 -0.0 -0.0 -0.0 -0.0; -0.0 -0.0 -0.0 -0.0 -0.0 -0.0 -0.0 -0.0 -0.0 -0.0; -0.0 -0.0 -0.0 -0.0 -0.0 -0.0 -0.0 -0.0 -0.0 -0.0; -0.0 -0.0 -0.0 -0.0 -0.0 -0.0 -0.0 -0.0 -0.0 -0.0;;; -0.0 -0.0 -0.0 -0.0 -0.0 -0.0 -0.0 -0.0 -0.0 -0.0; -0.0 -0.0 -0.0 -0.0 -0.0 -0.0 -0.0 -0.0 -0.0 -0.0; -0.0 -0.0 -0.0 -0.0 -0.0 -0.0 -0.0 -0.0 -0.0 -0.0; -0.0 -0.0 -0.0 -0.0 -0.0 -0.0 -0.0 -0.0 -0.0 -0.0; -0.0 -0.0 -0.0 -0.0 -0.0 -0.0 -0.0 -0.0 -0.0 -0.0; -0.0 -0.0 -0.0 -0.0 -0.0 -0.0 -0.0 -0.0 -0.0 -0.0]
evol_box,"[[0.457, 0.0], [2.197, 245377.96739540884], [2.3, 245377.96739540884], [2.326, 245377.9673954077], [2.428, 245377.96739537455], [2.672, 2.2026120729644015e6], [3.058, 2.2026120729644015e6], [3.266, 2.3250137528155344e6], [3.461, 2.3250137528155386e6], [4.037, 2.325013752815539e6], [5.247, 2.9366083650615346e6], [5.738, 2.9367591146575855e6], [9.217, 3.54826735871118e6], [10.578, 3.6706447768627317e6], [13.718, 4.0375934258688577e6], [16.934, 4.159924942658277e6], [18.389, 4.282253544533478e6], [21.188, 4.28237820980466e6], [26.489, 4.28242803241109e6], [32.008, 4.404593674588306e6], [35.185, 4.526965277058349e6], [39.387, 4.527029381297514e6], [42.337, 4.894095133062296e6], [47.354, 5.016236959121045e6], [54.476, 5.0162369591210475e6], [64.572, 5.138638582204242e6], [77.716, 5.260981045729844e6], [91.826, 5.383296090815639e6], [103.829, 5.383377062849339e6], [117.569, 5.505668422680577e6], [146.089, 5.627899936588607e6], [161.354, 5.75025711371965e6], [173.853, 5.75046790482632e6], [192.226, 5.872544029741956e6], [214.473, 5.872560587070323e6], [232.945, 5.872721452420306e6], [251.878, 5.994912603768391e6], [276.986, 5.994912627341262e6], [301.515, 5.994913732213083e6], [328.955, 5.994962181296717e6], [361.655, 6.117225125860831e6], [400.442, 6.117234644102396e6], [477.858, 6.239587798122578e6], [564.208, 6.239733483630304e6], [669.896, 6.361883643804661e6], [764.572, 6.361883643804661e6], [920.898, 6.36188815943967e6], [1046.344, 6.361916645287512e6], [1166.762, 6.484213655382411e6], [1287.379, 6.4842196762290895e6], [1439.241, 6.484231681954321e6], [1611.5, 6.484246214456166e6], [1780.78, 6.484252964239304e6], [1947.982, 6.6065466773835e6], [2228.053, 6.606576546301623e6], [2490.561, 6.60663650178838e6], [2727.678, 6.606661976878878e6], [2917.028, 6.60674843839809e6], [3186.895, 6.728881204596258e6], [3587.876, 6.7289115776922535e6], [3600.067, 6.851263800485528e6]]"
y_pb,[[-0.0 -0.0 -0.0 18.0 0.0 -0.0 -0.0 -0.0 -0.0 -0.0; -0.0 -0.0 -0.0 -0.0 0.0 -0.0 -0.0 -0.0 -0.0 -0.0; -0.0 -0.0 -0.0 -0.0 -0.0 0.0 -0.0 -0.0 -0.0 -0.0; -0.0 -0.0 -0.0 -0.0 -0.0 23.0 -0.0 -0.0 -0.0 -0.0; -0.0 -0.0 -0.0 -0.0 -0.0 -0.0 -0.0 -0.0 -0.0 0.0; -0.0 -0.0 -0.0 -0.0 -0.0 -0.0 -0.0 -0.0 -0.0 0.0;;;]]
x_bb,"[18.0, -0.0, -0.0, 23.0, -0.0, 0.0]"
x_box,"[16.0, -0.0, -0.0, 25.0, -0.0, -0.0]"
evol_zeta,"[[2.285, 18.0], [2.306, 18.0], [2.397, 15.0], [2.46, 14.0], [2.684, 12.0], [3.085, 11.999999999999972], [3.276, 12.0], [3.497, 12.0], [4.059, 12.0], [5.261, 10.833333916075587], [5.761, 10.666666666666668], [9.236, 10.2], [10.591, 10.333333333333327], [13.741, 10.666666666666666], [16.985, 9.833333333333332], [18.406, 10.333333333333332], [21.226, 9.166666666666668], [26.512, 9.0], [32.05, 9.0], [35.206, 9.666666666666647], [39.407, 9.0], [42.355, 10.0], [47.381, 9.0], [54.508, 9.0], [64.603, 9.285714410541209], [77.742, 8.0], [91.875, 9.0], [103.84, 9.0], [117.612, 9.0], [146.108, 7.833333333333332], [161.37, 9.0], [173.884, 8.499999999999996], [192.239, 9.0], [214.513, 8.571428571428571], [232.988, 6.999999999999996], [251.906, 8.4], [277.009, 8.142857142857098], [301.527, 7.142857142857144], [328.967, 9.0], [361.677, 8.5], [400.463, 9.0], [477.874, 7.833333333333333], [564.225, 7.0], [669.915, 7.200000000000001], [764.599, 7.166666666666668], [920.919, 8.285714285714286], [1046.375, 8.600000000000001], [1166.806, 7.666666666666666], [1287.402, 7.4], [1439.267, 7.0], [1611.523, 6.714285928443072], [1780.807, 7.0], [1948.024, 7.166666666666664], [2228.081, 7.857142857142858], [2490.594, 7.0], [2727.695, 6.166666666666666], [2917.053, 6.4], [3186.919, 8.0], [3587.916, 7.0], [3600.084, 0.0]]"
ξ_box,[-0.0 9.0 9.0 9.0; 4.0 4.0 4.0 4.0; 12.0 -0.0 12.0 11.0; 9.0 18.0 16.0 6.0; 4.0 13.0 13.0 11.0; 23.0 19.0 11.0 9.0; 14.0 10.0 1.0 16.0; 10.0 9.0 4.0 12.0; 6.0 5.0 8.0 8.0; 15.0 10.0 18.0 11.0]
