first,second
s_box,[0.0 0.0 0.0 0.0 2.0; 20.0 0.0 4.0 0.0 20.0; 15.0 0.0 0.0 22.0 8.0; 0.0 0.0 1.0 0.0 0.0; 0.0 0.0 8.0 13.0 13.0; 1.0 19.0 20.0 0.0 21.0; 17.0 0.0 0.0 22.0 0.0; 0.0 0.0 13.0 7.0 0.0; 12.0 29.0 0.0 0.0 0.0; 0.0 16.0 18.0 0.0 0.0]
x_pb,"[36.0, -0.0, -0.0, 13.0, 9.0, -0.0]"
s_bb,[0.0 -0.0 -0.0 -0.0 -0.0; 26.0 -0.0 -0.0 -0.0 -0.0; 22.0 -0.0 -0.0 -0.0 -0.0; 5.0 -0.0 -0.0 -0.0 -0.0; 13.0 -0.0 -0.0 -0.0 -0.0; 22.0 -0.0 -0.0 -0.0 -0.0; 28.0 -0.0 -0.0 -0.0 -0.0; 0.0 -0.0 -0.0 -0.0 -0.0; 20.0 -0.0 -0.0 -0.0 -0.0; 29.0 -0.0 -0.0 -0.0 -0.0]
partition_bb,"[[[36.0, 19.0, 5.0, 0.0, 0.0, 0.0, 0.0, 0.0, 0.0, 0.0], [0.0, 0.0, 0.0, 0.0, 0.0, 0.0, 0.0, 1.0, 29.0, 29.0], [0.0, 0.0, 0.0, 0.0, 4.0, 13.0, 28.0, 13.0, 0.0, 0.0], [0.0, 11.0, 22.0, 5.0, 0.0, 1.0, 17.0, 2.0, 0.0, 0.0], [0.0, 0.0, 0.0, 5.0, 13.0, 4.0, 5.0, 13.0, 9.0, 9.0], [0.0, 0.0, 0.0, 5.0, 13.0, 22.0, 6.0, 12.0, 0.0, 0.0], [9.0, 26.0, 12.0, 5.0, 0.0, 0.0, 0.0, 0.0, 3.0, 3.0]], Vector{Float64}[], Vector{Float64}[], Vector{Float64}[], Vector{Float64}[]]"
y_box,[36.0 0.0 0.0 0.0 0.0 0.0 0.0 0.0 0.0 0.0; 0.0 0.0 0.0 0.0 0.0 0.0 0.0 0.0 0.0 0.0; 0.0 0.0 0.0 0.0 0.0 0.0 0.0 0.0 0.0 0.0; 0.0 0.0 0.0 0.0 0.0 0.0 0.0 2.0 0.0 0.0; 0.0 0.0 0.0 0.0 0.0 0.0 0.0 0.0 4.0 16.0; 0.0 0.0 0.0 0.0 0.0 0.0 0.0 0.0 0.0 0.0;;; 0.0 14.0 0.0 0.0 9.0 0.0 0.0 0.0 0.0 13.0; 0.0 0.0 0.0 0.0 0.0 0.0 0.0 0.0 0.0 0.0; 0.0 0.0 0.0 0.0 0.0 0.0 0.0 0.0 0.0 0.0; 0.0 0.0 0.0 0.0 0.0 0.0 2.0 0.0 0.0 0.0; 0.0 0.0 0.0 1.0 0.0 0.0 16.0 3.0 0.0 0.0; 0.0 0.0 0.0 0.0 0.0 0.0 0.0 0.0 0.0 0.0;;; 19.0 0.0 17.0 0.0 0.0 0.0 0.0 0.0 0.0 0.0; 0.0 0.0 0.0 0.0 0.0 0.0 0.0 0.0 0.0 0.0; 0.0 0.0 0.0 0.0 0.0 0.0 0.0 0.0 0.0 0.0; 0.0 0.0 1.0 0.0 0.0 0.0 1.0 0.0 0.0 0.0; 0.0 0.0 0.0 0.0 0.0 0.0 0.0 0.0 19.0 1.0; 0.0 0.0 0.0 0.0 0.0 0.0 0.0 0.0 0.0 0.0;;; 14.0 22.0 0.0 0.0 0.0 0.0 0.0 0.0 0.0 0.0; 0.0 0.0 0.0 0.0 0.0 0.0 0.0 0.0 0.0 0.0; 0.0 0.0 0.0 0.0 0.0 0.0 0.0 0.0 0.0 0.0; 0.0 2.0 0.0 0.0 0.0 0.0 0.0 0.0 0.0 0.0; 8.0 0.0 0.0 5.0 0.0 7.0 0.0 0.0 0.0 0.0; 0.0 0.0 0.0 0.0 0.0 0.0 0.0 0.0 0.0 0.0;;; 1.0 0.0 11.0 0.0 0.0 0.0 24.0 0.0 0.0 0.0; 0.0 0.0 0.0 0.0 0.0 0.0 0.0 0.0 0.0 0.0; 0.0 0.0 0.0 0.0 0.0 0.0 0.0 0.0 0.0 0.0; 0.0 0.0 0.0 0.0 0.0 0.0 2.0 0.0 0.0 0.0; 0.0 0.0 0.0 5.0 0.0 0.0 2.0 13.0 0.0 0.0; 0.0 0.0 0.0 0.0 0.0 0.0 0.0 0.0 0.0 0.0]
evol_bb,"[[5.347, 2.02628260473599e7]]"
y_bb,[36.0 -0.0 -0.0 -0.0 -0.0 -0.0 -0.0 -0.0 -0.0 -0.0; -0.0 -0.0 -0.0 -0.0 -0.0 -0.0 -0.0 -0.0 -0.0 -0.0; -0.0 -0.0 -0.0 -0.0 -0.0 -0.0 -0.0 -0.0 -0.0 -0.0; -0.0 -0.0 -0.0 -0.0 -0.0 -0.0 -0.0 13.0 -0.0 -0.0; -0.0 -0.0 -0.0 -0.0 -0.0 -0.0 -0.0 -0.0 9.0 -0.0; -0.0 -0.0 -0.0 -0.0 -0.0 -0.0 -0.0 -0.0 -0.0 -0.0;;; -0.0 -0.0 -0.0 -0.0 -0.0 -0.0 -0.0 -0.0 -0.0 -0.0; -0.0 -0.0 -0.0 -0.0 -0.0 -0.0 -0.0 -0.0 -0.0 -0.0; -0.0 -0.0 -0.0 -0.0 -0.0 -0.0 -0.0 -0.0 -0.0 -0.0; -0.0 -0.0 -0.0 -0.0 -0.0 -0.0 -0.0 -0.0 -0.0 -0.0; -0.0 -0.0 -0.0 -0.0 -0.0 -0.0 -0.0 -0.0 -0.0 -0.0; -0.0 -0.0 -0.0 -0.0 -0.0 -0.0 -0.0 -0.0 -0.0 -0.0;;; -0.0 -0.0 -0.0 -0.0 -0.0 -0.0 -0.0 -0.0 -0.0 -0.0; -0.0 -0.0 -0.0 -0.0 -0.0 -0.0 -0.0 -0.0 -0.0 -0.0; -0.0 -0.0 -0.0 -0.0 -0.0 -0.0 -0.0 -0.0 -0.0 -0.0; -0.0 -0.0 -0.0 -0.0 -0.0 -0.0 -0.0 -0.0 -0.0 -0.0; -0.0 -0.0 -0.0 -0.0 -0.0 -0.0 -0.0 -0.0 -0.0 -0.0; -0.0 -0.0 -0.0 -0.0 -0.0 -0.0 -0.0 -0.0 -0.0 -0.0;;; -0.0 -0.0 -0.0 -0.0 -0.0 -0.0 -0.0 -0.0 -0.0 -0.0; -0.0 -0.0 -0.0 -0.0 -0.0 -0.0 -0.0 -0.0 -0.0 -0.0; -0.0 -0.0 -0.0 -0.0 -0.0 -0.0 -0.0 -0.0 -0.0 -0.0; -0.0 -0.0 -0.0 -0.0 -0.0 -0.0 -0.0 -0.0 -0.0 -0.0; -0.0 -0.0 -0.0 -0.0 -0.0 -0.0 -0.0 -0.0 -0.0 -0.0; -0.0 -0.0 -0.0 -0.0 -0.0 -0.0 -0.0 -0.0 -0.0 -0.0;;; -0.0 -0.0 -0.0 -0.0 -0.0 -0.0 -0.0 -0.0 -0.0 -0.0; -0.0 -0.0 -0.0 -0.0 -0.0 -0.0 -0.0 -0.0 -0.0 -0.0; -0.0 -0.0 -0.0 -0.0 -0.0 -0.0 -0.0 -0.0 -0.0 -0.0; -0.0 -0.0 -0.0 -0.0 -0.0 -0.0 -0.0 -0.0 -0.0 -0.0; -0.0 -0.0 -0.0 -0.0 -0.0 -0.0 -0.0 -0.0 -0.0 -0.0; -0.0 -0.0 -0.0 -0.0 -0.0 -0.0 -0.0 -0.0 -0.0 -0.0]
evol_box,"[[0.508, 0.0], [2.481, 246771.8472603463], [2.601, 246771.84726030938], [2.639, 246776.75756711207], [2.776, 492276.6351166828], [2.99, 492276.6351166797], [3.256, 2.702410847666007e6], [4.493, 3.070954428120395e6], [4.763, 3.070954428120395e6], [5.598, 3.070954428120395e6], [6.196, 3.5623468924580305e6], [7.214, 4.176190387131374e6], [8.84, 4.912994295915794e6], [10.932, 4.912994295915794e6], [13.254, 5.036001314509859e6], [19.193, 5.03600131450986e6], [24.306, 5.526809994632028e6], [29.173, 6.018170063258052e6], [39.106, 6.018200159092424e6], [50.634, 6.263613903416449e6], [83.068, 6.509534248916837e6], [92.302, 6.877783787727708e6], [166.915, 7.1233443242124505e6], [204.853, 7.123344324212439e6], [235.617, 7.368855006027126e6], [271.233, 7.368855006027126e6], [345.429, 7.368855006027126e6], [433.27, 7.614650467104386e6], [766.343, 7.737360239058404e6], [871.05, 7.737434118568457e6], [1559.958, 7.737434118568457e6], [2442.691, 7.737585177875567e6], [2595.222, 7.737585177875567e6], [3600.013, 7.9828134665348865e6]]"
y_pb,[[36.0 -0.0 -0.0 -0.0 -0.0 -0.0 -0.0 -0.0 -0.0 -0.0; -0.0 -0.0 -0.0 -0.0 -0.0 0.0 -0.0 -0.0 -0.0 -0.0; -0.0 -0.0 -0.0 -0.0 -0.0 -0.0 0.0 -0.0 -0.0 -0.0; -0.0 -0.0 -0.0 -0.0 -0.0 -0.0 -0.0 13.0 -0.0 -0.0; -0.0 -0.0 -0.0 -0.0 -0.0 -0.0 -0.0 -0.0 -0.0 9.0; -0.0 -0.0 -0.0 -0.0 -0.0 -0.0 -0.0 -0.0 -0.0 0.0;;;]]
x_bb,"[36.0, 0.0, 0.0, 13.0, 9.0, 0.0]"
x_box,"[36.0, 0.0, 0.0, 2.0, 20.0, 0.0]"
evol_zeta,"[[1.962, 35.333333333333336], [2.582, 28.666666669633344], [2.609, 28.0], [2.658, 21.199999999999942], [2.791, 19.999999999999943], [3.007, 18.75], [3.279, 17.8], [4.511, 17.8], [4.785, 16.833333333333332], [5.617, 17.0], [6.211, 16.71428571428571], [7.238, 16.333333333333336], [8.856, 14.500000001550006], [10.954, 14.4], [13.271, 15.400000000000002], [19.214, 15.333333333333332], [24.325, 14.285714285714288], [29.194, 13.25], [39.129, 15.166666666666664], [50.664, 13.4], [83.09, 13.0], [92.322, 12.833333333333249], [166.935, 13.0], [204.868, 13.0], [235.645, 13.0], [271.255, 13.0], [345.461, 12.4], [433.291, 12.666666666666666], [766.362, 13.0], [871.07, 12.2], [1559.977, 11.714285714285714], [2442.717, 13.0], [2595.253, 12.600001594561633], [3600.029, 0.0]]"
ξ_box,[36.0 0.0 19.0 22.0 3.0; 20.0 14.0 4.0 24.0 20.0; 15.0 0.0 18.0 22.0 19.0; -0.0 1.0 1.0 5.0 5.0; 0.0 9.0 8.0 13.0 13.0; 1.0 18.0 17.0 6.0 21.0; 17.0 18.0 1.0 22.0 28.0; 2.0 3.0 13.0 7.0 13.0; 16.0 29.0 19.0 0.0 0.0; 16.0 29.0 19.0 0.0 0.0]
