first,second
s_box,[0.0 15.0 15.0 15.0; 0.0 4.0 4.0 0.0; 0.0 0.0 0.0 0.0; 12.0 15.0 0.0 0.0; 0.0 14.0 12.0 0.0; 12.0 0.0 0.0 13.0; 29.0 0.0 0.0 15.0; 16.0 0.0 18.0 11.0; 5.0 18.0 23.0 8.0; 0.0 8.0 2.0 13.0]
x_pb,"[36.0, -0.0, 4.0, -0.0, -0.0, -0.0]"
s_bb,[15.0 -0.0 -0.0 -0.0; 0.0 -0.0 -0.0 -0.0; 0.0 -0.0 -0.0 -0.0; 19.0 -0.0 -0.0 -0.0; 16.0 -0.0 -0.0 -0.0; 24.0 -0.0 -0.0 -0.0; 29.0 -0.0 -0.0 -0.0; 23.0 -0.0 -0.0 -0.0; 23.0 -0.0 -0.0 -0.0; 23.0 -0.0 -0.0 -0.0]
partition_bb,"[[[0.0, 0.0, 0.0, 0.0, 0.0, 0.0, 29.0, 11.0, 1.0, 0.0], [0.0, 1.0, 2.0, 6.0, 9.0, 24.0, 0.0, 0.0, 0.0, 0.0], [12.0, 1.0, 0.0, 0.0, 0.0, 0.0, 0.0, 0.0, 4.0, 23.0], [0.0, 0.0, 0.0, 0.0, 0.0, 0.0, 0.0, 13.0, 23.0, 4.0], [7.0, 18.0, 16.0, 1.0, 0.0, 0.0, 0.0, 0.0, 0.0, 0.0], [0.0, 2.0, 4.0, 19.0, 15.0, 1.0, 0.0, 0.0, 0.0, 0.0], [0.0, 0.0, 0.0, 0.0, 0.0, 0.0, 5.0, 23.0, 13.0, 0.0], [0.0, 0.0, 1.0, 16.0, 20.0, 5.0, 0.0, 0.0, 0.0, 0.0], [15.0, 4.0, 2.0, 0.0, 0.0, 0.0, 3.0, 0.0, 0.0, 0.0], [5.0, 16.0, 18.0, 3.0, 0.0, 0.0, 0.0, 0.0, 0.0, 0.0]], Vector{Float64}[], Vector{Float64}[], Vector{Float64}[]]"
y_box,[0.0 0.0 0.0 0.0 7.0 7.0 0.0 0.0 0.0 20.0; 0.0 0.0 0.0 0.0 1.0 0.0 0.0 0.0 0.0 0.0; 0.0 0.0 0.0 0.0 0.0 0.0 0.0 0.0 0.0 0.0; 0.0 0.0 0.0 0.0 0.0 0.0 0.0 0.0 0.0 0.0; 0.0 0.0 0.0 0.0 0.0 0.0 0.0 4.0 1.0 0.0; 0.0 0.0 0.0 0.0 0.0 0.0 0.0 0.0 0.0 0.0;;; 0.0 0.0 2.0 0.0 1.0 0.0 9.0 7.0 0.0 15.0; 0.0 0.0 0.0 0.0 0.0 0.0 0.0 1.0 0.0 0.0; 0.0 0.0 0.0 0.0 0.0 0.0 0.0 0.0 0.0 0.0; 0.0 0.0 0.0 0.0 0.0 0.0 0.0 0.0 0.0 0.0; 0.0 0.0 0.0 0.0 0.0 0.0 5.0 0.0 0.0 0.0; 0.0 0.0 0.0 0.0 0.0 0.0 0.0 0.0 0.0 0.0;;; 0.0 0.0 2.0 12.0 0.0 20.0 0.0 0.0 0.0 0.0; 0.0 0.0 0.0 0.0 0.0 1.0 0.0 0.0 0.0 0.0; 0.0 0.0 0.0 0.0 0.0 0.0 0.0 0.0 0.0 0.0; 0.0 0.0 0.0 0.0 0.0 0.0 0.0 0.0 0.0 0.0; 0.0 0.0 0.0 0.0 0.0 3.0 0.0 0.0 0.0 2.0; 0.0 0.0 0.0 0.0 0.0 0.0 0.0 0.0 0.0 0.0;;; 0.0 18.0 16.0 0.0 0.0 0.0 0.0 0.0 0.0 0.0; 0.0 0.0 0.0 1.0 0.0 0.0 0.0 0.0 0.0 0.0; 0.0 0.0 0.0 0.0 0.0 0.0 0.0 0.0 0.0 0.0; 0.0 0.0 0.0 0.0 0.0 0.0 0.0 0.0 0.0 0.0; 0.0 0.0 0.0 0.0 0.0 0.0 0.0 0.0 5.0 0.0; 0.0 0.0 0.0 0.0 0.0 0.0 0.0 0.0 0.0 0.0]
evol_bb,"[[831.367, 1.808635961296585e7]]"
y_bb,[0.0 18.0 18.0 -0.0 -0.0 -0.0 -0.0 -0.0 -0.0 -0.0; -0.0 -0.0 -0.0 0.0 -0.0 -0.0 -0.0 -0.0 -0.0 -0.0; -0.0 -0.0 -0.0 -0.0 4.0 0.0 -0.0 -0.0 -0.0 -0.0; -0.0 -0.0 -0.0 -0.0 -0.0 -0.0 -0.0 -0.0 -0.0 -0.0; -0.0 -0.0 -0.0 -0.0 -0.0 -0.0 0.0 0.0 0.0 -0.0; -0.0 -0.0 -0.0 -0.0 -0.0 -0.0 -0.0 -0.0 -0.0 0.0;;; -0.0 -0.0 -0.0 -0.0 -0.0 -0.0 -0.0 -0.0 -0.0 -0.0; -0.0 -0.0 -0.0 -0.0 -0.0 -0.0 -0.0 -0.0 -0.0 -0.0; -0.0 -0.0 -0.0 -0.0 -0.0 -0.0 -0.0 -0.0 -0.0 -0.0; -0.0 -0.0 -0.0 -0.0 -0.0 -0.0 -0.0 -0.0 -0.0 -0.0; -0.0 -0.0 -0.0 -0.0 -0.0 -0.0 -0.0 -0.0 -0.0 -0.0; -0.0 -0.0 -0.0 -0.0 -0.0 -0.0 -0.0 -0.0 -0.0 -0.0;;; -0.0 -0.0 -0.0 -0.0 -0.0 -0.0 -0.0 -0.0 -0.0 -0.0; -0.0 -0.0 -0.0 -0.0 -0.0 -0.0 -0.0 -0.0 -0.0 -0.0; -0.0 -0.0 -0.0 -0.0 -0.0 -0.0 -0.0 -0.0 -0.0 -0.0; -0.0 -0.0 -0.0 -0.0 -0.0 -0.0 -0.0 -0.0 -0.0 -0.0; -0.0 -0.0 -0.0 -0.0 -0.0 -0.0 -0.0 -0.0 -0.0 -0.0; -0.0 -0.0 -0.0 -0.0 -0.0 -0.0 -0.0 -0.0 -0.0 -0.0;;; -0.0 -0.0 -0.0 -0.0 -0.0 -0.0 -0.0 -0.0 -0.0 -0.0; -0.0 -0.0 -0.0 -0.0 -0.0 -0.0 -0.0 -0.0 -0.0 -0.0; -0.0 -0.0 -0.0 -0.0 -0.0 -0.0 -0.0 -0.0 -0.0 -0.0; -0.0 -0.0 -0.0 -0.0 -0.0 -0.0 -0.0 -0.0 -0.0 -0.0; -0.0 -0.0 -0.0 -0.0 -0.0 -0.0 -0.0 -0.0 -0.0 -0.0; -0.0 -0.0 -0.0 -0.0 -0.0 -0.0 -0.0 -0.0 -0.0 -0.0]
evol_box,"[[0.42, 0.0], [2.046, 106376.55858896651], [2.23, 210810.1972429316], [2.332, 210810.1972429316], [2.605, 316520.89730650187], [2.845, 947321.7606323352], [3.084, 2.2087033375284676e6], [3.4, 2.2092438489605864e6], [3.955, 3.0513005324901016e6], [5.75, 3.050359161504886e6], [7.811, 3.470650327439204e6], [8.843, 4.1019219398464398e6], [9.947, 4.5220233816704145e6], [12.244, 4.522023381670417e6], [15.133, 4.732493589998873e6], [22.396, 5.047946853685372e6], [27.785, 5.258106281987677e6], [34.415, 5.363307414215406e6], [42.969, 5.573582819015708e6], [49.514, 5.783882424674097e6], [60.206, 5.994191784497089e6], [72.63, 5.994251678490374e6], [86.653, 6.09927977727003e6], [100.566, 6.09940466444665e6], [111.051, 6.2045081758906655e6], [122.049, 6.414477276832655e6], [145.052, 6.414826690816121e6], [175.505, 6.519925873636678e6], [202.087, 6.5200691245126445e6], [226.379, 6.625044719255763e6], [247.839, 6.730212536967448e6], [284.781, 6.835382982004663e6], [321.122, 6.940238629539375e6], [355.767, 6.940455835984264e6], [398.237, 6.940480038940394e6], [430.896, 6.940535913019782e6], [470.978, 7.045608106525608e6], [517.983, 7.045664938075416e6], [570.508, 7.045760633790573e6], [640.404, 7.045760633790573e6], [722.166, 7.045834874199659e6], [842.531, 7.466005482242781e6], [959.646, 7.466047883774184e6], [1184.112, 7.4662530764158545e6], [1352.327, 7.571425417615433e6], [1522.807, 7.57141501071037e6], [1816.903, 7.5714519806215605e6], [2012.956, 7.571559032251381e6], [2231.827, 7.571499725001328e6], [2528.104, 7.676601249316515e6], [2912.934, 7.6766345830795e6], [3427.977, 7.781456793870127e6], [3600.011, 7.886614564408156e6]]"
y_pb,[[-0.0 18.0 18.0 -0.0 -0.0 -0.0 -0.0 -0.0 -0.0 -0.0; -0.0 -0.0 -0.0 0.0 -0.0 -0.0 -0.0 -0.0 -0.0 -0.0; -0.0 -0.0 -0.0 -0.0 4.0 -0.0 -0.0 -0.0 -0.0 -0.0; -0.0 -0.0 -0.0 -0.0 -0.0 0.0 -0.0 -0.0 -0.0 -0.0; -0.0 -0.0 -0.0 -0.0 -0.0 -0.0 -0.0 -0.0 0.0 -0.0; -0.0 -0.0 -0.0 -0.0 -0.0 -0.0 -0.0 -0.0 -0.0 0.0;;;]]
x_bb,"[36.0, 0.0, 4.0, 0.0, 0.0, 0.0]"
x_box,"[34.0, 1.0, 0.0, 0.0, 5.0, 0.0]"
evol_zeta,"[[2.137, 23.599999999999994], [2.247, 23.0], [2.369, 19.25], [2.636, 19.0], [2.871, 18.25], [3.097, 18.2], [3.423, 16.5], [3.976, 15.25], [5.824, 15.0], [7.83, 15.0], [8.874, 14.8], [9.977, 13.999999999999996], [12.317, 13.5], [15.156, 15.0], [22.467, 14.0], [27.816, 12.999999999999998], [34.473, 13.2], [42.992, 14.0], [49.545, 12.75], [60.237, 12.75], [72.661, 13.333333333333332], [86.68, 12.5], [100.598, 12.25], [111.12, 12.25], [122.078, 12.75], [145.106, 11.0], [175.532, 12.200001865788673], [202.114, 11.0], [226.414, 12.25], [247.9, 10.5], [284.804, 12.2], [321.156, 12.0], [355.799, 11.0], [398.273, 10.5], [430.962, 11.399999999999999], [471.039, 10.800001049706095], [518.01, 11.0], [570.595, 10.4], [640.492, 10.5], [722.276, 10.4], [842.564, 10.4], [959.711, 10.5], [1184.143, 11.0], [1352.367, 11.0], [1522.836, 10.0], [1816.955, 10.5], [2012.983, 10.8], [2231.881, 10.0], [2528.13, 10.5], [2912.982, 10.000000001100005], [3428.05, 8.999999999999993], [3600.023, 0.0]]"
ξ_box,[0.0 15.0 15.0 15.0; -0.0 4.0 4.0 18.0; -0.0 2.0 2.0 16.0; 12.0 15.0 12.0 1.0; 8.0 15.0 12.0 -0.0; 19.0 0.0 24.0 13.0; 29.0 14.0 -0.0 15.0; 16.0 8.0 18.0 11.0; 6.0 18.0 23.0 13.0; 20.0 23.0 4.0 13.0]
