first,second
s_box,[40.0 23.0 36.0; 23.0 13.0 20.0; 6.0 12.0 18.0; 27.0 13.0 23.0; 0.0 17.0 0.0; 0.0 0.0 0.0; 0.0 0.0 0.0; 0.0 0.0 0.0; 0.0 0.0 0.0; 0.0 22.0 3.0]
x_pb,"[-0.0, -0.0, 16.0, 2.0, 30.0, -0.0]"
s_bb,[40.0 -0.0 -0.0; 23.0 -0.0 -0.0; 22.0 -0.0 -0.0; 27.0 -0.0 -0.0; 1.0 -0.0 -0.0; 0.0 -0.0 -0.0; 7.0 -0.0 -0.0; 0.0 -0.0 -0.0; 0.0 -0.0 -0.0; 30.0 -0.0 -0.0]
partition_bb,"[[[40.0, 3.0, 3.0, 2.0, 0.0, 0.0, 0.0, 0.0, 0.0, 0.0], [0.0, 0.0, 0.0, 0.0, 0.0, 0.0, 3.0, 4.0, 14.0, 30.0], [0.0, 9.0, 11.0, 27.0, 4.0, 0.0, 0.0, 0.0, 0.0, 0.0], [0.0, 23.0, 21.0, 5.0, 0.0, 0.0, 0.0, 0.0, 0.0, 0.0], [16.0, 0.0, 0.0, 0.0, 17.0, 2.0, 0.0, 0.0, 0.0, 13.0], [0.0, 0.0, 0.0, 0.0, 17.0, 2.0, 7.0, 12.0, 2.0, 8.0], [0.0, 0.0, 0.0, 0.0, 0.0, 2.0, 7.0, 8.0, 18.0, 13.0], [0.0, 20.0, 22.0, 6.0, 0.0, 0.0, 0.0, 0.0, 0.0, 0.0]], Vector{Float64}[], Vector{Float64}[]]"
y_box,[0.0 0.0 0.0 0.0 0.0 0.0 0.0 0.0 0.0 0.0; 0.0 0.0 0.0 0.0 0.0 0.0 0.0 0.0 0.0 0.0; 0.0 0.0 0.0 0.0 0.0 0.0 0.0 0.0 0.0 0.0; 0.0 0.0 0.0 0.0 0.0 0.0 0.0 0.0 0.0 0.0; 0.0 0.0 15.0 0.0 0.0 0.0 0.0 0.0 0.0 16.0; 0.0 0.0 0.0 0.0 16.0 1.0 0.0 0.0 0.0 0.0;;; 0.0 0.0 0.0 0.0 0.0 0.0 0.0 0.0 0.0 0.0; 0.0 0.0 0.0 0.0 0.0 0.0 0.0 0.0 0.0 0.0; 0.0 0.0 0.0 0.0 0.0 0.0 0.0 0.0 0.0 0.0; 0.0 0.0 0.0 0.0 0.0 0.0 0.0 0.0 0.0 0.0; 0.0 0.0 0.0 1.0 0.0 2.0 7.0 12.0 9.0 0.0; 0.0 0.0 0.0 0.0 0.0 0.0 0.0 0.0 9.0 8.0;;; 0.0 0.0 0.0 0.0 0.0 0.0 0.0 0.0 0.0 0.0; 0.0 0.0 0.0 0.0 0.0 0.0 0.0 0.0 0.0 0.0; 0.0 0.0 0.0 0.0 0.0 0.0 0.0 0.0 0.0 0.0; 0.0 0.0 0.0 0.0 0.0 0.0 0.0 0.0 0.0 0.0; 0.0 0.0 0.0 0.0 0.0 0.0 7.0 12.0 12.0 0.0; 0.0 0.0 0.0 0.0 0.0 0.0 0.0 0.0 0.0 17.0]
evol_bb,"[[9.842, 1.6921059088727824e7]]"
y_bb,[0.0 -0.0 -0.0 -0.0 -0.0 -0.0 -0.0 -0.0 -0.0 -0.0; -0.0 0.0 0.0 0.0 -0.0 -0.0 -0.0 -0.0 -0.0 -0.0; -0.0 -0.0 -0.0 -0.0 16.0 -0.0 -0.0 -0.0 -0.0 -0.0; -0.0 -0.0 -0.0 -0.0 -0.0 2.0 -0.0 -0.0 -0.0 -0.0; -0.0 -0.0 -0.0 -0.0 -0.0 -0.0 0.0 12.0 18.0 -0.0; -0.0 -0.0 -0.0 -0.0 -0.0 -0.0 -0.0 -0.0 -0.0 0.0;;; -0.0 -0.0 -0.0 -0.0 -0.0 -0.0 -0.0 -0.0 -0.0 -0.0; -0.0 -0.0 -0.0 -0.0 -0.0 -0.0 -0.0 -0.0 -0.0 -0.0; -0.0 -0.0 -0.0 -0.0 -0.0 -0.0 -0.0 -0.0 -0.0 -0.0; -0.0 -0.0 -0.0 -0.0 -0.0 -0.0 -0.0 -0.0 -0.0 -0.0; -0.0 -0.0 -0.0 -0.0 -0.0 -0.0 -0.0 -0.0 -0.0 -0.0; -0.0 -0.0 -0.0 -0.0 -0.0 -0.0 -0.0 -0.0 -0.0 -0.0;;; -0.0 -0.0 -0.0 -0.0 -0.0 -0.0 -0.0 -0.0 -0.0 -0.0; -0.0 -0.0 -0.0 -0.0 -0.0 -0.0 -0.0 -0.0 -0.0 -0.0; -0.0 -0.0 -0.0 -0.0 -0.0 -0.0 -0.0 -0.0 -0.0 -0.0; -0.0 -0.0 -0.0 -0.0 -0.0 -0.0 -0.0 -0.0 -0.0 -0.0; -0.0 -0.0 -0.0 -0.0 -0.0 -0.0 -0.0 -0.0 -0.0 -0.0; -0.0 -0.0 -0.0 -0.0 -0.0 -0.0 -0.0 -0.0 -0.0 -0.0]
evol_box,"[[0.451, 0.0], [2.238, 1683.7543934379937], [2.34, 339015.68316183006], [2.43, 340379.31165087246], [2.529, 2.820728801151095e6], [2.626, 3.046662959574149e6], [2.759, 3.0470198879281483e6], [2.909, 4.174695835173251e6], [3.087, 4.85194496409116e6], [3.292, 4.964379616798685e6], [3.515, 4.964379616798685e6], [3.804, 5.189661847670684e6], [4.183, 5.753808905368365e6], [4.496, 5.979535969938686e6], [5.062, 6.881738973572481e6], [5.555, 6.99497223399834e6], [6.098, 7.220134817532166e6], [6.675, 7.445456345475e6], [7.183, 7.671314291128106e6], [7.613, 7.896937348900039e6], [8.593, 8.122269799864255e6], [9.903, 8.3480050397419175e6], [11.062, 8.348067360987902e6], [12.391, 8.573548571898302e6], [13.748, 8.573609691762023e6], [14.627, 8.686482786168257e6], [16.424, 8.799262999396648e6], [18.049, 8.912034859344302e6], [20.486, 9.250315081452277e6], [23.37, 9.250646949834961e6], [26.202, 9.250646949834961e6], [28.797, 9.363170391532667e6], [32.98, 9.363170391532667e6], [36.967, 9.58874227245827e6], [41.734, 9.589062375015315e6], [45.563, 9.589062329923296e6], [50.58, 9.701537356563346e6], [55.306, 9.701543492243141e6], [61.112, 9.701789093193524e6], [66.253, 9.814348633969959e6], [72.239, 9.814782076018514e6], [77.922, 1.0039945443393955e7], [85.372, 1.003994715159789e7], [91.48, 1.0039952781743702e7], [98.231, 1.00399527817437e7], [110.713, 1.003995891742353e7], [119.344, 1.0039964547569342e7], [127.854, 1.0039979729802847e7], [134.663, 1.004008627661215e7], [141.551, 1.0152761845412366e7], [151.241, 1.0152801956144264e7], [162.19, 1.0152855232124224e7], [175.357, 1.0265555726847526e7], [186.903, 1.0265600769301683e7], [204.704, 1.0378451844795719e7], [223.525, 1.0378525624373484e7], [248.319, 1.0491442834297728e7], [271.354, 1.0491503508829594e7], [287.685, 1.0603984626057453e7], [304.895, 1.0603984626057453e7], [337.601, 1.06040269505273e7], [359.531, 1.0604044539388295e7], [390.572, 1.0716776293754665e7], [412.882, 1.0716781923900476e7], [454.272, 1.0716798814337913e7], [494.058, 1.0716881949250871e7], [543.165, 1.0716941049553838e7], [593.012, 1.0829587065627262e7], [623.957, 1.0829587065627262e7], [683.098, 1.0829603678581674e7], [741.62, 1.0829615216356326e7], [815.7, 1.0942386577208232e7], [863.148, 1.0942386577208236e7], [918.703, 1.094241643614123e7], [971.355, 1.094241643614123e7], [1012.857, 1.0942435036070254e7], [1064.221, 1.094256018538389e7], [1174.706, 1.1055205192964591e7], [1233.086, 1.1055247517434439e7], [1345.295, 1.1055261689887568e7], [1515.165, 1.1055409749426495e7], [1600.189, 1.1168002490807615e7], [1729.293, 1.116800419901155e7], [1852.217, 1.116800812095343e7], [2010.301, 1.116801204289531e7], [2190.968, 1.1168027225128815e7], [2368.621, 1.1168036602994971e7], [2563.27, 1.116819167085882e7], [2705.108, 1.128080200238859e7], [2839.827, 1.1280809340738334e7], [2948.597, 1.1280815476418162e7], [3059.37, 1.1280823320301922e7], [3262.925, 1.1280837491467398e7], [3447.241, 1.1280837491467398e7], [3600.019, 1.1281025974382699e7]]"
y_pb,[[0.0 -0.0 -0.0 -0.0 -0.0 -0.0 -0.0 -0.0 -0.0 -0.0; -0.0 -0.0 -0.0 -0.0 0.0 -0.0 -0.0 -0.0 -0.0 -0.0; -0.0 -0.0 -0.0 -0.0 16.0 -0.0 -0.0 -0.0 -0.0 -0.0; -0.0 -0.0 -0.0 -0.0 -0.0 2.0 -0.0 -0.0 -0.0 -0.0; -0.0 -0.0 -0.0 -0.0 -0.0 -0.0 -0.0 12.000000000000002 18.0 -0.0; -0.0 -0.0 -0.0 -0.0 -0.0 -0.0 -0.0 -0.0 0.0 -0.0;;;]]
x_bb,"[0.0, 0.0, 16.0, 2.0, 30.0, 0.0]"
x_box,"[0.0, 0.0, 0.0, 0.0, 31.0, 17.0]"
evol_zeta,"[[1.776, 40.0], [2.325, 29.25], [2.348, 24.25], [2.441, 21.333333333333332], [2.542, 19.6], [2.642, 19.0], [2.772, 17.0], [2.918, 17.0], [3.1, 15.75], [3.309, 16.0], [3.529, 15.75], [3.821, 13.666669998536673], [4.199, 15.333333333333329], [4.504, 13.666666666666666], [5.074, 13.666666666666664], [5.564, 13.5], [6.108, 13.250000000000023], [6.692, 12.0], [7.195, 12.0], [7.626, 11.8], [8.611, 12.0], [9.938, 13.800000000000002], [11.072, 12.0], [12.411, 12.0], [13.772, 11.749999999999998], [14.64, 12.0], [16.435, 10.666666666666668], [18.064, 12.0], [20.505, 8.833333333333332], [23.389, 9.999999999999998], [26.216, 12.0], [28.816, 9.333333333333336], [32.998, 8.600000000000005], [36.982, 12.6], [41.749, 11.800000000000002], [45.581, 10.833333334516666], [50.599, 10.0], [55.32, 9.5], [61.126, 11.0], [66.264, 9.75], [72.262, 14.0], [77.937, 10.333333333333332], [85.392, 10.0], [91.492, 10.5], [98.24, 11.0], [110.726, 9.200000000000003], [119.354, 10.333333333333332], [127.863, 7.666666666666664], [134.675, 10.0], [141.56, 9.75], [151.251, 7.666666666666666], [162.208, 7.75], [175.369, 9.75], [186.918, 8.500000000000004], [204.739, 8.8], [223.539, 7.666666666666665], [248.33, 9.5], [271.372, 7.5], [287.703, 7.500000000000001], [304.907, 6.999999999999998], [337.623, 6.800000796880863], [359.546, 7.5], [390.593, 9.0], [412.895, 7.0], [454.285, 6.5], [494.07, 5.25], [543.189, 7.4], [593.032, 6.800000000000001], [623.981, 7.2500000008250005], [683.11, 5.000000000600011], [741.635, 7.249999999999998], [815.724, 7.400000000000011], [863.158, 6.749999999999999], [918.718, 6.25], [971.372, 6.75], [1012.869, 5.000000000600011], [1064.239, 4.8], [1174.72, 7.333333333333333], [1233.099, 4.333333333333333], [1345.314, 5.800000000000001], [1515.182, 5.571428571428572], [1600.208, 4.666666666666665], [1729.306, 7.0], [1852.23, 8.0], [2010.318, 5.000000000600011], [2190.988, 5.999999999999986], [2368.642, 4.5], [2563.285, 7.0], [2705.122, 4.749999999999999], [2839.843, 4.999999999999998], [2948.613, 7.75], [3059.393, 4.666666666666675], [3262.945, 4.0], [3447.259, 4.0], [3600.033, 0.0]]"
ξ_box,[40.0 23.0 36.0; 23.0 13.0 20.0; 21.0 12.0 18.0; 27.0 14.0 23.0; 16.0 17.0 0.0; 1.0 2.0 0.0; 0.0 7.0 7.0; 0.0 12.0 12.0; 0.0 18.0 12.0; 16.0 30.0 20.0]
