first,second
s_box,[10.0 0.0 0.0 13.0 0.0; 0.0 0.0 0.0 0.0 6.0; 1.0 7.0 0.0 0.0 12.0; 9.0 3.0 0.0 0.0 12.0; 1.0 0.0 5.0 0.0 4.0; 0.0 0.0 3.0 0.0 2.0; 6.0 14.0 13.0 0.0 0.0; 0.0 0.0 12.0 11.0 0.0; 14.0 0.0 7.0 21.0 9.0; 4.0 22.0 5.0 0.0 0.0]
x_pb,"[36.0, 0.0, -0.0, -0.0, -0.0, -0.0]"
s_bb,[-0.0 -0.0 -0.0 -0.0 -0.0; -0.0 -0.0 -0.0 -0.0 -0.0; 16.0 4.0 -0.0 -0.0 -0.0; 14.0 -0.0 -0.0 -0.0 -0.0; 7.0 -0.0 -0.0 -0.0 -0.0; 4.0 -0.0 -0.0 -0.0 -0.0; 14.0 -0.0 -0.0 -0.0 -0.0; 21.0 -0.0 -0.0 -0.0 -0.0; 21.0 -0.0 -0.0 -0.0 -0.0; 26.0 -0.0 -0.0 -0.0 -0.0]
partition_bb,"[[[0.0, 2.0, 0.0, 8.0, 0.0, 0.0, 0.0, 0.0, 0.0, 26.0], [0.0, 0.0, 0.0, 0.0, 0.0, 0.0, 0.0, 16.0, 21.0, 0.0], [20.0, 12.0, 6.0, 0.0, 0.0, 0.0, 0.0, 0.0, 0.0, 0.0], [0.0, 0.0, 0.0, 0.0, 3.0, 0.0, 14.0, 0.0, 0.0, 14.0], [2.0, 10.0, 16.0, 8.0, 0.0, 0.0, 0.0, 0.0, 0.0, 0.0], [0.0, 3.0, 9.0, 14.0, 7.0, 4.0, 0.0, 0.0, 0.0, 0.0], [0.0, 0.0, 0.0, 0.0, 0.0, 0.0, 0.0, 21.0, 16.0, 0.0], [8.0, 16.0, 10.0, 2.0, 0.0, 0.0, 0.0, 4.0, 0.0, 0.0]], [[8.0, 16.0, 10.0, 2.0, 0.0, 0.0, 0.0, 0.0, 0.0, 0.0], [8.0, 16.0, 10.0, 2.0, 0.0, 0.0, 0.0, 0.0, 0.0, 4.0]], Vector{Float64}[], Vector{Float64}[], Vector{Float64}[]]"
y_box,[0.0 2.0 0.0 0.0 0.0 0.0 3.0 5.0 0.0 22.0; 0.0 0.0 0.0 0.0 0.0 0.0 0.0 4.0 0.0 0.0; 0.0 0.0 0.0 0.0 0.0 0.0 0.0 0.0 0.0 0.0; 0.0 0.0 0.0 0.0 0.0 0.0 0.0 0.0 0.0 0.0; 0.0 0.0 0.0 0.0 0.0 0.0 0.0 0.0 0.0 0.0; 0.0 0.0 0.0 0.0 0.0 0.0 0.0 0.0 0.0 0.0;;; 20.0 12.0 0.0 0.0 0.0 0.0 0.0 0.0 0.0 0.0; 0.0 0.0 4.0 0.0 0.0 0.0 0.0 0.0 0.0 0.0; 0.0 0.0 0.0 0.0 0.0 0.0 0.0 0.0 0.0 0.0; 0.0 0.0 0.0 0.0 0.0 0.0 0.0 0.0 0.0 0.0; 0.0 0.0 0.0 0.0 0.0 0.0 0.0 0.0 0.0 0.0; 0.0 0.0 0.0 0.0 0.0 0.0 0.0 0.0 0.0 0.0;;; 10.0 0.0 3.0 13.0 0.0 0.0 0.0 0.0 0.0 6.0; 0.0 2.0 2.0 0.0 0.0 0.0 0.0 0.0 0.0 0.0; 0.0 0.0 0.0 0.0 0.0 0.0 0.0 0.0 0.0 0.0; 0.0 0.0 0.0 0.0 0.0 0.0 0.0 0.0 0.0 0.0; 0.0 0.0 0.0 0.0 0.0 0.0 0.0 0.0 0.0 0.0; 0.0 0.0 0.0 0.0 0.0 0.0 0.0 0.0 0.0 0.0;;; 0.0 11.0 5.0 1.0 0.0 0.0 14.0 1.0 0.0 0.0; 0.0 0.0 0.0 0.0 0.0 0.0 0.0 4.0 0.0 0.0; 0.0 0.0 0.0 0.0 0.0 0.0 0.0 0.0 0.0 0.0; 0.0 0.0 0.0 0.0 0.0 0.0 0.0 0.0 0.0 0.0; 0.0 0.0 0.0 0.0 0.0 0.0 0.0 0.0 0.0 0.0; 0.0 0.0 0.0 0.0 0.0 0.0 0.0 0.0 0.0 0.0;;; 12.0 1.0 1.0 0.0 0.0 0.0 0.0 10.0 0.0 8.0; 0.0 0.0 0.0 0.0 0.0 0.0 0.0 0.0 0.0 4.0; 0.0 0.0 0.0 0.0 0.0 0.0 0.0 0.0 0.0 0.0; 0.0 0.0 0.0 0.0 0.0 0.0 0.0 0.0 0.0 0.0; 0.0 0.0 0.0 0.0 0.0 0.0 0.0 0.0 0.0 0.0; 0.0 0.0 0.0 0.0 0.0 0.0 0.0 0.0 0.0 0.0]
evol_bb,"[[31.045, 1.2929982125115193e7], [3276.131, 1.292998212511519e7]]"
y_bb,[20.0 16.0 -0.0 -0.0 -0.0 -0.0 -0.0 -0.0 -0.0 -0.0; -0.0 -0.0 0.0 0.0 -0.0 -0.0 -0.0 -0.0 -0.0 -0.0; -0.0 -0.0 -0.0 -0.0 0.0 0.0 0.0 0.0 -0.0 -0.0; -0.0 -0.0 -0.0 -0.0 -0.0 -0.0 -0.0 0.0 -0.0 -0.0; -0.0 -0.0 -0.0 -0.0 -0.0 -0.0 -0.0 0.0 0.0 0.0; -0.0 -0.0 -0.0 -0.0 -0.0 -0.0 -0.0 -0.0 -0.0 0.0;;; 8.0 16.0 6.0 2.0 -0.0 -0.0 -0.0 -0.0 -0.0 4.0; 0.0 -0.0 -0.0 -0.0 -0.0 -0.0 -0.0 -0.0 -0.0 -0.0; 0.0 -0.0 -0.0 -0.0 -0.0 -0.0 -0.0 -0.0 -0.0 -0.0; 0.0 -0.0 -0.0 -0.0 -0.0 -0.0 -0.0 -0.0 -0.0 -0.0; 0.0 -0.0 -0.0 -0.0 -0.0 -0.0 -0.0 -0.0 -0.0 -0.0; 0.0 -0.0 -0.0 0.0 -0.0 -0.0 -0.0 -0.0 -0.0 0.0;;; -0.0 -0.0 -0.0 -0.0 -0.0 -0.0 -0.0 -0.0 -0.0 -0.0; -0.0 -0.0 -0.0 -0.0 -0.0 -0.0 -0.0 -0.0 -0.0 -0.0; -0.0 -0.0 -0.0 -0.0 -0.0 -0.0 -0.0 -0.0 -0.0 -0.0; -0.0 -0.0 -0.0 -0.0 -0.0 -0.0 -0.0 -0.0 -0.0 -0.0; -0.0 -0.0 -0.0 -0.0 -0.0 -0.0 -0.0 -0.0 -0.0 -0.0; -0.0 -0.0 -0.0 -0.0 -0.0 -0.0 -0.0 -0.0 -0.0 -0.0;;; -0.0 -0.0 -0.0 -0.0 -0.0 -0.0 -0.0 -0.0 -0.0 -0.0; -0.0 -0.0 -0.0 -0.0 -0.0 -0.0 -0.0 -0.0 -0.0 -0.0; -0.0 -0.0 -0.0 -0.0 -0.0 -0.0 -0.0 -0.0 -0.0 -0.0; -0.0 -0.0 -0.0 -0.0 -0.0 -0.0 -0.0 -0.0 -0.0 -0.0; -0.0 -0.0 -0.0 -0.0 -0.0 -0.0 -0.0 -0.0 -0.0 -0.0; -0.0 -0.0 -0.0 -0.0 -0.0 -0.0 -0.0 -0.0 -0.0 -0.0;;; -0.0 -0.0 -0.0 -0.0 -0.0 -0.0 -0.0 -0.0 -0.0 -0.0; -0.0 -0.0 -0.0 -0.0 -0.0 -0.0 -0.0 -0.0 -0.0 -0.0; -0.0 -0.0 -0.0 -0.0 -0.0 -0.0 -0.0 -0.0 -0.0 -0.0; -0.0 -0.0 -0.0 -0.0 -0.0 -0.0 -0.0 -0.0 -0.0 -0.0; -0.0 -0.0 -0.0 -0.0 -0.0 -0.0 -0.0 -0.0 -0.0 -0.0; -0.0 -0.0 -0.0 -0.0 -0.0 -0.0 -0.0 -0.0 -0.0 -0.0]
evol_box,"[[0.447, 0.0], [2.19, 875.5759596140124], [2.286, 106312.36108758245], [2.367, 210603.78706599938], [2.488, 211170.49461320776], [2.614, 211170.4946132078], [2.953, 1.4725412988736222e6], [3.114, 1.5778576946074956e6], [3.372, 1.6822695099800043e6], [3.895, 1.9980043661244633e6], [4.883, 2.4187629487066804e6], [5.85, 2.4187629487066804e6], [7.187, 2.943953518108559e6], [8.977, 2.943953518108559e6], [12.941, 3.2590542131021516e6], [14.82, 3.2590542131021516e6], [18.038, 3.469594112391401e6], [23.078, 3.469670089038468e6], [27.33, 3.5745090223812475e6], [32.071, 3.679530133934724e6], [38.242, 3.889768094351011e6], [46.356, 3.8900392791830283e6], [56.289, 3.89007003322399e6], [82.802, 3.8902584925098754e6], [94.072, 3.890543892661034e6], [111.608, 3.8906513089881283e6], [128.093, 4.100160370163089e6], [166.753, 4.20512503497544e6], [274.341, 4.3103803339602025e6], [337.086, 4.310447917229558e6], [406.49, 4.310522793733007e6], [486.127, 4.310522793733007e6], [570.659, 4.3107186960600745e6], [703.515, 4.310783728887996e6], [839.288, 4.52048197559987e6], [1074.593, 4.625717223714504e6], [1285.378, 4.625754032847108e6], [1634.193, 4.730719936016156e6], [2086.459, 4.730836203922648e6], [3143.261, 4.835838916224299e6], [3600.027, 4.8358389162243e6]]"
y_pb,[[20.0 16.0 -0.0 -0.0 -0.0 -0.0 -0.0 -0.0 -0.0 -0.0; -0.0 -0.0 0.0 -0.0 -0.0 -0.0 -0.0 -0.0 -0.0 -0.0; -0.0 -0.0 -0.0 0.0 -0.0 -0.0 -0.0 -0.0 -0.0 -0.0; -0.0 -0.0 -0.0 -0.0 -0.0 -0.0 -0.0 -0.0 0.0 -0.0; -0.0 -0.0 -0.0 -0.0 -0.0 -0.0 -0.0 -0.0 0.0 -0.0; -0.0 -0.0 -0.0 -0.0 -0.0 -0.0 -0.0 -0.0 -0.0 0.0;;;]]
x_bb,"[36.0, 0.0, -0.0, -0.0, -0.0, 0.0]"
x_box,"[32.0, 4.0, 0.0, 0.0, 0.0, 0.0]"
evol_zeta,"[[1.795, 26.0], [2.273, 20.5], [2.295, 19.333333333333332], [2.379, 14.5], [2.501, 14.0], [2.632, 14.0], [2.972, 13.666666666666668], [3.134, 13.666666666666668], [3.419, 12.25], [3.918, 12.0], [4.915, 11.75], [5.871, 12.4], [7.217, 11.666666666666668], [9.004, 11.166666666666668], [12.955, 10.000000001100005], [14.852, 9.8], [18.06, 10.25], [23.107, 11.0], [27.357, 10.0], [32.098, 9.8], [38.284, 9.5], [46.4, 9.5], [56.315, 9.666666666666666], [82.819, 9.28571428674286], [94.126, 8.8], [111.651, 8.6], [128.154, 9.0], [166.783, 8.166666666666668], [274.364, 8.333333333333332], [337.12, 8.249999999999986], [406.561, 8.8], [486.15, 7.9999999999999964], [570.721, 8.4], [703.545, 8.166666666666666], [839.316, 8.166666666666673], [1074.612, 8.166666666666666], [1285.4, 8.142857142857142], [1634.217, 7.75], [2086.477, 8.333333333333332], [3143.295, 8.125], [3600.044, 0.0]]"
ξ_box,[10.0 20.0 10.0 13.0 12.0; 2.0 12.0 2.0 11.0 7.0; 1.0 11.0 5.0 5.0 13.0; 9.0 3.0 13.0 -0.0 12.0; 1.0 0.0 5.0 0.0 4.0; 0.0 0.0 3.0 0.0 2.0; 9.0 14.0 13.0 14.0 -0.0; 9.0 0.0 12.0 16.0 10.0; 14.0 0.0 7.0 21.0 9.0; 26.0 22.0 11.0 0.0 12.0]
