first,second
s_box,[19.0 0.0 14.0 9.0; 8.0 0.0 10.0 5.0; 0.0 0.0 0.0 4.0; 13.0 15.0 4.0 4.0; 0.0 21.0 0.0 14.0; 0.0 0.0 14.0 13.0; 0.0 13.0 13.0 0.0; 0.0 11.0 15.0 0.0; 0.0 20.0 10.0 0.0; 40.0 0.0 0.0 32.0]
x_pb,"[-0.0, -0.0, -0.0, 29.0, 27.0, -0.0]"
s_bb,[19.0 -0.0 -0.0 -0.0; 16.0 -0.0 -0.0 -0.0; 13.0 -0.0 -0.0 -0.0; 16.0 -0.0 -0.0 -0.0; 21.0 -0.0 -0.0 -0.0; 24.0 -0.0 -0.0 -0.0; 10.0 -0.0 -0.0 -0.0; 0.0 -0.0 -0.0 -0.0; 0.0 -0.0 -0.0 -0.0; 40.0 -0.0 -0.0 -0.0]
partition_bb,"[[[0.0, 0.0, 0.0, 0.0, 0.0, 0.0, 0.0, 1.0, 16.0, 40.0], [0.0, 0.0, 0.0, 0.0, 5.0, 24.0, 20.0, 10.0, 0.0, 0.0], [19.0, 15.0, 12.0, 9.0, 3.0, 0.0, 0.0, 0.0, 0.0, 0.0], [5.0, 8.0, 11.0, 11.0, 21.0, 2.0, 0.0, 0.0, 0.0, 0.0], [0.0, 0.0, 0.0, 0.0, 0.0, 0.0, 1.0, 12.0, 27.0, 16.0], [6.0, 10.0, 13.0, 16.0, 6.0, 0.0, 4.0, 0.0, 0.0, 1.0], [0.0, 0.0, 0.0, 0.0, 2.0, 20.0, 24.0, 13.0, 0.0, 0.0], [0.0, 0.0, 0.0, 0.0, 1.0, 19.0, 23.0, 15.0, 0.0, 0.0], [12.0, 16.0, 13.0, 10.0, 3.0, 0.0, 1.0, 0.0, 1.0, 0.0]], Vector{Float64}[], Vector{Float64}[], Vector{Float64}[]]"
y_box,[0.0 0.0 0.0 0.0 0.0 0.0 0.0 0.0 0.0 0.0; 0.0 0.0 0.0 0.0 0.0 0.0 0.0 0.0 0.0 0.0; 0.0 0.0 0.0 0.0 0.0 0.0 0.0 0.0 0.0 0.0; 0.0 7.0 12.0 0.0 8.0 0.0 0.0 2.0 17.0 0.0; 0.0 0.0 0.0 0.0 10.0 0.0 0.0 0.0 0.0 0.0; 0.0 0.0 0.0 0.0 0.0 0.0 0.0 0.0 0.0 0.0;;; 0.0 0.0 0.0 0.0 0.0 0.0 0.0 0.0 0.0 0.0; 0.0 0.0 0.0 0.0 0.0 0.0 0.0 0.0 0.0 0.0; 0.0 0.0 0.0 0.0 0.0 0.0 0.0 0.0 0.0 0.0; 5.0 9.0 12.0 0.0 0.0 18.0 2.0 0.0 0.0 0.0; 0.0 0.0 0.0 0.0 0.0 1.0 0.0 0.0 0.0 9.0; 0.0 0.0 0.0 0.0 0.0 0.0 0.0 0.0 0.0 0.0;;; 0.0 0.0 0.0 0.0 0.0 0.0 0.0 0.0 0.0 0.0; 0.0 0.0 0.0 0.0 0.0 0.0 0.0 0.0 0.0 0.0; 0.0 0.0 0.0 0.0 0.0 0.0 0.0 0.0 0.0 0.0; 0.0 0.0 0.0 0.0 12.0 0.0 1.0 0.0 17.0 16.0; 0.0 0.0 7.0 0.0 0.0 0.0 0.0 0.0 0.0 3.0; 0.0 0.0 0.0 0.0 0.0 0.0 0.0 0.0 0.0 0.0;;; 0.0 0.0 0.0 0.0 0.0 0.0 0.0 0.0 0.0 0.0; 0.0 0.0 0.0 0.0 0.0 0.0 0.0 0.0 0.0 0.0; 0.0 0.0 0.0 0.0 0.0 0.0 0.0 0.0 0.0 0.0; 0.0 0.0 0.0 0.0 0.0 7.0 24.0 15.0 0.0 0.0; 0.0 0.0 0.0 0.0 0.0 0.0 0.0 0.0 10.0 0.0; 0.0 0.0 0.0 0.0 0.0 0.0 0.0 0.0 0.0 0.0]
evol_bb,"[[141.949, 1.810189724257906e7]]"
y_bb,[0.0 0.0 -0.0 -0.0 -0.0 -0.0 -0.0 -0.0 -0.0 -0.0; -0.0 -0.0 -0.0 -0.0 -0.0 -0.0 -0.0 -0.0 -0.0 -0.0; -0.0 -0.0 -0.0 -0.0 -0.0 -0.0 -0.0 -0.0 -0.0 -0.0; -0.0 -0.0 0.0 0.0 0.0 0.0 14.0 15.0 -0.0 -0.0; -0.0 -0.0 -0.0 -0.0 -0.0 -0.0 -0.0 -0.0 27.0 -0.0; -0.0 -0.0 -0.0 -0.0 -0.0 -0.0 -0.0 -0.0 -0.0 0.0;;; -0.0 -0.0 -0.0 -0.0 -0.0 -0.0 -0.0 -0.0 -0.0 -0.0; -0.0 -0.0 -0.0 -0.0 -0.0 -0.0 -0.0 -0.0 -0.0 -0.0; -0.0 -0.0 -0.0 -0.0 -0.0 -0.0 -0.0 -0.0 -0.0 -0.0; -0.0 -0.0 -0.0 -0.0 -0.0 -0.0 -0.0 -0.0 -0.0 -0.0; -0.0 -0.0 -0.0 -0.0 -0.0 -0.0 -0.0 -0.0 -0.0 -0.0; -0.0 -0.0 -0.0 -0.0 -0.0 -0.0 -0.0 -0.0 -0.0 -0.0;;; -0.0 -0.0 -0.0 -0.0 -0.0 -0.0 -0.0 -0.0 -0.0 -0.0; -0.0 -0.0 -0.0 -0.0 -0.0 -0.0 -0.0 -0.0 -0.0 -0.0; -0.0 -0.0 -0.0 -0.0 -0.0 -0.0 -0.0 -0.0 -0.0 -0.0; -0.0 -0.0 -0.0 -0.0 -0.0 -0.0 -0.0 -0.0 -0.0 -0.0; -0.0 -0.0 -0.0 -0.0 -0.0 -0.0 -0.0 -0.0 -0.0 -0.0; -0.0 -0.0 -0.0 -0.0 -0.0 -0.0 -0.0 -0.0 -0.0 -0.0;;; -0.0 -0.0 -0.0 -0.0 -0.0 -0.0 -0.0 -0.0 -0.0 -0.0; -0.0 -0.0 -0.0 -0.0 -0.0 -0.0 -0.0 -0.0 -0.0 -0.0; -0.0 -0.0 -0.0 -0.0 -0.0 -0.0 -0.0 -0.0 -0.0 -0.0; -0.0 -0.0 -0.0 -0.0 -0.0 -0.0 -0.0 -0.0 -0.0 -0.0; -0.0 -0.0 -0.0 -0.0 -0.0 -0.0 -0.0 -0.0 -0.0 -0.0; -0.0 -0.0 -0.0 -0.0 -0.0 -0.0 -0.0 -0.0 -0.0 -0.0]
evol_box,"[[0.454, 0.0], [2.263, 114540.60529578086], [2.413, 342124.2063856202], [2.515, 342124.2063856202], [2.635, 342124.2063856201], [2.924, 2.3912763579993467e6], [3.276, 2.39127635799935e6], [4.388, 4.440545100562028e6], [5.719, 4.440545100562042e6], [6.17, 4.440545100562042e6], [6.803, 4.440545100562042e6], [7.655, 4.668080484958025e6], [8.296, 4.7820505004059365e6], [9.303, 5.009935277842622e6], [10.681, 5.579785690314399e6], [12.319, 5.806579195390049e6], [14.636, 5.920445080371885e6], [16.54, 6.2619250137341535e6], [19.484, 6.489857646680972e6], [22.835, 6.71788989269943e6], [29.806, 6.831307200053039e6], [34.687, 7.058854627364622e6], [39.942, 7.058989896769701e6], [45.387, 7.172865107203275e6], [56.27, 7.1731322325521e6], [64.216, 7.28655055997781e6], [69.998, 7.28665806351939e6], [83.78, 7.514330341738498e6], [97.151, 7.628076767042987e6], [103.889, 7.628436459099106e6], [113.33, 7.628503965766139e6], [127.326, 7.7424172458875e6], [138.694, 7.855774442005218e6], [170.786, 7.969625729233803e6], [185.848, 7.9696643774187835e6], [209.707, 8.083523782705557e6], [229.366, 8.0835872534736805e6], [280.225, 8.311236424468095e6], [329.731, 8.425011280168392e6], [383.104, 8.425006380673457e6], [497.547, 8.539254226396842e6], [612.201, 8.539280938418234e6], [691.877, 8.652694256645814e6], [794.477, 8.652704055635687e6], [872.348, 8.652704055635687e6], [986.003, 8.76649344841997e6], [1134.095, 8.766545543874398e6], [1387.411, 8.880480590499716e6], [1698.582, 8.994377332908057e6], [1953.114, 9.108042410610784e6], [2295.061, 9.108042410610784e6], [2528.59, 9.108091598565375e6], [2921.664, 9.108302133526534e6], [3373.475, 9.221902597334305e6], [3600.055, 9.222014056785157e6]]"
y_pb,[[0.0 -0.0 -0.0 -0.0 -0.0 -0.0 -0.0 -0.0 -0.0 -0.0; 0.0 -0.0 -0.0 -0.0 -0.0 -0.0 -0.0 -0.0 -0.0 -0.0; -0.0 -0.0 -0.0 0.0 -0.0 -0.0 -0.0 -0.0 -0.0 -0.0; -0.0 -0.0 -0.0 -0.0 -0.0 -0.0 14.0 15.0 -0.0 -0.0; -0.0 -0.0 -0.0 -0.0 -0.0 -0.0 -0.0 -0.0 27.0 -0.0; -0.0 -0.0 -0.0 -0.0 -0.0 -0.0 -0.0 -0.0 0.0 -0.0;;;]]
x_bb,"[0.0, 0.0, 0.0, 29.0, 27.0, 0.0]"
x_box,"[0.0, 0.0, 0.0, 46.0, 10.0, 0.0]"
evol_zeta,"[[2.351, 23.25], [2.427, 18.666666666666664], [2.536, 18.499999999999996], [2.68, 18.5], [2.957, 17.5], [3.29, 17.142857142857142], [4.427, 14.285714285714285], [5.742, 13.600000000000001], [6.196, 13.8], [6.819, 13.8], [7.705, 13.714285714285712], [8.343, 13.142857142857144], [9.358, 12.749999999999995], [10.734, 13.285714285714286], [12.335, 13.285714285714286], [14.688, 12.8], [16.581, 12.0], [19.549, 11.428571428571429], [22.861, 11.5], [29.835, 10.833333291388177], [34.71, 12.666666666666666], [39.966, 11.0], [45.436, 11.571428571428571], [56.309, 11.125], [64.303, 11.428571428571429], [70.049, 11.399999999999999], [83.808, 10.999999999999993], [97.209, 11.625], [103.942, 10.428571428571423], [113.443, 9.375], [127.361, 10.5], [138.784, 9.333333333333332], [170.844, 9.166666666666666], [185.92, 8.833333333333334], [209.767, 9.333333333333332], [229.391, 9.0], [280.248, 8.5], [329.804, 8.571428571428571], [383.178, 8.428571428571429], [497.585, 9.714285714285714], [612.253, 8.375], [691.918, 10.124999999999998], [794.538, 8.625], [872.418, 8.285714285714267], [986.054, 7.571428571428569], [1134.144, 7.25], [1387.47, 8.333333333333336], [1698.619, 10.0], [1953.156, 9.0], [2295.115, 9.0], [2528.631, 9.571428571428571], [2921.692, 8.0], [3373.501, 8.0], [3600.071, 0.0]]"
ξ_box,[19.0 5.0 14.0 9.0; 15.0 9.0 10.0 5.0; 12.0 12.0 7.0 4.0; 11.0 15.0 4.0 4.0; 18.0 21.0 12.0 14.0; 2.220446049250313e-16 19.0 14.0 20.0; 0.0 15.0 14.0 24.0; 2.0 11.0 15.0 15.0; 17.0 19.0 27.0 10.0; 40.0 9.0 19.0 32.0]
