first,second
s_box,[11.0; 22.0; 26.0; 18.0; 15.0; 7.0; 16.0; 17.0; 17.0; 0.0;;]
x_pb,"[-0.0, -0.0, -0.0, 9.0, 27.0, -0.0]"
s_bb,[11.0; 22.0; 26.0; 18.0; 15.0; 7.0; 16.0; 17.0; 17.0; 0.0;;]
partition_bb,"[[[0.0, 0.0, 0.0, 0.0, 0.0, 1.0, 1.0, 4.0, 7.0, 27.0], [3.0, 8.0, 26.0, 0.0, 0.0, 0.0, 0.0, 0.0, 0.0, 0.0], [0.0, 0.0, 0.0, 18.0, 12.0, 7.0, 2.0, 0.0, 0.0, 0.0], [10.0, 22.0, 4.0, 0.0, 0.0, 0.0, 0.0, 0.0, 0.0, 0.0], [0.0, 0.0, 0.0, 0.0, 6.0, 7.0, 16.0, 6.0, 4.0, 0.0], [0.0, 0.0, 0.0, 0.0, 0.0, 0.0, 7.0, 17.0, 14.0, 0.0], [0.0, 0.0, 0.0, 5.0, 8.0, 16.0, 7.0, 0.0, 0.0, 0.0], [0.0, 0.0, 0.0, 0.0, 0.0, 0.0, 5.0, 14.0, 17.0, 0.0], [0.0, 0.0, 0.0, 9.0, 15.0, 7.0, 5.0, 0.0, 0.0, 0.0], [11.0, 0.0, 0.0, 0.0, 0.0, 0.0, 0.0, 0.0, 0.0, 0.0]]]"
y_box,[0.0 0.0 0.0 -0.0 -0.0 -0.0 -0.0 -0.0 -0.0 -0.0; -0.0 -0.0 -0.0 -0.0 -0.0 -0.0 -0.0 -0.0 -0.0 -0.0; -0.0 -0.0 -0.0 0.0 -0.0 -0.0 -0.0 -0.0 -0.0 -0.0; -0.0 -0.0 -0.0 -0.0 0.0 9.0 0.0 0.0 -0.0 -0.0; -0.0 -0.0 -0.0 -0.0 -0.0 -0.0 -0.0 -0.0 0.0 27.0; -0.0 -0.0 -0.0 -0.0 -0.0 -0.0 -0.0 -0.0 -0.0 -0.0;;;]
evol_bb,"[[0.303, 1.8758754034785554e7]]"
y_bb,[0.0 0.0 0.0 -0.0 -0.0 -0.0 -0.0 -0.0 -0.0 -0.0; -0.0 -0.0 -0.0 -0.0 -0.0 -0.0 -0.0 -0.0 -0.0 -0.0; -0.0 -0.0 -0.0 0.0 -0.0 -0.0 -0.0 -0.0 -0.0 -0.0; -0.0 -0.0 -0.0 -0.0 0.0 9.0 0.0 0.0 -0.0 -0.0; -0.0 -0.0 -0.0 -0.0 -0.0 -0.0 -0.0 -0.0 0.0 27.0; -0.0 -0.0 -0.0 -0.0 -0.0 -0.0 -0.0 -0.0 -0.0 -0.0;;;]
evol_box,"[[0.442, 0.0], [2.166, 503824.52551744744], [2.247, 5.161959118947807e6], [2.252, 9.820082679466743e6], [2.257, 1.246391512498972e7], [2.262, 1.4478263654911987e7], [2.268, 1.674440575107454e7], [2.272, 1.7877476552944563e7], [2.278, 1.825516690230499e7], [2.282, 1.8632857251665413e7], [2.285, 1.8758754034785554e7]]"
y_pb,[[-0.0 0.0 -0.0 -0.0 -0.0 -0.0 -0.0 -0.0 -0.0 -0.0; -0.0 -0.0 0.0 -0.0 -0.0 -0.0 -0.0 -0.0 -0.0 -0.0; -0.0 -0.0 -0.0 0.0 -0.0 -0.0 -0.0 -0.0 -0.0 -0.0; -0.0 -0.0 -0.0 -0.0 -0.0 9.0 -0.0 -0.0 -0.0 -0.0; -0.0 -0.0 -0.0 -0.0 -0.0 -0.0 -0.0 -0.0 -0.0 27.0; -0.0 -0.0 -0.0 -0.0 -0.0 -0.0 -0.0 -0.0 -0.0 0.0;;;]]
x_bb,"[0.0, 0.0, 0.0, 9.0, 27.0, 0.0]"
x_box,"[0.0, 0.0, 0.0, 9.0, 27.0, 0.0]"
evol_zeta,"[[1.77, 26.2], [2.246, 25.666666666666668], [2.251, 17.25], [2.256, 14.0], [2.26, 13.399999999999999], [2.266, 10.333333333333332], [2.271, 9.0], [2.276, 3.0], [2.281, 3.0], [2.284, 1.0], [2.287, 0.0]]"
ξ_box,[11.0; 22.0; 26.0; 18.0; 15.0; 16.0; 16.0; 17.0; 17.0; 27.0;;]
