first,second
s_box,[15.0 -0.0; 13.0 -0.0; 12.0 5.0; -0.0 3.0; -0.0 2.0; 29.0 20.0; 23.0 17.0; -0.0 15.0; 26.0 17.0; -0.0 40.0]
x_pb,"[25.0, 22.0, 7.0, -0.0, -0.0, -0.0]"
s_bb,[-0.0 -0.0; -0.0 14.0; 5.0 5.0; 3.0 -0.0; 2.0 2.0; 20.0 -0.0; 17.0 23.0; 15.0 23.0; 17.0 26.0; 40.0 25.0]
partition_bb,"[[[0.0, 0.0, 0.0, 0.0, 0.0, 0.0, 0.0, 4.0, 10.0, 40.0], [25.0, 20.0, 8.0, 1.0, 0.0, 0.0, 0.0, 0.0, 0.0, 0.0], [18.0, 13.0, 1.0, 0.0, 0.0, 18.0, 7.0, 0.0, 0.0, 0.0], [0.0, 0.0, 0.0, 0.0, 0.0, 0.0, 3.0, 13.0, 7.0, 31.0], [0.0, 0.0, 0.0, 0.0, 0.0, 4.0, 15.0, 5.0, 0.0, 30.0], [10.0, 15.0, 3.0, 0.0, 0.0, 0.0, 1.0, 11.0, 17.0, 0.0], [17.0, 12.0, 12.0, 3.0, 2.0, 8.0, 0.0, 0.0, 0.0, 0.0], [17.0, 22.0, 10.0, 3.0, 2.0, 0.0, 0.0, 0.0, 0.0, 0.0], [0.0, 0.0, 0.0, 0.0, 0.0, 0.0, 5.0, 15.0, 9.0, 27.0], [10.0, 15.0, 3.0, 0.0, 0.0, 20.0, 9.0, 0.0, 0.0, 0.0], [10.0, 15.0, 3.0, 0.0, 0.0, 6.0, 17.0, 7.0, 1.0, 0.0]], [[0.0, 0.0, 0.0, 0.0, 0.0, 29.0, 18.0, 8.0, 2.0, 0.0], [0.0, 0.0, 0.0, 0.0, 0.0, 22.0, 11.0, 1.0, 0.0, 22.0], [0.0, 0.0, 0.0, 0.0, 0.0, 1.0, 12.0, 22.0, 20.0, 0.0], [13.0, 8.0, 0.0, 0.0, 0.0, 0.0, 7.0, 17.0, 11.0, 0.0], [0.0, 0.0, 12.0, 3.0, 2.0, 5.0, 6.0, 16.0, 10.0, 0.0], [0.0, 0.0, 0.0, 0.0, 0.0, 0.0, 10.0, 20.0, 26.0, 0.0], [0.0, 0.0, 0.0, 0.0, 0.0, 12.0, 23.0, 13.0, 7.0, 0.0], [8.0, 13.0, 1.0, 0.0, 0.0, 23.0, 12.0, 2.0, 0.0, 0.0], [0.0, 0.0, 0.0, 0.0, 0.0, 21.0, 10.0, 0.0, 0.0, 25.0], [15.0, 10.0, 0.0, 0.0, 0.0, 0.0, 5.0, 15.0, 9.0, 0.0], [0.0, 0.0, 0.0, 0.0, 0.0, 2.0, 13.0, 23.0, 17.0, 0.0], [9.0, 14.0, 2.0, 0.0, 0.0, 21.0, 10.0, 0.0, 0.0, 0.0]]]"
y_box,[-0.0 1.0 -0.0 -0.0 1.0 -0.0 0.0 23.0 -0.0 -0.0; -0.0 -0.0 -0.0 -0.0 -0.0 -0.0 -0.0 -0.0 -0.0 22.0; -0.0 -0.0 -0.0 3.0 1.0 -0.0 -0.0 -0.0 -0.0 3.0; -0.0 -0.0 -0.0 -0.0 -0.0 -0.0 -0.0 -0.0 -0.0 -0.0; -0.0 -0.0 -0.0 -0.0 -0.0 -0.0 -0.0 -0.0 -0.0 -0.0; -0.0 -0.0 -0.0 -0.0 -0.0 -0.0 -0.0 -0.0 -0.0 -0.0;;; 25.0 -0.0 -0.0 -0.0 -0.0 -0.0 -0.0 -0.0 -0.0 -0.0; -0.0 22.0 -0.0 -0.0 -0.0 -0.0 -0.0 -0.0 -0.0 -0.0; -0.0 -0.0 7.0 -0.0 0.0 -0.0 -0.0 -0.0 -0.0 -0.0; -0.0 -0.0 -0.0 -0.0 0.0 -0.0 -0.0 -0.0 -0.0 -0.0; -0.0 -0.0 -0.0 -0.0 0.0 -0.0 -0.0 -0.0 -0.0 0.0; -0.0 -0.0 -0.0 -0.0 -0.0 -0.0 -0.0 -0.0 -0.0 0.0]
evol_bb,"[[1.81, 1.9341089907167528e7], [87.642, 1.921300790218635e7], [87.776, 1.8828761887242798e7], [565.516, 1.8701996340615947e7], [569.198, 1.8700735357447132e7], [575.284, 1.793385576562517e7], [821.315, 1.793218785237451e7], [1180.168, 1.7804302314457025e7], [1216.348, 1.63952037926003e7], [1216.652, 1.6139203643572398e7], [1508.574, 1.6139039782637933e7], [1508.588, 1.601095777765675e7], [1531.607, 1.5755027566724751e7], [1610.224, 1.5755023747179974e7], [1612.141, 1.5754793767694386e7], [1642.203, 1.575479376769438e7], [1644.866, 1.562698289371023e7], [1647.13, 1.5498629757732015e7], [1648.701, 1.5498629757732013e7], [1652.305, 1.5370547752750833e7], [1660.369, 1.524284414882924e7], [1660.543, 1.5242465747769644e7]]"
y_bb,[25.0 -0.0 -0.0 -0.0 -0.0 -0.0 -0.0 -0.0 -0.0 -0.0; -0.0 22.0 -0.0 -0.0 -0.0 -0.0 -0.0 -0.0 -0.0 -0.0; -0.0 -0.0 7.0 -0.0 -0.0 -0.0 -0.0 -0.0 -0.0 -0.0; -0.0 -0.0 -0.0 -0.0 0.0 -0.0 -0.0 -0.0 -0.0 -0.0; -0.0 -0.0 -0.0 -0.0 -0.0 0.0 0.0 -0.0 -0.0 0.0; -0.0 -0.0 -0.0 -0.0 -0.0 -0.0 -0.0 0.0 0.0 0.0;;; -0.0 -0.0 -0.0 -0.0 -0.0 25.0 -0.0 -0.0 -0.0 -0.0; 8.0 0.0 7.0 3.0 -0.0 4.0 -0.0 -0.0 -0.0 0.0; 7.0 -0.0 -0.0 -0.0 -0.0 -0.0 -0.0 -0.0 0.0 -0.0; -0.0 -0.0 -0.0 -0.0 -0.0 0.0 -0.0 -0.0 -0.0 -0.0; -0.0 -0.0 -0.0 -0.0 -0.0 -0.0 -0.0 0.0 -0.0 -0.0; -0.0 -0.0 -0.0 -0.0 0.0 0.0 0.0 0.0 -0.0 -0.0]
evol_box,"[[0.456, 0.0], [2.476, 3359.436355525478], [2.563, 386845.11494546087], [2.582, 6.534770086002663e6], [2.603, 6.534770086002662e6], [2.627, 6.534770086002663e6], [2.653, 6.917155643361602e6], [2.756, 8.838385718079358e6], [2.838, 9.222631733022911e6], [2.932, 9.734959752947645e6], [3.052, 1.0119892170677237e7], [3.159, 1.0119892170677045e7], [3.326, 1.0887939257731581e7], [3.533, 1.127194011242225e7], [3.696, 1.1400025817703035e7], [3.873, 1.1913038799499407e7], [4.15, 1.2169048511601869e7], [4.375, 1.229726094110001e7], [4.607, 1.2424678157252904e7], [4.814, 1.2424678157252902e7], [5.072, 1.2424681857552506e7], [5.265, 1.2424681857552506e7], [5.571, 1.2937009877477217e7], [5.865, 1.319386029022565e7], [6.205, 1.3321464746244835e7], [6.46, 1.3321688738044808e7], [6.747, 1.344933789740198e7], [7.023, 1.3577419902383162e7], [7.267, 1.3577419902383162e7], [7.535, 1.3577950566394893e7], [7.843, 1.3705501907364346e7], [8.074, 1.370616772173046e7], [8.509, 1.383389531039471e7], [8.896, 1.3834550861179544e7], [9.21, 1.396227124527177e7], [9.593, 1.4089744222008292e7], [9.857, 1.4089744222008295e7], [10.228, 1.4218332711008996e7], [10.625, 1.434590823197066e7], [11.038, 1.4345908231970662e7], [11.475, 1.4473990236951845e7], [11.955, 1.4474202791075487e7], [12.311, 1.4474310061138052e7], [12.908, 1.460206398239838e7], [13.221, 1.4602354734152572e7], [13.732, 1.460238734028181e7], [14.436, 1.4602574000115126e7], [14.919, 1.4730145912458621e7], [15.465, 1.4730145987379564e7], [16.086, 1.4730145987379562e7], [16.625, 1.4730404133004518e7], [17.638, 1.4858227992360745e7], [18.565, 1.4858227992360746e7], [19.744, 1.4986309997341929e7], [20.849, 1.498630999734187e7], [22.213, 1.4986670687192028e7], [23.397, 1.4986712744996112e7], [24.772, 1.5114383742788464e7], [25.842, 1.5114383728640232e7], [26.667, 1.511465014794807e7], [27.238, 1.5114794749977298e7], [27.931, 1.5115206912879344e7], [29.376, 1.5242465747769648e7], [30.247, 1.5242465747769648e7], [31.096, 1.5242465747769646e7], [32.131, 1.5242465747769648e7]]"
y_pb,[[25.0 -0.0 -0.0 -0.0 -0.0 -0.0 -0.0 -0.0 -0.0 -0.0; -0.0 22.0 -0.0 -0.0 -0.0 -0.0 -0.0 -0.0 -0.0 -0.0; -0.0 -0.0 7.0 -0.0 -0.0 -0.0 -0.0 -0.0 -0.0 -0.0; -0.0 -0.0 -0.0 -0.0 0.0 -0.0 -0.0 -0.0 -0.0 -0.0; -0.0 -0.0 -0.0 -0.0 0.0 -0.0 -0.0 -0.0 -0.0 -0.0; -0.0 -0.0 -0.0 -0.0 0.0 -0.0 -0.0 -0.0 -0.0 -0.0;;;]]
x_bb,"[25.0, 22.0, 7.0, -0.0, -0.0, 0.0]"
x_box,"[25.0, 22.0, 7.0, 0.0, 0.0, 0.0]"
evol_zeta,"[[2.098, 40.0], [2.556, 28.25], [2.569, 25.0], [2.59, 19.0], [2.611, 17.4], [2.636, 16.2], [2.66, 21.5], [2.76, 16.75], [2.845, 12.75], [2.938, 12.0], [3.059, 12.75], [3.167, 11.0], [3.335, 14.5], [3.538, 11.0], [3.703, 11.333333333333329], [3.879, 11.0], [4.159, 8.75], [4.385, 7.0], [4.616, 10.75], [4.821, 11.714285714285715], [5.08, 9.0], [5.273, 8.399999999999995], [5.58, 7.9999999999999964], [5.871, 11.0], [6.212, 9.25], [6.463, 6.75], [6.756, 6.4], [7.032, 7.399999999999999], [7.278, 4.666666666666668], [7.547, 4.000000000500002], [7.851, 5.0], [8.084, 4.5], [8.52, 5.666666666666668], [8.905, 5.4], [9.219, 4.0], [9.603, 5.8], [9.867, 3.750000000000009], [10.238, 3.5999999999999996], [10.636, 3.3999999999999986], [11.049, 4.5], [11.486, 5.2499999999999964], [11.968, 4.0], [12.322, 4.7500000000000036], [12.92, 2.833333333333336], [13.232, 3.250000000000001], [13.743, 3.999999999999998], [14.446, 2.333333333333332], [14.925, 3.999999848898341], [15.478, 2.7499999999999982], [16.095, 2.3333333336666726], [16.635, 2.2499999999999964], [17.649, 2.5], [18.574, 6.250000000000001], [19.757, 1.75], [20.86, 1.6666666666666667], [22.222, 5.249999999999999], [23.409, 1.0], [24.812, 1.6000000000000014], [25.853, 0.9999997071005673], [26.678, 1.75], [27.252, 0.6666666666666676], [27.942, 3.0], [29.388, 1.3333333333333313], [30.257, 0.3333333333333333], [31.108, 0.666666666666667], [32.141, 0.0]]"
ξ_box,[15.0 25.0; 13.999999999999998 22.000000000000004; 12.0 12.0; 3.0 3.0; 2.0 2.0; 29.000000000000007 20.0; 23.000000000000004 17.0; 23.000000000000004 15.000000000000002; 26.0 17.0; 25.0 40.0]
