first,second
s_box,[13.0 0.0 27.0 0.0 0.0; 0.0 0.0 0.0 0.0 10.0; 0.0 0.0 17.0 7.0 7.0; 0.0 0.0 18.0 10.0 8.0; 0.0 17.0 2.0 14.0 0.0; 0.0 9.0 0.0 14.0 7.0; 10.0 17.0 0.0 2.0 15.0; 9.0 0.0 0.0 6.0 0.0; 15.0 22.0 0.0 13.0 18.0; 18.0 0.0 0.0 0.0 0.0]
x_pb,"[25.0, -0.0, -0.0, -0.0, 36.0, -0.0]"
s_bb,[23.0 -0.0 -0.0 -0.0 -0.0; 0.0 -0.0 -0.0 -0.0 -0.0; 20.0 -0.0 -0.0 -0.0 -0.0; 19.0 -0.0 -0.0 -0.0 -0.0; 22.0 -0.0 -0.0 -0.0 -0.0; 28.0 -0.0 -0.0 -0.0 -0.0; 24.0 -0.0 -0.0 -0.0 -0.0; 23.0 -0.0 -0.0 -0.0 -0.0; 26.0 -0.0 -0.0 -0.0 -0.0; 0.0 -0.0 -0.0 -0.0 -0.0]
partition_bb,"[[[0.0, 0.0, 0.0, 0.0, 0.0, 0.0, 9.0, 9.0, 10.0, 36.0], [0.0, 0.0, 0.0, 0.0, 0.0, 28.0, 15.0, 13.0, 6.0, 0.0], [27.0, 19.0, 8.0, 7.0, 3.0, 0.0, 0.0, 0.0, 0.0, 0.0], [0.0, 5.0, 17.0, 18.0, 22.0, 0.0, 0.0, 0.0, 0.0, 0.0], [0.0, 0.0, 0.0, 0.0, 0.0, 4.0, 13.0, 19.0, 26.0, 0.0], [0.0, 0.0, 0.0, 0.0, 0.0, 11.0, 24.0, 18.0, 11.0, 0.0], [0.0, 0.0, 0.0, 0.0, 0.0, 8.0, 17.0, 23.0, 16.0, 0.0], [1.0, 8.0, 20.0, 18.0, 15.0, 0.0, 0.0, 0.0, 0.0, 0.0], [13.0, 21.0, 9.0, 8.0, 4.0, 2.0, 0.0, 4.0, 0.0, 0.0], [0.0, 6.0, 17.0, 19.0, 15.0, 0.0, 0.0, 0.0, 0.0, 0.0]], Vector{Float64}[], Vector{Float64}[], Vector{Float64}[], Vector{Float64}[]]"
y_box,[7.0 11.0 0.0 0.0 0.0 12.0 0.0 0.0 0.0 0.0; 0.0 1.0 1.0 0.0 0.0 0.0 0.0 0.0 0.0 0.0; 0.0 0.0 0.0 0.0 0.0 0.0 0.0 0.0 0.0 0.0; 0.0 0.0 0.0 0.0 0.0 0.0 0.0 0.0 0.0 0.0; 0.0 0.0 0.0 0.0 0.0 11.0 0.0 0.0 0.0 18.0; 0.0 0.0 0.0 0.0 0.0 0.0 0.0 0.0 0.0 0.0;;; 0.0 0.0 12.0 0.0 0.0 16.0 0.0 0.0 0.0 0.0; 0.0 0.0 0.0 2.0 0.0 0.0 0.0 0.0 0.0 0.0; 0.0 0.0 0.0 0.0 0.0 0.0 0.0 0.0 0.0 0.0; 0.0 0.0 0.0 0.0 0.0 0.0 0.0 0.0 0.0 0.0; 0.0 0.0 0.0 11.0 0.0 3.0 0.0 15.0 0.0 0.0; 0.0 0.0 0.0 0.0 0.0 0.0 0.0 0.0 0.0 0.0;;; 0.0 0.0 0.0 0.0 18.0 0.0 0.0 0.0 0.0 12.0; 0.0 0.0 0.0 0.0 2.0 0.0 0.0 0.0 0.0 0.0; 0.0 0.0 0.0 0.0 0.0 0.0 0.0 0.0 0.0 0.0; 0.0 0.0 0.0 0.0 0.0 0.0 0.0 0.0 0.0 0.0; 0.0 19.0 0.0 0.0 0.0 0.0 0.0 0.0 0.0 10.0; 0.0 0.0 0.0 0.0 0.0 0.0 0.0 0.0 0.0 0.0;;; 13.0 17.0 0.0 0.0 0.0 0.0 0.0 0.0 0.0 0.0; 0.0 0.0 2.0 0.0 0.0 0.0 0.0 0.0 0.0 0.0; 0.0 0.0 0.0 0.0 0.0 0.0 0.0 0.0 0.0 0.0; 0.0 0.0 0.0 0.0 0.0 0.0 0.0 0.0 0.0 0.0; 0.0 0.0 0.0 0.0 0.0 0.0 0.0 0.0 0.0 29.0; 0.0 0.0 0.0 0.0 0.0 0.0 0.0 0.0 0.0 0.0;;; 16.0 0.0 0.0 0.0 12.0 0.0 0.0 0.0 0.0 2.0; 2.0 0.0 0.0 0.0 0.0 0.0 0.0 0.0 0.0 0.0; 0.0 0.0 0.0 0.0 0.0 0.0 0.0 0.0 0.0 0.0; 0.0 0.0 0.0 0.0 0.0 0.0 0.0 0.0 0.0 0.0; 0.0 0.0 0.0 0.0 0.0 0.0 5.0 14.0 0.0 10.0; 0.0 0.0 0.0 0.0 0.0 0.0 0.0 0.0 0.0 0.0]
evol_bb,"[[3363.693, 2.3286741316262413e7]]"
y_bb,[4.0 21.0 -0.0 -0.0 -0.0 -0.0 -0.0 -0.0 -0.0 -0.0; -0.0 -0.0 0.0 0.0 0.0 -0.0 -0.0 -0.0 -0.0 -0.0; -0.0 -0.0 -0.0 -0.0 -0.0 0.0 -0.0 -0.0 -0.0 -0.0; -0.0 -0.0 -0.0 -0.0 -0.0 -0.0 0.0 -0.0 -0.0 -0.0; -0.0 -0.0 -0.0 -0.0 -0.0 -0.0 -0.0 0.0 0.0 36.0; -0.0 -0.0 -0.0 -0.0 -0.0 -0.0 -0.0 -0.0 -0.0 -0.0;;; -0.0 -0.0 -0.0 -0.0 -0.0 -0.0 -0.0 -0.0 -0.0 -0.0; -0.0 -0.0 -0.0 -0.0 -0.0 -0.0 -0.0 -0.0 -0.0 -0.0; -0.0 -0.0 -0.0 -0.0 -0.0 -0.0 -0.0 -0.0 -0.0 -0.0; -0.0 -0.0 -0.0 -0.0 -0.0 -0.0 -0.0 -0.0 -0.0 -0.0; -0.0 -0.0 -0.0 -0.0 -0.0 -0.0 -0.0 -0.0 -0.0 -0.0; -0.0 -0.0 -0.0 -0.0 -0.0 -0.0 -0.0 -0.0 -0.0 -0.0;;; -0.0 -0.0 -0.0 -0.0 -0.0 -0.0 -0.0 -0.0 -0.0 -0.0; -0.0 -0.0 -0.0 -0.0 -0.0 -0.0 -0.0 -0.0 -0.0 -0.0; -0.0 -0.0 -0.0 -0.0 -0.0 -0.0 -0.0 -0.0 -0.0 -0.0; -0.0 -0.0 -0.0 -0.0 -0.0 -0.0 -0.0 -0.0 -0.0 -0.0; -0.0 -0.0 -0.0 -0.0 -0.0 -0.0 -0.0 -0.0 -0.0 -0.0; -0.0 -0.0 -0.0 -0.0 -0.0 -0.0 -0.0 -0.0 -0.0 -0.0;;; -0.0 -0.0 -0.0 -0.0 -0.0 -0.0 -0.0 -0.0 -0.0 -0.0; -0.0 -0.0 -0.0 -0.0 -0.0 -0.0 -0.0 -0.0 -0.0 -0.0; -0.0 -0.0 -0.0 -0.0 -0.0 -0.0 -0.0 -0.0 -0.0 -0.0; -0.0 -0.0 -0.0 -0.0 -0.0 -0.0 -0.0 -0.0 -0.0 -0.0; -0.0 -0.0 -0.0 -0.0 -0.0 -0.0 -0.0 -0.0 -0.0 -0.0; -0.0 -0.0 -0.0 -0.0 -0.0 -0.0 -0.0 -0.0 -0.0 -0.0;;; -0.0 -0.0 -0.0 -0.0 -0.0 -0.0 -0.0 -0.0 -0.0 -0.0; -0.0 -0.0 -0.0 -0.0 -0.0 -0.0 -0.0 -0.0 -0.0 -0.0; -0.0 -0.0 -0.0 -0.0 -0.0 -0.0 -0.0 -0.0 -0.0 -0.0; -0.0 -0.0 -0.0 -0.0 -0.0 -0.0 -0.0 -0.0 -0.0 -0.0; -0.0 -0.0 -0.0 -0.0 -0.0 -0.0 -0.0 -0.0 -0.0 -0.0; -0.0 -0.0 -0.0 -0.0 -0.0 -0.0 -0.0 -0.0 -0.0 -0.0]
evol_box,"[[0.472, 0.0], [2.302, 378382.38350480393], [2.407, 378382.38350480393], [2.507, 380480.6459663479], [2.686, 504382.3009167645], [2.89, 504382.3009167669], [3.327, 3.0217867192136003e6], [3.72, 3.1471256786978785e6], [4.323, 3.525197267530323e6], [9.898, 3.525197267530323e6], [13.206, 4.406075411314941e6], [16.96, 5.161373593742359e6], [17.724, 5.161876452111156e6], [21.926, 5.161859813936926e6], [30.804, 5.664599215343148e6], [37.417, 5.664745588088436e6], [51.196, 5.916550833160672e6], [59.867, 6.293949474209791e6], [80.417, 6.2940816890087845e6], [103.923, 6.671548731922617e6], [131.343, 6.797552961273643e6], [161.012, 6.923431065222106e6], [176.682, 6.923959824035906e6], [221.026, 7.049621247804067e6], [281.703, 7.300913491025e6], [328.135, 7.300913491024999e6], [371.677, 7.301062148766283e6], [452.3, 7.301264579553067e6], [672.63, 7.426914114372034e6], [983.965, 7.80461582027396e6], [1039.012, 7.80461582027396e6], [1130.184, 8.056145560837533e6], [1227.089, 8.056145560837533e6], [1391.137, 8.182161832965997e6], [3600.018, 8.307900306274725e6]]"
y_pb,[[4.0 21.0 -0.0 -0.0 -0.0 -0.0 -0.0 -0.0 -0.0 -0.0; -0.0 0.0 -0.0 -0.0 -0.0 -0.0 -0.0 -0.0 -0.0 -0.0; -0.0 -0.0 -0.0 -0.0 -0.0 0.0 -0.0 -0.0 -0.0 -0.0; -0.0 -0.0 -0.0 -0.0 -0.0 -0.0 0.0 -0.0 -0.0 -0.0; -0.0 -0.0 -0.0 -0.0 -0.0 -0.0 -0.0 -0.0 -0.0 36.0; -0.0 -0.0 -0.0 -0.0 -0.0 -0.0 -0.0 -0.0 -0.0 0.0;;;]]
x_bb,"[25.0, 0.0, 0.0, 0.0, 36.0, 0.0]"
x_box,"[30.0, 2.0, 0.0, 0.0, 29.0, 0.0]"
evol_zeta,"[[1.87, 35.25], [2.392, 27.749999999999993], [2.417, 26.4], [2.523, 22.2], [2.715, 21.6], [2.924, 19.333333333333332], [3.363, 18.75], [3.768, 17.8], [4.365, 16.333333333333336], [9.928, 16.166666666666664], [13.245, 15.0], [16.998, 16.6], [17.762, 14.833333333333334], [21.969, 13.0], [30.845, 15.75], [37.467, 12.833333333333334], [51.239, 13.833333333333277], [59.913, 12.833333333333332], [80.464, 12.285714285714267], [103.969, 11.75], [131.392, 11.8], [161.054, 12.166666666666664], [176.739, 12.142857142857139], [221.064, 12.999998230859276], [281.749, 11.333333333333332], [328.188, 10.714285714285715], [371.718, 12.000000000000014], [452.344, 11.714285714285712], [672.678, 11.333333333333332], [984.024, 11.571428572685715], [1039.057, 10.250000001125004], [1130.241, 10.0], [1227.14, 10.428571428571429], [1391.185, 9.714285714285714], [3600.035, 0.0]]"
ξ_box,[20.0 0.0 27.0 13.0 18.0; 12.0 0.0 19.0 17.0 10.0; 1.0 12.0 17.0 9.0 7.0; 0.0 13.0 18.0 10.0 8.0; -0.0 17.0 22.0 14.0 12.0; 23.0 28.0 0.0 14.0 7.0; 10.0 17.0 0.0 2.0 20.0; 9.0 15.0 0.0 6.0 14.0; 15.0 22.0 0.0 13.0 18.0; 36.0 -0.0 22.0 29.0 12.0]
