first,second
s_box,[27.0; 27.0; 11.0; 7.0; 3.0; 1.0; 8.0; 13.0; 16.0; 0.0;;]
x_pb,"[-0.0, -0.0, -0.0, 8.0, -0.0, 29.0]"
s_bb,[27.0; 27.0; 11.0; 7.0; 3.0; 1.0; 8.0; 13.0; 16.0; 0.0;;]
partition_bb,"[[[0.0, 0.0, 0.0, 0.0, 0.0, 0.0, 0.0, 0.0, 8.0, 29.0], [11.0, 27.0, 0.0, 0.0, 0.0, 0.0, 0.0, 0.0, 0.0, 0.0], [0.0, 0.0, 0.0, 0.0, 0.0, 0.0, 4.0, 7.0, 24.0, 3.0], [27.0, 11.0, 0.0, 0.0, 0.0, 0.0, 0.0, 0.0, 0.0, 0.0], [0.0, 0.0, 11.0, 6.0, 3.0, 0.0, 0.0, 0.0, 0.0, 0.0], [0.0, 0.0, 5.0, 0.0, 3.0, 1.0, 4.0, 13.0, 0.0, 0.0], [0.0, 0.0, 5.0, 0.0, 3.0, 0.0, 8.0, 12.0, 0.0, 0.0], [0.0, 0.0, 11.0, 7.0, 3.0, 0.0, 8.0, 8.0, 0.0, 0.0]]]"
y_box,[0.0 0.0 -0.0 -0.0 -0.0 -0.0 -0.0 -0.0 -0.0 -0.0; -0.0 -0.0 -0.0 -0.0 -0.0 -0.0 -0.0 -0.0 -0.0 -0.0; -0.0 -0.0 0.0 0.0 0.0 0.0 -0.0 -0.0 -0.0 -0.0; -0.0 -0.0 -0.0 -0.0 -0.0 -0.0 0.0 0.0 8.0 -0.0; -0.0 -0.0 -0.0 -0.0 -0.0 -0.0 -0.0 -0.0 -0.0 -0.0; -0.0 -0.0 -0.0 -0.0 -0.0 -0.0 -0.0 -0.0 -0.0 29.0;;;]
evol_bb,"[[0.304, 1.4942312036287805e7]]"
y_bb,[0.0 0.0 -0.0 -0.0 -0.0 -0.0 -0.0 -0.0 -0.0 -0.0; -0.0 -0.0 -0.0 -0.0 -0.0 -0.0 -0.0 -0.0 -0.0 -0.0; -0.0 -0.0 0.0 0.0 0.0 0.0 -0.0 -0.0 -0.0 -0.0; -0.0 -0.0 -0.0 -0.0 -0.0 -0.0 0.0 0.0 8.0 -0.0; -0.0 -0.0 -0.0 -0.0 -0.0 -0.0 -0.0 -0.0 -0.0 -0.0; -0.0 -0.0 -0.0 -0.0 -0.0 -0.0 -0.0 -0.0 -0.0 29.0;;;]
evol_box,"[[0.474, 0.0], [2.31, 225.0], [2.401, 5.024997631672004e6], [2.405, 8.595230817333693e6], [2.409, 1.0710924556985063e7], [2.413, 1.3355541731549276e7], [2.416, 1.428115774264675e7], [2.419, 1.4810081177559594e7], [2.422, 1.4942312036287805e7]]"
y_pb,[[0.0 -0.0 -0.0 -0.0 -0.0 -0.0 -0.0 -0.0 -0.0 -0.0; -0.0 0.0 -0.0 -0.0 -0.0 -0.0 -0.0 -0.0 -0.0 -0.0; -0.0 -0.0 0.0 -0.0 -0.0 -0.0 -0.0 -0.0 -0.0 -0.0; -0.0 -0.0 -0.0 -0.0 -0.0 -0.0 -0.0 -0.0 8.0 -0.0; -0.0 -0.0 -0.0 -0.0 -0.0 -0.0 -0.0 -0.0 0.0 -0.0; -0.0 -0.0 -0.0 -0.0 -0.0 -0.0 -0.0 -0.0 -0.0 29.000000000000004;;;]]
x_bb,"[0.0, 0.0, 0.0, 8.0, 0.0, 29.0]"
x_box,"[0.0, 0.0, 0.0, 8.0, 0.0, 29.0]"
evol_zeta,"[[1.879, 29.0], [2.399, 26.5], [2.404, 15.75], [2.408, 15.5], [2.411, 11.0], [2.415, 6.0], [2.418, 4.0], [2.421, 1.0], [2.424, 0.0]]"
ξ_box,[27.0; 27.0; 11.0; 7.0; 3.0; 1.0; 8.0; 13.0; 24.0; 29.0;;]
