first,second
s_box,[20.0 21.0 5.0 0.0 15.0; 0.0 0.0 3.0 0.0 20.0; 0.0 9.0 3.0 0.0 0.0; 0.0 4.0 14.0 0.0 8.0; 6.0 2.0 11.0 0.0 8.0; 13.0 0.0 0.0 0.0 0.0; 0.0 0.0 4.0 14.0 7.0; 12.0 15.0 16.0 24.0 0.0; 7.0 7.0 2.0 10.0 0.0; 0.0 0.0 1.0 11.0 0.0]
x_pb,"[30.0, 2.0, -0.0, 21.0, -0.0, -0.0]"
s_bb,[0.0 -0.0 -0.0 -0.0 -0.0; 25.0 -0.0 -0.0 -0.0 -0.0; 25.0 -0.0 -0.0 -0.0 -0.0; 20.0 -0.0 -0.0 -0.0 -0.0; 20.0 -0.0 -0.0 -0.0 -0.0; 0.0 -0.0 -0.0 -0.0 -0.0; 17.0 -0.0 -0.0 -0.0 -0.0; 24.0 -0.0 -0.0 -0.0 -0.0; 15.0 -0.0 -0.0 -0.0 -0.0; 11.0 -0.0 -0.0 -0.0 -0.0]
partition_bb,"[[[30.0, 16.0, 7.0, 0.0, 0.0, 0.0, 0.0, 0.0, 0.0, 0.0], [0.0, 0.0, 0.0, 0.0, 0.0, 0.0, 9.0, 24.0, 13.0, 9.0], [0.0, 0.0, 0.0, 14.0, 14.0, 21.0, 4.0, 0.0, 0.0, 0.0], [2.0, 11.0, 25.0, 9.0, 7.0, 2.0, 0.0, 0.0, 0.0, 0.0], [13.0, 27.0, 13.0, 0.0, 0.0, 0.0, 0.0, 0.0, 0.0, 0.0], [0.0, 1.0, 15.0, 0.0, 0.0, 0.0, 17.0, 2.0, 7.0, 11.0], [0.0, 0.0, 2.0, 18.0, 20.0, 13.0, 0.0, 0.0, 0.0, 0.0], [0.0, 10.0, 0.0, 0.0, 2.0, 0.0, 0.0, 15.0, 15.0, 11.0], [0.0, 0.0, 4.0, 20.0, 18.0, 13.0, 0.0, 0.0, 0.0, 0.0]], Vector{Float64}[], Vector{Float64}[], Vector{Float64}[], Vector{Float64}[]]"
y_box,[0.0 12.0 0.0 0.0 0.0 0.0 0.0 0.0 0.0 0.0; 0.0 0.0 0.0 0.0 0.0 0.0 0.0 0.0 0.0 0.0; 7.0 0.0 0.0 6.0 0.0 0.0 0.0 0.0 0.0 0.0; 0.0 4.0 9.0 0.0 0.0 0.0 0.0 1.0 0.0 11.0; 0.0 0.0 0.0 0.0 0.0 0.0 0.0 0.0 0.0 0.0; 3.0 0.0 0.0 0.0 0.0 0.0 0.0 0.0 0.0 0.0;;; 0.0 0.0 0.0 0.0 0.0 0.0 12.0 0.0 0.0 0.0; 0.0 0.0 0.0 0.0 0.0 0.0 0.0 0.0 0.0 0.0; 0.0 3.0 10.0 0.0 0.0 0.0 0.0 0.0 0.0 0.0; 0.0 17.0 0.0 0.0 0.0 0.0 5.0 0.0 0.0 3.0; 0.0 0.0 0.0 0.0 0.0 0.0 0.0 0.0 0.0 0.0; 0.0 0.0 0.0 0.0 0.0 0.0 0.0 3.0 0.0 0.0;;; 12.0 0.0 0.0 0.0 0.0 0.0 0.0 0.0 0.0 0.0; 0.0 0.0 0.0 0.0 0.0 0.0 0.0 0.0 0.0 0.0; 0.0 0.0 13.0 0.0 0.0 0.0 0.0 0.0 0.0 0.0; 0.0 0.0 1.0 0.0 3.0 21.0 0.0 0.0 0.0 0.0; 0.0 0.0 0.0 0.0 0.0 0.0 0.0 0.0 0.0 0.0; 0.0 0.0 0.0 0.0 0.0 0.0 0.0 0.0 3.0 0.0;;; 12.0 0.0 0.0 0.0 0.0 0.0 0.0 0.0 0.0 0.0; 0.0 0.0 0.0 0.0 0.0 0.0 0.0 0.0 0.0 0.0; 0.0 0.0 13.0 0.0 0.0 0.0 0.0 0.0 0.0 0.0; 0.0 0.0 0.0 6.0 6.0 13.0 0.0 0.0 0.0 0.0; 0.0 0.0 0.0 0.0 0.0 0.0 0.0 0.0 0.0 0.0; 0.0 0.0 0.0 0.0 0.0 0.0 0.0 0.0 3.0 0.0;;; 0.0 1.0 8.0 0.0 0.0 3.0 0.0 0.0 0.0 0.0; 0.0 0.0 0.0 0.0 0.0 0.0 0.0 0.0 0.0 0.0; 0.0 0.0 13.0 0.0 0.0 0.0 0.0 0.0 0.0 0.0; 0.0 0.0 0.0 0.0 0.0 15.0 10.0 0.0 0.0 0.0; 0.0 0.0 0.0 0.0 0.0 0.0 0.0 0.0 0.0 0.0; 0.0 0.0 1.0 0.0 0.0 0.0 0.0 2.0 0.0 0.0]
evol_bb,"[[217.124, 1.6547143656877717e7]]"
y_bb,[30.0 -0.0 -0.0 -0.0 -0.0 -0.0 -0.0 -0.0 -0.0 -0.0; -0.0 2.0 -0.0 -0.0 -0.0 -0.0 -0.0 -0.0 -0.0 -0.0; -0.0 -0.0 0.0 -0.0 -0.0 -0.0 -0.0 -0.0 -0.0 -0.0; -0.0 -0.0 -0.0 0.0 -0.0 21.0 -0.0 -0.0 -0.0 -0.0; -0.0 -0.0 -0.0 -0.0 -0.0 -0.0 0.0 -0.0 -0.0 -0.0; -0.0 -0.0 -0.0 -0.0 -0.0 -0.0 -0.0 0.0 0.0 0.0;;; -0.0 -0.0 -0.0 -0.0 -0.0 -0.0 -0.0 -0.0 -0.0 -0.0; -0.0 -0.0 -0.0 -0.0 -0.0 -0.0 -0.0 -0.0 -0.0 -0.0; -0.0 -0.0 -0.0 -0.0 -0.0 -0.0 -0.0 -0.0 -0.0 -0.0; -0.0 -0.0 -0.0 -0.0 -0.0 -0.0 -0.0 -0.0 -0.0 -0.0; -0.0 -0.0 -0.0 -0.0 -0.0 -0.0 -0.0 -0.0 -0.0 -0.0; -0.0 -0.0 -0.0 -0.0 -0.0 -0.0 -0.0 -0.0 -0.0 -0.0;;; -0.0 -0.0 -0.0 -0.0 -0.0 -0.0 -0.0 -0.0 -0.0 -0.0; -0.0 -0.0 -0.0 -0.0 -0.0 -0.0 -0.0 -0.0 -0.0 -0.0; -0.0 -0.0 -0.0 -0.0 -0.0 -0.0 -0.0 -0.0 -0.0 -0.0; -0.0 -0.0 -0.0 -0.0 -0.0 -0.0 -0.0 -0.0 -0.0 -0.0; -0.0 -0.0 -0.0 -0.0 -0.0 -0.0 -0.0 -0.0 -0.0 -0.0; -0.0 -0.0 -0.0 -0.0 -0.0 -0.0 -0.0 -0.0 -0.0 -0.0;;; -0.0 -0.0 -0.0 -0.0 -0.0 -0.0 -0.0 -0.0 -0.0 -0.0; -0.0 -0.0 -0.0 -0.0 -0.0 -0.0 -0.0 -0.0 -0.0 -0.0; -0.0 -0.0 -0.0 -0.0 -0.0 -0.0 -0.0 -0.0 -0.0 -0.0; -0.0 -0.0 -0.0 -0.0 -0.0 -0.0 -0.0 -0.0 -0.0 -0.0; -0.0 -0.0 -0.0 -0.0 -0.0 -0.0 -0.0 -0.0 -0.0 -0.0; -0.0 -0.0 -0.0 -0.0 -0.0 -0.0 -0.0 -0.0 -0.0 -0.0;;; -0.0 -0.0 -0.0 -0.0 -0.0 -0.0 -0.0 -0.0 -0.0 -0.0; -0.0 -0.0 -0.0 -0.0 -0.0 -0.0 -0.0 -0.0 -0.0 -0.0; -0.0 -0.0 -0.0 -0.0 -0.0 -0.0 -0.0 -0.0 -0.0 -0.0; -0.0 -0.0 -0.0 -0.0 -0.0 -0.0 -0.0 -0.0 -0.0 -0.0; -0.0 -0.0 -0.0 -0.0 -0.0 -0.0 -0.0 -0.0 -0.0 -0.0; -0.0 -0.0 -0.0 -0.0 -0.0 -0.0 -0.0 -0.0 -0.0 -0.0]
evol_box,"[[0.444, 0.0], [2.157, 234.06883832496828], [2.274, 211749.3616906866], [2.382, 211749.3616906866], [2.529, 211749.3616906866], [2.692, 211990.58571007234], [3.072, 2.1083155752163874e6], [3.431, 2.108695526582445e6], [4.085, 2.529687914978262e6], [6.742, 2.5296879149782616e6], [7.711, 2.5303462668465744e6], [10.489, 3.5836385179191334e6], [13.432, 3.5836385179191334e6], [15.712, 3.794530721412306e6], [19.48, 4.110647181424e6], [21.997, 4.216051145560181e6], [24.96, 4.216051145560181e6], [28.242, 4.321482989674181e6], [35.133, 4.426950784569072e6], [41.849, 4.637822442416702e6], [62.251, 4.848451026066277e6], [76.238, 4.848489878501657e6], [86.665, 4.848588451605454e6], [93.654, 4.953761346209254e6], [122.514, 5.164637460214121e6], [177.135, 5.164637460214121e6], [198.489, 5.164667306238946e6], [231.296, 5.165039845797225e6], [247.43, 5.165161038096346e6], [272.953, 5.164953596714399e6], [310.702, 5.269944837239384e6], [361.69, 5.375401356628345e6], [405.863, 5.375712468583594e6], [502.66, 5.4808186366708325e6], [585.091, 5.586286033532355e6], [680.698, 5.691567577154987e6], [818.106, 5.796982983297247e6], [1170.248, 5.902694153717461e6], [1387.414, 6.008084639874979e6], [1726.643, 6.113142624614819e6], [2014.805, 6.113172300517147e6], [2564.508, 6.113172300517147e6], [3600.061, 6.218644406016184e6]]"
y_pb,[[30.0 -0.0 -0.0 -0.0 -0.0 -0.0 -0.0 -0.0 -0.0 -0.0; -0.0 2.0 -0.0 -0.0 -0.0 -0.0 -0.0 -0.0 -0.0 -0.0; -0.0 0.0 -0.0 -0.0 -0.0 -0.0 -0.0 -0.0 -0.0 -0.0; -0.0 -0.0 -0.0 -0.0 -0.0 21.0 -0.0 -0.0 -0.0 -0.0; -0.0 -0.0 -0.0 -0.0 -0.0 0.0 -0.0 -0.0 -0.0 -0.0; -0.0 -0.0 -0.0 -0.0 -0.0 -0.0 -0.0 -0.0 0.0 -0.0;;;]]
x_bb,"[30.0, 2.0, 0.0, 21.0, 0.0, 0.0]"
x_box,"[12.0, 0.0, 13.0, 25.0, 0.0, 3.0]"
evol_zeta,"[[1.762, 30.0], [2.245, 23.5], [2.29, 21.0], [2.416, 18.0], [2.554, 17.714285714285715], [2.734, 16.8], [3.095, 16.2], [3.45, 16.200001969716823], [4.132, 15.428571428571429], [6.801, 14.571428572985717], [7.771, 14.33333333333334], [10.522, 14.6], [13.46, 14.0], [15.751, 13.666666666666664], [19.529, 14.0], [22.026, 14.0], [24.987, 13.999999999999998], [28.267, 13.4], [35.202, 12.8], [41.896, 13.0], [62.306, 12.166666666666666], [76.276, 12.333333333333334], [86.716, 12.833333333333334], [93.694, 13.4], [122.559, 12.125], [177.176, 13.2], [198.531, 12.2], [231.345, 11.833333333333334], [247.475, 11.833333333333332], [273.004, 11.833333333333332], [310.737, 11.428571428571429], [361.729, 11.142857142857142], [405.905, 11.142857142857144], [502.692, 11.0], [585.12, 10.833333333333332], [680.749, 10.142857142857144], [818.149, 11.0], [1170.298, 10.142857143971444], [1387.455, 10.285714285714286], [1726.696, 9.714285714285714], [2014.847, 10.142857142857144], [2564.559, 8.42857142857143], [3600.075, 0.0]]"
ξ_box,[30.0 21.0 17.0 12.0 15.0; 16.0 19.0 3.0 0.0 21.0; 9.0 19.0 17.0 13.0 22.0; 6.0 4.0 14.0 6.0 8.0; 6.0 2.0 14.0 6.0 8.0; 13.0 -0.0 21.0 13.0 15.0; 0.0 17.0 4.0 14.0 17.0; 13.0 18.0 16.0 24.0 2.0; 7.0 7.0 5.0 13.0 0.0; 11.0 3.0 1.0 11.0 -0.0]
