first,second
s_box,[36.0 9.0 10.0 0.0 0.0; 0.0 7.0 0.0 0.0 0.0; 0.0 0.0 0.0 0.0 0.0; 12.0 18.0 0.0 27.0 0.0; 11.0 4.0 0.0 11.0 11.0; 0.0 20.0 20.0 0.0 25.0; 3.0 0.0 12.0 0.0 15.0; 0.0 4.0 0.0 0.0 11.0; 0.0 0.0 20.0 10.0 0.0; 0.0 0.0 0.0 15.0 0.0]
x_pb,"[-0.0, 36.0, 21.0, -0.0, -0.0, -0.0]"
s_bb,[0.0 -0.0 -0.0 -0.0 -0.0; 8.0 -0.0 -0.0 -0.0 -0.0; 24.0 -0.0 -0.0 -0.0 -0.0; 27.0 -0.0 -0.0 -0.0 -0.0; 11.0 -0.0 -0.0 -0.0 -0.0; 25.0 -0.0 -0.0 -0.0 -0.0; 21.0 -0.0 -0.0 -0.0 -0.0; 19.0 -0.0 -0.0 -0.0 -0.0; 20.0 -0.0 -0.0 -0.0 -0.0; 21.0 -0.0 -0.0 -0.0 -0.0]
partition_bb,"[[[36.0, 15.0, 8.0, 0.0, 0.0, 0.0, 0.0, 0.0, 0.0, 0.0], [0.0, 13.0, 6.0, 27.0, 11.0, 0.0, 0.0, 0.0, 0.0, 0.0], [0.0, 0.0, 0.0, 0.0, 6.0, 25.0, 16.0, 9.0, 2.0, 1.0], [0.0, 0.0, 0.0, 0.0, 0.0, 0.0, 6.0, 13.0, 19.0, 21.0], [0.0, 17.0, 24.0, 0.0, 0.0, 2.0, 11.0, 4.0, 0.0, 0.0], [8.0, 29.0, 22.0, 0.0, 0.0, 0.0, 0.0, 0.0, 0.0, 0.0], [0.0, 0.0, 0.0, 0.0, 0.0, 3.0, 12.0, 19.0, 12.0, 11.0], [0.0, 0.0, 0.0, 0.0, 0.0, 12.0, 21.0, 14.0, 7.0, 6.0], [0.0, 0.0, 0.0, 0.0, 0.0, 0.0, 6.0, 13.0, 20.0, 18.0]], Vector{Float64}[], Vector{Float64}[], Vector{Float64}[], Vector{Float64}[]]"
y_box,[0.0 0.0 0.0 0.0 0.0 0.0 0.0 0.0 0.0 0.0; 0.0 20.0 4.0 0.0 0.0 0.0 0.0 0.0 0.0 0.0; 0.0 0.0 20.0 0.0 0.0 3.0 0.0 0.0 0.0 0.0; 0.0 0.0 0.0 0.0 0.0 0.0 0.0 0.0 0.0 0.0; 0.0 0.0 0.0 0.0 0.0 0.0 0.0 0.0 0.0 0.0; 0.0 0.0 0.0 0.0 0.0 10.0 0.0 0.0 0.0 0.0;;; 0.0 0.0 0.0 0.0 0.0 0.0 0.0 0.0 0.0 0.0; 1.0 14.0 0.0 1.0 0.0 0.0 8.0 0.0 0.0 0.0; 2.0 0.0 20.0 1.0 0.0 0.0 0.0 0.0 0.0 0.0; 0.0 0.0 0.0 0.0 0.0 0.0 0.0 0.0 0.0 0.0; 0.0 0.0 0.0 0.0 0.0 0.0 0.0 0.0 0.0 0.0; 7.0 0.0 0.0 0.0 0.0 0.0 3.0 0.0 0.0 0.0;;; 0.0 0.0 0.0 0.0 0.0 0.0 0.0 0.0 0.0 0.0; 9.0 0.0 0.0 12.0 2.0 1.0 0.0 0.0 0.0 0.0; 1.0 0.0 0.0 0.0 0.0 0.0 0.0 8.0 0.0 14.0; 0.0 0.0 0.0 0.0 0.0 0.0 0.0 0.0 0.0 0.0; 0.0 0.0 0.0 0.0 0.0 0.0 0.0 0.0 0.0 0.0; 1.0 0.0 0.0 0.0 0.0 0.0 0.0 5.0 0.0 4.0;;; 0.0 0.0 0.0 0.0 0.0 0.0 0.0 0.0 0.0 0.0; 24.0 0.0 0.0 0.0 0.0 0.0 0.0 0.0 0.0 0.0; 0.0 15.0 8.0 0.0 0.0 0.0 0.0 0.0 0.0 0.0; 0.0 0.0 0.0 0.0 0.0 0.0 0.0 0.0 0.0 0.0; 0.0 0.0 0.0 0.0 0.0 0.0 0.0 0.0 0.0 0.0; 0.0 0.0 0.0 0.0 0.0 0.0 0.0 7.0 3.0 0.0;;; 0.0 0.0 0.0 0.0 0.0 0.0 0.0 0.0 0.0 0.0; 0.0 0.0 0.0 11.0 0.0 0.0 0.0 0.0 0.0 13.0; 0.0 0.0 12.0 0.0 0.0 0.0 0.0 0.0 11.0 0.0; 0.0 0.0 0.0 0.0 0.0 0.0 0.0 0.0 0.0 0.0; 0.0 0.0 0.0 0.0 0.0 0.0 0.0 0.0 0.0 0.0; 0.0 5.0 0.0 2.0 0.0 0.0 3.0 0.0 0.0 0.0]
evol_bb,"[[253.394, 2.0346584062492393e7]]"
y_bb,[-0.0 -0.0 -0.0 -0.0 -0.0 -0.0 -0.0 -0.0 -0.0 -0.0; 36.0 -0.0 -0.0 -0.0 -0.0 -0.0 -0.0 -0.0 -0.0 -0.0; -0.0 21.0 0.0 0.0 -0.0 -0.0 -0.0 -0.0 -0.0 -0.0; -0.0 -0.0 -0.0 -0.0 0.0 -0.0 -0.0 -0.0 -0.0 -0.0; -0.0 -0.0 -0.0 -0.0 -0.0 -0.0 -0.0 -0.0 -0.0 -0.0; -0.0 -0.0 -0.0 -0.0 -0.0 0.0 0.0 0.0 0.0 0.0;;; -0.0 -0.0 -0.0 -0.0 -0.0 -0.0 -0.0 -0.0 -0.0 -0.0; -0.0 -0.0 -0.0 -0.0 -0.0 -0.0 -0.0 -0.0 -0.0 -0.0; -0.0 -0.0 -0.0 -0.0 -0.0 -0.0 -0.0 -0.0 -0.0 -0.0; -0.0 -0.0 -0.0 -0.0 -0.0 -0.0 -0.0 -0.0 -0.0 -0.0; -0.0 -0.0 -0.0 -0.0 -0.0 -0.0 -0.0 -0.0 -0.0 -0.0; -0.0 -0.0 -0.0 -0.0 -0.0 -0.0 -0.0 -0.0 -0.0 -0.0;;; -0.0 -0.0 -0.0 -0.0 -0.0 -0.0 -0.0 -0.0 -0.0 -0.0; -0.0 -0.0 -0.0 -0.0 -0.0 -0.0 -0.0 -0.0 -0.0 -0.0; -0.0 -0.0 -0.0 -0.0 -0.0 -0.0 -0.0 -0.0 -0.0 -0.0; -0.0 -0.0 -0.0 -0.0 -0.0 -0.0 -0.0 -0.0 -0.0 -0.0; -0.0 -0.0 -0.0 -0.0 -0.0 -0.0 -0.0 -0.0 -0.0 -0.0; -0.0 -0.0 -0.0 -0.0 -0.0 -0.0 -0.0 -0.0 -0.0 -0.0;;; -0.0 -0.0 -0.0 -0.0 -0.0 -0.0 -0.0 -0.0 -0.0 -0.0; -0.0 -0.0 -0.0 -0.0 -0.0 -0.0 -0.0 -0.0 -0.0 -0.0; -0.0 -0.0 -0.0 -0.0 -0.0 -0.0 -0.0 -0.0 -0.0 -0.0; -0.0 -0.0 -0.0 -0.0 -0.0 -0.0 -0.0 -0.0 -0.0 -0.0; -0.0 -0.0 -0.0 -0.0 -0.0 -0.0 -0.0 -0.0 -0.0 -0.0; -0.0 -0.0 -0.0 -0.0 -0.0 -0.0 -0.0 -0.0 -0.0 -0.0;;; -0.0 -0.0 -0.0 -0.0 -0.0 -0.0 -0.0 -0.0 -0.0 -0.0; -0.0 -0.0 -0.0 -0.0 -0.0 -0.0 -0.0 -0.0 -0.0 -0.0; -0.0 -0.0 -0.0 -0.0 -0.0 -0.0 -0.0 -0.0 -0.0 -0.0; -0.0 -0.0 -0.0 -0.0 -0.0 -0.0 -0.0 -0.0 -0.0 -0.0; -0.0 -0.0 -0.0 -0.0 -0.0 -0.0 -0.0 -0.0 -0.0 -0.0; -0.0 -0.0 -0.0 -0.0 -0.0 -0.0 -0.0 -0.0 -0.0 -0.0]
evol_box,"[[0.48, 0.0], [2.369, 231740.11081540084], [2.52, 231740.1108154008], [2.761, 233860.1789107372], [3.329, 233860.17891073565], [4.058, 463665.40789359016], [5.289, 2.660040115451477e6], [5.667, 3.1224607467629667e6], [6.673, 3.58483679874431e6], [11.067, 3.931028613310207e6], [14.439, 3.9310279863745086e6], [17.821, 4.624754941720472e6], [23.031, 4.624754941720465e6], [28.628, 4.625210810049189e6], [35.409, 4.9720954781104345e6], [47.302, 5.202843971590358e6], [64.412, 5.318261908665086e6], [75.219, 5.319628237667987e6], [86.565, 5.781170901990795e6], [107.696, 5.7811709019907955e6], [129.943, 6.012896516920486e6], [166.561, 6.127635425520432e6], [200.809, 6.127757795663133e6], [243.972, 6.127842074421873e6], [316.004, 6.243690336377246e6], [417.022, 6.358995531316765e6], [459.23, 6.359184627813424e6], [589.834, 6.474632869437063e6], [806.613, 6.7065655859566e6], [1100.744, 6.821066474846857e6], [1498.123, 6.936893723650289e6], [1931.021, 6.937302075608287e6], [2307.124, 7.052424773202362e6], [3600.034, 7.283699040937002e6]]"
y_pb,[[0.0 -0.0 -0.0 -0.0 -0.0 -0.0 -0.0 -0.0 -0.0 -0.0; 36.0 -0.0 -0.0 -0.0 -0.0 -0.0 -0.0 -0.0 -0.0 -0.0; -0.0 21.0 -0.0 -0.0 -0.0 -0.0 -0.0 -0.0 -0.0 -0.0; -0.0 0.0 -0.0 -0.0 -0.0 -0.0 -0.0 -0.0 -0.0 -0.0; -0.0 -0.0 -0.0 -0.0 -0.0 0.0 -0.0 -0.0 -0.0 -0.0; -0.0 -0.0 -0.0 -0.0 -0.0 -0.0 -0.0 0.0 -0.0 -0.0;;;]]
x_bb,"[0.0, 36.0, 21.0, 0.0, 0.0, 0.0]"
x_box,"[0.0, 24.0, 23.0, 0.0, 0.0, 10.0]"
evol_zeta,"[[1.915, 35.33333333333345], [2.471, 27.0], [2.54, 24.666666666666664], [2.864, 23.500000002450008], [3.385, 20.2], [4.105, 20.0], [5.331, 19.6], [5.739, 17.8], [6.759, 15.000000000000005], [11.114, 16.4], [14.469, 16.0], [17.885, 15.75], [23.078, 14.8], [28.663, 14.6], [35.443, 14.6], [47.354, 13.4], [64.508, 12.333333333333334], [75.274, 12.333333333333332], [86.636, 11.857142857142845], [107.754, 11.0], [129.985, 14.6], [166.592, 12.666666666666666], [200.849, 12.166666666666668], [244.026, 12.666666666666666], [316.061, 11.750000001275001], [417.098, 11.2], [459.302, 11.0], [589.896, 11.0], [806.678, 11.0], [1100.815, 11.0], [1498.189, 11.571428571428571], [1931.079, 11.0], [2307.16, 11.0], [3600.049, 0.0]]"
ξ_box,[36.0 19.0 21.0 24.0 0.0; 20.0 18.0 0.0 15.0 5.0; 24.0 20.0 -0.0 8.0 12.0; 12.0 20.0 12.0 27.0 13.0; 11.0 4.0 2.0 11.0 11.0; 13.0 20.0 21.0 -0.0 25.0; 3.0 11.0 12.0 -0.0 17.0; -0.0 4.0 13.0 7.0 11.0; -0.0 -0.0 20.0 13.0 11.0; -0.0 -0.0 18.0 15.0 13.0]
