first,second
s_box,[0.0 0.0 0.0; 12.0 15.0 8.0; 4.0 4.0 0.0; 13.0 0.0 17.0; 3.0 0.0 13.0; 6.0 14.0 15.0; 9.0 14.0 18.0; 24.0 24.0 16.0; 10.0 0.0 0.0; 26.0 35.0 20.0]
x_pb,"[17.0, 13.000000000000004, -0.0, -0.0, -0.0, 27.999999999999996]"
s_bb,[0.0 -0.0 -0.0; 23.0 -0.0 -0.0; 4.0 -0.0 -0.0; 21.0 -0.0 -0.0; 20.0 -0.0 -0.0; 18.0 -0.0 -0.0; 20.0 -0.0 -0.0; 26.0 -0.0 -0.0; 0.0 -0.0 -0.0; 35.0 -0.0 -0.0]
partition_bb,"[[[13.0, 36.0, 4.0, 5.0, 0.0, 0.0, 0.0, 0.0, 0.0, 0.0], [0.0, 0.0, 0.0, 0.0, 0.0, 0.0, 0.0, 7.0, 18.0, 35.0], [0.0, 0.0, 1.0, 10.0, 20.0, 14.0, 14.0, 0.0, 0.0, 0.0], [0.0, 0.0, 0.0, 0.0, 4.0, 7.0, 10.0, 26.0, 15.0, 0.0], [0.0, 0.0, 4.0, 21.0, 11.0, 10.0, 13.0, 0.0, 0.0, 0.0], [0.0, 0.0, 0.0, 0.0, 0.0, 1.0, 1.0, 17.0, 28.0, 11.0], [0.0, 0.0, 0.0, 5.0, 14.0, 17.0, 20.0, 4.0, 0.0, 0.0], [17.0, 0.0, 4.0, 0.0, 0.0, 3.0, 6.0, 0.0, 0.0, 17.0], [0.0, 0.0, 4.0, 6.0, 12.0, 18.0, 17.0, 1.0, 0.0, 0.0]], Vector{Float64}[], Vector{Float64}[]]"
y_box,[17.0 0.0 0.0 0.0 0.0 0.0 0.0 0.0 0.0 0.0; 0.0 24.0 0.0 0.0 0.0 0.0 0.0 0.0 0.0 0.0; 0.0 0.0 0.0 0.0 0.0 0.0 0.0 0.0 0.0 0.0; 0.0 0.0 0.0 0.0 0.0 0.0 0.0 0.0 0.0 0.0; 0.0 0.0 0.0 0.0 0.0 0.0 0.0 0.0 0.0 0.0; 0.0 0.0 0.0 0.0 0.0 0.0 0.0 0.0 17.0 0.0;;; 0.0 0.0 0.0 16.0 0.0 0.0 0.0 0.0 1.0 0.0; 0.0 1.0 0.0 3.0 20.0 0.0 0.0 0.0 0.0 0.0; 0.0 0.0 0.0 0.0 0.0 0.0 0.0 0.0 0.0 0.0; 0.0 0.0 0.0 0.0 0.0 0.0 0.0 0.0 0.0 0.0; 0.0 0.0 0.0 0.0 0.0 0.0 0.0 0.0 0.0 0.0; 0.0 0.0 0.0 0.0 0.0 0.0 0.0 0.0 17.0 0.0;;; 17.0 0.0 0.0 0.0 0.0 0.0 0.0 0.0 0.0 0.0; 0.0 24.0 0.0 0.0 0.0 0.0 0.0 0.0 0.0 0.0; 0.0 0.0 0.0 0.0 0.0 0.0 0.0 0.0 0.0 0.0; 0.0 0.0 0.0 0.0 0.0 0.0 0.0 0.0 0.0 0.0; 0.0 0.0 0.0 0.0 0.0 0.0 0.0 0.0 0.0 0.0; 0.0 0.0 0.0 0.0 0.0 0.0 0.0 0.0 17.0 0.0]
evol_bb,"[[30.433, 2.1164588407332793e7]]"
y_bb,[17.0 -0.0 -0.0 -0.0 -0.0 -0.0 -0.0 -0.0 -0.0 -0.0; -0.0 13.0 -0.0 -0.0 -0.0 -0.0 -0.0 -0.0 -0.0 -0.0; -0.0 -0.0 -0.0 -0.0 -0.0 -0.0 -0.0 -0.0 -0.0 -0.0; -0.0 -0.0 0.0 0.0 0.0 0.0 0.0 -0.0 -0.0 -0.0; -0.0 -0.0 -0.0 -0.0 -0.0 -0.0 -0.0 -0.0 -0.0 -0.0; -0.0 -0.0 -0.0 -0.0 -0.0 -0.0 -0.0 0.0 28.0 0.0;;; -0.0 -0.0 -0.0 -0.0 -0.0 -0.0 -0.0 -0.0 -0.0 -0.0; -0.0 -0.0 -0.0 -0.0 -0.0 -0.0 -0.0 -0.0 -0.0 -0.0; -0.0 -0.0 -0.0 -0.0 -0.0 -0.0 -0.0 -0.0 -0.0 -0.0; -0.0 -0.0 -0.0 -0.0 -0.0 -0.0 -0.0 -0.0 -0.0 -0.0; -0.0 -0.0 -0.0 -0.0 -0.0 -0.0 -0.0 -0.0 -0.0 -0.0; -0.0 -0.0 -0.0 -0.0 -0.0 -0.0 -0.0 -0.0 -0.0 -0.0;;; -0.0 -0.0 -0.0 -0.0 -0.0 -0.0 -0.0 -0.0 -0.0 -0.0; -0.0 -0.0 -0.0 -0.0 -0.0 -0.0 -0.0 -0.0 -0.0 -0.0; -0.0 -0.0 -0.0 -0.0 -0.0 -0.0 -0.0 -0.0 -0.0 -0.0; -0.0 -0.0 -0.0 -0.0 -0.0 -0.0 -0.0 -0.0 -0.0 -0.0; -0.0 -0.0 -0.0 -0.0 -0.0 -0.0 -0.0 -0.0 -0.0 -0.0; -0.0 -0.0 -0.0 -0.0 -0.0 -0.0 -0.0 -0.0 -0.0 -0.0]
evol_box,"[[0.491, 0.0], [2.416, 707.0767232812755], [2.539, 254304.76420755818], [2.626, 255156.6796524447], [2.767, 3.675867328773467e6], [2.885, 4.816357870423891e6], [3.047, 4.816966804782668e6], [3.197, 6.0840003746481575e6], [3.38, 6.3372104465342425e6], [3.594, 6.717437354404465e6], [3.959, 7.35098427237449e6], [4.218, 7.351041986330751e6], [4.565, 7.477751692072781e6], [5.685, 8.49172995916667e6], [6.327, 8.87166316303443e6], [7.146, 8.998351063914372e6], [8.105, 8.998498399787195e6], [8.969, 9.251815065303132e6], [10.294, 9.505302766918303e6], [11.384, 9.505302766918307e6], [12.412, 9.758890403953467e6], [13.544, 1.0265671070858158e7], [15.227, 1.0392550407425359e7], [18.861, 1.0899332481603393e7], [23.162, 1.089963106569683e7], [25.833, 1.1026065889571063e7], [29.586, 1.1026215591356259e7], [35.887, 1.1152795075718813e7], [41.285, 1.1152911213672748e7], [46.718, 1.1279531298233211e7], [53.225, 1.1279561088143803e7], [58.374, 1.127970351712676e7], [63.097, 1.140639424104071e7], [73.09, 1.1532991077801947e7], [80.449, 1.1532991015188964e7], [93.222, 1.1532991077801947e7], [106.831, 1.1532991077801947e7], [113.626, 1.1532991077801947e7], [125.69, 1.1532991077801947e7], [136.581, 1.1533393968466358e7], [144.394, 1.1659987979541441e7], [155.676, 1.1913187079885082e7], [168.62, 1.1913270835537843e7], [180.482, 1.191334920000263e7], [193.605, 1.203994418807922e7], [204.993, 1.203996482410273e7], [222.086, 1.2040005425035592e7], [235.329, 1.2166668442894805e7], [247.11, 1.2166726156116117e7], [266.572, 1.2293455815869741e7], [289.554, 1.2293456749537155e7], [308.364, 1.2420115082662597e7], [329.964, 1.2546847083356977e7], [350.901, 1.2546849897903658e7], [381.162, 1.2546919580823012e7], [406.833, 1.2673807382239548e7], [438.662, 1.2800311084745735e7], [474.979, 1.280033571916889e7], [503.6, 1.2800366457026292e7], [555.566, 1.280041384572829e7], [606.54, 1.2800445765439428e7], [652.761, 1.2927043085440112e7], [687.981, 1.2927162272906322e7], [782.832, 1.3053792447755458e7], [816.349, 1.3054027224586174e7], [864.839, 1.3180481044397421e7], [901.761, 1.3180515767639354e7], [943.238, 1.3180573244425174e7], [1026.442, 1.3180603058248684e7], [1071.947, 1.3180613135229087e7], [1124.797, 1.3180627738388263e7], [1186.095, 1.3180676762540035e7], [1245.616, 1.3180750284559509e7], [1352.361, 1.33072130450918e7], [1405.875, 1.33072130450918e7], [1511.619, 1.3307232746918567e7], [1594.735, 1.3307279017004717e7], [1681.061, 1.3307338099762382e7], [1780.414, 1.3307347738888143e7], [1857.061, 1.3433945045786178e7], [1976.426, 1.343394504578618e7], [2074.266, 1.343397976902811e7], [2153.027, 1.3433979769028112e7], [2287.01, 1.3433983292557552e7], [2402.252, 1.3434049215511976e7], [2492.955, 1.343407127182394e7], [2693.577, 1.3434107875210192e7], [2909.421, 1.3434157154748691e7], [3036.562, 1.3560681268300578e7], [3180.789, 1.356071176972249e7], [3279.95, 1.3560711769722488e7], [3546.67, 1.3560717398815852e7], [3600.058, 1.3560763854585387e7]]"
y_pb,[[17.0 -0.0 -0.0 -0.0 -0.0 -0.0 -0.0 -0.0 -0.0 -0.0; -0.0 13.000000000000004 -0.0 -0.0 -0.0 -0.0 -0.0 -0.0 -0.0 -0.0; -0.0 -0.0 -0.0 0.0 -0.0 -0.0 -0.0 -0.0 -0.0 -0.0; -0.0 -0.0 -0.0 0.0 -0.0 -0.0 -0.0 -0.0 -0.0 -0.0; -0.0 -0.0 -0.0 -0.0 -0.0 0.0 -0.0 -0.0 -0.0 -0.0; -0.0 -0.0 -0.0 -0.0 -0.0 -0.0 -0.0 -0.0 28.0 -0.0;;;]]
x_bb,"[17.0, 13.0, 0.0, 0.0, 0.0, 28.0]"
x_box,"[17.0, 24.0, 0.0, 0.0, 0.0, 17.0]"
evol_zeta,"[[1.975, 36.0], [2.519, 34.333333333333336], [2.551, 24.5], [2.644, 20.8], [2.781, 19.8], [2.919, 18.428571428571427], [3.065, 16.0], [3.229, 15.833333333333334], [3.388, 17.571428571428594], [3.612, 15.833333333333343], [3.97, 17.0], [4.236, 15.142857142857144], [4.583, 13.0], [5.694, 15.0], [6.347, 14.0], [7.157, 15.142857142857146], [8.12, 13.0], [8.988, 13.0], [10.312, 12.666666666666664], [11.397, 12.5], [12.429, 10.500000000000002], [13.557, 12.142857142857144], [15.238, 10.166666666666664], [18.875, 10.166666666666666], [23.177, 12.8], [25.841, 15.0], [29.6, 11.333333333333332], [35.899, 9.75], [41.305, 11.833333333333336], [46.73, 11.0], [53.232, 15.000000000000002], [58.395, 8.6], [63.121, 10.5], [73.115, 11.833333333333334], [80.496, 8.833333216007892], [93.237, 9.800000000000002], [106.842, 11.500000000000002], [113.655, 10.000000000000034], [125.706, 9.499999999999998], [136.604, 11.571428571428571], [144.414, 11.799999999999997], [155.708, 10.166666666666664], [168.645, 9.8], [180.518, 9.000000000000002], [193.62, 11.999999999999998], [205.011, 12.833333333333334], [222.099, 10.75], [235.343, 11.199999999999998], [247.15, 8.666666666666666], [266.62, 9.000000000000009], [289.591, 7.1666666666666705], [308.379, 10.4], [329.98, 6.0], [350.912, 10.42857142857143], [381.179, 7.666666666666668], [406.855, 7.0], [438.672, 8.166666666666664], [474.999, 8.250000000000005], [503.631, 7.666666666666665], [555.583, 7.4], [606.561, 7.166666666666668], [652.78, 6.666666666666668], [688.009, 8.666666666666666], [782.847, 9.166666666666666], [816.36, 11.50000000000003], [864.852, 8.333333333333337], [901.78, 6.75], [943.253, 7.5], [1026.467, 8.75], [1071.967, 5.399999999999999], [1124.816, 6.142857142857138], [1186.115, 6.399999999999999], [1245.627, 13.600000000000001], [1352.378, 5.666666666666667], [1405.893, 7.20000000000001], [1511.637, 8.0], [1594.758, 4.800000000000001], [1681.077, 7.166666666666669], [1780.433, 5.600000000000001], [1857.073, 6.166666667383339], [1976.444, 6.249999999999997], [2074.28, 7.5], [2153.042, 7.166666666666664], [2287.028, 5.800000000000001], [2402.272, 6.333333333333336], [2492.971, 6.714285714285716], [2693.607, 5.333333333333336], [2909.442, 5.999999999999991], [3036.575, 8.75], [3180.81, 5.2], [3279.963, 8.000000000000004], [3546.689, 4.0], [3600.071, 0.0]]"
ξ_box,[17.0 0.0 17.0; 36.0 16.0 32.0; 4.0 4.0 0.0; 13.0 19.0 17.0; 3.0 20.0 13.0; 6.0 14.0 15.0; 9.0 14.0 18.0; 24.0 24.0 16.0; 27.0 18.0 17.0; 26.0 35.0 20.0]
