first,second
s_box,[0.0; 0.0; 16.0; 14.0; 7.0; 4.0; 14.0; 21.0; 21.0; 26.0;;]
x_pb,"[36.0, 0.0, -0.0, -0.0, -0.0, -0.0]"
s_bb,[0.0; 0.0; 16.0; 14.0; 7.0; 4.0; 14.0; 21.0; 21.0; 26.0;;]
partition_bb,"[[[0.0, 2.0, 0.0, 8.0, 0.0, 0.0, 0.0, 0.0, 0.0, 26.0], [0.0, 0.0, 0.0, 0.0, 0.0, 0.0, 0.0, 21.0, 16.0, 0.0], [20.0, 12.0, 6.0, 0.0, 0.0, 0.0, 0.0, 0.0, 0.0, 0.0], [0.0, 8.0, 2.0, 0.0, 0.0, 0.0, 14.0, 0.0, 0.0, 0.0], [2.0, 10.0, 16.0, 8.0, 0.0, 0.0, 0.0, 0.0, 0.0, 0.0], [0.0, 0.0, 0.0, 0.0, 7.0, 4.0, 0.0, 15.0, 10.0, 0.0], [0.0, 3.0, 9.0, 14.0, 7.0, 4.0, 0.0, 0.0, 0.0, 0.0], [0.0, 0.0, 0.0, 0.0, 0.0, 0.0, 0.0, 16.0, 21.0, 0.0], [8.0, 16.0, 10.0, 2.0, 0.0, 0.0, 0.0, 0.0, 0.0, 0.0]]]"
y_box,[20.0 16.0 -0.0 -0.0 -0.0 -0.0 -0.0 -0.0 -0.0 -0.0; -0.0 -0.0 0.0 0.0 0.0 0.0 0.0 -0.0 -0.0 -0.0; -0.0 -0.0 -0.0 -0.0 -0.0 -0.0 -0.0 -0.0 -0.0 -0.0; -0.0 -0.0 -0.0 -0.0 -0.0 -0.0 -0.0 0.0 0.0 -0.0; -0.0 -0.0 -0.0 -0.0 -0.0 -0.0 -0.0 -0.0 -0.0 -0.0; -0.0 -0.0 -0.0 -0.0 -0.0 -0.0 -0.0 -0.0 -0.0 0.0;;;]
evol_bb,"[[0.327, 1.2929982125115193e7]]"
y_bb,[20.0 16.0 -0.0 -0.0 -0.0 -0.0 -0.0 -0.0 -0.0 -0.0; -0.0 -0.0 0.0 0.0 0.0 0.0 0.0 -0.0 -0.0 -0.0; -0.0 -0.0 -0.0 -0.0 -0.0 -0.0 -0.0 -0.0 -0.0 -0.0; -0.0 -0.0 -0.0 -0.0 -0.0 -0.0 -0.0 0.0 0.0 -0.0; -0.0 -0.0 -0.0 -0.0 -0.0 -0.0 -0.0 -0.0 -0.0 -0.0; -0.0 -0.0 -0.0 -0.0 -0.0 -0.0 -0.0 -0.0 -0.0 0.0;;;]
evol_box,"[[0.486, 0.0], [2.361, 875.5759596192955], [2.45, 3.890277843660917e6], [2.455, 7.674051381844166e6], [2.458, 9.14571710475817e6], [2.462, 1.0196906906839602e7], [2.467, 1.1353215689129177e7], [2.471, 1.1983929570378035e7], [2.476, 1.2509524471418753e7], [2.48, 1.2929982125115193e7]]"
y_pb,[[20.0 16.0 -0.0 -0.0 -0.0 -0.0 -0.0 -0.0 -0.0 -0.0; -0.0 -0.0 0.0 -0.0 -0.0 -0.0 -0.0 -0.0 -0.0 -0.0; -0.0 -0.0 -0.0 0.0 -0.0 -0.0 -0.0 -0.0 -0.0 -0.0; -0.0 -0.0 -0.0 -0.0 -0.0 -0.0 -0.0 -0.0 0.0 -0.0; -0.0 -0.0 -0.0 -0.0 -0.0 -0.0 -0.0 -0.0 0.0 -0.0; -0.0 -0.0 -0.0 -0.0 -0.0 -0.0 -0.0 -0.0 -0.0 0.0;;;]]
x_bb,"[36.0, 0.0, 0.0, 0.0, 0.0, 0.0]"
x_box,"[36.0, 0.0, 0.0, 0.0, 0.0, 0.0]"
evol_zeta,"[[1.945, 26.0], [2.449, 20.5], [2.453, 19.333333333333332], [2.457, 14.0], [2.461, 10.0], [2.465, 7.000000000800014], [2.47, 6.0], [2.474, 4.5], [2.479, 4.0], [2.482, 0.0]]"
ξ_box,[20.0; 16.0; 16.0; 14.0; 7.0; 4.0; 14.0; 21.0; 21.0; 26.0;;]
