first,second
s_box,[0.0; 0.0; 22.0; 7.0; 13.0; 15.0; 0.0; 24.0; 24.0; 11.0; 16.0; 19.0; 19.0; 6.0; 9.0; 12.0; 15.0; 15.0; 0.0; 23.0;;]
x_pb,"[50.99999999999999, 25.0, -0.0, -0.0, 3.000000000000007, 22.999999999999996]"
s_bb,[0.0; 0.0; 22.0; 7.0; 13.0; 15.0; 0.0; 24.0; 24.0; 11.0; 16.0; 19.0; 19.0; 6.0; 9.0; 12.0; 15.0; 15.0; 0.0; 23.0;;]
partition_bb,"[[[28.0, 21.0, 16.0, 7.0, 13.0, 14.0, 3.0, 0.0, 0.0, 0.0, 0.0, 0.0, 0.0, 0.0, 0.0, 0.0, 0.0, 0.0, 0.0, 0.0], [0.0, 0.0, 0.0, 0.0, 4.0, 3.0, 14.0, 21.0, 24.0, 11.0, 6.0, 1.0, 0.0, 0.0, 0.0, 0.0, 0.0, 1.0, 0.0, 0.0], [0.0, 0.0, 0.0, 6.0, 0.0, 0.0, 0.0, 0.0, 0.0, 0.0, 0.0, 0.0, 2.0, 6.0, 9.0, 11.0, 15.0, 15.0, 23.0, 15.0], [7.0, 0.0, 0.0, 0.0, 0.0, 0.0, 0.0, 7.0, 10.0, 11.0, 16.0, 22.0, 18.0, 6.0, 5.0, 0.0, 0.0, 0.0, 0.0, 0.0], [0.0, 0.0, 2.0, 6.0, 12.0, 14.0, 25.0, 18.0, 15.0, 11.0, 6.0, 1.0, 0.0, 0.0, 0.0, 0.0, 0.0, 0.0, 0.0, 0.0], [0.0, 0.0, 0.0, 6.0, 0.0, 1.0, 0.0, 0.0, 0.0, 0.0, 0.0, 0.0, 4.0, 6.0, 9.0, 11.0, 13.0, 14.0, 15.0, 23.0], [28.0, 21.0, 22.0, 7.0, 13.0, 11.0, 0.0, 0.0, 0.0, 0.0, 0.0, 0.0, 0.0, 0.0, 0.0, 0.0, 0.0, 0.0, 0.0, 0.0], [0.0, 4.0, 0.0, 0.0, 4.0, 6.0, 17.0, 24.0, 21.0, 11.0, 6.0, 1.0, 0.0, 3.0, 4.0, 0.0, 1.0, 0.0, 0.0, 0.0], [16.0, 23.0, 18.0, 7.0, 6.0, 4.0, 0.0, 0.0, 0.0, 11.0, 6.0, 2.0, 0.0, 6.0, 3.0, 0.0, 0.0, 0.0, 0.0, 0.0], [21.0, 14.0, 9.0, 0.0, 0.0, 0.0, 0.0, 0.0, 0.0, 0.0, 5.0, 0.0, 0.0, 6.0, 9.0, 12.0, 8.0, 8.0, 0.0, 8.0], [7.0, 14.0, 19.0, 7.0, 13.0, 15.0, 4.0, 0.0, 0.0, 0.0, 0.0, 0.0, 0.0, 6.0, 9.0, 3.0, 3.0, 2.0, 0.0, 0.0], [0.0, 0.0, 0.0, 7.0, 1.0, 0.0, 0.0, 0.0, 0.0, 11.0, 16.0, 15.0, 19.0, 6.0, 9.0, 3.0, 3.0, 2.0, 9.0, 1.0]]]"
y_box,[28.0 23.0 0.0 -0.0 -0.0 -0.0 -0.0 -0.0 -0.0 -0.0 -0.0 -0.0 -0.0 -0.0 -0.0 -0.0 -0.0 -0.0 -0.0 -0.0; -0.0 -0.0 -0.0 0.0 0.0 0.0 25.0 0.0 0.0 -0.0 -0.0 -0.0 -0.0 -0.0 -0.0 -0.0 -0.0 -0.0 -0.0 -0.0; -0.0 -0.0 -0.0 -0.0 -0.0 -0.0 -0.0 -0.0 -0.0 -0.0 -0.0 -0.0 -0.0 -0.0 -0.0 -0.0 -0.0 -0.0 -0.0 -0.0; -0.0 -0.0 -0.0 -0.0 -0.0 -0.0 -0.0 -0.0 -0.0 0.0 0.0 -0.0 -0.0 -0.0 -0.0 -0.0 -0.0 -0.0 -0.0 -0.0; -0.0 -0.0 -0.0 -0.0 -0.0 -0.0 -0.0 -0.0 -0.0 -0.0 -0.0 3.0 0.0 0.0 0.0 -0.0 -0.0 -0.0 -0.0 -0.0; -0.0 -0.0 -0.0 -0.0 -0.0 -0.0 -0.0 -0.0 -0.0 -0.0 -0.0 -0.0 -0.0 -0.0 -0.0 0.0 0.0 0.0 23.0 0.0;;;]
evol_bb,"[[0.382, 2.7094191393037483e7]]"
y_bb,[28.0 23.0 0.0 -0.0 -0.0 -0.0 -0.0 -0.0 -0.0 -0.0 -0.0 -0.0 -0.0 -0.0 -0.0 -0.0 -0.0 -0.0 -0.0 -0.0; -0.0 -0.0 -0.0 0.0 0.0 0.0 25.0 0.0 0.0 -0.0 -0.0 -0.0 -0.0 -0.0 -0.0 -0.0 -0.0 -0.0 -0.0 -0.0; -0.0 -0.0 -0.0 -0.0 -0.0 -0.0 -0.0 -0.0 -0.0 -0.0 -0.0 -0.0 -0.0 -0.0 -0.0 -0.0 -0.0 -0.0 -0.0 -0.0; -0.0 -0.0 -0.0 -0.0 -0.0 -0.0 -0.0 -0.0 -0.0 0.0 0.0 -0.0 -0.0 -0.0 -0.0 -0.0 -0.0 -0.0 -0.0 -0.0; -0.0 -0.0 -0.0 -0.0 -0.0 -0.0 -0.0 -0.0 -0.0 -0.0 -0.0 3.0 0.0 0.0 0.0 -0.0 -0.0 -0.0 -0.0 -0.0; -0.0 -0.0 -0.0 -0.0 -0.0 -0.0 -0.0 -0.0 -0.0 -0.0 -0.0 -0.0 -0.0 -0.0 -0.0 0.0 0.0 0.0 23.0 0.0;;;]
evol_box,"[[0.384, 0.0], [1.877, 945.1693750393918], [1.951, 8.128886815616339e6], [1.958, 1.8424277484430756e7], [1.965, 2.351784783159298e7], [1.973, 2.470996146839758e7], [1.99, 2.5576956278070625e7], [1.996, 2.622720238532541e7], [2.012, 2.6552325438952804e7], [2.026, 2.676906833941009e7], [2.035, 2.687744269061922e7], [2.05, 2.698581704182835e7], [2.067, 2.7094191393037483e7]]"
y_pb,[[28.0 23.0 -0.0 -0.0 -0.0 -0.0 -0.0 -0.0 -0.0 -0.0 -0.0 -0.0 -0.0 -0.0 -0.0 -0.0 -0.0 -0.0 -0.0 -0.0; -0.0 -0.0 -0.0 -0.0 -0.0 -0.0 25.0 -0.0 -0.0 -0.0 -0.0 -0.0 -0.0 -0.0 -0.0 -0.0 -0.0 -0.0 -0.0 -0.0; -0.0 -0.0 -0.0 -0.0 -0.0 -0.0 -0.0 -0.0 -0.0 0.0 -0.0 -0.0 -0.0 -0.0 -0.0 -0.0 -0.0 -0.0 -0.0 -0.0; -0.0 -0.0 -0.0 -0.0 -0.0 -0.0 -0.0 -0.0 -0.0 0.0 -0.0 -0.0 -0.0 -0.0 -0.0 -0.0 -0.0 -0.0 -0.0 -0.0; -0.0 -0.0 -0.0 -0.0 -0.0 -0.0 -0.0 -0.0 -0.0 -0.0 -0.0 3.000000000000007 -0.0 -0.0 -0.0 -0.0 -0.0 -0.0 -0.0 -0.0; -0.0 -0.0 -0.0 -0.0 -0.0 -0.0 -0.0 -0.0 -0.0 -0.0 -0.0 -0.0 -0.0 -0.0 -0.0 -0.0 -0.0 -0.0 23.0 -0.0;;;]]
x_bb,"[51.0, 25.0, 0.0, 0.0, 3.0, 23.0]"
x_box,"[51.0, 25.0, 0.0, 0.0, 3.0, 23.0]"
evol_zeta,"[[1.548, 28.0], [1.949, 24.0], [1.957, 23.0], [1.964, 21.0], [1.972, 10.200000000000003], [1.988, 8.0], [1.994, 6.0], [2.01, 2.999999999999969], [2.024, 2.0], [2.033, 1.0], [2.049, 1.0000000002000036], [2.065, 1.0], [2.083, 0.0]]"
ξ_box,[28.0; 23.0; 22.0; 7.0; 13.0; 15.0; 25.0; 24.0; 24.0; 11.0; 16.0; 22.0; 19.0; 6.0; 9.0; 12.0; 15.0; 15.0; 23.0; 23.0;;]
