first,second
s_box,[4.0; 7.0; 13.0; 14.0; 15.0; 18.0; 21.0; 0.0; 0.0; 0.0; 0.0; 17.0; 19.0; 16.0; 13.0; 10.0; 18.0; 29.0; 33.0; 33.0;;]
x_pb,"[36.0, 49.0, 7.0, -0.0, -0.0, -0.0]"
s_bb,[4.0; 7.0; 13.0; 14.0; 15.0; 18.0; 21.0; 0.0; 0.0; 0.0; 0.0; 17.0; 19.0; 16.0; 13.0; 10.0; 18.0; 29.0; 33.0; 33.0;;]
partition_bb,"[[[0.0, 0.0, 0.0, 0.0, 0.0, 0.0, 0.0, 0.0, 0.0, 0.0, 4.0, 0.0, 0.0, 0.0, 0.0, 0.0, 5.0, 21.0, 29.0, 33.0], [0.0, 0.0, 0.0, 0.0, 0.0, 0.0, 0.0, 0.0, 0.0, 0.0, 17.0, 24.0, 17.0, 14.0, 11.0, 8.0, 3.0, 0.0, 0.0, 0.0], [0.0, 0.0, 0.0, 0.0, 0.0, 0.0, 0.0, 12.0, 16.0, 21.0, 0.0, 0.0, 0.0, 0.0, 0.0, 0.0, 0.0, 3.0, 0.0, 0.0], [4.0, 7.0, 13.0, 14.0, 15.0, 18.0, 21.0, 0.0, 0.0, 0.0, 0.0, 0.0, 0.0, 0.0, 0.0, 0.0, 0.0, 0.0, 0.0, 0.0], [4.0, 6.0, 0.0, 0.0, 0.0, 0.0, 0.0, 0.0, 0.0, 0.0, 0.0, 0.0, 7.0, 9.0, 13.0, 10.0, 18.0, 5.0, 13.0, 9.0], [0.0, 0.0, 0.0, 0.0, 0.0, 0.0, 0.0, 0.0, 0.0, 5.0, 28.0, 21.0, 14.0, 12.0, 9.0, 6.0, 0.0, 0.0, 0.0, 0.0], [4.0, 2.0, 0.0, 0.0, 0.0, 0.0, 0.0, 0.0, 0.0, 0.0, 0.0, 0.0, 0.0, 0.0, 3.0, 4.0, 12.0, 29.0, 21.0, 17.0], [4.0, 7.0, 8.0, 5.0, 4.0, 3.0, 0.0, 20.0, 16.0, 11.0, 0.0, 0.0, 0.0, 2.0, 6.0, 8.0, 0.0, 0.0, 0.0, 0.0], [0.0, 0.0, 0.0, 0.0, 0.0, 0.0, 0.0, 0.0, 0.0, 0.0, 0.0, 0.0, 0.0, 0.0, 0.0, 0.0, 8.0, 25.0, 33.0, 29.0], [0.0, 0.0, 0.0, 0.0, 0.0, 0.0, 0.0, 0.0, 0.0, 0.0, 23.0, 16.0, 13.0, 16.0, 12.0, 10.0, 3.0, 0.0, 0.0, 0.0], [0.0, 3.0, 0.0, 0.0, 0.0, 0.0, 0.0, 0.0, 0.0, 0.0, 14.0, 12.0, 19.0, 16.0, 13.0, 10.0, 5.0, 0.0, 0.0, 0.0]]]"
y_box,[0.0 0.0 0.0 0.0 0.0 0.0 0.0 20.0 16.0 -0.0 -0.0 -0.0 -0.0 -0.0 -0.0 -0.0 -0.0 -0.0 -0.0 -0.0; -0.0 -0.0 -0.0 -0.0 -0.0 -0.0 -0.0 -0.0 -0.0 21.0 28.0 -0.0 -0.0 -0.0 -0.0 -0.0 -0.0 -0.0 -0.0 -0.0; -0.0 -0.0 -0.0 -0.0 -0.0 -0.0 -0.0 -0.0 -0.0 -0.0 -0.0 7.0 0.0 0.0 -0.0 -0.0 -0.0 -0.0 -0.0 -0.0; -0.0 -0.0 -0.0 -0.0 -0.0 -0.0 -0.0 -0.0 -0.0 -0.0 -0.0 -0.0 -0.0 -0.0 0.0 0.0 -0.0 -0.0 -0.0 -0.0; -0.0 -0.0 -0.0 -0.0 -0.0 -0.0 -0.0 -0.0 -0.0 -0.0 -0.0 -0.0 -0.0 -0.0 -0.0 -0.0 -0.0 -0.0 -0.0 -0.0; -0.0 -0.0 -0.0 -0.0 -0.0 -0.0 -0.0 -0.0 -0.0 -0.0 -0.0 -0.0 -0.0 -0.0 -0.0 -0.0 0.0 0.0 0.0 -0.0;;;]
evol_bb,"[[0.348, 2.906844539823932e7]]"
y_bb,[0.0 0.0 0.0 0.0 0.0 0.0 0.0 20.0 16.0 -0.0 -0.0 -0.0 -0.0 -0.0 -0.0 -0.0 -0.0 -0.0 -0.0 -0.0; -0.0 -0.0 -0.0 -0.0 -0.0 -0.0 -0.0 -0.0 -0.0 21.0 28.0 -0.0 -0.0 -0.0 -0.0 -0.0 -0.0 -0.0 -0.0 -0.0; -0.0 -0.0 -0.0 -0.0 -0.0 -0.0 -0.0 -0.0 -0.0 -0.0 -0.0 7.0 0.0 0.0 -0.0 -0.0 -0.0 -0.0 -0.0 -0.0; -0.0 -0.0 -0.0 -0.0 -0.0 -0.0 -0.0 -0.0 -0.0 -0.0 -0.0 -0.0 -0.0 -0.0 0.0 0.0 -0.0 -0.0 -0.0 -0.0; -0.0 -0.0 -0.0 -0.0 -0.0 -0.0 -0.0 -0.0 -0.0 -0.0 -0.0 -0.0 -0.0 -0.0 -0.0 -0.0 -0.0 -0.0 -0.0 -0.0; -0.0 -0.0 -0.0 -0.0 -0.0 -0.0 -0.0 -0.0 -0.0 -0.0 -0.0 -0.0 -0.0 -0.0 -0.0 -0.0 0.0 0.0 0.0 -0.0;;;]
evol_box,"[[0.404, 0.0], [1.982, 2520.3617501873778], [2.06, 9.033353019799221e6], [2.067, 1.4119624027626155e7], [2.076, 2.3670358449648373e7], [2.082, 2.522754340976069e7], [2.089, 2.6369403448224112e7], [2.098, 2.7199823446104534e7], [2.108, 2.803032209149777e7], [2.125, 2.844557141419439e7], [2.133, 2.886082073689101e7], [2.144, 2.906844539823932e7]]"
y_pb,[[-0.0 -0.0 -0.0 -0.0 -0.0 -0.0 -0.0 20.0 16.0 -0.0 -0.0 -0.0 -0.0 -0.0 -0.0 -0.0 -0.0 -0.0 -0.0 -0.0; -0.0 -0.0 -0.0 -0.0 -0.0 -0.0 -0.0 -0.0 -0.0 21.0 28.0 -0.0 -0.0 -0.0 -0.0 -0.0 -0.0 -0.0 -0.0 -0.0; -0.0 -0.0 -0.0 -0.0 -0.0 -0.0 -0.0 -0.0 -0.0 -0.0 -0.0 7.0 -0.0 -0.0 -0.0 -0.0 -0.0 -0.0 -0.0 -0.0; -0.0 -0.0 -0.0 -0.0 -0.0 -0.0 -0.0 -0.0 -0.0 -0.0 -0.0 -0.0 0.0 -0.0 -0.0 -0.0 -0.0 -0.0 -0.0 -0.0; -0.0 -0.0 -0.0 -0.0 -0.0 -0.0 -0.0 -0.0 -0.0 -0.0 -0.0 -0.0 -0.0 -0.0 -0.0 -0.0 -0.0 0.0 -0.0 -0.0; -0.0 -0.0 -0.0 -0.0 -0.0 -0.0 -0.0 -0.0 -0.0 -0.0 -0.0 -0.0 -0.0 -0.0 -0.0 -0.0 -0.0 0.0 -0.0 -0.0;;;]]
x_bb,"[36.0, 49.0, 7.0, 0.0, 0.0, 0.0]"
x_box,"[36.0, 49.0, 7.0, 0.0, 0.0, 0.0]"
evol_zeta,"[[2.058, 23.71428571428571], [2.066, 21.0], [2.074, 21.0], [2.08, 13.0], [2.087, 10.57142857142857], [2.096, 8.0], [2.106, 8.0], [2.123, 3.25], [2.131, 2.0], [2.142, 2.0], [2.155, 0.0]]"
ξ_box,[4.0; 7.0; 13.0; 14.0; 15.0; 18.0; 21.0; 20.0; 16.0; 21.0; 28.0; 24.0; 19.0; 16.0; 13.0; 10.0; 18.0; 29.0; 33.0; 33.0;;]
