first,second
s_box,[31.0; 12.0; 24.0; 23.0; 23.0; 0.0; 0.0; 26.0; 18.0; 19.0; 16.0; 19.0; 22.0; 25.0; 19.0; 27.0; 0.0; 0.0; 31.0; 33.0;;]
x_pb,"[15.0, -0.0, 47.0, -0.0, -0.0, 53.0]"
s_bb,[31.0; 12.0; 24.0; 23.0; 23.0; 0.0; 0.0; 26.0; 18.0; 19.0; 16.0; 19.0; 22.0; 25.0; 19.0; 27.0; 0.0; 0.0; 31.0; 33.0;;]
partition_bb,"[[[0.0, 0.0, 0.0, 0.0, 0.0, 0.0, 0.0, 0.0, 0.0, 0.0, 0.0, 0.0, 0.0, 0.0, 3.0, 11.0, 19.0, 22.0, 29.0, 33.0], [31.0, 25.0, 19.0, 13.0, 12.0, 8.0, 4.0, 4.0, 0.0, 0.0, 0.0, 0.0, 0.0, 0.0, 0.0, 0.0, 0.0, 0.0, 0.0, 0.0], [0.0, 0.0, 0.0, 0.0, 0.0, 0.0, 0.0, 0.0, 0.0, 15.0, 16.0, 17.0, 22.0, 25.0, 16.0, 8.0, 0.0, 0.0, 0.0, 0.0], [0.0, 4.0, 9.0, 14.0, 16.0, 16.0, 21.0, 26.0, 13.0, 0.0, 0.0, 0.0, 0.0, 0.0, 0.0, 0.0, 0.0, 0.0, 0.0, 0.0], [0.0, 0.0, 0.0, 0.0, 0.0, 0.0, 0.0, 0.0, 0.0, 0.0, 2.0, 3.0, 8.0, 10.0, 19.0, 27.0, 19.0, 13.0, 9.0, 5.0], [0.0, 0.0, 0.0, 0.0, 0.0, 0.0, 0.0, 0.0, 0.0, 0.0, 0.0, 0.0, 1.0, 4.0, 13.0, 21.0, 29.0, 23.0, 16.0, 15.0], [5.0, 11.0, 17.0, 23.0, 21.0, 18.0, 14.0, 11.0, 1.0, 0.0, 0.0, 0.0, 0.0, 0.0, 0.0, 0.0, 0.0, 0.0, 0.0, 0.0], [0.0, 6.0, 12.0, 18.0, 19.0, 23.0, 18.0, 13.0, 6.0, 0.0, 0.0, 0.0, 0.0, 0.0, 0.0, 0.0, 0.0, 0.0, 0.0, 0.0], [1.0, 7.0, 1.0, 0.0, 0.0, 4.0, 5.0, 7.0, 18.0, 3.0, 0.0, 0.0, 0.0, 0.0, 0.0, 0.0, 8.0, 8.0, 10.0, 6.0], [12.0, 18.0, 24.0, 18.0, 17.0, 13.0, 9.0, 7.0, 0.0, 0.0, 0.0, 0.0, 0.0, 0.0, 0.0, 0.0, 0.0, 0.0, 0.0, 0.0], [0.0, 0.0, 0.0, 0.0, 0.0, 0.0, 0.0, 0.0, 4.0, 19.0, 16.0, 19.0, 17.0, 14.0, 8.0, 0.0, 0.0, 0.0, 7.0, 11.0], [0.0, 3.0, 9.0, 15.0, 16.0, 19.0, 24.0, 19.0, 11.0, 0.0, 0.0, 0.0, 0.0, 0.0, 0.0, 0.0, 0.0, 0.0, 0.0, 0.0], [0.0, 0.0, 0.0, 0.0, 0.0, 0.0, 0.0, 0.0, 0.0, 0.0, 0.0, 0.0, 0.0, 0.0, 5.0, 13.0, 18.0, 21.0, 31.0, 27.0], [21.0, 27.0, 21.0, 15.0, 14.0, 10.0, 6.0, 5.0, 0.0, 0.0, 0.0, 0.0, 0.0, 0.0, 0.0, 0.0, 0.0, 0.0, 0.0, 0.0], [4.0, 10.0, 16.0, 21.0, 23.0, 19.0, 15.0, 13.0, 2.0, 0.0, 0.0, 0.0, 0.0, 0.0, 0.0, 0.0, 0.0, 0.0, 0.0, 0.0], [0.0, 0.0, 0.0, 0.0, 0.0, 0.0, 0.0, 0.0, 0.0, 3.0, 0.0, 0.0, 0.0, 3.0, 12.0, 10.0, 18.0, 24.0, 14.0, 13.0]]]"
y_box,[0.0 15.0 0.0 -0.0 -0.0 -0.0 -0.0 -0.0 -0.0 -0.0 -0.0 -0.0 -0.0 -0.0 -0.0 -0.0 -0.0 -0.0 -0.0 -0.0; -0.0 -0.0 -0.0 -0.0 -0.0 -0.0 -0.0 -0.0 -0.0 -0.0 -0.0 -0.0 -0.0 -0.0 -0.0 -0.0 -0.0 -0.0 -0.0 -0.0; -0.0 -0.0 -0.0 0.0 0.0 23.0 24.0 0.0 0.0 -0.0 -0.0 -0.0 -0.0 -0.0 -0.0 -0.0 -0.0 -0.0 -0.0 -0.0; -0.0 -0.0 -0.0 -0.0 -0.0 -0.0 -0.0 -0.0 -0.0 0.0 0.0 0.0 0.0 -0.0 -0.0 -0.0 -0.0 -0.0 -0.0 -0.0; -0.0 -0.0 -0.0 -0.0 -0.0 -0.0 -0.0 -0.0 -0.0 -0.0 -0.0 -0.0 -0.0 0.0 0.0 -0.0 -0.0 -0.0 -0.0 -0.0; -0.0 -0.0 -0.0 -0.0 -0.0 -0.0 -0.0 -0.0 -0.0 -0.0 -0.0 -0.0 -0.0 -0.0 -0.0 0.0 29.0 24.0 0.0 0.0;;;]
evol_bb,"[[0.53, 4.3397653119536266e7]]"
y_bb,[0.0 15.0 0.0 -0.0 -0.0 -0.0 -0.0 -0.0 -0.0 -0.0 -0.0 -0.0 -0.0 -0.0 -0.0 -0.0 -0.0 -0.0 -0.0 -0.0; -0.0 -0.0 -0.0 -0.0 -0.0 -0.0 -0.0 -0.0 -0.0 -0.0 -0.0 -0.0 -0.0 -0.0 -0.0 -0.0 -0.0 -0.0 -0.0 -0.0; -0.0 -0.0 -0.0 0.0 0.0 23.0 24.0 0.0 0.0 -0.0 -0.0 -0.0 -0.0 -0.0 -0.0 -0.0 -0.0 -0.0 -0.0 -0.0; -0.0 -0.0 -0.0 -0.0 -0.0 -0.0 -0.0 -0.0 -0.0 0.0 0.0 0.0 0.0 -0.0 -0.0 -0.0 -0.0 -0.0 -0.0 -0.0; -0.0 -0.0 -0.0 -0.0 -0.0 -0.0 -0.0 -0.0 -0.0 -0.0 -0.0 -0.0 -0.0 0.0 0.0 -0.0 -0.0 -0.0 -0.0 -0.0; -0.0 -0.0 -0.0 -0.0 -0.0 -0.0 -0.0 -0.0 -0.0 -0.0 -0.0 -0.0 -0.0 -0.0 -0.0 0.0 29.0 24.0 0.0 0.0;;;]
evol_box,"[[0.404, 0.0], [1.957, 238266.0558407264], [2.042, 1.3916861118088491e7], [2.056, 2.665262116607935e7], [2.069, 3.4317585607943326e7], [2.081, 3.655813535216143e7], [2.1, 3.7855249412436806e7], [2.116, 3.974202577804423e7], [2.131, 4.033164055506642e7], [2.146, 4.092125907580674e7], [2.156, 4.151087759654706e7], [2.17, 4.221841982143544e7], [2.187, 4.2572188591719285e7], [2.203, 4.2808036000015415e7], [2.219, 4.3043883408311546e7], [2.236, 4.327973081660767e7], [2.251, 4.3397653119536266e7]]"
y_pb,[[-0.0 15.0 -0.0 -0.0 -0.0 -0.0 -0.0 -0.0 -0.0 -0.0 -0.0 -0.0 -0.0 -0.0 -0.0 -0.0 -0.0 -0.0 -0.0 -0.0; -0.0 -0.0 -0.0 -0.0 -0.0 0.0 -0.0 -0.0 -0.0 -0.0 -0.0 -0.0 -0.0 -0.0 -0.0 -0.0 -0.0 -0.0 -0.0 -0.0; -0.0 -0.0 -0.0 -0.0 -0.0 23.0 24.000000000000004 -0.0 -0.0 -0.0 -0.0 -0.0 -0.0 -0.0 -0.0 -0.0 -0.0 -0.0 -0.0 -0.0; -0.0 -0.0 -0.0 -0.0 -0.0 -0.0 -0.0 -0.0 -0.0 -0.0 -0.0 -0.0 -0.0 -0.0 0.0 -0.0 -0.0 -0.0 -0.0 -0.0; -0.0 -0.0 -0.0 -0.0 -0.0 -0.0 -0.0 -0.0 -0.0 -0.0 -0.0 -0.0 -0.0 -0.0 0.0 -0.0 -0.0 -0.0 -0.0 -0.0; -0.0 -0.0 -0.0 -0.0 -0.0 -0.0 -0.0 -0.0 -0.0 -0.0 -0.0 -0.0 -0.0 -0.0 -0.0 -0.0 29.000000000000004 24.000000000000004 -0.0 -0.0;;;]]
x_bb,"[15.0, 0.0, 47.0, 0.0, 0.0, 53.0]"
x_box,"[15.0, 0.0, 47.0, 0.0, 0.0, 53.0]"
evol_zeta,"[[1.599, 32.666666666666664], [2.04, 30.875], [2.054, 24.42857142857143], [2.067, 21.5], [2.079, 16.0], [2.098, 9.125], [2.114, 8.333333333333332], [2.129, 5.000000000600011], [2.144, 5.0], [2.154, 4.625], [2.168, 4.0], [2.185, 2.875], [2.201, 2.0000000000000306], [2.218, 1.5], [2.234, 1.1111111111111072], [2.249, 1.0], [2.258, 0.0]]"
ξ_box,[31.0; 27.0; 24.0; 23.0; 23.0; 23.0; 24.0; 26.0; 18.0; 19.0; 16.0; 19.0; 22.0; 25.0; 19.0; 27.0; 29.0; 24.0; 31.0; 33.0;;]
