first,second
s_box,[30.0; 0.0; 6.0; 0.0; 0.0; 22.0; 20.0; 15.0; 16.0; 17.0; 14.0; 10.0; 5.0; 7.0; 10.0; 5.0; 10.0; 10.0; 13.0; 12.0;;]
x_pb,"[-0.0, 25.0, 5.0, 48.0, -0.0, -0.0]"
s_bb,[30.0; 0.0; 6.0; 0.0; 0.0; 22.0; 20.0; 15.0; 16.0; 17.0; 14.0; 10.0; 5.0; 7.0; 10.0; 5.0; 10.0; 10.0; 13.0; 12.0;;]
partition_bb,"[[[30.0, 24.0, 10.0, 10.0, 8.0, 0.0, 0.0, 0.0, 0.0, 0.0, 0.0, 0.0, 0.0, 0.0, 0.0, 0.0, 0.0, 0.0, 0.0, 0.0], [0.0, 0.0, 7.0, 9.0, 11.0, 22.0, 13.0, 8.0, 8.0, 2.0, 0.0, 0.0, 0.0, 0.0, 0.0, 0.0, 0.0, 0.0, 0.0, 0.0], [0.0, 0.0, 0.0, 7.0, 5.0, 0.0, 6.0, 11.0, 11.0, 17.0, 10.0, 10.0, 1.0, 0.0, 0.0, 0.0, 0.0, 0.0, 0.0, 0.0], [4.0, 10.0, 10.0, 24.0, 22.0, 11.0, 3.0, 0.0, 0.0, 0.0, 0.0, 0.0, 0.0, 0.0, 0.0, 0.0, 0.0, 0.0, 0.0, 0.0], [18.0, 12.0, 0.0, 0.0, 0.0, 0.0, 0.0, 0.0, 0.0, 0.0, 0.0, 4.0, 0.0, 0.0, 3.0, 5.0, 7.0, 5.0, 13.0, 12.0], [6.0, 0.0, 0.0, 8.0, 10.0, 0.0, 0.0, 0.0, 0.0, 0.0, 0.0, 0.0, 5.0, 7.0, 4.0, 5.0, 10.0, 10.0, 2.0, 12.0], [0.0, 0.0, 0.0, 0.0, 1.0, 11.0, 20.0, 15.0, 15.0, 9.0, 2.0, 2.0, 0.0, 0.0, 0.0, 0.0, 0.0, 0.0, 0.0, 0.0], [6.0, 0.0, 3.0, 13.0, 11.0, 0.0, 0.0, 0.0, 0.0, 0.0, 0.0, 0.0, 5.0, 7.0, 10.0, 5.0, 10.0, 8.0, 0.0, 0.0], [0.0, 0.0, 0.0, 0.0, 0.0, 0.0, 6.0, 11.0, 10.0, 7.0, 14.0, 10.0, 5.0, 7.0, 4.0, 5.0, 0.0, 0.0, 0.0, 0.0], [2.0, 8.0, 9.0, 22.0, 24.0, 13.0, 5.0, 2.0, 1.0, 0.0, 0.0, 0.0, 0.0, 0.0, 0.0, 0.0, 0.0, 0.0, 0.0, 0.0], [22.0, 25.0, 11.0, 11.0, 9.0, 0.0, 0.0, 0.0, 0.0, 0.0, 0.0, 0.0, 0.0, 0.0, 0.0, 0.0, 0.0, 0.0, 0.0, 0.0], [0.0, 0.0, 0.0, 0.0, 0.0, 2.0, 11.0, 15.0, 16.0, 10.0, 6.0, 10.0, 1.0, 0.0, 0.0, 0.0, 0.0, 0.0, 0.0, 0.0]]]"
y_box,[-0.0 -0.0 -0.0 -0.0 -0.0 -0.0 -0.0 -0.0 -0.0 -0.0 -0.0 -0.0 -0.0 -0.0 -0.0 -0.0 -0.0 -0.0 -0.0 -0.0; 0.0 25.0 -0.0 -0.0 -0.0 -0.0 -0.0 -0.0 -0.0 -0.0 -0.0 -0.0 -0.0 -0.0 -0.0 -0.0 -0.0 -0.0 -0.0 -0.0; -0.0 -0.0 5.0 -0.0 -0.0 -0.0 -0.0 -0.0 -0.0 -0.0 -0.0 -0.0 -0.0 -0.0 -0.0 -0.0 -0.0 -0.0 -0.0 -0.0; -0.0 -0.0 -0.0 24.0 24.0 0.0 0.0 0.0 0.0 0.0 -0.0 -0.0 -0.0 -0.0 -0.0 -0.0 -0.0 -0.0 -0.0 -0.0; -0.0 -0.0 -0.0 -0.0 -0.0 -0.0 -0.0 -0.0 -0.0 -0.0 0.0 -0.0 -0.0 -0.0 -0.0 -0.0 -0.0 -0.0 -0.0 -0.0; -0.0 -0.0 -0.0 -0.0 -0.0 -0.0 -0.0 -0.0 -0.0 -0.0 -0.0 0.0 0.0 0.0 0.0 0.0 0.0 0.0 0.0 -0.0;;;]
evol_bb,"[[0.377, 2.6608093266653188e7]]"
y_bb,[-0.0 -0.0 -0.0 -0.0 -0.0 -0.0 -0.0 -0.0 -0.0 -0.0 -0.0 -0.0 -0.0 -0.0 -0.0 -0.0 -0.0 -0.0 -0.0 -0.0; 0.0 25.0 -0.0 -0.0 -0.0 -0.0 -0.0 -0.0 -0.0 -0.0 -0.0 -0.0 -0.0 -0.0 -0.0 -0.0 -0.0 -0.0 -0.0 -0.0; -0.0 -0.0 5.0 -0.0 -0.0 -0.0 -0.0 -0.0 -0.0 -0.0 -0.0 -0.0 -0.0 -0.0 -0.0 -0.0 -0.0 -0.0 -0.0 -0.0; -0.0 -0.0 -0.0 24.0 24.0 0.0 0.0 0.0 0.0 0.0 -0.0 -0.0 -0.0 -0.0 -0.0 -0.0 -0.0 -0.0 -0.0 -0.0; -0.0 -0.0 -0.0 -0.0 -0.0 -0.0 -0.0 -0.0 -0.0 -0.0 0.0 -0.0 -0.0 -0.0 -0.0 -0.0 -0.0 -0.0 -0.0 -0.0; -0.0 -0.0 -0.0 -0.0 -0.0 -0.0 -0.0 -0.0 -0.0 -0.0 -0.0 0.0 0.0 0.0 0.0 0.0 0.0 0.0 0.0 -0.0;;;]
evol_box,"[[0.452, 0.0], [2.032, 479992.94455607474], [2.114, 7.191815161208628e6], [2.131, 1.2824956824614583e7], [2.149, 1.5821236596920347e7], [2.155, 2.0974961948547065e7], [2.161, 2.3132335351553604e7], [2.169, 2.493014652072572e7], [2.175, 2.5649270988394566e7], [2.183, 2.600883322222899e7], [2.2, 2.6248537870541103e7], [2.208, 2.648823918870838e7], [2.228, 2.6608093266653188e7]]"
y_pb,[[0.0 -0.0 -0.0 -0.0 -0.0 -0.0 -0.0 -0.0 -0.0 -0.0 -0.0 -0.0 -0.0 -0.0 -0.0 -0.0 -0.0 -0.0 -0.0 -0.0; -0.0 25.0 -0.0 -0.0 -0.0 -0.0 -0.0 -0.0 -0.0 -0.0 -0.0 -0.0 -0.0 -0.0 -0.0 -0.0 -0.0 -0.0 -0.0 -0.0; -0.0 -0.0 5.0 -0.0 -0.0 -0.0 -0.0 -0.0 -0.0 -0.0 -0.0 -0.0 -0.0 -0.0 -0.0 -0.0 -0.0 -0.0 -0.0 -0.0; -0.0 -0.0 -0.0 24.000000000000004 24.000000000000004 -0.0 -0.0 -0.0 -0.0 -0.0 -0.0 -0.0 -0.0 -0.0 -0.0 -0.0 -0.0 -0.0 -0.0 -0.0; -0.0 -0.0 -0.0 -0.0 -0.0 -0.0 -0.0 -0.0 -0.0 -0.0 0.0 -0.0 -0.0 -0.0 -0.0 -0.0 -0.0 -0.0 -0.0 -0.0; -0.0 -0.0 -0.0 -0.0 -0.0 -0.0 -0.0 -0.0 -0.0 -0.0 -0.0 -0.0 -0.0 -0.0 -0.0 -0.0 -0.0 -0.0 0.0 -0.0;;;]]
x_bb,"[0.0, 25.0, 5.0, 48.0, 0.0, 0.0]"
x_box,"[0.0, 25.0, 5.0, 48.0, 0.0, 0.0]"
evol_zeta,"[[1.676, 29.2], [2.112, 21.75], [2.129, 15.0], [2.147, 13.142857142857146], [2.154, 13.0], [2.159, 10.0], [2.167, 7.0], [2.173, 5.0], [2.181, 3.000000000400007], [2.198, 1.1111111111111096], [2.206, 1.0000000000000075], [2.225, 1.0], [2.242, 0.0]]"
ξ_box,[30.0; 25.0; 11.0; 24.0; 24.0; 22.0; 20.0; 15.0; 16.0; 17.0; 14.0; 10.0; 5.0; 7.0; 10.0; 5.0; 10.0; 10.0; 13.0; 12.0;;]
