first,second
s_box,[16.0; 15.0; 12.0; 22.0; 0.0; 22.0; 26.0; 6.0; 23.0; 21.0; 15.0; 17.0; 19.0; 0.0; 0.0; 1.0; 23.0; 24.0; 0.0; 31.0;;]
x_pb,"[22.0, -0.0, 20.0, 34.0, -0.0, 25.0]"
s_bb,[16.0; 15.0; 12.0; 22.0; 0.0; 22.0; 26.0; 6.0; 23.0; 21.0; 15.0; 17.0; 19.0; 0.0; 0.0; 1.0; 23.0; 24.0; 0.0; 31.0;;]
partition_bb,"[[[0.0, 0.0, 0.0, 0.0, 0.0, 0.0, 0.0, 5.0, 0.0, 0.0, 5.0, 3.0, 0.0, 0.0, 0.0, 1.0, 14.0, 18.0, 25.0, 31.0], [0.0, 1.0, 4.0, 14.0, 16.0, 16.0, 26.0, 21.0, 6.0, 4.0, 0.0, 0.0, 0.0, 0.0, 0.0, 0.0, 0.0, 0.0, 0.0, 0.0], [0.0, 0.0, 0.0, 0.0, 0.0, 0.0, 5.0, 0.0, 5.0, 7.0, 13.0, 11.0, 19.0, 16.0, 12.0, 1.0, 0.0, 0.0, 3.0, 9.0], [2.0, 4.0, 1.0, 0.0, 0.0, 0.0, 3.0, 8.0, 23.0, 18.0, 15.0, 15.0, 7.0, 4.0, 0.0, 1.0, 0.0, 0.0, 0.0, 0.0], [16.0, 15.0, 12.0, 2.0, 3.0, 2.0, 12.0, 15.0, 0.0, 0.0, 0.0, 0.0, 3.0, 0.0, 0.0, 1.0, 0.0, 0.0, 7.0, 13.0], [0.0, 0.0, 0.0, 0.0, 2.0, 3.0, 0.0, 0.0, 5.0, 0.0, 4.0, 6.0, 0.0, 3.0, 7.0, 1.0, 23.0, 24.0, 12.0, 11.0], [8.0, 9.0, 12.0, 22.0, 20.0, 19.0, 10.0, 5.0, 0.0, 0.0, 0.0, 0.0, 0.0, 0.0, 0.0, 0.0, 0.0, 0.0, 0.0, 0.0], [0.0, 0.0, 0.0, 0.0, 0.0, 0.0, 5.0, 0.0, 0.0, 0.0, 2.0, 2.0, 10.0, 13.0, 17.0, 1.0, 4.0, 8.0, 20.0, 21.0], [0.0, 0.0, 0.0, 9.0, 11.0, 11.0, 21.0, 26.0, 11.0, 9.0, 3.0, 3.0, 0.0, 0.0, 0.0, 0.0, 0.0, 0.0, 0.0, 0.0], [0.0, 0.0, 0.0, 5.0, 5.0, 5.0, 0.0, 4.0, 16.0, 21.0, 15.0, 15.0, 7.0, 4.0, 0.0, 0.0, 0.0, 0.0, 0.0, 0.0], [6.0, 7.0, 10.0, 19.0, 21.0, 22.0, 12.0, 7.0, 0.0, 0.0, 0.0, 0.0, 0.0, 0.0, 0.0, 0.0, 0.0, 0.0, 0.0, 0.0], [0.0, 0.0, 0.0, 5.0, 7.0, 6.0, 0.0, 0.0, 9.0, 11.0, 15.0, 17.0, 14.0, 11.0, 7.0, 0.0, 0.0, 0.0, 0.0, 0.0], [12.0, 10.0, 8.0, 4.0, 6.0, 5.0, 0.0, 0.0, 0.0, 0.0, 6.0, 6.0, 14.0, 17.0, 13.0, 1.0, 0.0, 0.0, 0.0, 0.0], [6.0, 7.0, 10.0, 20.0, 22.0, 21.0, 12.0, 7.0, 0.0, 0.0, 0.0, 0.0, 0.0, 0.0, 0.0, 0.0, 0.0, 0.0, 0.0, 0.0]]]"
y_box,[0.0 0.0 0.0 0.0 22.0 0.0 -0.0 -0.0 -0.0 -0.0 -0.0 -0.0 -0.0 -0.0 -0.0 -0.0 -0.0 -0.0 -0.0 -0.0; -0.0 -0.0 -0.0 -0.0 -0.0 -0.0 0.0 -0.0 -0.0 -0.0 -0.0 -0.0 -0.0 -0.0 -0.0 -0.0 -0.0 -0.0 -0.0 -0.0; -0.0 -0.0 -0.0 -0.0 -0.0 -0.0 -0.0 20.0 0.0 0.0 -0.0 -0.0 -0.0 -0.0 -0.0 -0.0 -0.0 -0.0 -0.0 -0.0; -0.0 -0.0 -0.0 -0.0 -0.0 -0.0 -0.0 -0.0 -0.0 -0.0 0.0 0.0 0.0 17.0 17.0 0.0 -0.0 -0.0 -0.0 -0.0; -0.0 -0.0 -0.0 -0.0 -0.0 -0.0 -0.0 -0.0 -0.0 -0.0 -0.0 -0.0 -0.0 -0.0 -0.0 -0.0 0.0 -0.0 -0.0 -0.0; -0.0 -0.0 -0.0 -0.0 -0.0 -0.0 -0.0 -0.0 -0.0 -0.0 -0.0 -0.0 -0.0 -0.0 -0.0 -0.0 -0.0 -0.0 25.0 0.0;;;]
evol_bb,"[[0.432, 3.524354695576886e7]]"
y_bb,[0.0 0.0 0.0 0.0 22.0 0.0 -0.0 -0.0 -0.0 -0.0 -0.0 -0.0 -0.0 -0.0 -0.0 -0.0 -0.0 -0.0 -0.0 -0.0; -0.0 -0.0 -0.0 -0.0 -0.0 -0.0 0.0 -0.0 -0.0 -0.0 -0.0 -0.0 -0.0 -0.0 -0.0 -0.0 -0.0 -0.0 -0.0 -0.0; -0.0 -0.0 -0.0 -0.0 -0.0 -0.0 -0.0 20.0 0.0 0.0 -0.0 -0.0 -0.0 -0.0 -0.0 -0.0 -0.0 -0.0 -0.0 -0.0; -0.0 -0.0 -0.0 -0.0 -0.0 -0.0 -0.0 -0.0 -0.0 -0.0 0.0 0.0 0.0 17.0 17.0 0.0 -0.0 -0.0 -0.0 -0.0; -0.0 -0.0 -0.0 -0.0 -0.0 -0.0 -0.0 -0.0 -0.0 -0.0 -0.0 -0.0 -0.0 -0.0 -0.0 -0.0 0.0 -0.0 -0.0 -0.0; -0.0 -0.0 -0.0 -0.0 -0.0 -0.0 -0.0 -0.0 -0.0 -0.0 -0.0 -0.0 -0.0 -0.0 -0.0 -0.0 -0.0 -0.0 25.0 0.0;;;]
evol_box,"[[0.411, 0.0], [2.006, 121272.76493812766], [2.09, 1.2510179614201438e7], [2.097, 2.044876897552389e7], [2.105, 2.4899239961835343e7], [2.111, 2.910914494888671e7], [2.121, 3.03119749451871e7], [2.133, 3.2116218012653697e7], [2.142, 3.2717606102173466e7], [2.154, 3.3319021100323662e7], [2.176, 3.392043550288887e7], [2.185, 3.428128450177899e7], [2.203, 3.476241631634565e7], [2.213, 3.500298231560572e7], [2.225, 3.512326414009232e7], [2.243, 3.524354695576886e7]]"
y_pb,[[-0.0 -0.0 -0.0 -0.0 22.0 -0.0 -0.0 -0.0 -0.0 -0.0 -0.0 -0.0 -0.0 -0.0 -0.0 -0.0 -0.0 -0.0 -0.0 -0.0; -0.0 -0.0 -0.0 -0.0 -0.0 -0.0 -0.0 0.0 -0.0 -0.0 -0.0 -0.0 -0.0 -0.0 -0.0 -0.0 -0.0 -0.0 -0.0 -0.0; -0.0 -0.0 -0.0 -0.0 -0.0 -0.0 -0.0 20.0 -0.0 -0.0 -0.0 -0.0 -0.0 -0.0 -0.0 -0.0 -0.0 -0.0 -0.0 -0.0; -0.0 -0.0 -0.0 -0.0 -0.0 -0.0 -0.0 -0.0 -0.0 -0.0 -0.0 -0.0 -0.0 17.0 17.0 -0.0 -0.0 -0.0 -0.0 -0.0; -0.0 -0.0 -0.0 -0.0 -0.0 -0.0 -0.0 -0.0 -0.0 -0.0 -0.0 -0.0 -0.0 -0.0 -0.0 -0.0 -0.0 -0.0 0.0 -0.0; -0.0 -0.0 -0.0 -0.0 -0.0 -0.0 -0.0 -0.0 -0.0 -0.0 -0.0 -0.0 -0.0 -0.0 -0.0 -0.0 -0.0 -0.0 25.0 -0.0;;;]]
x_bb,"[22.0, 0.0, 20.0, 34.0, 0.0, 25.0]"
x_box,"[22.0, 0.0, 20.0, 34.0, 0.0, 25.0]"
evol_zeta,"[[1.645, 31.0], [2.088, 25.22222222222222], [2.095, 19.0], [2.103, 17.0], [2.109, 14.0], [2.119, 9.0], [2.131, 7.500000000000005], [2.14, 5.0], [2.152, 5.0], [2.174, 4.666666666666668], [2.183, 3.0], [2.2, 2.625], [2.211, 1.9999999999999931], [2.223, 1.0], [2.241, 0.5], [2.251, 0.0]]"
ξ_box,[16.0; 15.0; 12.0; 22.0; 22.0; 22.0; 26.0; 26.0; 23.0; 21.0; 15.0; 17.0; 19.0; 17.0; 17.0; 1.0; 23.0; 24.0; 25.0; 31.0;;]
