first,second
s_box,[6.0; 15.0; 8.0; 10.0; 12.0; 16.0; 19.0; 23.0; 28.0; 20.0; 23.0; 0.0; 0.0; 0.0; 26.0; 26.0; 26.0; 1.0; 32.0; 32.0;;]
x_pb,"[-0.0, -0.0, -0.0, 27.0, 47.0, 32.0]"
s_bb,[6.0; 15.0; 8.0; 10.0; 12.0; 16.0; 19.0; 23.0; 28.0; 20.0; 23.0; 0.0; 0.0; 0.0; 26.0; 26.0; 26.0; 1.0; 32.0; 32.0;;]
partition_bb,"[[[0.0, 0.0, 0.0, 0.0, 0.0, 0.0, 0.0, 0.0, 0.0, 0.0, 0.0, 0.0, 0.0, 0.0, 0.0, 9.0, 12.0, 23.0, 30.0, 32.0], [3.0, 12.0, 0.0, 1.0, 0.0, 1.0, 15.0, 23.0, 28.0, 10.0, 7.0, 6.0, 0.0, 0.0, 0.0, 0.0, 0.0, 0.0, 0.0, 0.0], [0.0, 0.0, 0.0, 0.0, 0.0, 0.0, 0.0, 0.0, 0.0, 2.0, 5.0, 6.0, 16.0, 20.0, 26.0, 17.0, 14.0, 0.0, 0.0, 0.0], [0.0, 0.0, 0.0, 0.0, 0.0, 0.0, 0.0, 0.0, 5.0, 18.0, 21.0, 27.0, 17.0, 13.0, 7.0, 4.0, 1.0, 0.0, 0.0, 0.0], [6.0, 15.0, 8.0, 10.0, 12.0, 16.0, 2.0, 0.0, 0.0, 0.0, 0.0, 0.0, 0.0, 0.0, 0.0, 0.0, 0.0, 7.0, 14.0, 16.0], [0.0, 0.0, 0.0, 0.0, 0.0, 0.0, 0.0, 0.0, 0.0, 0.0, 0.0, 0.0, 10.0, 13.0, 14.0, 23.0, 26.0, 8.0, 7.0, 6.0], [0.0, 0.0, 0.0, 0.0, 0.0, 0.0, 0.0, 0.0, 0.0, 0.0, 0.0, 0.0, 0.0, 1.0, 2.0, 11.0, 14.0, 32.0, 25.0, 23.0], [0.0, 0.0, 0.0, 0.0, 0.0, 0.0, 0.0, 0.0, 0.0, 6.0, 9.0, 14.0, 24.0, 20.0, 14.0, 11.0, 8.0, 0.0, 0.0, 0.0], [0.0, 0.0, 0.0, 2.0, 4.0, 5.0, 19.0, 11.0, 7.0, 0.0, 0.0, 6.0, 3.0, 6.0, 7.0, 16.0, 19.0, 1.0, 0.0, 0.0], [0.0, 0.0, 0.0, 0.0, 0.0, 0.0, 0.0, 0.0, 0.0, 4.0, 7.0, 10.0, 20.0, 24.0, 18.0, 14.0, 11.0, 0.0, 0.0, 0.0], [0.0, 0.0, 0.0, 0.0, 0.0, 0.0, 0.0, 0.0, 0.0, 0.0, 0.0, 3.0, 13.0, 16.0, 17.0, 26.0, 23.0, 5.0, 4.0, 3.0], [0.0, 0.0, 0.0, 0.0, 0.0, 0.0, 0.0, 0.0, 2.0, 20.0, 17.0, 11.0, 2.0, 0.0, 0.0, 0.0, 0.0, 7.0, 6.0, 4.0], [0.0, 0.0, 0.0, 0.0, 0.0, 0.0, 0.0, 0.0, 2.0, 20.0, 23.0, 17.0, 8.0, 6.0, 5.0, 14.0, 11.0, 0.0, 0.0, 0.0], [0.0, 0.0, 0.0, 0.0, 0.0, 0.0, 0.0, 0.0, 0.0, 0.0, 0.0, 0.0, 0.0, 0.0, 1.0, 10.0, 13.0, 25.0, 32.0, 30.0]]]"
y_box,[0.0 0.0 0.0 0.0 0.0 -0.0 -0.0 -0.0 -0.0 -0.0 -0.0 -0.0 -0.0 -0.0 -0.0 -0.0 -0.0 -0.0 -0.0 -0.0; -0.0 -0.0 -0.0 -0.0 -0.0 -0.0 -0.0 -0.0 -0.0 -0.0 -0.0 -0.0 -0.0 -0.0 -0.0 -0.0 -0.0 -0.0 -0.0 -0.0; -0.0 -0.0 -0.0 -0.0 -0.0 0.0 0.0 0.0 0.0 -0.0 -0.0 -0.0 -0.0 -0.0 -0.0 -0.0 -0.0 -0.0 -0.0 -0.0; -0.0 -0.0 -0.0 -0.0 -0.0 -0.0 -0.0 -0.0 -0.0 0.0 0.0 27.0 -0.0 -0.0 -0.0 -0.0 -0.0 -0.0 -0.0 -0.0; -0.0 -0.0 -0.0 -0.0 -0.0 -0.0 -0.0 -0.0 -0.0 -0.0 -0.0 -0.0 24.0 24.0 -0.0 -0.0 -0.0 -0.0 -0.0 -0.0; -0.0 -0.0 -0.0 -0.0 -0.0 -0.0 -0.0 -0.0 -0.0 -0.0 -0.0 -0.0 -0.0 -0.0 -0.0 0.0 0.0 31.0 0.0 0.0;;;]
evol_bb,"[[0.624, 3.8600054148320496e7]]"
y_bb,[0.0 0.0 0.0 0.0 0.0 -0.0 -0.0 -0.0 -0.0 -0.0 -0.0 -0.0 -0.0 -0.0 -0.0 -0.0 -0.0 -0.0 -0.0 -0.0; -0.0 -0.0 -0.0 -0.0 -0.0 -0.0 -0.0 -0.0 -0.0 -0.0 -0.0 -0.0 -0.0 -0.0 -0.0 -0.0 -0.0 -0.0 -0.0 -0.0; -0.0 -0.0 -0.0 -0.0 -0.0 0.0 0.0 0.0 0.0 -0.0 -0.0 -0.0 -0.0 -0.0 -0.0 -0.0 -0.0 -0.0 -0.0 -0.0; -0.0 -0.0 -0.0 -0.0 -0.0 -0.0 -0.0 -0.0 -0.0 0.0 0.0 27.0 -0.0 -0.0 -0.0 -0.0 -0.0 -0.0 -0.0 -0.0; -0.0 -0.0 -0.0 -0.0 -0.0 -0.0 -0.0 -0.0 -0.0 -0.0 -0.0 -0.0 24.0 24.0 -0.0 -0.0 -0.0 -0.0 -0.0 -0.0; -0.0 -0.0 -0.0 -0.0 -0.0 -0.0 -0.0 -0.0 -0.0 -0.0 -0.0 -0.0 -0.0 -0.0 -0.0 0.0 0.0 31.0 0.0 0.0;;;]
evol_box,"[[0.453, 0.0], [2.02, 1044.465032289837], [2.113, 1.2668261034174534e7], [2.134, 2.127228618094439e7], [2.157, 2.6530293451439746e7], [2.194, 3.250545035314534e7], [2.233, 3.465650683775935e7], [2.271, 3.573201458013684e7], [2.31, 3.656850763505044e7], [2.324, 3.728552646325511e7], [2.357, 3.7763532182081714e7], [2.368, 3.812204159618405e7], [2.39, 3.836104787225227e7], [2.422, 3.8600054148320496e7]]"
y_pb,[[0.0 -0.0 -0.0 -0.0 -0.0 -0.0 -0.0 -0.0 -0.0 -0.0 -0.0 -0.0 -0.0 -0.0 -0.0 -0.0 -0.0 -0.0 -0.0 -0.0; -0.0 -0.0 -0.0 -0.0 -0.0 -0.0 -0.0 0.0 -0.0 -0.0 -0.0 -0.0 -0.0 -0.0 -0.0 -0.0 -0.0 -0.0 -0.0 -0.0; -0.0 -0.0 -0.0 -0.0 -0.0 -0.0 -0.0 -0.0 -0.0 0.0 -0.0 -0.0 -0.0 -0.0 -0.0 -0.0 -0.0 -0.0 -0.0 -0.0; -0.0 -0.0 -0.0 -0.0 -0.0 -0.0 -0.0 -0.0 -0.0 -0.0 -0.0 27.0 -0.0 -0.0 -0.0 -0.0 -0.0 -0.0 -0.0 -0.0; -0.0 -0.0 -0.0 -0.0 -0.0 -0.0 -0.0 -0.0 -0.0 -0.0 -0.0 -0.0 24.000000000000004 23.0 -0.0 -0.0 -0.0 -0.0 -0.0 -0.0; -0.0 -0.0 -0.0 -0.0 -0.0 -0.0 -0.0 -0.0 -0.0 -0.0 -0.0 -0.0 -0.0 -0.0 -0.0 -0.0 -0.0 32.0 -0.0 -0.0;;;]]
x_bb,"[0.0, 0.0, 0.0, 27.0, 48.0, 31.0]"
x_box,"[0.0, 0.0, 0.0, 27.0, 48.0, 31.0]"
evol_zeta,"[[1.689, 32.0], [2.111, 28.0], [2.133, 26.0], [2.155, 20.22222222222222], [2.192, 15.0], [2.231, 11.875], [2.269, 8.714285714285708], [2.308, 7.0], [2.322, 4.0], [2.355, 3.75], [2.366, 2.555555555555557], [2.388, 2.0], [2.42, 1.1666666666666679], [2.444, 0.0]]"
ξ_box,[6.0; 15.0; 8.0; 10.0; 12.0; 16.0; 19.0; 23.0; 28.0; 20.0; 23.0; 27.0; 24.0; 24.0; 26.0; 26.0; 26.0; 32.0; 32.0; 32.0;;]
