first,second
s_box,[16.0; 10.0; 2.0; 11.0; 12.0; 6.0; 0.0; 0.0; 0.0; 0.0; 0.0; 0.0; 0.0; 0.0; 0.0; 11.0; 16.0; 17.0; 29.0; 35.0;;]
x_pb,"[11.0, 15.0, 15.0, 40.0, 19.0, -0.0]"
s_bb,[16.0; 10.0; 2.0; 11.0; 12.0; 6.0; 0.0; 0.0; 0.0; 0.0; 0.0; 0.0; 0.0; 0.0; 0.0; 11.0; 16.0; 17.0; 29.0; 35.0;;]
partition_bb,"[[[0.0, 0.0, 0.0, 0.0, 0.0, 0.0, 0.0, 0.0, 0.0, 0.0, 0.0, 0.0, 0.0, 0.0, 3.0, 12.0, 13.0, 14.0, 26.0, 35.0], [16.0, 10.0, 2.0, 3.0, 1.0, 6.0, 3.0, 4.0, 15.0, 10.0, 14.0, 10.0, 4.0, 0.0, 3.0, 0.0, 0.0, 0.0, 0.0, 0.0], [0.0, 0.0, 1.0, 10.0, 12.0, 6.0, 3.0, 0.0, 0.0, 0.0, 0.0, 0.0, 0.0, 3.0, 0.0, 10.0, 8.0, 8.0, 10.0, 19.0], [0.0, 6.0, 0.0, 0.0, 0.0, 0.0, 0.0, 0.0, 11.0, 14.0, 0.0, 0.0, 5.0, 9.0, 12.0, 0.0, 0.0, 0.0, 12.0, 21.0], [0.0, 0.0, 1.0, 6.0, 4.0, 0.0, 0.0, 0.0, 0.0, 0.0, 0.0, 0.0, 5.0, 1.0, 1.0, 18.0, 16.0, 16.0, 11.0, 18.0], [0.0, 0.0, 2.0, 0.0, 0.0, 6.0, 3.0, 8.0, 0.0, 1.0, 15.0, 11.0, 5.0, 9.0, 12.0, 2.0, 0.0, 0.0, 9.0, 0.0], [0.0, 0.0, 0.0, 1.0, 0.0, 0.0, 0.0, 0.0, 0.0, 0.0, 0.0, 0.0, 0.0, 0.0, 0.0, 17.0, 16.0, 17.0, 29.0, 20.0], [0.0, 0.0, 2.0, 11.0, 9.0, 3.0, 0.0, 0.0, 10.0, 15.0, 1.0, 0.0, 1.0, 3.0, 6.0, 0.0, 1.0, 2.0, 14.0, 20.0]]]"
y_box,[0.0 0.0 0.0 0.0 0.0 0.0 3.0 8.0 -0.0 -0.0 -0.0 -0.0 -0.0 -0.0 -0.0 -0.0 -0.0 -0.0 -0.0 -0.0; -0.0 -0.0 -0.0 -0.0 -0.0 -0.0 -0.0 -0.0 15.0 -0.0 -0.0 -0.0 -0.0 -0.0 -0.0 -0.0 -0.0 -0.0 -0.0 -0.0; -0.0 -0.0 -0.0 -0.0 -0.0 -0.0 -0.0 -0.0 -0.0 15.0 -0.0 -0.0 -0.0 -0.0 -0.0 -0.0 -0.0 -0.0 -0.0 -0.0; -0.0 -0.0 -0.0 -0.0 -0.0 -0.0 -0.0 -0.0 -0.0 -0.0 15.0 11.0 5.0 9.0 -0.0 -0.0 -0.0 -0.0 -0.0 -0.0; -0.0 -0.0 -0.0 -0.0 -0.0 -0.0 -0.0 -0.0 -0.0 -0.0 -0.0 -0.0 -0.0 -0.0 12.0 7.0 0.0 0.0 -0.0 -0.0; -0.0 -0.0 -0.0 -0.0 -0.0 -0.0 -0.0 -0.0 -0.0 -0.0 -0.0 -0.0 -0.0 -0.0 -0.0 -0.0 -0.0 -0.0 0.0 0.0;;;]
evol_bb,"[[0.361, 1.8720692667751163e7]]"
y_bb,[0.0 0.0 0.0 0.0 0.0 0.0 3.0 8.0 -0.0 -0.0 -0.0 -0.0 -0.0 -0.0 -0.0 -0.0 -0.0 -0.0 -0.0 -0.0; -0.0 -0.0 -0.0 -0.0 -0.0 -0.0 -0.0 -0.0 15.0 -0.0 -0.0 -0.0 -0.0 -0.0 -0.0 -0.0 -0.0 -0.0 -0.0 -0.0; -0.0 -0.0 -0.0 -0.0 -0.0 -0.0 -0.0 -0.0 -0.0 15.0 -0.0 -0.0 -0.0 -0.0 -0.0 -0.0 -0.0 -0.0 -0.0 -0.0; -0.0 -0.0 -0.0 -0.0 -0.0 -0.0 -0.0 -0.0 -0.0 -0.0 15.0 11.0 5.0 9.0 -0.0 -0.0 -0.0 -0.0 -0.0 -0.0; -0.0 -0.0 -0.0 -0.0 -0.0 -0.0 -0.0 -0.0 -0.0 -0.0 -0.0 -0.0 -0.0 -0.0 12.0 7.0 0.0 0.0 -0.0 -0.0; -0.0 -0.0 -0.0 -0.0 -0.0 -0.0 -0.0 -0.0 -0.0 -0.0 -0.0 -0.0 -0.0 -0.0 -0.0 -0.0 -0.0 -0.0 0.0 0.0;;;]
evol_box,"[[0.497, 0.0], [2.258, 341864.187548753], [2.346, 9.190742583987659e6], [2.354, 1.2367317734805815e7], [2.361, 1.645161518943248e7], [2.368, 1.7813073231386032e7], [2.374, 1.8380328157262776e7], [2.383, 1.8720692667751163e7]]"
y_pb,[[-0.0 -0.0 -0.0 -0.0 -0.0 -0.0 3.0000000000000004 8.0 -0.0 -0.0 -0.0 -0.0 -0.0 -0.0 -0.0 -0.0 -0.0 -0.0 -0.0 -0.0; -0.0 -0.0 -0.0 -0.0 -0.0 -0.0 -0.0 -0.0 15.0 -0.0 -0.0 -0.0 -0.0 -0.0 -0.0 -0.0 -0.0 -0.0 -0.0 -0.0; -0.0 -0.0 -0.0 -0.0 -0.0 -0.0 -0.0 -0.0 -0.0 15.0 -0.0 -0.0 -0.0 -0.0 -0.0 -0.0 -0.0 -0.0 -0.0 -0.0; -0.0 -0.0 -0.0 -0.0 -0.0 -0.0 -0.0 -0.0 -0.0 -0.0 15.0 11.0 5.0 9.0 -0.0 -0.0 -0.0 -0.0 -0.0 -0.0; -0.0 -0.0 -0.0 -0.0 -0.0 -0.0 -0.0 -0.0 -0.0 -0.0 -0.0 -0.0 -0.0 -0.0 12.000000000000002 7.0 -0.0 -0.0 -0.0 -0.0; -0.0 -0.0 -0.0 -0.0 -0.0 -0.0 -0.0 -0.0 -0.0 -0.0 -0.0 -0.0 -0.0 -0.0 -0.0 -0.0 -0.0 -0.0 0.0 -0.0;;;]]
x_bb,"[11.0, 15.0, 15.0, 40.0, 19.0, 0.0]"
x_box,"[11.0, 15.0, 15.0, 40.0, 19.0, 0.0]"
evol_zeta,"[[1.844, 34.500001748226786], [2.344, 16.0], [2.352, 15.0], [2.359, 9.0], [2.366, 6.0], [2.372, 5.0], [2.381, 3.000000000400007], [2.396, 0.0]]"
ξ_box,[16.0; 10.0; 2.0; 11.0; 12.0; 6.0; 3.0; 8.0; 15.0; 15.0; 15.0; 11.0; 5.0; 9.0; 12.0; 18.0; 16.0; 17.0; 29.0; 35.0;;]
