first,second
s_box,[0.0; 0.0; 0.0; 0.0; 0.0; 15.0; 16.0; 25.0; 24.0; 24.0; 24.0; 23.0; 21.0; 15.0; 0.0; 0.0; 33.0; 17.0; 29.0; 39.0;;]
x_pb,"[20.0, 17.0, -0.0, -0.0, 56.0, 15.0]"
s_bb,[0.0; 0.0; 0.0; 0.0; 0.0; 15.0; 16.0; 25.0; 24.0; 24.0; 24.0; 23.0; 21.0; 15.0; 0.0; 0.0; 33.0; 17.0; 29.0; 39.0;;]
partition_bb,"[[[0.0, 0.0, 0.0, 0.0, 0.0, 0.0, 0.0, 0.0, 0.0, 0.0, 0.0, 0.0, 0.0, 0.0, 2.0, 6.0, 9.0, 27.0, 28.0, 39.0], [0.0, 0.0, 0.0, 0.0, 0.0, 1.0, 2.0, 25.0, 22.0, 20.0, 19.0, 11.0, 9.0, 3.0, 0.0, 0.0, 0.0, 0.0, 0.0, 0.0], [0.0, 0.0, 0.0, 0.0, 0.0, 0.0, 0.0, 0.0, 0.0, 0.0, 0.0, 5.0, 5.0, 10.0, 19.0, 31.0, 24.0, 10.0, 9.0, 0.0], [7.0, 3.0, 10.0, 6.0, 11.0, 15.0, 16.0, 0.0, 0.0, 2.0, 1.0, 0.0, 0.0, 0.0, 0.0, 7.0, 0.0, 6.0, 7.0, 18.0], [0.0, 3.0, 0.0, 0.0, 0.0, 0.0, 0.0, 5.0, 5.0, 6.0, 6.0, 19.0, 21.0, 15.0, 20.0, 8.0, 1.0, 0.0, 0.0, 0.0], [0.0, 0.0, 0.0, 0.0, 0.0, 0.0, 0.0, 0.0, 0.0, 0.0, 0.0, 0.0, 0.0, 5.0, 14.0, 26.0, 33.0, 15.0, 14.0, 3.0], [0.0, 0.0, 0.0, 0.0, 0.0, 0.0, 0.0, 0.0, 0.0, 0.0, 0.0, 13.0, 15.0, 15.0, 25.0, 21.0, 18.0, 0.0, 0.0, 0.0], [0.0, 0.0, 0.0, 0.0, 0.0, 0.0, 0.0, 18.0, 21.0, 23.0, 24.0, 11.0, 9.0, 3.0, 0.0, 0.0, 0.0, 0.0, 0.0, 0.0], [0.0, 0.0, 0.0, 0.0, 0.0, 0.0, 0.0, 0.0, 0.0, 0.0, 0.0, 0.0, 0.0, 0.0, 7.0, 11.0, 14.0, 32.0, 28.0, 20.0], [0.0, 2.0, 0.0, 0.0, 4.0, 0.0, 0.0, 9.0, 9.0, 10.0, 10.0, 23.0, 21.0, 15.0, 5.0, 0.0, 0.0, 0.0, 0.0, 0.0], [0.0, 0.0, 0.0, 0.0, 0.0, 0.0, 0.0, 21.0, 24.0, 22.0, 21.0, 10.0, 8.0, 2.0, 0.0, 0.0, 0.0, 0.0, 0.0, 0.0], [0.0, 0.0, 0.0, 0.0, 0.0, 0.0, 0.0, 0.0, 0.0, 0.0, 0.0, 0.0, 0.0, 5.0, 15.0, 7.0, 10.0, 25.0, 29.0, 18.0], [0.0, 0.0, 0.0, 0.0, 0.0, 0.0, 0.0, 19.0, 22.0, 24.0, 23.0, 11.0, 9.0, 3.0, 0.0, 0.0, 0.0, 0.0, 0.0, 0.0]]]"
y_box,[7.0 3.0 10.0 -0.0 -0.0 -0.0 -0.0 -0.0 -0.0 -0.0 -0.0 -0.0 -0.0 -0.0 -0.0 -0.0 -0.0 -0.0 -0.0 -0.0; -0.0 -0.0 -0.0 6.0 11.0 0.0 0.0 -0.0 -0.0 -0.0 -0.0 -0.0 -0.0 -0.0 -0.0 -0.0 -0.0 -0.0 -0.0 -0.0; -0.0 -0.0 -0.0 -0.0 -0.0 -0.0 -0.0 -0.0 -0.0 -0.0 -0.0 -0.0 -0.0 -0.0 -0.0 -0.0 -0.0 -0.0 -0.0 -0.0; -0.0 -0.0 -0.0 -0.0 -0.0 -0.0 -0.0 0.0 0.0 -0.0 -0.0 -0.0 -0.0 -0.0 -0.0 -0.0 -0.0 -0.0 -0.0 -0.0; -0.0 -0.0 -0.0 -0.0 -0.0 -0.0 -0.0 -0.0 -0.0 0.0 0.0 0.0 0.0 0.0 25.0 31.0 0.0 -0.0 -0.0 -0.0; -0.0 -0.0 -0.0 -0.0 -0.0 -0.0 -0.0 -0.0 -0.0 -0.0 -0.0 -0.0 -0.0 -0.0 -0.0 -0.0 -0.0 15.0 0.0 0.0;;;]
evol_bb,"[[0.403, 3.8174757191795506e7]]"
y_bb,[7.0 3.0 10.0 -0.0 -0.0 -0.0 -0.0 -0.0 -0.0 -0.0 -0.0 -0.0 -0.0 -0.0 -0.0 -0.0 -0.0 -0.0 -0.0 -0.0; -0.0 -0.0 -0.0 6.0 11.0 0.0 0.0 -0.0 -0.0 -0.0 -0.0 -0.0 -0.0 -0.0 -0.0 -0.0 -0.0 -0.0 -0.0 -0.0; -0.0 -0.0 -0.0 -0.0 -0.0 -0.0 -0.0 -0.0 -0.0 -0.0 -0.0 -0.0 -0.0 -0.0 -0.0 -0.0 -0.0 -0.0 -0.0 -0.0; -0.0 -0.0 -0.0 -0.0 -0.0 -0.0 -0.0 0.0 0.0 0.0 -0.0 -0.0 -0.0 -0.0 -0.0 -0.0 -0.0 -0.0 -0.0 -0.0; -0.0 -0.0 -0.0 -0.0 -0.0 -0.0 -0.0 -0.0 -0.0 -0.0 0.0 0.0 0.0 0.0 25.0 31.0 0.0 -0.0 -0.0 -0.0; -0.0 -0.0 -0.0 -0.0 -0.0 -0.0 -0.0 -0.0 -0.0 -0.0 -0.0 -0.0 -0.0 -0.0 -0.0 -0.0 -0.0 15.0 0.0 0.0;;;]
evol_box,"[[0.377, 0.0], [1.82, 377408.95945812925], [1.897, 1.4395289711599747e7], [1.909, 2.2404936274847426e7], [1.92, 2.8037033498771384e7], [1.93, 3.241756702361343e7], [1.943, 3.3544006103191197e7], [1.952, 3.4545236370442644e7], [1.961, 3.5296116028187506e7], [1.97, 3.629739521003441e7], [1.98, 3.692319469868872e7], [1.99, 3.742379780541034e7], [1.999, 3.767411760087206e7], [2.01, 3.7924437396333784e7], [2.022, 3.804959729406465e7], [2.032, 3.8174757191795506e7]]"
y_pb,[[7.0 3.0000000000000004 10.0 -0.0 -0.0 -0.0 -0.0 -0.0 -0.0 -0.0 -0.0 -0.0 -0.0 -0.0 -0.0 -0.0 -0.0 -0.0 -0.0 -0.0; -0.0 -0.0 -0.0 6.000000000000001 11.0 -0.0 -0.0 -0.0 -0.0 -0.0 -0.0 -0.0 -0.0 -0.0 -0.0 -0.0 -0.0 -0.0 -0.0 -0.0; -0.0 -0.0 -0.0 -0.0 -0.0 -0.0 0.0 -0.0 -0.0 -0.0 -0.0 -0.0 -0.0 -0.0 -0.0 -0.0 -0.0 -0.0 -0.0 -0.0; -0.0 -0.0 -0.0 -0.0 -0.0 -0.0 0.0 -0.0 -0.0 -0.0 -0.0 -0.0 -0.0 -0.0 -0.0 -0.0 -0.0 -0.0 -0.0 -0.0; -0.0 -0.0 -0.0 -0.0 -0.0 -0.0 -0.0 -0.0 -0.0 -0.0 -0.0 -0.0 -0.0 -0.0 25.0 31.0 -0.0 -0.0 -0.0 -0.0; -0.0 -0.0 -0.0 -0.0 -0.0 -0.0 -0.0 -0.0 -0.0 -0.0 -0.0 -0.0 -0.0 -0.0 -0.0 -0.0 -0.0 15.0 -0.0 -0.0;;;]]
x_bb,"[20.0, 17.0, 0.0, 0.0, 56.0, 15.0]"
x_box,"[20.0, 17.0, 0.0, 0.0, 56.0, 15.0]"
evol_zeta,"[[1.472, 38.5], [1.896, 24.555555555555557], [1.908, 24.375], [1.918, 14.0], [1.928, 12.0], [1.941, 8.714285714285715], [1.95, 8.0], [1.959, 6.0], [1.968, 4.857142857142858], [1.978, 4.333333333333325], [1.988, 4.0], [1.998, 2.0], [2.008, 2.0], [2.02, 1.0000000000000067], [2.03, 0.5714285714285694], [2.046, 0.0]]"
ξ_box,[7.0; 3.0; 10.0; 6.0; 11.0; 15.0; 16.0; 25.0; 24.0; 24.0; 24.0; 23.0; 21.0; 15.0; 25.0; 31.0; 33.0; 32.0; 29.0; 39.0;;]
