first,second
s_box,[39.0; 30.0; 0.0; 8.0; 5.0; 9.0; 20.0; 22.0; 24.0; 27.0; 0.0; 25.0; 26.0; 25.0; 26.0; 0.0; 0.0; 0.0; 25.0; 16.0;;]
x_pb,"[22.0, -0.0, 22.0, 24.0, 51.0, -0.0]"
s_bb,[39.0; 30.0; 0.0; 8.0; 5.0; 9.0; 20.0; 22.0; 24.0; 27.0; 0.0; 25.0; 26.0; 25.0; 26.0; 0.0; 0.0; 0.0; 25.0; 16.0;;]
partition_bb,"[[[39.0, 30.0, 22.0, 8.0, 5.0, 9.0, 5.0, 1.0, 0.0, 0.0, 0.0, 0.0, 0.0, 0.0, 0.0, 0.0, 0.0, 0.0, 0.0, 0.0], [0.0, 0.0, 0.0, 4.0, 5.0, 9.0, 13.0, 17.0, 21.0, 27.0, 10.0, 6.0, 3.0, 2.0, 0.0, 0.0, 3.0, 0.0, 0.0, 0.0], [0.0, 0.0, 0.0, 0.0, 0.0, 0.0, 0.0, 0.0, 0.0, 0.0, 1.0, 14.0, 17.0, 18.0, 26.0, 18.0, 11.0, 8.0, 7.0, 0.0], [0.0, 0.0, 0.0, 8.0, 5.0, 9.0, 0.0, 0.0, 0.0, 0.0, 0.0, 0.0, 1.0, 2.0, 6.0, 12.0, 17.0, 18.0, 25.0, 16.0], [0.0, 0.0, 0.0, 0.0, 0.0, 0.0, 0.0, 0.0, 0.0, 0.0, 5.0, 27.0, 24.0, 23.0, 15.0, 13.0, 8.0, 6.0, 0.0, 0.0], [16.0, 7.0, 0.0, 8.0, 5.0, 9.0, 1.0, 5.0, 9.0, 3.0, 20.0, 14.0, 11.0, 10.0, 2.0, 0.0, 0.0, 0.0, 0.0, 0.0], [0.0, 0.0, 0.0, 0.0, 0.0, 0.0, 0.0, 0.0, 0.0, 0.0, 0.0, 5.0, 6.0, 7.0, 8.0, 16.0, 23.0, 26.0, 19.0, 16.0], [6.0, 15.0, 22.0, 8.0, 5.0, 9.0, 20.0, 16.0, 12.0, 6.0, 0.0, 0.0, 0.0, 0.0, 0.0, 0.0, 0.0, 0.0, 0.0, 0.0], [0.0, 0.0, 0.0, 0.0, 0.0, 0.0, 0.0, 0.0, 0.0, 0.0, 0.0, 10.0, 13.0, 14.0, 16.0, 24.0, 17.0, 14.0, 11.0, 4.0], [0.0, 9.0, 17.0, 8.0, 5.0, 9.0, 18.0, 22.0, 18.0, 13.0, 0.0, 0.0, 0.0, 0.0, 0.0, 0.0, 0.0, 0.0, 0.0, 0.0], [14.0, 5.0, 0.0, 4.0, 5.0, 9.0, 16.0, 20.0, 24.0, 18.0, 6.0, 0.0, 0.0, 0.0, 0.0, 0.0, 0.0, 0.0, 0.0, 0.0], [0.0, 0.0, 0.0, 0.0, 0.0, 0.0, 0.0, 0.0, 0.0, 0.0, 1.0, 21.0, 24.0, 25.0, 17.0, 15.0, 9.0, 6.0, 2.0, 0.0], [0.0, 0.0, 0.0, 0.0, 0.0, 0.0, 0.0, 0.0, 0.0, 0.0, 3.0, 23.0, 26.0, 25.0, 17.0, 15.0, 9.0, 6.0, 2.0, 0.0], [0.0, 0.0, 0.0, 0.0, 0.0, 0.0, 0.0, 0.0, 0.0, 0.0, 0.0, 6.0, 8.0, 9.0, 10.0, 18.0, 25.0, 22.0, 17.0, 12.0]]]"
y_box,[0.0 0.0 22.0 0.0 -0.0 -0.0 -0.0 -0.0 -0.0 -0.0 -0.0 -0.0 -0.0 -0.0 -0.0 -0.0 -0.0 -0.0 -0.0 -0.0; -0.0 -0.0 -0.0 -0.0 0.0 0.0 0.0 0.0 0.0 0.0 -0.0 -0.0 -0.0 -0.0 -0.0 -0.0 -0.0 -0.0 -0.0 -0.0; -0.0 -0.0 -0.0 -0.0 -0.0 -0.0 -0.0 -0.0 -0.0 -0.0 20.0 2.0 0.0 0.0 -0.0 -0.0 -0.0 -0.0 -0.0 -0.0; -0.0 -0.0 -0.0 -0.0 -0.0 -0.0 -0.0 -0.0 -0.0 -0.0 -0.0 -0.0 -0.0 -0.0 0.0 24.0 -0.0 -0.0 -0.0 -0.0; -0.0 -0.0 -0.0 -0.0 -0.0 -0.0 -0.0 -0.0 -0.0 -0.0 -0.0 -0.0 -0.0 -0.0 -0.0 -0.0 25.0 26.0 0.0 -0.0; -0.0 -0.0 -0.0 -0.0 -0.0 -0.0 -0.0 -0.0 -0.0 -0.0 -0.0 -0.0 -0.0 -0.0 -0.0 -0.0 -0.0 -0.0 -0.0 0.0;;;]
evol_bb,"[[0.391, 4.027670661564974e7]]"
y_bb,[0.0 0.0 22.0 0.0 -0.0 -0.0 -0.0 -0.0 -0.0 -0.0 -0.0 -0.0 -0.0 -0.0 -0.0 -0.0 -0.0 -0.0 -0.0 -0.0; -0.0 -0.0 -0.0 -0.0 0.0 0.0 0.0 0.0 0.0 0.0 -0.0 -0.0 -0.0 -0.0 -0.0 -0.0 -0.0 -0.0 -0.0 -0.0; -0.0 -0.0 -0.0 -0.0 -0.0 -0.0 -0.0 -0.0 -0.0 -0.0 20.0 2.0 0.0 0.0 -0.0 -0.0 -0.0 -0.0 -0.0 -0.0; -0.0 -0.0 -0.0 -0.0 -0.0 -0.0 -0.0 -0.0 -0.0 -0.0 -0.0 -0.0 -0.0 -0.0 0.0 24.0 -0.0 -0.0 -0.0 -0.0; -0.0 -0.0 -0.0 -0.0 -0.0 -0.0 -0.0 -0.0 -0.0 -0.0 -0.0 -0.0 -0.0 -0.0 -0.0 -0.0 25.0 26.0 0.0 -0.0; -0.0 -0.0 -0.0 -0.0 -0.0 -0.0 -0.0 -0.0 -0.0 -0.0 -0.0 -0.0 -0.0 -0.0 -0.0 -0.0 -0.0 -0.0 -0.0 0.0;;;]
evol_box,"[[0.423, 0.0], [1.833, 2037.04409092436], [1.908, 1.1825662168720376e7], [1.921, 2.4757876954506647e7], [1.928, 3.0916134953035764e7], [1.938, 3.399529249409428e7], [1.947, 3.522694543598276e7], [1.957, 3.695123105420133e7], [1.967, 3.781339693151265e7], [1.976, 3.8552380360258505e7], [1.987, 3.916821312976659e7], [1.999, 3.9537712791471444e7], [2.008, 3.978404589927468e7], [2.017, 4.003037900707791e7], [2.03, 4.027670661564974e7]]"
y_pb,[[-0.0 -0.0 22.0 -0.0 -0.0 -0.0 -0.0 -0.0 -0.0 -0.0 -0.0 -0.0 -0.0 -0.0 -0.0 -0.0 -0.0 -0.0 -0.0 -0.0; -0.0 -0.0 -0.0 -0.0 -0.0 -0.0 0.0 -0.0 -0.0 -0.0 -0.0 -0.0 -0.0 -0.0 -0.0 -0.0 -0.0 -0.0 -0.0 -0.0; -0.0 -0.0 -0.0 -0.0 -0.0 -0.0 -0.0 -0.0 -0.0 -0.0 20.0 2.0 -0.0 -0.0 -0.0 -0.0 -0.0 -0.0 -0.0 -0.0; -0.0 -0.0 -0.0 -0.0 -0.0 -0.0 -0.0 -0.0 -0.0 -0.0 -0.0 -0.0 -0.0 -0.0 -0.0 24.000000000000004 -0.0 -0.0 -0.0 -0.0; -0.0 -0.0 -0.0 -0.0 -0.0 -0.0 -0.0 -0.0 -0.0 -0.0 -0.0 -0.0 -0.0 -0.0 -0.0 -0.0 25.0 26.0 -0.0 -0.0; -0.0 -0.0 -0.0 -0.0 -0.0 -0.0 -0.0 -0.0 -0.0 -0.0 -0.0 -0.0 -0.0 -0.0 -0.0 -0.0 -0.0 -0.0 -0.0 0.0;;;]]
x_bb,"[22.0, 0.0, 22.0, 24.0, 51.0, 0.0]"
x_box,"[22.0, 0.0, 22.0, 24.0, 51.0, 0.0]"
evol_zeta,"[[1.512, 39.0], [1.906, 27.0], [1.92, 25.88888888888889], [1.926, 18.0], [1.936, 12.75], [1.945, 10.0], [1.955, 7.222222222222223], [1.965, 7.0], [1.974, 5.555555555555557], [1.985, 5.0], [1.997, 3.0], [2.007, 1.8888888888888893], [2.015, 1.2222222222222205], [2.028, 1.1111111111111107], [2.04, 0.0]]"
ξ_box,[39.0; 30.0; 22.0; 8.0; 5.0; 9.0; 20.0; 22.0; 24.0; 27.0; 20.0; 27.0; 26.0; 25.0; 26.0; 24.0; 25.0; 26.0; 25.0; 16.0;;]
