first,second
s_box,[0.0; 0.0; 0.0; 10.0; 7.0; 8.0; 23.0; 17.0; 5.0; 4.0; 1.0; 8.0; 9.0; 10.0; 4.0; 9.0; 10.0; 16.0; 5.0; 0.0;;]
x_pb,"[80.0, -0.0, -0.0, 1.0, -0.0, 10.0]"
s_bb,[0.0; 0.0; 0.0; 10.0; 7.0; 8.0; 23.0; 17.0; 5.0; 4.0; 1.0; 8.0; 9.0; 10.0; 4.0; 9.0; 10.0; 16.0; 5.0; 0.0;;]
partition_bb,"[[[31.0, 25.0, 22.0, 7.0, 6.0, 5.0, 0.0, 0.0, 0.0, 0.0, 0.0, 0.0, 0.0, 0.0, 0.0, 0.0, 0.0, 0.0, 0.0, 0.0], [1.0, 7.0, 4.0, 2.0, 3.0, 4.0, 23.0, 17.0, 4.0, 3.0, 1.0, 5.0, 4.0, 0.0, 4.0, 0.0, 3.0, 1.0, 5.0, 0.0], [18.0, 12.0, 9.0, 3.0, 0.0, 1.0, 6.0, 0.0, 0.0, 0.0, 0.0, 0.0, 4.0, 2.0, 1.0, 6.0, 6.0, 17.0, 5.0, 2.0], [6.0, 0.0, 0.0, 0.0, 0.0, 1.0, 20.0, 16.0, 3.0, 3.0, 1.0, 2.0, 6.0, 10.0, 4.0, 3.0, 0.0, 0.0, 5.0, 10.0], [23.0, 17.0, 14.0, 0.0, 0.0, 1.0, 0.0, 6.0, 5.0, 4.0, 1.0, 0.0, 0.0, 0.0, 4.0, 7.0, 10.0, 0.0, 0.0, 0.0], [16.0, 10.0, 7.0, 10.0, 7.0, 6.0, 6.0, 0.0, 5.0, 4.0, 1.0, 0.0, 0.0, 0.0, 4.0, 0.0, 0.0, 11.0, 5.0, 0.0], [20.0, 14.0, 11.0, 0.0, 3.0, 4.0, 6.0, 0.0, 0.0, 1.0, 1.0, 8.0, 9.0, 5.0, 0.0, 0.0, 0.0, 11.0, 0.0, 0.0], [12.0, 6.0, 3.0, 0.0, 0.0, 1.0, 6.0, 0.0, 5.0, 4.0, 1.0, 8.0, 9.0, 10.0, 4.0, 9.0, 10.0, 0.0, 5.0, 0.0], [14.0, 8.0, 5.0, 4.0, 7.0, 8.0, 0.0, 0.0, 3.0, 4.0, 1.0, 0.0, 0.0, 0.0, 4.0, 9.0, 10.0, 0.0, 5.0, 10.0], [21.0, 26.0, 23.0, 8.0, 7.0, 6.0, 0.0, 0.0, 0.0, 0.0, 0.0, 0.0, 0.0, 0.0, 0.0, 0.0, 0.0, 0.0, 0.0, 0.0]]]"
y_box,[31.0 26.0 23.0 -0.0 -0.0 -0.0 -0.0 -0.0 -0.0 -0.0 -0.0 -0.0 -0.0 -0.0 -0.0 -0.0 -0.0 -0.0 -0.0 -0.0; -0.0 -0.0 -0.0 0.0 0.0 0.0 -0.0 -0.0 -0.0 -0.0 -0.0 -0.0 -0.0 -0.0 -0.0 -0.0 -0.0 -0.0 -0.0 -0.0; -0.0 -0.0 -0.0 -0.0 -0.0 -0.0 0.0 0.0 0.0 0.0 0.0 0.0 0.0 0.0 -0.0 -0.0 -0.0 -0.0 -0.0 -0.0; -0.0 -0.0 -0.0 -0.0 -0.0 -0.0 -0.0 -0.0 -0.0 -0.0 -0.0 -0.0 -0.0 -0.0 0.0 0.0 0.0 1.0 -0.0 -0.0; -0.0 -0.0 -0.0 -0.0 -0.0 -0.0 -0.0 -0.0 -0.0 -0.0 -0.0 -0.0 -0.0 -0.0 -0.0 -0.0 -0.0 -0.0 -0.0 -0.0; -0.0 -0.0 -0.0 -0.0 -0.0 -0.0 -0.0 -0.0 -0.0 -0.0 -0.0 -0.0 -0.0 -0.0 -0.0 -0.0 -0.0 -0.0 0.0 10.0;;;]
evol_bb,"[[0.354, 1.7555770056056e7]]"
y_bb,[31.0 26.0 23.0 -0.0 -0.0 -0.0 -0.0 -0.0 -0.0 -0.0 -0.0 -0.0 -0.0 -0.0 -0.0 -0.0 -0.0 -0.0 -0.0 -0.0; -0.0 -0.0 -0.0 0.0 0.0 0.0 -0.0 -0.0 -0.0 -0.0 -0.0 -0.0 -0.0 -0.0 -0.0 -0.0 -0.0 -0.0 -0.0 -0.0; -0.0 -0.0 -0.0 -0.0 -0.0 -0.0 0.0 0.0 0.0 0.0 0.0 0.0 0.0 0.0 -0.0 -0.0 -0.0 -0.0 -0.0 -0.0; -0.0 -0.0 -0.0 -0.0 -0.0 -0.0 -0.0 -0.0 -0.0 -0.0 -0.0 -0.0 -0.0 -0.0 0.0 0.0 0.0 1.0 -0.0 -0.0; -0.0 -0.0 -0.0 -0.0 -0.0 -0.0 -0.0 -0.0 -0.0 -0.0 -0.0 -0.0 -0.0 -0.0 -0.0 -0.0 -0.0 -0.0 -0.0 -0.0; -0.0 -0.0 -0.0 -0.0 -0.0 -0.0 -0.0 -0.0 -0.0 -0.0 -0.0 -0.0 -0.0 -0.0 -0.0 -0.0 -0.0 -0.0 0.0 10.0;;;]
evol_box,"[[0.458, 0.0], [2.095, 601873.1619791641], [2.178, 9.740090291486666e6], [2.184, 1.3587812866969636e7], [2.189, 1.587239991937101e7], [2.195, 1.6473607038424002e7], [2.222, 1.7315297005098194e7], [2.229, 1.7555770056056e7]]"
y_pb,[[31.0 26.0 23.0 -0.0 -0.0 -0.0 -0.0 -0.0 -0.0 -0.0 -0.0 -0.0 -0.0 -0.0 -0.0 -0.0 -0.0 -0.0 -0.0 -0.0; -0.0 -0.0 -0.0 -0.0 0.0 -0.0 -0.0 -0.0 -0.0 -0.0 -0.0 -0.0 -0.0 -0.0 -0.0 -0.0 -0.0 -0.0 -0.0 -0.0; -0.0 -0.0 -0.0 -0.0 -0.0 -0.0 -0.0 -0.0 0.0 -0.0 -0.0 -0.0 -0.0 -0.0 -0.0 -0.0 -0.0 -0.0 -0.0 -0.0; -0.0 -0.0 -0.0 -0.0 -0.0 -0.0 -0.0 -0.0 -0.0 -0.0 -0.0 -0.0 -0.0 -0.0 -0.0 -0.0 -0.0 1.0 -0.0 -0.0; -0.0 -0.0 -0.0 -0.0 -0.0 -0.0 -0.0 -0.0 -0.0 -0.0 -0.0 -0.0 -0.0 -0.0 -0.0 -0.0 -0.0 0.0 -0.0 -0.0; -0.0 -0.0 -0.0 -0.0 -0.0 -0.0 -0.0 -0.0 -0.0 -0.0 -0.0 -0.0 -0.0 -0.0 -0.0 -0.0 -0.0 -0.0 -0.0 10.0;;;]]
x_bb,"[80.0, 0.0, 0.0, 1.0, 0.0, 10.0]"
x_box,"[80.0, 0.0, 0.0, 1.0, 0.0, 10.0]"
evol_zeta,"[[1.727, 30.166666666666668], [2.176, 23.0], [2.182, 17.0], [2.187, 8.0], [2.193, 5.0], [2.22, 3.0], [2.227, 1.0000000002000036], [2.26, 0.0]]"
ξ_box,[31.0; 26.0; 23.0; 10.0; 7.0; 8.0; 23.0; 17.0; 5.0; 4.0; 1.0; 8.0; 9.0; 10.0; 4.0; 9.0; 10.0; 17.0; 5.0; 10.0;;]
