first,second
s_box,[0.0; 0.0; 19.0; 9.0; 12.0; 15.0; 17.0; 20.0; 25.0; 27.0; 10.0; 0.0; 30.0; 32.0; 30.0; 29.0; 29.0; 26.0; 31.0; 0.0;;]
x_pb,"[40.0, 34.0, -0.0, -0.0, -0.0, 39.0]"
s_bb,[0.0; 0.0; 19.0; 9.0; 12.0; 15.0; 17.0; 20.0; 25.0; 27.0; 10.0; 0.0; 30.0; 32.0; 30.0; 29.0; 29.0; 26.0; 31.0; 0.0;;]
partition_bb,"[[[0.0, 0.0, 0.0, 0.0, 0.0, 0.0, 0.0, 0.0, 0.0, 0.0, 0.0, 0.0, 0.0, 0.0, 4.0, 13.0, 15.0, 18.0, 27.0, 39.0], [0.0, 0.0, 0.0, 0.0, 0.0, 0.0, 0.0, 0.0, 0.0, 9.0, 13.0, 15.0, 27.0, 32.0, 14.0, 5.0, 3.0, 0.0, 0.0, 0.0], [0.0, 0.0, 0.0, 6.0, 8.0, 10.0, 12.0, 17.0, 25.0, 15.0, 11.0, 9.0, 0.0, 0.0, 0.0, 0.0, 0.0, 0.0, 0.0, 0.0], [23.0, 17.0, 16.0, 6.0, 9.0, 7.0, 5.0, 0.0, 0.0, 0.0, 0.0, 0.0, 0.0, 0.0, 0.0, 0.0, 0.0, 0.0, 0.0, 0.0], [0.0, 0.0, 0.0, 0.0, 0.0, 0.0, 0.0, 0.0, 0.0, 0.0, 0.0, 0.0, 1.0, 2.0, 20.0, 29.0, 22.0, 22.0, 15.0, 3.0], [0.0, 0.0, 0.0, 0.0, 0.0, 4.0, 6.0, 9.0, 17.0, 27.0, 23.0, 21.0, 9.0, 4.0, 0.0, 0.0, 0.0, 0.0, 0.0, 0.0], [0.0, 0.0, 0.0, 0.0, 0.0, 0.0, 0.0, 0.0, 0.0, 0.0, 0.0, 2.0, 11.0, 12.0, 30.0, 21.0, 17.0, 16.0, 7.0, 0.0], [0.0, 0.0, 0.0, 0.0, 0.0, 0.0, 0.0, 0.0, 0.0, 0.0, 0.0, 0.0, 0.0, 0.0, 16.0, 22.0, 29.0, 26.0, 17.0, 5.0], [0.0, 0.0, 2.0, 9.0, 11.0, 15.0, 17.0, 12.0, 4.0, 0.0, 0.0, 0.0, 9.0, 4.0, 0.0, 0.0, 0.0, 0.0, 9.0, 21.0], [0.0, 0.0, 0.0, 0.0, 0.0, 0.0, 0.0, 0.0, 0.0, 0.0, 0.0, 0.0, 0.0, 0.0, 8.0, 17.0, 19.0, 22.0, 31.0, 19.0], [12.0, 17.0, 19.0, 9.0, 6.0, 3.0, 1.0, 0.0, 8.0, 0.0, 0.0, 0.0, 7.0, 12.0, 13.0, 7.0, 0.0, 0.0, 0.0, 0.0], [6.0, 11.0, 13.0, 9.0, 11.0, 13.0, 15.0, 20.0, 12.0, 2.0, 0.0, 0.0, 0.0, 0.0, 0.0, 0.0, 0.0, 3.0, 0.0, 0.0], [0.0, 0.0, 0.0, 0.0, 0.0, 0.0, 0.0, 0.0, 2.0, 12.0, 16.0, 18.0, 30.0, 25.0, 11.0, 2.0, 0.0, 0.0, 0.0, 0.0], [23.0, 17.0, 19.0, 9.0, 12.0, 8.0, 6.0, 3.0, 0.0, 0.0, 0.0, 0.0, 0.0, 0.0, 0.0, 2.0, 6.0, 9.0, 0.0, 0.0]]]"
y_box,[23.0 17.0 -0.0 0.0 0.0 0.0 0.0 -0.0 -0.0 -0.0 -0.0 -0.0 -0.0 -0.0 -0.0 -0.0 -0.0 -0.0 -0.0 -0.0; -0.0 -0.0 -0.0 -0.0 -0.0 -0.0 -0.0 0.0 0.0 0.0 13.0 21.0 0.0 -0.0 -0.0 -0.0 -0.0 -0.0 -0.0 -0.0; -0.0 -0.0 -0.0 -0.0 -0.0 -0.0 -0.0 -0.0 -0.0 -0.0 -0.0 -0.0 -0.0 0.0 0.0 -0.0 -0.0 -0.0 -0.0 -0.0; -0.0 -0.0 -0.0 -0.0 -0.0 -0.0 -0.0 -0.0 -0.0 -0.0 -0.0 -0.0 -0.0 -0.0 -0.0 -0.0 -0.0 -0.0 -0.0 -0.0; -0.0 -0.0 -0.0 -0.0 -0.0 -0.0 -0.0 -0.0 -0.0 -0.0 -0.0 -0.0 -0.0 -0.0 -0.0 0.0 0.0 0.0 0.0 -0.0; -0.0 -0.0 -0.0 -0.0 -0.0 -0.0 -0.0 -0.0 -0.0 -0.0 -0.0 -0.0 -0.0 -0.0 -0.0 -0.0 -0.0 -0.0 -0.0 39.0;;;]
evol_bb,"[[0.413, 4.799302692307892e7]]"
y_bb,[23.0 17.0 -0.0 0.0 0.0 0.0 0.0 -0.0 -0.0 -0.0 -0.0 -0.0 -0.0 -0.0 -0.0 -0.0 -0.0 -0.0 -0.0 -0.0; -0.0 -0.0 -0.0 -0.0 -0.0 -0.0 -0.0 0.0 0.0 0.0 13.0 21.0 0.0 -0.0 -0.0 -0.0 -0.0 -0.0 -0.0 -0.0; -0.0 -0.0 -0.0 -0.0 -0.0 -0.0 -0.0 -0.0 -0.0 -0.0 -0.0 -0.0 -0.0 0.0 0.0 -0.0 -0.0 -0.0 -0.0 -0.0; -0.0 -0.0 -0.0 -0.0 -0.0 -0.0 -0.0 -0.0 -0.0 -0.0 -0.0 -0.0 -0.0 -0.0 -0.0 -0.0 -0.0 -0.0 -0.0 -0.0; -0.0 -0.0 -0.0 -0.0 -0.0 -0.0 -0.0 -0.0 -0.0 -0.0 -0.0 -0.0 -0.0 -0.0 -0.0 0.0 0.0 0.0 0.0 -0.0; -0.0 -0.0 -0.0 -0.0 -0.0 -0.0 -0.0 -0.0 -0.0 -0.0 -0.0 -0.0 -0.0 -0.0 -0.0 -0.0 -0.0 -0.0 -0.0 39.0;;;]
evol_box,"[[0.413, 0.0], [1.872, 399593.7736617079], [1.961, 1.4491380287149454e7], [1.97, 2.5658642440425877e7], [1.976, 3.403395323768981e7], [1.986, 3.842109194076269e7], [1.995, 4.214350865231507e7], [2.002, 4.347294462294322e7], [2.013, 4.493532419063418e7], [2.022, 4.6264760161262326e7], [2.04, 4.6796534549513586e7], [2.052, 4.719536534070203e7], [2.06, 4.7594196131890476e7], [2.069, 4.799302692307892e7]]"
y_pb,[[23.0 17.0 -0.0 -0.0 -0.0 -0.0 -0.0 -0.0 -0.0 -0.0 -0.0 -0.0 -0.0 -0.0 -0.0 -0.0 -0.0 -0.0 -0.0 -0.0; -0.0 -0.0 -0.0 -0.0 -0.0 -0.0 -0.0 -0.0 -0.0 -0.0 13.0 21.0 -0.0 -0.0 -0.0 -0.0 -0.0 -0.0 -0.0 -0.0; -0.0 -0.0 -0.0 -0.0 -0.0 -0.0 -0.0 -0.0 -0.0 -0.0 -0.0 -0.0 -0.0 0.0 -0.0 -0.0 -0.0 -0.0 -0.0 -0.0; -0.0 -0.0 -0.0 -0.0 -0.0 -0.0 -0.0 -0.0 -0.0 -0.0 -0.0 -0.0 -0.0 0.0 -0.0 -0.0 -0.0 -0.0 -0.0 -0.0; -0.0 -0.0 -0.0 -0.0 -0.0 -0.0 -0.0 -0.0 -0.0 -0.0 -0.0 -0.0 -0.0 -0.0 -0.0 -0.0 -0.0 -0.0 0.0 -0.0; -0.0 -0.0 -0.0 -0.0 -0.0 -0.0 -0.0 -0.0 -0.0 -0.0 -0.0 -0.0 -0.0 -0.0 -0.0 -0.0 -0.0 -0.0 -0.0 39.0;;;]]
x_bb,"[40.0, 34.0, 0.0, 0.0, 0.0, 39.0]"
x_box,"[40.0, 34.0, 0.0, 0.0, 0.0, 39.0]"
evol_zeta,"[[1.546, 38.5], [1.959, 31.375000000000007], [1.969, 25.0], [1.975, 23.0], [1.984, 15.875], [1.993, 11.222222222222221], [2.0, 9.625], [2.012, 6.666666666666668], [2.021, 5.000000000600011], [2.038, 3.5], [2.05, 3.0], [2.058, 3.000000000400007], [2.067, 2.625], [2.083, 0.0]]"
ξ_box,[23.0; 17.0; 19.0; 9.0; 12.0; 15.0; 17.0; 20.0; 25.0; 27.0; 23.0; 21.0; 30.0; 32.0; 30.0; 29.0; 29.0; 26.0; 31.0; 39.0;;]
