first,second
s_box,[21.0; 27.0; 17.0; 12.0; 2.0; 7.0; 11.0; 22.0; 0.0; 23.0; 13.0; 0.0; 0.0; 0.0; 25.0; 25.0; 26.0; 15.0; 19.0; 26.0;;]
x_pb,"[-0.0, -0.0, -0.0, 25.0, 29.0, 44.0]"
s_bb,[21.0; 27.0; 17.0; 12.0; 2.0; 7.0; 11.0; 22.0; 0.0; 23.0; 13.0; 0.0; 0.0; 0.0; 25.0; 25.0; 26.0; 15.0; 19.0; 26.0;;]
partition_bb,"[[[21.0, 27.0, 16.0, 11.0, 2.0, 7.0, 4.0, 0.0, 0.0, 0.0, 0.0, 0.0, 0.0, 0.0, 0.0, 0.0, 0.0, 7.0, 3.0, 0.0], [0.0, 0.0, 0.0, 0.0, 2.0, 7.0, 11.0, 0.0, 0.0, 0.0, 0.0, 0.0, 0.0, 0.0, 0.0, 0.0, 9.0, 15.0, 19.0, 26.0], [0.0, 0.0, 0.0, 0.0, 0.0, 0.0, 0.0, 0.0, 0.0, 1.0, 7.0, 9.0, 11.0, 16.0, 17.0, 25.0, 9.0, 3.0, 0.0, 0.0], [0.0, 0.0, 0.0, 0.0, 1.0, 6.0, 10.0, 21.0, 25.0, 15.0, 9.0, 7.0, 5.0, 0.0, 0.0, 0.0, 0.0, 0.0, 0.0, 0.0], [0.0, 0.0, 4.0, 9.0, 2.0, 7.0, 3.0, 0.0, 0.0, 0.0, 0.0, 0.0, 0.0, 1.0, 2.0, 10.0, 26.0, 15.0, 11.0, 9.0], [0.0, 0.0, 0.0, 0.0, 0.0, 0.0, 0.0, 5.0, 5.0, 13.0, 21.0, 19.0, 15.0, 12.0, 6.0, 3.0, 0.0, 0.0, 0.0, 0.0], [0.0, 0.0, 0.0, 0.0, 0.0, 0.0, 0.0, 0.0, 0.0, 4.0, 10.0, 12.0, 14.0, 19.0, 25.0, 17.0, 1.0, 0.0, 0.0, 0.0], [0.0, 0.0, 0.0, 0.0, 0.0, 2.0, 6.0, 13.0, 13.0, 23.0, 15.0, 13.0, 9.0, 8.0, 2.0, 0.0, 0.0, 0.0, 0.0, 0.0], [0.0, 0.0, 0.0, 0.0, 0.0, 0.0, 0.0, 2.0, 2.0, 8.0, 16.0, 18.0, 22.0, 17.0, 11.0, 8.0, 0.0, 0.0, 0.0, 0.0], [0.0, 0.0, 0.0, 0.0, 0.0, 0.0, 0.0, 0.0, 0.0, 7.0, 13.0, 15.0, 17.0, 22.0, 16.0, 13.0, 0.0, 0.0, 0.0, 0.0], [0.0, 0.0, 0.0, 0.0, 0.0, 0.0, 0.0, 3.0, 3.0, 11.0, 19.0, 21.0, 17.0, 14.0, 8.0, 5.0, 0.0, 0.0, 0.0, 0.0], [0.0, 6.0, 17.0, 12.0, 2.0, 7.0, 11.0, 0.0, 4.0, 0.0, 0.0, 0.0, 0.0, 0.0, 5.0, 0.0, 4.0, 15.0, 11.0, 4.0], [0.0, 0.0, 5.0, 10.0, 2.0, 7.0, 11.0, 22.0, 18.0, 12.0, 6.0, 4.0, 2.0, 0.0, 0.0, 0.0, 0.0, 0.0, 0.0, 0.0]]]"
y_box,[-0.0 -0.0 -0.0 -0.0 -0.0 -0.0 -0.0 -0.0 -0.0 -0.0 -0.0 -0.0 -0.0 -0.0 -0.0 -0.0 -0.0 -0.0 -0.0 -0.0; 0.0 0.0 0.0 0.0 -0.0 -0.0 -0.0 -0.0 -0.0 -0.0 -0.0 -0.0 -0.0 -0.0 -0.0 -0.0 -0.0 -0.0 -0.0 -0.0; -0.0 -0.0 -0.0 -0.0 0.0 0.0 0.0 -0.0 -0.0 -0.0 -0.0 -0.0 -0.0 -0.0 -0.0 -0.0 -0.0 -0.0 -0.0 -0.0; -0.0 -0.0 -0.0 -0.0 -0.0 -0.0 -0.0 0.0 25.0 0.0 -0.0 -0.0 -0.0 -0.0 -0.0 -0.0 -0.0 -0.0 -0.0 -0.0; -0.0 -0.0 -0.0 -0.0 -0.0 -0.0 -0.0 -0.0 -0.0 -0.0 8.0 21.0 -0.0 -0.0 -0.0 -0.0 -0.0 -0.0 -0.0 -0.0; -0.0 -0.0 -0.0 -0.0 -0.0 -0.0 -0.0 -0.0 -0.0 -0.0 -0.0 -0.0 22.0 22.0 -0.0 0.0 0.0 0.0 0.0 0.0;;;]
evol_bb,"[[0.478, 3.811252523461838e7]]"
y_bb,[-0.0 -0.0 -0.0 -0.0 -0.0 -0.0 -0.0 -0.0 -0.0 -0.0 -0.0 -0.0 -0.0 -0.0 -0.0 -0.0 -0.0 -0.0 -0.0 -0.0; 0.0 0.0 0.0 0.0 -0.0 -0.0 -0.0 -0.0 -0.0 -0.0 -0.0 -0.0 -0.0 -0.0 -0.0 -0.0 -0.0 -0.0 -0.0 -0.0; -0.0 -0.0 -0.0 -0.0 0.0 0.0 0.0 -0.0 -0.0 -0.0 -0.0 -0.0 -0.0 -0.0 -0.0 -0.0 -0.0 -0.0 -0.0 -0.0; -0.0 -0.0 -0.0 -0.0 -0.0 -0.0 -0.0 0.0 25.0 0.0 -0.0 -0.0 -0.0 -0.0 -0.0 -0.0 -0.0 -0.0 -0.0 -0.0; -0.0 -0.0 -0.0 -0.0 -0.0 -0.0 -0.0 -0.0 -0.0 -0.0 8.0 21.0 -0.0 -0.0 -0.0 -0.0 -0.0 -0.0 -0.0 -0.0; -0.0 -0.0 -0.0 -0.0 -0.0 -0.0 -0.0 -0.0 -0.0 -0.0 -0.0 -0.0 22.0 22.0 -0.0 0.0 0.0 0.0 0.0 0.0;;;]
evol_box,"[[0.419, 0.0], [2.05, 1537.5369552344678], [2.145, 9.562078684914174e6], [2.16, 2.0824797826588992e7], [2.17, 2.8944783225393172e7], [2.194, 3.234991511916804e7], [2.206, 3.3659609740062535e7], [2.219, 3.510025820787603e7], [2.236, 3.6148013904591635e7], [2.247, 3.706478032255453e7], [2.26, 3.745767792417112e7], [2.275, 3.771961684835002e7], [2.284, 3.785058631043948e7], [2.298, 3.798155577252893e7], [2.31, 3.811252523461838e7]]"
y_pb,[[0.0 -0.0 -0.0 -0.0 -0.0 -0.0 -0.0 -0.0 -0.0 -0.0 -0.0 -0.0 -0.0 -0.0 -0.0 -0.0 -0.0 -0.0 -0.0 -0.0; -0.0 0.0 -0.0 -0.0 -0.0 -0.0 -0.0 -0.0 -0.0 -0.0 -0.0 -0.0 -0.0 -0.0 -0.0 -0.0 -0.0 -0.0 -0.0 -0.0; -0.0 -0.0 -0.0 -0.0 -0.0 -0.0 -0.0 0.0 -0.0 -0.0 -0.0 -0.0 -0.0 -0.0 -0.0 -0.0 -0.0 -0.0 -0.0 -0.0; -0.0 -0.0 -0.0 -0.0 -0.0 -0.0 -0.0 -0.0 25.0 -0.0 -0.0 -0.0 -0.0 -0.0 -0.0 -0.0 -0.0 -0.0 -0.0 -0.0; -0.0 -0.0 -0.0 -0.0 -0.0 -0.0 -0.0 -0.0 -0.0 -0.0 8.0 21.0 -0.0 -0.0 -0.0 -0.0 -0.0 -0.0 -0.0 -0.0; -0.0 -0.0 -0.0 -0.0 -0.0 -0.0 -0.0 -0.0 -0.0 -0.0 -0.0 -0.0 22.0 22.0 -0.0 -0.0 -0.0 -0.0 -0.0 -0.0;;;]]
x_bb,"[0.0, 0.0, 0.0, 25.0, 29.0, 44.0]"
x_box,"[0.0, 0.0, 0.0, 25.0, 29.0, 44.0]"
evol_zeta,"[[1.661, 26.999999999999943], [2.143, 26.0], [2.158, 25.0], [2.168, 24.88888888888889], [2.192, 11.88888888888889], [2.204, 10.0], [2.217, 7.500000000000017], [2.234, 7.400000000000001], [2.245, 6.333333333333332], [2.258, 2.2857142857142883], [2.272, 1.6666666666666596], [2.282, 1.0], [2.296, 1.0000000002000036], [2.308, 1.0000000002000036], [2.32, 0.0]]"
ξ_box,[21.0; 27.0; 17.0; 12.0; 2.0; 7.0; 11.0; 22.0; 25.0; 23.0; 21.0; 21.0; 22.0; 22.0; 25.0; 25.0; 26.0; 15.0; 19.0; 26.0;;]
