first,second
s_box,[34.0; 24.0; 25.0; 30.0; 30.0; 24.0; 28.0; 22.0; 17.0; 13.0; 7.0; 3.0; 10.0; 14.0; 0.0; 0.0; 0.0; 0.0; 0.0; 0.0;;]
x_pb,"[-0.0, 4.0, -0.0, 53.0, -0.0, 61.0]"
s_bb,[34.0; 24.0; 25.0; 30.0; 30.0; 24.0; 28.0; 22.0; 17.0; 13.0; 7.0; 3.0; 10.0; 14.0; 0.0; 0.0; 0.0; 0.0; 0.0; 0.0;;]
partition_bb,"[[[0.0, 0.0, 0.0, 0.0, 0.0, 0.0, 0.0, 0.0, 0.0, 0.0, 0.0, 2.0, 7.0, 8.0, 15.0, 37.0, 18.0, 13.0, 12.0, 11.0], [34.0, 24.0, 23.0, 14.0, 11.0, 8.0, 0.0, 0.0, 4.0, 0.0, 0.0, 0.0, 0.0, 0.0, 0.0, 0.0, 0.0, 0.0, 0.0, 0.0], [0.0, 0.0, 0.0, 0.0, 2.0, 19.0, 28.0, 20.0, 17.0, 13.0, 7.0, 3.0, 7.0, 3.0, 0.0, 0.0, 0.0, 0.0, 0.0, 0.0], [7.0, 17.0, 18.0, 27.0, 30.0, 13.0, 4.0, 3.0, 0.0, 0.0, 0.0, 0.0, 0.0, 0.0, 0.0, 0.0, 0.0, 0.0, 0.0, 0.0], [2.0, 5.0, 6.0, 9.0, 11.0, 28.0, 19.0, 18.0, 13.0, 9.0, 3.0, 0.0, 0.0, 0.0, 0.0, 0.0, 0.0, 0.0, 0.0, 0.0], [10.0, 0.0, 0.0, 0.0, 3.0, 10.0, 8.0, 0.0, 5.0, 0.0, 0.0, 3.0, 10.0, 14.0, 16.0, 24.0, 5.0, 0.0, 5.0, 6.0], [0.0, 8.0, 7.0, 0.0, 0.0, 14.0, 5.0, 13.0, 10.0, 3.0, 0.0, 3.0, 4.0, 0.0, 0.0, 0.0, 12.0, 17.0, 12.0, 11.0], [10.0, 20.0, 21.0, 30.0, 27.0, 11.0, 2.0, 1.0, 0.0, 0.0, 0.0, 0.0, 0.0, 0.0, 0.0, 0.0, 0.0, 0.0, 0.0, 0.0], [14.0, 24.0, 25.0, 16.0, 13.0, 3.0, 0.0, 0.0, 5.0, 2.0, 7.0, 3.0, 0.0, 0.0, 0.0, 0.0, 5.0, 0.0, 0.0, 1.0], [0.0, 0.0, 0.0, 0.0, 0.0, 12.0, 14.0, 22.0, 17.0, 12.0, 7.0, 3.0, 0.0, 0.0, 0.0, 0.0, 4.0, 6.0, 11.0, 12.0], [0.0, 0.0, 0.0, 0.0, 0.0, 0.0, 0.0, 0.0, 0.0, 7.0, 7.0, 3.0, 10.0, 9.0, 16.0, 5.0, 19.0, 17.0, 12.0, 13.0]]]"
y_box,[0.0 0.0 -0.0 -0.0 -0.0 -0.0 -0.0 -0.0 -0.0 -0.0 -0.0 -0.0 -0.0 -0.0 -0.0 -0.0 -0.0 -0.0 -0.0 -0.0; -0.0 -0.0 0.0 0.0 0.0 4.0 0.0 0.0 0.0 -0.0 -0.0 -0.0 -0.0 -0.0 -0.0 -0.0 -0.0 -0.0 -0.0 -0.0; -0.0 -0.0 -0.0 -0.0 -0.0 -0.0 -0.0 -0.0 -0.0 -0.0 -0.0 -0.0 -0.0 -0.0 -0.0 -0.0 -0.0 -0.0 -0.0 -0.0; -0.0 -0.0 -0.0 -0.0 -0.0 -0.0 -0.0 -0.0 -0.0 0.0 0.0 0.0 0.0 0.0 16.0 37.0 -0.0 -0.0 -0.0 -0.0; -0.0 -0.0 -0.0 -0.0 -0.0 -0.0 -0.0 -0.0 -0.0 -0.0 -0.0 -0.0 -0.0 -0.0 -0.0 -0.0 -0.0 -0.0 -0.0 -0.0; -0.0 -0.0 -0.0 -0.0 -0.0 -0.0 -0.0 -0.0 -0.0 -0.0 -0.0 -0.0 -0.0 -0.0 -0.0 -0.0 19.0 17.0 12.0 13.0;;;]
evol_bb,"[[0.385, 3.445560945620672e7]]"
y_bb,[0.0 0.0 -0.0 -0.0 -0.0 -0.0 -0.0 -0.0 -0.0 -0.0 -0.0 -0.0 -0.0 -0.0 -0.0 -0.0 -0.0 -0.0 -0.0 -0.0; -0.0 -0.0 0.0 0.0 0.0 4.0 0.0 0.0 0.0 -0.0 -0.0 -0.0 -0.0 -0.0 -0.0 -0.0 -0.0 -0.0 -0.0 -0.0; -0.0 -0.0 -0.0 -0.0 -0.0 -0.0 -0.0 -0.0 -0.0 -0.0 -0.0 -0.0 -0.0 -0.0 -0.0 -0.0 -0.0 -0.0 -0.0 -0.0; -0.0 -0.0 -0.0 -0.0 -0.0 -0.0 -0.0 -0.0 -0.0 0.0 0.0 0.0 0.0 0.0 16.0 37.0 -0.0 -0.0 -0.0 -0.0; -0.0 -0.0 -0.0 -0.0 -0.0 -0.0 -0.0 -0.0 -0.0 -0.0 -0.0 -0.0 -0.0 -0.0 -0.0 -0.0 -0.0 -0.0 -0.0 -0.0; -0.0 -0.0 -0.0 -0.0 -0.0 -0.0 -0.0 -0.0 -0.0 -0.0 -0.0 -0.0 -0.0 -0.0 -0.0 -0.0 19.0 17.0 12.0 13.0;;;]
evol_box,"[[0.594, 0.0], [2.573, 614454.1284207331], [2.667, 1.5082798141388424e7], [2.678, 2.611798305427825e7], [2.687, 3.004160586999334e7], [2.696, 3.114512478691321e7], [2.703, 3.2248643703833077e7], [2.71, 3.2739059061377846e7], [2.72, 3.3106898700351134e7], [2.728, 3.3474738339324422e7], [2.738, 3.371994900414677e7], [2.747, 3.396517543012896e7], [2.755, 3.4210401856111154e7], [2.763, 3.433300226593117e7], [2.805, 3.445560945620672e7]]"
y_pb,[[0.0 -0.0 -0.0 -0.0 -0.0 -0.0 -0.0 -0.0 -0.0 -0.0 -0.0 -0.0 -0.0 -0.0 -0.0 -0.0 -0.0 -0.0 -0.0 -0.0; -0.0 -0.0 -0.0 -0.0 -0.0 4.0 -0.0 -0.0 -0.0 -0.0 -0.0 -0.0 -0.0 -0.0 -0.0 -0.0 -0.0 -0.0 -0.0 -0.0; -0.0 -0.0 -0.0 -0.0 -0.0 -0.0 -0.0 -0.0 -0.0 -0.0 -0.0 0.0 -0.0 -0.0 -0.0 -0.0 -0.0 -0.0 -0.0 -0.0; -0.0 -0.0 -0.0 -0.0 -0.0 -0.0 -0.0 -0.0 -0.0 -0.0 -0.0 -0.0 -0.0 -0.0 16.0 37.0 -0.0 -0.0 -0.0 -0.0; -0.0 -0.0 -0.0 -0.0 -0.0 -0.0 -0.0 -0.0 -0.0 -0.0 -0.0 -0.0 -0.0 -0.0 -0.0 -0.0 0.0 -0.0 -0.0 -0.0; -0.0 -0.0 -0.0 -0.0 -0.0 -0.0 -0.0 -0.0 -0.0 -0.0 -0.0 -0.0 -0.0 -0.0 -0.0 -0.0 19.0 17.0 12.000000000000002 13.0;;;]]
x_bb,"[0.0, 4.0, 0.0, 53.0, 0.0, 61.0]"
x_box,"[0.0, 4.0, 0.0, 53.0, 0.0, 61.0]"
evol_zeta,"[[2.176, 36.44444444444444], [2.665, 34.0], [2.676, 28.0], [2.685, 18.875], [2.694, 8.545454545454547], [2.701, 6.0], [2.708, 4.0], [2.718, 2.9999999999999893], [2.726, 2.5], [2.736, 2.0], [2.745, 2.0], [2.753, 2.0], [2.761, 1.0], [2.802, 1.0], [2.845, 0.0]]"
ξ_box,[34.0; 24.0; 25.0; 30.0; 30.0; 28.0; 28.0; 22.0; 17.0; 13.0; 7.0; 3.0; 10.0; 14.0; 16.0; 37.0; 19.0; 17.0; 12.0; 13.0;;]
