first,second
s_box,[19.0; 0.0; 0.0; 9.0; 25.0; 27.0; 21.0; 19.0; 12.0; 7.0; 0.0; 0.0; 12.0; 9.0; 13.0; 22.0; 24.0; 23.0; 25.0; 29.0;;]
x_pb,"[41.0, 17.0, -0.0, 25.0, -0.0, -0.0]"
s_bb,[19.0; 0.0; 0.0; 9.0; 25.0; 27.0; 21.0; 19.0; 12.0; 7.0; 0.0; 0.0; 12.0; 9.0; 13.0; 22.0; 24.0; 23.0; 25.0; 29.0;;]
partition_bb,"[[[0.0, 0.0, 0.0, 0.0, 0.0, 0.0, 0.0, 0.0, 0.0, 0.0, 0.0, 0.0, 0.0, 0.0, 0.0, 10.0, 11.0, 17.0, 20.0, 29.0], [0.0, 3.0, 3.0, 6.0, 20.0, 27.0, 15.0, 13.0, 3.0, 1.0, 1.0, 0.0, 0.0, 0.0, 0.0, 0.0, 0.0, 0.0, 0.0, 0.0], [8.0, 16.0, 19.0, 26.0, 12.0, 5.0, 0.0, 0.0, 0.0, 0.0, 0.0, 0.0, 0.0, 0.0, 0.0, 0.0, 0.0, 0.0, 0.0, 0.0], [7.0, 12.0, 9.0, 2.0, 0.0, 0.0, 0.0, 0.0, 2.0, 7.0, 11.0, 14.0, 6.0, 9.0, 5.0, 0.0, 0.0, 0.0, 0.0, 0.0], [0.0, 0.0, 0.0, 0.0, 0.0, 0.0, 0.0, 0.0, 0.0, 0.0, 0.0, 0.0, 3.0, 4.0, 6.0, 17.0, 24.0, 17.0, 9.0, 6.0], [19.0, 12.0, 15.0, 22.0, 8.0, 1.0, 0.0, 0.0, 0.0, 0.0, 0.0, 0.0, 0.0, 0.0, 0.0, 0.0, 0.0, 6.0, 0.0, 0.0], [0.0, 0.0, 0.0, 0.0, 0.0, 0.0, 0.0, 2.0, 12.0, 7.0, 3.0, 0.0, 10.0, 9.0, 13.0, 4.0, 11.0, 4.0, 0.0, 9.0], [0.0, 0.0, 0.0, 0.0, 6.0, 9.0, 21.0, 15.0, 9.0, 7.0, 3.0, 0.0, 8.0, 5.0, 1.0, 0.0, 0.0, 0.0, 0.0, 0.0], [0.0, 0.0, 0.0, 0.0, 0.0, 0.0, 0.0, 0.0, 0.0, 0.0, 0.0, 0.0, 2.0, 3.0, 5.0, 15.0, 16.0, 23.0, 15.0, 11.0], [0.0, 0.0, 0.0, 0.0, 0.0, 0.0, 0.0, 0.0, 0.0, 0.0, 0.0, 0.0, 1.0, 2.0, 4.0, 9.0, 10.0, 17.0, 25.0, 16.0], [0.0, 8.0, 8.0, 11.0, 25.0, 18.0, 10.0, 7.0, 0.0, 0.0, 0.0, 0.0, 0.0, 0.0, 0.0, 0.0, 0.0, 0.0, 0.0, 0.0], [0.0, 0.0, 0.0, 0.0, 0.0, 0.0, 0.0, 0.0, 0.0, 0.0, 0.0, 0.0, 8.0, 9.0, 11.0, 22.0, 15.0, 14.0, 6.0, 3.0], [0.0, 0.0, 0.0, 0.0, 12.0, 5.0, 13.0, 19.0, 12.0, 7.0, 9.0, 6.0, 0.0, 0.0, 0.0, 0.0, 0.0, 0.0, 0.0, 0.0], [10.0, 19.0, 16.0, 9.0, 2.0, 0.0, 0.0, 0.0, 2.0, 7.0, 11.0, 8.0, 0.0, 0.0, 0.0, 0.0, 0.0, 0.0, 0.0, 0.0], [11.0, 19.0, 22.0, 15.0, 5.0, 0.0, 0.0, 0.0, 0.0, 0.0, 0.0, 0.0, 0.0, 0.0, 0.0, 0.0, 0.0, 0.0, 0.0, 0.0], [7.0, 16.0, 13.0, 6.0, 0.0, 0.0, 0.0, 0.0, 2.0, 7.0, 5.0, 2.0, 12.0, 9.0, 5.0, 0.0, 0.0, 0.0, 0.0, 0.0]]]"
y_box,[0.0 19.0 22.0 -0.0 -0.0 -0.0 -0.0 -0.0 -0.0 -0.0 -0.0 -0.0 -0.0 -0.0 -0.0 -0.0 -0.0 -0.0 -0.0 -0.0; -0.0 -0.0 -0.0 17.0 0.0 0.0 -0.0 -0.0 -0.0 -0.0 -0.0 -0.0 -0.0 -0.0 -0.0 -0.0 -0.0 -0.0 -0.0 -0.0; -0.0 -0.0 -0.0 -0.0 -0.0 -0.0 0.0 0.0 -0.0 -0.0 -0.0 -0.0 -0.0 -0.0 -0.0 -0.0 -0.0 -0.0 -0.0 -0.0; -0.0 -0.0 -0.0 -0.0 -0.0 -0.0 -0.0 -0.0 0.0 0.0 11.0 14.0 -0.0 -0.0 -0.0 -0.0 -0.0 -0.0 -0.0 -0.0; -0.0 -0.0 -0.0 -0.0 -0.0 -0.0 -0.0 -0.0 -0.0 -0.0 -0.0 -0.0 0.0 0.0 0.0 -0.0 -0.0 -0.0 -0.0 -0.0; -0.0 -0.0 -0.0 -0.0 -0.0 -0.0 -0.0 -0.0 -0.0 -0.0 -0.0 -0.0 -0.0 -0.0 -0.0 0.0 0.0 0.0 0.0 0.0;;;]
evol_bb,"[[0.665, 3.3910277063147716e7]]"
y_bb,[0.0 19.0 22.0 -0.0 -0.0 -0.0 -0.0 -0.0 -0.0 -0.0 -0.0 -0.0 -0.0 -0.0 -0.0 -0.0 -0.0 -0.0 -0.0 -0.0; -0.0 -0.0 -0.0 17.0 0.0 0.0 -0.0 -0.0 -0.0 -0.0 -0.0 -0.0 -0.0 -0.0 -0.0 -0.0 -0.0 -0.0 -0.0 -0.0; -0.0 -0.0 -0.0 -0.0 -0.0 -0.0 0.0 0.0 -0.0 -0.0 -0.0 -0.0 -0.0 -0.0 -0.0 -0.0 -0.0 -0.0 -0.0 -0.0; -0.0 -0.0 -0.0 -0.0 -0.0 -0.0 -0.0 -0.0 0.0 0.0 11.0 14.0 -0.0 -0.0 -0.0 -0.0 -0.0 -0.0 -0.0 -0.0; -0.0 -0.0 -0.0 -0.0 -0.0 -0.0 -0.0 -0.0 -0.0 -0.0 -0.0 -0.0 0.0 0.0 0.0 -0.0 -0.0 -0.0 -0.0 -0.0; -0.0 -0.0 -0.0 -0.0 -0.0 -0.0 -0.0 -0.0 -0.0 -0.0 -0.0 -0.0 -0.0 -0.0 -0.0 0.0 0.0 0.0 0.0 0.0;;;]
evol_box,"[[0.48, 0.0], [2.354, 459844.83992474567], [2.472, 1.0998798279301662e7], [2.483, 1.7528308411456615e7], [2.494, 2.3256199607386176e7], [2.505, 2.5661960193978284e7], [2.522, 2.6922120501240816e7], [2.544, 2.795316075263743e7], [2.581, 2.8755080948168132e7], [2.598, 2.967156117163179e7], [2.61, 3.0358921339229535e7], [2.629, 3.104628150682728e7], [2.649, 3.1619081646492068e7], [2.666, 3.219188178615685e7], [2.678, 3.2764681925821643e7], [2.69, 3.322292203755347e7], [2.701, 3.35666006126565e7], [2.735, 3.3910277063147716e7]]"
y_pb,[[-0.0 19.0 22.0 -0.0 -0.0 -0.0 -0.0 -0.0 -0.0 -0.0 -0.0 -0.0 -0.0 -0.0 -0.0 -0.0 -0.0 -0.0 -0.0 -0.0; -0.0 -0.0 -0.0 17.0 -0.0 -0.0 -0.0 -0.0 -0.0 -0.0 -0.0 -0.0 -0.0 -0.0 -0.0 -0.0 -0.0 -0.0 -0.0 -0.0; -0.0 -0.0 -0.0 -0.0 -0.0 -0.0 -0.0 0.0 -0.0 -0.0 -0.0 -0.0 -0.0 -0.0 -0.0 -0.0 -0.0 -0.0 -0.0 -0.0; -0.0 -0.0 -0.0 -0.0 -0.0 -0.0 -0.0 -0.0 -0.0 -0.0 11.0 14.0 -0.0 -0.0 -0.0 -0.0 -0.0 -0.0 -0.0 -0.0; -0.0 -0.0 -0.0 -0.0 -0.0 -0.0 -0.0 -0.0 -0.0 -0.0 -0.0 -0.0 -0.0 -0.0 0.0 -0.0 -0.0 -0.0 -0.0 -0.0; -0.0 -0.0 -0.0 -0.0 -0.0 -0.0 -0.0 -0.0 -0.0 -0.0 -0.0 -0.0 -0.0 -0.0 0.0 -0.0 -0.0 -0.0 -0.0 -0.0;;;]]
x_bb,"[41.0, 17.0, 0.0, 25.0, 0.0, 0.0]"
x_box,"[41.0, 17.0, 0.0, 25.0, 0.0, 0.0]"
evol_zeta,"[[1.944, 28.2], [2.47, 26.1], [2.48, 19.5], [2.492, 14.0], [2.503, 12.625], [2.52, 11.0], [2.542, 9.0], [2.578, 7.0], [2.595, 6.0], [2.608, 6.0], [2.627, 5.125], [2.647, 4.875], [2.664, 4.428571428571445], [2.676, 4.375], [2.688, 4.000000000000012], [2.699, 3.000000000400007], [2.733, 3.000000000400007], [2.767, 0.0]]"
ξ_box,[19.0; 19.0; 22.0; 26.0; 25.0; 27.0; 21.0; 19.0; 12.0; 7.0; 11.0; 14.0; 12.0; 9.0; 13.0; 22.0; 24.0; 23.0; 25.0; 29.0;;]
