first,second
s_box,[40.0; 15.0; 0.0; 29.0; 28.0; 27.0; 24.0; 27.0; 27.0; 27.0; 28.0; 15.0; 14.0; 5.0; 0.0; 0.0; 0.0; 0.0; 0.0; 17.0;;]
x_pb,"[49.0, -0.0, -0.0, -0.0, -0.0, 66.0]"
s_bb,[40.0; 15.0; 0.0; 29.0; 28.0; 27.0; 24.0; 27.0; 27.0; 27.0; 28.0; 15.0; 14.0; 5.0; 0.0; 0.0; 0.0; 0.0; 0.0; 17.0;;]
partition_bb,"[[[40.0, 29.0, 28.0, 14.0, 8.0, 1.0, 0.0, 0.0, 0.0, 0.0, 0.0, 0.0, 0.0, 0.0, 0.0, 0.0, 0.0, 0.0, 0.0, 0.0], [0.0, 0.0, 0.0, 0.0, 0.0, 2.0, 3.0, 16.0, 21.0, 22.0, 28.0, 13.0, 12.0, 3.0, 0.0, 0.0, 0.0, 0.0, 0.0, 0.0], [0.0, 0.0, 0.0, 14.0, 20.0, 27.0, 24.0, 12.0, 8.0, 6.0, 1.0, 0.0, 0.0, 0.0, 0.0, 0.0, 0.0, 0.0, 3.0, 0.0], [12.0, 1.0, 0.0, 0.0, 0.0, 7.0, 4.0, 9.0, 1.0, 2.0, 8.0, 0.0, 1.0, 5.0, 9.0, 6.0, 14.0, 15.0, 6.0, 17.0], [3.0, 14.0, 15.0, 29.0, 23.0, 16.0, 13.0, 5.0, 0.0, 0.0, 0.0, 0.0, 0.0, 0.0, 0.0, 0.0, 0.0, 0.0, 0.0, 0.0], [0.0, 0.0, 0.0, 3.0, 9.0, 12.0, 13.0, 27.0, 19.0, 17.0, 15.0, 1.0, 0.0, 0.0, 0.0, 0.0, 0.0, 0.0, 0.0, 0.0], [29.0, 18.0, 17.0, 3.0, 0.0, 0.0, 0.0, 0.0, 0.0, 0.0, 0.0, 0.0, 0.0, 5.0, 13.0, 16.0, 8.0, 7.0, 2.0, 0.0], [0.0, 0.0, 0.0, 0.0, 1.0, 8.0, 9.0, 19.0, 27.0, 25.0, 20.0, 5.0, 4.0, 0.0, 0.0, 0.0, 0.0, 0.0, 0.0, 0.0], [0.0, 7.0, 8.0, 22.0, 28.0, 21.0, 18.0, 10.0, 2.0, 0.0, 0.0, 0.0, 0.0, 0.0, 0.0, 0.0, 0.0, 0.0, 0.0, 0.0], [20.0, 30.0, 32.0, 18.0, 12.0, 5.0, 2.0, 0.0, 0.0, 0.0, 0.0, 0.0, 0.0, 0.0, 0.0, 0.0, 0.0, 0.0, 0.0, 0.0], [9.0, 19.0, 21.0, 7.0, 1.0, 0.0, 0.0, 0.0, 0.0, 0.0, 0.0, 0.0, 0.0, 5.0, 11.0, 8.0, 16.0, 15.0, 6.0, 0.0], [14.0, 25.0, 23.0, 10.0, 4.0, 0.0, 0.0, 0.0, 0.0, 0.0, 0.0, 15.0, 14.0, 5.0, 3.0, 0.0, 0.0, 0.0, 6.0, 0.0], [0.0, 0.0, 0.0, 0.0, 0.0, 6.0, 8.0, 17.0, 25.0, 27.0, 21.0, 6.0, 5.0, 0.0, 0.0, 0.0, 0.0, 0.0, 0.0, 0.0], [21.0, 32.0, 30.0, 17.0, 11.0, 4.0, 1.0, 0.0, 0.0, 0.0, 0.0, 0.0, 0.0, 0.0, 0.0, 0.0, 0.0, 0.0, 0.0, 0.0]]]"
y_box,[0.0 17.0 32.0 0.0 0.0 -0.0 -0.0 -0.0 -0.0 -0.0 -0.0 -0.0 -0.0 -0.0 -0.0 -0.0 -0.0 -0.0 -0.0 -0.0; -0.0 -0.0 -0.0 -0.0 -0.0 0.0 0.0 0.0 0.0 0.0 0.0 -0.0 -0.0 -0.0 -0.0 -0.0 -0.0 -0.0 -0.0 -0.0; -0.0 -0.0 -0.0 -0.0 -0.0 -0.0 -0.0 -0.0 -0.0 -0.0 -0.0 -0.0 -0.0 -0.0 -0.0 -0.0 -0.0 -0.0 -0.0 -0.0; -0.0 -0.0 -0.0 -0.0 -0.0 -0.0 -0.0 -0.0 -0.0 -0.0 -0.0 -0.0 -0.0 -0.0 -0.0 -0.0 -0.0 -0.0 -0.0 -0.0; -0.0 -0.0 -0.0 -0.0 -0.0 -0.0 -0.0 -0.0 -0.0 -0.0 -0.0 0.0 -0.0 -0.0 -0.0 -0.0 -0.0 -0.0 -0.0 -0.0; -0.0 -0.0 -0.0 -0.0 -0.0 -0.0 -0.0 -0.0 -0.0 -0.0 -0.0 -0.0 0.0 0.0 13.0 16.0 16.0 15.0 6.0 0.0;;;]
evol_bb,"[[0.503, 3.5877510971538916e7]]"
y_bb,[0.0 17.0 32.0 0.0 0.0 -0.0 -0.0 -0.0 -0.0 -0.0 -0.0 -0.0 -0.0 -0.0 -0.0 -0.0 -0.0 -0.0 -0.0 -0.0; -0.0 -0.0 -0.0 -0.0 -0.0 0.0 0.0 0.0 0.0 0.0 0.0 -0.0 -0.0 -0.0 -0.0 -0.0 -0.0 -0.0 -0.0 -0.0; -0.0 -0.0 -0.0 -0.0 -0.0 -0.0 -0.0 -0.0 -0.0 -0.0 -0.0 -0.0 -0.0 -0.0 -0.0 -0.0 -0.0 -0.0 -0.0 -0.0; -0.0 -0.0 -0.0 -0.0 -0.0 -0.0 -0.0 -0.0 -0.0 -0.0 -0.0 -0.0 -0.0 -0.0 -0.0 -0.0 -0.0 -0.0 -0.0 -0.0; -0.0 -0.0 -0.0 -0.0 -0.0 -0.0 -0.0 -0.0 -0.0 -0.0 -0.0 0.0 -0.0 -0.0 -0.0 -0.0 -0.0 -0.0 -0.0 -0.0; -0.0 -0.0 -0.0 -0.0 -0.0 -0.0 -0.0 -0.0 -0.0 -0.0 -0.0 -0.0 0.0 0.0 13.0 16.0 16.0 15.0 6.0 0.0;;;]
evol_box,"[[0.447, 0.0], [2.011, 557521.9497259294], [2.101, 1.3775084674190536e7], [2.112, 2.055043816604203e7], [2.124, 2.7880468595516685e7], [2.137, 2.987976547192099e7], [2.16, 3.1101558007501397e7], [2.171, 3.2656460132493455e7], [2.192, 3.365610857069561e7], [2.209, 3.421146881414124e7], [2.224, 3.476682053786468e7], [2.235, 3.498893458202589e7], [2.245, 3.54332227767824e7], [2.255, 3.565536687416066e7], [2.274, 3.5877510971538916e7]]"
y_pb,[[-0.0 17.0 32.0 -0.0 -0.0 -0.0 -0.0 -0.0 -0.0 -0.0 -0.0 -0.0 -0.0 -0.0 -0.0 -0.0 -0.0 -0.0 -0.0 -0.0; -0.0 -0.0 -0.0 -0.0 -0.0 -0.0 -0.0 0.0 -0.0 -0.0 -0.0 -0.0 -0.0 -0.0 -0.0 -0.0 -0.0 -0.0 -0.0 -0.0; -0.0 -0.0 -0.0 -0.0 -0.0 -0.0 -0.0 -0.0 -0.0 -0.0 -0.0 -0.0 -0.0 0.0 -0.0 -0.0 -0.0 -0.0 -0.0 -0.0; -0.0 -0.0 -0.0 -0.0 -0.0 -0.0 -0.0 -0.0 -0.0 -0.0 -0.0 -0.0 -0.0 0.0 -0.0 -0.0 -0.0 -0.0 -0.0 -0.0; -0.0 -0.0 -0.0 -0.0 -0.0 -0.0 -0.0 -0.0 -0.0 -0.0 -0.0 -0.0 -0.0 0.0 -0.0 -0.0 -0.0 -0.0 -0.0 -0.0; -0.0 -0.0 -0.0 -0.0 -0.0 -0.0 -0.0 -0.0 -0.0 -0.0 -0.0 -0.0 -0.0 -0.0 13.0 16.0 16.0 15.0 6.000000000000001 -0.0;;;]]
x_bb,"[49.0, 0.0, 0.0, 0.0, 0.0, 66.0]"
x_box,"[49.0, 0.0, 0.0, 0.0, 0.0, 66.0]"
evol_zeta,"[[1.641, 39.16666666666669], [2.1, 27.444444444444443], [2.111, 25.0], [2.122, 17.0], [2.135, 14.625], [2.158, 10.88888888888889], [2.169, 10.0], [2.19, 5.666666666666668], [2.208, 4.875], [2.222, 3.428571428571454], [2.233, 2.0], [2.243, 2.0], [2.253, 2.0], [2.272, 1.8571428571428577], [2.283, 0.0]]"
ξ_box,[40.0; 32.0; 32.0; 29.0; 28.0; 27.0; 24.0; 27.0; 27.0; 27.0; 28.0; 15.0; 14.0; 5.0; 13.0; 16.0; 16.0; 15.0; 6.0; 17.0;;]
