first,second
s_box,[0.0; 0.0; 0.0; 0.0; 18.0; 15.0; 18.0; 24.0; 27.0; 27.0; 20.0; 10.0; 19.0; 22.0; 27.0; 25.0; 16.0; 20.0; 17.0; 5.0;;]
x_pb,"[111.0, -0.0, 5.0, -0.0, -0.0, -0.0]"
s_bb,[0.0; 0.0; 0.0; 0.0; 18.0; 15.0; 18.0; 24.0; 27.0; 27.0; 20.0; 10.0; 19.0; 22.0; 27.0; 25.0; 16.0; 20.0; 17.0; 5.0;;]
partition_bb,"[[[25.0, 33.0, 25.0, 9.0, 6.0, 9.0, 4.0, 1.0, 5.0, 0.0, 0.0, 0.0, 0.0, 0.0, 0.0, 0.0, 0.0, 0.0, 0.0, 0.0], [8.0, 0.0, 0.0, 12.0, 7.0, 4.0, 4.0, 10.0, 14.0, 27.0, 20.0, 10.0, 1.0, 0.0, 0.0, 0.0, 0.0, 0.0, 0.0, 0.0], [0.0, 0.0, 0.0, 0.0, 0.0, 0.0, 0.0, 0.0, 0.0, 0.0, 0.0, 10.0, 19.0, 22.0, 27.0, 16.0, 7.0, 6.0, 0.0, 0.0], [0.0, 0.0, 2.0, 11.0, 16.0, 15.0, 23.0, 22.0, 18.0, 5.0, 0.0, 0.0, 0.0, 0.0, 0.0, 0.0, 0.0, 0.0, 0.0, 5.0], [9.0, 17.0, 20.0, 8.0, 3.0, 0.0, 0.0, 6.0, 10.0, 0.0, 0.0, 0.0, 0.0, 0.0, 0.0, 1.0, 10.0, 11.0, 17.0, 5.0], [0.0, 0.0, 7.0, 23.0, 18.0, 15.0, 7.0, 11.0, 13.0, 0.0, 0.0, 9.0, 0.0, 5.0, 0.0, 0.0, 0.0, 0.0, 6.0, 2.0], [7.0, 15.0, 7.0, 0.0, 0.0, 0.0, 0.0, 0.0, 0.0, 0.0, 7.0, 9.0, 0.0, 0.0, 1.0, 12.0, 16.0, 20.0, 17.0, 5.0], [0.0, 1.0, 9.0, 0.0, 0.0, 0.0, 0.0, 0.0, 4.0, 0.0, 0.0, 5.0, 6.0, 13.0, 14.0, 25.0, 16.0, 15.0, 9.0, 0.0], [0.0, 0.0, 0.0, 6.0, 11.0, 14.0, 17.0, 23.0, 27.0, 14.0, 7.0, 0.0, 0.0, 0.0, 0.0, 0.0, 0.0, 0.0, 0.0, 0.0], [19.0, 22.0, 30.0, 14.0, 10.0, 9.0, 9.0, 3.0, 0.0, 0.0, 0.0, 0.0, 0.0, 0.0, 0.0, 0.0, 0.0, 0.0, 0.0, 0.0], [8.0, 0.0, 0.0, 7.0, 12.0, 15.0, 18.0, 24.0, 20.0, 7.0, 0.0, 0.0, 0.0, 0.0, 0.0, 0.0, 0.0, 0.0, 0.0, 5.0]]]"
y_box,[25.0 33.0 30.0 23.0 0.0 -0.0 -0.0 -0.0 -0.0 -0.0 -0.0 -0.0 -0.0 -0.0 -0.0 -0.0 -0.0 -0.0 -0.0 -0.0; -0.0 -0.0 -0.0 -0.0 -0.0 0.0 -0.0 -0.0 -0.0 -0.0 -0.0 -0.0 -0.0 -0.0 -0.0 -0.0 -0.0 -0.0 -0.0 -0.0; -0.0 -0.0 -0.0 -0.0 -0.0 -0.0 5.0 0.0 0.0 -0.0 -0.0 -0.0 -0.0 -0.0 -0.0 -0.0 -0.0 -0.0 -0.0 -0.0; -0.0 -0.0 -0.0 -0.0 -0.0 -0.0 -0.0 -0.0 -0.0 -0.0 -0.0 -0.0 -0.0 -0.0 -0.0 -0.0 -0.0 -0.0 -0.0 -0.0; -0.0 -0.0 -0.0 -0.0 -0.0 -0.0 -0.0 -0.0 -0.0 0.0 -0.0 0.0 -0.0 -0.0 -0.0 -0.0 -0.0 -0.0 -0.0 -0.0; -0.0 -0.0 -0.0 -0.0 -0.0 -0.0 -0.0 -0.0 -0.0 -0.0 -0.0 -0.0 0.0 0.0 -0.0 -0.0 0.0 0.0 0.0 0.0;;;]
evol_bb,"[[0.351, 3.830341004664973e7]]"
y_bb,[25.0 33.0 30.0 23.0 0.0 -0.0 -0.0 -0.0 -0.0 -0.0 -0.0 -0.0 -0.0 -0.0 -0.0 -0.0 -0.0 -0.0 -0.0 -0.0; -0.0 -0.0 -0.0 -0.0 -0.0 0.0 -0.0 -0.0 -0.0 -0.0 -0.0 -0.0 -0.0 -0.0 -0.0 -0.0 -0.0 -0.0 -0.0 -0.0; -0.0 -0.0 -0.0 -0.0 -0.0 -0.0 5.0 0.0 0.0 -0.0 -0.0 -0.0 -0.0 -0.0 -0.0 -0.0 -0.0 -0.0 -0.0 -0.0; -0.0 -0.0 -0.0 -0.0 -0.0 -0.0 -0.0 -0.0 -0.0 -0.0 -0.0 -0.0 -0.0 -0.0 -0.0 -0.0 -0.0 -0.0 -0.0 -0.0; -0.0 -0.0 -0.0 -0.0 -0.0 -0.0 -0.0 -0.0 -0.0 0.0 -0.0 0.0 -0.0 -0.0 -0.0 -0.0 -0.0 -0.0 -0.0 -0.0; -0.0 -0.0 -0.0 -0.0 -0.0 -0.0 -0.0 -0.0 -0.0 -0.0 -0.0 -0.0 0.0 0.0 -0.0 -0.0 0.0 0.0 0.0 0.0;;;]
evol_box,"[[0.409, 0.0], [2.015, 124885.10776012173], [2.096, 1.0009298152196381e7], [2.104, 2.1870641077851977e7], [2.112, 2.8666166266966283e7], [2.118, 3.1755057653855756e7], [2.125, 3.3361269302747242e7], [2.133, 3.521460413488093e7], [2.144, 3.632660503416114e7], [2.161, 3.7562161588916935e7], [2.167, 3.817985439117415e7], [2.187, 3.830341004664973e7]]"
y_pb,[[25.0 33.0 30.0 23.0 -0.0 -0.0 -0.0 -0.0 -0.0 -0.0 -0.0 -0.0 -0.0 -0.0 -0.0 -0.0 -0.0 -0.0 -0.0 -0.0; -0.0 -0.0 -0.0 -0.0 -0.0 -0.0 0.0 -0.0 -0.0 -0.0 -0.0 -0.0 -0.0 -0.0 -0.0 -0.0 -0.0 -0.0 -0.0 -0.0; -0.0 -0.0 -0.0 -0.0 -0.0 -0.0 5.0 -0.0 -0.0 -0.0 -0.0 -0.0 -0.0 -0.0 -0.0 -0.0 -0.0 -0.0 -0.0 -0.0; -0.0 -0.0 -0.0 -0.0 -0.0 -0.0 -0.0 -0.0 0.0 -0.0 -0.0 -0.0 -0.0 -0.0 -0.0 -0.0 -0.0 -0.0 -0.0 -0.0; -0.0 -0.0 -0.0 -0.0 -0.0 -0.0 -0.0 -0.0 -0.0 -0.0 0.0 -0.0 -0.0 -0.0 -0.0 -0.0 -0.0 -0.0 -0.0 -0.0; -0.0 -0.0 -0.0 -0.0 -0.0 -0.0 -0.0 -0.0 -0.0 -0.0 -0.0 -0.0 -0.0 -0.0 -0.0 -0.0 0.0 -0.0 -0.0 -0.0;;;]]
x_bb,"[111.0, 0.0, 5.0, 0.0, 0.0, 0.0]"
x_box,"[111.0, 0.0, 5.0, 0.0, 0.0, 0.0]"
evol_zeta,"[[1.655, 32.99999999999997], [2.095, 27.0], [2.103, 27.0], [2.11, 19.0], [2.117, 17.0], [2.123, 11.0], [2.131, 9.0], [2.142, 9.0], [2.159, 8.625], [2.165, 5.0], [2.185, 1.0000000002000036], [2.204, 0.0]]"
ξ_box,[25.0; 33.0; 30.0; 23.0; 18.0; 15.0; 23.0; 24.0; 27.0; 27.0; 20.0; 10.0; 19.0; 22.0; 27.0; 25.0; 16.0; 20.0; 17.0; 5.0;;]
