first,second
s_box,[26.0 0.0 12.0 0.0 6.0; 3.0 6.0 0.0 10.0 10.0; 16.0 16.0 0.0 0.0 0.0; 0.0 3.0 15.0 0.0 0.0; 0.0 11.0 17.0 0.0 17.0; 0.0 0.0 0.0 0.0 0.0; 0.0 0.0 21.0 21.0 0.0; 21.0 29.0 0.0 32.0 0.0; 0.0 0.0 0.0 0.0 32.0; 0.0 0.0 0.0 0.0 0.0]
x_pb,"[1.0, -0.0, 42.0, -0.0, 41.0, 45.99999999999999]"
s_bb,[-0.0 6.0 -0.0 -0.0 -0.0; 10.0 -0.0 -0.0 -0.0 -0.0; -0.0 -0.0 -0.0 -0.0 -0.0; -0.0 25.0 -0.0 -0.0 -0.0; -0.0 -0.0 -0.0 -0.0 -0.0; -0.0 -0.0 -0.0 -0.0 -0.0; -0.0 -0.0 -0.0 -0.0 -0.0; 25.0 32.0 -0.0 -0.0 -0.0; 40.0 41.0 -0.0 -0.0 -0.0; 46.0 15.0 -0.0 -0.0 -0.0]
partition_bb,"[[[0.0, 0.0, 0.0, 0.0, 0.0, 15.0, 15.0, 19.0, 39.0, 46.0], [26.0, 10.0, 0.0, 0.0, 0.0, 15.0, 15.0, 26.0, 23.0, 16.0], [0.0, 0.0, 0.0, 21.0, 13.0, 21.0, 21.0, 10.0, 21.0, 14.0], [0.0, 0.0, 16.0, 16.0, 8.0, 18.0, 18.0, 29.0, 9.0, 2.0], [0.0, 0.0, 1.0, 25.0, 17.0, 13.0, 13.0, 2.0, 0.0, 0.0], [0.0, 0.0, 0.0, 0.0, 0.0, 16.0, 16.0, 20.0, 40.0, 41.0]], [[26.0, 10.0, 1.0, 25.0, 17.0, 0.0, 0.0, 11.0, 17.0, 24.0], [0.0, 0.0, 16.0, 0.0, 0.0, 9.0, 9.0, 13.0, 33.0, 40.0], [0.0, 0.0, 0.0, 22.0, 17.0, 21.0, 21.0, 32.0, 12.0, 5.0], [0.0, 0.0, 0.0, 0.0, 0.0, 17.0, 17.0, 21.0, 41.0, 34.0]], Vector{Float64}[], Vector{Float64}[], Vector{Float64}[]]"
y_box,[0.0 7.0 0.0 0.0 0.0 0.0 0.0 0.0 0.0 0.0; 0.0 0.0 0.0 0.0 0.0 0.0 0.0 0.0 0.0 0.0; 0.0 0.0 0.0 0.0 0.0 19.0 19.0 0.0 0.0 0.0; 0.0 0.0 0.0 0.0 0.0 0.0 0.0 0.0 0.0 0.0; 0.0 0.0 0.0 0.0 0.0 0.0 0.0 0.0 39.0 0.0; 0.0 0.0 0.0 0.0 0.0 0.0 0.0 0.0 0.0 46.0;;; 7.0 0.0 0.0 0.0 0.0 0.0 0.0 0.0 0.0 0.0; 0.0 0.0 0.0 0.0 0.0 0.0 0.0 0.0 0.0 0.0; 15.0 0.0 0.0 15.0 0.0 0.0 8.0 0.0 0.0 0.0; 0.0 0.0 0.0 0.0 0.0 0.0 0.0 0.0 0.0 0.0; 0.0 0.0 0.0 0.0 0.0 0.0 0.0 0.0 14.0 25.0; 0.0 0.0 0.0 0.0 0.0 18.0 10.0 0.0 18.0 0.0;;; 0.0 0.0 7.0 0.0 0.0 0.0 0.0 0.0 0.0 0.0; 0.0 0.0 0.0 0.0 0.0 0.0 0.0 0.0 0.0 0.0; 0.0 0.0 6.0 0.0 0.0 21.0 0.0 11.0 0.0 0.0; 0.0 0.0 0.0 0.0 0.0 0.0 0.0 0.0 0.0 0.0; 0.0 0.0 0.0 0.0 0.0 0.0 0.0 14.0 25.0 0.0; 0.0 0.0 0.0 0.0 0.0 0.0 0.0 0.0 8.0 38.0;;; 0.0 0.0 7.0 0.0 0.0 0.0 0.0 0.0 0.0 0.0; 0.0 0.0 0.0 0.0 0.0 0.0 0.0 0.0 0.0 0.0; 0.0 0.0 3.0 22.0 13.0 0.0 0.0 0.0 0.0 0.0; 0.0 0.0 0.0 0.0 0.0 0.0 0.0 0.0 0.0 0.0; 26.0 0.0 0.0 0.0 4.0 9.0 0.0 0.0 0.0 0.0; 0.0 0.0 0.0 0.0 0.0 12.0 0.0 0.0 17.0 17.0;;; 6.0 0.0 1.0 0.0 0.0 0.0 0.0 0.0 0.0 0.0; 0.0 0.0 0.0 0.0 0.0 0.0 0.0 0.0 0.0 0.0; 13.0 0.0 0.0 25.0 0.0 0.0 0.0 0.0 0.0 0.0; 0.0 0.0 0.0 0.0 0.0 0.0 0.0 0.0 0.0 0.0; 0.0 0.0 0.0 0.0 0.0 0.0 19.0 0.0 0.0 20.0; 0.0 0.0 0.0 0.0 0.0 19.0 0.0 10.0 0.0 17.0]
evol_bb,"[[1.51, 1.514612588008258e7], [2859.035, 1.5024960703567216e7], [2859.445, 1.4667459086889058e7]]"
y_bb,[13.0 -0.0 -0.0 -0.0 -0.0 -0.0 -0.0 -0.0 -0.0 -0.0; 13.0 -0.0 -0.0 -0.0 -0.0 21.0 -0.0 3.0 -0.0 -0.0; -0.0 -0.0 -0.0 -0.0 -0.0 -0.0 -0.0 -0.0 -0.0 -0.0; -0.0 -0.0 -0.0 -0.0 17.0 -0.0 -0.0 -0.0 -0.0 -0.0; -0.0 -0.0 -0.0 25.0 -0.0 -0.0 -0.0 -0.0 -0.0 -0.0; -0.0 -0.0 16.0 -0.0 -0.0 -0.0 21.0 1.0 -0.0 -0.0;;; 13.0 -0.0 -0.0 -0.0 -0.0 -0.0 -0.0 -0.0 -0.0 -0.0; -0.0 -0.0 16.0 -0.0 -0.0 -0.0 21.0 -0.0 -0.0 -0.0; -0.0 -0.0 -0.0 -0.0 -0.0 -0.0 -0.0 -0.0 -0.0 -0.0; 7.0 10.0 -0.0 -0.0 -0.0 -0.0 -0.0 -0.0 -0.0 -0.0; -0.0 -0.0 -0.0 -0.0 -0.0 -0.0 -0.0 -0.0 -0.0 25.0; -0.0 -0.0 -0.0 -0.0 17.0 21.0 -0.0 -0.0 -0.0 -0.0;;; -0.0 -0.0 -0.0 -0.0 -0.0 -0.0 -0.0 -0.0 -0.0 -0.0; -0.0 -0.0 -0.0 -0.0 -0.0 -0.0 -0.0 -0.0 -0.0 -0.0; -0.0 -0.0 -0.0 -0.0 -0.0 -0.0 -0.0 -0.0 -0.0 -0.0; -0.0 -0.0 -0.0 -0.0 -0.0 -0.0 -0.0 -0.0 -0.0 -0.0; -0.0 -0.0 -0.0 -0.0 -0.0 -0.0 -0.0 -0.0 -0.0 -0.0; -0.0 -0.0 -0.0 -0.0 -0.0 -0.0 -0.0 -0.0 -0.0 -0.0;;; -0.0 -0.0 -0.0 -0.0 -0.0 -0.0 -0.0 -0.0 -0.0 -0.0; -0.0 -0.0 -0.0 -0.0 -0.0 -0.0 -0.0 -0.0 -0.0 -0.0; -0.0 -0.0 -0.0 -0.0 -0.0 -0.0 -0.0 -0.0 -0.0 -0.0; -0.0 -0.0 -0.0 -0.0 -0.0 -0.0 -0.0 -0.0 -0.0 -0.0; -0.0 -0.0 -0.0 -0.0 -0.0 -0.0 -0.0 -0.0 -0.0 -0.0; -0.0 -0.0 -0.0 -0.0 -0.0 -0.0 -0.0 -0.0 -0.0 -0.0;;; -0.0 -0.0 -0.0 -0.0 -0.0 -0.0 -0.0 -0.0 -0.0 -0.0; -0.0 -0.0 -0.0 -0.0 -0.0 -0.0 -0.0 -0.0 -0.0 -0.0; -0.0 -0.0 -0.0 -0.0 -0.0 -0.0 -0.0 -0.0 -0.0 -0.0; -0.0 -0.0 -0.0 -0.0 -0.0 -0.0 -0.0 -0.0 -0.0 -0.0; -0.0 -0.0 -0.0 -0.0 -0.0 -0.0 -0.0 -0.0 -0.0 -0.0; -0.0 -0.0 -0.0 -0.0 -0.0 -0.0 -0.0 -0.0 -0.0 -0.0]
evol_box,"[[0.447, 0.0], [2.01, 485219.86755813175], [2.136, 485219.86755813175], [2.182, 485219.86755813175], [2.226, 485219.86755813175], [2.306, 485219.86755813175], [2.386, 485219.86755813175], [2.545, 485219.86755813175], [6.045, 4.241407387398176e6], [9.477, 4.241407387398145e6], [10.834, 4.24140738739814e6], [13.62, 4.362792492227986e6], [16.245, 4.362792492227986e6], [19.39, 4.362792492227986e6], [22.748, 4.362792492227986e6], [27.165, 4.484072166432313e6], [31.082, 4.968472033114584e6], [35.482, 5.091592768344061e6], [40.602, 5.453129749542042e6], [46.974, 5.453369946358422e6], [59.265, 5.816689564436192e6], [68.443, 5.93772826523076e6], [78.512, 6.4224454212773675e6], [91.298, 6.422445421277367e6], [104.218, 6.423016968542597e6], [131.633, 6.423202365269973e6], [149.339, 6.423372700442713e6], [175.22, 6.785761726856308e6], [236.119, 6.906970369056912e6], [284.718, 7.028956922035199e6], [341.814, 7.149431757038144e6], [480.074, 7.270396239399467e6], [657.044, 7.512999022207921e6], [1197.375, 7.513030503098306e6], [1537.125, 7.7552356040661e6], [1963.252, 7.755314936149741e6], [2418.125, 7.876222947793942e6], [2976.386, 7.87629178760776e6], [3328.244, 7.876296993418325e6], [3600.041, 7.997403816565298e6]]"
y_pb,[[-0.0 1.0 -0.0 -0.0 -0.0 -0.0 -0.0 -0.0 -0.0 -0.0; -0.0 0.0 -0.0 -0.0 -0.0 -0.0 -0.0 -0.0 -0.0 -0.0; -0.0 -0.0 -0.0 -0.0 -0.0 21.0 21.0 -0.0 -0.0 -0.0; -0.0 -0.0 -0.0 -0.0 -0.0 -0.0 -0.0 0.0 -0.0 -0.0; -0.0 -0.0 -0.0 -0.0 -0.0 -0.0 -0.0 -0.0 41.0 -0.0; -0.0 -0.0 -0.0 -0.0 -0.0 -0.0 -0.0 -0.0 -0.0 46.0;;;]]
x_bb,"[13.0, 37.0, -0.0, 17.0, 25.0, 38.0]"
x_box,"[7.0, 0.0, 38.0, 0.0, 39.0, 46.0]"
evol_zeta,"[[1.645, 45.2], [2.092, 26.0], [2.145, 26.0], [2.186, 25.0], [2.259, 25.0], [2.31, 25.0], [2.411, 24.799999999999997], [2.581, 22.0], [6.055, 19.22222222222222], [9.486, 17.22222222222222], [10.842, 17.571428571428573], [13.63, 19.0], [16.269, 16.0], [19.424, 16.0], [22.757, 16.333333333333332], [27.18, 16.0], [31.094, 16.0], [35.496, 15.875], [40.616, 14.999999999999982], [46.99, 14.42857142857143], [59.281, 15.0], [68.46, 13.555555555555555], [78.532, 12.0], [91.318, 10.874999999999998], [104.233, 11.285714285714285], [131.65, 11.875], [149.359, 10.857142857142854], [175.231, 10.000000001100005], [236.136, 11.0], [284.731, 10.666666666666666], [341.839, 12.0], [480.094, 10.0], [657.056, 10.0], [1197.412, 11.875001374572209], [1537.155, 10.125000839127594], [1963.277, 11.0], [2418.141, 10.000000000000002], [2976.409, 10.125], [3328.258, 10.0], [3600.055, 0.0]]"
ξ_box,[26.0 22.0 12.0 26.0 25.0; 10.0 6.0 0.0 10.0 10.0; 16.0 16.0 13.0 10.0 1.0; 0.0 18.0 15.0 22.0 25.0; 0.0 10.0 17.0 17.0 17.0; 19.0 18.0 21.0 21.0 19.0; 19.0 18.0 21.0 21.0 19.0; 21.0 29.0 25.0 32.0 10.0; 39.0 32.0 33.0 14.0 30.0; 46.0 25.0 38.0 17.0 37.0]
