first,second
s_box,[41.0; 0.0; 0.0; 0.0; 0.0; 0.0; 0.0; 0.0; 0.0; 0.0;;]
x_pb,"[38.0, 35.0, 77.0, 2.0, -0.0, 36.0]"
s_bb,[41.0; 0.0; 0.0; 0.0; 0.0; 0.0; 0.0; 0.0; 0.0; 0.0;;]
partition_bb,"[[[44.0, 35.0, 35.0, 28.0, 20.0, 19.0, 10.0, 2.0, 0.0, 0.0], [3.0, 0.0, 33.0, 26.0, 18.0, 17.0, 8.0, 0.0, 13.0, 23.0]]]"
y_box,[3.0 35.0 -0.0 -0.0 -0.0 -0.0 -0.0 -0.0 -0.0 -0.0; -0.0 -0.0 35.0 -0.0 -0.0 -0.0 -0.0 -0.0 -0.0 -0.0; -0.0 -0.0 -0.0 28.0 20.0 19.0 10.0 -0.0 -0.0 -0.0; -0.0 -0.0 -0.0 -0.0 -0.0 -0.0 -0.0 2.0 -0.0 -0.0; -0.0 -0.0 -0.0 -0.0 -0.0 -0.0 -0.0 -0.0 -0.0 -0.0; -0.0 -0.0 -0.0 -0.0 -0.0 -0.0 -0.0 -0.0 13.0 23.0;;;]
evol_bb,"[[0.272, 4.79957436887284e6]]"
y_bb,[3.0 35.0 -0.0 -0.0 -0.0 -0.0 -0.0 -0.0 -0.0 -0.0; -0.0 -0.0 35.0 -0.0 -0.0 -0.0 -0.0 -0.0 -0.0 -0.0; -0.0 -0.0 -0.0 28.0 20.0 19.0 10.0 -0.0 -0.0 -0.0; -0.0 -0.0 -0.0 -0.0 -0.0 -0.0 -0.0 2.0 -0.0 -0.0; -0.0 -0.0 -0.0 -0.0 -0.0 -0.0 -0.0 -0.0 -0.0 -0.0; -0.0 -0.0 -0.0 -0.0 -0.0 -0.0 -0.0 -0.0 13.0 23.0;;;]
evol_box,"[[0.411, 0.0], [2.095, 587904.2733120603], [2.171, 4.79957436887284e6]]"
y_pb,[[3.0 35.0 -0.0 -0.0 -0.0 -0.0 -0.0 -0.0 -0.0 -0.0; -0.0 -0.0 35.0 -0.0 -0.0 -0.0 -0.0 -0.0 -0.0 -0.0; -0.0 -0.0 -0.0 28.0 20.0 19.0 10.0 -0.0 -0.0 -0.0; -0.0 -0.0 -0.0 -0.0 -0.0 -0.0 -0.0 2.0 -0.0 -0.0; -0.0 -0.0 -0.0 -0.0 -0.0 -0.0 -0.0 -0.0 0.0 -0.0; -0.0 -0.0 -0.0 -0.0 -0.0 -0.0 -0.0 -0.0 13.0 23.0;;;]]
x_bb,"[38.0, 35.0, 77.0, 2.0, 0.0, 36.0]"
x_box,"[38.0, 35.0, 77.0, 2.0, 0.0, 36.0]"
evol_zeta,"[[1.673, 44.0], [2.169, 23.0], [2.173, 0.0]]"
ξ_box,[44.0; 35.0; 35.0; 28.0; 20.0; 19.0; 10.0; 2.0; 13.0; 23.0;;]
