first,second
s_box,[-0.0 22.0; 12.0 12.0; 13.0 -0.0; -0.0 0.0; 16.0 16.0; 22.0 12.0; -0.0 19.0; 16.0 -0.0; -0.0 -0.0; -0.0 -0.0]
x_pb,"[55.0, -0.0, -0.0, 7.0, 16.0, 54.0]"
s_bb,[-0.0 22.0; 12.0 12.0; -0.0 -0.0; -0.0 0.0; 16.0 16.0; 22.0 12.0; -0.0 19.0; 16.0 -0.0; -0.0 -0.0; 11.0 -0.0]
partition_bb,"[[[2.0, 12.0, 31.0, 24.0, 16.0, 22.0, 7.0, 2.0, 11.0, 7.0], [2.0, 12.0, 14.0, 24.0, 16.0, 10.0, 0.0, 11.0, 20.0, 24.0], [11.0, 12.0, 31.0, 21.0, 15.0, 18.0, 3.0, 0.0, 9.0, 13.0], [20.0, 12.0, 31.0, 21.0, 15.0, 13.0, 16.0, 0.0, 4.0, 0.0], [22.0, 12.0, 29.0, 19.0, 13.0, 11.0, 0.0, 16.0, 7.0, 3.0], [2.0, 12.0, 31.0, 24.0, 16.0, 19.0, 19.0, 9.0, 0.0, 0.0], [0.0, 10.0, 29.0, 19.0, 13.0, 11.0, 0.0, 13.0, 22.0, 18.0], [0.0, 9.0, 28.0, 18.0, 12.0, 10.0, 0.0, 14.0, 23.0, 19.0]], [[10.0, 0.0, 0.0, 8.0, 16.0, 18.0, 4.0, 16.0, 25.0, 29.0], [0.0, 3.0, 22.0, 12.0, 14.0, 8.0, 4.0, 16.0, 25.0, 29.0], [10.0, 0.0, 17.0, 7.0, 15.0, 9.0, 19.0, 16.0, 18.0, 22.0], [22.0, 12.0, 0.0, 0.0, 1.0, 7.0, 4.0, 16.0, 25.0, 29.0], [22.0, 12.0, 14.0, 24.0, 16.0, 10.0, 0.0, 0.0, 9.0, 13.0], [0.0, 8.0, 27.0, 17.0, 11.0, 9.0, 1.0, 16.0, 25.0, 21.0], [0.0, 0.0, 12.0, 8.0, 16.0, 22.0, 7.0, 15.0, 24.0, 28.0], [0.0, 9.0, 28.0, 18.0, 12.0, 10.0, 0.0, 12.0, 21.0, 25.0]]]"
y_box,[22.0 -0.0 -0.0 24.0 -0.0 -0.0 6.0 -0.0 -0.0 -0.0; -0.0 -0.0 -0.0 -0.0 0.0 -0.0 -0.0 -0.0 -0.0 -0.0; -0.0 -0.0 -0.0 -0.0 -0.0 -0.0 -0.0 -0.0 -0.0 -0.0; -0.0 -0.0 -0.0 -0.0 -0.0 -0.0 -0.0 -0.0 10.0 -0.0; -0.0 -0.0 -0.0 -0.0 -0.0 -0.0 -0.0 0.0 15.0 1.0; -0.0 -0.0 18.0 -0.0 0.0 -0.0 13.0 -0.0 -0.0 23.0;;; -0.0 -0.0 28.0 24.0 -0.0 -0.0 -0.0 -0.0 -0.0 -0.0; -0.0 -0.0 -0.0 -0.0 -0.0 -0.0 -0.0 -0.0 -0.0 -0.0; -0.0 -0.0 -0.0 -0.0 0.0 -0.0 -0.0 -0.0 -0.0 -0.0; -0.0 -0.0 -0.0 -0.0 -0.0 10.0 0.0 0.0 -0.0 -0.0; -0.0 -0.0 -0.0 -0.0 -0.0 -0.0 -0.0 16.0 -0.0 -0.0; -0.0 -0.0 -0.0 -0.0 -0.0 -0.0 -0.0 -0.0 25.0 29.0]
evol_bb,"[[0.287, 9.812448350910254e6], [1.242, 9.695672482557693e6], [1.251, 9.57889661420513e6], [2.144, 9.462120745852567e6], [2.858, 9.462120745852565e6]]"
y_bb,[22.0 -0.0 -0.0 8.0 0.0 -0.0 19.0 -0.0 -0.0 3.0; -0.0 -0.0 -0.0 -0.0 -0.0 -0.0 -0.0 -0.0 -0.0 -0.0; -0.0 -0.0 -0.0 -0.0 -0.0 -0.0 -0.0 -0.0 -0.0 0.0; -0.0 -0.0 -0.0 -0.0 -0.0 -0.0 -0.0 -0.0 -0.0 10.0; -0.0 -0.0 -0.0 16.0 -0.0 -0.0 -0.0 -0.0 -0.0 -0.0; -0.0 -0.0 31.0 -0.0 -0.0 -0.0 0.0 -0.0 23.0 0.0;;; 0.0 -0.0 28.0 24.0 -0.0 -0.0 -0.0 -0.0 -0.0 -0.0; -0.0 -0.0 -0.0 -0.0 0.0 -0.0 -0.0 -0.0 -0.0 -0.0; -0.0 -0.0 -0.0 -0.0 -0.0 -0.0 -0.0 -0.0 -0.0 -0.0; -0.0 -0.0 -0.0 -0.0 0.0 10.0 0.0 0.0 -0.0 -0.0; -0.0 -0.0 -0.0 -0.0 -0.0 -0.0 -0.0 16.0 -0.0 -0.0; -0.0 -0.0 -0.0 -0.0 -0.0 -0.0 -0.0 -0.0 25.0 29.0]
evol_box,"[[0.451, 0.0], [2.214, 237516.95627057692], [2.301, 237516.95627057692], [2.316, 4.207265021469584e6], [2.403, 5.9588225665129945e6], [2.506, 5.9588225665129945e6], [2.588, 6.659493774269082e6], [2.666, 8.060795465107243e6], [2.75, 8.060795465107243e6], [2.882, 8.411117554845314e6], [2.984, 8.411137930679457e6], [3.095, 8.878349506007217e6], [3.236, 8.878349506007217e6], [3.375, 8.99501562127403e6], [3.533, 9.111793140794879e6], [3.658, 9.111793140794879e6], [3.776, 9.22863816022155e6], [3.925, 9.228638160221552e6], [4.114, 9.228641334972944e6], [4.288, 9.345344877499957e6], [4.436, 9.345344877500003e6], [4.572, 9.345344877499994e6], [4.719, 9.345402103210127e6], [4.87, 9.345402103210129e6], [5.044, 9.34540527796152e6], [5.21, 9.462120745852567e6]]"
y_pb,[[-0.0 -0.0 31.0 24.000000000000004 -0.0 -0.0 -0.0 -0.0 -0.0 -0.0; -0.0 -0.0 -0.0 0.0 -0.0 -0.0 -0.0 -0.0 -0.0 -0.0; -0.0 -0.0 -0.0 -0.0 0.0 -0.0 -0.0 -0.0 -0.0 -0.0; -0.0 -0.0 -0.0 -0.0 -0.0 7.0 -0.0 -0.0 -0.0 -0.0; -0.0 -0.0 -0.0 -0.0 -0.0 -0.0 -0.0 16.0 -0.0 -0.0; -0.0 -0.0 -0.0 -0.0 -0.0 -0.0 -0.0 -0.0 25.0 29.000000000000004;;;]]
x_bb,"[52.0, 0.0, 0.0, 10.0, 16.0, 54.0]"
x_box,"[52.0, 0.0, 0.0, 10.0, 16.0, 54.0]"
evol_zeta,"[[1.813, 31.0], [2.293, 22.0], [2.305, 22.0], [2.321, 15.000000000000007], [2.406, 15.0], [2.509, 15.0], [2.591, 15.0], [2.669, 9.0], [2.753, 9.0], [2.886, 12.0], [2.987, 12.0], [3.133, 4.0], [3.264, 4.0], [3.413, 2.5], [3.535, 3.3749999999999982], [3.66, 1.7777777777777786], [3.782, 1.0], [3.965, 0.9999999999999964], [4.142, 1.0000000002000005], [4.29, 0.625], [4.441, 1.0], [4.576, 0.22222222222222143], [4.721, 0.6666666666666679], [4.872, 0.11111111111111072], [5.05, 1.0], [5.213, -0.0]]"
ξ_box,[22.0 22.0; 12.0 12.0; 31.0 28.0; 24.0 24.0; 16.0 16.0; 22.0 22.0; 19.0 19.0; 16.0 16.0; 25.0 25.0; 24.0 29.0]
