first,second
s_box,[30.0 25.0; 14.0 14.0; 21.0 21.0; 23.0 23.0; 4.0 0.0; -0.0 -0.0; -0.0 45.0; -0.0 0.0; -0.0 -0.0; 37.0 -0.0]
x_pb,"[-0.0, 0.0, 12.0, 44.0, 45.0, 57.0]"
s_bb,[-0.0 30.0; 14.0 14.0; -0.0 21.0; -0.0 23.0; 26.0 4.0; 44.0 -0.0; -0.0 -0.0; 27.0 -0.0; -0.0 -0.0; 17.0 37.0]
partition_bb,"[[[0.0, 1.0, 8.0, 10.0, 14.0, 41.0, 45.0, 18.0, 17.0, 9.0], [30.0, 14.0, 19.0, 21.0, 26.0, 23.0, 27.0, 0.0, 0.0, 0.0], [0.0, 14.0, 21.0, 23.0, 17.0, 11.0, 15.0, 15.0, 17.0, 27.0], [0.0, 0.0, 6.0, 8.0, 12.0, 39.0, 35.0, 21.0, 24.0, 14.0], [0.0, 0.0, 4.0, 6.0, 10.0, 37.0, 41.0, 26.0, 23.0, 13.0], [0.0, 4.0, 11.0, 13.0, 17.0, 44.0, 40.0, 13.0, 12.0, 4.0], [30.0, 14.0, 7.0, 5.0, 1.0, 21.0, 17.0, 16.0, 19.0, 29.0], [0.0, 0.0, 4.0, 6.0, 10.0, 37.0, 41.0, 22.0, 25.0, 15.0], [0.0, 0.0, 4.0, 6.0, 10.0, 37.0, 41.0, 27.0, 24.0, 14.0], [0.0, 0.0, 4.0, 6.0, 10.0, 37.0, 41.0, 23.0, 26.0, 16.0], [0.0, 0.0, 4.0, 6.0, 10.0, 37.0, 41.0, 17.0, 20.0, 30.0]], [[0.0, 0.0, 4.0, 5.0, 11.0, 28.0, 24.0, 24.0, 27.0, 37.0], [28.0, 12.0, 5.0, 3.0, 0.0, 9.0, 13.0, 24.0, 27.0, 37.0], [0.0, 0.0, 7.0, 5.0, 5.0, 32.0, 36.0, 30.0, 27.0, 17.0], [0.0, 8.0, 15.0, 17.0, 21.0, 14.0, 10.0, 30.0, 27.0, 17.0], [0.0, 14.0, 21.0, 23.0, 17.0, 3.0, 7.0, 30.0, 27.0, 17.0], [0.0, 14.0, 20.0, 21.0, 27.0, 0.0, 0.0, 20.0, 23.0, 33.0], [0.0, 0.0, 5.0, 7.0, 11.0, 38.0, 34.0, 27.0, 24.0, 14.0], [0.0, 0.0, 3.0, 5.0, 9.0, 36.0, 40.0, 18.0, 21.0, 31.0], [30.0, 14.0, 16.0, 18.0, 12.0, 0.0, 0.0, 18.0, 21.0, 31.0]]]"
y_box,[-0.0 -0.0 -0.0 -0.0 -0.0 -0.0 -0.0 -0.0 -0.0 -0.0; -0.0 -0.0 -0.0 -0.0 -0.0 -0.0 -0.0 -0.0 -0.0 -0.0; -0.0 -0.0 -0.0 -0.0 23.0 -0.0 -0.0 -0.0 -0.0 -0.0; -0.0 -0.0 -0.0 -0.0 -0.0 38.0 -0.0 -0.0 -0.0 -0.0; -0.0 -0.0 -0.0 -0.0 -0.0 -0.0 40.0 -0.0 -0.0 -0.0; -0.0 -0.0 -0.0 -0.0 -0.0 -0.0 -0.0 30.0 27.0 -0.0;;; -0.0 -0.0 -0.0 -0.0 -0.0 -0.0 -0.0 -0.0 -0.0 -0.0; -0.0 -0.0 -0.0 -0.0 -0.0 -0.0 -0.0 -0.0 -0.0 -0.0; 0.0 -0.0 -0.0 -0.0 -0.0 23.0 -0.0 -0.0 -0.0 -0.0; -0.0 -0.0 -0.0 -0.0 20.0 -0.0 -0.0 15.0 2.0 1.0; 5.0 -0.0 0.0 -0.0 -0.0 20.0 -0.0 12.0 3.0 -0.0; -0.0 -0.0 0.0 -0.0 5.0 1.0 -0.0 -0.0 22.0 29.0]
evol_bb,"[[0.758, 1.7838568598450366e7], [0.962, 1.7838568598450363e7], [2.856, 1.77111637319813e7], [5.377, 1.7201615966820277e7], [14.176, 1.7074221197853573e7], [21.076, 1.6946829257313993e7], [21.093, 1.6819437316774413e7], [30.192, 1.6819329666697852e7], [37.337, 1.6692049618875524e7], [37.503, 1.6692049618875522e7], [37.547, 1.669204961887552e7], [45.541, 1.6571195350739239e7], [45.557, 1.656852786583506e7], [45.715, 1.6564657678335942e7], [59.089, 1.6437264323582802e7], [64.487, 1.64372643235828e7], [67.717, 1.6437264323582798e7]]"
y_bb,[0.0 -0.0 -0.0 -0.0 -0.0 -0.0 -0.0 -0.0 -0.0 -0.0; -0.0 -0.0 0.0 -0.0 -0.0 -0.0 -0.0 -0.0 -0.0 -0.0; -0.0 -0.0 21.0 -0.0 -0.0 -0.0 -0.0 0.0 -0.0 2.0; 30.0 -0.0 -0.0 8.0 -0.0 0.0 -0.0 -0.0 0.0 -0.0; 0.0 -0.0 -0.0 -0.0 -0.0 -0.0 3.0 -0.0 26.0 11.0; -0.0 -0.0 -0.0 15.0 -0.0 -0.0 42.0 -0.0 -0.0 -0.0;;; -0.0 -0.0 -0.0 -0.0 -0.0 -0.0 -0.0 -0.0 -0.0 -0.0; -0.0 -0.0 -0.0 -0.0 -0.0 -0.0 -0.0 -0.0 -0.0 -0.0; -0.0 0.0 0.0 0.0 23.0 -0.0 -0.0 -0.0 -0.0 -0.0; -0.0 -0.0 -0.0 -0.0 -0.0 38.0 -0.0 -0.0 -0.0 -0.0; -0.0 -0.0 -0.0 -0.0 -0.0 -0.0 40.0 0.0 -0.0 -0.0; -0.0 -0.0 -0.0 -0.0 -0.0 -0.0 -0.0 30.0 27.0 0.0]
evol_box,"[[0.439, 0.0], [1.925, 639209.8168720504], [2.004, 639209.8168720504], [2.017, 6.117995878131378e6], [2.04, 7.2647533926076535e6], [2.091, 9.43053487245055e6], [2.143, 9.43053532792436e6], [2.168, 1.019485522062971e7], [2.25, 1.0449099269174144e7], [2.365, 1.1978397075675499e7], [2.447, 1.2232767399741039e7], [2.567, 1.2742678022455998e7], [2.709, 1.3761941208723318e7], [2.835, 1.4143926437635276e7], [2.976, 1.4398650129715122e7], [3.2, 1.4908554361118518e7], [3.398, 1.5035760502918724e7], [3.602, 1.5035842301136319e7], [3.761, 1.5163360714302797e7], [3.967, 1.5290693915953383e7], [4.294, 1.5417941956968604e7], [4.477, 1.5545293927936697e7], [4.633, 1.5545322945370648e7], [4.831, 1.5672756829273658e7], [5.007, 1.5672866633481637e7], [5.145, 1.5672923131166983e7], [5.301, 1.5672924545380546e7], [6.002, 1.5800132678308776e7], [6.274, 1.5800313381829543e7], [6.601, 1.5927508527343892e7], [6.894, 1.592764627191988e7], [7.115, 1.5927676366419762e7], [7.409, 1.5927676366419762e7], [7.661, 1.5927702218278732e7], [7.905, 1.6054913393812954e7], [8.114, 1.6054913393812953e7], [8.372, 1.6055036693243103e7], [8.596, 1.6055091330391187e7], [8.901, 1.6055091330391187e7], [9.282, 1.61823246793085e7], [9.62, 1.6182481856717205e7], [9.978, 1.6182481856717197e7], [10.359, 1.6182481856717205e7], [10.68, 1.6182483270930763e7], [11.117, 1.6182483270930767e7], [11.422, 1.6182483270930767e7], [11.765, 1.6182483270930767e7], [12.123, 1.6182483270930763e7], [12.39, 1.6309710200821599e7], [12.718, 1.630971987329958e7], [13.187, 1.6309737382036123e7], [13.644, 1.630976309632257e7], [14.021, 1.6309872383043222e7], [14.348, 1.6309872383043222e7], [14.675, 1.6309873797256783e7], [14.939, 1.6309873797256786e7], [15.185, 1.6309873797256785e7], [15.492, 1.6309875211470347e7], [15.852, 1.6309875211470347e7], [16.148, 1.6309875211470345e7], [16.613, 1.6309875211470347e7], [16.998, 1.643711506729066e7], [17.321, 1.643711506729066e7], [17.656, 1.643713441224663e7], [17.941, 1.6437144084724613e7], [18.264, 1.6437235643296707e7], [18.607, 1.6437235643296706e7], [18.964, 1.6437235643296706e7], [19.262, 1.6437238471723832e7], [19.583, 1.6437264323582802e7], [19.929, 1.64372643235828e7]]"
y_pb,[[0.0 -0.0 -0.0 -0.0 -0.0 -0.0 -0.0 -0.0 -0.0 -0.0; -0.0 -0.0 -0.0 -0.0 -0.0 -0.0 -0.0 -0.0 -0.0 -0.0; -0.0 -0.0 -0.0 -0.0 12.0 -0.0 -0.0 -0.0 -0.0 -0.0; -0.0 -0.0 -0.0 -0.0 -0.0 44.0 -0.0 -0.0 -0.0 -0.0; -0.0 -0.0 -0.0 -0.0 -0.0 -0.0 45.0 -0.0 -0.0 -0.0; -0.0 -0.0 -0.0 -0.0 -0.0 -0.0 -0.0 30.0 27.0 -0.0;;;]]
x_bb,"[0.0, 0.0, 23.0, 38.0, 40.0, 57.0]"
x_box,"[-0.0, -0.0, 23.0, 38.0, 40.0, 57.0]"
evol_zeta,"[[1.588, 44.44444444444444], [1.995, 30.0], [2.007, 30.0], [2.021, 28.0], [2.07, 16.200000000000003], [2.12, 17.5], [2.146, 12.0], [2.172, 13.0], [2.255, 13.0], [2.372, 11.333333333333336], [2.45, 11.0], [2.57, 13.0], [2.715, 9.444444444444443], [2.838, 13.0], [3.005, 9.375], [3.232, 6.125], [3.404, 7.0], [3.605, 7.0], [3.783, 4.375], [3.975, 4.44444444444445], [4.302, 3.0], [4.49, 5.0], [4.639, 3.749999999999999], [4.837, 4.0], [5.011, 4.0], [5.151, 4.0], [5.304, 3.125], [6.007, 3.0], [6.276, 2.555555555555557], [6.61, 1.9999999999999964], [6.902, 4.0], [7.132, 3.6249999999999893], [7.415, 3.9999999999999933], [7.666, 2.0], [7.911, 4.000000000500002], [8.122, 2.222222222222223], [8.381, 4.0], [8.605, 1.7499999999999962], [8.906, 1.0], [9.289, 1.0], [9.654, 0.9999999999999999], [9.982, 1.5], [10.37, 0.7500000000000004], [10.686, 1.0], [11.126, 1.874999999999993], [11.427, 1.0], [11.781, 0.875], [12.128, 0.8750000001875016], [12.399, 2.799999999999997], [12.73, 0.7777777777777786], [13.22, 0.75], [13.652, 1.75], [14.029, 0.375], [14.357, 0.5], [14.683, 0.6249999999999989], [14.948, 0.375], [15.203, 0.375], [15.501, 1.2222222222222223], [15.864, 0.625], [16.16, 0.4999999999999984], [16.643, 0.3999999999999986], [17.005, 4.0], [17.338, 0.375], [17.665, 0.25], [17.949, 0.3749999999999981], [18.27, 3.3333333333333357], [18.61, 2.1111111111111107], [18.971, 1.0000000000000016], [19.27, 2.0], [19.589, 0.75], [19.937, 0.0]]"
ξ_box,[30.0 30.0; 14.0 14.0; 21.0 21.0; 23.0 23.0; 27.0 25.0; 38.0 44.0; 40.0 45.0; 30.0 27.0; 27.0 27.0; 37.0 30.0]
