first,second
s_box,[-0.0 -0.0; -0.0 -0.0; 3.0 7.0; 27.0 -0.0; -0.0 -0.0; -0.0 34.0; 31.0 31.0; 25.0 13.0; -0.0 -0.0; -0.0 -0.0]
x_pb,"[20.0, 11.0, 71.0, -0.0, 12.0, 31.0]"
s_bb,[-0.0 -0.0; 5.0 -0.0; -0.0 3.0; -0.0 27.0; 36.0 -0.0; 19.0 0.0; -0.0 31.0; 25.0 25.0; -0.0 -0.0; -0.0 -0.0]
partition_bb,"[[[0.0, 0.0, 15.0, 21.0, 36.0, 31.0, 22.0, 18.0, 4.0, 0.0], [15.0, 5.0, 10.0, 16.0, 31.0, 26.0, 17.0, 13.0, 0.0, 15.0], [0.0, 0.0, 6.0, 12.0, 27.0, 32.0, 31.0, 25.0, 6.0, 0.0], [0.0, 5.0, 16.0, 27.0, 34.0, 29.0, 20.0, 16.0, 2.0, 0.0], [0.0, 5.0, 13.0, 19.0, 34.0, 29.0, 20.0, 16.0, 12.0, 0.0], [7.0, 5.0, 2.0, 9.0, 17.0, 22.0, 31.0, 25.0, 6.0, 21.0], [0.0, 5.0, 21.0, 19.0, 34.0, 29.0, 20.0, 16.0, 2.0, 0.0], [0.0, 0.0, 9.0, 15.0, 30.0, 35.0, 26.0, 22.0, 8.0, 0.0], [0.0, 0.0, 12.0, 18.0, 33.0, 28.0, 19.0, 15.0, 3.0, 22.0], [0.0, 0.0, 12.0, 18.0, 33.0, 28.0, 19.0, 15.0, 4.0, 23.0]], [[0.0, 0.0, 10.0, 3.0, 18.0, 23.0, 25.0, 25.0, 12.0, 31.0], [0.0, 5.0, 16.0, 27.0, 23.0, 18.0, 9.0, 5.0, 12.0, 31.0], [15.0, 5.0, 21.0, 10.0, 12.0, 17.0, 8.0, 14.0, 12.0, 31.0], [0.0, 0.0, 6.0, 12.0, 27.0, 32.0, 23.0, 19.0, 5.0, 24.0], [0.0, 0.0, 6.0, 9.0, 17.0, 22.0, 31.0, 25.0, 8.0, 27.0], [0.0, 0.0, 11.0, 17.0, 32.0, 27.0, 18.0, 14.0, 7.0, 26.0]]]"
y_box,[15.0 5.0 -0.0 -0.0 -0.0 -0.0 -0.0 -0.0 -0.0 -0.0; -0.0 -0.0 18.0 -0.0 -0.0 -0.0 -0.0 -0.0 -0.0 -0.0; -0.0 -0.0 -0.0 -0.0 32.0 32.0 -0.0 -0.0 -0.0 -0.0; -0.0 -0.0 -0.0 -0.0 -0.0 -0.0 -0.0 -0.0 -0.0 -0.0; -0.0 -0.0 -0.0 -0.0 -0.0 -0.0 -0.0 -0.0 12.0 -0.0; -0.0 -0.0 -0.0 -0.0 -0.0 -0.0 -0.0 -0.0 -0.0 31.0;;; 15.0 -0.0 5.0 -0.0 -0.0 -0.0 -0.0 -0.0 -0.0 -0.0; -0.0 5.0 -0.0 -0.0 13.0 -0.0 -0.0 -0.0 -0.0 -0.0; -0.0 -0.0 9.0 27.0 22.0 1.0 -0.0 -0.0 -0.0 5.0; -0.0 -0.0 -0.0 -0.0 -0.0 -0.0 -0.0 -0.0 -0.0 -0.0; -0.0 -0.0 -0.0 -0.0 -0.0 -0.0 -0.0 12.0 -0.0 -0.0; -0.0 -0.0 -0.0 -0.0 1.0 -0.0 -0.0 -0.0 12.0 18.0]
evol_bb,"[[0.56, 1.044565185169942e7], [1.769, 1.0445651851699417e7], [5.8, 1.0333362238478318e7], [8.431, 1.0333359335255949e7], [9.868, 1.0221072625257215e7], [15.985, 1.0221066818812475e7], [16.067, 1.0221063339081343e7], [23.41, 1.0108783012036113e7], [23.926, 1.0108778567182947e7], [31.694, 1.0108777205591373e7], [34.959, 9.996490495592643e6], [35.99, 9.996487592370272e6], [36.055, 9.888038612125857e6], [40.927, 9.884200882371541e6], [41.473, 9.771976134817982e6], [42.208, 9.771905462705698e6], [42.309, 9.659697888771677e6], [44.007, 9.659615849484596e6]]"
y_bb,[-0.0 -0.0 20.0 -0.0 -0.0 -0.0 -0.0 -0.0 -0.0 -0.0; -0.0 -0.0 -0.0 -0.0 -0.0 16.0 -0.0 -0.0 -0.0 2.0; 15.0 -0.0 -0.0 27.0 -0.0 -0.0 -0.0 -0.0 1.0 21.0; -0.0 -0.0 -0.0 -0.0 -0.0 -0.0 0.0 -0.0 -0.0 -0.0; -0.0 0.0 1.0 -0.0 -0.0 -0.0 -0.0 0.0 11.0 -0.0; 0.0 -0.0 0.0 -0.0 0.0 -0.0 31.0 -0.0 -0.0 -0.0;;; 15.0 5.0 -0.0 -0.0 -0.0 -0.0 -0.0 -0.0 -0.0 -0.0; -0.0 -0.0 18.0 -0.0 -0.0 -0.0 -0.0 -0.0 -0.0 -0.0; -0.0 -0.0 -0.0 -0.0 32.0 32.0 0.0 -0.0 -0.0 -0.0; -0.0 -0.0 -0.0 -0.0 -0.0 -0.0 -0.0 0.0 -0.0 -0.0; -0.0 -0.0 -0.0 -0.0 -0.0 -0.0 -0.0 0.0 12.0 0.0; -0.0 -0.0 -0.0 -0.0 -0.0 -0.0 -0.0 -0.0 -0.0 31.0]
evol_box,"[[0.41, 0.0], [1.97, 227758.62291177915], [2.052, 227758.62291177915], [2.073, 5.280282377110273e6], [2.117, 5.280282377110273e6], [2.138, 5.392678868293371e6], [2.264, 7.526004667395556e6], [2.374, 7.526004667395556e6], [2.503, 7.638371958665354e6], [2.622, 7.750737019192945e6], [2.867, 8.199773684980919e6], [2.975, 8.536678505990913e6], [3.148, 8.648970445925621e6], [3.368, 8.873576316824293e6], [3.583, 9.098155856878053e6], [3.757, 9.098155856878053e6], [3.896, 9.098155856878053e6], [4.047, 9.210421991762238e6], [4.26, 9.210551547707025e6], [4.46, 9.210551547707032e6], [4.595, 9.322738300154183e6], [4.885, 9.322738219322076e6], [5.051, 9.322738300154183e6], [5.21, 9.322738300154183e6], [5.382, 9.322738300154183e6], [5.571, 9.435088166978003e6], [5.756, 9.547317526596388e6], [6.063, 9.547323333041126e6], [6.326, 9.54737752175199e6], [6.609, 9.54740363246264e6], [6.912, 9.6596158494846e6], [7.203, 9.659615849484537e6], [7.384, 9.659615849484596e6], [7.72, 9.659615849484598e6]]"
y_pb,[[15.0 5.0 -0.0 -0.0 -0.0 -0.0 -0.0 -0.0 -0.0 -0.0; -0.0 -0.0 11.0 -0.0 -0.0 -0.0 -0.0 -0.0 -0.0 -0.0; -0.0 -0.0 -0.0 -0.0 36.0 35.0 -0.0 -0.0 -0.0 -0.0; -0.0 -0.0 -0.0 -0.0 -0.0 -0.0 -0.0 0.0 -0.0 -0.0; -0.0 -0.0 -0.0 -0.0 -0.0 -0.0 -0.0 -0.0 12.000000000000002 -0.0; -0.0 -0.0 -0.0 -0.0 -0.0 -0.0 -0.0 -0.0 -0.0 31.0;;;]]
x_bb,"[20.0, 18.0, 64.0, -0.0, 12.0, 31.0]"
x_box,"[20.0, 18.0, 64.0, -0.0, 12.0, 31.0]"
evol_zeta,"[[1.623, 35.714285714285715], [2.042, 31.0], [2.059, 24.999999999999996], [2.101, 17.5], [2.119, 14.999999999999998], [2.143, 13.0], [2.267, 7.000000000800014], [2.404, 7.0], [2.509, 7.125], [2.626, 6.0], [2.872, 9.0], [3.006, 7.0], [3.154, 8.5], [3.4, 7.0], [3.612, 7.0], [3.76, 5.777777777777779], [3.903, 5.374999999999998], [4.053, 6.0], [4.291, 5.0], [4.463, 5.0], [4.602, 3.0], [4.889, 3.0], [5.054, 2.625], [5.213, 2.0], [5.389, 1.875000000287514], [5.579, 1.875], [5.761, 5.0], [6.092, 1.333333333333334], [6.333, 1.8750000000000009], [6.617, 1.0], [6.928, 0.625], [7.205, 0.375], [7.391, 0.125], [7.726, 0.0]]"
ξ_box,[15.0 15.0; 5.0 5.0; 21.0 21.0; 27.0 27.0; 32.0 36.0; 32.0 35.0; 31.0 31.0; 25.0 25.0; 12.0 12.0; 31.0 23.0]
