first,second
s_box,[8.0 6.0 14.0 18.0; 10.0 10.0 0.0 0.0; 0.0 0.0 16.0 16.0; 0.0 0.0 25.0 0.0; 0.0 0.0 17.0 17.0; 0.0 0.0 0.0 21.0; 0.0 0.0 0.0 9.0; 24.0 32.0 10.0 0.0; 39.0 33.0 0.0 0.0; 0.0 0.0 0.0 0.0]
x_pb,"[1.0, -0.0, 42.0, -0.0, 41.0, 45.99999999999999]"
s_bb,[26.0 5.0 -0.0 -0.0; 9.0 -0.0 -0.0 -0.0; 16.0 16.0 -0.0 -0.0; 25.0 -0.0 -0.0 -0.0; 17.0 2.0 -0.0 -0.0; -0.0 -0.0 -0.0 -0.0; -0.0 21.0 -0.0 -0.0; 32.0 -0.0 -0.0 -0.0; 0.0 14.0 -0.0 -0.0; -0.0 -0.0 -0.0 2.0]
partition_bb,"[[[0.0, 0.0, 0.0, 0.0, 0.0, 15.0, 15.0, 19.0, 39.0, 46.0], [26.0, 10.0, 0.0, 0.0, 0.0, 15.0, 15.0, 26.0, 23.0, 16.0], [26.0, 10.0, 16.0, 25.0, 17.0, 0.0, 0.0, 0.0, 15.0, 22.0], [26.0, 10.0, 16.0, 0.0, 0.0, 21.0, 21.0, 10.0, 10.0, 17.0], [0.0, 0.0, 0.0, 1.0, 2.0, 21.0, 21.0, 32.0, 12.0, 11.0], [2.0, 0.0, 0.0, 0.0, 0.0, 17.0, 17.0, 21.0, 41.0, 36.0]], [[5.0, 6.0, 16.0, 10.0, 2.0, 21.0, 21.0, 32.0, 12.0, 5.0], [2.0, 0.0, 0.0, 0.0, 0.0, 17.0, 17.0, 21.0, 41.0, 34.0]], [[0.0, 0.0, 0.0, 0.0, 0.0, 17.0, 17.0, 21.0, 41.0, 34.0]], [[0.0, 0.0, 0.0, 0.0, 0.0, 17.0, 17.0, 21.0, 41.0, 36.0]]]"
y_box,[0.0 0.0 15.0 1.0 5.0 0.0 0.0 0.0 0.0 0.0; 0.0 0.0 0.0 0.0 0.0 0.0 0.0 0.0 0.0 0.0; 18.0 0.0 0.0 12.0 0.0 0.0 0.0 0.0 0.0 12.0; 0.0 0.0 0.0 0.0 0.0 0.0 0.0 0.0 0.0 0.0; 0.0 0.0 0.0 0.0 0.0 16.0 0.0 0.0 0.0 14.0; 0.0 0.0 0.0 0.0 0.0 0.0 17.0 0.0 0.0 20.0;;; 20.0 0.0 0.0 1.0 0.0 0.0 0.0 0.0 0.0 0.0; 0.0 0.0 0.0 0.0 0.0 0.0 0.0 0.0 0.0 0.0; 0.0 0.0 16.0 8.0 0.0 17.0 1.0 0.0 0.0 0.0; 0.0 0.0 0.0 0.0 0.0 0.0 0.0 0.0 0.0 0.0; 0.0 0.0 0.0 0.0 0.0 4.0 0.0 0.0 0.0 26.0; 0.0 0.0 0.0 0.0 17.0 0.0 20.0 0.0 0.0 0.0;;; 11.0 10.0 0.0 0.0 0.0 0.0 0.0 0.0 0.0 0.0; 0.0 0.0 0.0 0.0 0.0 0.0 0.0 0.0 0.0 0.0; 0.0 0.0 0.0 0.0 0.0 21.0 21.0 0.0 0.0 0.0; 0.0 0.0 0.0 0.0 0.0 0.0 0.0 0.0 0.0 0.0; 0.0 0.0 0.0 0.0 0.0 0.0 0.0 0.0 30.0 0.0; 0.0 0.0 0.0 0.0 0.0 0.0 0.0 0.0 0.0 37.0;;; 0.0 2.0 0.0 19.0 0.0 0.0 0.0 0.0 0.0 0.0; 0.0 0.0 0.0 0.0 0.0 0.0 0.0 0.0 0.0 0.0; 0.0 0.0 0.0 6.0 0.0 0.0 12.0 24.0 0.0 0.0; 0.0 0.0 0.0 0.0 0.0 0.0 0.0 0.0 0.0 0.0; 0.0 0.0 0.0 0.0 0.0 0.0 0.0 0.0 0.0 30.0; 0.0 0.0 0.0 0.0 0.0 0.0 0.0 5.0 29.0 3.0]
evol_bb,"[[1.824, 1.514612588008258e7], [1027.481, 1.5146125880082577e7]]"
y_bb,[-0.0 1.0 -0.0 -0.0 -0.0 -0.0 -0.0 -0.0 -0.0 -0.0; -0.0 0.0 -0.0 -0.0 -0.0 -0.0 -0.0 -0.0 -0.0 -0.0; -0.0 -0.0 -0.0 0.0 -0.0 21.0 21.0 -0.0 -0.0 -0.0; -0.0 -0.0 -0.0 -0.0 -0.0 -0.0 -0.0 0.0 -0.0 -0.0; -0.0 -0.0 -0.0 -0.0 -0.0 -0.0 -0.0 -0.0 41.0 -0.0; -0.0 -0.0 -0.0 -0.0 -0.0 -0.0 -0.0 -0.0 -0.0 46.0;;; -0.0 0.0 0.0 -0.0 -0.0 1.0 -0.0 -0.0 -0.0 -0.0; -0.0 -0.0 -0.0 -0.0 0.0 0.0 -0.0 -0.0 -0.0 -0.0; -0.0 6.0 -0.0 -0.0 -0.0 16.0 -0.0 20.0 -0.0 -0.0; 0.0 -0.0 -0.0 0.0 -0.0 -0.0 -0.0 -0.0 -0.0 0.0; -0.0 -0.0 -0.0 10.0 -0.0 4.0 -0.0 -0.0 27.0 -0.0; -0.0 -0.0 -0.0 -0.0 -0.0 -0.0 0.0 12.0 -0.0 34.0;;; -0.0 -0.0 -0.0 -0.0 -0.0 -0.0 -0.0 1.0 -0.0 -0.0; -0.0 -0.0 -0.0 -0.0 -0.0 -0.0 -0.0 0.0 -0.0 -0.0; -0.0 -0.0 -0.0 -0.0 -0.0 17.0 17.0 -0.0 -0.0 8.0; -0.0 -0.0 -0.0 -0.0 -0.0 -0.0 -0.0 0.0 -0.0 -0.0; -0.0 -0.0 -0.0 -0.0 -0.0 -0.0 -0.0 -0.0 41.0 -0.0; -0.0 -0.0 -0.0 -0.0 -0.0 -0.0 -0.0 20.0 -0.0 26.0;;; -0.0 -0.0 -0.0 -0.0 -0.0 -0.0 -0.0 -0.0 1.0 -0.0; -0.0 -0.0 -0.0 -0.0 -0.0 -0.0 -0.0 -0.0 0.0 -0.0; -0.0 -0.0 -0.0 -0.0 -0.0 -0.0 -0.0 0.0 40.0 2.0; -0.0 -0.0 -0.0 -0.0 -0.0 -0.0 -0.0 -0.0 -0.0 0.0; -0.0 -0.0 -0.0 -0.0 -0.0 17.0 -0.0 -0.0 -0.0 24.0; -0.0 -0.0 -0.0 -0.0 -0.0 0.0 17.0 21.0 -0.0 8.0]
evol_box,"[[0.519, 0.0], [2.449, 485219.86755813175], [2.56, 485219.86755813175], [2.608, 485219.86755813175], [2.649, 485219.86755813175], [3.162, 4.362792492227986e6], [3.691, 4.362792492227986e6], [4.824, 5.0894714393462455e6], [7.468, 5.089471439346261e6], [8.877, 5.574294901427291e6], [10.339, 5.816414947032707e6], [13.748, 6.180270139958453e6], [15.371, 6.3014320028503705e6], [18.695, 6.664857311205142e6], [22.182, 7.149247580957729e6], [25.003, 7.270459996063016e6], [28.87, 7.270525236293848e6], [35.97, 7.391625172578382e6], [39.932, 7.3917949467827445e6], [42.403, 7.392029262772878e6], [47.677, 7.634017608468896e6], [53.168, 7.876270499199643e6], [60.101, 7.997507295653999e6], [66.562, 8.239877781135176e6], [73.959, 8.2440697691955315e6], [80.99, 8.482054847182075e6], [89.448, 8.603384233400475e6], [102.169, 8.603384233400483e6], [122.378, 8.60362942748557e6], [137.172, 8.724566780292878e6], [162.728, 8.724566785539431e6], [182.207, 8.845628144002605e6], [205.866, 8.966806882852076e6], [268.227, 9.209128293265294e6], [309.12, 9.209141436902452e6], [347.903, 9.209190762318434e6], [409.458, 9.20926063597721e6], [452.974, 9.20919626776938e6], [462.469, 9.330210967767734e6], [516.534, 9.330211082789652e6], [583.952, 9.330288850064073e6], [661.072, 9.330382258317297e6], [749.912, 9.330425812492577e6], [969.329, 9.45136658386034e6], [997.738, 9.451465590567939e6], [1201.96, 9.572534593191436e6], [1379.307, 9.572635125306752e6], [1683.362, 9.572664041687943e6], [1709.331, 9.572665265530497e6], [1923.766, 9.572669270598609e6], [2123.524, 9.572745726434397e6], [2446.701, 9.572745726434397e6], [2746.483, 9.693793212425902e6], [2795.149, 9.693875487960733e6], [3117.31, 9.81491189049408e6], [3481.361, 9.81501205457273e6], [3600.048, 9.936109676912816e6]]"
y_pb,[[-0.0 1.0 -0.0 -0.0 -0.0 -0.0 -0.0 -0.0 -0.0 -0.0; -0.0 0.0 -0.0 -0.0 -0.0 -0.0 -0.0 -0.0 -0.0 -0.0; -0.0 -0.0 -0.0 -0.0 -0.0 21.0 21.0 -0.0 -0.0 -0.0; -0.0 -0.0 -0.0 -0.0 -0.0 -0.0 -0.0 0.0 -0.0 -0.0; -0.0 -0.0 -0.0 -0.0 -0.0 -0.0 -0.0 -0.0 41.0 -0.0; -0.0 -0.0 -0.0 -0.0 -0.0 -0.0 -0.0 -0.0 -0.0 46.0;;;]]
x_bb,"[1.0, -0.0, 42.0, 0.0, 41.0, 46.0]"
x_box,"[21.0, 0.0, 42.0, 0.0, 30.0, 37.0]"
evol_zeta,"[[2.541, 26.0], [2.574, 26.0], [2.612, 25.0], [2.659, 25.0], [3.209, 19.571428571428573], [3.709, 18.428571428571427], [4.856, 16.0], [7.506, 17.6], [8.897, 15.833333333333329], [10.373, 15.0], [13.767, 14.999999999999988], [15.422, 15.0], [18.739, 14.0], [22.218, 15.999999999999998], [25.036, 15.0], [28.911, 15.000000000000002], [36.001, 15.833333333333329], [39.971, 13.571428571428573], [42.446, 14.444444444444445], [47.715, 12.875], [53.176, 12.428571428571429], [60.143, 12.625], [66.598, 12.333333333333332], [73.99, 13.57142857142857], [81.009, 10.0], [89.5, 11.5], [102.18, 10.0], [122.405, 9.5], [137.19, 10.28571523659161], [162.755, 9.749999511004972], [182.236, 9.5], [205.896, 8.571427968537318], [268.243, 9.25], [309.131, 10.0], [347.917, 11.125], [409.471, 12.0], [452.996, 11.444444444444445], [462.476, 11.714285714285717], [516.579, 8.25], [583.963, 8.25], [661.091, 12.333333333333334], [749.937, 9.111111847096575], [969.349, 11.249999999999998], [997.76, 9.0], [1202.003, 9.0], [1379.325, 10.0], [1683.399, 10.0], [1709.372, 10.0], [1923.802, 10.0], [2123.547, 10.5], [2446.741, 8.999999999999972], [2746.525, 8.875], [2795.186, 8.75], [3117.328, 11.0], [3481.373, 8.000000000900002], [3600.067, 0.0]]"
ξ_box,[26.0 26.0 25.0 18.0; 10.0 10.0 10.0 2.0; 15.0 16.0 16.0 16.0; 13.0 9.0 25.0 25.0; 5.0 17.0 17.0 17.0; 16.0 21.0 21.0 21.0; 17.0 21.0 21.0 21.0; 24.0 32.0 10.0 29.0; 39.0 33.0 30.0 29.0; 46.0 26.0 37.0 33.0]
