first,second
s_box,[0.0; 0.0; 0.0; 0.0; 37.0; 7.0; 20.0; 0.0; 0.0; 31.0;;]
x_pb,"[24.0, 59.0, -0.0, 24.0, 63.0, -0.0]"
s_bb,[0.0; 0.0; 0.0; 0.0; 37.0; 7.0; 20.0; 0.0; 0.0; 31.0;;]
partition_bb,"[[[0.0, 11.0, 7.0, 2.0, 37.0, 31.0, 20.0, 17.0, 26.0, 0.0], [24.0, 13.0, 9.0, 4.0, 25.0, 19.0, 8.0, 19.0, 20.0, 31.0], [7.0, 13.0, 22.0, 24.0, 9.0, 14.0, 18.0, 29.0, 30.0, 4.0], [0.0, 0.0, 4.0, 9.0, 37.0, 31.0, 20.0, 31.0, 32.0, 6.0]]]"
y_box,[24.0 -0.0 -0.0 -0.0 -0.0 -0.0 -0.0 -0.0 -0.0 -0.0; -0.0 13.0 22.0 24.0 -0.0 -0.0 -0.0 -0.0 -0.0 -0.0; -0.0 -0.0 -0.0 -0.0 -0.0 -0.0 -0.0 -0.0 -0.0 -0.0; -0.0 -0.0 -0.0 -0.0 0.0 24.0 -0.0 -0.0 -0.0 -0.0; -0.0 -0.0 -0.0 -0.0 -0.0 -0.0 0.0 31.0 32.0 0.0; -0.0 -0.0 -0.0 -0.0 -0.0 -0.0 -0.0 -0.0 -0.0 -0.0;;;]
evol_bb,"[[0.228, 1.0905000396232435e7]]"
y_bb,[24.0 -0.0 -0.0 -0.0 -0.0 -0.0 -0.0 -0.0 -0.0 -0.0; -0.0 13.0 22.0 24.0 -0.0 -0.0 -0.0 -0.0 -0.0 -0.0; -0.0 -0.0 -0.0 -0.0 -0.0 -0.0 -0.0 -0.0 -0.0 -0.0; -0.0 -0.0 -0.0 -0.0 0.0 24.0 -0.0 -0.0 -0.0 -0.0; -0.0 -0.0 -0.0 -0.0 -0.0 -0.0 0.0 31.0 32.0 0.0; -0.0 -0.0 -0.0 -0.0 -0.0 -0.0 -0.0 -0.0 -0.0 -0.0;;;]
evol_box,"[[0.402, 0.0], [1.755, 2272.7247455589886], [1.819, 5.052320641724116e6], [1.823, 1.0445955217634168e7], [1.827, 1.0905000396232435e7]]"
y_pb,[[24.000000000000004 -0.0 -0.0 -0.0 -0.0 -0.0 -0.0 -0.0 -0.0 -0.0; -0.0 13.0 22.0 24.000000000000004 -0.0 -0.0 -0.0 -0.0 -0.0 -0.0; -0.0 -0.0 -0.0 0.0 -0.0 -0.0 -0.0 -0.0 -0.0 -0.0; -0.0 -0.0 -0.0 -0.0 -0.0 24.0 -0.0 -0.0 -0.0 -0.0; -0.0 -0.0 -0.0 -0.0 -0.0 -0.0 -0.0 31.0 32.0 -0.0; -0.0 -0.0 -0.0 -0.0 -0.0 -0.0 -0.0 -0.0 -0.0 0.0;;;]]
x_bb,"[24.0, 59.0, 0.0, 24.0, 63.0, 0.0]"
x_box,"[24.0, 59.0, 0.0, 24.0, 63.0, 0.0]"
evol_zeta,"[[1.434, 37.0], [1.818, 31.0], [1.822, 20.0], [1.826, 2.0], [1.829, 0.0]]"
ξ_box,[24.0; 13.0; 22.0; 24.0; 37.0; 31.0; 20.0; 31.0; 32.0; 31.0;;]
