first,second
s_box,[9.0; 15.0; 0.0; 0.0; 51.0; 0.0; 14.0; 0.0; 47.0; 50.0;;]
x_pb,"[-0.0, -0.0, 27.0, 48.0, 73.0, 44.0]"
s_bb,[9.0; 15.0; 0.0; 0.0; 51.0; 0.0; 14.0; 0.0; 47.0; 50.0;;]
partition_bb,"[[[0.0, 0.0, 20.0, 41.0, 51.0, 22.0, 21.0, 17.0, 13.0, 7.0], [0.0, 0.0, 0.0, 0.0, 6.0, 30.0, 33.0, 34.0, 44.0, 50.0], [9.0, 15.0, 17.0, 38.0, 48.0, 21.0, 18.0, 16.0, 10.0, 4.0], [0.0, 0.0, 0.0, 5.0, 15.0, 44.0, 41.0, 39.0, 27.0, 24.0], [9.0, 15.0, 27.0, 48.0, 38.0, 9.0, 8.0, 12.0, 16.0, 10.0], [0.0, 0.0, 0.0, 0.0, 10.0, 39.0, 40.0, 44.0, 31.0, 28.0], [0.0, 0.0, 0.0, 0.0, 9.0, 30.0, 33.0, 34.0, 47.0, 41.0], [0.0, 0.0, 0.0, 3.0, 13.0, 40.0, 43.0, 39.0, 29.0, 26.0]]]"
y_box,[0.0 0.0 -0.0 -0.0 -0.0 -0.0 -0.0 -0.0 -0.0 -0.0; -0.0 -0.0 -0.0 -0.0 -0.0 -0.0 -0.0 -0.0 -0.0 -0.0; -0.0 -0.0 27.0 -0.0 -0.0 -0.0 -0.0 -0.0 -0.0 -0.0; -0.0 -0.0 -0.0 48.0 0.0 -0.0 -0.0 -0.0 -0.0 -0.0; -0.0 -0.0 -0.0 -0.0 -0.0 44.0 29.0 -0.0 -0.0 -0.0; -0.0 -0.0 -0.0 -0.0 -0.0 -0.0 -0.0 44.0 0.0 0.0;;;]
evol_bb,"[[0.264, 2.308052551240907e7]]"
y_bb,[0.0 0.0 -0.0 -0.0 -0.0 -0.0 -0.0 -0.0 -0.0 -0.0; -0.0 -0.0 -0.0 -0.0 -0.0 -0.0 -0.0 -0.0 -0.0 -0.0; -0.0 -0.0 27.0 -0.0 -0.0 -0.0 -0.0 -0.0 -0.0 -0.0; -0.0 -0.0 -0.0 48.0 0.0 -0.0 -0.0 -0.0 -0.0 -0.0; -0.0 -0.0 -0.0 -0.0 -0.0 44.0 29.0 -0.0 -0.0 -0.0; -0.0 -0.0 -0.0 -0.0 -0.0 -0.0 -0.0 44.0 0.0 0.0;;;]
evol_box,"[[0.359, 0.0], [1.763, 1461.4866686600649], [1.833, 1.3774505607335633e7], [1.839, 1.7621059776982553e7], [1.845, 2.0971120766590517e7], [1.851, 2.1839690034390327e7], [1.857, 2.246010226977546e7], [1.861, 2.2832356215355624e7], [1.868, 2.308052551240907e7]]"
y_pb,[[0.0 -0.0 -0.0 -0.0 -0.0 -0.0 -0.0 -0.0 -0.0 -0.0; -0.0 -0.0 0.0 -0.0 -0.0 -0.0 -0.0 -0.0 -0.0 -0.0; -0.0 -0.0 27.0 -0.0 -0.0 -0.0 -0.0 -0.0 -0.0 -0.0; -0.0 -0.0 -0.0 48.00000000000001 -0.0 -0.0 -0.0 -0.0 -0.0 -0.0; -0.0 -0.0 -0.0 -0.0 -0.0 44.0 29.0 -0.0 -0.0 -0.0; -0.0 -0.0 -0.0 -0.0 -0.0 -0.0 -0.0 44.0 -0.0 -0.0;;;]]
x_bb,"[0.0, 0.0, 27.0, 48.0, 73.0, 44.0]"
x_box,"[0.0, 0.0, 27.0, 48.0, 73.0, 44.0]"
evol_zeta,"[[1.438, 51.0], [1.832, 42.16666666666667], [1.838, 15.0], [1.844, 13.571428571428577], [1.85, 7.0], [1.856, 5.0], [1.86, 2.6666666666666643], [1.866, 1.8571428571428612], [1.873, 0.0]]"
ξ_box,[9.0; 15.0; 27.0; 48.0; 51.0; 44.0; 43.0; 44.0; 47.0; 50.0;;]
