first,second
s_box,[35.0; 11.0; 14.0; 5.0; 24.0; 0.0; 0.0; 7.0; 0.0; 45.0;;]
x_pb,"[-0.0, -0.0, -0.0, -0.0, 66.0, 76.0]"
s_bb,[35.0; 11.0; 14.0; 5.0; 24.0; 0.0; 0.0; 7.0; 0.0; 45.0;;]
partition_bb,"[[[0.0, 0.0, 0.0, 0.0, 0.0, 14.0, 17.0, 32.0, 36.0, 45.0], [35.0, 11.0, 14.0, 5.0, 21.0, 0.0, 0.0, 13.0, 17.0, 26.0], [0.0, 0.0, 0.0, 5.0, 21.0, 32.0, 29.0, 11.0, 8.0, 1.0], [0.0, 0.0, 0.0, 0.0, 0.0, 20.0, 23.0, 41.0, 31.0, 28.0], [0.0, 0.0, 0.0, 0.0, 0.0, 18.0, 20.0, 32.0, 42.0, 33.0], [0.0, 0.0, 0.0, 5.0, 10.0, 31.0, 34.0, 16.0, 12.0, 6.0], [0.0, 11.0, 0.0, 5.0, 24.0, 31.0, 28.0, 10.0, 7.0, 0.0]]]"
y_box,[0.0 0.0 -0.0 -0.0 -0.0 -0.0 -0.0 -0.0 -0.0 -0.0; -0.0 -0.0 0.0 -0.0 -0.0 -0.0 -0.0 -0.0 -0.0 -0.0; -0.0 -0.0 -0.0 -0.0 -0.0 -0.0 -0.0 -0.0 -0.0 -0.0; -0.0 -0.0 -0.0 0.0 -0.0 -0.0 -0.0 -0.0 -0.0 -0.0; -0.0 -0.0 -0.0 -0.0 0.0 32.0 34.0 -0.0 -0.0 -0.0; -0.0 -0.0 -0.0 -0.0 -0.0 -0.0 -0.0 34.0 42.0 0.0;;;]
evol_bb,"[[0.304, 1.7256414142797124e7]]"
y_bb,[0.0 0.0 -0.0 -0.0 -0.0 -0.0 -0.0 -0.0 -0.0 -0.0; -0.0 -0.0 0.0 -0.0 -0.0 -0.0 -0.0 -0.0 -0.0 -0.0; -0.0 -0.0 -0.0 -0.0 -0.0 -0.0 -0.0 -0.0 -0.0 -0.0; -0.0 -0.0 -0.0 0.0 -0.0 -0.0 -0.0 -0.0 -0.0 -0.0; -0.0 -0.0 -0.0 -0.0 0.0 32.0 34.0 -0.0 -0.0 -0.0; -0.0 -0.0 -0.0 -0.0 -0.0 -0.0 -0.0 34.0 42.0 0.0;;;]
evol_box,"[[0.441, 0.0], [2.165, 245860.0285952591], [2.247, 1.0770587673527455e7], [2.251, 1.4441763190061033e7], [2.256, 1.5543168634657942e7], [2.262, 1.6277400085377418e7], [2.266, 1.7256414142797124e7]]"
y_pb,[[-0.0 0.0 -0.0 -0.0 -0.0 -0.0 -0.0 -0.0 -0.0 -0.0; -0.0 0.0 -0.0 -0.0 -0.0 -0.0 -0.0 -0.0 -0.0 -0.0; -0.0 -0.0 -0.0 0.0 -0.0 -0.0 -0.0 -0.0 -0.0 -0.0; -0.0 -0.0 -0.0 0.0 -0.0 -0.0 -0.0 -0.0 -0.0 -0.0; -0.0 -0.0 -0.0 -0.0 -0.0 32.0 34.0 -0.0 -0.0 -0.0; -0.0 -0.0 -0.0 -0.0 -0.0 -0.0 -0.0 34.0 42.0 -0.0;;;]]
x_bb,"[0.0, 0.0, 0.0, 0.0, 66.0, 76.0]"
x_box,"[0.0, 0.0, 0.0, 0.0, 66.0, 76.0]"
evol_zeta,"[[1.754, 44.6], [2.245, 35.0], [2.25, 18.0], [2.255, 8.799999999999997], [2.26, 5.399999999999999], [2.265, 5.0], [2.268, 0.0]]"
ξ_box,[35.0; 11.0; 14.0; 5.0; 24.0; 32.0; 34.0; 41.0; 42.0; 45.0;;]
