first,second
s_box,[-0.0 -0.0 5.999999215025322 8.0; -0.0 -0.0 -0.0 34.0; 52.0 36.0 11.0 40.0; 31.0 39.0 21.0 30.0; -0.0 -0.0 31.0 20.0; -0.0 16.0 35.0 -0.0; 25.0 -0.0 -0.0 -0.0; 25.0 -0.0 -0.0 -0.0; -0.0 -0.0 0.0 -0.0; -0.0 42.0 30.0 1.0]
x_pb,"[55.0, -0.0, -0.0, -0.0, -0.0, 122.0]"
s_bb,[23.0 -0.0 -0.0 -0.0; -0.0 -0.0 -0.0 -0.0; 52.0 -0.0 -0.0 -0.0; 48.0 -0.0 -0.0 -0.0; 41.0 -0.0 -0.0 -0.0; 37.0 -0.0 -0.0 -0.0; 0.0 -0.0 -0.0 -0.0; 0.0 -0.0 -0.0 -0.0; -0.0 32.0 -0.0 -0.0; 42.0 -0.0 -0.0 -0.0]
partition_bb,"[[[3.0, 8.0, 52.0, 42.0, 32.0, 28.0, 12.0, 4.0, 0.0, 0.0], [0.0, 0.0, 8.0, 0.0, 2.0, 6.0, 33.0, 41.0, 47.0, 40.0], [44.0, 34.0, 10.0, 0.0, 0.0, 0.0, 21.0, 30.0, 24.0, 17.0], [0.0, 0.0, 13.0, 23.0, 33.0, 37.0, 10.0, 14.0, 20.0, 27.0], [13.0, 23.0, 21.0, 31.0, 41.0, 37.0, 10.0, 2.0, 0.0, 0.0], [0.0, 0.0, 38.0, 48.0, 38.0, 34.0, 15.0, 7.0, 1.0, 0.0], [0.0, 0.0, 0.0, 1.0, 5.0, 7.0, 33.0, 42.0, 47.0, 42.0]], [[29.0, 19.0, 0.0, 0.0, 2.0, 0.0, 21.0, 29.0, 35.0, 42.0], [4.0, 14.0, 20.0, 10.0, 0.0, 2.0, 21.0, 29.0, 35.0, 42.0]], Vector{Float64}[], Vector{Float64}[]]"
y_box,[22.0 6.0 -0.0 -0.0 -0.0 37.0 -0.0 -0.0 -0.0 -0.0; -0.0 -0.0 -0.0 -0.0 -0.0 -0.0 -0.0 -0.0 -0.0 -0.0; -0.0 -0.0 -0.0 -0.0 -0.0 -0.0 -0.0 -0.0 -0.0 -0.0; -0.0 -0.0 -0.0 -0.0 -0.0 -0.0 -0.0 -0.0 -0.0 -0.0; -0.0 -0.0 -0.0 -0.0 -0.0 -0.0 -0.0 -0.0 -0.0 -0.0; -0.0 22.0 -0.0 14.0 37.0 -0.0 -0.0 -0.0 16.0 23.0;;; -0.0 -0.0 0.0 -0.0 32.0 -0.0 33.0 -0.0 0.0 -0.0; -0.0 -0.0 -0.0 -0.0 -0.0 -0.0 -0.0 -0.0 -0.0 -0.0; -0.0 -0.0 -0.0 -0.0 -0.0 -0.0 -0.0 -0.0 -0.0 -0.0; -0.0 -0.0 -0.0 -0.0 -0.0 -0.0 -0.0 -0.0 -0.0 -0.0; -0.0 -0.0 -0.0 -0.0 -0.0 -0.0 -0.0 -0.0 -0.0 -0.0; -0.0 -0.0 -0.0 -0.0 3.0 21.0 -0.0 41.0 47.0 0.0;;; 31.0 34.0 -0.0 -0.0 -0.0 -0.0 -0.0 -0.0 -0.0 -0.0; -0.0 -0.0 -0.0 -0.0 -0.0 -0.0 -0.0 -0.0 -0.0 -0.0; -0.0 -0.0 -0.0 -0.0 -0.0 -0.0 -0.0 -0.0 -0.0 -0.0; -0.0 -0.0 -0.0 -0.0 -0.0 -0.0 -0.0 -0.0 -0.0 -0.0; -0.0 -0.0 -0.0 -0.0 -0.0 -0.0 -0.0 -0.0 -0.0 -0.0; -0.0 -0.0 -0.0 -0.0 -0.0 -0.0 33.0 42.0 37.0 -0.0;;; 36.0 -0.0 -0.0 -0.0 -0.0 -0.0 29.0 -0.0 0.0 -0.0; -0.0 -0.0 -0.0 -0.0 -0.0 -0.0 -0.0 -0.0 -0.0 -0.0; -0.0 -0.0 0.0 -0.0 -0.0 -0.0 -0.0 -0.0 -0.0 -0.0; -0.0 -0.0 -0.0 -0.0 -0.0 -0.0 -0.0 -0.0 -0.0 -0.0; -0.0 -0.0 -0.0 -0.0 -0.0 -0.0 -0.0 -0.0 -0.0 -0.0; -0.0 -0.0 -0.0 -0.0 -0.0 18.0 -0.0 26.0 31.0 37.0]
evol_bb,"[[20.895, 2.631178631745611e7], [115.228, 2.6311786317456108e7]]"
y_bb,[21.0 34.0 -0.0 -0.0 -0.0 -0.0 -0.0 -0.0 -0.0 -0.0; -0.0 0.0 -0.0 -0.0 -0.0 -0.0 -0.0 -0.0 -0.0 -0.0; -0.0 0.0 -0.0 -0.0 -0.0 -0.0 -0.0 -0.0 -0.0 -0.0; -0.0 -0.0 0.0 0.0 -0.0 -0.0 -0.0 -0.0 -0.0 -0.0; -0.0 -0.0 -0.0 0.0 0.0 0.0 0.0 -0.0 -0.0 -0.0; -0.0 -0.0 -0.0 -0.0 -0.0 -0.0 33.0 42.0 47.0 -0.0;;; 0.0 -0.0 -0.0 -0.0 -0.0 -0.0 21.0 -0.0 -0.0 34.0; -0.0 -0.0 -0.0 -0.0 -0.0 -0.0 -0.0 -0.0 -0.0 0.0; -0.0 -0.0 -0.0 -0.0 -0.0 -0.0 0.0 -0.0 -0.0 -0.0; -0.0 -0.0 -0.0 -0.0 0.0 -0.0 -0.0 -0.0 -0.0 -0.0; -0.0 -0.0 -0.0 0.0 -0.0 -0.0 -0.0 -0.0 -0.0 -0.0; 29.0 19.0 20.0 10.0 2.0 2.0 -0.0 29.0 3.0 8.0;;; -0.0 -0.0 -0.0 -0.0 -0.0 -0.0 -0.0 -0.0 -0.0 -0.0; -0.0 -0.0 -0.0 -0.0 -0.0 -0.0 -0.0 -0.0 -0.0 -0.0; -0.0 -0.0 -0.0 -0.0 -0.0 -0.0 -0.0 -0.0 -0.0 -0.0; -0.0 -0.0 -0.0 -0.0 -0.0 -0.0 -0.0 -0.0 -0.0 -0.0; -0.0 -0.0 -0.0 -0.0 -0.0 -0.0 -0.0 -0.0 -0.0 -0.0; -0.0 -0.0 -0.0 -0.0 -0.0 -0.0 -0.0 -0.0 -0.0 -0.0;;; -0.0 -0.0 -0.0 -0.0 -0.0 -0.0 -0.0 -0.0 -0.0 -0.0; -0.0 -0.0 -0.0 -0.0 -0.0 -0.0 -0.0 -0.0 -0.0 -0.0; -0.0 -0.0 -0.0 -0.0 -0.0 -0.0 -0.0 -0.0 -0.0 -0.0; -0.0 -0.0 -0.0 -0.0 -0.0 -0.0 -0.0 -0.0 -0.0 -0.0; -0.0 -0.0 -0.0 -0.0 -0.0 -0.0 -0.0 -0.0 -0.0 -0.0; -0.0 -0.0 -0.0 -0.0 -0.0 -0.0 -0.0 -0.0 -0.0 -0.0]
evol_box,"[[0.425, 0.0], [2.081, 440626.08021174953], [2.181, 440626.08021174953], [2.217, 440626.08021148294], [2.306, 548028.8981772561], [2.508, 764505.3221248051], [2.948, 7.149999212318776e6], [3.73, 7.149999212318774e6], [4.434, 7.149999212318775e6], [5.527, 7.692673248148954e6], [7.427, 7.692673248148954e6], [10.961, 8.341299183274597e6], [12.859, 8.666391972504424e6], [15.774, 9.532297529044382e6], [20.781, 9.532297529044382e6], [23.234, 9.965137624438543e6], [29.054, 1.0397887005320096e7], [32.055, 1.0723844463789526e7], [35.879, 1.115586190072536e7], [42.502, 1.1480310328870215e7], [47.168, 1.1698013899818685e7], [52.334, 1.202164996519532e7], [63.46, 1.2022583095134115e7], [71.621, 1.2130116649440031e7], [78.643, 1.223864008935275e7], [84.947, 1.245464086826637e7], [89.979, 1.2563133216029814e7], [96.348, 1.2779563166838234e7], [125.378, 1.2888433774028184e7], [157.927, 1.2996773869982906e7], [241.416, 1.3212570757694576e7], [261.923, 1.3213328357573837e7], [278.128, 1.3213425531310227e7], [319.401, 1.3320889692094963e7], [332.508, 1.3429131950270975e7], [411.605, 1.3537230356484316e7], [429.999, 1.3537230356484316e7], [444.94, 1.3537230356484316e7], [468.705, 1.375400864686392e7], [494.11, 1.3754664747569835e7], [643.272, 1.3754664747569835e7], [682.32, 1.3862014684985723e7], [748.729, 1.3862098914782358e7], [943.086, 1.3862453157374946e7], [1131.013, 1.3862882050504606e7], [1278.87, 1.3970680845247915e7], [1520.689, 1.3971162363324763e7], [1551.889, 1.4186784049415085e7], [1591.138, 1.4186876967614302e7], [1646.535, 1.4187220103617856e7], [1745.519, 1.4295918127740514e7], [2408.18, 1.4295917845791785e7], [3390.484, 1.4403327786580957e7], [3464.682, 1.4403656485711424e7], [3600.034, 1.4511568702715553e7]]"
y_pb,[[21.0 34.0 -0.0 -0.0 -0.0 -0.0 -0.0 -0.0 -0.0 -0.0; -0.0 0.0 -0.0 -0.0 -0.0 -0.0 -0.0 -0.0 -0.0 -0.0; -0.0 0.0 -0.0 -0.0 -0.0 -0.0 -0.0 -0.0 -0.0 -0.0; -0.0 0.0 -0.0 -0.0 -0.0 -0.0 -0.0 -0.0 -0.0 -0.0; -0.0 -0.0 -0.0 -0.0 -0.0 -0.0 0.0 -0.0 -0.0 -0.0; -0.0 -0.0 -0.0 -0.0 -0.0 -0.0 33.0 42.0 47.0 -0.0;;;]]
x_bb,"[55.0, -0.0, -0.0, -0.0, -0.0, 122.0]"
x_box,"[65.0, 0.0, 0.0, -0.0, -0.0, 112.0]"
evol_zeta,"[[2.161, 47.0], [2.194, 41.0], [2.234, 39.166666666666664], [2.325, 37.99999999999999], [2.528, 31.5], [2.968, 26.200000000000003], [3.742, 22.555555555555557], [4.452, 22.0], [5.547, 22.5], [7.445, 19.099999999999994], [10.975, 20.29999978868118], [12.88, 18.6], [15.792, 19.0], [20.803, 18.333333333333332], [23.254, 17.0], [29.078, 17.0], [32.081, 17.0], [35.913, 16.700000000000003], [42.516, 18.875], [47.201, 17.0], [52.36, 15.0], [63.484, 18.874999999999957], [71.647, 16.1], [78.67, 15.625], [84.97, 15.875], [90.0, 16.142857142857142], [96.371, 14.299999999999999], [125.396, 18.5], [157.953, 15.333335414627143], [241.441, 13.499999999999995], [261.968, 12.5], [278.166, 11.666666666666668], [319.431, 11.5], [332.528, 13.0], [411.627, 12.99999999999999], [430.02, 13.374999999999988], [444.973, 12.124999999999957], [468.726, 13.444444444444443], [494.131, 14.799999999999999], [643.29, 13.799999999999997], [682.345, 15.555555555555529], [748.783, 10.571428571428577], [943.125, 10.777777777777779], [1131.033, 15.0], [1278.913, 10.625], [1520.721, 10.625], [1551.928, 12.249999999999991], [1591.181, 9.42857142857143], [1646.562, 9.250000000000005], [1745.578, 9.9], [2408.212, 10.799999999999995], [3390.515, 10.899999999999999], [3464.734, 10.0], [3600.049, 0.0]]"
ξ_box,[22.0 -0.0 36.99999922002532 44.0; 28.0 0.0 34.0 34.0; 52.0 36.0 11.0 40.0; 45.0 38.0 21.0 30.0; 37.0 35.0 31.0 20.0; 37.0 37.0 35.0 18.0; 24.0 33.0 33.0 29.0; 15.0 41.0 42.0 26.0; 16.0 47.0 37.0 31.0; 23.0 42.0 30.0 38.0]
