first,second
s_box,[0.0 0.0 0.0 0.0 0.0; 0.0 0.0 38.0 26.0 0.0; 0.0 0.0 0.0 0.0 21.0; 46.0 9.0 36.0 33.0 0.0; 29.0 0.0 0.0 27.0 0.0; 0.0 31.0 15.0 0.0 0.0; 0.0 22.0 22.0 0.0 0.0; 7.0 49.0 0.0 0.0 0.0; 13.0 0.0 0.0 25.0 43.0; 17.0 0.0 0.0 0.0 47.0]
x_pb,"[-0.0, 159.0, -0.0, -0.0, -0.0, 55.0]"
s_bb,[13.0 -0.0 -0.0 -0.0 -0.0; 0.0 -0.0 -0.0 -0.0 -0.0; 0.0 -0.0 -0.0 -0.0 -0.0; 50.0 -0.0 -0.0 -0.0 -0.0; 49.0 -0.0 -0.0 -0.0 -0.0; 0.0 -0.0 -0.0 -0.0 -0.0; 0.0 -0.0 -0.0 -0.0 -0.0; 52.0 -0.0 -0.0 -0.0 -0.0; 57.0 -0.0 -0.0 -0.0 -0.0; 59.0 -0.0 -0.0 -0.0 -0.0]
partition_bb,"[[[68.0, 43.0, 40.0, 37.0, 25.0, 5.0, 0.0, 0.0, 0.0, 0.0], [0.0, 0.0, 0.0, 1.0, 17.0, 18.0, 19.0, 49.0, 55.0, 59.0], [6.0, 23.0, 28.0, 33.0, 49.0, 29.0, 18.0, 16.0, 10.0, 7.0], [19.0, 40.0, 45.0, 50.0, 34.0, 18.0, 7.0, 2.0, 0.0, 0.0], [28.0, 53.0, 48.0, 43.0, 27.0, 15.0, 4.0, 0.0, 0.0, 0.0], [0.0, 0.0, 0.0, 1.0, 13.0, 33.0, 22.0, 45.0, 52.0, 48.0], [0.0, 0.0, 0.0, 4.0, 19.0, 30.0, 22.0, 52.0, 45.0, 42.0], [23.0, 46.0, 51.0, 46.0, 30.0, 16.0, 5.0, 0.0, 0.0, 0.0], [0.0, 0.0, 0.0, 2.0, 18.0, 19.0, 20.0, 50.0, 57.0, 53.0]], Vector{Float64}[], Vector{Float64}[], Vector{Float64}[], Vector{Float64}[]]"
y_box,[0.0 0.0 0.0 0.0 0.0 0.0 0.0 0.0 0.0 0.0; 68.0 43.0 43.0 0.0 0.0 0.0 0.0 0.0 0.0 0.0; 0.0 0.0 0.0 0.0 0.0 0.0 0.0 0.0 0.0 0.0; 0.0 0.0 0.0 0.0 5.0 0.0 0.0 0.0 0.0 0.0; 0.0 0.0 0.0 0.0 0.0 0.0 0.0 0.0 0.0 0.0; 0.0 0.0 0.0 0.0 0.0 33.0 22.0 0.0 0.0 0.0;;; 0.0 0.0 0.0 0.0 0.0 0.0 0.0 0.0 0.0 0.0; 44.0 19.0 16.0 4.0 16.0 0.0 0.0 0.0 55.0 0.0; 0.0 0.0 0.0 0.0 0.0 0.0 0.0 0.0 0.0 0.0; 0.0 0.0 0.0 0.0 1.0 0.0 0.0 0.0 0.0 4.0; 0.0 0.0 0.0 0.0 0.0 0.0 0.0 0.0 0.0 0.0; 0.0 0.0 0.0 0.0 0.0 0.0 0.0 0.0 0.0 55.0;;; 0.0 0.0 0.0 0.0 0.0 0.0 0.0 0.0 0.0 0.0; 13.0 0.0 35.0 0.0 40.0 0.0 0.0 0.0 35.0 31.0; 0.0 0.0 0.0 0.0 0.0 0.0 0.0 0.0 0.0 0.0; 0.0 0.0 0.0 0.0 0.0 5.0 0.0 0.0 0.0 0.0; 0.0 0.0 0.0 0.0 0.0 0.0 0.0 0.0 0.0 0.0; 0.0 0.0 0.0 0.0 6.0 13.0 0.0 36.0 0.0 0.0;;; 0.0 0.0 0.0 0.0 0.0 0.0 0.0 0.0 0.0 0.0; 57.0 9.0 37.0 0.0 0.0 29.0 22.0 0.0 0.0 0.0; 0.0 0.0 0.0 0.0 0.0 0.0 0.0 0.0 0.0 0.0; 0.0 0.0 0.0 0.0 0.0 4.0 0.0 1.0 0.0 0.0; 0.0 0.0 0.0 0.0 0.0 0.0 0.0 0.0 0.0 0.0; 0.0 0.0 0.0 0.0 0.0 0.0 0.0 31.0 0.0 24.0;;; 0.0 0.0 0.0 0.0 0.0 0.0 0.0 0.0 0.0 0.0; 36.0 35.0 10.0 31.0 36.0 6.0 0.0 0.0 0.0 0.0; 0.0 0.0 0.0 0.0 0.0 0.0 0.0 0.0 0.0 0.0; 0.0 0.0 0.0 0.0 0.0 5.0 0.0 0.0 0.0 0.0; 0.0 0.0 0.0 0.0 0.0 0.0 0.0 0.0 0.0 0.0; 0.0 0.0 0.0 0.0 0.0 5.0 10.0 40.0 0.0 0.0]
evol_bb,"[[194.124, 3.366259469408381e7]]"
y_bb,[-0.0 -0.0 -0.0 -0.0 -0.0 -0.0 -0.0 -0.0 -0.0 -0.0; 55.0 53.0 51.0 0.0 -0.0 -0.0 -0.0 -0.0 -0.0 -0.0; -0.0 -0.0 -0.0 -0.0 -0.0 -0.0 -0.0 -0.0 -0.0 -0.0; -0.0 -0.0 -0.0 -0.0 0.0 -0.0 -0.0 -0.0 -0.0 -0.0; -0.0 -0.0 -0.0 -0.0 -0.0 -0.0 -0.0 -0.0 -0.0 -0.0; -0.0 -0.0 -0.0 -0.0 -0.0 33.0 22.0 0.0 0.0 0.0;;; -0.0 -0.0 -0.0 -0.0 -0.0 -0.0 -0.0 -0.0 -0.0 -0.0; -0.0 -0.0 -0.0 -0.0 -0.0 -0.0 -0.0 -0.0 -0.0 -0.0; -0.0 -0.0 -0.0 -0.0 -0.0 -0.0 -0.0 -0.0 -0.0 -0.0; -0.0 -0.0 -0.0 -0.0 -0.0 -0.0 -0.0 -0.0 -0.0 -0.0; -0.0 -0.0 -0.0 -0.0 -0.0 -0.0 -0.0 -0.0 -0.0 -0.0; -0.0 -0.0 -0.0 -0.0 -0.0 -0.0 -0.0 -0.0 -0.0 -0.0;;; -0.0 -0.0 -0.0 -0.0 -0.0 -0.0 -0.0 -0.0 -0.0 -0.0; -0.0 -0.0 -0.0 -0.0 -0.0 -0.0 -0.0 -0.0 -0.0 -0.0; -0.0 -0.0 -0.0 -0.0 -0.0 -0.0 -0.0 -0.0 -0.0 -0.0; -0.0 -0.0 -0.0 -0.0 -0.0 -0.0 -0.0 -0.0 -0.0 -0.0; -0.0 -0.0 -0.0 -0.0 -0.0 -0.0 -0.0 -0.0 -0.0 -0.0; -0.0 -0.0 -0.0 -0.0 -0.0 -0.0 -0.0 -0.0 -0.0 -0.0;;; -0.0 -0.0 -0.0 -0.0 -0.0 -0.0 -0.0 -0.0 -0.0 -0.0; -0.0 -0.0 -0.0 -0.0 -0.0 -0.0 -0.0 -0.0 -0.0 -0.0; -0.0 -0.0 -0.0 -0.0 -0.0 -0.0 -0.0 -0.0 -0.0 -0.0; -0.0 -0.0 -0.0 -0.0 -0.0 -0.0 -0.0 -0.0 -0.0 -0.0; -0.0 -0.0 -0.0 -0.0 -0.0 -0.0 -0.0 -0.0 -0.0 -0.0; -0.0 -0.0 -0.0 -0.0 -0.0 -0.0 -0.0 -0.0 -0.0 -0.0;;; -0.0 -0.0 -0.0 -0.0 -0.0 -0.0 -0.0 -0.0 -0.0 -0.0; -0.0 -0.0 -0.0 -0.0 -0.0 -0.0 -0.0 -0.0 -0.0 -0.0; -0.0 -0.0 -0.0 -0.0 -0.0 -0.0 -0.0 -0.0 -0.0 -0.0; -0.0 -0.0 -0.0 -0.0 -0.0 -0.0 -0.0 -0.0 -0.0 -0.0; -0.0 -0.0 -0.0 -0.0 -0.0 -0.0 -0.0 -0.0 -0.0 -0.0; -0.0 -0.0 -0.0 -0.0 -0.0 -0.0 -0.0 -0.0 -0.0 -0.0]
evol_box,"[[0.393, 0.0], [1.944, 485959.93913374556], [2.065, 490292.4762131574], [2.262, 607459.370444888], [2.479, 847452.9399403913], [2.927, 847452.9399403913], [3.933, 3.25014911251687e6], [7.429, 7.2168959523453005e6], [10.938, 7.216895952345323e6], [14.903, 7.216895952345323e6], [17.978, 7.216895952345323e6], [21.741, 7.216895952345323e6], [24.816, 8.179295814988272e6], [28.868, 8.54011299013089e6], [34.929, 9.50182456763786e6], [39.045, 9.622106796838917e6], [45.017, 9.742240873241197e6], [50.525, 9.742240873241287e6], [56.485, 1.0462770727937121e7], [64.281, 1.0583394579614589e7], [73.0, 1.1063671733796077e7], [82.247, 1.1304151281204233e7], [94.105, 1.1544553616542164e7], [118.916, 1.1545242241925266e7], [132.51, 1.2145533939066488e7], [229.074, 1.2266431935249124e7], [270.776, 1.2266431935249124e7], [304.631, 1.2385846522818984e7], [343.135, 1.2386001798218308e7], [393.214, 1.2385846522818984e7], [503.536, 1.2506688251277357e7], [546.177, 1.2626704705250854e7], [590.907, 1.286727604024657e7], [688.521, 1.2746892320137277e7], [928.912, 1.2987273927860182e7], [1177.802, 1.3107791043634105e7], [3600.035, 1.3467719898034401e7]]"
y_pb,[[0.0 -0.0 -0.0 -0.0 -0.0 -0.0 -0.0 -0.0 -0.0 -0.0; 55.0 53.00000000000001 51.0 -0.0 -0.0 -0.0 -0.0 -0.0 -0.0 -0.0; -0.0 -0.0 -0.0 0.0 -0.0 -0.0 -0.0 -0.0 -0.0 -0.0; -0.0 -0.0 -0.0 -0.0 -0.0 0.0 -0.0 -0.0 -0.0 -0.0; -0.0 -0.0 -0.0 -0.0 -0.0 0.0 -0.0 -0.0 -0.0 -0.0; -0.0 -0.0 -0.0 -0.0 -0.0 33.0 22.0 -0.0 -0.0 -0.0;;;]]
x_bb,"[0.0, 159.0, 0.0, 0.0, 0.0, 55.0]"
x_box,"[0.0, 154.0, 0.0, 5.0, 0.0, 55.0]"
evol_zeta,"[[1.596, 67.33333333333334], [2.022, 58.42857142857143], [2.078, 43.5], [2.282, 33.3], [2.517, 28.0], [2.973, 28.0], [3.975, 27.111111111111118], [7.481, 24.571428571428577], [10.989, 22.900000000000006], [14.945, 24.0], [18.033, 21.111111111111114], [21.791, 19.88888888888888], [24.864, 18.111114054602943], [28.916, 18.90000000199001], [34.981, 19.4], [39.1, 17.0], [45.081, 19.285714285714285], [50.569, 17.599999999999994], [56.533, 17.200000000000003], [64.344, 17.0], [73.029, 17.0], [82.296, 19.25000000000001], [94.156, 16.599999999999994], [118.962, 16.55555555555555], [132.571, 15.874999999999986], [229.139, 14.88888889047778], [270.817, 16.0], [304.705, 13.555555555555557], [343.18, 14.799999999999997], [393.266, 13.111111111111114], [503.564, 13.0], [546.218, 16.714285714285715], [590.959, 15.777777777777779], [688.577, 14.800000513609167], [928.974, 12.200000001320007], [1177.845, 14.799999999999999], [3600.05, 0.0]]"
ξ_box,[68.0 44.0 12.999999999999998 57.000000000000014 34.0; 43.0 19.0 38.0 35.0 35.0; 43.0 16.0 35.0 37.0 31.0; 46.0 13.0 36.0 33.0 31.0; 34.0 17.0 46.0 27.0 36.0; 33.0 28.0 33.0 33.0 16.0; 22.0 22.0 22.0 22.0 10.0; 7.0 49.0 36.0 32.0 40.0; 13.0 55.0 35.0 25.0 43.0; 17.0 59.0 31.0 24.0 47.0]
