first,second
s_box,[17.0 17.0 25.0 13.000007484825101 18.0; -0.0 10.0 16.0 7.0 9.0; -0.0 8.0 21.0 9.000002991430044 -0.0; -0.0 -0.0 -0.0 12.0 -0.0; -0.0 -0.0 -0.0 -0.0 -0.0; -0.0 -0.0 -0.0 -0.0 39.0; 25.0 -0.0 -0.0 -0.0 -0.0; 24.0 22.0 4.99999888694411 26.0 -0.0; -0.0 10.0 -0.0 -0.0 -0.0; -0.0 -0.0 -0.0 -0.0 -0.0]
x_pb,"[-0.0, -0.0, -0.0, 36.0, 104.0, 40.0]"
s_bb,[25.0 -0.0 -0.0 -0.0 -0.0; 16.0 16.0 -0.0 -0.0 -0.0; 21.0 -0.0 -0.0 -0.0 -0.0; 29.0 -0.0 -0.0 -0.0 -0.0; 0.0 36.0 -0.0 -0.0 -0.0; -0.0 -0.0 -0.0 -0.0 -0.0; 0.0 43.0 -0.0 -0.0 -0.0; 44.0 17.0 -0.0 -0.0 -0.0; -0.0 21.0 -0.0 -0.0 -0.0; -0.0 -0.0 -0.0 -0.0 -0.0]
partition_bb,"[[[0.0, 0.0, 0.0, 13.0, 34.0, 39.0, 40.0, 44.0, 6.0, 6.0], [25.0, 16.0, 16.0, 37.0, 16.0, 21.0, 23.0, 26.0, 0.0, 0.0], [0.0, 0.0, 0.0, 15.0, 26.0, 31.0, 32.0, 36.0, 21.0, 19.0], [0.0, 9.0, 9.0, 49.0, 28.0, 28.0, 29.0, 33.0, 0.0, 0.0], [12.0, 16.0, 21.0, 14.0, 33.0, 28.0, 30.0, 26.0, 0.0, 0.0], [0.0, 0.0, 0.0, 16.0, 36.0, 41.0, 43.0, 42.0, 4.0, 4.0]], [[3.0, 12.0, 12.0, 52.0, 31.0, 26.0, 25.0, 21.0, 3.0, 3.0], [25.0, 16.0, 21.0, 15.0, 11.0, 16.0, 18.0, 21.0, 21.0, 19.0], [0.0, 0.0, 0.0, 16.0, 36.0, 41.0, 43.0, 39.0, 3.0, 3.0]], Vector{Float64}[], Vector{Float64}[], Vector{Float64}[]]"
y_box,[-0.0 -0.0 -0.0 -0.0 -0.0 -0.0 -0.0 -0.0 -0.0 -0.0; -0.0 -0.0 -0.0 -0.0 -0.0 -0.0 -0.0 -0.0 -0.0 -0.0; -0.0 -0.0 -0.0 -0.0 -0.0 -0.0 -0.0 -0.0 -0.0 -0.0; 5.0 13.0 13.0 -0.0 22.0 -0.0 -0.0 -0.0 14.0 -0.0; -0.0 -0.0 -0.0 52.0 9.0 26.0 -0.0 -0.0 -0.0 -0.0; -0.0 -0.0 -0.0 -0.0 -0.0 -0.0 -0.0 -0.0 7.0 19.0;;; -0.0 -0.0 -0.0 -0.0 -0.0 -0.0 -0.0 -0.0 -0.0 -0.0; -0.0 -0.0 -0.0 -0.0 -0.0 -0.0 -0.0 -0.0 -0.0 -0.0; -0.0 -0.0 -0.0 -0.0 -0.0 -0.0 -0.0 -0.0 -0.0 -0.0; -0.0 -0.0 -0.0 30.0 36.0 1.0 0.0 -0.0 -0.0 -0.0; -0.0 -0.0 -0.0 -0.0 0.0 33.0 35.0 17.0 2.0 -0.0; -0.0 -0.0 -0.0 -0.0 -0.0 -0.0 -0.0 -0.0 8.0 18.0;;; -0.0 -0.0 -0.0 -0.0 -0.0 -0.0 -0.0 -0.0 -0.0 -0.0; -0.0 -0.0 -0.0 -0.0 -0.0 -0.0 -0.0 -0.0 -0.0 -0.0; -0.0 -0.0 -0.0 -0.0 -0.0 -0.0 -0.0 -0.0 -0.0 -0.0; -0.0 -0.0 0.0 43.0 24.0 -0.0 -0.0 -0.0 -0.0 -0.0; 0.0 -0.0 -0.0 0.0 -0.0 29.0 31.0 27.000000424728128 -0.0 -0.0; -0.0 -0.0 -0.0 -0.0 -0.0 -0.0 -0.0 -0.0 14.0 12.0;;; -0.0 -0.0 -0.0 -0.0 -0.0 -0.0 -0.0 -0.0 -0.0 -0.0; -0.0 -0.0 -0.0 -0.0 -0.0 -0.0 -0.0 -0.0 -0.0 -0.0; -0.0 -0.0 -0.0 -0.0 -0.0 -0.0 -0.0 -0.0 -0.0 -0.0; -0.0 -0.0 -0.0 35.0 32.0 -0.0 0.0 -0.0 -0.0 -0.0; -0.0 -0.0 -0.0 -0.0 -0.0 37.0 37.0 13.0 -0.0 -0.0; -0.0 -0.0 -0.0 -0.0 -0.0 -0.0 -0.0 2.0 11.0 13.0;;; -0.0 -0.0 -0.0 -0.0 -0.0 -0.0 -0.0 -0.0 -0.0 -0.0; -0.0 -0.0 -0.0 -0.0 -0.0 -0.0 -0.0 -0.0 -0.0 -0.0; -0.0 -0.0 -0.0 -0.0 -0.0 -0.0 -0.0 -0.0 -0.0 -0.0; -0.0 7.0 16.0 18.0 -0.0 -0.0 14.0 -0.0 6.0 6.0; -0.0 -0.0 7.0 -0.0 36.0 -0.0 -0.0 44.0 -0.0 -0.0; -0.0 -0.0 -0.0 -0.0 -0.0 -0.0 26.0 -0.0 -0.0 -0.0]
evol_bb,"[[0.418, 1.5084181670024265e7], [199.08, 1.5084181670024263e7], [636.664, 1.4756302118969308e7]]"
y_bb,[0.0 -0.0 -0.0 -0.0 -0.0 -0.0 -0.0 -0.0 -0.0 -0.0; 0.0 0.0 0.0 -0.0 -0.0 -0.0 -0.0 -0.0 -0.0 -0.0; -0.0 -0.0 -0.0 -0.0 -0.0 -0.0 -0.0 -0.0 -0.0 -0.0; -0.0 -0.0 -0.0 20.0 36.0 -0.0 -0.0 -0.0 -0.0 -0.0; -0.0 -0.0 -0.0 -0.0 -0.0 41.0 43.0 0.0 -0.0 -0.0; -0.0 -0.0 -0.0 -0.0 -0.0 -0.0 -0.0 -0.0 21.0 19.0;;; -0.0 -0.0 0.0 -0.0 -0.0 -0.0 0.0 -0.0 -0.0 -0.0; -0.0 -0.0 -0.0 -0.0 -0.0 -0.0 0.0 -0.0 -0.0 0.0; -0.0 0.0 0.0 -0.0 -0.0 -0.0 -0.0 -0.0 -0.0 -0.0; -0.0 -0.0 21.0 35.0 -0.0 -0.0 -0.0 -0.0 -0.0 -0.0; 25.0 -0.0 -0.0 17.0 0.0 1.0 -0.0 22.0 0.0 19.0; -0.0 -0.0 -0.0 -0.0 -0.0 40.0 -0.0 -0.0 -0.0 -0.0;;; -0.0 -0.0 -0.0 -0.0 -0.0 -0.0 -0.0 -0.0 -0.0 -0.0; -0.0 -0.0 -0.0 -0.0 -0.0 -0.0 -0.0 -0.0 -0.0 -0.0; -0.0 -0.0 -0.0 -0.0 -0.0 -0.0 -0.0 -0.0 -0.0 -0.0; -0.0 -0.0 -0.0 -0.0 -0.0 -0.0 -0.0 -0.0 -0.0 -0.0; -0.0 -0.0 -0.0 -0.0 -0.0 -0.0 -0.0 -0.0 -0.0 -0.0; -0.0 -0.0 -0.0 -0.0 -0.0 -0.0 -0.0 -0.0 -0.0 -0.0;;; -0.0 -0.0 -0.0 -0.0 -0.0 -0.0 -0.0 -0.0 -0.0 -0.0; -0.0 -0.0 -0.0 -0.0 -0.0 -0.0 -0.0 -0.0 -0.0 -0.0; -0.0 -0.0 -0.0 -0.0 -0.0 -0.0 -0.0 -0.0 -0.0 -0.0; -0.0 -0.0 -0.0 -0.0 -0.0 -0.0 -0.0 -0.0 -0.0 -0.0; -0.0 -0.0 -0.0 -0.0 -0.0 -0.0 -0.0 -0.0 -0.0 -0.0; -0.0 -0.0 -0.0 -0.0 -0.0 -0.0 -0.0 -0.0 -0.0 -0.0;;; -0.0 -0.0 -0.0 -0.0 -0.0 -0.0 -0.0 -0.0 -0.0 -0.0; -0.0 -0.0 -0.0 -0.0 -0.0 -0.0 -0.0 -0.0 -0.0 -0.0; -0.0 -0.0 -0.0 -0.0 -0.0 -0.0 -0.0 -0.0 -0.0 -0.0; -0.0 -0.0 -0.0 -0.0 -0.0 -0.0 -0.0 -0.0 -0.0 -0.0; -0.0 -0.0 -0.0 -0.0 -0.0 -0.0 -0.0 -0.0 -0.0 -0.0; -0.0 -0.0 -0.0 -0.0 -0.0 -0.0 -0.0 -0.0 -0.0 -0.0]
evol_box,"[[0.402, 0.0], [1.94, 876574.1122099156], [2.038, 876783.085657707], [2.072, 876574.1122099156], [2.115, 876574.1122099156], [2.214, 876574.1122099155], [2.422, 876574.1122099156], [4.084, 1.2045691627696017e6], [5.93, 2.4063549963003923e6], [9.081, 4.155103282850039e6], [10.845, 4.264642503085292e6], [14.073, 4.264642503085293e6], [16.571, 4.264642503085293e6], [19.92, 4.810898889864374e6], [23.14, 5.029292396532752e6], [26.622, 5.247825745332917e6], [30.219, 5.247830648763961e6], [33.781, 5.466664426082413e6], [38.324, 5.794438412032075e6], [43.844, 5.794438333008343e6], [50.77, 5.794438412032073e6], [58.446, 5.794715932970613e6], [74.216, 6.012950909902684e6], [89.657, 6.231528550275673e6], [119.376, 6.340992529952403e6], [153.227, 6.55946252072048e6], [202.815, 6.559562874131139e6], [248.331, 6.7785838546736045e6], [311.474, 6.887258540284949e6], [391.311, 6.887258540284949e6], [556.295, 6.996589959389886e6], [794.867, 6.996908582794945e6], [1061.048, 7.105959896332491e6], [1349.129, 7.215107955093701e6], [1812.203, 7.21513353713404e6], [3600.03, 7.324545016389933e6]]"
y_pb,[[-0.0 0.0 -0.0 -0.0 -0.0 -0.0 -0.0 -0.0 -0.0 -0.0; -0.0 0.0 -0.0 -0.0 -0.0 -0.0 -0.0 -0.0 -0.0 -0.0; -0.0 -0.0 -0.0 0.0 -0.0 -0.0 -0.0 -0.0 -0.0 -0.0; -0.0 -0.0 -0.0 -0.0 36.0 -0.0 -0.0 -0.0 -0.0 -0.0; -0.0 -0.0 -0.0 -0.0 -0.0 41.0 43.00000000000001 20.0 -0.0 -0.0; -0.0 -0.0 -0.0 -0.0 -0.0 -0.0 -0.0 -0.0 21.0 19.0;;;]]
x_bb,"[0.0, -0.0, 0.0, 56.0, 84.0, 40.0]"
x_box,"[-0.0, -0.0, -0.0, 67.0, 87.0, 26.0]"
evol_zeta,"[[1.6, 51.2], [2.014, 22.714285714285715], [2.042, 22.0], [2.077, 22.0], [2.134, 19.142857142857142], [2.248, 19.0], [2.444, 19.0], [4.118, 18.0], [5.995, 17.39999999999999], [9.099, 16.4], [10.877, 15.0], [14.097, 16.857142857142858], [16.588, 13.142857142857146], [19.942, 13.0], [23.149, 17.900000000000006], [26.636, 13.399999999999999], [30.292, 12.0], [33.813, 12.375], [38.352, 11.5], [43.864, 10.999999479473084], [50.805, 10.600000000000001], [58.477, 9.699999999999996], [74.28, 10.571431135916875], [89.687, 9.0], [119.407, 9.625], [153.256, 9.899999999999999], [202.84, 9.0], [248.365, 9.285714285714286], [311.524, 9.399999999999942], [391.379, 9.000000000000007], [556.31, 8.5], [794.896, 8.2], [1061.08, 7.999999999999999], [1349.148, 11.0], [1812.242, 7.875], [3600.047, 0.0]]"
ξ_box,[22.0 17.0 25.0 13.0000074860751 18.0; 13.0 10.0 16.0 7.0 16.0; 13.0 8.0 21.0 9.000002996430045 21.0; 52.0 30.0 43.0 47.0 18.0; 31.0 36.0 24.0 32.0 36.0; 26.0 34.0 29.0 37.0 39.0; 25.0 35.0 31.0 37.0 40.0; 21.0 39.0 31.999998501784983 41.0 44.0; 21.0 20.0 14.0 11.0 6.0; 19.0 18.0 12.0 13.0 6.0]
