first,second
s_box,[0.0 0.0 0.0 0.0 0.0; 0.0 0.0 23.0 0.0 0.0; 0.0 0.0 2.0 0.0 0.0; 13.0 19.0 0.0 16.0 23.0; 0.0 14.0 0.0 14.0 14.0; 0.0 20.0 0.0 8.0 24.0; 0.0 8.0 21.0 0.0 6.0; 0.0 0.0 20.0 28.0 0.0; 0.0 6.0 0.0 0.0 0.0; 53.0 0.0 0.0 0.0 0.0]
x_pb,"[52.0, -0.0, 2.0, 8.0, -0.0, 116.0]"
s_bb,[-0.0 -0.0 -0.0 -0.0 -0.0; -0.0 -0.0 -0.0 -0.0 -0.0; -0.0 -0.0 -0.0 -0.0 -0.0; 23.0 -0.0 -0.0 -0.0 -0.0; 14.0 -0.0 -0.0 -0.0 -0.0; 24.0 -0.0 13.0 -0.0 -0.0; 39.0 -0.0 -0.0 -0.0 -0.0; 30.0 -0.0 28.0 -0.0 -0.0; -0.0 -0.0 -0.0 -0.0 -0.0; -0.0 5.0 18.0 -0.0 -0.0]
partition_bb,"[[[28.0, 24.0, 2.0, 23.0, 14.0, 24.0, 9.0, 9.0, 13.0, 32.0], [26.0, 21.0, 0.0, 0.0, 0.0, 6.0, 21.0, 21.0, 39.0, 48.0], [0.0, 0.0, 0.0, 18.0, 14.0, 24.0, 39.0, 39.0, 21.0, 2.0], [0.0, 0.0, 0.0, 14.0, 0.0, 10.0, 25.0, 25.0, 43.0, 62.0], [0.0, 0.0, 0.0, 3.0, 11.0, 18.0, 33.0, 33.0, 51.0, 32.0], [2.0, 0.0, 0.0, 0.0, 2.0, 12.0, 27.0, 27.0, 45.0, 64.0]], [[0.0, 0.0, 0.0, 0.0, 3.0, 13.0, 28.0, 28.0, 46.0, 65.0]], [[28.0, 23.0, 2.0, 0.0, 0.0, 8.0, 23.0, 23.0, 41.0, 22.0], [0.0, 0.0, 0.0, 1.0, 3.0, 13.0, 28.0, 28.0, 46.0, 65.0]], Vector{Float64}[], Vector{Float64}[]]"
y_box,[0.0 0.0 0.0 0.0 0.0 0.0 31.0 5.0 0.0 12.0; 2.0 0.0 0.0 0.0 0.0 0.0 0.0 0.0 0.0 0.0; 1.0 0.0 0.0 0.0 0.0 0.0 0.0 0.0 0.0 0.0; 0.0 14.0 0.0 0.0 6.0 16.0 0.0 26.0 0.0 0.0; 0.0 0.0 0.0 0.0 0.0 0.0 0.0 0.0 0.0 0.0; 17.0 0.0 0.0 0.0 0.0 0.0 0.0 0.0 46.0 0.0;;; 26.0 21.0 2.0 0.0 0.0 0.0 0.0 0.0 0.0 0.0; 0.0 0.0 0.0 2.0 0.0 0.0 0.0 0.0 0.0 0.0; 0.0 0.0 0.0 2.0 0.0 0.0 0.0 0.0 0.0 0.0; 0.0 0.0 0.0 0.0 0.0 0.0 27.0 35.0 0.0 0.0; 0.0 0.0 0.0 0.0 0.0 0.0 0.0 0.0 0.0 0.0; 0.0 0.0 0.0 0.0 0.0 0.0 0.0 0.0 22.0 41.0;;; 0.0 0.0 0.0 23.0 0.0 0.0 0.0 0.0 26.0 0.0; 0.0 0.0 0.0 0.0 0.0 0.0 0.0 0.0 0.0 2.0; 0.0 0.0 0.0 0.0 0.0 0.0 0.0 0.0 2.0 0.0; 0.0 0.0 0.0 0.0 14.0 0.0 0.0 0.0 7.0 41.0; 0.0 0.0 0.0 0.0 0.0 0.0 0.0 0.0 0.0 0.0; 28.0 0.0 0.0 0.0 0.0 24.0 0.0 0.0 0.0 11.0;;; 23.0 20.0 0.0 0.0 0.0 6.0 0.0 0.0 0.0 0.0; 0.0 0.0 0.0 0.0 0.0 0.0 0.0 0.0 0.0 2.0; 0.0 0.0 0.0 0.0 0.0 2.0 0.0 0.0 0.0 0.0; 0.0 0.0 0.0 0.0 0.0 0.0 28.0 0.0 0.0 34.0; 0.0 0.0 0.0 0.0 0.0 0.0 0.0 0.0 0.0 0.0; 0.0 0.0 0.0 0.0 0.0 4.0 0.0 0.0 46.0 13.0;;; 28.0 21.0 0.0 0.0 0.0 0.0 0.0 0.0 0.0 0.0; 0.0 2.0 0.0 0.0 0.0 0.0 0.0 0.0 0.0 0.0; 0.0 0.0 2.0 0.0 0.0 0.0 0.0 0.0 0.0 0.0; 0.0 0.0 0.0 0.0 0.0 0.0 28.0 34.0 0.0 0.0; 0.0 0.0 0.0 0.0 0.0 0.0 0.0 0.0 0.0 0.0; 0.0 0.0 0.0 0.0 0.0 0.0 0.0 0.0 39.0 24.0]
evol_bb,"[[0.405, 1.4696874924518913e7], [1.715, 1.4696874924518911e7], [1120.819, 1.4584720955758449e7]]"
y_bb,[28.0 24.0 -0.0 -0.0 -0.0 -0.0 -0.0 -0.0 -0.0 -0.0; -0.0 -0.0 0.0 -0.0 -0.0 -0.0 -0.0 -0.0 -0.0 -0.0; -0.0 -0.0 2.0 -0.0 -0.0 -0.0 -0.0 -0.0 -0.0 -0.0; -0.0 -0.0 -0.0 -0.0 0.0 0.0 0.0 9.0 -0.0 -0.0; -0.0 -0.0 -0.0 -0.0 -0.0 -0.0 -0.0 -0.0 0.0 0.0; -0.0 -0.0 -0.0 -0.0 -0.0 -0.0 -0.0 -0.0 51.0 64.0;;; -0.0 -0.0 -0.0 -0.0 -0.0 13.0 -0.0 -0.0 39.0 -0.0; -0.0 -0.0 -0.0 -0.0 -0.0 -0.0 -0.0 -0.0 0.0 -0.0; -0.0 -0.0 -0.0 -0.0 -0.0 -0.0 2.0 -0.0 -0.0 -0.0; -0.0 -0.0 -0.0 -0.0 3.0 -0.0 -0.0 -0.0 6.0 -0.0; -0.0 -0.0 -0.0 -0.0 0.0 -0.0 -0.0 -0.0 -0.0 -0.0; -0.0 -0.0 -0.0 -0.0 -0.0 -0.0 26.0 28.0 1.0 60.0;;; -0.0 -0.0 -0.0 1.0 -0.0 0.0 0.0 0.0 4.0 47.0; -0.0 0.0 -0.0 -0.0 -0.0 -0.0 -0.0 -0.0 -0.0 -0.0; -0.0 -0.0 -0.0 -0.0 0.0 -0.0 -0.0 -0.0 2.0 -0.0; 7.0 -0.0 2.0 -0.0 -0.0 -0.0 -0.0 -0.0 -0.0 -0.0; -0.0 -0.0 -0.0 -0.0 -0.0 -0.0 -0.0 -0.0 -0.0 0.0; 21.0 23.0 -0.0 -0.0 3.0 -0.0 28.0 -0.0 40.0 -0.0;;; -0.0 -0.0 -0.0 -0.0 -0.0 -0.0 -0.0 -0.0 -0.0 -0.0; -0.0 -0.0 -0.0 -0.0 -0.0 -0.0 -0.0 -0.0 -0.0 -0.0; -0.0 -0.0 -0.0 -0.0 -0.0 -0.0 -0.0 -0.0 -0.0 -0.0; -0.0 -0.0 -0.0 -0.0 -0.0 -0.0 -0.0 -0.0 -0.0 -0.0; -0.0 -0.0 -0.0 -0.0 -0.0 -0.0 -0.0 -0.0 -0.0 -0.0; -0.0 -0.0 -0.0 -0.0 -0.0 -0.0 -0.0 -0.0 -0.0 -0.0;;; -0.0 -0.0 -0.0 -0.0 -0.0 -0.0 -0.0 -0.0 -0.0 -0.0; -0.0 -0.0 -0.0 -0.0 -0.0 -0.0 -0.0 -0.0 -0.0 -0.0; -0.0 -0.0 -0.0 -0.0 -0.0 -0.0 -0.0 -0.0 -0.0 -0.0; -0.0 -0.0 -0.0 -0.0 -0.0 -0.0 -0.0 -0.0 -0.0 -0.0; -0.0 -0.0 -0.0 -0.0 -0.0 -0.0 -0.0 -0.0 -0.0 -0.0; -0.0 -0.0 -0.0 -0.0 -0.0 -0.0 -0.0 -0.0 -0.0 -0.0]
evol_box,"[[0.431, 0.0], [2.106, 565470.6344021409], [2.217, 565470.6344021409], [2.3, 565470.6344021409], [2.393, 565470.6344021409], [2.676, 565470.6344021407], [2.867, 565470.6344021409], [3.007, 565470.6344021409], [5.516, 2.023893376196814e6], [11.578, 3.1444574171874477e6], [16.338, 3.257091162130689e6], [20.732, 5.051754488321012e6], [25.166, 5.164036021914877e6], [28.753, 5.499905505573203e6], [32.455, 5.724373992684452e6], [36.324, 5.724373992684452e6], [41.995, 5.724373992684452e6], [46.603, 5.836659100965595e6], [53.303, 5.948778924690836e6], [61.128, 6.0609555451181065e6], [70.418, 6.28527001835582e6], [84.998, 6.3973992761622425e6], [111.171, 6.509498186681795e6], [139.321, 6.621435990604326e6], [165.383, 6.621435990604326e6], [207.337, 6.621435990604326e6], [238.206, 6.621435990604326e6], [276.374, 6.621435984429974e6], [319.691, 6.621435990604326e6], [354.547, 6.845850100451753e6], [392.848, 7.294591771872505e6], [1150.252, 6.958152605728901e6], [1221.804, 7.182649484001367e6], [1276.626, 7.29542869636952e6], [1338.049, 7.406966433921387e6], [1475.316, 7.182601736414227e6], [1524.692, 7.518698346051689e6], [1663.414, 7.2946040833694665e6], [1790.291, 7.294756754510216e6], [1952.233, 7.294856245751753e6], [3600.041, 7.518915190204382e6]]"
y_pb,[[28.0 24.000000000000004 -0.0 -0.0 -0.0 -0.0 -0.0 -0.0 -0.0 -0.0; -0.0 -0.0 0.0 -0.0 -0.0 -0.0 -0.0 -0.0 -0.0 -0.0; -0.0 -0.0 2.0 -0.0 -0.0 -0.0 -0.0 -0.0 -0.0 -0.0; -0.0 -0.0 -0.0 -0.0 -0.0 -0.0 -0.0 8.0 -0.0 -0.0; -0.0 -0.0 -0.0 -0.0 -0.0 -0.0 -0.0 -0.0 0.0 -0.0; -0.0 -0.0 -0.0 -0.0 -0.0 -0.0 -0.0 -0.0 51.0 65.0;;;]]
x_bb,"[52.0, -0.0, 2.0, 9.0, -0.0, 115.0]"
x_box,"[49.0, 2.0, 2.0, 62.0, 0.0, 63.0]"
evol_zeta,"[[1.728, 64.16666666666666], [2.182, 28.0], [2.232, 23.0], [2.314, 23.0], [2.462, 23.0], [2.719, 23.0], [2.902, 23.0], [3.046, 22.75], [5.611, 23.0], [11.614, 22.0], [16.4, 18.0], [20.74, 22.0], [25.176, 19.25], [28.763, 17.571428571428573], [32.496, 15.285714285714285], [36.36, 13.750002749511182], [42.059, 13.0], [46.756, 11.625000045708655], [53.35, 12.875000865288326], [61.19, 12.777777777777779], [70.487, 11.75], [85.045, 10.749999999999988], [111.187, 13.0], [139.348, 12.428571428571429], [165.462, 10.500001137291077], [207.374, 12.444444444444443], [238.251, 11.333333333333332], [276.405, 9.99999945450793], [319.706, 9.5], [354.565, 10.0], [392.863, 10.666666666666668], [1150.273, 9.5], [1221.812, 11.100000000000001], [1276.647, 9.125000000000004], [1338.072, 11.0], [1475.347, 9.5], [1524.71, 12.0], [1663.433, 8.25], [1790.323, 7.428571429414291], [1952.26, 8.714285714285706], [3600.056, 0.0]]"
ξ_box,[20.0 26.0 28.0 23.0 28.0; 14.0 21.0 23.0 20.0 23.0; -0.0 2.0 2.0 -0.0 2.0; 13.0 23.0 23.0 16.0 23.0; 6.0 14.0 14.0 14.0 14.0; 16.0 20.0 24.0 20.0 24.0; 31.0 35.0 21.0 28.0 34.0; 31.0 35.0 20.0 28.0 34.0; 46.0 28.0 35.0 46.0 39.0; 65.0 41.0 54.0 49.0 24.0]
