first,second
s_box,[0.0; 0.0; 0.0; 32.0; 32.0; 26.0; 26.0; 0.0; 9.0; 51.0;;]
x_pb,"[46.0, 16.0, 32.0, 33.0, -0.0, -0.0]"
s_bb,[0.0; 0.0; 0.0; 32.0; 32.0; 26.0; 26.0; 0.0; 9.0; 51.0;;]
partition_bb,"[[[0.0, 0.0, 0.0, 0.0, 0.0, 12.0, 13.0, 15.0, 36.0, 51.0], [7.0, 11.0, 16.0, 32.0, 29.0, 13.0, 12.0, 10.0, 0.0, 0.0], [25.0, 21.0, 16.0, 0.0, 0.0, 0.0, 0.0, 0.0, 0.0, 0.0], [0.0, 0.0, 0.0, 14.0, 18.0, 26.0, 26.0, 32.0, 11.0, 0.0], [0.0, 0.0, 0.0, 0.0, 2.0, 18.0, 19.0, 21.0, 42.0, 27.0], [4.0, 8.0, 13.0, 28.0, 32.0, 16.0, 15.0, 13.0, 0.0, 0.0]]]"
y_box,[25.0 21.0 -0.0 -0.0 -0.0 -0.0 -0.0 -0.0 -0.0 -0.0; -0.0 -0.0 16.0 0.0 0.0 -0.0 -0.0 -0.0 -0.0 -0.0; -0.0 -0.0 -0.0 -0.0 -0.0 0.0 0.0 32.0 -0.0 -0.0; -0.0 -0.0 -0.0 -0.0 -0.0 -0.0 -0.0 -0.0 33.0 -0.0; -0.0 -0.0 -0.0 -0.0 -0.0 -0.0 -0.0 -0.0 -0.0 0.0; -0.0 -0.0 -0.0 -0.0 -0.0 -0.0 -0.0 -0.0 -0.0 -0.0;;;]
evol_bb,"[[0.287, 1.9151468299321286e7]]"
y_bb,[25.0 21.0 -0.0 -0.0 -0.0 -0.0 -0.0 -0.0 -0.0 -0.0; -0.0 -0.0 16.0 0.0 0.0 -0.0 -0.0 -0.0 -0.0 -0.0; -0.0 -0.0 -0.0 -0.0 -0.0 0.0 0.0 32.0 -0.0 -0.0; -0.0 -0.0 -0.0 -0.0 -0.0 -0.0 -0.0 -0.0 33.0 -0.0; -0.0 -0.0 -0.0 -0.0 -0.0 -0.0 -0.0 -0.0 -0.0 0.0; -0.0 -0.0 -0.0 -0.0 -0.0 -0.0 -0.0 -0.0 -0.0 -0.0;;;]
evol_box,"[[0.439, 0.0], [2.148, 1691.4095543844378], [2.234, 1.0446955241325296e7], [2.239, 1.3493357334325258e7], [2.243, 1.8172162422692332e7], [2.247, 1.882503300711163e7], [2.253, 1.9151468299321286e7]]"
y_pb,[[25.0 21.0 -0.0 -0.0 -0.0 -0.0 -0.0 -0.0 -0.0 -0.0; -0.0 -0.0 16.0 -0.0 -0.0 -0.0 -0.0 -0.0 -0.0 -0.0; -0.0 -0.0 -0.0 -0.0 -0.0 -0.0 -0.0 32.0 -0.0 -0.0; -0.0 -0.0 -0.0 -0.0 -0.0 -0.0 -0.0 -0.0 33.0 -0.0; -0.0 -0.0 -0.0 -0.0 -0.0 -0.0 -0.0 -0.0 -0.0 0.0; -0.0 -0.0 -0.0 -0.0 -0.0 -0.0 -0.0 -0.0 -0.0 0.0;;;]]
x_bb,"[46.0, 16.0, 32.0, 33.0, 0.0, 0.0]"
x_box,"[46.0, 16.0, 32.0, 33.0, 0.0, 0.0]"
evol_zeta,"[[1.752, 51.00000000000001], [2.233, 32.0], [2.238, 18.0], [2.241, 17.0], [2.246, 5.666666666666664], [2.251, 3.0], [2.255, 0.0]]"
ξ_box,[25.0; 21.0; 16.0; 32.0; 32.0; 26.0; 26.0; 32.0; 42.0; 51.0;;]
