first,second
s_box,[0.0 31.0 35.0 23.0; 0.0 10.0 8.0 0.0; 14.0 1.0 14.0 0.0; 0.0 4.0 5.0 0.0; 0.0 13.0 3.0 0.0; 23.0 0.0 0.0 8.0; 20.0 2.0 10.0 0.0; 19.0 0.0 0.0 28.0; 3.0 1.0 0.0 23.0; 1.0 20.0 7.0 0.0]
x_pb,"[-0.0, -0.0, -0.0, -0.0, 66.0, 76.0]"
s_bb,[35.0 -0.0 -0.0 -0.0; 11.0 -0.0 -0.0 -0.0; 14.0 -0.0 -0.0 -0.0; 5.0 -0.0 -0.0 -0.0; 24.0 -0.0 -0.0 -0.0; 0.0 -0.0 -0.0 -0.0; 0.0 -0.0 -0.0 -0.0; 7.0 -0.0 -0.0 -0.0; 0.0 -0.0 -0.0 -0.0; 45.0 -0.0 -0.0 -0.0]
partition_bb,"[[[0.0, 0.0, 0.0, 0.0, 0.0, 14.0, 17.0, 32.0, 36.0, 45.0], [35.0, 9.0, 3.0, 0.0, 0.0, 7.0, 9.0, 27.0, 31.0, 22.0], [35.0, 11.0, 14.0, 5.0, 24.0, 3.0, 0.0, 11.0, 15.0, 24.0], [0.0, 11.0, 14.0, 5.0, 11.0, 32.0, 29.0, 11.0, 10.0, 19.0], [0.0, 0.0, 0.0, 0.0, 0.0, 20.0, 23.0, 41.0, 31.0, 28.0], [0.0, 0.0, 0.0, 0.0, 0.0, 18.0, 20.0, 32.0, 42.0, 33.0], [0.0, 0.0, 0.0, 5.0, 24.0, 31.0, 34.0, 16.0, 21.0, 12.0]], Vector{Float64}[], Vector{Float64}[], Vector{Float64}[]]"
y_box,[0.0 0.0 0.0 0.0 0.0 0.0 0.0 0.0 1.0 0.0; 0.0 0.0 0.0 0.0 0.0 0.0 0.0 0.0 0.0 1.0; 0.0 0.0 0.0 0.0 1.0 0.0 0.0 0.0 0.0 0.0; 0.0 0.0 0.0 0.0 0.0 0.0 1.0 0.0 0.0 0.0; 0.0 0.0 0.0 0.0 18.0 0.0 0.0 6.0 0.0 22.0; 14.0 11.0 0.0 0.0 0.0 1.0 0.0 11.0 34.0 21.0;;; 1.0 0.0 0.0 0.0 0.0 0.0 0.0 0.0 0.0 0.0; 1.0 0.0 0.0 0.0 0.0 0.0 0.0 0.0 0.0 0.0; 0.0 1.0 0.0 0.0 0.0 0.0 0.0 0.0 0.0 0.0; 0.0 0.0 0.0 0.0 0.0 0.0 0.0 0.0 0.0 1.0; 0.0 0.0 11.0 0.0 11.0 24.0 0.0 0.0 0.0 0.0; 1.0 0.0 0.0 1.0 0.0 8.0 31.0 26.0 18.0 7.0;;; 0.0 1.0 0.0 0.0 0.0 0.0 0.0 0.0 0.0 0.0; 0.0 1.0 0.0 0.0 0.0 0.0 0.0 0.0 0.0 0.0; 0.0 1.0 0.0 0.0 0.0 0.0 0.0 0.0 0.0 0.0; 0.0 0.0 0.0 0.0 0.0 1.0 0.0 0.0 0.0 0.0; 0.0 0.0 0.0 0.0 12.0 7.0 15.0 12.0 0.0 0.0; 0.0 0.0 0.0 0.0 0.0 19.0 0.0 17.0 28.0 28.0;;; 0.0 0.0 0.0 0.0 1.0 0.0 0.0 0.0 0.0 0.0; 0.0 0.0 0.0 0.0 0.0 0.0 0.0 1.0 0.0 0.0; 0.0 0.0 0.0 1.0 0.0 0.0 0.0 0.0 0.0 0.0; 0.0 0.0 0.0 0.0 0.0 0.0 0.0 0.0 0.0 1.0; 2.0 0.0 0.0 4.0 0.0 23.0 17.0 0.0 0.0 0.0; 0.0 0.0 0.0 0.0 23.0 0.0 17.0 4.0 16.0 32.0]
evol_bb,"[[4.724, 1.7256414142797124e7]]"
y_bb,[0.0 0.0 -0.0 -0.0 -0.0 -0.0 -0.0 -0.0 -0.0 -0.0; -0.0 -0.0 0.0 -0.0 -0.0 -0.0 -0.0 -0.0 -0.0 -0.0; -0.0 -0.0 -0.0 -0.0 -0.0 -0.0 -0.0 -0.0 -0.0 -0.0; -0.0 -0.0 -0.0 0.0 -0.0 -0.0 -0.0 -0.0 -0.0 -0.0; -0.0 -0.0 -0.0 -0.0 0.0 32.0 34.0 -0.0 -0.0 -0.0; -0.0 -0.0 -0.0 -0.0 -0.0 -0.0 -0.0 34.0 42.0 0.0;;; -0.0 -0.0 -0.0 -0.0 -0.0 -0.0 -0.0 -0.0 -0.0 -0.0; -0.0 -0.0 -0.0 -0.0 -0.0 -0.0 -0.0 -0.0 -0.0 -0.0; -0.0 -0.0 -0.0 -0.0 -0.0 -0.0 -0.0 -0.0 -0.0 -0.0; -0.0 -0.0 -0.0 -0.0 -0.0 -0.0 -0.0 -0.0 -0.0 -0.0; -0.0 -0.0 -0.0 -0.0 -0.0 -0.0 -0.0 -0.0 -0.0 -0.0; -0.0 -0.0 -0.0 -0.0 -0.0 -0.0 -0.0 -0.0 -0.0 -0.0;;; -0.0 -0.0 -0.0 -0.0 -0.0 -0.0 -0.0 -0.0 -0.0 -0.0; -0.0 -0.0 -0.0 -0.0 -0.0 -0.0 -0.0 -0.0 -0.0 -0.0; -0.0 -0.0 -0.0 -0.0 -0.0 -0.0 -0.0 -0.0 -0.0 -0.0; -0.0 -0.0 -0.0 -0.0 -0.0 -0.0 -0.0 -0.0 -0.0 -0.0; -0.0 -0.0 -0.0 -0.0 -0.0 -0.0 -0.0 -0.0 -0.0 -0.0; -0.0 -0.0 -0.0 -0.0 -0.0 -0.0 -0.0 -0.0 -0.0 -0.0;;; -0.0 -0.0 -0.0 -0.0 -0.0 -0.0 -0.0 -0.0 -0.0 -0.0; -0.0 -0.0 -0.0 -0.0 -0.0 -0.0 -0.0 -0.0 -0.0 -0.0; -0.0 -0.0 -0.0 -0.0 -0.0 -0.0 -0.0 -0.0 -0.0 -0.0; -0.0 -0.0 -0.0 -0.0 -0.0 -0.0 -0.0 -0.0 -0.0 -0.0; -0.0 -0.0 -0.0 -0.0 -0.0 -0.0 -0.0 -0.0 -0.0 -0.0; -0.0 -0.0 -0.0 -0.0 -0.0 -0.0 -0.0 -0.0 -0.0 -0.0]
evol_box,"[[0.496, 0.0], [2.23, 245860.0285952591], [2.339, 245860.0285952591], [2.386, 245860.02859525738], [2.445, 245860.0285952591], [2.584, 245860.02859525895], [2.845, 4.040387745923719e6], [3.336, 4.040387745923719e6], [3.775, 4.040387745923719e6], [5.129, 5.018570316602765e6], [5.958, 5.018570316602756e6], [7.639, 5.263463737817796e6], [9.234, 5.26373892009987e6], [10.637, 5.997746067104714e6], [14.878, 6.977012975801494e6], [15.971, 7.099071449628693e6], [18.071, 7.221622228799485e6], [21.778, 7.221628271233937e6], [26.486, 7.711193175056754e6], [30.455, 7.711193175056753e6], [37.091, 7.955680472483085e6], [41.752, 7.955680472483083e6], [48.788, 8.200542388934312e6], [56.395, 8.200542388934312e6], [68.352, 8.323078427012715e6], [78.987, 8.567824221870217e6], [102.391, 8.68989329494375e6], [120.555, 8.934619758276466e6], [136.989, 8.934878911712788e6], [159.772, 9.057336933609921e6], [194.74, 9.179351897883292e6], [245.46, 9.179427148101598e6], [254.127, 9.302072156288937e6], [301.784, 9.301930822897356e6], [340.609, 9.301930822897356e6], [425.776, 9.302307802643396e6], [516.31, 9.424355093276726e6], [613.297, 9.54658972004572e6], [635.051, 9.54688696331725e6], [759.495, 9.669057286034388e6], [882.699, 9.791468316910835e6], [1051.572, 9.913905849597221e6], [1293.002, 9.913917331276199e6], [2301.404, 1.0036029212653581e7], [2584.014, 1.0036042240320679e7], [3454.522, 1.0036266173053017e7], [3600.199, 1.0038068322567083e7]]"
y_pb,[[-0.0 0.0 -0.0 -0.0 -0.0 -0.0 -0.0 -0.0 -0.0 -0.0; -0.0 0.0 -0.0 -0.0 -0.0 -0.0 -0.0 -0.0 -0.0 -0.0; -0.0 -0.0 -0.0 0.0 -0.0 -0.0 -0.0 -0.0 -0.0 -0.0; -0.0 -0.0 -0.0 0.0 -0.0 -0.0 -0.0 -0.0 -0.0 -0.0; -0.0 -0.0 -0.0 -0.0 -0.0 32.0 34.0 -0.0 -0.0 -0.0; -0.0 -0.0 -0.0 -0.0 -0.0 -0.0 -0.0 34.0 42.0 -0.0;;;]]
x_bb,"[0.0, 0.0, 0.0, 0.0, 66.0, 76.0]"
x_box,"[1.0, 1.0, 1.0, 1.0, 46.0, 92.0]"
evol_zeta,"[[2.318, 35.0], [2.353, 28.0], [2.398, 23.99999999999999], [2.478, 24.0], [2.606, 23.0], [2.87, 22.125], [3.366, 17.666666666666664], [3.812, 17.571428571428577], [5.14, 15.42857142857143], [5.98, 14.0], [7.653, 14.0], [9.25, 14.0], [10.654, 14.5], [14.901, 14.0], [15.983, 14.0], [18.091, 14.0], [21.796, 14.0], [26.509, 13.444444444444443], [30.471, 13.833333333333329], [37.105, 11.285714285714281], [41.773, 10.666666666666677], [48.807, 11.375], [56.423, 12.0], [68.369, 11.285714285714285], [79.002, 11.000004998005124], [102.406, 12.428571428571429], [120.599, 11.0], [137.008, 10.0], [159.811, 10.571428571428577], [194.754, 11.5], [245.475, 11.0], [254.147, 10.5], [301.807, 10.33333333333333], [340.644, 9.0], [425.797, 11.0], [516.332, 8.444444444444443], [613.323, 10.166666666666666], [635.072, 10.500000831417491], [759.519, 8.999999999999943], [882.742, 9.0], [1051.59, 8.142857142857142], [1293.038, 8.571428571428573], [2301.438, 10.0], [2584.07, 9.666666833200168], [3454.543, 8.999999999999995], [3600.214, 0.0]]"
ξ_box,[14.0 34.0 35.0 25.0; 11.0 11.0 11.0 -0.0; 14.0 12.0 14.0 -0.0; -0.0 5.0 5.0 5.0; 19.0 24.0 15.0 24.0; 24.0 32.0 27.0 31.0; 21.0 33.0 25.0 34.0; 36.0 26.0 29.0 33.0; 38.0 19.0 28.0 39.0; 45.0 28.0 35.0 33.0]
