first,second
s_box,[0.0 36.0 0.0 0.0; 0.0 0.0 21.0 0.0; 30.0 33.0 0.0 11.0; 30.0 8.0 34.0 0.0; 7.0 0.0 0.0 48.0; 10.0 0.0 25.0 43.0; 0.0 8.0 0.0 0.0; 0.0 0.0 25.0 36.0; 2.0 0.0 33.0 0.0; 60.0 53.0 0.0 0.0]
x_pb,"[64.0, 0.0, 0.0, -0.0, 91.0, 6.0]"
s_bb,[-0.0 36.0 -0.0 -0.0; -0.0 28.0 -0.0 -0.0; 33.0 -0.0 -0.0 -0.0; 48.0 9.0 -0.0 -0.0; 48.0 13.0 -0.0 -0.0; 43.0 18.0 -0.0 -0.0; -0.0 -0.0 -0.0 -0.0; 0.0 -0.0 -0.0 -0.0; 40.0 37.0 -0.0 -0.0; 60.0 -0.0 -0.0 -0.0]
partition_bb,"[[[0.0, 0.0, 0.0, 0.0, 0.0, 5.0, 32.0, 32.0, 35.0, 60.0], [0.0, 3.0, 2.0, 20.0, 48.0, 43.0, 16.0, 16.0, 13.0, 0.0], [36.0, 28.0, 26.0, 44.0, 16.0, 13.0, 0.0, 0.0, 0.0, 0.0], [0.0, 0.0, 0.0, 0.0, 14.0, 19.0, 46.0, 37.0, 29.0, 18.0], [0.0, 0.0, 0.0, 0.0, 12.0, 15.0, 30.0, 39.0, 47.0, 22.0], [11.0, 15.0, 33.0, 15.0, 0.0, 0.0, 0.0, 0.0, 0.0, 14.0], [0.0, 0.0, 0.0, 0.0, 12.0, 17.0, 35.0, 44.0, 36.0, 22.0], [20.0, 28.0, 30.0, 48.0, 20.0, 17.0, 2.0, 0.0, 0.0, 0.0]], [[36.0, 28.0, 33.0, 39.0, 11.0, 8.0, 0.0, 0.0, 0.0, 7.0], [0.0, 0.0, 0.0, 0.0, 13.0, 18.0, 36.0, 45.0, 37.0, 17.0]], Vector{Float64}[], Vector{Float64}[]]"
y_box,[29.0 21.0 0.0 0.0 0.0 0.0 0.0 0.0 0.0 0.0; 0.0 0.0 0.0 0.0 0.0 0.0 0.0 0.0 0.0 0.0; 0.0 0.0 0.0 0.0 0.0 0.0 0.0 0.0 0.0 0.0; 0.0 0.0 0.0 0.0 0.0 0.0 0.0 0.0 0.0 0.0; 0.0 0.0 0.0 0.0 0.0 0.0 37.0 34.0 0.0 0.0; 0.0 0.0 0.0 0.0 0.0 0.0 0.0 0.0 40.0 0.0;;; 0.0 13.0 0.0 0.0 0.0 37.0 0.0 0.0 0.0 0.0; 0.0 0.0 0.0 0.0 0.0 0.0 0.0 0.0 0.0 0.0; 0.0 0.0 0.0 0.0 0.0 0.0 0.0 0.0 0.0 0.0; 0.0 0.0 0.0 0.0 0.0 0.0 0.0 0.0 0.0 0.0; 0.0 0.0 0.0 16.0 36.0 0.0 0.0 8.0 11.0 0.0; 0.0 15.0 0.0 20.0 0.0 0.0 0.0 0.0 0.0 0.0;;; 27.0 0.0 9.0 0.0 0.0 0.0 0.0 0.0 0.0 14.0; 0.0 0.0 0.0 0.0 0.0 0.0 0.0 0.0 0.0 0.0; 0.0 0.0 0.0 0.0 0.0 0.0 0.0 0.0 0.0 0.0; 0.0 0.0 0.0 0.0 0.0 0.0 0.0 0.0 0.0 0.0; 0.0 0.0 10.0 0.0 18.0 0.0 30.0 0.0 0.0 13.0; 0.0 0.0 6.0 0.0 18.0 16.0 0.0 0.0 0.0 0.0;;; 0.0 3.0 9.0 0.0 0.0 0.0 0.0 0.0 38.0 0.0; 0.0 0.0 0.0 0.0 0.0 0.0 0.0 0.0 0.0 0.0; 0.0 0.0 0.0 0.0 0.0 0.0 0.0 0.0 0.0 0.0; 0.0 0.0 0.0 0.0 0.0 0.0 0.0 0.0 0.0 0.0; 0.0 0.0 0.0 20.0 0.0 0.0 45.0 0.0 4.0 2.0; 0.0 0.0 0.0 0.0 0.0 0.0 0.0 0.0 0.0 40.0]
evol_bb,"[[31.701, 3.475013605929239e7], [994.043, 3.4622849970484555e7]]"
y_bb,[36.0 28.0 0.0 -0.0 -0.0 -0.0 -0.0 -0.0 -0.0 -0.0; -0.0 -0.0 -0.0 0.0 -0.0 -0.0 -0.0 -0.0 -0.0 -0.0; -0.0 -0.0 -0.0 -0.0 -0.0 -0.0 -0.0 -0.0 -0.0 -0.0; -0.0 -0.0 -0.0 -0.0 -0.0 0.0 -0.0 -0.0 -0.0 -0.0; -0.0 -0.0 -0.0 -0.0 -0.0 -0.0 46.0 44.0 -0.0 -0.0; -0.0 -0.0 -0.0 -0.0 -0.0 -0.0 -0.0 -0.0 7.0 0.0;;; -0.0 -0.0 17.0 30.0 0.0 0.0 -0.0 -0.0 0.0 17.0; -0.0 -0.0 -0.0 -0.0 -0.0 -0.0 0.0 -0.0 -0.0 -0.0; -0.0 -0.0 -0.0 -0.0 -0.0 -0.0 -0.0 0.0 -0.0 -0.0; -0.0 -0.0 -0.0 -0.0 -0.0 -0.0 -0.0 -0.0 0.0 -0.0; 0.0 0.0 16.0 -0.0 -0.0 -0.0 36.0 38.0 -0.0 0.0; -0.0 -0.0 -0.0 -0.0 -0.0 -0.0 -0.0 7.0 -0.0 -0.0;;; -0.0 -0.0 -0.0 -0.0 -0.0 -0.0 -0.0 -0.0 -0.0 -0.0; -0.0 -0.0 -0.0 -0.0 -0.0 -0.0 -0.0 -0.0 -0.0 -0.0; -0.0 -0.0 -0.0 -0.0 -0.0 -0.0 -0.0 -0.0 -0.0 -0.0; -0.0 -0.0 -0.0 -0.0 -0.0 -0.0 -0.0 -0.0 -0.0 -0.0; -0.0 -0.0 -0.0 -0.0 -0.0 -0.0 -0.0 -0.0 -0.0 -0.0; -0.0 -0.0 -0.0 -0.0 -0.0 -0.0 -0.0 -0.0 -0.0 -0.0;;; -0.0 -0.0 -0.0 -0.0 -0.0 -0.0 -0.0 -0.0 -0.0 -0.0; -0.0 -0.0 -0.0 -0.0 -0.0 -0.0 -0.0 -0.0 -0.0 -0.0; -0.0 -0.0 -0.0 -0.0 -0.0 -0.0 -0.0 -0.0 -0.0 -0.0; -0.0 -0.0 -0.0 -0.0 -0.0 -0.0 -0.0 -0.0 -0.0 -0.0; -0.0 -0.0 -0.0 -0.0 -0.0 -0.0 -0.0 -0.0 -0.0 -0.0; -0.0 -0.0 -0.0 -0.0 -0.0 -0.0 -0.0 -0.0 -0.0 -0.0]
evol_box,"[[0.49, 0.0], [2.209, 383553.12288542074], [2.321, 383553.1228855625], [2.502, 639435.12004525], [2.701, 639435.12004525], [3.029, 5.348699656643852e6], [4.131, 6.239105103594369e6], [5.347, 7.002653556468807e6], [8.233, 9.67473528430931e6], [12.615, 1.056681567101796e7], [16.862, 1.0821025297653802e7], [19.882, 1.094812258766824e7], [21.397, 1.17121570178765e7], [25.748, 1.1965884383532275e7], [30.883, 1.3621188458532006e7], [33.563, 1.4003123071906414e7], [45.519, 1.4003123071906418e7], [54.024, 1.4384958434739683e7], [64.335, 1.4512256873535208e7], [75.057, 1.4766112979613414e7], [93.781, 1.476614239997247e7], [111.081, 1.5020704701179836e7], [118.02, 1.5020853915277246e7], [144.792, 1.5148099368477486e7], [163.073, 1.5530115662878348e7], [184.964, 1.5530115662878202e7], [237.575, 1.565777329913136e7], [263.737, 1.5657773319771932e7], [294.817, 1.5657773319771932e7], [333.289, 1.5784590464078834e7], [398.863, 1.6166556470468855e7], [474.986, 1.6293588313635128e7], [561.588, 1.6293637804465726e7], [605.04, 1.6293909235712584e7], [728.006, 1.667547132007632e7], [856.854, 1.6675749554108916e7], [1025.996, 1.6802824528925657e7], [1145.924, 1.6802834326265812e7], [1289.722, 1.7057862581886485e7], [1506.705, 1.7184943121450555e7], [1908.528, 1.7312210800684787e7], [2386.287, 1.743943474297885e7], [2569.105, 1.7439720438941434e7], [2860.451, 1.7439720438941434e7], [3340.312, 1.743992972930024e7], [3600.046, 1.76937451735741e7]]"
y_pb,[[36.0 28.0 -0.0 -0.0 -0.0 -0.0 -0.0 -0.0 -0.0 -0.0; -0.0 -0.0 -0.0 -0.0 -0.0 -0.0 -0.0 -0.0 -0.0 -0.0; -0.0 -0.0 -0.0 -0.0 -0.0 -0.0 -0.0 -0.0 -0.0 -0.0; -0.0 -0.0 -0.0 -0.0 -0.0 0.0 -0.0 -0.0 -0.0 -0.0; -0.0 -0.0 -0.0 -0.0 -0.0 -0.0 46.0 45.0 -0.0 -0.0; -0.0 -0.0 -0.0 -0.0 -0.0 -0.0 -0.0 -0.0 6.0 -0.0;;;]]
x_bb,"[64.0, 0.0, 0.0, -0.0, 90.0, 7.0]"
x_box,"[50.0, 0.0, 0.0, 0.0, 71.0, 40.0]"
evol_zeta,"[[2.3, 48.0], [2.353, 39.285714285714285], [2.512, 36.0], [2.738, 35.888888888888886], [3.069, 35.666667326000706], [4.181, 30.700000000000003], [5.4, 28.400000000000006], [8.285, 25.9], [12.688, 23.88888888888889], [16.889, 24.4], [19.91, 23.0], [21.431, 24.142857145371437], [25.798, 23.77777777777778], [30.987, 21.555555555555557], [33.632, 22.44444444444445], [45.604, 20.857142857142833], [54.083, 20.75], [64.367, 19.75], [75.078, 21.22222222222222], [93.842, 18.833333333333332], [111.144, 21.11111111111111], [118.058, 20.200000000000003], [144.9, 19.555555555555557], [163.115, 18.88888888888889], [184.983, 21.142857142857142], [237.641, 19.666666666666664], [263.815, 16.888888888888886], [294.852, 18.0], [333.324, 15.75], [398.896, 18.375], [475.003, 18.375], [561.644, 16.0], [605.066, 15.125], [728.046, 16.1], [856.88, 17.11111111111111], [1026.038, 16.5], [1145.967, 14.5], [1289.752, 15.999999999999988], [1506.727, 15.75], [1908.598, 16.88888888888889], [2386.31, 17.599999999999998], [2569.14, 18.555555555555557], [2860.511, 14.0], [3340.407, 13.0], [3600.061, 0.0]]"
ξ_box,[29.0 36.0 27.0 0.0; 21.0 28.0 21.0 3.0; 30.0 33.0 25.0 20.0; 30.0 44.0 30.0 20.0; 7.000000000000001 36.0 36.0 48.0; 10.0 31.0 41.0 43.0; 37.0 8.0 30.0 45.0; 34.0 8.0 25.0 36.0; 42.0 11.0 33.0 40.0; 60.0 36.0 27.0 42.0]
