first,second
s_box,[0.0; 23.0; 15.0; 0.0; 0.0; 0.0; 32.0; 0.0; 0.0; 27.0;;]
x_pb,"[10.0, 105.0, 6.999999999999999, 21.0, -0.0, -0.0]"
s_bb,[0.0; 23.0; 15.0; 0.0; 0.0; 0.0; 32.0; 0.0; 0.0; 27.0;;]
partition_bb,"[[[0.0, 4.0, 9.0, 17.0, 24.0, 36.0, 32.0, 7.0, 6.0, 7.0], [10.0, 19.0, 29.0, 21.0, 14.0, 2.0, 0.0, 7.0, 17.0, 21.0], [4.0, 13.0, 23.0, 31.0, 24.0, 12.0, 6.0, 0.0, 0.0, 0.0], [0.0, 0.0, 0.0, 0.0, 0.0, 0.0, 0.0, 6.0, 21.0, 27.0], [10.0, 23.0, 27.0, 19.0, 12.0, 24.0, 25.0, 0.0, 0.0, 6.0]]]"
y_box,[10.0 0.0 -0.0 -0.0 -0.0 -0.0 -0.0 -0.0 -0.0 -0.0; -0.0 -0.0 14.0 31.0 24.0 36.0 0.0 -0.0 -0.0 -0.0; -0.0 -0.0 -0.0 -0.0 -0.0 -0.0 -0.0 7.0 -0.0 -0.0; -0.0 -0.0 -0.0 -0.0 -0.0 -0.0 -0.0 -0.0 21.0 -0.0; -0.0 -0.0 -0.0 -0.0 -0.0 -0.0 -0.0 -0.0 -0.0 0.0; -0.0 -0.0 -0.0 -0.0 -0.0 -0.0 -0.0 -0.0 -0.0 -0.0;;;]
evol_bb,"[[0.23, 1.2136154060124941e7]]"
y_bb,[10.0 0.0 -0.0 -0.0 -0.0 -0.0 -0.0 -0.0 -0.0 -0.0; -0.0 -0.0 14.0 31.0 24.0 36.0 0.0 -0.0 -0.0 -0.0; -0.0 -0.0 -0.0 -0.0 -0.0 -0.0 -0.0 7.0 -0.0 -0.0; -0.0 -0.0 -0.0 -0.0 -0.0 -0.0 -0.0 -0.0 21.0 -0.0; -0.0 -0.0 -0.0 -0.0 -0.0 -0.0 -0.0 -0.0 -0.0 0.0; -0.0 -0.0 -0.0 -0.0 -0.0 -0.0 -0.0 -0.0 -0.0 -0.0;;;]
evol_box,"[[0.358, 0.0], [1.757, 1716.4950547990866], [1.822, 9.133836300081441e6], [1.827, 1.0384756522978604e7], [1.83, 1.1635754219997069e7], [1.833, 1.2136154060124941e7]]"
y_pb,[[10.0 -0.0 -0.0 -0.0 -0.0 -0.0 -0.0 -0.0 -0.0 -0.0; -0.0 -0.0 14.0 31.0 24.000000000000004 36.0 -0.0 -0.0 -0.0 -0.0; -0.0 -0.0 -0.0 -0.0 -0.0 -0.0 -0.0 7.0 -0.0 -0.0; -0.0 -0.0 -0.0 -0.0 -0.0 -0.0 -0.0 -0.0 21.0 -0.0; -0.0 -0.0 -0.0 -0.0 -0.0 -0.0 -0.0 -0.0 -0.0 0.0; -0.0 -0.0 -0.0 -0.0 -0.0 -0.0 -0.0 -0.0 -0.0 0.0;;;]]
x_bb,"[10.0, 105.0, 7.0, 21.0, 0.0, 0.0]"
x_box,"[10.0, 105.0, 7.0, 21.0, 0.0, 0.0]"
evol_zeta,"[[1.437, 36.0], [1.821, 20.0], [1.825, 10.0], [1.829, 6.0], [1.832, 4.0], [1.835, 0.0]]"
ξ_box,[10.0; 23.0; 29.0; 31.0; 24.0; 36.0; 32.0; 7.0; 21.0; 27.0;;]
