first,second
s_box,[7.0 -0.0; -0.0 -0.0; 36.0 -0.0; 13.0 13.0; 0.0 -0.0; -0.0 28.0; -0.0 30.0; -0.0 5.0; 30.0 -0.0; 42.0 51.0]
x_pb,"[35.0, -0.0, -0.0, -0.0, 110.0, -0.0]"
s_bb,[7.0 7.0; 0.0 27.0; 36.0 -0.0; 13.0 4.0; -0.0 24.0; 0.0 28.0; -0.0 -0.0; -0.0 -0.0; 30.0 36.0; 42.0 -0.0]
partition_bb,"[[[7.0, 34.0, 38.0, 2.0, 12.0, 16.0, 2.0, 2.0, 8.0, 28.0], [0.0, 2.0, 6.0, 13.0, 24.0, 28.0, 15.0, 15.0, 21.0, 13.0], [6.0, 33.0, 29.0, 0.0, 7.0, 11.0, 25.0, 21.0, 13.0, 0.0], [6.0, 33.0, 29.0, 0.0, 0.0, 0.0, 12.0, 12.0, 18.0, 38.0], [4.0, 31.0, 27.0, 0.0, 5.0, 9.0, 17.0, 21.0, 29.0, 9.0], [2.0, 29.0, 25.0, 0.0, 9.0, 13.0, 23.0, 27.0, 19.0, 1.0], [0.0, 27.0, 23.0, 0.0, 0.0, 2.0, 16.0, 16.0, 22.0, 42.0], [0.0, 27.0, 23.0, 0.0, 11.0, 15.0, 29.0, 25.0, 17.0, 3.0], [0.0, 24.0, 28.0, 0.0, 6.0, 10.0, 18.0, 22.0, 30.0, 10.0], [0.0, 24.0, 28.0, 0.0, 10.0, 14.0, 24.0, 28.0, 20.0, 2.0]], [[0.0, 0.0, 0.0, 0.0, 7.0, 11.0, 25.0, 25.0, 31.0, 51.0], [0.0, 23.0, 27.0, 0.0, 11.0, 15.0, 29.0, 25.0, 17.0, 3.0], [0.0, 0.0, 0.0, 13.0, 23.0, 28.0, 24.0, 28.0, 25.0, 5.0], [7.0, 0.0, 0.0, 4.0, 15.0, 16.0, 24.0, 28.0, 36.0, 16.0], [0.0, 25.0, 21.0, 0.0, 7.0, 11.0, 19.0, 23.0, 31.0, 11.0], [0.0, 27.0, 23.0, 0.0, 7.0, 11.0, 19.0, 23.0, 31.0, 11.0], [0.0, 0.0, 0.0, 4.0, 15.0, 16.0, 30.0, 28.0, 36.0, 16.0], [7.0, 0.0, 0.0, 13.0, 24.0, 19.0, 19.0, 23.0, 31.0, 11.0]]]"
y_box,[-0.0 34.0 2.0 -0.0 -0.0 -0.0 -0.0 -0.0 -0.0 -0.0; -0.0 -0.0 -0.0 -0.0 -0.0 -0.0 -0.0 -0.0 -0.0 -0.0; -0.0 -0.0 -0.0 -0.0 -0.0 -0.0 -0.0 -0.0 -0.0 -0.0; -0.0 -0.0 -0.0 0.0 0.0 -0.0 -0.0 -0.0 -0.0 -0.0; -0.0 -0.0 -0.0 -0.0 24.0 28.0 29.0 28.0 -0.0 -0.0; -0.0 -0.0 -0.0 -0.0 -0.0 -0.0 -0.0 -0.0 -0.0 -0.0;;; -0.0 27.0 -0.0 -0.0 9.0 -0.0 -0.0 -0.0 -0.0 -0.0; -0.0 0.0 -0.0 -0.0 -0.0 -0.0 -0.0 -0.0 -0.0 -0.0; -0.0 0.0 -0.0 -0.0 -0.0 -0.0 -0.0 -0.0 -0.0 -0.0; -0.0 -0.0 -0.0 -0.0 -0.0 -0.0 -0.0 -0.0 -0.0 -0.0; 7.0 -0.0 28.0 -0.0 15.0 -0.0 -0.0 23.0 36.0 -0.0; 0.0 -0.0 -0.0 -0.0 -0.0 -0.0 -0.0 0.0 0.0 -0.0]
evol_bb,"[[0.523, 1.6657146538666522e7], [1.035, 1.665714653866652e7], [5.715, 1.6429940205962095e7], [9.839, 1.642581992973448e7], [16.206, 1.6425819929734476e7], [16.618, 1.6315811649494085e7], [28.86, 1.6310156625268452e7], [34.693, 1.5853592744350497e7], [35.181, 1.5616176798472315e7], [39.23, 1.5500513494006291e7], [39.242, 1.5384850189540267e7], [51.641, 1.5384850189540265e7], [51.676, 1.5269194054362707e7], [57.265, 1.5153537919185147e7], [63.371, 1.5153530749896685e7], [65.738, 1.4922204140964638e7], [66.517, 1.4806551817153728e7], [71.178, 1.4806540836498616e7], [73.003, 1.4806540836498613e7]]"
y_bb,[0.0 34.0 2.0 -0.0 -0.0 -0.0 -0.0 -0.0 -0.0 -0.0; -0.0 -0.0 0.0 -0.0 -0.0 -0.0 -0.0 -0.0 -0.0 -0.0; -0.0 -0.0 0.0 0.0 -0.0 -0.0 -0.0 -0.0 -0.0 -0.0; -0.0 -0.0 -0.0 0.0 -0.0 -0.0 -0.0 -0.0 -0.0 -0.0; -0.0 -0.0 -0.0 -0.0 24.0 28.0 29.0 28.0 -0.0 -0.0; -0.0 -0.0 -0.0 -0.0 -0.0 -0.0 -0.0 -0.0 0.0 -0.0;;; -0.0 -0.0 6.0 -0.0 -0.0 -0.0 30.0 0.0 0.0 -0.0; -0.0 -0.0 0.0 -0.0 0.0 -0.0 -0.0 -0.0 -0.0 -0.0; -0.0 -0.0 0.0 -0.0 -0.0 -0.0 -0.0 -0.0 -0.0 -0.0; -0.0 -0.0 0.0 -0.0 -0.0 -0.0 -0.0 -0.0 -0.0 -0.0; 0.0 0.0 21.0 9.0 -0.0 0.0 0.0 28.0 -0.0 51.0; -0.0 -0.0 -0.0 -0.0 -0.0 -0.0 0.0 -0.0 -0.0 -0.0]
evol_box,"[[0.401, 0.0], [1.974, 580887.4019217803], [2.052, 580887.4019217803], [2.089, 8.792206590767002e6], [2.109, 8.792206590767002e6], [2.133, 9.717496143401451e6], [2.165, 1.0180132596494064e7], [2.226, 1.0411462708390983e7], [2.265, 1.1336682532962779e7], [2.338, 1.1915058919425368e7], [2.433, 1.1915085666449286e7], [2.56, 1.2493348607128829e7], [2.674, 1.284027524111512e7], [2.806, 1.2840320840003531e7], [2.971, 1.2955986892102057e7], [3.112, 1.2956043122755434e7], [3.288, 1.3303011528288117e7], [3.45, 1.3418602459580002e7], [3.659, 1.353428531781722e7], [3.819, 1.376559832121976e7], [4.009, 1.3765630694690652e7], [4.309, 1.3996958345917476e7], [4.483, 1.4112597498594308e7], [4.712, 1.4112624350709759e7], [4.929, 1.411262435070976e7], [5.146, 1.422822419857264e7], [5.383, 1.4228245590842163e7], [5.613, 1.422824559084209e7], [5.908, 1.4343915289970104e7], [6.095, 1.4459568231094947e7], [6.448, 1.4459572321380312e7], [6.76, 1.4575214111970708e7], [7.054, 1.4575223525883952e7], [7.278, 1.457522657852562e7], [7.583, 1.4575231258202875e7], [7.846, 1.457523281788996e7], [8.148, 1.4575234283193456e7], [8.384, 1.4575235625846334e7], [8.626, 1.457527939361228e7], [8.918, 1.4575279393612279e7], [9.299, 1.4690884701321052e7], [9.577, 1.4690884701321054e7], [9.957, 1.4690891537678301e7], [10.357, 1.4690891537678303e7], [10.641, 1.4690891152101707e7], [10.999, 1.4690894562668897e7], [11.316, 1.469089585103829e7], [11.633, 1.4806533667210152e7], [12.099, 1.480653366721015e7], [12.573, 1.4806540836498614e7], [12.968, 1.4806540836498613e7], [13.36, 1.4806540836498614e7]]"
y_pb,[[-0.0 34.0 1.0 -0.0 -0.0 -0.0 -0.0 -0.0 -0.0 -0.0; -0.0 -0.0 0.0 -0.0 -0.0 -0.0 -0.0 -0.0 -0.0 -0.0; -0.0 -0.0 0.0 -0.0 -0.0 -0.0 -0.0 -0.0 -0.0 -0.0; -0.0 -0.0 -0.0 -0.0 0.0 -0.0 -0.0 -0.0 -0.0 -0.0; -0.0 -0.0 -0.0 -0.0 24.000000000000004 28.0 30.0 28.0 -0.0 -0.0; -0.0 -0.0 -0.0 -0.0 -0.0 -0.0 -0.0 -0.0 0.0 -0.0;;;]]
x_bb,"[36.0, -0.0, -0.0, -0.0, 109.0, 0.0]"
x_box,"[36.0, 0.0, 0.0, 0.0, 109.0, 0.0]"
evol_zeta,"[[1.623, 50.16666666666667], [2.044, 38.0], [2.067, 27.125000000000004], [2.096, 17.875001041038544], [2.114, 15.0], [2.138, 17.0], [2.169, 14.222222222222221], [2.241, 13.0], [2.273, 11.999999999999998], [2.346, 10.875], [2.438, 11.142857142857139], [2.568, 9.125], [2.682, 9.285714285714288], [2.822, 5.625], [2.978, 7.0], [3.118, 9.57142857142857], [3.317, 9.0], [3.456, 6.285714285714284], [3.666, 5.125], [3.834, 6.0], [4.026, 5.000000000000001], [4.324, 9.0], [4.516, 3.444444444444443], [4.718, 5.0], [4.936, 4.428571428571431], [5.154, 5.0], [5.389, 4.0], [5.616, 3.125], [5.941, 3.5714285714285765], [6.099, 3.0], [6.456, 0.8571428571428577], [6.767, 2.0], [7.062, 1.125], [7.287, 0.6250003748378763], [7.592, 0.571428571428573], [7.855, 0.3750006248631337], [8.155, 3.0], [8.388, 0.875], [8.632, 2.8333333337166664], [8.935, 2.1111111111111107], [9.307, 0.3749999999999999], [9.593, 0.125], [9.967, 0.2500000000000059], [10.366, 0.11111222208442939], [10.65, 0.11111354612628259], [11.009, 0.625], [11.324, 1.571428571428573], [11.675, 3.166666666666657], [12.106, 5.0], [12.582, 0.625], [12.972, 0.37500000013750423], [13.369, 0.0]]"
ξ_box,[7.0 7.0; 34.0 27.0; 38.00000000000001 28.0; 13.0 13.0; 24.0 24.0; 28.0 28.0; 29.0 30.0; 28.0 28.0; 30.0 36.0; 42.0 51.0]
