first,second
s_box,[0.0; 0.0; 0.0; 2.0; 0.0; 13.0; 0.0; 0.0; 0.0; 0.0;;]
x_pb,"[55.0, 5.0, -0.0, -0.0, 37.0, 25.0]"
s_bb,[0.0; 0.0; 0.0; 2.0; 0.0; 13.0; 0.0; 0.0; 0.0; 0.0;;]
partition_bb,"[[[1.0, 10.0, 24.0, 21.0, 5.0, 1.0, 10.0, 27.0, 7.0, 16.0], [1.0, 11.0, 9.0, 6.0, 5.0, 13.0, 0.0, 12.0, 0.0, 2.0], [0.0, 0.0, 9.0, 6.0, 0.0, 0.0, 0.0, 12.0, 8.0, 2.0], [0.0, 0.0, 9.0, 6.0, 0.0, 0.0, 0.0, 12.0, 8.0, 17.0]]]"
y_box,[1.0 11.0 24.0 19.0 -0.0 -0.0 -0.0 -0.0 -0.0 -0.0; -0.0 -0.0 -0.0 -0.0 5.0 -0.0 -0.0 -0.0 -0.0 -0.0; -0.0 -0.0 -0.0 -0.0 -0.0 -0.0 -0.0 -0.0 -0.0 -0.0; -0.0 -0.0 -0.0 -0.0 -0.0 -0.0 -0.0 -0.0 -0.0 -0.0; -0.0 -0.0 -0.0 -0.0 -0.0 -0.0 10.0 27.0 -0.0 -0.0; -0.0 -0.0 -0.0 -0.0 -0.0 -0.0 -0.0 -0.0 8.0 17.0;;;]
evol_bb,"[[0.233, 1.739475284623336e6]]"
y_bb,[1.0 11.0 24.0 19.0 -0.0 -0.0 -0.0 -0.0 -0.0 -0.0; -0.0 -0.0 -0.0 -0.0 5.0 -0.0 -0.0 -0.0 -0.0 -0.0; -0.0 -0.0 -0.0 -0.0 -0.0 -0.0 -0.0 -0.0 -0.0 -0.0; -0.0 -0.0 -0.0 -0.0 -0.0 -0.0 -0.0 -0.0 -0.0 -0.0; -0.0 -0.0 -0.0 -0.0 -0.0 -0.0 10.0 27.0 -0.0 -0.0; -0.0 -0.0 -0.0 -0.0 -0.0 -0.0 -0.0 -0.0 8.0 17.0;;;]
evol_box,"[[0.366, 0.0], [1.773, 2492.9230146186032], [1.84, 1.5079003588464733e6], [1.843, 1.739475284623336e6]]"
y_pb,[[1.0 11.0 24.000000000000004 19.0 -0.0 -0.0 -0.0 -0.0 -0.0 -0.0; -0.0 -0.0 -0.0 -0.0 5.0 -0.0 -0.0 -0.0 -0.0 -0.0; -0.0 -0.0 -0.0 -0.0 -0.0 0.0 -0.0 -0.0 -0.0 -0.0; -0.0 -0.0 -0.0 -0.0 -0.0 0.0 -0.0 -0.0 -0.0 -0.0; -0.0 -0.0 -0.0 -0.0 -0.0 -0.0 10.0 27.0 -0.0 -0.0; -0.0 -0.0 -0.0 -0.0 -0.0 -0.0 -0.0 -0.0 8.0 17.0;;;]]
x_bb,"[55.0, 5.0, 0.0, 0.0, 37.0, 25.0]"
x_box,"[55.0, 5.0, 0.0, 0.0, 37.0, 25.0]"
evol_zeta,"[[1.441, 27.0], [1.839, 12.0], [1.841, 1.0], [1.844, 0.0]]"
ξ_box,[1.0; 11.0; 24.0; 21.0; 5.0; 13.0; 10.0; 27.0; 8.0; 17.0;;]
