first,second
s_box,[0.0; 13.0; 0.0; 19.0; 24.0; 13.0; 0.0; 0.0; 0.0; 0.0;;]
x_pb,"[18.0, 17.0, 45.0, -0.0, 52.0, -0.0]"
s_bb,[0.0; 13.0; 0.0; 19.0; 24.0; 13.0; 0.0; 0.0; 0.0; 0.0;;]
partition_bb,"[[[11.0, 28.0, 45.0, 18.0, 13.0, 10.0, 7.0, 2.0, 0.0, 0.0], [12.0, 17.0, 12.0, 9.0, 7.0, 7.0, 10.0, 10.0, 17.0, 10.0], [0.0, 0.0, 0.0, 19.0, 24.0, 10.0, 7.0, 2.0, 0.0, 0.0], [18.0, 1.0, 0.0, 0.0, 0.0, 0.0, 0.0, 0.0, 0.0, 0.0], [0.0, 0.0, 17.0, 19.0, 14.0, 13.0, 10.0, 15.0, 4.0, 0.0], [13.0, 30.0, 37.0, 19.0, 16.0, 2.0, 0.0, 0.0, 11.0, 4.0]]]"
y_box,[18.0 -0.0 -0.0 -0.0 -0.0 -0.0 -0.0 -0.0 -0.0 -0.0; -0.0 17.0 -0.0 -0.0 -0.0 -0.0 -0.0 -0.0 -0.0 -0.0; -0.0 -0.0 45.0 -0.0 -0.0 -0.0 -0.0 -0.0 -0.0 -0.0; -0.0 -0.0 -0.0 0.0 0.0 -0.0 -0.0 -0.0 -0.0 -0.0; -0.0 -0.0 -0.0 -0.0 -0.0 0.0 10.0 15.0 17.0 10.0; -0.0 -0.0 -0.0 -0.0 -0.0 -0.0 -0.0 -0.0 -0.0 -0.0;;;]
evol_bb,"[[0.345, 8.1987209471832095e6]]"
y_bb,[18.0 -0.0 -0.0 -0.0 -0.0 -0.0 -0.0 -0.0 -0.0 -0.0; -0.0 17.0 -0.0 -0.0 -0.0 -0.0 -0.0 -0.0 -0.0 -0.0; -0.0 -0.0 45.0 -0.0 -0.0 -0.0 -0.0 -0.0 -0.0 -0.0; -0.0 -0.0 -0.0 0.0 0.0 -0.0 -0.0 -0.0 -0.0 -0.0; -0.0 -0.0 -0.0 -0.0 -0.0 0.0 10.0 15.0 17.0 10.0; -0.0 -0.0 -0.0 -0.0 -0.0 -0.0 -0.0 -0.0 -0.0 -0.0;;;]
evol_box,"[[0.768, 0.0], [2.918, 239742.6973443705], [3.018, 4.87233345799665e6], [3.023, 6.654368811181315e6], [3.028, 7.367129449030365e6], [3.033, 7.961116233425253e6], [3.038, 8.1987209471832095e6]]"
y_pb,[[18.0 -0.0 -0.0 -0.0 -0.0 -0.0 -0.0 -0.0 -0.0 -0.0; -0.0 17.0 -0.0 -0.0 -0.0 -0.0 -0.0 -0.0 -0.0 -0.0; -0.0 -0.0 45.0 -0.0 -0.0 -0.0 -0.0 -0.0 -0.0 -0.0; -0.0 -0.0 -0.0 0.0 -0.0 -0.0 -0.0 -0.0 -0.0 -0.0; -0.0 -0.0 -0.0 -0.0 -0.0 -0.0 10.0 15.0 17.0 10.0; -0.0 -0.0 -0.0 -0.0 -0.0 -0.0 -0.0 -0.0 -0.0 0.0;;;]]
x_bb,"[18.0, 17.0, 45.0, 0.0, 52.0, 0.0]"
x_box,"[18.0, 17.0, 45.0, 0.0, 52.0, 0.0]"
evol_zeta,"[[2.444, 44.75], [3.016, 17.0], [3.021, 11.0], [3.026, 6.0], [3.031, 5.0], [3.036, 2.0], [3.04, 0.0]]"
ξ_box,[18.0; 30.0; 45.0; 19.0; 24.0; 13.0; 10.0; 15.0; 17.0; 10.0;;]
