first,second
s_box,[0.0 20.0 0.0 20.0 0.0; 0.0 6.0 15.0 0.0 15.0; 0.0 0.0 5.0 0.0 0.0; 0.0 0.0 0.0 0.0 0.0; 0.0 0.0 0.0 0.0 0.0; 25.0 0.0 0.0 17.0 0.0; 26.0 0.0 0.0 19.0 23.0; 5.0 16.0 14.0 15.0 0.0; 4.0 29.0 0.0 0.0 23.0; 12.0 0.0 37.0 0.0 10.0]
x_pb,"[36.0, 38.0, 91.0, -0.0, 6.0, -0.0]"
s_bb,[-0.0 -0.0 -0.0 -0.0 -0.0; -0.0 2.0 -0.0 -0.0 -0.0; -0.0 -0.0 -0.0 -0.0 -0.0; -0.0 -0.0 -0.0 -0.0 -0.0; -0.0 45.0 -0.0 -0.0 -0.0; 27.0 -0.0 -0.0 -0.0 -0.0; 26.0 -0.0 -0.0 -0.0 -0.0; 9.0 -0.0 -0.0 -0.0 -0.0; 29.0 12.0 -0.0 -0.0 -0.0; 37.0 -0.0 -0.0 -0.0 -0.0]
partition_bb,"[[[9.0, 14.0, 37.0, 46.0, 40.0, 13.0, 12.0, 3.0, 0.0, 0.0], [9.0, 15.0, 2.0, 11.0, 5.0, 25.0, 24.0, 14.0, 29.0, 37.0], [21.0, 15.0, 5.0, 10.0, 16.0, 11.0, 12.0, 16.0, 29.0, 37.0], [5.0, 10.0, 33.0, 38.0, 44.0, 17.0, 16.0, 7.0, 4.0, 0.0], [8.0, 13.0, 36.0, 27.0, 25.0, 27.0, 26.0, 7.0, 2.0, 0.0], [11.0, 15.0, 38.0, 35.0, 41.0, 14.0, 13.0, 4.0, 0.0, 0.0]], [[6.0, 11.0, 34.0, 39.0, 45.0, 18.0, 17.0, 8.0, 0.0, 0.0], [10.0, 15.0, 38.0, 29.0, 27.0, 3.0, 2.0, 16.0, 12.0, 20.0]], Vector{Float64}[], Vector{Float64}[], Vector{Float64}[]]"
y_box,[21.0 15.0 0.0 0.0 0.0 0.0 0.0 0.0 0.0 0.0; 0.0 0.0 37.0 0.0 0.0 0.0 0.0 0.0 0.0 0.0; 0.0 0.0 0.0 46.0 41.0 0.0 0.0 0.0 0.0 0.0; 0.0 0.0 0.0 0.0 0.0 0.0 0.0 0.0 0.0 0.0; 0.0 0.0 0.0 0.0 0.0 0.0 0.0 11.0 0.0 0.0; 0.0 0.0 0.0 0.0 0.0 0.0 0.0 0.0 0.0 0.0;;; 1.0 9.0 0.0 0.0 25.0 0.0 0.0 0.0 0.0 0.0; 0.0 0.0 0.0 0.0 0.0 0.0 0.0 0.0 0.0 37.0; 0.0 0.0 36.0 36.0 10.0 0.0 5.0 0.0 0.0 0.0; 0.0 0.0 0.0 0.0 0.0 0.0 0.0 0.0 0.0 0.0; 0.0 0.0 0.0 0.0 0.0 8.0 2.0 0.0 0.0 0.0; 0.0 0.0 0.0 0.0 0.0 0.0 0.0 0.0 0.0 0.0;;; 0.0 0.0 0.0 0.0 0.0 0.0 7.0 0.0 29.0 0.0; 21.0 0.0 16.0 0.0 0.0 0.0 0.0 0.0 0.0 0.0; 0.0 0.0 0.0 23.0 29.0 16.0 19.0 0.0 0.0 0.0; 0.0 0.0 0.0 0.0 0.0 0.0 0.0 0.0 0.0 0.0; 0.0 0.0 0.0 0.0 0.0 11.0 0.0 0.0 0.0 0.0; 0.0 0.0 0.0 0.0 0.0 0.0 0.0 0.0 0.0 0.0;;; 0.0 14.0 0.0 0.0 0.0 0.0 0.0 0.0 0.0 22.0; 0.0 0.0 0.0 25.0 0.0 0.0 0.0 0.0 12.0 0.0; 0.0 0.0 33.0 17.0 36.0 1.0 0.0 0.0 0.0 0.0; 0.0 0.0 0.0 0.0 0.0 0.0 0.0 0.0 0.0 0.0; 0.0 0.0 0.0 0.0 0.0 0.0 0.0 0.0 7.0 4.0; 0.0 0.0 0.0 0.0 0.0 0.0 0.0 0.0 0.0 0.0;;; 0.0 0.0 23.0 0.0 0.0 13.0 0.0 0.0 0.0 0.0; 9.0 0.0 0.0 7.0 0.0 0.0 0.0 0.0 0.0 21.0; 0.0 0.0 9.0 25.0 37.0 0.0 0.0 16.0 0.0 0.0; 0.0 0.0 0.0 0.0 0.0 0.0 0.0 0.0 0.0 0.0; 0.0 0.0 0.0 0.0 0.0 11.0 0.0 0.0 0.0 0.0; 0.0 0.0 0.0 0.0 0.0 0.0 0.0 0.0 0.0 0.0]
evol_bb,"[[5.355, 1.3826181691797199e7], [26.369, 1.3719016084686343e7]]"
y_bb,[21.0 15.0 -0.0 -0.0 -0.0 -0.0 -0.0 -0.0 -0.0 -0.0; -0.0 -0.0 38.0 -0.0 -0.0 -0.0 -0.0 -0.0 -0.0 -0.0; -0.0 -0.0 0.0 46.0 44.0 -0.0 -0.0 -0.0 -0.0 -0.0; -0.0 -0.0 -0.0 -0.0 0.0 0.0 -0.0 -0.0 -0.0 -0.0; -0.0 -0.0 -0.0 -0.0 -0.0 -0.0 0.0 7.0 -0.0 -0.0; -0.0 -0.0 -0.0 -0.0 -0.0 -0.0 -0.0 -0.0 0.0 0.0;;; -0.0 -0.0 1.0 0.0 -0.0 18.0 17.0 -0.0 -0.0 -0.0; -0.0 2.0 -0.0 -0.0 -0.0 -0.0 -0.0 16.0 -0.0 20.0; 10.0 11.0 30.0 39.0 0.0 0.0 -0.0 -0.0 -0.0 -0.0; -0.0 -0.0 -0.0 -0.0 -0.0 -0.0 -0.0 0.0 0.0 -0.0; -0.0 -0.0 7.0 -0.0 -0.0 -0.0 -0.0 -0.0 -0.0 -0.0; -0.0 -0.0 -0.0 -0.0 -0.0 -0.0 -0.0 0.0 -0.0 -0.0;;; -0.0 -0.0 -0.0 -0.0 -0.0 -0.0 -0.0 -0.0 -0.0 -0.0; -0.0 -0.0 -0.0 -0.0 -0.0 -0.0 -0.0 -0.0 -0.0 -0.0; -0.0 -0.0 -0.0 -0.0 -0.0 -0.0 -0.0 -0.0 -0.0 -0.0; -0.0 -0.0 -0.0 -0.0 -0.0 -0.0 -0.0 -0.0 -0.0 -0.0; -0.0 -0.0 -0.0 -0.0 -0.0 -0.0 -0.0 -0.0 -0.0 -0.0; -0.0 -0.0 -0.0 -0.0 -0.0 -0.0 -0.0 -0.0 -0.0 -0.0;;; -0.0 -0.0 -0.0 -0.0 -0.0 -0.0 -0.0 -0.0 -0.0 -0.0; -0.0 -0.0 -0.0 -0.0 -0.0 -0.0 -0.0 -0.0 -0.0 -0.0; -0.0 -0.0 -0.0 -0.0 -0.0 -0.0 -0.0 -0.0 -0.0 -0.0; -0.0 -0.0 -0.0 -0.0 -0.0 -0.0 -0.0 -0.0 -0.0 -0.0; -0.0 -0.0 -0.0 -0.0 -0.0 -0.0 -0.0 -0.0 -0.0 -0.0; -0.0 -0.0 -0.0 -0.0 -0.0 -0.0 -0.0 -0.0 -0.0 -0.0;;; -0.0 -0.0 -0.0 -0.0 -0.0 -0.0 -0.0 -0.0 -0.0 -0.0; -0.0 -0.0 -0.0 -0.0 -0.0 -0.0 -0.0 -0.0 -0.0 -0.0; -0.0 -0.0 -0.0 -0.0 -0.0 -0.0 -0.0 -0.0 -0.0 -0.0; -0.0 -0.0 -0.0 -0.0 -0.0 -0.0 -0.0 -0.0 -0.0 -0.0; -0.0 -0.0 -0.0 -0.0 -0.0 -0.0 -0.0 -0.0 -0.0 -0.0; -0.0 -0.0 -0.0 -0.0 -0.0 -0.0 -0.0 -0.0 -0.0 -0.0]
evol_box,"[[0.566, 0.0], [2.507, 323270.6316187697], [2.632, 323270.6316187697], [2.761, 752526.1900215966], [2.966, 752526.1900215967], [3.374, 752526.1900215966], [3.833, 752526.1900215966], [6.039, 4.396161717946815e6], [7.652, 4.396161717946814e6], [9.273, 4.502931520000501e6], [10.607, 5.038623566908742e6], [15.101, 5.038623566908742e6], [17.199, 5.253436090937821e6], [21.126, 5.35997012296833e6], [25.388, 5.895963399255282e6], [29.275, 6.324609908968203e6], [34.823, 6.325037657499977e6], [45.226, 6.645935394220441e6], [52.1, 6.646512686157501e6], [70.878, 6.646512686157501e6], [79.443, 6.646512686157502e6], [88.777, 6.753613078506758e6], [101.281, 6.860830432115261e6], [116.339, 6.967932507402492e6], [183.723, 7.181775855552001e6], [207.016, 7.18182918472868e6], [265.571, 7.289188734262884e6], [348.516, 7.289051410787215e6], [414.187, 7.289407921619643e6], [468.375, 7.396123559183191e6], [729.926, 7.5033496656213645e6], [915.664, 7.610569894827752e6], [1076.336, 7.610445739461781e6], [1304.166, 7.610766507051695e6], [1390.087, 7.71769048441763e6], [3600.039, 7.717613831728091e6]]"
y_pb,[[21.0 15.0 -0.0 -0.0 -0.0 -0.0 -0.0 -0.0 -0.0 -0.0; -0.0 -0.0 38.0 -0.0 -0.0 -0.0 -0.0 -0.0 -0.0 -0.0; -0.0 -0.0 -0.0 46.0 45.0 -0.0 -0.0 -0.0 -0.0 -0.0; -0.0 -0.0 -0.0 -0.0 0.0 -0.0 -0.0 -0.0 -0.0 -0.0; -0.0 -0.0 -0.0 -0.0 -0.0 -0.0 -0.0 6.0 -0.0 -0.0; -0.0 -0.0 -0.0 -0.0 -0.0 -0.0 -0.0 -0.0 0.0 -0.0;;;]]
x_bb,"[36.0, 38.0, 90.0, -0.0, 7.0, 0.0]"
x_box,"[36.0, 37.0, 87.0, 0.0, 11.0, 0.0]"
evol_zeta,"[[2.026, 45.625], [2.604, 37.0], [2.652, 34.222222222222214], [2.77, 21.0], [2.988, 21.0], [3.404, 21.0], [3.854, 19.0], [6.073, 15.999999999999943], [7.699, 16.000000000000004], [9.298, 14.875], [10.636, 15.222222222222207], [15.148, 14.0], [17.237, 14.000000000000002], [21.157, 14.5], [25.405, 12.875001874169373], [29.308, 12.5], [34.849, 12.0], [45.249, 11.100000000000001], [52.141, 11.444444444444443], [70.909, 11.333333333333318], [79.47, 11.142857142857142], [88.803, 11.25], [101.306, 10.299999999999997], [116.37, 11.100000000000001], [183.745, 10.0], [207.062, 10.5], [265.648, 11.1111111111111], [348.549, 10.124999999999998], [414.229, 9.777777777777779], [468.419, 9.555555555555557], [729.963, 10.444444444444443], [915.701, 9.5], [1076.362, 8.0], [1304.201, 8.499999999999998], [1390.114, 8.75], [3600.061, 0.0]]"
ξ_box,[21.0 21.0 21.0 20.0 9.0; 15.0 15.0 15.0 14.0 15.0; 37.0 36.0 21.0 33.0 32.0; 46.0 36.0 23.0 42.0 32.0; 41.0 35.0 29.0 36.0 37.00000000000001; 25.0 8.0 27.0 18.0 24.0; 26.0 7.0 26.0 19.0 23.0; 16.0 15.0 14.0 14.0 16.0; 4.0 29.0 29.0 19.0 23.0; 12.0 37.0 37.0 26.0 31.0]
