first,second
s_box,[30.0; 14.0; 21.0; 23.0; 15.0; 0.0; 0.0; 0.0; 0.0; 37.0;;]
x_pb,"[-0.0, 0.0, 12.0, 44.0, 45.0, 57.0]"
s_bb,[30.0; 14.0; 21.0; 23.0; 15.0; 0.0; 0.0; 0.0; 0.0; 37.0;;]
partition_bb,"[[[0.0, 1.0, 8.0, 10.0, 14.0, 41.0, 45.0, 18.0, 17.0, 9.0], [30.0, 14.0, 7.0, 5.0, 4.0, 31.0, 35.0, 10.0, 7.0, 17.0], [0.0, 0.0, 0.0, 0.0, 0.0, 0.0, 1.0, 24.0, 27.0, 37.0], [30.0, 14.0, 21.0, 23.0, 27.0, 22.0, 18.0, 3.0, 0.0, 0.0], [0.0, 0.0, 3.0, 5.0, 9.0, 36.0, 32.0, 30.0, 27.0, 17.0], [0.0, 4.0, 11.0, 13.0, 17.0, 44.0, 40.0, 13.0, 12.0, 4.0]]]"
y_box,[-0.0 -0.0 -0.0 -0.0 -0.0 -0.0 -0.0 -0.0 -0.0 -0.0; 0.0 -0.0 -0.0 -0.0 -0.0 -0.0 -0.0 -0.0 -0.0 -0.0; -0.0 0.0 0.0 0.0 12.0 -0.0 -0.0 -0.0 -0.0 -0.0; -0.0 -0.0 -0.0 -0.0 -0.0 44.0 -0.0 -0.0 -0.0 -0.0; -0.0 -0.0 -0.0 -0.0 -0.0 -0.0 45.0 -0.0 -0.0 -0.0; -0.0 -0.0 -0.0 -0.0 -0.0 -0.0 -0.0 30.0 27.0 0.0;;;]
evol_bb,"[[0.287, 1.7838568598450363e7]]"
y_bb,[-0.0 -0.0 -0.0 -0.0 -0.0 -0.0 -0.0 -0.0 -0.0 -0.0; 0.0 -0.0 -0.0 -0.0 -0.0 -0.0 -0.0 -0.0 -0.0 -0.0; -0.0 0.0 0.0 0.0 12.0 -0.0 -0.0 -0.0 -0.0 -0.0; -0.0 -0.0 -0.0 -0.0 -0.0 44.0 -0.0 -0.0 -0.0 -0.0; -0.0 -0.0 -0.0 -0.0 -0.0 -0.0 45.0 -0.0 -0.0 -0.0; -0.0 -0.0 -0.0 -0.0 -0.0 -0.0 -0.0 30.0 27.0 0.0;;;]
evol_box,"[[0.428, 0.0], [2.1, 639209.8168720504], [2.173, 1.083155228250207e7], [2.177, 1.7201583043893497e7], [2.182, 1.7583758865512237e7], [2.185, 1.7838568598450363e7]]"
y_pb,[[0.0 -0.0 -0.0 -0.0 -0.0 -0.0 -0.0 -0.0 -0.0 -0.0; -0.0 -0.0 -0.0 -0.0 -0.0 -0.0 -0.0 -0.0 -0.0 -0.0; -0.0 -0.0 -0.0 -0.0 12.0 -0.0 -0.0 -0.0 -0.0 -0.0; -0.0 -0.0 -0.0 -0.0 -0.0 44.0 -0.0 -0.0 -0.0 -0.0; -0.0 -0.0 -0.0 -0.0 -0.0 -0.0 45.0 -0.0 -0.0 -0.0; -0.0 -0.0 -0.0 -0.0 -0.0 -0.0 -0.0 30.0 27.0 -0.0;;;]]
x_bb,"[0.0, 0.0, 12.0, 44.0, 45.0, 57.0]"
x_box,"[0.0, 0.0, 12.0, 44.0, 45.0, 57.0]"
evol_zeta,"[[1.718, 44.44444444444444], [2.172, 30.0], [2.176, 28.0], [2.18, 3.0], [2.184, 2.0], [2.188, 0.0]]"
ξ_box,[30.0; 14.0; 21.0; 23.0; 27.0; 44.0; 45.0; 30.0; 27.0; 37.0;;]
