first,second
s_box,[18.0 30.0 0.0 20.0 30.0; 0.0 14.0 14.0 14.0 14.0; 13.0 21.0 21.0 6.0 0.0; 14.0 6.0 0.0 2.0 0.0; 0.0 0.0 0.0 1.0 0.0; 0.0 0.0 0.0 5.0 0.0; 0.0 0.0 18.0 0.0 0.0; 0.0 0.0 9.0 24.0 0.0; 0.0 0.0 13.0 0.0 4.0; 30.0 5.0 0.0 3.0 28.0]
x_pb,"[-0.0, 0.0, 12.0, 44.0, 45.0, 57.0]"
s_bb,[30.0 30.0 -0.0 -0.0 -0.0; 14.0 14.0 -0.0 -0.0 -0.0; 12.0 21.0 -0.0 -0.0 -0.0; 16.0 23.0 -0.0 -0.0 -0.0; 26.0 10.0 -0.0 -0.0 -0.0; -0.0 -0.0 -0.0 -0.0 -0.0; -0.0 -0.0 -0.0 -0.0 -0.0; -0.0 -0.0 -0.0 -0.0 -0.0; -0.0 -0.0 -0.0 -0.0 -0.0; 37.0 37.0 -0.0 -0.0 -0.0]
partition_bb,"[[[0.0, 1.0, 8.0, 10.0, 14.0, 41.0, 45.0, 18.0, 17.0, 9.0], [30.0, 14.0, 19.0, 21.0, 26.0, 23.0, 27.0, 0.0, 0.0, 0.0], [28.0, 12.0, 5.0, 3.0, 0.0, 9.0, 13.0, 24.0, 27.0, 37.0], [6.0, 6.0, 12.0, 13.0, 19.0, 6.0, 3.0, 30.0, 27.0, 37.0], [6.0, 4.0, 11.0, 13.0, 17.0, 44.0, 40.0, 13.0, 12.0, 4.0]], [[0.0, 0.0, 4.0, 5.0, 11.0, 28.0, 24.0, 24.0, 27.0, 37.0], [0.0, 9.0, 2.0, 3.0, 7.0, 34.0, 30.0, 30.0, 27.0, 17.0], [0.0, 4.0, 11.0, 13.0, 17.0, 44.0, 40.0, 13.0, 12.0, 4.0], [3.0, 4.0, 11.0, 13.0, 17.0, 44.0, 40.0, 13.0, 12.0, 4.0], [30.0, 14.0, 21.0, 23.0, 27.0, 0.0, 0.0, 16.0, 19.0, 9.0]], Vector{Float64}[], Vector{Float64}[], Vector{Float64}[]]"
y_box,[0.0 0.0 0.0 0.0 0.0 0.0 0.0 0.0 0.0 0.0; 0.0 0.0 0.0 0.0 0.0 0.0 0.0 0.0 0.0 0.0; 4.0 0.0 0.0 0.0 0.0 7.0 33.0 0.0 0.0 0.0; 0.0 7.0 0.0 0.0 19.0 0.0 12.0 0.0 0.0 0.0; 0.0 0.0 0.0 0.0 0.0 34.0 0.0 0.0 0.0 0.0; 0.0 0.0 0.0 0.0 1.0 0.0 0.0 21.0 20.0 0.0;;; 0.0 0.0 0.0 0.0 0.0 0.0 0.0 0.0 0.0 0.0; 0.0 0.0 0.0 0.0 0.0 0.0 0.0 0.0 0.0 0.0; 0.0 0.0 0.0 17.0 27.0 0.0 0.0 0.0 0.0 0.0; 0.0 0.0 0.0 0.0 0.0 38.0 0.0 0.0 0.0 0.0; 0.0 0.0 0.0 0.0 0.0 0.0 34.0 0.0 0.0 0.0; 0.0 0.0 0.0 0.0 0.0 0.0 0.0 19.0 16.0 7.0;;; 0.0 0.0 0.0 0.0 0.0 0.0 0.0 0.0 0.0 0.0; 0.0 0.0 0.0 0.0 0.0 0.0 0.0 0.0 0.0 0.0; 0.0 0.0 0.0 0.0 0.0 0.0 10.0 8.0 0.0 26.0; 0.0 0.0 0.0 0.0 27.0 0.0 0.0 0.0 0.0 11.0; 0.0 0.0 0.0 0.0 0.0 28.0 0.0 0.0 6.0 0.0; 0.0 0.0 0.0 21.0 0.0 0.0 0.0 13.0 8.0 0.0;;; 0.0 0.0 0.0 0.0 0.0 0.0 0.0 0.0 0.0 0.0; 0.0 0.0 0.0 0.0 0.0 0.0 0.0 0.0 0.0 0.0; 0.0 0.0 0.0 0.0 0.0 0.0 9.0 1.0 0.0 34.0; 0.0 0.0 9.0 0.0 0.0 0.0 0.0 2.0 27.0 0.0; 0.0 0.0 0.0 14.0 0.0 20.0 0.0 0.0 0.0 0.0; 10.0 0.0 0.0 0.0 21.0 0.0 11.0 0.0 0.0 0.0;;; 0.0 0.0 0.0 0.0 0.0 0.0 0.0 0.0 0.0 0.0; 0.0 0.0 0.0 0.0 0.0 0.0 0.0 0.0 0.0 0.0; 0.0 0.0 8.0 9.0 15.0 12.0 0.0 0.0 0.0 0.0; 0.0 0.0 0.0 0.0 0.0 23.0 15.0 0.0 0.0 0.0; 0.0 0.0 0.0 0.0 0.0 0.0 23.0 11.0 0.0 0.0; 0.0 0.0 0.0 0.0 0.0 0.0 0.0 19.0 23.0 0.0]
evol_bb,"[[6.061, 1.7838568598450363e7], [29.256, 1.720161596682028e7], [2706.724, 1.7201615966820277e7]]"
y_bb,[0.0 -0.0 -0.0 -0.0 -0.0 -0.0 -0.0 -0.0 -0.0 -0.0; 0.0 -0.0 -0.0 -0.0 -0.0 -0.0 -0.0 -0.0 -0.0 -0.0; 0.0 0.0 7.0 5.0 0.0 5.0 -0.0 -0.0 -0.0 -0.0; -0.0 -0.0 -0.0 -0.0 -0.0 39.0 5.0 -0.0 -0.0 -0.0; -0.0 -0.0 -0.0 -0.0 -0.0 -0.0 40.0 -0.0 -0.0 -0.0; -0.0 -0.0 -0.0 -0.0 -0.0 -0.0 0.0 30.0 27.0 -0.0;;; 0.0 -0.0 -0.0 -0.0 -0.0 -0.0 -0.0 -0.0 -0.0 -0.0; 0.0 0.0 0.0 -0.0 -0.0 -0.0 -0.0 -0.0 -0.0 -0.0; -0.0 -0.0 -0.0 0.0 17.0 -0.0 -0.0 -0.0 -0.0 -0.0; -0.0 -0.0 -0.0 -0.0 -0.0 44.0 -0.0 -0.0 -0.0 -0.0; -0.0 -0.0 -0.0 -0.0 -0.0 0.0 40.0 -0.0 -0.0 -0.0; -0.0 -0.0 -0.0 -0.0 -0.0 -0.0 -0.0 30.0 27.0 0.0;;; -0.0 -0.0 -0.0 -0.0 -0.0 -0.0 -0.0 -0.0 -0.0 -0.0; -0.0 -0.0 -0.0 -0.0 -0.0 -0.0 -0.0 -0.0 -0.0 -0.0; -0.0 -0.0 -0.0 -0.0 -0.0 -0.0 -0.0 -0.0 -0.0 -0.0; -0.0 -0.0 -0.0 -0.0 -0.0 -0.0 -0.0 -0.0 -0.0 -0.0; -0.0 -0.0 -0.0 -0.0 -0.0 -0.0 -0.0 -0.0 -0.0 -0.0; -0.0 -0.0 -0.0 -0.0 -0.0 -0.0 -0.0 -0.0 -0.0 -0.0;;; -0.0 -0.0 -0.0 -0.0 -0.0 -0.0 -0.0 -0.0 -0.0 -0.0; -0.0 -0.0 -0.0 -0.0 -0.0 -0.0 -0.0 -0.0 -0.0 -0.0; -0.0 -0.0 -0.0 -0.0 -0.0 -0.0 -0.0 -0.0 -0.0 -0.0; -0.0 -0.0 -0.0 -0.0 -0.0 -0.0 -0.0 -0.0 -0.0 -0.0; -0.0 -0.0 -0.0 -0.0 -0.0 -0.0 -0.0 -0.0 -0.0 -0.0; -0.0 -0.0 -0.0 -0.0 -0.0 -0.0 -0.0 -0.0 -0.0 -0.0;;; -0.0 -0.0 -0.0 -0.0 -0.0 -0.0 -0.0 -0.0 -0.0 -0.0; -0.0 -0.0 -0.0 -0.0 -0.0 -0.0 -0.0 -0.0 -0.0 -0.0; -0.0 -0.0 -0.0 -0.0 -0.0 -0.0 -0.0 -0.0 -0.0 -0.0; -0.0 -0.0 -0.0 -0.0 -0.0 -0.0 -0.0 -0.0 -0.0 -0.0; -0.0 -0.0 -0.0 -0.0 -0.0 -0.0 -0.0 -0.0 -0.0 -0.0; -0.0 -0.0 -0.0 -0.0 -0.0 -0.0 -0.0 -0.0 -0.0 -0.0]
evol_box,"[[0.463, 0.0], [2.326, 639209.8168720504], [2.472, 639209.8168720504], [2.517, 639209.8168720504], [2.585, 639209.8168720504], [2.714, 639386.84952783], [4.181, 4.461780256512183e6], [5.47, 4.844795476496888e6], [7.699, 5.098980831877939e6], [10.505, 5.735374824652573e6], [13.545, 5.735374824652572e6], [17.272, 6.117950653476411e6], [21.488, 6.499814565586929e6], [26.041, 6.75505646650312e6], [31.916, 7.519590307133025e6], [37.423, 7.519595124548556e6], [43.957, 7.519595124548557e6], [51.855, 7.773852688157595e6], [63.969, 7.773852688157595e6], [75.979, 7.773852688157557e6], [92.23, 8.283289530355575e6], [107.243, 8.283289530355575e6], [126.114, 8.411329761209687e6], [169.33, 8.538639535205562e6], [194.004, 8.665757352893641e6], [239.347, 8.665980168294322e6], [280.641, 8.666377364492469e6], [312.237, 8.666377364492469e6], [361.915, 8.920428079842065e6], [471.769, 8.920785784742218e6], [518.737, 8.921152228099085e6], [609.198, 9.047933281339832e6], [723.543, 9.047933281339832e6], [868.047, 9.047933281339832e6], [996.774, 9.048493426383354e6], [1220.699, 9.30300186247805e6], [1384.753, 9.430363432694077e6], [1541.844, 9.430363432694077e6], [1605.673, 9.430451581959318e6], [1860.037, 9.430439281016624e6], [2357.46, 9.684895827196963e6], [2937.03, 9.685052238968004e6], [3600.036, 9.68514173106505e6]]"
y_pb,[[0.0 -0.0 -0.0 -0.0 -0.0 -0.0 -0.0 -0.0 -0.0 -0.0; -0.0 -0.0 -0.0 -0.0 -0.0 -0.0 -0.0 -0.0 -0.0 -0.0; -0.0 -0.0 -0.0 -0.0 12.0 -0.0 -0.0 -0.0 -0.0 -0.0; -0.0 -0.0 -0.0 -0.0 -0.0 44.0 -0.0 -0.0 -0.0 -0.0; -0.0 -0.0 -0.0 -0.0 -0.0 -0.0 45.0 -0.0 -0.0 -0.0; -0.0 -0.0 -0.0 -0.0 -0.0 -0.0 -0.0 30.0 27.0 -0.0;;;]]
x_bb,"[-0.0, -0.0, 17.0, 44.0, 40.0, 57.0]"
x_box,"[0.0, 0.0, 44.0, 38.0, 34.0, 42.0]"
evol_zeta,"[[1.839, 44.44444444444444], [2.423, 30.0], [2.476, 30.0], [2.536, 28.0], [2.622, 27.6], [2.738, 20.700000000000003], [4.266, 18.571428571428573], [5.486, 18.0], [7.736, 18.11111111111111], [10.618, 16.20000000000001], [13.564, 15.333333333333334], [17.375, 16.700000000000003], [21.516, 13.0], [26.053, 13.888888888888886], [31.931, 12.500000000000007], [37.523, 11.700000000000001], [43.995, 11.0], [51.895, 10.444444444444443], [64.012, 11.0], [76.031, 10.099999999999984], [92.242, 11.0], [107.273, 11.0], [126.14, 9.999999999999984], [169.405, 11.5], [194.079, 10.000001499726505], [239.373, 8.999999999999998], [280.696, 10.100000000000001], [312.29, 9.099999999999994], [361.932, 10.600000000000001], [471.946, 9.222222222222221], [518.833, 10.875], [609.275, 7.9999999999999964], [723.598, 8.700000000000003], [868.118, 7.777777777777779], [996.829, 9.000000094221804], [1220.856, 8.11111111111111], [1384.774, 9.0], [1541.881, 9.0], [1605.72, 9.11111111111111], [1860.091, 8.999999999999988], [2357.527, 9.49999999999999], [2937.055, 8.899999999999999], [3600.05, 0.0]]"
ξ_box,[20.0 30.0 0.0 30.0 30.0; 7.0 14.0 14.0 14.0 14.0; 13.0 21.0 21.0 15.0 8.0; 14.0 23.0 21.0 16.0 9.0; 20.0 27.0 27.0 22.0 15.0; 41.0 38.0 28.0 25.0 35.0; 45.0 34.0 28.0 20.0 38.0; 21.0 19.0 30.0 27.0 30.0; 20.0 16.0 27.0 27.0 27.0; 30.0 12.0 37.0 37.0 28.0]
