first,second
s_box,[0.0; 0.0; 0.0; 0.0; 26.0; 15.0; 6.0; 35.0; 46.0; 61.0;;]
x_pb,"[114.0, 44.0, -0.0, -0.0, -0.0, 13.0]"
s_bb,[0.0; 0.0; 0.0; 0.0; 26.0; 15.0; 6.0; 35.0; 46.0; 61.0;;]
partition_bb,"[[[0.0, 0.0, 0.0, 0.0, 3.0, 14.0, 18.0, 34.0, 41.0, 61.0], [36.0, 37.0, 40.0, 44.0, 5.0, 0.0, 0.0, 0.0, 0.0, 0.0], [0.0, 0.0, 0.0, 0.0, 26.0, 15.0, 11.0, 0.0, 11.0, 0.0], [0.0, 0.0, 0.0, 0.0, 4.0, 15.0, 19.0, 35.0, 46.0, 26.0], [37.0, 35.0, 33.0, 28.0, 0.0, 0.0, 0.0, 0.0, 0.0, 0.0]]]"
y_box,[37.0 37.0 40.0 -0.0 -0.0 -0.0 -0.0 -0.0 -0.0 -0.0; -0.0 -0.0 -0.0 44.0 -0.0 -0.0 -0.0 -0.0 -0.0 -0.0; -0.0 -0.0 -0.0 -0.0 -0.0 -0.0 -0.0 -0.0 -0.0 -0.0; -0.0 -0.0 -0.0 -0.0 -0.0 -0.0 -0.0 -0.0 -0.0 -0.0; -0.0 -0.0 -0.0 -0.0 0.0 -0.0 -0.0 -0.0 -0.0 -0.0; -0.0 -0.0 -0.0 -0.0 -0.0 0.0 13.0 0.0 0.0 0.0;;;]
evol_bb,"[[0.283, 2.2329999117770754e7]]"
y_bb,[37.0 37.0 40.0 -0.0 -0.0 -0.0 -0.0 -0.0 -0.0 -0.0; -0.0 -0.0 -0.0 44.0 -0.0 -0.0 -0.0 -0.0 -0.0 -0.0; -0.0 -0.0 -0.0 -0.0 -0.0 -0.0 -0.0 -0.0 -0.0 -0.0; -0.0 -0.0 -0.0 -0.0 -0.0 -0.0 -0.0 -0.0 -0.0 -0.0; -0.0 -0.0 -0.0 -0.0 0.0 -0.0 -0.0 -0.0 -0.0 -0.0; -0.0 -0.0 -0.0 -0.0 -0.0 0.0 13.0 0.0 0.0 0.0;;;]
evol_box,"[[0.497, 0.0], [2.199, 4928.768406725828], [2.291, 1.8785812512374137e7], [2.296, 2.138488696301998e7], [2.3, 2.2211865197316386e7], [2.305, 2.2329999117770754e7]]"
y_pb,[[37.0 37.0 40.0 -0.0 -0.0 -0.0 -0.0 -0.0 -0.0 -0.0; -0.0 -0.0 -0.0 44.0 -0.0 -0.0 -0.0 -0.0 -0.0 -0.0; -0.0 -0.0 -0.0 0.0 -0.0 -0.0 -0.0 -0.0 -0.0 -0.0; -0.0 -0.0 -0.0 -0.0 0.0 -0.0 -0.0 -0.0 -0.0 -0.0; -0.0 -0.0 -0.0 -0.0 0.0 -0.0 -0.0 -0.0 -0.0 -0.0; -0.0 -0.0 -0.0 -0.0 -0.0 -0.0 13.0 -0.0 -0.0 -0.0;;;]]
x_bb,"[114.0, 44.0, 0.0, 0.0, 0.0, 13.0]"
x_box,"[114.0, 44.0, 0.0, 0.0, 0.0, 13.0]"
evol_zeta,"[[1.788, 61.0], [2.289, 44.0], [2.295, 21.0], [2.299, 5.0], [2.303, 1.0], [2.307, 0.0]]"
ξ_box,[37.0; 37.0; 40.0; 44.0; 26.0; 15.0; 19.0; 35.0; 46.0; 61.0;;]
