first,second
s_box,[0.0 16.0 11.0 38.0; 0.0 24.0 0.0 0.0; 15.0 3.0 0.0 0.0; 2.0 2.0 2.0 1.0; 4.0 4.0 0.0 0.0; 18.0 0.0 0.0 0.0; 0.0 0.0 21.0 0.0; 4.0 0.0 0.0 16.0; 13.0 0.0 21.0 0.0; 0.0 6.0 0.0 0.0]
x_pb,"[-0.0, 66.0, -0.0, -0.0, 38.0, 6.0]"
s_bb,[-0.0 -0.0 -0.0 -0.0; -0.0 -0.0 -0.0 -0.0; 15.0 -0.0 -0.0 -0.0; 2.0 -0.0 -0.0 -0.0; 5.0 -0.0 3.0 -0.0; 18.0 -0.0 -0.0 -0.0; -0.0 -0.0 -0.0 -0.0; 8.0 -0.0 -0.0 -0.0; 27.0 7.0 -0.0 -0.0; -0.0 -0.0 -0.0 -0.0]
partition_bb,"[[[38.0, 28.0, 4.0, 0.0, 0.0, 5.0, 7.0, 7.0, 13.0, 0.0], [7.0, 17.0, 0.0, 2.0, 4.0, 10.0, 14.0, 24.0, 27.0, 6.0], [11.0, 11.0, 15.0, 2.0, 4.0, 11.0, 11.0, 11.0, 13.0, 0.0], [18.0, 8.0, 8.0, 2.0, 4.0, 18.0, 22.0, 9.0, 4.0, 0.0], [38.0, 28.0, 4.0, 0.0, 5.0, 16.0, 16.0, 3.0, 0.0, 1.0]], [[34.0, 24.0, 0.0, 0.0, 5.0, 0.0, 4.0, 15.0, 22.0, 6.0], [34.0, 24.0, 0.0, 1.0, 5.0, 2.0, 4.0, 17.0, 24.0, 3.0]], [[18.0, 28.0, 15.0, 2.0, 5.0, 0.0, 0.0, 13.0, 20.0, 6.0], [0.0, 1.0, 0.0, 0.0, 5.0, 1.0, 5.0, 0.0, 0.0, 0.0]], Vector{Float64}[]]"
y_box,[0.0 0.0 0.0 0.0 0.0 0.0 0.0 0.0 0.0 0.0; 38.0 28.0 0.0 0.0 0.0 0.0 0.0 0.0 0.0 0.0; 0.0 0.0 0.0 0.0 0.0 0.0 0.0 0.0 0.0 0.0; 0.0 0.0 0.0 0.0 0.0 0.0 0.0 0.0 0.0 0.0; 0.0 0.0 0.0 0.0 0.0 0.0 22.0 16.0 0.0 0.0; 0.0 0.0 0.0 0.0 0.0 0.0 0.0 0.0 0.0 6.0;;; 0.0 0.0 0.0 0.0 0.0 0.0 0.0 0.0 0.0 0.0; 17.0 0.0 3.0 0.0 0.0 18.0 10.0 18.0 0.0 0.0; 0.0 0.0 0.0 0.0 0.0 0.0 0.0 0.0 0.0 0.0; 0.0 0.0 0.0 0.0 0.0 0.0 0.0 0.0 0.0 0.0; 0.0 0.0 0.0 0.0 0.0 0.0 12.0 0.0 26.0 0.0; 0.0 0.0 0.0 0.0 0.0 0.0 0.0 6.0 0.0 0.0;;; 0.0 0.0 0.0 0.0 0.0 0.0 0.0 0.0 0.0 0.0; 0.0 25.0 15.0 0.0 0.0 0.0 0.0 18.0 6.0 2.0; 0.0 0.0 0.0 0.0 0.0 0.0 0.0 0.0 0.0 0.0; 0.0 0.0 0.0 0.0 0.0 0.0 0.0 0.0 0.0 0.0; 9.0 0.0 0.0 0.0 3.0 18.0 1.0 3.0 0.0 4.0; 0.0 2.0 0.0 0.0 1.0 0.0 0.0 3.0 0.0 0.0;;; 0.0 0.0 0.0 0.0 0.0 0.0 0.0 0.0 0.0 0.0; 0.0 28.0 0.0 0.0 2.0 0.0 8.0 5.0 19.0 4.0; 0.0 0.0 0.0 0.0 0.0 0.0 0.0 0.0 0.0 0.0; 0.0 0.0 0.0 0.0 0.0 0.0 0.0 0.0 0.0 0.0; 0.0 0.0 14.0 0.0 0.0 15.0 9.0 0.0 0.0 0.0; 0.0 0.0 0.0 0.0 0.0 0.0 0.0 0.0 6.0 0.0]
evol_bb,"[[0.427, 8.874623727708451e6], [0.577, 8.870982113607889e6], [1.202, 8.870982113607887e6], [67.4, 8.870982113607885e6]]"
y_bb,[0.0 0.0 -0.0 -0.0 -0.0 -0.0 -0.0 -0.0 -0.0 -0.0; 38.0 28.0 -0.0 -0.0 -0.0 -0.0 -0.0 -0.0 -0.0 -0.0; -0.0 -0.0 0.0 -0.0 -0.0 -0.0 -0.0 -0.0 -0.0 -0.0; -0.0 -0.0 -0.0 -0.0 0.0 0.0 -0.0 -0.0 -0.0 -0.0; -0.0 -0.0 -0.0 -0.0 -0.0 -0.0 22.0 16.0 0.0 -0.0; -0.0 -0.0 -0.0 -0.0 -0.0 -0.0 -0.0 -0.0 -0.0 6.0;;; -0.0 -0.0 -0.0 -0.0 -0.0 0.0 -0.0 0.0 -0.0 -0.0; 24.0 24.0 -0.0 -0.0 5.0 2.0 -0.0 11.0 -0.0 -0.0; 0.0 -0.0 -0.0 -0.0 -0.0 -0.0 -0.0 -0.0 -0.0 -0.0; -0.0 -0.0 -0.0 -0.0 -0.0 -0.0 -0.0 0.0 -0.0 -0.0; 10.0 -0.0 -0.0 1.0 -0.0 -0.0 4.0 -0.0 17.0 6.0; -0.0 -0.0 -0.0 -0.0 -0.0 -0.0 -0.0 6.0 -0.0 -0.0;;; -0.0 -0.0 -0.0 -0.0 -0.0 -0.0 -0.0 -0.0 -0.0 -0.0; 18.0 11.0 -0.0 -0.0 2.0 1.0 1.0 13.0 20.0 0.0; -0.0 -0.0 -0.0 -0.0 -0.0 -0.0 -0.0 -0.0 -0.0 -0.0; -0.0 -0.0 -0.0 0.0 -0.0 -0.0 0.0 -0.0 -0.0 -0.0; -0.0 17.0 15.0 -0.0 -0.0 0.0 -0.0 -0.0 0.0 6.0; -0.0 -0.0 -0.0 2.0 -0.0 -0.0 4.0 0.0 -0.0 -0.0;;; -0.0 -0.0 -0.0 -0.0 -0.0 -0.0 -0.0 -0.0 -0.0 -0.0; -0.0 -0.0 -0.0 -0.0 -0.0 -0.0 -0.0 -0.0 -0.0 -0.0; -0.0 -0.0 -0.0 -0.0 -0.0 -0.0 -0.0 -0.0 -0.0 -0.0; -0.0 -0.0 -0.0 -0.0 -0.0 -0.0 -0.0 -0.0 -0.0 -0.0; -0.0 -0.0 -0.0 -0.0 -0.0 -0.0 -0.0 -0.0 -0.0 -0.0; -0.0 -0.0 -0.0 -0.0 -0.0 -0.0 -0.0 -0.0 -0.0 -0.0]
evol_box,"[[0.392, 0.0], [1.92, 1615.8975188735208], [2.008, 120677.48918317418], [2.033, 120677.48918317418], [2.067, 120677.48918317418], [2.12, 120677.48918317418], [2.238, 2.130726332240376e6], [2.714, 2.7221005829546005e6], [2.985, 2.7221005829546005e6], [3.364, 2.722116472482371e6], [3.827, 3.431622917801681e6], [4.167, 3.668028958672681e6], [4.492, 3.904489260411094e6], [4.947, 4.1408546479466613e6], [5.838, 4.495505209432674e6], [6.97, 4.495505209432675e6], [8.23, 4.732458398431809e6], [10.823, 4.850524143202365e6], [13.698, 4.968613880189215e6], [15.458, 5.205184664786657e6], [16.536, 5.2054255432985285e6], [17.968, 5.2054255432985285e6], [19.13, 5.2054255432985285e6], [20.985, 5.323374837128783e6], [23.399, 5.441733985955453e6], [26.199, 5.441898818415314e6], [31.482, 5.559877554747104e6], [34.15, 5.560181348628022e6], [37.666, 5.560167025798855e6], [42.478, 5.678085325411983e6], [46.295, 5.796312771855706e6], [49.078, 5.796335071065202e6], [59.738, 5.796633380014233e6], [67.732, 5.914592721648514e6], [73.026, 5.914592721648514e6], [78.432, 5.914868643342996e6], [93.574, 5.914886546879425e6], [106.358, 5.914898195403727e6], [114.423, 6.032825933697915e6], [143.852, 6.0329146377616245e6], [156.94, 6.1510436951873535e6], [175.395, 6.151084853129091e6], [187.151, 6.151218508607123e6], [199.872, 6.151356679047026e6], [219.872, 6.269348096895723e6], [239.836, 6.269357369852067e6], [262.663, 6.269389773904771e6], [317.583, 6.269405582057685e6], [333.397, 6.269603972940793e6], [358.778, 6.387560079397835e6], [467.033, 6.387560801427074e6], [598.81, 6.387603190859981e6], [627.649, 6.387611935676047e6], [685.614, 6.387611935676047e6], [709.998, 6.38763774331007e6], [740.086, 6.387658141661826e6], [772.339, 6.387826613969667e6], [803.866, 6.387837553336485e6], [1236.598, 6.505818271503076e6], [1313.501, 6.505818271503076e6], [2210.486, 6.505836763924001e6], [2311.601, 6.505861382965222e6], [2446.518, 6.505915136296978e6], [2584.369, 6.505917764443892e6], [2653.778, 6.506041523178421e6], [2730.718, 6.505971838622235e6], [2876.911, 6.506079780834857e6], [3034.837, 6.506123538376622e6], [3176.882, 6.624076463608316e6], [3600.019, 6.624076463608298e6]]"
y_pb,[[0.0 -0.0 -0.0 -0.0 -0.0 -0.0 -0.0 -0.0 -0.0 -0.0; 38.0 28.0 -0.0 -0.0 -0.0 -0.0 -0.0 -0.0 -0.0 -0.0; -0.0 -0.0 0.0 -0.0 -0.0 -0.0 -0.0 -0.0 -0.0 -0.0; -0.0 -0.0 -0.0 -0.0 -0.0 0.0 -0.0 -0.0 -0.0 -0.0; -0.0 -0.0 -0.0 -0.0 -0.0 -0.0 22.0 16.0 -0.0 -0.0; -0.0 -0.0 -0.0 -0.0 -0.0 -0.0 -0.0 -0.0 -0.0 6.000000000000001;;;]]
x_bb,"[0.0, 66.0, 0.0, -0.0, 38.0, 6.0]"
x_box,"[0.0, 66.0, 0.0, 0.0, 38.0, 6.0]"
evol_zeta,"[[1.99, 17.0], [2.011, 17.0], [2.041, 15.0], [2.074, 15.0], [2.128, 15.0], [2.247, 14.600000000000001], [2.724, 13.666666666666668], [2.995, 11.0], [3.371, 11.875], [3.836, 11.0], [4.173, 10.874999999999996], [4.5, 10.444444444444443], [4.955, 10.875], [5.846, 9.999999999999996], [6.98, 8.714285714285715], [8.242, 9.625], [10.829, 9.0], [13.706, 8.71428742274458], [15.464, 8.111111111111114], [16.544, 7.75], [17.973, 10.25], [19.14, 7.0], [20.997, 5.888888888888889], [23.409, 8.75], [26.211, 8.599999999999998], [31.492, 7.3749999999999964], [34.159, 7.5], [37.675, 6.166666666666664], [42.489, 5.777777777777778], [46.306, 4.0], [49.087, 7.25], [59.748, 6.0], [67.743, 7.666666666666664], [73.037, 7.444444444444443], [78.441, 6.0], [93.584, 6.0], [106.364, 6.0], [114.435, 6.428571428571431], [143.861, 5.375], [156.949, 5.0], [175.406, 6.0], [187.16, 4.777777777777779], [199.877, 5.0], [219.883, 3.999999999999999], [239.846, 7.222222222222222], [262.672, 4.375], [317.593, 5.0], [333.41, 4.0], [358.788, 5.0], [467.042, 5.5], [598.821, 3.625], [627.663, 5.0], [685.625, 5.5], [710.009, 5.750000000000001], [740.096, 5.0], [772.347, 5.142857142857143], [803.878, 5.142857142857142], [1236.611, 5.0], [1313.515, 4.555555555555554], [2210.501, 3.999999999999999], [2311.611, 4.222222222222221], [2446.533, 5.2857142857142865], [2584.383, 4.111111111111111], [2653.789, 5.25], [2730.729, 3.1111111111111107], [2876.924, 5.0], [3034.849, 5.0], [3176.895, 3.1111111111111107], [3600.035, 0.0]]"
ξ_box,[38.0 33.0 20.0 38.0; 28.0 24.0 27.0 28.0; 15.0 6.0 15.0 14.0; 2.0 2.0 2.0 1.0; 4.0 4.0 4.0 2.0; 18.0 18.0 18.0 15.0; 22.0 22.0 22.0 17.0; 20.0 24.0 24.0 21.0; 13.0 26.0 27.0 25.0; 6.0 6.0 6.0 4.0]
