first,second
s_box,[0.0; 0.0; 15.0; 2.0; 5.0; 18.0; 0.0; 8.0; 27.0; 0.0;;]
x_pb,"[-0.0, 66.0, -0.0, -0.0, 38.0, 6.0]"
s_bb,[0.0; 0.0; 15.0; 2.0; 5.0; 18.0; 0.0; 8.0; 27.0; 0.0;;]
partition_bb,"[[[38.0, 28.0, 4.0, 0.0, 0.0, 5.0, 7.0, 7.0, 13.0, 0.0], [0.0, 0.0, 0.0, 2.0, 4.0, 18.0, 14.0, 24.0, 17.0, 2.0], [0.0, 0.0, 15.0, 2.0, 0.0, 0.0, 0.0, 0.0, 0.0, 0.0], [0.0, 0.0, 0.0, 0.0, 4.0, 5.0, 7.0, 20.0, 27.0, 6.0], [0.0, 0.0, 0.0, 2.0, 4.0, 18.0, 22.0, 9.0, 2.0, 0.0], [10.0, 0.0, 15.0, 2.0, 5.0, 9.0, 13.0, 0.0, 0.0, 6.0]]]"
y_box,[-0.0 -0.0 -0.0 -0.0 -0.0 -0.0 -0.0 -0.0 -0.0 -0.0; 38.0 28.0 -0.0 -0.0 -0.0 -0.0 -0.0 -0.0 -0.0 -0.0; -0.0 -0.0 0.0 -0.0 -0.0 -0.0 -0.0 -0.0 -0.0 -0.0; -0.0 -0.0 -0.0 0.0 0.0 -0.0 -0.0 -0.0 -0.0 -0.0; -0.0 -0.0 -0.0 -0.0 -0.0 0.0 22.0 16.0 0.0 -0.0; -0.0 -0.0 -0.0 -0.0 -0.0 -0.0 -0.0 -0.0 -0.0 6.0;;;]
evol_bb,"[[0.281, 8.870982113607887e6]]"
y_bb,[-0.0 -0.0 -0.0 -0.0 -0.0 -0.0 -0.0 -0.0 -0.0 -0.0; 38.0 28.0 -0.0 -0.0 -0.0 -0.0 -0.0 -0.0 -0.0 -0.0; -0.0 -0.0 0.0 -0.0 -0.0 -0.0 -0.0 -0.0 -0.0 -0.0; -0.0 -0.0 -0.0 0.0 0.0 -0.0 -0.0 -0.0 -0.0 -0.0; -0.0 -0.0 -0.0 -0.0 -0.0 0.0 22.0 16.0 0.0 -0.0; -0.0 -0.0 -0.0 -0.0 -0.0 -0.0 -0.0 -0.0 -0.0 6.0;;;]
evol_box,"[[0.434, 0.0], [2.158, 1615.8975188735258], [2.235, 4.850282552391477e6], [2.238, 7.097172975236765e6], [2.242, 8.516214789854689e6], [2.245, 8.752723921502648e6], [2.248, 8.870982113607887e6]]"
y_pb,[[0.0 -0.0 -0.0 -0.0 -0.0 -0.0 -0.0 -0.0 -0.0 -0.0; 38.0 28.0 -0.0 -0.0 -0.0 -0.0 -0.0 -0.0 -0.0 -0.0; -0.0 -0.0 0.0 -0.0 -0.0 -0.0 -0.0 -0.0 -0.0 -0.0; -0.0 -0.0 -0.0 -0.0 -0.0 0.0 -0.0 -0.0 -0.0 -0.0; -0.0 -0.0 -0.0 -0.0 -0.0 -0.0 22.0 16.0 -0.0 -0.0; -0.0 -0.0 -0.0 -0.0 -0.0 -0.0 -0.0 -0.0 -0.0 6.000000000000001;;;]]
x_bb,"[0.0, 66.0, 0.0, 0.0, 38.0, 6.0]"
x_box,"[0.0, 66.0, 0.0, 0.0, 38.0, 6.0]"
evol_zeta,"[[1.784, 38.0], [2.234, 17.0], [2.237, 11.0], [2.24, 6.0], [2.243, 2.0], [2.246, 1.0], [2.249, 0.0]]"
ξ_box,[38.0; 28.0; 15.0; 2.0; 5.0; 18.0; 22.0; 24.0; 27.0; 6.0;;]
