first,second
s_box,[-0.0 0.0; -0.0 -0.0; -0.0 -0.0; -0.0 14.0; -0.0 -0.0; 27.0 27.0; 26.0 10.0; -0.0 16.0; 25.0 20.0; 37.0 27.0]
x_pb,"[36.0, 38.0, 91.0, -0.0, 6.0, -0.0]"
s_bb,[-0.0 -0.0; -0.0 -0.0; -0.0 -0.0; 7.0 -0.0; 7.0 -0.0; 27.0 27.0; 26.0 26.0; -0.0 0.0; 20.0 25.0; 28.0 37.0]
partition_bb,"[[[9.0, 14.0, 37.0, 46.0, 40.0, 13.0, 12.0, 3.0, 0.0, 0.0], [2.0, 7.0, 30.0, 35.0, 41.0, 14.0, 13.0, 4.0, 9.0, 17.0], [0.0, 5.0, 28.0, 33.0, 39.0, 12.0, 11.0, 9.0, 24.0, 16.0], [21.0, 15.0, 34.0, 43.0, 37.0, 10.0, 9.0, 2.0, 0.0, 0.0], [5.0, 10.0, 33.0, 42.0, 36.0, 23.0, 24.0, 0.0, 0.0, 0.0], [3.0, 8.0, 31.0, 40.0, 34.0, 7.0, 6.0, 3.0, 18.0, 26.0], [6.0, 11.0, 34.0, 43.0, 37.0, 10.0, 9.0, 16.0, 8.0, 0.0], [2.0, 7.0, 30.0, 35.0, 41.0, 27.0, 26.0, 4.0, 0.0, 0.0], [6.0, 11.0, 34.0, 39.0, 45.0, 18.0, 17.0, 8.0, 0.0, 0.0], [2.0, 7.0, 30.0, 39.0, 33.0, 6.0, 5.0, 5.0, 20.0, 28.0], [10.0, 15.0, 38.0, 36.0, 42.0, 15.0, 14.0, 5.0, 0.0, 0.0]], [[9.0, 15.0, 2.0, 11.0, 5.0, 25.0, 24.0, 14.0, 29.0, 37.0], [7.0, 12.0, 35.0, 26.0, 24.0, 0.0, 0.0, 10.0, 25.0, 33.0], [5.0, 11.0, 26.0, 31.0, 37.0, 27.0, 26.0, 0.0, 0.0, 8.0], [21.0, 15.0, 0.0, 9.0, 11.0, 25.0, 26.0, 9.0, 24.0, 32.0], [0.0, 5.0, 28.0, 37.0, 31.0, 4.0, 3.0, 9.0, 24.0, 32.0], [10.0, 15.0, 38.0, 29.0, 27.0, 3.0, 2.0, 6.0, 21.0, 29.0], [0.0, 0.0, 22.0, 27.0, 33.0, 6.0, 5.0, 16.0, 29.0, 37.0], [2.0, 7.0, 30.0, 39.0, 33.0, 6.0, 5.0, 11.0, 26.0, 18.0], [0.0, 4.0, 27.0, 32.0, 38.0, 11.0, 10.0, 10.0, 25.0, 17.0]]]"
y_box,[21.0 15.0 -0.0 -0.0 -0.0 -0.0 -0.0 -0.0 -0.0 -0.0; -0.0 -0.0 38.0 -0.0 -0.0 -0.0 -0.0 -0.0 -0.0 -0.0; -0.0 -0.0 -0.0 39.0 38.0 -0.0 -0.0 -0.0 -0.0 -0.0; -0.0 -0.0 -0.0 -0.0 0.0 -0.0 -0.0 -0.0 -0.0 -0.0; -0.0 -0.0 -0.0 -0.0 -0.0 -0.0 -0.0 16.0 -0.0 -0.0; -0.0 -0.0 -0.0 -0.0 -0.0 -0.0 -0.0 -0.0 4.0 0.0;;; 21.0 15.0 0.0 -0.0 -0.0 -0.0 -0.0 -0.0 -0.0 -0.0; -0.0 -0.0 38.0 0.0 -0.0 -0.0 -0.0 -0.0 -0.0 -0.0; -0.0 -0.0 -0.0 32.0 45.0 -0.0 -0.0 -0.0 -0.0 -0.0; -0.0 -0.0 -0.0 -0.0 -0.0 -0.0 -0.0 -0.0 -0.0 -0.0; -0.0 -0.0 -0.0 -0.0 -0.0 0.0 16.0 0.0 -0.0 -0.0; -0.0 -0.0 -0.0 -0.0 -0.0 -0.0 -0.0 -0.0 4.0 -0.0]
evol_bb,"[[0.852, 1.3826181691797199e7], [2.785, 1.3719016084686343e7], [14.622, 1.3504684870464632e7], [21.968, 1.3504680638660569e7], [25.158, 1.3504680638660567e7], [45.166, 1.3504679900153726e7], [45.207, 1.3397513620948358e7], [46.493, 1.3397509322731966e7], [49.496, 1.31831756233548e7], [49.536, 1.2968848912528649e7], [61.364, 1.2968836953666732e7], [88.368, 1.2754519978283226e7], [91.223, 1.2754500769134115e7], [97.299, 1.243303620379445e7], [102.227, 1.2432996492335191e7], [104.331, 1.2325876356232882e7]]"
y_bb,[21.0 15.0 0.0 -0.0 -0.0 -0.0 -0.0 -0.0 -0.0 -0.0; -0.0 -0.0 38.0 0.0 -0.0 -0.0 -0.0 -0.0 -0.0 -0.0; -0.0 -0.0 -0.0 38.99999999876489 38.0 -0.0 -0.0 -0.0 -0.0 -0.0; -0.0 -0.0 -0.0 -0.0 0.0 -0.0 -0.0 -0.0 -0.0 -0.0; -0.0 -0.0 -0.0 -0.0 -0.0 0.0 0.0 16.0 -0.0 -0.0; -0.0 -0.0 -0.0 -0.0 -0.0 -0.0 -0.0 -0.0 4.0 -0.0;;; 21.0 15.0 -0.0 -0.0 -0.0 -0.0 -0.0 -0.0 -0.0 -0.0; -0.0 -0.0 38.0 -0.0 -0.0 -0.0 -0.0 -0.0 -0.0 -0.0; -0.0 -0.0 -0.0 39.0 38.0 -0.0 -0.0 -0.0 -0.0 -0.0; -0.0 -0.0 -0.0 0.0 0.0 0.0 -0.0 -0.0 -0.0 -0.0; -0.0 -0.0 -0.0 -0.0 -0.0 -0.0 0.0 16.0 -0.0 -0.0; -0.0 -0.0 -0.0 -0.0 -0.0 -0.0 -0.0 -0.0 4.0 0.0]
evol_box,"[[0.391, 0.0], [1.924, 323270.6316187697], [2.011, 323270.6316187697], [2.055, 6.32487544354642e6], [2.074, 6.32487544354642e6], [2.092, 6.325462586170338e6], [2.145, 8.039454293359689e6], [2.218, 8.039373970006449e6], [2.308, 8.682211216040464e6], [2.38, 9.432559169468459e6], [2.489, 9.539627788501995e6], [2.593, 9.861114828354418e6], [2.726, 1.0396815165052596e7], [2.855, 1.0825490992606461e7], [3.008, 1.1039823718650445e7], [3.202, 1.1039888668146588e7], [3.336, 1.1039888668146584e7], [3.504, 1.168281984647103e7], [3.695, 1.1682910889951205e7], [3.86, 1.1789991397225998e7], [4.005, 1.1897246064456701e7], [4.128, 1.2004324123269957e7], [4.355, 1.211149567402492e7], [4.57, 1.2111555250508389e7], [4.748, 1.2111556223841595e7], [4.935, 1.2218660307802575e7], [5.206, 1.221871509806996e7], [5.399, 1.2218717482004521e7], [5.641, 1.221871748200452e7], [5.886, 1.2218766108941693e7], [6.11, 1.2325828400068883e7], [6.318, 1.2325828400068883e7], [6.503, 1.232583185855754e7], [6.784, 1.232583185855754e7], [6.997, 1.2325876356232882e7], [7.272, 1.2325876356232883e7]]"
y_pb,[[21.0 15.0 -0.0 -0.0 -0.0 -0.0 -0.0 -0.0 -0.0 -0.0; -0.0 -0.0 38.0 -0.0 -0.0 -0.0 -0.0 -0.0 -0.0 -0.0; -0.0 -0.0 -0.0 46.0 45.0 -0.0 -0.0 -0.0 -0.0 -0.0; -0.0 -0.0 -0.0 -0.0 0.0 -0.0 -0.0 -0.0 -0.0 -0.0; -0.0 -0.0 -0.0 -0.0 -0.0 -0.0 -0.0 6.0 -0.0 -0.0; -0.0 -0.0 -0.0 -0.0 -0.0 -0.0 -0.0 -0.0 0.0 -0.0;;;]]
x_bb,"[36.0, 38.0, 77.0, 0.0, 16.0, 4.0]"
x_box,"[36.0, 38.0, 77.0, 0.0, 16.0, 4.0]"
evol_zeta,"[[1.547, 45.625], [1.999, 37.0], [2.042, 34.22222222222222], [2.06, 14.099999999999994], [2.078, 14.0], [2.123, 13.799999999999997], [2.151, 13.0], [2.225, 12.100000000000007], [2.311, 11.0], [2.387, 11.857142857142858], [2.494, 11.0], [2.624, 10.5], [2.73, 7.0], [2.861, 8.200000000000003], [3.016, 4.125], [3.208, 5.099999999999994], [3.339, 4.0], [3.536, 5.8], [3.725, 3.3333333333333357], [3.863, 2.2222222222222228], [4.008, 6.777777777777779], [4.157, 2.0], [4.39, 2.0], [4.577, 2.0], [4.756, 0.9000000000000057], [4.943, 0.7000000000000028], [5.209, 1.0], [5.407, 0.7000000000000028], [5.646, 0.5], [5.892, 4.0], [6.139, 0.5999999999999943], [6.326, 0.3999999999999986], [6.509, 1.9999999999999982], [6.788, 1.0], [7.004, 0.22222222222222143], [7.281, 0.0]]"
ξ_box,[21.0 21.0; 15.0 15.0; 38.0 38.0; 39.0 46.0; 38.0 45.0; 27.0 27.0; 26.0 26.0; 16.0 16.0; 29.0 24.0; 37.0 27.0]
