first,second
s_box,[-0.0 -0.0; -0.0 -0.0; -0.0 -0.0; -0.0 -0.0; -0.0 -0.0; -0.0 -0.0; -0.0 -0.0; -0.0 -0.0; 19.0 -0.0; 32.0 32.0]
x_pb,"[-0.0, -0.0, 35.0, 56.0, 56.0, 42.0]"
s_bb,[0.0 -0.0; 0.0 -0.0; 0.0 -0.0; 0.0 -0.0; 0.0 -0.0; 0.0 -0.0; 0.0 -0.0; 0.0 -0.0; 19.0 -0.0; 32.0 -0.0]
partition_bb,"[[[35.0, 22.0, 15.0, 19.0, 23.0, 33.0, 6.0, 6.0, 12.0, 18.0], [35.0, 22.0, 15.0, 14.0, 8.0, 2.0, 15.0, 20.0, 26.0, 32.0]], Vector{Float64}[]]"
y_box,[0.0 -0.0 -0.0 -0.0 -0.0 -0.0 -0.0 -0.0 -0.0 -0.0; -0.0 -0.0 -0.0 -0.0 -0.0 -0.0 -0.0 -0.0 -0.0 -0.0; 35.0 -0.0 -0.0 -0.0 -0.0 -0.0 -0.0 -0.0 -0.0 -0.0; -0.0 22.0 15.0 19.0 -0.0 -0.0 -0.0 -0.0 -0.0 -0.0; -0.0 -0.0 -0.0 -0.0 23.0 33.0 -0.0 -0.0 -0.0 -0.0; -0.0 -0.0 -0.0 -0.0 -0.0 -0.0 15.0 20.0 7.0 -0.0;;; -0.0 -0.0 -0.0 -0.0 -0.0 -0.0 -0.0 -0.0 -0.0 -0.0; 0.0 -0.0 -0.0 -0.0 -0.0 -0.0 -0.0 0.0 -0.0 -0.0; -0.0 -0.0 -0.0 -0.0 -0.0 -0.0 -0.0 20.0 15.0 -0.0; 0.0 -0.0 -0.0 19.0 -0.0 11.0 -0.0 -0.0 26.0 -0.0; -0.0 -0.0 15.0 -0.0 23.0 -0.0 15.0 -0.0 -0.0 -0.0; -0.0 20.0 0.0 -0.0 -0.0 22.0 -0.0 -0.0 -0.0 -0.0]
evol_bb,"[[0.378, 6.254466887738635e6]]"
y_bb,[-0.0 -0.0 -0.0 -0.0 -0.0 -0.0 -0.0 -0.0 -0.0 -0.0; -0.0 -0.0 -0.0 -0.0 -0.0 -0.0 -0.0 -0.0 -0.0 -0.0; 35.0 -0.0 -0.0 -0.0 -0.0 -0.0 -0.0 -0.0 -0.0 -0.0; -0.0 22.0 15.0 19.0 -0.0 -0.0 -0.0 -0.0 -0.0 -0.0; -0.0 -0.0 -0.0 -0.0 23.0 33.0 -0.0 -0.0 -0.0 -0.0; -0.0 -0.0 -0.0 -0.0 -0.0 -0.0 15.0 20.0 7.0 0.0;;; -0.0 -0.0 -0.0 -0.0 -0.0 -0.0 -0.0 -0.0 -0.0 -0.0; -0.0 -0.0 -0.0 -0.0 -0.0 -0.0 -0.0 -0.0 -0.0 -0.0; -0.0 -0.0 -0.0 -0.0 -0.0 -0.0 -0.0 -0.0 -0.0 -0.0; -0.0 -0.0 -0.0 -0.0 -0.0 -0.0 -0.0 -0.0 -0.0 -0.0; -0.0 -0.0 -0.0 -0.0 -0.0 -0.0 -0.0 -0.0 -0.0 -0.0; -0.0 -0.0 -0.0 -0.0 -0.0 -0.0 -0.0 -0.0 -0.0 -0.0]
evol_box,"[[0.583, 0.0], [2.949, 3267.504281603731], [3.07, 4266.797095231523], [3.089, 3.067477712984507e6], [3.11, 5.886800207535643e6], [3.132, 5.886800207535938e6], [3.158, 5.886800207535938e6], [3.193, 6.009354634852029e6], [3.262, 6.009354634852323e6], [3.331, 6.131890381017323e6], [3.41, 6.131914233240998e6], [3.441, 6.254466887738636e6]]"
y_pb,[[0.0 -0.0 -0.0 -0.0 -0.0 -0.0 -0.0 -0.0 -0.0 -0.0; 0.0 -0.0 -0.0 -0.0 -0.0 -0.0 -0.0 -0.0 -0.0 -0.0; 35.0 -0.0 -0.0 -0.0 -0.0 -0.0 -0.0 -0.0 -0.0 -0.0; -0.0 22.0 15.0 19.0 -0.0 -0.0 -0.0 -0.0 -0.0 -0.0; -0.0 -0.0 -0.0 -0.0 23.0 33.0 -0.0 -0.0 -0.0 -0.0; -0.0 -0.0 -0.0 -0.0 -0.0 -0.0 15.0 20.0 7.0 -0.0;;;]]
x_bb,"[0.0, 0.0, 35.0, 56.0, 56.0, 42.0]"
x_box,"[-0.0, 0.0, 35.0, 56.0, 56.0, 42.0]"
evol_zeta,"[[2.399, 35.0], [3.06, 14.0], [3.075, 14.0], [3.093, 14.0], [3.114, 1.0000000002000036], [3.139, 1.0000000002000036], [3.172, 1.0], [3.207, 1.0], [3.264, 1.0], [3.333, 1.0], [3.415, 0.33333333333333215], [3.448, 0.0]]"
ξ_box,[35.0 0.0; 22.0 12.0; 15.0 15.0; 19.0 19.0; 23.0 23.0; 33.0 33.0; 15.0 15.0; 20.0 20.0; 26.0 26.0; 32.0 32.0]
