first,second
s_box,[-0.0 0.0 -0.0 5.0 4.0; 18.0 -0.0 -0.0 23.0 9.0; -0.0 29.0 -0.0 0.0 -0.0; -0.0 -0.0 -0.0 -0.0 -0.0; -0.0 -0.0 -0.0 -0.0 -0.0; -0.0 -0.0 35.0 -0.0 0.0; 24.999999746509772 2.0 22.0 30.000000377735343 26.0; 0.0 7.0 -0.0 -0.0 -0.0; -0.0 -0.0 -0.0 -0.0 10.0; 15.0 19.0 -0.0 -0.0 9.0]
x_pb,"[10.0, 105.0, 6.999999999999999, 21.0, -0.0, -0.0]"
s_bb,[-0.0 -0.0 -0.0 -0.0 -0.0; 23.0 6.0 -0.0 -0.0 -0.0; 15.0 -0.0 -0.0 -0.0 -0.0; 0.0 -0.0 -0.0 -0.0 -0.0; -0.0 24.0 -0.0 -0.0 -0.0; 0.0 -0.0 -0.0 -0.0 -0.0; 32.0 -0.0 -0.0 -0.0 -0.0; -0.0 -0.0 -0.0 -0.0 -0.0; 0.0 21.0 -0.0 -0.0 -0.0; 27.0 -0.0 -0.0 -0.0 -0.0]
partition_bb,"[[[0.0, 4.0, 9.0, 17.0, 24.0, 36.0, 32.0, 7.0, 6.0, 7.0], [0.0, 0.0, 4.0, 12.0, 19.0, 31.0, 25.0, 6.0, 21.0, 27.0], [10.0, 23.0, 29.0, 21.0, 14.0, 26.0, 20.0, 0.0, 0.0, 0.0], [4.0, 13.0, 23.0, 31.0, 24.0, 21.0, 26.0, 1.0, 0.0, 0.0]], [[10.0, 15.0, 5.0, 13.0, 20.0, 10.0, 16.0, 7.0, 21.0, 27.0], [4.0, 13.0, 23.0, 31.0, 24.0, 20.0, 14.0, 0.0, 4.0, 10.0]], Vector{Float64}[], Vector{Float64}[], Vector{Float64}[]]"
y_box,[5.0 0.0 -0.0 -0.0 -0.0 -0.0 -0.0 -0.0 -0.0 -0.0; -0.0 -0.0 18.0 17.0 24.0 36.0 7.000000250156894 -0.0 -0.0 -0.0; -0.0 -0.0 -0.0 -0.0 -0.0 -0.0 -0.0 7.0 -0.0 -0.0; -0.0 -0.0 -0.0 -0.0 -0.0 -0.0 -0.0 -0.0 20.999999750425737 -0.0; -0.0 -0.0 -0.0 -0.0 -0.0 -0.0 -0.0 -0.0 -0.0 8.0; -0.0 -0.0 -0.0 -0.0 -0.0 -0.0 -0.0 -0.0 -0.0 -0.0;;; -0.0 5.0 -0.0 -0.0 -0.0 -0.0 -0.0 -0.0 -0.0 -0.0; 10.0 18.0 -0.0 20.0 22.0 0.0 18.0 -0.0 14.000000247247906 -0.0; -0.0 -0.0 -0.0 5.0 -0.0 -0.0 -0.0 -0.0 -0.0 -0.0; -0.0 -0.0 -0.0 -0.0 -0.0 14.0 -0.0 -0.0 6.99999975249462 -0.0; -0.0 -0.0 -0.0 -0.0 0.0 -0.0 -0.0 -0.0 -0.0 8.0; -0.0 -0.0 -0.0 -0.0 -0.0 -0.0 -0.0 -0.0 -0.0 -0.0;;; 0.0 5.0 -0.0 -0.0 -0.0 -0.0 -0.0 -0.0 -0.0 -0.0; 10.0 18.0 29.0 17.0 23.0 -0.0 -0.0 -0.0 -0.0 -0.0; -0.0 -0.0 -0.0 -0.0 -0.0 -0.0 -0.0 1.0 6.0 -0.0; -0.0 -0.0 -0.0 11.0 -0.0 -0.0 10.0 -0.0 0.0 -0.0; -0.0 -0.0 -0.0 -0.0 -0.0 -0.0 -0.0 7.0 -0.0 -0.0; -0.0 -0.0 -0.0 -0.0 -0.0 -0.0 -0.0 -0.0 -0.0 -0.0;;; 5.0 -0.0 -0.0 -0.0 -0.0 -0.0 -0.0 -0.0 -0.0 -0.0; -0.0 -0.0 23.0 28.0 22.0 28.0 1.000000250990228 -0.0 -0.0 -0.0; -0.0 -0.0 -0.0 -0.0 -0.0 -0.0 -6.303164791115248e-7 6.0 1.0000006211499113 -0.0; -0.0 -0.0 -0.0 -0.0 -0.0 -0.0 -0.0 -0.0 14.999999692455397 6.0000000571225565; -0.0 -0.0 -0.0 -0.0 -0.0 -0.0 -0.0 -0.0 -0.0 8.0; -0.0 -0.0 -0.0 -0.0 -0.0 -0.0 -0.0 -0.0 -0.0 -0.0;;; 5.0 -0.0 -0.0 -0.0 -0.0 -0.0 -0.0 -0.0 -0.0 -0.0; -0.0 -0.0 19.0 26.0 24.0 27.0 6.0 0.0 -0.0 -0.0; -0.0 -0.0 -0.0 -0.0 0.0 -0.0 -0.0 7.0 0.0 -0.0; -0.0 -0.0 -0.0 -0.0 -0.0 -0.0 -0.0 -0.0 11.0 9.999999999999998; -0.0 -0.0 -0.0 -0.0 -0.0 -0.0 -0.0 -0.0 -0.0 8.0; -0.0 -0.0 -0.0 -0.0 -0.0 -0.0 -0.0 -0.0 -0.0 -0.0]
evol_bb,"[[0.813, 1.2136154060124941e7], [3.293, 1.213615406012494e7]]"
y_bb,[10.0 0.0 -0.0 -0.0 -0.0 -0.0 -0.0 -0.0 -0.0 -0.0; -0.0 -0.0 14.0 31.0 24.0 36.0 -0.0 -0.0 -0.0 -0.0; -0.0 -0.0 -0.0 -0.0 -0.0 -0.0 -0.0 7.0 -0.0 -0.0; -0.0 -0.0 -0.0 -0.0 -0.0 -0.0 -0.0 -0.0 21.0 -0.0; -0.0 -0.0 -0.0 -0.0 -0.0 -0.0 -0.0 -0.0 -0.0 0.0; -0.0 -0.0 -0.0 -0.0 -0.0 -0.0 -0.0 -0.0 -0.0 0.0;;; -0.0 -0.0 -0.0 -0.0 -0.0 -0.0 10.0 -0.0 -0.0 0.0; 10.0 9.0 16.0 10.0 0.0 20.0 6.0 7.0 -0.0 27.0; -0.0 -0.0 7.0 -0.0 -0.0 -0.0 -0.0 -0.0 -0.0 -0.0; -0.0 -0.0 -0.0 21.0 -0.0 -0.0 -0.0 -0.0 0.0 -0.0; -0.0 -0.0 -0.0 -0.0 -0.0 -0.0 -0.0 0.0 -0.0 -0.0; -0.0 -0.0 0.0 -0.0 -0.0 -0.0 -0.0 -0.0 -0.0 -0.0;;; -0.0 -0.0 -0.0 -0.0 -0.0 -0.0 -0.0 -0.0 -0.0 -0.0; -0.0 -0.0 -0.0 -0.0 -0.0 -0.0 -0.0 -0.0 -0.0 -0.0; -0.0 -0.0 -0.0 -0.0 -0.0 -0.0 -0.0 -0.0 -0.0 -0.0; -0.0 -0.0 -0.0 -0.0 -0.0 -0.0 -0.0 -0.0 -0.0 -0.0; -0.0 -0.0 -0.0 -0.0 -0.0 -0.0 -0.0 -0.0 -0.0 -0.0; -0.0 -0.0 -0.0 -0.0 -0.0 -0.0 -0.0 -0.0 -0.0 -0.0;;; -0.0 -0.0 -0.0 -0.0 -0.0 -0.0 -0.0 -0.0 -0.0 -0.0; -0.0 -0.0 -0.0 -0.0 -0.0 -0.0 -0.0 -0.0 -0.0 -0.0; -0.0 -0.0 -0.0 -0.0 -0.0 -0.0 -0.0 -0.0 -0.0 -0.0; -0.0 -0.0 -0.0 -0.0 -0.0 -0.0 -0.0 -0.0 -0.0 -0.0; -0.0 -0.0 -0.0 -0.0 -0.0 -0.0 -0.0 -0.0 -0.0 -0.0; -0.0 -0.0 -0.0 -0.0 -0.0 -0.0 -0.0 -0.0 -0.0 -0.0;;; -0.0 -0.0 -0.0 -0.0 -0.0 -0.0 -0.0 -0.0 -0.0 -0.0; -0.0 -0.0 -0.0 -0.0 -0.0 -0.0 -0.0 -0.0 -0.0 -0.0; -0.0 -0.0 -0.0 -0.0 -0.0 -0.0 -0.0 -0.0 -0.0 -0.0; -0.0 -0.0 -0.0 -0.0 -0.0 -0.0 -0.0 -0.0 -0.0 -0.0; -0.0 -0.0 -0.0 -0.0 -0.0 -0.0 -0.0 -0.0 -0.0 -0.0; -0.0 -0.0 -0.0 -0.0 -0.0 -0.0 -0.0 -0.0 -0.0 -0.0]
evol_box,"[[0.393, 0.0], [1.952, 1716.4950547665358], [2.058, 127330.0697602543], [2.102, 127330.0697602543], [2.154, 127330.0697602543], [2.286, 127330.0697602543], [2.512, 127330.0697602543], [2.704, 502157.0821685812], [3.713, 3.629668781174617e6], [5.755, 3.629668781174617e6], [7.211, 3.629668781174617e6], [10.631, 3.754777803544641e6], [12.681, 4.254974234514814e6], [14.841, 4.2552504861227255e6], [15.937, 4.755449984183049e6], [17.389, 4.880609834686356e6], [19.277, 5.005619020419503e6], [21.105, 5.0057698436343195e6], [23.006, 5.380952818977777e6], [30.818, 5.631046461827232e6], [40.487, 5.631167390299394e6], [44.726, 5.881344672820153e6], [50.808, 6.006434241083777e6], [55.074, 6.381725796782527e6], [70.096, 6.381723109069619e6], [113.372, 6.3817631637028e6], [152.319, 6.506748278294128e6], [187.295, 6.506809686469138e6], [291.545, 6.631897777562623e6], [321.392, 6.631927328984987e6], [356.135, 6.75701384297038e6], [390.715, 6.757030525550698e6], [557.974, 6.757176646668021e6], [754.229, 6.757094805390378e6], [795.495, 6.757179566595362e6], [881.211, 6.882133600244956e6], [940.09, 7.132262943090733e6], [1009.918, 7.132304992781821e6], [1071.556, 7.132304992781821e6], [1152.244, 7.1324526293565985e6], [1903.995, 7.13246056709885e6], [2433.473, 7.257354292971746e6], [3600.066, 7.257427412378687e6]]"
y_pb,[[10.0 -0.0 -0.0 -0.0 -0.0 -0.0 -0.0 -0.0 -0.0 -0.0; -0.0 -0.0 14.0 31.0 24.000000000000004 36.0 -0.0 -0.0 -0.0 -0.0; -0.0 -0.0 -0.0 -0.0 -0.0 -0.0 -0.0 7.0 -0.0 -0.0; -0.0 -0.0 -0.0 -0.0 -0.0 -0.0 -0.0 -0.0 21.0 -0.0; -0.0 -0.0 -0.0 -0.0 -0.0 -0.0 -0.0 -0.0 -0.0 0.0; -0.0 -0.0 -0.0 -0.0 -0.0 -0.0 -0.0 -0.0 -0.0 0.0;;;]]
x_bb,"[10.0, 105.0, 7.0, 21.0, 0.0, -0.0]"
x_box,"[5.0, 102.00000025008114, 7.0, 20.99999975158553, 8.0, -0.0]"
evol_zeta,"[[1.596, 36.0], [2.023, 20.0], [2.062, 20.0], [2.106, 20.0], [2.158, 20.0], [2.32, 20.0], [2.533, 20.0], [2.724, 19.0], [3.737, 16.666666666666668], [5.779, 16.5], [7.23, 15.25], [10.647, 15.299999999999997], [12.739, 14.0], [14.852, 12.444445865592542], [15.958, 10.5], [17.415, 10.0], [19.299, 9.888888888888888], [21.16, 9.428571428571427], [23.036, 8.000000000900002], [30.841, 10.0], [40.515, 8.5], [44.76, 9.0], [50.82, 8.700000000000001], [55.095, 8.0], [70.122, 8.0], [113.415, 7.222222222222222], [152.357, 8.555555555555557], [187.327, 8.0], [291.596, 8.88888888888889], [321.441, 7.666666666666665], [356.179, 7.0], [390.769, 8.0], [557.983, 10.0], [754.264, 7.6000000000000005], [795.538, 8.0], [881.275, 7.375], [940.131, 6.111111111111114], [1009.996, 7.5], [1071.603, 7.666666666666668], [1152.32, 7.000000000000011], [1904.049, 7.222222222222218], [2433.522, 7.0], [3600.08, 0.0]]"
ξ_box,[5.0 10.0 10.0 10.0 9.0; 18.0 23.0 23.0 23.0 9.0; 18.0 29.0 29.0 23.0 19.0; 17.0 25.0 28.0 28.0 26.0; 24.0 22.0 23.0 22.0 24.0; 36.0 14.0 35.0 28.0 27.0; 32.0 20.0 32.0 31.0 32.0; 7.0 7.0 7.0 6.0 7.0; 20.999999752425737 21.0 6.0 16.000000311862784 21.0; 23.0 27.0 -0.0 14.000000058372557 27.0]
