first,second
s_box,[9.0 3.0 9.0 -0.0; 23.0 9.0 2.0 -0.0; 7.0 -0.0 -0.0 -0.0; 0.0 7.0 27.0 -0.0; 0.0 -0.0 22.0 -0.0; -0.0 18.0 -0.0 -0.0; 10.0 4.0 15.0 20.0; 7.0 17.0 -0.0 17.0; 5.0 15.0 -0.0 15.0; 14.999999091166282 2.0 -0.0 23.0]
x_pb,"[-0.0, -0.0, -0.0, -0.0, 86.0, 25.0]"
s_bb,[-0.0 9.0 -0.0 -0.0; -0.0 23.0 -0.0 -0.0; -0.0 13.0 -0.0 -0.0; 34.0 0.0 -0.0 -0.0; -0.0 -0.0 40.0 -0.0; 20.0 -0.0 -0.0 -0.0; 15.0 20.0 9.0 -0.0; 12.0 17.0 5.0 -0.0; 4.0 15.0 -0.0 -0.0; 22.0 25.0 -0.0 -0.0]
partition_bb,"[[[9.0, 23.0, 19.0, 22.0, 12.0, 13.0, 8.0, 5.0, 3.0, 0.0], [9.0, 23.0, 0.0, 0.0, 0.0, 20.0, 15.0, 12.0, 12.0, 22.0], [2.0, 11.0, 31.0, 34.0, 24.0, 0.0, 0.0, 0.0, 0.0, 0.0], [5.0, 0.0, 27.0, 29.0, 39.0, 6.0, 4.0, 1.0, 0.0, 0.0], [1.0, 1.0, 28.0, 30.0, 40.0, 7.0, 5.0, 2.0, 0.0, 0.0]], [[0.0, 0.0, 6.0, 3.0, 0.0, 25.0, 20.0, 17.0, 15.0, 25.0], [9.0, 23.0, 22.0, 24.0, 34.0, 1.0, 0.0, 0.0, 0.0, 0.0], [2.0, 11.0, 31.0, 34.0, 34.0, 1.0, 0.0, 0.0, 0.0, 0.0]], [[0.0, 1.0, 28.0, 30.0, 40.0, 7.0, 5.0, 2.0, 0.0, 0.0], [0.0, 0.0, 12.0, 14.0, 24.0, 4.0, 9.0, 12.0, 14.0, 24.0]], Vector{Float64}[]]"
y_box,[-0.0 -0.0 -0.0 -0.0 -0.0 -0.0 -0.0 -0.0 -0.0 -0.0; -0.0 -0.0 -0.0 -0.0 -0.0 -0.0 -0.0 -0.0 -0.0 -0.0; -0.0 -0.0 -0.0 -0.0 -0.0 -0.0 -0.0 -0.0 -0.0 -0.0; -0.0 -0.0 -0.0 -0.0 -0.0 -0.0 -0.0 -0.0 -0.0 -0.0; -0.0 -0.0 23.0 33.0 40.0 -0.0 -0.0 -0.0 -0.0 -0.0; -0.0 -0.0 -0.0 -0.0 -0.0 15.0 0.0 -0.0 -0.0 -0.0;;; -0.0 -0.0 -0.0 -0.0 -0.0 -0.0 -0.0 -0.0 -0.0 -0.0; -0.0 -0.0 -0.0 -0.0 -0.0 -0.0 -0.0 -0.0 -0.0 -0.0; -0.0 -0.0 -0.0 -0.0 -0.0 -0.0 -0.0 -0.0 -0.0 -0.0; -0.0 -0.0 -0.0 -0.0 -0.0 -0.0 -0.0 -0.0 -0.0 -0.0; -0.0 7.0 24.0 20.0 28.0 -0.0 1.0 -0.0 -0.0 16.0; -0.0 -0.0 -0.0 -0.0 -0.0 0.0 15.0 -0.0 -0.0 -0.0;;; -0.0 -0.0 -0.0 -0.0 -0.0 -0.0 -0.0 -0.0 -0.0 -0.0; -0.0 -0.0 -0.0 -0.0 -0.0 -0.0 -0.0 -0.0 -0.0 -0.0; -0.0 -0.0 -0.0 -0.0 -0.0 -0.0 -0.0 -0.0 -0.0 -0.0; -0.0 -0.0 -0.0 -0.0 -0.0 -0.0 -0.0 -0.0 -0.0 -0.0; -0.0 -0.0 28.0 -0.0 13.0 14.0 1.0 17.0 -0.0 23.0; 0.0 -0.0 -0.0 -0.0 -0.0 -0.0 -0.0 0.0 15.0 -0.0;;; -0.0 -0.0 -0.0 -0.0 -0.0 -0.0 -0.0 -0.0 -0.0 -0.0; -0.0 -0.0 -0.0 -0.0 -0.0 -0.0 -0.0 -0.0 -0.0 -0.0; -0.0 -0.0 -0.0 -0.0 -0.0 -0.0 -0.0 -0.0 -0.0 -0.0; -0.0 -0.0 -0.0 -0.0 -0.0 -0.0 -0.0 -0.0 -0.0 -0.0; 9.0 23.0 19.0 5.0 12.0 25.0 -0.0 -0.0 -0.0 3.0; -0.0 -0.0 -0.0 15.0 -0.0 0.0 -0.0 -0.0 -0.0 -0.0]
evol_bb,"[[0.388, 1.2428293143451858e7], [1.582, 1.2428293143451856e7], [449.725, 1.2331210704257121e7], [872.633, 1.2137055145384587e7], [1727.226, 1.1942893373500759e7], [2549.169, 1.184585606989905e7]]"
y_bb,[0.0 -0.0 -0.0 -0.0 -0.0 -0.0 -0.0 -0.0 -0.0 -0.0; 0.0 0.0 -0.0 -0.0 -0.0 -0.0 -0.0 -0.0 -0.0 -0.0; -0.0 0.0 -0.0 -0.0 -0.0 -0.0 -0.0 -0.0 -0.0 -0.0; 0.0 -0.0 -0.0 -0.0 -0.0 -0.0 -0.0 -0.0 -0.0 -0.0; 9.0 23.0 31.0 0.0 15.0 0.0 -0.0 0.0 8.0 0.0; -0.0 -0.0 -0.0 -0.0 25.0 -0.0 0.0 -0.0 -0.0 -0.0;;; 0.0 0.0 -0.0 -0.0 -0.0 -0.0 -0.0 -0.0 -0.0 -0.0; -0.0 -0.0 0.0 -0.0 -0.0 -0.0 -0.0 -0.0 -0.0 -0.0; -0.0 -0.0 0.0 -0.0 -0.0 -0.0 -0.0 -0.0 -0.0 -0.0; -0.0 -0.0 0.0 -0.0 0.0 -0.0 -0.0 -0.0 -0.0 -0.0; -0.0 -0.0 18.0 34.0 34.0 -0.0 -0.0 -0.0 -0.0 -0.0; -0.0 -0.0 -0.0 -0.0 -0.0 25.0 0.0 0.0 0.0 0.0;;; -0.0 -0.0 -0.0 -0.0 -0.0 -0.0 -0.0 -0.0 -0.0 -0.0; -0.0 -0.0 -0.0 -0.0 0.0 -0.0 -0.0 -0.0 -0.0 -0.0; -0.0 -0.0 -0.0 -0.0 -0.0 0.0 -0.0 -0.0 -0.0 -0.0; -0.0 0.0 -0.0 -0.0 -0.0 -0.0 -0.0 -0.0 -0.0 -0.0; -0.0 -0.0 28.0 30.0 0.0 4.0 0.0 -0.0 -0.0 24.0; -0.0 1.0 -0.0 0.0 -0.0 3.0 -0.0 7.0 14.0 -0.0;;; -0.0 -0.0 -0.0 -0.0 -0.0 -0.0 -0.0 -0.0 -0.0 -0.0; -0.0 -0.0 -0.0 -0.0 -0.0 -0.0 -0.0 -0.0 -0.0 -0.0; -0.0 -0.0 -0.0 -0.0 -0.0 -0.0 -0.0 -0.0 -0.0 -0.0; -0.0 -0.0 -0.0 -0.0 -0.0 -0.0 -0.0 -0.0 -0.0 -0.0; -0.0 -0.0 -0.0 -0.0 -0.0 -0.0 -0.0 -0.0 -0.0 -0.0; -0.0 -0.0 -0.0 -0.0 -0.0 -0.0 -0.0 -0.0 -0.0 -0.0]
evol_box,"[[0.391, 0.0], [1.922, 195983.14476469494], [2.016, 195983.14476469497], [2.082, 195983.14476469494], [2.139, 195983.14476469494], [2.555, 3.3034039584685173e6], [2.886, 3.3034039584684735e6], [3.126, 3.496779089541775e6], [3.83, 3.496779089541777e6], [4.657, 3.4967790895417766e6], [5.508, 3.6917303749347874e6], [6.872, 3.692040614379039e6], [7.872, 4.273954032975858e6], [10.151, 5.341632379636049e6], [12.937, 5.632729279648032e6], [16.017, 5.633033846766331e6], [18.965, 5.923948586206157e6], [21.335, 5.923948586206156e6], [24.32, 6.021097983025402e6], [27.168, 6.021097983025402e6], [30.748, 6.021097983025402e6], [33.498, 6.215317922865588e6], [45.856, 6.31224106262841e6], [51.455, 6.409316575337143e6], [56.413, 6.409427373806732e6], [59.691, 6.506830496167643e6], [72.77, 6.506960904202779e6], [77.158, 6.6034984906809665e6], [105.144, 6.603508969888873e6], [120.406, 6.700607467926009e6], [125.638, 6.700627995862478e6], [159.819, 6.797543985295984e6], [235.864, 6.894628924655633e6], [282.376, 6.8946394942550305e6], [331.901, 6.991703294415883e6], [338.068, 6.991718183202404e6], [388.318, 6.991750936596328e6], [456.343, 6.991768288146779e6], [530.474, 7.185876242239847e6], [559.322, 7.186186517041495e6], [629.715, 7.186374217218419e6], [1366.495, 7.282965500786617e6], [1446.694, 7.282965500786617e6], [1463.884, 7.282965500786617e6], [1498.806, 7.283254213518263e6], [3600.025, 7.380038532232617e6]]"
y_pb,[[0.0 -0.0 -0.0 -0.0 -0.0 -0.0 -0.0 -0.0 -0.0 -0.0; -0.0 -0.0 0.0 -0.0 -0.0 -0.0 -0.0 -0.0 -0.0 -0.0; -0.0 -0.0 0.0 -0.0 -0.0 -0.0 -0.0 -0.0 -0.0 -0.0; -0.0 -0.0 0.0 -0.0 -0.0 -0.0 -0.0 -0.0 -0.0 -0.0; -0.0 -0.0 12.0 34.0 40.0 -0.0 -0.0 -0.0 -0.0 -0.0; -0.0 -0.0 -0.0 -0.0 -0.0 25.0 -0.0 -0.0 -0.0 -0.0;;;]]
x_bb,"[0.0, -0.0, -0.0, -0.0, 86.0, 25.0]"
x_box,"[-0.0, -0.0, -0.0, -0.0, 96.0, 15.0]"
evol_zeta,"[[1.998, 25.0], [2.055, 23.0], [2.096, 22.875], [2.157, 22.0], [2.566, 21.57142857142857], [2.907, 18.0], [3.148, 18.700000000000003], [3.839, 16.625000000000004], [4.673, 15.555555555555555], [5.526, 15.600000000000042], [6.911, 14.75], [7.909, 12.625], [10.168, 11.875000001287503], [12.957, 11.25], [16.033, 8.375], [18.975, 8.6], [21.37, 8.25], [24.337, 11.500000000000004], [27.188, 8.11111111111111], [30.768, 8.875], [33.517, 7.375], [45.88, 10.0], [51.475, 10.000000000000007], [56.445, 9.250000249658582], [59.741, 9.11111111111111], [72.81, 7.75], [77.176, 8.375], [105.177, 9.333333333333334], [120.453, 6.25], [125.689, 6.142857142857144], [159.856, 8.0], [235.899, 8.444444444444443], [282.401, 7.0], [331.925, 9.0], [338.104, 7.222222222222211], [388.357, 7.0], [456.37, 7.625], [530.486, 7.000001749801756], [559.349, 6.428571428571427], [629.746, 6.200000000000001], [1366.523, 5.75], [1446.727, 5.5], [1463.901, 8.88888888888889], [1498.827, 9.0], [3600.038, 0.0]]"
ξ_box,[9.0 3.0 9.0 9.0; 23.0 16.0 2.0 23.0; 30.0 24.0 28.0 19.0; 33.0 27.0 27.0 20.0; 40.0 28.0 35.0 12.0; 15.0 18.0 14.0 25.0; 10.0 20.0 16.0 20.0; 7.0 17.0 17.0 17.0; 5.0 15.0 15.0 15.0; 14.999999093666283 18.0 23.0 25.0]
