first,second
s_box,[0.0 0.0 0.0 0.0 0.0; 21.0 0.0 0.0 0.0 19.0; 26.0 32.0 24.0 30.0 0.0; 0.0 44.0 0.0 44.0 9.0; 5.0 0.0 31.0 0.0 0.0; 0.0 3.0 26.0 0.0 43.0; 0.0 11.0 0.0 0.0 0.0; 0.0 21.0 0.0 0.0 0.0; 0.0 0.0 0.0 13.0 0.0; 59.0 0.0 31.0 24.0 40.0]
x_pb,"[64.0, 0.0, 0.0, -0.0, 91.0, 6.0]"
s_bb,[-0.0 36.0 -0.0 -0.0 -0.0; -0.0 28.0 -0.0 -0.0 -0.0; 33.0 -0.0 -0.0 -0.0 -0.0; 48.0 9.0 -0.0 -0.0 -0.0; 48.0 13.0 -0.0 -0.0 -0.0; 43.0 18.0 -0.0 -0.0 -0.0; -0.0 -0.0 -0.0 -0.0 -0.0; 0.0 -0.0 -0.0 -0.0 -0.0; 40.0 37.0 -0.0 -0.0 -0.0; 60.0 -0.0 -0.0 -0.0 -0.0]
partition_bb,"[[[0.0, 0.0, 0.0, 0.0, 0.0, 5.0, 32.0, 32.0, 35.0, 60.0], [0.0, 3.0, 2.0, 20.0, 48.0, 43.0, 16.0, 16.0, 13.0, 0.0], [36.0, 28.0, 26.0, 44.0, 16.0, 13.0, 0.0, 0.0, 0.0, 0.0], [0.0, 0.0, 0.0, 0.0, 14.0, 19.0, 46.0, 37.0, 29.0, 18.0], [0.0, 0.0, 0.0, 0.0, 12.0, 15.0, 30.0, 39.0, 47.0, 22.0], [11.0, 15.0, 33.0, 15.0, 0.0, 0.0, 0.0, 0.0, 0.0, 14.0], [0.0, 0.0, 0.0, 0.0, 12.0, 17.0, 35.0, 44.0, 36.0, 22.0], [20.0, 28.0, 30.0, 48.0, 20.0, 17.0, 2.0, 0.0, 0.0, 0.0]], [[36.0, 28.0, 33.0, 39.0, 11.0, 8.0, 0.0, 0.0, 0.0, 7.0], [0.0, 0.0, 0.0, 0.0, 13.0, 18.0, 36.0, 45.0, 37.0, 17.0]], Vector{Float64}[], Vector{Float64}[], Vector{Float64}[]]"
y_box,[0.0 0.0 1.0 0.0 0.0 5.0 0.0 0.0 2.0 0.0; 20.0 0.0 0.0 6.0 0.0 0.0 0.0 0.0 0.0 0.0; 0.0 0.0 0.0 0.0 0.0 0.0 0.0 0.0 0.0 0.0; 0.0 0.0 0.0 0.0 0.0 0.0 0.0 0.0 0.0 0.0; 0.0 0.0 0.0 3.0 0.0 0.0 37.0 34.0 0.0 0.0; 9.0 0.0 0.0 0.0 0.0 5.0 0.0 0.0 36.0 1.0;;; 0.0 0.0 0.0 0.0 5.0 0.0 0.0 0.0 3.0 0.0; 0.0 0.0 0.0 0.0 0.0 0.0 0.0 0.0 26.0 0.0; 0.0 0.0 0.0 0.0 0.0 0.0 0.0 0.0 0.0 0.0; 0.0 0.0 0.0 0.0 0.0 0.0 0.0 0.0 0.0 0.0; 23.0 15.0 0.0 0.0 0.0 35.0 1.0 0.0 0.0 0.0; 0.0 0.0 0.0 0.0 28.0 0.0 0.0 0.0 0.0 25.0;;; 2.0 6.0 0.0 0.0 0.0 0.0 0.0 0.0 0.0 0.0; 0.0 0.0 0.0 26.0 0.0 0.0 0.0 0.0 0.0 0.0; 0.0 0.0 0.0 0.0 0.0 0.0 0.0 0.0 0.0 0.0; 0.0 0.0 0.0 0.0 0.0 0.0 0.0 0.0 0.0 0.0; 0.0 0.0 0.0 0.0 0.0 0.0 40.0 34.0 0.0 0.0; 0.0 0.0 0.0 0.0 0.0 0.0 0.0 0.0 41.0 12.0;;; 0.0 0.0 0.0 0.0 0.0 0.0 8.0 0.0 0.0 0.0; 0.0 0.0 0.0 0.0 0.0 0.0 14.0 0.0 0.0 12.0; 0.0 0.0 0.0 0.0 0.0 0.0 0.0 0.0 0.0 0.0; 0.0 0.0 0.0 0.0 0.0 0.0 0.0 0.0 0.0 0.0; 9.0 28.0 0.0 0.0 16.0 13.0 8.0 0.0 0.0 0.0; 27.0 0.0 1.0 0.0 0.0 0.0 0.0 21.0 0.0 0.0;;; 0.0 0.0 0.0 0.0 0.0 0.0 0.0 0.0 8.0 0.0; 0.0 0.0 0.0 0.0 0.0 0.0 0.0 19.0 7.0 0.0; 0.0 0.0 0.0 0.0 0.0 0.0 0.0 0.0 0.0 0.0; 0.0 0.0 0.0 0.0 0.0 0.0 0.0 0.0 0.0 0.0; 27.0 0.0 5.0 11.0 31.0 0.0 0.0 0.0 0.0 0.0; 0.0 0.0 0.0 0.0 17.0 0.0 32.0 4.0 0.0 0.0]
evol_bb,"[[39.848, 3.475013605929239e7], [2805.704, 3.4622849970484555e7]]"
y_bb,[36.0 28.0 0.0 -0.0 -0.0 -0.0 -0.0 -0.0 -0.0 -0.0; -0.0 -0.0 -0.0 0.0 -0.0 -0.0 -0.0 -0.0 -0.0 -0.0; -0.0 -0.0 -0.0 -0.0 -0.0 -0.0 -0.0 -0.0 -0.0 -0.0; -0.0 -0.0 -0.0 -0.0 -0.0 0.0 -0.0 -0.0 -0.0 -0.0; -0.0 -0.0 -0.0 -0.0 -0.0 -0.0 46.0 44.0 -0.0 -0.0; -0.0 -0.0 -0.0 -0.0 -0.0 -0.0 -0.0 -0.0 7.0 0.0;;; -0.0 -0.0 17.0 30.0 0.0 0.0 -0.0 -0.0 0.0 17.0; -0.0 -0.0 -0.0 -0.0 -0.0 -0.0 0.0 -0.0 -0.0 -0.0; -0.0 -0.0 -0.0 -0.0 -0.0 -0.0 -0.0 0.0 -0.0 -0.0; -0.0 -0.0 -0.0 -0.0 -0.0 -0.0 -0.0 -0.0 0.0 -0.0; 0.0 0.0 16.0 -0.0 -0.0 -0.0 36.0 38.0 -0.0 0.0; -0.0 -0.0 -0.0 -0.0 -0.0 -0.0 -0.0 7.0 -0.0 -0.0;;; -0.0 -0.0 -0.0 -0.0 -0.0 -0.0 -0.0 -0.0 -0.0 -0.0; -0.0 -0.0 -0.0 -0.0 -0.0 -0.0 -0.0 -0.0 -0.0 -0.0; -0.0 -0.0 -0.0 -0.0 -0.0 -0.0 -0.0 -0.0 -0.0 -0.0; -0.0 -0.0 -0.0 -0.0 -0.0 -0.0 -0.0 -0.0 -0.0 -0.0; -0.0 -0.0 -0.0 -0.0 -0.0 -0.0 -0.0 -0.0 -0.0 -0.0; -0.0 -0.0 -0.0 -0.0 -0.0 -0.0 -0.0 -0.0 -0.0 -0.0;;; -0.0 -0.0 -0.0 -0.0 -0.0 -0.0 -0.0 -0.0 -0.0 -0.0; -0.0 -0.0 -0.0 -0.0 -0.0 -0.0 -0.0 -0.0 -0.0 -0.0; -0.0 -0.0 -0.0 -0.0 -0.0 -0.0 -0.0 -0.0 -0.0 -0.0; -0.0 -0.0 -0.0 -0.0 -0.0 -0.0 -0.0 -0.0 -0.0 -0.0; -0.0 -0.0 -0.0 -0.0 -0.0 -0.0 -0.0 -0.0 -0.0 -0.0; -0.0 -0.0 -0.0 -0.0 -0.0 -0.0 -0.0 -0.0 -0.0 -0.0;;; -0.0 -0.0 -0.0 -0.0 -0.0 -0.0 -0.0 -0.0 -0.0 -0.0; -0.0 -0.0 -0.0 -0.0 -0.0 -0.0 -0.0 -0.0 -0.0 -0.0; -0.0 -0.0 -0.0 -0.0 -0.0 -0.0 -0.0 -0.0 -0.0 -0.0; -0.0 -0.0 -0.0 -0.0 -0.0 -0.0 -0.0 -0.0 -0.0 -0.0; -0.0 -0.0 -0.0 -0.0 -0.0 -0.0 -0.0 -0.0 -0.0 -0.0; -0.0 -0.0 -0.0 -0.0 -0.0 -0.0 -0.0 -0.0 -0.0 -0.0]
evol_box,"[[0.745, 0.0], [3.577, 383553.12288542074], [3.765, 383553.1228857679], [4.05, 639435.12004525], [4.359, 639435.12004525], [4.594, 639435.12004525], [5.497, 639435.12004525], [6.065, 5.348699656643853e6], [10.189, 6.366136141102498e6], [16.733, 8.14740047215909e6], [20.093, 8.91163998738183e6], [23.954, 8.9116399873818e6], [29.919, 8.911639987381829e6], [36.076, 9.674735284309309e6], [40.759, 9.674735284309309e6], [51.028, 1.0693259492699606e7], [65.407, 1.082070294443443e7], [85.002, 1.145684613395432e7], [98.178, 1.1456846133954318e7], [125.442, 1.2221081359374905e7], [168.353, 1.2475130773492495e7], [240.545, 1.247592067231784e7], [328.143, 1.2984173799524747e7], [426.037, 1.2984457645163422e7], [559.121, 1.3239010626148278e7], [678.674, 1.3239475920667881e7], [892.92, 1.3620555208978346e7], [957.353, 1.362079617324675e7], [1088.92, 1.3620555208978346e7], [1204.364, 1.3620821662972294e7], [1382.245, 1.4003244970247258e7], [1412.192, 1.3620555208978346e7], [1853.335, 1.3620927870162068e7], [2605.402, 1.3875943441530868e7], [3100.022, 1.413016440941674e7], [3600.041, 1.4257400776058152e7]]"
y_pb,[[36.0 28.0 -0.0 -0.0 -0.0 -0.0 -0.0 -0.0 -0.0 -0.0; -0.0 -0.0 -0.0 -0.0 -0.0 -0.0 -0.0 -0.0 -0.0 -0.0; -0.0 -0.0 -0.0 -0.0 -0.0 -0.0 -0.0 -0.0 -0.0 -0.0; -0.0 -0.0 -0.0 -0.0 -0.0 0.0 -0.0 -0.0 -0.0 -0.0; -0.0 -0.0 -0.0 -0.0 -0.0 -0.0 46.0 45.0 -0.0 -0.0; -0.0 -0.0 -0.0 -0.0 -0.0 -0.0 -0.0 -0.0 6.0 -0.0;;;]]
x_bb,"[64.0, 0.0, 0.0, -0.0, 90.0, 7.0]"
x_box,"[8.0, 26.0, 0.0, 0.0, 74.0, 53.0]"
evol_zeta,"[[2.934, 59.4], [3.718, 48.0], [3.788, 39.285714285714285], [4.084, 36.0], [4.378, 36.0], [4.638, 35.666666666666664], [5.541, 30.9000021843493], [6.107, 28.4], [10.226, 26.799999999999997], [16.787, 26.11111111111111], [20.152, 25.5], [24.002, 25.0], [29.967, 23.875], [36.124, 23.500000002450008], [40.784, 23.444444444444443], [51.066, 23.285714285714267], [65.455, 22.0], [85.043, 21.555555555555568], [98.208, 20.799999999999997], [125.473, 20.88888888888888], [168.38, 22.0], [240.604, 18.333333086364288], [328.188, 21.111111111111114], [426.092, 18.666666666666668], [559.155, 21.666666666666668], [678.709, 20.875], [892.956, 19.22222222222222], [957.402, 19.4], [1088.984, 17.875], [1204.422, 19.25], [1382.309, 16.000000001700002], [1412.217, 18.0], [1853.374, 17.5], [2605.459, 16.375], [3100.069, 16.33333333333333], [3600.056, 0.0]]"
ξ_box,[29.0 23.0 2.0 36.0 27.0; 21.0 15.0 6.0 28.0 19.0; 27.0 32.0 24.0 31.0 5.0; 9.0 34.0 26.0 44.0 20.0; 5.0 33.0 31.0 16.0 48.0; 10.0 38.0 26.0 13.0 43.0; 37.0 12.0 40.0 30.0 32.0; 32.0 21.0 34.0 21.0 23.0; 38.0 29.0 41.0 13.0 15.0; 60.0 25.0 43.0 36.0 40.0]
