first,second
s_box,[0.0 21.0; 13.0 0.0; 0.0 0.0; 41.0 2.0; 31.0 29.0; 0.0 0.0; 0.0 11.0; 0.0 6.0; 0.0 3.0; 0.0 12.0]
x_pb,"[21.0, 57.0, -0.0, 4.0, 17.0, 28.0]"
s_bb,[-0.0 0.0; 40.0 13.0; -0.0 -0.0; -0.0 41.0; 30.0 31.0; 4.0 -0.0; -0.0 -0.0; 6.0 -0.0; -0.0 0.0; 4.0 0.0]
partition_bb,"[[[21.0, 35.0, 34.0, 23.0, 6.0, 4.0, 0.0, 6.0, 0.0, 0.0], [21.0, 32.0, 29.0, 20.0, 25.0, 0.0, 0.0, 0.0, 2.0, 0.0], [11.0, 38.0, 35.0, 26.0, 9.0, 0.0, 9.0, 0.0, 0.0, 0.0], [10.0, 37.0, 34.0, 25.0, 8.0, 0.0, 0.0, 0.0, 6.0, 8.0], [9.0, 36.0, 33.0, 33.0, 16.0, 0.0, 0.0, 0.0, 0.0, 0.0], [8.0, 35.0, 32.0, 23.0, 6.0, 0.0, 0.0, 5.0, 12.0, 10.0], [7.0, 34.0, 31.0, 22.0, 30.0, 3.0, 0.0, 0.0, 0.0, 0.0], [12.0, 37.0, 40.0, 29.0, 12.0, 0.0, 0.0, 0.0, 0.0, 0.0], [10.0, 37.0, 34.0, 25.0, 8.0, 4.0, 11.0, 0.0, 0.0, 0.0], [13.0, 40.0, 37.0, 28.0, 11.0, 0.0, 0.0, 0.0, 0.0, 0.0], [9.0, 36.0, 33.0, 35.0, 18.0, 0.0, 0.0, 0.0, 0.0, 0.0], [9.0, 36.0, 33.0, 24.0, 7.0, 0.0, 0.0, 3.0, 10.0, 12.0]], [[2.0, 29.0, 30.0, 41.0, 24.0, 2.0, 0.0, 0.0, 0.0, 0.0], [0.0, 12.0, 13.0, 24.0, 31.0, 4.0, 11.0, 6.0, 13.0, 15.0], [21.0, 29.0, 28.0, 17.0, 0.0, 0.0, 0.0, 6.0, 13.0, 15.0], [7.0, 34.0, 31.0, 22.0, 5.0, 0.0, 0.0, 6.0, 13.0, 15.0], [7.0, 32.0, 35.0, 37.0, 20.0, 0.0, 0.0, 0.0, 0.0, 0.0], [8.0, 35.0, 32.0, 36.0, 19.0, 0.0, 0.0, 0.0, 0.0, 0.0]]]"
y_box,[21.0 0.0 0.0 0.0 0.0 0.0 0.0 0.0 0.0 0.0; 0.0 22.0 35.0 0.0 0.0 0.0 0.0 0.0 0.0 0.0; 0.0 0.0 0.0 0.0 0.0 0.0 0.0 0.0 0.0 0.0; 0.0 0.0 0.0 0.0 0.0 4.0 0.0 0.0 0.0 0.0; 0.0 0.0 0.0 0.0 0.0 0.0 11.0 6.0 0.0 0.0; 0.0 0.0 0.0 0.0 0.0 0.0 0.0 0.0 13.0 15.0;;; 0.0 21.0 0.0 0.0 0.0 0.0 0.0 0.0 0.0 0.0; 0.0 15.0 27.0 15.0 0.0 0.0 0.0 0.0 0.0 0.0; 0.0 0.0 0.0 0.0 0.0 0.0 0.0 0.0 0.0 0.0; 0.0 4.0 0.0 0.0 0.0 0.0 0.0 0.0 0.0 0.0; 0.0 0.0 13.0 0.0 0.0 4.0 0.0 0.0 0.0 0.0; 0.0 0.0 0.0 18.0 0.0 0.0 0.0 0.0 10.0 0.0]
evol_bb,"[[0.549, 1.1974986740480307e7], [5.91, 1.1848951031254707e7], [5.92, 1.1722915322029108e7], [6.11, 1.1596879612803508e7], [9.827, 1.1218772485126708e7], [13.61, 1.1092736775901109e7], [19.841, 1.0966708420979101e7], [24.014, 1.0966701066675508e7], [26.087, 1.08406745503294e7], [29.447, 1.0840665357449908e7], [37.366, 1.07146388411038e7]]"
y_bb,[21.0 -0.0 -0.0 0.0 0.0 -0.0 -0.0 -0.0 -0.0 -0.0; -0.0 0.0 40.0 7.0 -0.0 -0.0 0.0 0.0 2.0 8.0; -0.0 -0.0 -0.0 0.0 -0.0 -0.0 -0.0 -0.0 -0.0 -0.0; -0.0 -0.0 -0.0 -0.0 -0.0 -0.0 -0.0 -0.0 4.0 -0.0; -0.0 -0.0 -0.0 -0.0 -0.0 -0.0 11.0 -0.0 6.0 -0.0; -0.0 -0.0 -0.0 28.0 -0.0 -0.0 -0.0 -0.0 -0.0 -0.0;;; 21.0 -0.0 -0.0 -0.0 -0.0 -0.0 -0.0 -0.0 -0.0 -0.0; -0.0 22.0 35.0 -0.0 -0.0 -0.0 -0.0 -0.0 -0.0 -0.0; -0.0 -0.0 -0.0 0.0 0.0 -0.0 -0.0 -0.0 -0.0 -0.0; -0.0 -0.0 -0.0 -0.0 -0.0 4.0 0.0 -0.0 -0.0 -0.0; -0.0 -0.0 -0.0 -0.0 -0.0 -0.0 11.0 6.0 -0.0 -0.0; -0.0 -0.0 -0.0 -0.0 -0.0 -0.0 -0.0 -0.0 13.0 15.0]
evol_box,"[[0.417, 0.0], [2.091, 128641.93108638038], [2.185, 128641.93108638038], [2.198, 2.6491562864237963e6], [2.213, 4.791323793067135e6], [2.247, 4.791513207573674e6], [2.299, 5.169620335250474e6], [2.367, 6.051580333197446e6], [2.452, 6.681601268223919e6], [2.518, 6.933965385398159e6], [2.607, 7.8159510711531155e6], [2.784, 7.816011570191788e6], [2.878, 8.067971097712189e6], [2.98, 8.320181471805133e6], [3.148, 8.572182280775994e6], [3.284, 8.824163909817243e6], [3.428, 8.824163909817243e6], [3.584, 9.076333534275463e6], [3.781, 9.202392459707638e6], [3.911, 9.454366652052589e6], [4.044, 9.706349490147203e6], [4.203, 9.706355005874896e6], [4.367, 9.706355005874898e6], [4.531, 9.8323870379487e6], [4.725, 9.8323870379487e6], [4.9, 9.832436205228964e6], [5.148, 9.958510172871156e6], [5.4, 1.0084465810703492e7], [5.621, 1.0084465810703494e7], [5.868, 1.0084467649279393e7], [6.151, 1.0084599501542099e7], [6.429, 1.0084599760521378e7], [6.658, 1.0210490488473704e7], [6.906, 1.0210490488473704e7], [7.254, 1.0210560698862074e7], [7.561, 1.0210566657790143e7], [7.781, 1.03365298748511e7], [7.983, 1.0336531713427e7], [8.195, 1.0336533552002871e7], [8.415, 1.0336553534343475e7], [8.698, 1.0336652000307081e7], [9.077, 1.0462569261228498e7], [9.323, 1.0462613563104738e7], [9.579, 1.0588597616150504e7], [9.872, 1.0588599454726402e7], [10.277, 1.0588601293302298e7], [10.601, 1.0588601293302292e7], [10.828, 1.0588601293302301e7], [11.055, 1.0588601293302247e7], [11.291, 1.0588604970454097e7], [11.571, 1.0588604970454097e7], [11.914, 1.0588604970454097e7], [12.21, 1.0588604970454097e7], [12.527, 1.0588647433754439e7], [12.794, 1.058864927228921e7], [13.087, 1.0588698824283369e7], [13.317, 1.0588723349439932e7], [13.616, 1.0588735050643947e7], [15.017, 1.0714637002527902e7], [16.315, 1.0714637002527898e7], [16.654, 1.07146370025279e7], [16.918, 1.0714637002527898e7], [17.842, 1.07146370025279e7], [18.278, 1.0714637002527904e7], [18.628, 1.0714637002527902e7], [20.094, 1.07146388411038e7], [21.396, 1.07146388411038e7]]"
y_pb,[[21.0 -0.0 -0.0 -0.0 -0.0 -0.0 -0.0 -0.0 -0.0 -0.0; -0.0 17.0 40.0 -0.0 -0.0 -0.0 -0.0 -0.0 -0.0 -0.0; -0.0 -0.0 -0.0 0.0 -0.0 -0.0 -0.0 -0.0 -0.0 -0.0; -0.0 -0.0 -0.0 -0.0 -0.0 4.0 -0.0 -0.0 -0.0 -0.0; -0.0 -0.0 -0.0 -0.0 -0.0 -0.0 11.0 6.000000000000001 -0.0 -0.0; -0.0 -0.0 -0.0 -0.0 -0.0 -0.0 -0.0 -0.0 13.0 15.0;;;]]
x_bb,"[21.0, 57.0, 0.0, 4.0, 17.0, 28.0]"
x_box,"[21.0, 57.0, 0.0, 4.0, 17.0, 28.0]"
evol_zeta,"[[1.699, 40.83333333333333], [2.174, 19.0], [2.187, 19.0], [2.201, 15.0], [2.228, 15.0], [2.278, 14.000000000000002], [2.317, 11.0], [2.371, 14.600000000000001], [2.459, 10.857142857142856], [2.534, 9.75], [2.613, 10.666666666666668], [2.79, 11.0], [2.894, 6.200000000000003], [2.985, 4.7499981788655745], [3.154, 4.666666666666664], [3.291, 5.375], [3.435, 4.0], [3.599, 5.333333333333329], [3.786, 3.9999988580004526], [3.918, 4.0], [4.049, 4.399999999999999], [4.21, 5.0], [4.375, 3.2], [4.538, 4.0], [4.731, 3.428571428571427], [4.908, 4.0], [5.18, 3.333333333333332], [5.408, 2.749999999999998], [5.655, 2.0], [5.882, 2.875], [6.159, 2.2857142857142865], [6.438, 1.625], [6.665, 3.0000000000000027], [6.913, 2.799999999999997], [7.264, 1.7999999999999972], [7.568, 4.0], [7.794, 1.875], [7.991, 1.0], [8.202, 1.375], [8.424, 1.3333333333333321], [8.707, 1.0], [9.083, 0.5999999999999908], [9.332, 0.5999999999999948], [9.586, 2.8000000000000034], [9.878, 3.833333333333334], [10.308, 1.1249999999999993], [10.609, 1.1428571428571432], [10.836, 0.5714285714285765], [11.063, 0.400000000140011], [11.299, 1.0], [11.575, 0.6666666666666679], [11.922, 0.625], [12.215, 0.375], [12.536, 0.5], [12.802, 0.3333333333333282], [13.095, 0.5], [13.325, 0.8749999999999944], [13.624, 0.375], [15.024, 1.0], [16.324, 0.25], [16.661, 0.4285714285714306], [16.927, 0.25], [17.85, 0.7999999999999972], [18.286, 0.6000000000000014], [18.636, 0.3333333333333286], [20.102, 0.125], [21.402, 0.0]]"
ξ_box,[21.0 21.0; 35.0 40.0; 35.0 40.0; 41.0 35.0; 31.0 29.0; 4.0 4.0; 11.0 11.0; 6.0 6.0; 13.0 13.0; 15.0 12.0]
