first,second
s_box,[0.0; 0.0; 0.0; 42.0; 12.0; 15.0; 13.0; 0.0; 0.0; 21.0;;]
x_pb,"[83.0, 38.0, 4.0, 17.0, -0.0, -0.0]"
s_bb,[0.0; 0.0; 0.0; 42.0; 12.0; 15.0; 13.0; 0.0; 0.0; 21.0;;]
partition_bb,"[[[42.0, 40.0, 32.0, 20.0, 5.0, 4.0, 2.0, 0.0, 0.0, 0.0], [20.0, 21.0, 30.0, 42.0, 13.0, 12.0, 10.0, 0.0, 0.0, 0.0], [27.0, 29.0, 30.0, 18.0, 1.0, 0.0, 0.0, 2.0, 15.0, 21.0], [28.0, 29.0, 38.0, 26.0, 9.0, 8.0, 6.0, 0.0, 0.0, 0.0], [0.0, 0.0, 0.0, 0.0, 3.0, 4.0, 13.0, 2.0, 0.0, 0.0], [0.0, 0.0, 0.0, 0.0, 14.0, 15.0, 6.0, 2.0, 0.0, 0.0], [0.0, 0.0, 0.0, 0.0, 16.0, 15.0, 6.0, 2.0, 0.0, 0.0], [39.0, 41.0, 32.0, 20.0, 6.0, 5.0, 3.0, 0.0, 0.0, 0.0]]]"
y_box,[42.0 41.0 -0.0 -0.0 -0.0 -0.0 -0.0 -0.0 -0.0 -0.0; -0.0 -0.0 38.0 -0.0 -0.0 -0.0 -0.0 -0.0 -0.0 -0.0; -0.0 -0.0 -0.0 0.0 4.0 0.0 -0.0 -0.0 -0.0 -0.0; -0.0 -0.0 -0.0 -0.0 -0.0 -0.0 -0.0 2.0 15.0 0.0; -0.0 -0.0 -0.0 -0.0 -0.0 -0.0 -0.0 -0.0 -0.0 -0.0; -0.0 -0.0 -0.0 -0.0 -0.0 -0.0 -0.0 -0.0 -0.0 -0.0;;;]
evol_bb,"[[0.312, 1.282667691305649e7]]"
y_bb,[42.0 41.0 -0.0 -0.0 -0.0 -0.0 -0.0 -0.0 -0.0 -0.0; -0.0 -0.0 38.0 -0.0 -0.0 -0.0 -0.0 -0.0 -0.0 -0.0; -0.0 -0.0 -0.0 0.0 4.0 0.0 -0.0 -0.0 -0.0 -0.0; -0.0 -0.0 -0.0 -0.0 -0.0 -0.0 -0.0 2.0 15.0 0.0; -0.0 -0.0 -0.0 -0.0 -0.0 -0.0 -0.0 -0.0 -0.0 -0.0; -0.0 -0.0 -0.0 -0.0 -0.0 -0.0 -0.0 -0.0 -0.0 -0.0;;;]
evol_box,"[[0.46, 0.0], [2.264, 374644.80820964527], [2.349, 6.102702698795271e6], [2.354, 1.0834383038691495e7], [2.359, 1.158145542708527e7], [2.364, 1.2702163239139773e7], [2.368, 1.282667691305649e7]]"
y_pb,[[42.0 41.0 -0.0 -0.0 -0.0 -0.0 -0.0 -0.0 -0.0 -0.0; -0.0 -0.0 38.0 -0.0 -0.0 -0.0 -0.0 -0.0 -0.0 -0.0; -0.0 -0.0 -0.0 -0.0 4.0 -0.0 -0.0 -0.0 -0.0 -0.0; -0.0 -0.0 -0.0 -0.0 -0.0 -0.0 -0.0 2.0 15.0 -0.0; -0.0 -0.0 -0.0 -0.0 -0.0 -0.0 -0.0 -0.0 -0.0 0.0; -0.0 -0.0 -0.0 -0.0 -0.0 -0.0 -0.0 -0.0 -0.0 0.0;;;]]
x_bb,"[83.0, 38.0, 4.0, 17.0, 0.0, 0.0]"
x_box,"[83.0, 38.0, 4.0, 17.0, 0.0, 0.0]"
evol_zeta,"[[1.849, 41.57142857142857], [2.348, 21.142857142857146], [2.352, 21.0], [2.357, 5.714285714285715], [2.363, 3.000000000400007], [2.367, 0.4285714285714306], [2.373, 0.0]]"
ξ_box,[42.0; 41.0; 38.0; 42.0; 16.0; 15.0; 13.0; 2.0; 15.0; 21.0;;]
