first,second
s_box,[20.0 25.0; 16.0 16.0; 18.0 21.0; 22.999999400102375 0.0; -0.0 22.000000192806784; -0.0 36.0; -0.0 -0.0; 44.0 -0.0; -0.0 -0.0; -0.0 -0.0]
x_pb,"[-0.0, -0.0, -0.0, 36.0, 104.0, 40.0]"
s_bb,[20.0 -0.0; 16.0 16.0; 18.0 -0.0; 23.0 -0.0; 0.0 36.0; -0.0 -0.0; -0.0 36.0; 44.0 11.0; -0.0 21.0; -0.0 -0.0]
partition_bb,"[[[0.0, 0.0, 0.0, 13.0, 34.0, 39.0, 40.0, 44.0, 6.0, 6.0], [0.0, 0.0, 0.0, 32.0, 31.0, 36.0, 37.0, 41.0, 3.0, 3.0], [15.0, 6.0, 6.0, 9.0, 30.0, 35.0, 36.0, 40.0, 2.0, 2.0], [0.0, 0.0, 0.0, 8.0, 29.0, 34.0, 35.0, 39.0, 20.0, 18.0], [4.0, 13.0, 8.0, 14.0, 35.0, 40.0, 38.0, 35.0, 0.0, 0.0], [0.0, 0.0, 0.0, 38.0, 34.0, 39.0, 37.0, 34.0, 0.0, 0.0], [5.0, 9.0, 14.0, 13.0, 34.0, 39.0, 37.0, 34.0, 0.0, 0.0], [20.0, 11.0, 11.0, 15.0, 36.0, 32.0, 30.0, 27.0, 0.0, 0.0], [0.0, 2.0, 2.0, 42.0, 32.0, 37.0, 35.0, 32.0, 0.0, 0.0], [9.0, 13.0, 18.0, 11.0, 32.0, 37.0, 35.0, 32.0, 0.0, 0.0], [7.0, 16.0, 11.0, 11.0, 31.0, 36.0, 38.0, 34.0, 0.0, 0.0], [0.0, 0.0, 0.0, 16.0, 36.0, 41.0, 43.0, 39.0, 3.0, 3.0], [0.0, 0.0, 0.0, 11.0, 32.0, 36.0, 34.0, 31.0, 17.0, 19.0], [0.0, 3.0, 3.0, 43.0, 31.0, 36.0, 34.0, 31.0, 0.0, 0.0], [0.0, 0.0, 0.0, 8.0, 29.0, 34.0, 35.0, 39.0, 21.0, 19.0]], [[3.0, 12.0, 12.0, 52.0, 31.0, 26.0, 25.0, 21.0, 3.0, 3.0], [25.0, 16.0, 16.0, 43.0, 22.0, 17.0, 19.0, 22.0, 0.0, 0.0], [25.0, 16.0, 18.0, 0.0, 15.0, 20.0, 22.0, 25.0, 21.0, 19.0], [10.0, 14.0, 19.0, 7.0, 28.0, 33.0, 34.0, 38.0, 0.0, 0.0], [0.0, 9.0, 4.0, 43.0, 36.0, 31.0, 29.0, 26.0, 0.0, 2.0], [0.0, 4.0, 4.0, 44.0, 30.0, 35.0, 33.0, 30.0, 0.0, 0.0], [12.0, 16.0, 21.0, 30.0, 10.0, 5.0, 3.0, 0.0, 21.0, 19.0], [0.0, 4.0, 4.0, 44.0, 29.0, 34.0, 36.0, 32.0, 0.0, 0.0], [0.0, 0.0, 0.0, 10.0, 31.0, 36.0, 34.0, 31.0, 21.0, 19.0]]]"
y_box,[-0.0 -0.0 -0.0 -0.0 -0.0 -0.0 -0.0 -0.0 -0.0 -0.0; -0.0 -0.0 -0.0 -0.0 -0.0 -0.0 -0.0 -0.0 -0.0 -0.0; -0.0 -0.0 -0.0 -0.0 -0.0 -0.0 -0.0 -0.0 -0.0 -0.0; -0.0 -0.0 -0.0 20.0 36.0 -0.0 -0.0 -0.0 -0.0 -0.0; -0.0 -0.0 -0.0 -0.0 -0.0 41.0 43.0 0.0 -0.0 -0.0; -0.0 -0.0 -0.0 -0.0 -0.0 -0.0 -0.0 -0.0 21.0 19.0;;; -0.0 -0.0 -0.0 -0.0 -0.0 -0.0 -0.0 -0.0 -0.0 -0.0; -0.0 -0.0 -0.0 -0.0 -0.0 -0.0 -0.0 -0.0 -0.0 -0.0; -0.0 -0.0 -0.0 -0.0 -0.0 -0.0 -0.0 -0.0 -0.0 -0.0; 0.0 -0.0 0.0 52.0 4.0 -0.0 -0.0 -0.0 -0.0 -0.0; -0.0 0.0 -0.0 -0.0 9.999999805943217 0.0 36.00000019371588 38.0 -0.0 -0.0; -0.0 -0.0 -0.0 -0.0 -0.0 -0.0 -0.0 0.0 21.0 19.0]
evol_bb,"[[0.371, 1.5084181670024265e7], [7.714, 1.497488848633928e7], [8.464, 1.4974888486339279e7], [15.122, 1.4647008935284324e7], [26.066, 1.4537715751599338e7], [29.435, 1.3881975951937113e7], [29.454, 1.3772685417362766e7], [52.769, 1.3554098419846982e7], [80.135, 1.3554096400882155e7], [80.565, 1.3554096400882153e7], [80.858, 1.3444794790765662e7], [109.785, 1.3335516720552482e7], [117.087, 1.3335516720552478e7], [117.887, 1.3335514701587653e7], [118.384, 1.3335490731064498e7], [120.319, 1.3226223536867494e7], [123.954, 1.3226197547379512e7], [123.98, 1.322619754737951e7], [124.816, 1.3226197547379509e7]]"
y_bb,[0.0 -0.0 -0.0 -0.0 -0.0 -0.0 -0.0 -0.0 -0.0 -0.0; -0.0 0.0 0.0 -0.0 -0.0 -0.0 -0.0 -0.0 -0.0 -0.0; -0.0 -0.0 -0.0 -0.0 -0.0 -0.0 -0.0 -0.0 -0.0 -0.0; -0.0 -0.0 -0.0 20.0 36.0 -0.0 -0.0 -0.0 -0.0 -0.0; -0.0 -0.0 -0.0 -0.0 -0.0 41.0 43.0 -0.0 -0.0 -0.0; -0.0 -0.0 -0.0 -0.0 -0.0 -0.0 -0.0 -0.0 21.0 19.0;;; 0.0 -0.0 -0.0 -0.0 -0.0 -0.0 0.0 0.0 -0.0 -0.0; -0.0 -0.0 -0.0 -0.0 -0.0 -0.0 -0.0 -0.0 -0.0 0.0; -0.0 -0.0 -0.0 -0.0 -0.0 -0.0 -0.0 0.0 -0.0 -0.0; -0.0 0.0 20.0 -0.0 -0.0 36.0 -0.0 -0.0 -0.0 -0.0; 25.0 -0.0 1.0 52.0 0.0 0.0 -0.0 6.0 0.0 -0.0; -0.0 -0.0 -0.0 -0.0 -0.0 -0.0 -0.0 21.0 -0.0 19.0]
evol_box,"[[0.447, 0.0], [2.179, 876574.1122099156], [2.295, 876751.3620480893], [2.339, 5.466743464624704e6], [2.394, 6.234037968857303e6], [2.458, 6.996568578222793e6], [2.623, 7.434066085023511e6], [2.793, 8.417473239842234e6], [2.978, 9.073139068237536e6], [3.259, 9.947425784654934e6], [3.404, 1.0166164178802002e7], [3.532, 1.0275312194842257e7], [3.735, 1.0712511599822091e7], [3.957, 1.071251159982209e7], [4.156, 1.0931216464596901e7], [4.444, 1.1258950848007124e7], [4.735, 1.1477530356244728e7], [5.016, 1.1477565941021943e7], [5.265, 1.1696175536431717e7], [5.538, 1.1805405003868643e7], [5.83, 1.1914712019687962e7], [6.157, 1.1914714232527204e7], [6.565, 1.2024027019279335e7], [6.978, 1.2133301036168573e7], [7.358, 1.2133301036168562e7], [7.713, 1.2242570879476218e7], [7.957, 1.2242589501171997e7], [8.137, 1.224259157074292e7], [8.475, 1.2351882684856981e7], [8.862, 1.2461221442177609e7], [9.263, 1.2570469052226953e7], [9.585, 1.2570473770908518e7], [9.903, 1.278905748916785e7], [10.287, 1.2789057489167849e7], [10.573, 1.2789062927175937e7], [11.1, 1.2898349284033818e7], [11.549, 1.2898350672852833e7], [11.931, 1.2898375073995834e7], [12.403, 1.2898388571705015e7], [13.12, 1.300762294257295e7], [13.61, 1.3007622942572951e7], [14.115, 1.3007635780678509e7], [14.658, 1.3007637799643334e7], [15.155, 1.3007637799643336e7], [15.811, 1.3007637799643334e7], [16.488, 1.3007640448753977e7], [17.044, 1.3007640448753977e7], [17.703, 1.3116904363694526e7], [18.364, 1.3116904363694523e7], [19.007, 1.3116916126257934e7], [19.474, 1.3116930983328322e7], [20.148, 1.3116930983328322e7], [20.835, 1.311693098332832e7], [21.558, 1.311693300229315e7], [22.085, 1.3116933002293099e7], [22.678, 1.3116933002293136e7], [23.203, 1.3116933002293147e7], [24.225, 1.3116933002293149e7], [25.067, 1.311696096226622e7], [25.675, 1.322619754737951e7], [26.087, 1.3226197547379512e7], [26.962, 1.3226197481814789e7]]"
y_pb,[[-0.0 0.0 -0.0 -0.0 -0.0 -0.0 -0.0 -0.0 -0.0 -0.0; -0.0 0.0 -0.0 -0.0 -0.0 -0.0 -0.0 -0.0 -0.0 -0.0; -0.0 -0.0 -0.0 0.0 -0.0 -0.0 -0.0 -0.0 -0.0 -0.0; -0.0 -0.0 -0.0 -0.0 36.0 -0.0 -0.0 -0.0 -0.0 -0.0; -0.0 -0.0 -0.0 -0.0 -0.0 41.0 43.00000000000001 20.0 -0.0 -0.0; -0.0 -0.0 -0.0 -0.0 -0.0 -0.0 -0.0 -0.0 21.0 19.0;;;]]
x_bb,"[0.0, 0.0, 0.0, 56.0, 84.0, 40.0]"
x_box,"[-0.0, -0.0, -0.0, 56.0, 84.0, 40.0]"
evol_zeta,"[[1.757, 51.2], [2.271, 22.714285714285715], [2.308, 22.0], [2.358, 18.0], [2.413, 18.0], [2.471, 16.0], [2.644, 13.999999999999996], [2.824, 16.00000000000003], [2.987, 13.571428571428573], [3.268, 11.000000000000007], [3.41, 15.0], [3.571, 10.5], [3.745, 9.25], [3.967, 6.375000000737501], [4.164, 8.333333333333321], [4.454, 5.500000000000002], [4.744, 5.5], [5.026, 7.000000000000001], [5.269, 6.0], [5.596, 5.75], [5.839, 4.400000000000032], [6.212, 6.857142857142853], [6.574, 5.000000000000028], [6.988, 4.0], [7.375, 3.625], [7.724, 4.625], [7.965, 4.428571428571417], [8.149, 3.4285714285714235], [8.484, 3.4285714285714235], [8.872, 3.0], [9.272, 3.875], [9.6, 2.857142857142861], [9.915, 3.0], [10.299, 2.8571428571428577], [10.58, 2.125], [11.112, 1.8571428571428605], [11.561, 1.875], [11.943, 2.0000013329346658], [12.42, 2.8888888888888893], [13.164, 1.125], [13.621, 1.0000000002000036], [14.127, 2.285714285714282], [14.667, 1.7142857142857153], [15.228, 2.25], [15.819, 2.0], [16.499, 1.7499999999999936], [17.051, 1.0000000002000036], [17.714, 0.7142857142857153], [18.37, 1.0000000002000036], [19.065, 1.0000000002000036], [19.482, 1.2500000000000002], [20.159, 1.0], [20.845, 1.0000000000000036], [21.57, 0.8571428571428505], [22.197, 0.5], [22.693, 0.1250000000000009], [23.214, 0.4285714285714377], [24.238, 0.28571428571428115], [25.075, 0.8999999999999986], [25.737, 0.625], [26.093, 0.9999999999999989], [26.973, 8.522764609608657e-7]]"
ξ_box,[20.0 25.0; 16.0 16.0; 18.0 21.0; 42.9999994034357 52.0; 36.0 36.0; 41.0 36.0; 43.0 36.00000019496588; 44.0 38.0; 21.0 21.0; 19.0 19.0]
