first,second
s_box,[-0.0 -0.0 -0.0 -0.0 -0.0; -0.0 22.0 -0.0 17.0 -0.0; -0.0 -0.0 -0.0 15.0 -0.0; 12.0 22.0 18.0 -0.0 39.99999953338578; 16.0 38.0 37.0 -0.0 34.0; 16.0 -0.0 32.0 -0.0 22.0; 18.0 -0.0 -0.0 30.0 -0.0; 28.0 -0.0 8.0 -0.0 -0.0; -0.0 -0.0 -0.0 32.0 -0.0; -0.0 -0.0 -0.0 -0.0 -0.0]
x_pb,"[61.0, -0.0, -0.0, 0.0, 55.99999999999999, 60.0]"
s_bb,[0.0 -0.0 -0.0 -0.0 -0.0; 0.0 -0.0 -0.0 -0.0 -0.0; 0.0 -0.0 -0.0 -0.0 -0.0; 40.0 -0.0 -0.0 -0.0 -0.0; 46.0 -0.0 -0.0 -0.0 -0.0; 46.0 -0.0 -0.0 -0.0 -0.0; 45.0 -0.0 -0.0 -0.0 -0.0; 46.0 -0.0 -0.0 -0.0 -0.0; 0.0 -0.0 -0.0 -0.0 -0.0; 0.0 -0.0 -0.0 -0.0 -0.0]
partition_bb,"[[[10.0, 0.0, 0.0, 0.0, 8.0, 6.0, 18.0, 28.0, 51.0, 60.0], [0.0, 0.0, 0.0, 40.0, 27.0, 27.0, 21.0, 11.0, 20.0, 32.0], [5.0, 12.0, 27.0, 40.0, 27.0, 27.0, 21.0, 18.0, 0.0, 0.0], [0.0, 0.0, 0.0, 26.0, 31.0, 33.0, 45.0, 35.0, 12.0, 0.0], [0.0, 0.0, 0.0, 33.0, 46.0, 44.0, 32.0, 22.0, 0.0, 0.0], [0.0, 0.0, 0.0, 17.0, 22.0, 24.0, 36.0, 46.0, 23.0, 11.0], [12.0, 22.0, 27.0, 0.0, 0.0, 1.0, 13.0, 23.0, 46.0, 34.0], [0.0, 0.0, 0.0, 4.0, 9.0, 11.0, 23.0, 33.0, 56.0, 44.0], [0.0, 0.0, 0.0, 33.0, 44.0, 46.0, 34.0, 24.0, 1.0, 0.0]], Vector{Float64}[], Vector{Float64}[], Vector{Float64}[], Vector{Float64}[]]"
y_box,[-0.0 -0.0 17.0 17.0 -0.0 -0.0 -0.0 -0.0 12.0 -0.0; -0.0 -0.0 -0.0 -0.0 -0.0 -0.0 -0.0 -0.0 -0.0 -0.0; -0.0 -0.0 -0.0 -0.0 -0.0 -0.0 -0.0 -0.0 -0.0 -0.0; -0.0 12.0 10.0 -0.0 -0.0 -0.0 -0.0 -0.0 36.0 -0.0; -0.0 -0.0 -0.0 -0.0 -0.0 -0.0 -0.0 -0.0 -0.0 39.0; 10.0 -0.0 -0.0 -0.0 -0.0 -0.0 -0.0 -0.0 3.0 21.0;;; -0.0 -0.0 27.0 -0.0 -0.0 19.0 -0.0 -0.0 -0.0 -0.0; -0.0 -0.0 -0.0 -0.0 -0.0 -0.0 -0.0 -0.0 -0.0 -0.0; -0.0 -0.0 -0.0 -0.0 -0.0 -0.0 -0.0 -0.0 -0.0 -0.0; -0.0 -0.0 -0.0 18.0 -0.0 18.0 3.0 10.0 9.0 -0.0; -0.0 -0.0 -0.0 -0.0 -0.0 -0.0 39.0 -0.0 -0.0 -0.0; 12.0 -0.0 -0.0 -0.0 -0.0 -0.0 -0.0 22.0 0.0 -0.0;;; 10.0 20.0 5.0 6.0 -0.0 -0.0 -0.0 -0.0 5.0 -0.0; -0.0 -0.0 -0.0 -0.0 -0.0 -0.0 -0.0 -0.0 -0.0 -0.0; -0.0 -0.0 -0.0 -0.0 -0.0 -0.0 -0.0 -0.0 -0.0 -0.0; -0.0 -0.0 -0.0 -0.0 -0.0 3.0 32.0 23.0 -0.0 -0.0; -0.0 -0.0 -0.0 -0.0 -0.0 -0.0 -0.0 -0.0 29.0 9.0; -0.0 -0.0 -0.0 -0.0 -0.0 -0.0 -0.0 -0.0 -0.0 34.0;;; 0.0 0.0 8.0 -0.0 18.0 -0.0 -0.0 -0.0 -0.0 20.0; -0.0 -0.0 -0.0 -0.0 -0.0 -0.0 -0.0 -0.0 -0.0 -0.0; -0.0 -0.0 -0.0 -0.0 -0.0 -0.0 -0.0 -0.0 -0.0 -0.0; 7.0 -0.0 -0.0 33.0 -0.0 -0.0 4.0 14.0 -0.0 -0.0; -0.0 -0.0 -0.0 -0.0 -0.0 -0.0 -0.0 30.0 -0.0 9.0; -0.0 -0.0 4.0 -0.0 7.0 23.0 -0.0 -0.0 -0.0 -0.0;;; 5.0 13.999999533392725 27.0 4.63281999705711e-7 -0.0 -0.0 -0.0 -0.0 -0.0 -0.0; -0.0 -0.0 -0.0 -0.0 -0.0 -0.0 -0.0 -0.0 -0.0 -0.0; -0.0 -0.0 -0.0 -0.0 -0.0 -0.0 -0.0 -0.0 -0.0 -0.0; -0.0 -0.0 -0.0 -0.0 -0.0 10.0 29.0 19.0 -0.0 -0.0; -0.0 -0.0 -0.0 -0.0 -0.0 -0.0 0.0 -0.0 39.0 -0.0; -0.0 -0.0 -0.0 -0.0 -0.0 -0.0 -0.0 -0.0 0.0 34.0]
evol_bb,"[[194.851, 2.9208592434572116e7]]"
y_bb,[12.0 22.0 27.0 -0.0 -0.0 -0.0 -0.0 -0.0 -0.0 -0.0; -0.0 -0.0 -0.0 -0.0 -0.0 -0.0 -0.0 -0.0 -0.0 -0.0; -0.0 -0.0 -0.0 -0.0 -0.0 -0.0 -0.0 -0.0 -0.0 -0.0; -0.0 -0.0 -0.0 0.0 0.0 0.0 0.0 0.0 -0.0 -0.0; -0.0 -0.0 -0.0 -0.0 -0.0 -0.0 -0.0 -0.0 56.0 -0.0; -0.0 -0.0 -0.0 -0.0 -0.0 -0.0 -0.0 -0.0 -0.0 60.0;;; -0.0 -0.0 -0.0 -0.0 -0.0 -0.0 -0.0 -0.0 -0.0 -0.0; -0.0 -0.0 -0.0 -0.0 -0.0 -0.0 -0.0 -0.0 -0.0 -0.0; -0.0 -0.0 -0.0 -0.0 -0.0 -0.0 -0.0 -0.0 -0.0 -0.0; -0.0 -0.0 -0.0 -0.0 -0.0 -0.0 -0.0 -0.0 -0.0 -0.0; -0.0 -0.0 -0.0 -0.0 -0.0 -0.0 -0.0 -0.0 -0.0 -0.0; -0.0 -0.0 -0.0 -0.0 -0.0 -0.0 -0.0 -0.0 -0.0 -0.0;;; -0.0 -0.0 -0.0 -0.0 -0.0 -0.0 -0.0 -0.0 -0.0 -0.0; -0.0 -0.0 -0.0 -0.0 -0.0 -0.0 -0.0 -0.0 -0.0 -0.0; -0.0 -0.0 -0.0 -0.0 -0.0 -0.0 -0.0 -0.0 -0.0 -0.0; -0.0 -0.0 -0.0 -0.0 -0.0 -0.0 -0.0 -0.0 -0.0 -0.0; -0.0 -0.0 -0.0 -0.0 -0.0 -0.0 -0.0 -0.0 -0.0 -0.0; -0.0 -0.0 -0.0 -0.0 -0.0 -0.0 -0.0 -0.0 -0.0 -0.0;;; -0.0 -0.0 -0.0 -0.0 -0.0 -0.0 -0.0 -0.0 -0.0 -0.0; -0.0 -0.0 -0.0 -0.0 -0.0 -0.0 -0.0 -0.0 -0.0 -0.0; -0.0 -0.0 -0.0 -0.0 -0.0 -0.0 -0.0 -0.0 -0.0 -0.0; -0.0 -0.0 -0.0 -0.0 -0.0 -0.0 -0.0 -0.0 -0.0 -0.0; -0.0 -0.0 -0.0 -0.0 -0.0 -0.0 -0.0 -0.0 -0.0 -0.0; -0.0 -0.0 -0.0 -0.0 -0.0 -0.0 -0.0 -0.0 -0.0 -0.0;;; -0.0 -0.0 -0.0 -0.0 -0.0 -0.0 -0.0 -0.0 -0.0 -0.0; -0.0 -0.0 -0.0 -0.0 -0.0 -0.0 -0.0 -0.0 -0.0 -0.0; -0.0 -0.0 -0.0 -0.0 -0.0 -0.0 -0.0 -0.0 -0.0 -0.0; -0.0 -0.0 -0.0 -0.0 -0.0 -0.0 -0.0 -0.0 -0.0 -0.0; -0.0 -0.0 -0.0 -0.0 -0.0 -0.0 -0.0 -0.0 -0.0 -0.0; -0.0 -0.0 -0.0 -0.0 -0.0 -0.0 -0.0 -0.0 -0.0 -0.0]
evol_box,"[[0.386, 0.0], [1.961, 527078.941086457], [2.064, 527078.941086457], [2.197, 790298.6850017705], [2.344, 790298.6850017705], [2.446, 790298.6850017626], [3.329, 5.634199301097925e6], [5.244, 5.634199301097925e6], [8.611, 6.552130844208336e6], [11.049, 6.552706096903479e6], [13.452, 6.682637360653857e6], [16.727, 7.599454545388624e6], [20.641, 7.599454545388623e6], [24.504, 7.599454545388623e6], [29.324, 8.646496929155286e6], [33.035, 8.647604346468994e6], [38.61, 8.647604346468994e6], [43.08, 9.826504018951813e6], [47.036, 9.957620028041076e6], [61.934, 1.008789247935653e7], [77.062, 1.0219530900831165e7], [95.626, 1.06114095084571e7], [143.39, 1.0611764108642377e7], [169.307, 1.087364596689373e7], [195.845, 1.087396289406417e7], [300.537, 1.1135320719982177e7], [310.852, 1.1135320719982177e7], [429.279, 1.165954163230191e7], [537.702, 1.1789764019302096e7], [553.146, 1.1789764019302096e7], [568.982, 1.1789764019302096e7], [585.163, 1.1790903008250594e7], [628.165, 1.1789764019302096e7], [911.186, 1.1922329106849346e7], [2009.256, 1.2052848014396265e7], [2030.67, 1.270772106247865e7], [2907.694, 1.2316916992220642e7], [3600.033, 1.2576114468864782e7]]"
y_pb,[[12.000000000000002 22.0 27.0 -0.0 -0.0 -0.0 -0.0 -0.0 -0.0 -0.0; -0.0 -0.0 -0.0 0.0 -0.0 -0.0 -0.0 -0.0 -0.0 -0.0; -0.0 -0.0 -0.0 0.0 -0.0 -0.0 -0.0 -0.0 -0.0 -0.0; -0.0 -0.0 -0.0 -0.0 -0.0 -0.0 0.0 -0.0 -0.0 -0.0; -0.0 -0.0 -0.0 -0.0 -0.0 -0.0 -0.0 -0.0 56.0 -0.0; -0.0 -0.0 -0.0 -0.0 -0.0 -0.0 -0.0 -0.0 -0.0 60.0;;;]]
x_bb,"[61.0, 0.0, 0.0, 0.0, 56.0, 60.0]"
x_box,"[46.0, -0.0, -0.0, 58.0, 39.0, 34.0]"
evol_zeta,"[[1.593, 60.0], [2.036, 39.99999999999998], [2.084, 32.142857142857146], [2.221, 28.428571428571423], [2.365, 27.0], [2.464, 26.200000000000003], [3.364, 24.00000000000001], [5.303, 21.875], [8.648, 20.428571428571427], [11.073, 19.599999999999998], [13.472, 19.299999999999997], [16.78, 18.200000000000003], [20.684, 20.0], [24.561, 18.000000000000156], [29.358, 16.857142857142854], [33.056, 16.857142857142854], [38.67, 17.16666666666667], [43.122, 16.699999999999996], [47.069, 16.200000000000003], [61.996, 14.428571430114289], [77.129, 16.444444444444443], [95.685, 15.700000000000003], [143.437, 15.0], [169.376, 13.799999999999969], [195.864, 16.28571428571429], [300.562, 17.11111111111111], [310.891, 15.999999999999979], [429.308, 13.5], [537.744, 13.285714285714288], [553.186, 13.333333333333334], [569.031, 13.375], [585.185, 15.5], [628.205, 15.0], [911.227, 13.555555555555555], [2009.286, 14.142857142857144], [2030.703, 12.700000033181144], [2907.766, 11.666666666666657], [3600.048, 0.0]]"
ξ_box,[10.0 12.0 10.0 7.0 5.0; 12.0 22.0 20.0 17.0 13.999999536717993; 27.0 27.0 5.0 27.0 27.0; 29.0 40.0 24.0 33.0 40.0; 16.0 38.0 37.0 25.0 34.0; 16.0 37.0 35.0 23.0 32.0; 18.0 42.0 32.0 34.0 29.0; 28.0 32.0 31.0 44.0 19.0; 51.0 9.0 34.0 32.0 39.0; 60.0 -0.0 43.0 29.0 34.0]
