first,second
s_box,[9.0 -0.0 24.99999950451372 25.0; 12.000001975695119 -0.0 16.0 -0.0; 13.00000196611774 -0.0 21.0 -0.0; 12.0 -0.0 0.0 -0.0; -0.0 -0.0 -0.0 -0.0; -0.0 23.0 -0.0 39.0; -0.0 -0.0 -0.0 -0.0; 37.0 44.0 21.0 11.0; -0.0 15.0 -0.0 -0.0; -0.0 -0.0 -0.0 -0.0]
x_pb,"[-0.0, -0.0, -0.0, 36.0, 104.0, 40.0]"
s_bb,[25.0 -0.0 -0.0 -0.0; 16.0 16.0 -0.0 -0.0; 21.0 -0.0 -0.0 -0.0; 29.0 -0.0 -0.0 -0.0; 0.0 36.0 -0.0 -0.0; -0.0 -0.0 -0.0 -0.0; 0.0 43.0 -0.0 -0.0; 44.0 17.0 -0.0 -0.0; -0.0 21.0 -0.0 -0.0; -0.0 -0.0 -0.0 -0.0]
partition_bb,"[[[0.0, 0.0, 0.0, 13.0, 34.0, 39.0, 40.0, 44.0, 6.0, 6.0], [25.0, 16.0, 16.0, 37.0, 16.0, 21.0, 23.0, 26.0, 0.0, 0.0], [0.0, 0.0, 0.0, 15.0, 26.0, 31.0, 32.0, 36.0, 21.0, 19.0], [0.0, 9.0, 9.0, 49.0, 28.0, 28.0, 29.0, 33.0, 0.0, 0.0], [12.0, 16.0, 21.0, 14.0, 33.0, 28.0, 30.0, 26.0, 0.0, 0.0], [0.0, 0.0, 0.0, 16.0, 36.0, 41.0, 43.0, 42.0, 4.0, 4.0]], [[3.0, 12.0, 12.0, 52.0, 31.0, 26.0, 25.0, 21.0, 3.0, 3.0], [25.0, 16.0, 21.0, 15.0, 11.0, 16.0, 18.0, 21.0, 21.0, 19.0], [0.0, 0.0, 0.0, 16.0, 36.0, 41.0, 43.0, 39.0, 3.0, 3.0]], Vector{Float64}[], Vector{Float64}[]]"
y_box,[-0.0 -0.0 -0.0 -0.0 -0.0 -0.0 -0.0 -0.0 -0.0 -0.0; -0.0 -0.0 -0.0 -0.0 -0.0 -0.0 -0.0 -0.0 -0.0 -0.0; -0.0 -0.0 -0.0 -0.0 -0.0 -0.0 -0.0 -0.0 -0.0 -0.0; -0.0 -0.0 -0.0 40.0 31.0 5.0 -0.0 -0.0 -0.0 -0.0; -0.0 -0.0 -0.0 -0.0 4.0 27.0 33.0 0.0 -0.0 -0.0; -0.0 -0.0 -0.0 -0.0 -0.0 -0.0 -0.0 -0.0 21.0 19.0;;; -0.0 -0.0 -0.0 -0.0 -0.0 -0.0 -0.0 -0.0 -0.0 -0.0; -0.0 -0.0 -0.0 -0.0 -0.0 -0.0 -0.0 -0.0 -0.0 -0.0; -0.0 -0.0 -0.0 -0.0 -0.0 -0.0 -0.0 -0.0 -0.0 -0.0; 15.0 -0.0 -0.0 46.0 15.0 -0.0 -0.0 -0.0 -0.0 -0.0; -0.0 6.0 6.0 0.0 19.0 16.0 17.0 -0.0 -0.0 -0.0; -0.0 -0.0 -0.0 -0.0 -0.0 -0.0 23.0 -0.0 -0.0 17.0;;; -0.0 -0.0 -0.0 -0.0 -0.0 -0.0 -0.0 -0.0 -0.0 -0.0; -0.0 -0.0 -0.0 -0.0 -0.0 -0.0 -0.0 -0.0 -0.0 -0.0; -0.0 -0.0 -0.0 -0.0 -0.0 -0.0 -0.0 -0.0 -0.0 -0.0; -0.0 -0.0 -0.0 44.0 32.0 -0.0 -0.0 -0.0 -0.0 -0.0; -0.0 -0.0 -0.0 -0.0 -0.0 27.0 27.0 10.0 -0.0 -0.0; -0.0 -0.0 -0.0 -0.0 -0.0 -0.0 -0.0 -0.0 21.0 19.0;;; -0.0 -0.0 -0.0 -0.0 -0.0 -0.0 -0.0 -0.0 -0.0 -0.0; -0.0 -0.0 -0.0 -0.0 -0.0 -0.0 -0.0 -0.0 -0.0 -0.0; -0.0 -0.0 -0.0 -0.0 -0.0 -0.0 -0.0 -0.0 -0.0 -0.0; -0.0 16.0 -0.0 25.0 35.0 -0.0 -0.0 -0.0 -0.0 -0.0; -0.0 -0.0 21.0 21.0 -0.0 -0.0 22.0 -0.0 -0.0 -0.0; -0.0 -0.0 -0.0 -0.0 -0.0 -0.0 15.0 25.0 -0.0 -0.0]
evol_bb,"[[0.382, 1.5084181670024265e7], [132.086, 1.5084181670024263e7], [406.628, 1.4756302118969308e7]]"
y_bb,[0.0 -0.0 -0.0 -0.0 -0.0 -0.0 -0.0 -0.0 -0.0 -0.0; 0.0 0.0 0.0 -0.0 -0.0 -0.0 -0.0 -0.0 -0.0 -0.0; -0.0 -0.0 -0.0 -0.0 -0.0 -0.0 -0.0 -0.0 -0.0 -0.0; -0.0 -0.0 -0.0 20.0 36.0 -0.0 -0.0 -0.0 -0.0 -0.0; -0.0 -0.0 -0.0 -0.0 -0.0 41.0 43.0 0.0 -0.0 -0.0; -0.0 -0.0 -0.0 -0.0 -0.0 -0.0 -0.0 -0.0 21.0 19.0;;; -0.0 -0.0 0.0 -0.0 -0.0 -0.0 0.0 -0.0 -0.0 -0.0; -0.0 -0.0 -0.0 -0.0 -0.0 -0.0 0.0 -0.0 -0.0 0.0; -0.0 0.0 0.0 -0.0 -0.0 -0.0 -0.0 -0.0 -0.0 -0.0; -0.0 -0.0 21.0 35.0 -0.0 -0.0 -0.0 -0.0 -0.0 -0.0; 25.0 -0.0 -0.0 17.0 0.0 1.0 -0.0 22.0 0.0 19.0; -0.0 -0.0 -0.0 -0.0 -0.0 40.0 -0.0 -0.0 -0.0 -0.0;;; -0.0 -0.0 -0.0 -0.0 -0.0 -0.0 -0.0 -0.0 -0.0 -0.0; -0.0 -0.0 -0.0 -0.0 -0.0 -0.0 -0.0 -0.0 -0.0 -0.0; -0.0 -0.0 -0.0 -0.0 -0.0 -0.0 -0.0 -0.0 -0.0 -0.0; -0.0 -0.0 -0.0 -0.0 -0.0 -0.0 -0.0 -0.0 -0.0 -0.0; -0.0 -0.0 -0.0 -0.0 -0.0 -0.0 -0.0 -0.0 -0.0 -0.0; -0.0 -0.0 -0.0 -0.0 -0.0 -0.0 -0.0 -0.0 -0.0 -0.0;;; -0.0 -0.0 -0.0 -0.0 -0.0 -0.0 -0.0 -0.0 -0.0 -0.0; -0.0 -0.0 -0.0 -0.0 -0.0 -0.0 -0.0 -0.0 -0.0 -0.0; -0.0 -0.0 -0.0 -0.0 -0.0 -0.0 -0.0 -0.0 -0.0 -0.0; -0.0 -0.0 -0.0 -0.0 -0.0 -0.0 -0.0 -0.0 -0.0 -0.0; -0.0 -0.0 -0.0 -0.0 -0.0 -0.0 -0.0 -0.0 -0.0 -0.0; -0.0 -0.0 -0.0 -0.0 -0.0 -0.0 -0.0 -0.0 -0.0 -0.0]
evol_box,"[[0.444, 0.0], [2.097, 876574.1122099156], [2.199, 877063.3104753083], [2.229, 876865.7113025516], [2.293, 877090.3832206187], [2.659, 2.9531490858249282e6], [3.138, 2.9531490858249287e6], [3.798, 2.9531490858249287e6], [5.586, 3.3901565352667253e6], [6.813, 4.482924366804179e6], [8.454, 5.138808157288702e6], [12.632, 5.575693533824449e6], [15.83, 5.575693533824464e6], [20.069, 5.794567259398615e6], [23.81, 6.122198987910039e6], [26.723, 6.45010982667426e6], [29.841, 6.559541838680297e6], [32.425, 6.996504921729277e6], [35.855, 7.215128583096899e6], [39.747, 7.21516211246916e6], [44.81, 7.43370318790346e6], [50.303, 7.433841445809725e6], [55.967, 7.652303559499837e6], [61.336, 7.652329548987821e6], [64.665, 7.870947848870657e6], [68.831, 7.870893356435992e6], [80.083, 7.8709828394739e6], [101.008, 7.980241985103247e6], [131.898, 8.089465939317261e6], [140.382, 8.089476294239779e6], [161.727, 8.089552334150065e6], [184.672, 8.198811662696052e6], [200.112, 8.1988535124316625e6], [229.543, 8.308135548922559e6], [252.36, 8.417326884294264e6], [293.718, 8.417441513084898e6], [350.038, 8.417650763064286e6], [390.566, 8.526697614829633e6], [446.912, 8.526762540152732e6], [547.995, 8.635943300864263e6], [1256.887, 8.635948984750848e6], [1323.978, 8.63599079851462e6], [1440.3, 8.636035815307543e6], [1518.412, 8.745246542161195e6], [1692.711, 8.745250488775654e6], [1841.003, 8.745316230994424e6], [2055.242, 8.745319430856591e6], [2242.081, 8.854567233408937e6], [2337.322, 8.854573182830002e6], [2356.741, 8.854577942220667e6], [2585.389, 8.963782228059018e6], [2860.382, 9.073075411744002e6], [3231.191, 9.0731016815421e6], [3445.908, 9.073104658706099e6], [3600.084, 9.07314088273936e6]]"
y_pb,[[-0.0 0.0 -0.0 -0.0 -0.0 -0.0 -0.0 -0.0 -0.0 -0.0; -0.0 0.0 -0.0 -0.0 -0.0 -0.0 -0.0 -0.0 -0.0 -0.0; -0.0 -0.0 -0.0 0.0 -0.0 -0.0 -0.0 -0.0 -0.0 -0.0; -0.0 -0.0 -0.0 -0.0 36.0 -0.0 -0.0 -0.0 -0.0 -0.0; -0.0 -0.0 -0.0 -0.0 -0.0 41.0 43.00000000000001 20.0 -0.0 -0.0; -0.0 -0.0 -0.0 -0.0 -0.0 -0.0 -0.0 -0.0 21.0 19.0;;;]]
x_bb,"[0.0, -0.0, 0.0, 56.0, 84.0, 40.0]"
x_box,"[-0.0, -0.0, -0.0, 76.0, 64.0, 40.0]"
evol_zeta,"[[2.178, 22.714285714285715], [2.203, 22.0], [2.249, 19.625], [2.299, 21.0], [2.682, 19.285714285714285], [3.172, 17.124999999999996], [3.813, 16.200000000000003], [5.604, 21.0], [6.843, 15.0], [8.475, 15.0], [12.665, 14.900000000000006], [15.848, 14.5], [20.087, 14.555555555555557], [23.839, 13.0], [26.753, 12.2], [29.869, 12.42857142857143], [32.442, 11.999999999999996], [35.924, 12.2], [39.76, 13.700000000000003], [44.845, 10.60000093256094], [50.324, 12.625], [55.988, 10.0], [61.352, 11.4], [64.699, 8.5], [68.877, 9.375], [80.097, 9.0], [101.031, 8.900000000000002], [131.998, 7.0], [140.466, 8.000000000900002], [161.778, 8.49999949532221], [184.717, 6.750003249228351], [200.139, 7.75], [229.559, 8.375], [252.392, 7.666666666666664], [293.748, 8.777779547735452], [350.05, 10.875], [390.578, 8.75], [446.94, 8.200000000000003], [548.058, 6.999999999999972], [1256.922, 7.300000000000001], [1324.026, 6.857147046575697], [1440.319, 7.142857142857146], [1518.427, 8.166666666666666], [1692.75, 10.200002485236784], [1841.036, 7.0], [2055.329, 7.875], [2242.108, 6.285714285714284], [2337.354, 7.400000000000006], [2356.776, 7.0], [2585.412, 7.0], [2860.403, 7.900000000890007], [3231.209, 8.000000000900002], [3445.939, 6.249999999999972], [3600.1, 0.0]]"
ξ_box,[9.0 15.0 24.99999950951372 25.0; 12.000001976945118 6.0 16.0 16.0; 13.000001967367739 6.0 21.0 21.0; 52.0 46.0 44.0 46.0; 35.0 34.0 32.0 35.0; 32.0 39.0 27.0 39.0; 33.0 40.0 27.0 37.0; 37.0 44.0 31.0 36.0; 21.0 15.0 21.0 -0.0; 19.0 17.0 19.0 -0.0]
