first,second
s_box,[-0.0 -0.0 -0.0 0.0 38.0; -0.0 -0.0 -0.0 -0.0 28.0; 39.0 18.0 29.0 29.0 -0.0; -0.0 -0.0 30.0 33.0 -0.0; -0.0 11.0 21.0 -0.0 -0.0; -0.0 -0.0 24.99999916380779 37.0 -0.0; 33.0 -0.0 -0.0 -0.0 -0.0; -0.0 28.0 -0.0 5.0 -0.0; -0.0 47.0 -0.0 -0.0 -0.0; 32.0 -0.0 -0.0 -0.0 38.0]
x_pb,"[55.0, -0.0, -0.0, -0.0, -0.0, 122.0]"
s_bb,[23.0 -0.0 -0.0 -0.0 -0.0; -0.0 -0.0 -0.0 -0.0 -0.0; 52.0 -0.0 -0.0 -0.0 -0.0; 48.0 -0.0 -0.0 -0.0 -0.0; 41.0 -0.0 -0.0 -0.0 -0.0; 37.0 -0.0 -0.0 -0.0 -0.0; 0.0 -0.0 -0.0 -0.0 -0.0; 0.0 -0.0 -0.0 -0.0 -0.0; -0.0 32.0 -0.0 -0.0 -0.0; 42.0 -0.0 -0.0 -0.0 -0.0]
partition_bb,"[[[3.0, 8.0, 52.0, 42.0, 32.0, 28.0, 12.0, 4.0, 0.0, 0.0], [0.0, 0.0, 8.0, 0.0, 2.0, 6.0, 33.0, 41.0, 47.0, 40.0], [44.0, 34.0, 10.0, 0.0, 0.0, 0.0, 21.0, 30.0, 24.0, 17.0], [0.0, 0.0, 13.0, 23.0, 33.0, 37.0, 10.0, 14.0, 20.0, 27.0], [13.0, 23.0, 21.0, 31.0, 41.0, 37.0, 10.0, 2.0, 0.0, 0.0], [0.0, 0.0, 38.0, 48.0, 38.0, 34.0, 15.0, 7.0, 1.0, 0.0], [0.0, 0.0, 0.0, 1.0, 5.0, 7.0, 33.0, 42.0, 47.0, 42.0]], [[29.0, 19.0, 0.0, 0.0, 2.0, 0.0, 21.0, 29.0, 35.0, 42.0], [4.0, 14.0, 20.0, 10.0, 0.0, 2.0, 21.0, 29.0, 35.0, 42.0]], Vector{Float64}[], Vector{Float64}[], Vector{Float64}[]]"
y_box,[3.0 8.0 13.0 31.0 -0.0 23.0 -0.0 -0.0 -0.0 -0.0; -0.0 -0.0 -0.0 -0.0 -0.0 -0.0 -0.0 -0.0 -0.0 -0.0; -0.0 -0.0 0.0 -0.0 -0.0 -0.0 -0.0 -0.0 -0.0 -0.0; -0.0 -0.0 -0.0 11.0 -0.0 -0.0 -0.0 -0.0 -0.0 -0.0; -0.0 -0.0 -0.0 -0.0 -0.0 -0.0 -0.0 -0.0 -0.0 -0.0; -0.0 -0.0 -0.0 -0.0 32.0 5.0 -0.0 26.0 25.0 0.0;;; 25.0 22.0 11.0 20.0 -0.0 -0.0 0.0 -0.0 -0.0 -0.0; -0.0 -0.0 -0.0 -0.0 -0.0 -0.0 -0.0 -0.0 -0.0 -0.0; -0.0 -0.0 -0.0 -0.0 -0.0 -0.0 -0.0 -0.0 -0.0 -0.0; 4.0 -0.0 -0.0 -0.0 -0.0 7.0 -0.0 -0.0 -0.0 0.0; -0.0 -0.0 -0.0 -0.0 -0.0 -0.0 -0.0 -0.0 -0.0 -0.0; -0.0 -0.0 -0.0 -0.0 -0.0 -0.0 33.0 13.0 0.0 42.0;;; 44.0 34.0 -0.0 -0.0 -0.0 -0.0 -0.0 -0.0 -0.0 -0.0; -0.0 -0.0 -0.0 -0.0 -0.0 -0.0 -0.0 -0.0 -0.0 -0.0; -0.0 -0.0 -0.0 -0.0 -0.0 -0.0 -0.0 -0.0 -0.0 -0.0; -0.0 -0.0 11.0 -0.0 -0.0 -0.0 -0.0 -0.0 -0.0 -0.0; -0.0 -0.0 -0.0 -0.0 -0.0 -0.0 -0.0 -0.0 -0.0 -0.0; -0.0 -0.0 -0.0 -0.0 -0.0 8.349456569929104e-7 30.0 24.0 17.999999165963427 16.0;;; 6.0 33.0 -0.0 -0.0 39.0 -0.0 -0.0 -0.0 -0.0 -0.0; -0.0 -0.0 -0.0 -0.0 -0.0 -0.0 -0.0 -0.0 -0.0 -0.0; -0.0 -0.0 -0.0 -0.0 -0.0 -0.0 -0.0 -0.0 -0.0 -0.0; 11.0 -0.0 -0.0 -0.0 -0.0 -0.0 -0.0 -0.0 -0.0 -0.0; -0.0 -0.0 -0.0 -0.0 -0.0 -0.0 -0.0 -0.0 -0.0 -0.0; 10.0 -0.0 5.0 -0.0 -0.0 -0.0 11.0 15.0 18.0 25.0;;; 0.0 -0.0 6.0 -0.0 8.0 28.0 -0.0 36.0 -0.0 -0.0; -0.0 -0.0 -0.0 -0.0 -0.0 -0.0 -0.0 -0.0 -0.0 -0.0; -0.0 -0.0 -0.0 -0.0 -0.0 -0.0 -0.0 -0.0 -0.0 -0.0; -0.0 -0.0 -0.0 -0.0 11.0 -0.0 -0.0 -0.0 -0.0 -0.0; -0.0 -0.0 -0.0 -0.0 -0.0 -0.0 -0.0 -0.0 -0.0 -0.0; -0.0 -0.0 -0.0 19.0 5.0 -0.0 33.0 -0.0 31.0 -0.0]
evol_bb,"[[45.809, 2.631178631745611e7], [272.952, 2.6311786317456108e7]]"
y_bb,[21.0 34.0 -0.0 -0.0 -0.0 -0.0 -0.0 -0.0 -0.0 -0.0; -0.0 0.0 -0.0 -0.0 -0.0 -0.0 -0.0 -0.0 -0.0 -0.0; -0.0 0.0 -0.0 -0.0 -0.0 -0.0 -0.0 -0.0 -0.0 -0.0; -0.0 -0.0 0.0 0.0 -0.0 -0.0 -0.0 -0.0 -0.0 -0.0; -0.0 -0.0 -0.0 0.0 0.0 0.0 0.0 -0.0 -0.0 -0.0; -0.0 -0.0 -0.0 -0.0 -0.0 -0.0 33.0 42.0 47.0 -0.0;;; 0.0 -0.0 -0.0 -0.0 -0.0 -0.0 21.0 -0.0 -0.0 34.0; -0.0 -0.0 -0.0 -0.0 -0.0 -0.0 -0.0 -0.0 -0.0 0.0; -0.0 -0.0 -0.0 -0.0 -0.0 -0.0 0.0 -0.0 -0.0 -0.0; -0.0 -0.0 -0.0 -0.0 0.0 -0.0 -0.0 -0.0 -0.0 -0.0; -0.0 -0.0 -0.0 0.0 -0.0 -0.0 -0.0 -0.0 -0.0 -0.0; 29.0 19.0 20.0 10.0 2.0 2.0 -0.0 29.0 3.0 8.0;;; -0.0 -0.0 -0.0 -0.0 -0.0 -0.0 -0.0 -0.0 -0.0 -0.0; -0.0 -0.0 -0.0 -0.0 -0.0 -0.0 -0.0 -0.0 -0.0 -0.0; -0.0 -0.0 -0.0 -0.0 -0.0 -0.0 -0.0 -0.0 -0.0 -0.0; -0.0 -0.0 -0.0 -0.0 -0.0 -0.0 -0.0 -0.0 -0.0 -0.0; -0.0 -0.0 -0.0 -0.0 -0.0 -0.0 -0.0 -0.0 -0.0 -0.0; -0.0 -0.0 -0.0 -0.0 -0.0 -0.0 -0.0 -0.0 -0.0 -0.0;;; -0.0 -0.0 -0.0 -0.0 -0.0 -0.0 -0.0 -0.0 -0.0 -0.0; -0.0 -0.0 -0.0 -0.0 -0.0 -0.0 -0.0 -0.0 -0.0 -0.0; -0.0 -0.0 -0.0 -0.0 -0.0 -0.0 -0.0 -0.0 -0.0 -0.0; -0.0 -0.0 -0.0 -0.0 -0.0 -0.0 -0.0 -0.0 -0.0 -0.0; -0.0 -0.0 -0.0 -0.0 -0.0 -0.0 -0.0 -0.0 -0.0 -0.0; -0.0 -0.0 -0.0 -0.0 -0.0 -0.0 -0.0 -0.0 -0.0 -0.0;;; -0.0 -0.0 -0.0 -0.0 -0.0 -0.0 -0.0 -0.0 -0.0 -0.0; -0.0 -0.0 -0.0 -0.0 -0.0 -0.0 -0.0 -0.0 -0.0 -0.0; -0.0 -0.0 -0.0 -0.0 -0.0 -0.0 -0.0 -0.0 -0.0 -0.0; -0.0 -0.0 -0.0 -0.0 -0.0 -0.0 -0.0 -0.0 -0.0 -0.0; -0.0 -0.0 -0.0 -0.0 -0.0 -0.0 -0.0 -0.0 -0.0 -0.0; -0.0 -0.0 -0.0 -0.0 -0.0 -0.0 -0.0 -0.0 -0.0 -0.0]
evol_box,"[[0.417, 0.0], [1.994, 440626.08021174953], [2.113, 440626.08021174953], [2.182, 440626.08021174953], [2.272, 440626.08021174953], [2.538, 548041.3563301263], [3.76, 764505.3221248051], [6.008, 6.393200888608876e6], [10.547, 6.393200888608876e6], [14.954, 6.393200888608875e6], [18.252, 7.149999212318775e6], [24.216, 7.47619524212837e6], [27.673, 7.692673248148954e6], [37.446, 7.908271289740621e6], [49.57, 8.01655478657026e6], [55.986, 8.557512783375219e6], [68.367, 8.558118066929154e6], [91.951, 8.774048418510199e6], [120.603, 8.775003101605441e6], [180.81, 8.990582488037206e6], [208.344, 9.531956354020728e6], [239.839, 9.748815426687935e6], [282.092, 9.965333324331561e6], [333.597, 9.965333324331563e6], [370.231, 9.965333324331563e6], [448.775, 1.0073278609483529e7], [590.602, 1.029077016911948e7], [733.099, 1.061449519008227e7], [818.024, 1.104793774179899e7], [1073.679, 1.0831128037471347e7], [1345.313, 1.0939393845721278e7], [1592.777, 1.1264134505504705e7], [3600.043, 1.1372356941974482e7]]"
y_pb,[[21.0 34.0 -0.0 -0.0 -0.0 -0.0 -0.0 -0.0 -0.0 -0.0; -0.0 0.0 -0.0 -0.0 -0.0 -0.0 -0.0 -0.0 -0.0 -0.0; -0.0 0.0 -0.0 -0.0 -0.0 -0.0 -0.0 -0.0 -0.0 -0.0; -0.0 0.0 -0.0 -0.0 -0.0 -0.0 -0.0 -0.0 -0.0 -0.0; -0.0 -0.0 -0.0 -0.0 -0.0 -0.0 0.0 -0.0 -0.0 -0.0; -0.0 -0.0 -0.0 -0.0 -0.0 -0.0 33.0 42.0 47.0 -0.0;;;]]
x_bb,"[55.0, -0.0, -0.0, -0.0, -0.0, 122.0]"
x_box,"[78.0, -0.0, 0.0, 11.0, -0.0, 88.0]"
evol_zeta,"[[1.654, 51.5], [2.081, 47.0], [2.153, 40.99999999999994], [2.239, 38.0], [2.332, 39.166666666666664], [2.606, 31.499999999999996], [3.819, 28.200000000000003], [6.024, 21.999999999999975], [10.562, 22.0], [15.028, 21.375], [18.283, 24.6], [24.261, 21.299999999999997], [27.741, 17.88888888888889], [37.501, 18.875], [49.67, 15.999999999999993], [56.006, 21.600000002260003], [68.438, 21.299999999999997], [91.973, 21.0], [120.642, 20.333333333333332], [180.851, 19.1], [208.418, 16.374999999999968], [239.894, 17.700000000000003], [282.164, 15.999999999999993], [333.714, 15.700000000000003], [370.271, 15.333333333333334], [448.819, 16.88888888888889], [590.647, 14.555555555555543], [733.155, 14.625000000000004], [818.049, 15.666666666666668], [1073.746, 15.875], [1345.396, 15.0], [1592.856, 14.625], [3600.066, 0.0]]"
ξ_box,[3.000000000000002 29.0 44.0 27.0 38.0; 8.0 22.0 34.0 33.0 28.0; 52.0 29.0 40.0 34.0 6.000000000000001; 42.0 20.0 30.0 33.0 19.0; 32.0 11.0 21.0 39.0 24.0; 28.0 6.0 25.0 37.0 28.0; 33.0 33.0 30.0 11.0 33.0; 26.0 41.0 24.0 20.0 36.0; 25.0 47.0 17.999999148692375 18.0 31.0; 32.0 42.0 16.0 25.0 38.0]
