first,second
s_box,[0.0 0.0 0.0 0.0 24.0; 36.0 0.0 34.0 17.0 0.0; 0.0 35.0 0.0 51.0 30.0; 0.0 12.0 11.0 42.0 0.0; 0.0 0.0 34.0 0.0 0.0; 4.0 0.0 31.0 0.0 0.0; 27.0 0.0 0.0 0.0 0.0; 43.0 28.0 0.0 0.0 0.0; 0.0 0.0 0.0 0.0 0.0; 0.0 36.0 0.0 0.0 56.0]
x_pb,"[89.0, -0.0, -0.0, 72.0, -0.0, 44.0]"
s_bb,[-0.0 -0.0 -0.0 -0.0 -0.0; -0.0 12.0 -0.0 -0.0 -0.0; 51.0 -0.0 -0.0 -0.0 -0.0; 47.0 -0.0 -0.0 -0.0 -0.0; 0.0 41.0 -0.0 -0.0 -0.0; 13.0 -0.0 -0.0 -0.0 -0.0; 28.0 -0.0 -0.0 -0.0 -0.0; 43.0 -0.0 -0.0 -0.0 -0.0; 0.0 4.0 -0.0 -0.0 -0.0; 64.0 -0.0 -0.0 -0.0 -0.0]
partition_bb,"[[[0.0, 0.0, 0.0, 6.0, 13.0, 8.0, 28.0, 43.0, 44.0, 64.0], [16.0, 27.0, 51.0, 42.0, 35.0, 30.0, 10.0, 0.0, 0.0, 0.0], [50.0, 39.0, 15.0, 11.0, 11.0, 7.0, 14.0, 20.0, 30.0, 10.0], [7.0, 17.0, 29.0, 38.0, 45.0, 40.0, 20.0, 5.0, 4.0, 0.0], [8.0, 19.0, 38.0, 47.0, 40.0, 35.0, 15.0, 0.0, 9.0, 0.0]], [[22.0, 33.0, 19.0, 28.0, 35.0, 40.0, 20.0, 5.0, 4.0, 0.0], [9.0, 20.0, 39.0, 48.0, 41.0, 36.0, 16.0, 1.0, 0.0, 0.0], [8.0, 19.0, 38.0, 47.0, 40.0, 35.0, 15.0, 0.0, 0.0, 5.0], [9.0, 20.0, 44.0, 47.0, 40.0, 35.0, 15.0, 0.0, 0.0, 0.0]], Vector{Float64}[], Vector{Float64}[], Vector{Float64}[]]"
y_box,[16.0 0.0 9.0 0.0 0.0 0.0 0.0 0.0 0.0 64.0; 0.0 0.0 0.0 0.0 0.0 0.0 0.0 0.0 0.0 0.0; 0.0 0.0 0.0 0.0 0.0 0.0 0.0 0.0 0.0 0.0; 0.0 0.0 14.0 14.0 0.0 9.0 0.0 0.0 44.0 0.0; 0.0 0.0 0.0 0.0 3.0 13.0 0.0 0.0 0.0 0.0; 0.0 0.0 0.0 0.0 18.0 0.0 1.0 0.0 0.0 0.0;;; 50.0 39.0 0.0 0.0 0.0 0.0 0.0 0.0 0.0 0.0; 0.0 0.0 0.0 0.0 0.0 0.0 0.0 0.0 0.0 0.0; 0.0 0.0 0.0 0.0 0.0 0.0 0.0 0.0 0.0 0.0; 0.0 0.0 0.0 14.0 31.0 36.0 0.0 0.0 0.0 0.0; 0.0 0.0 0.0 0.0 0.0 0.0 16.0 0.0 0.0 0.0; 0.0 0.0 0.0 0.0 0.0 0.0 0.0 0.0 19.0 0.0;;; 24.0 0.0 32.0 10.0 0.0 0.0 0.0 0.0 0.0 23.0; 0.0 0.0 0.0 0.0 0.0 0.0 0.0 0.0 0.0 0.0; 0.0 0.0 0.0 0.0 0.0 0.0 0.0 0.0 0.0 0.0; 0.0 0.0 0.0 20.0 0.0 0.0 12.0 20.0 29.0 0.0; 0.0 0.0 0.0 0.0 0.0 0.0 16.0 0.0 0.0 0.0; 0.0 0.0 0.0 0.0 0.0 0.0 0.0 19.0 0.0 0.0;;; 0.0 16.0 0.0 0.0 17.0 38.0 18.0 0.0 0.0 0.0; 0.0 0.0 0.0 0.0 0.0 0.0 0.0 0.0 0.0 0.0; 0.0 0.0 0.0 0.0 0.0 0.0 0.0 0.0 0.0 0.0; 44.0 0.0 0.0 1.0 14.0 0.0 0.0 12.0 10.0 0.0; 0.0 0.0 0.0 0.0 5.0 0.0 0.0 0.0 0.0 11.0; 0.0 0.0 0.0 0.0 0.0 0.0 0.0 0.0 0.0 19.0;;; 21.0 35.0 0.0 21.0 0.0 9.0 3.0 0.0 0.0 0.0; 0.0 0.0 0.0 0.0 0.0 0.0 0.0 0.0 0.0 0.0; 0.0 0.0 0.0 0.0 0.0 0.0 0.0 0.0 0.0 0.0; 0.0 0.0 0.0 0.0 14.0 0.0 25.0 34.0 8.0 0.0; 0.0 0.0 0.0 0.0 0.0 0.0 0.0 0.0 16.0 0.0; 0.0 0.0 0.0 0.0 0.0 0.0 0.0 0.0 19.0 0.0]
evol_bb,"[[2.073, 2.5430095141768746e7], [224.766, 2.5327153410677806e7]]"
y_bb,[50.0 39.0 -0.0 -0.0 -0.0 -0.0 -0.0 -0.0 -0.0 -0.0; -0.0 -0.0 0.0 -0.0 -0.0 -0.0 -0.0 -0.0 -0.0 -0.0; -0.0 -0.0 0.0 -0.0 -0.0 -0.0 -0.0 -0.0 -0.0 -0.0; -0.0 -0.0 0.0 -0.0 45.0 27.0 -0.0 -0.0 -0.0 -0.0; -0.0 -0.0 -0.0 -0.0 -0.0 -0.0 0.0 0.0 -0.0 -0.0; -0.0 -0.0 -0.0 -0.0 -0.0 -0.0 -0.0 -0.0 44.0 0.0;;; -0.0 -0.0 13.0 31.0 0.0 40.0 -0.0 -0.0 -0.0 5.0; -0.0 -0.0 -0.0 -0.0 -0.0 -0.0 0.0 -0.0 -0.0 0.0; -0.0 -0.0 -0.0 -0.0 -0.0 -0.0 0.0 0.0 -0.0 -0.0; 0.0 21.0 31.0 -0.0 -0.0 -0.0 20.0 -0.0 -0.0 -0.0; 0.0 -0.0 -0.0 -0.0 -0.0 -0.0 -0.0 -0.0 -0.0 -0.0; 22.0 -0.0 -0.0 17.0 -0.0 -0.0 -0.0 5.0 0.0 -0.0;;; -0.0 -0.0 -0.0 -0.0 -0.0 -0.0 -0.0 -0.0 -0.0 -0.0; -0.0 -0.0 -0.0 -0.0 -0.0 -0.0 -0.0 -0.0 -0.0 -0.0; -0.0 -0.0 -0.0 -0.0 -0.0 -0.0 -0.0 -0.0 -0.0 -0.0; -0.0 -0.0 -0.0 -0.0 -0.0 -0.0 -0.0 -0.0 -0.0 -0.0; -0.0 -0.0 -0.0 -0.0 -0.0 -0.0 -0.0 -0.0 -0.0 -0.0; -0.0 -0.0 -0.0 -0.0 -0.0 -0.0 -0.0 -0.0 -0.0 -0.0;;; -0.0 -0.0 -0.0 -0.0 -0.0 -0.0 -0.0 -0.0 -0.0 -0.0; -0.0 -0.0 -0.0 -0.0 -0.0 -0.0 -0.0 -0.0 -0.0 -0.0; -0.0 -0.0 -0.0 -0.0 -0.0 -0.0 -0.0 -0.0 -0.0 -0.0; -0.0 -0.0 -0.0 -0.0 -0.0 -0.0 -0.0 -0.0 -0.0 -0.0; -0.0 -0.0 -0.0 -0.0 -0.0 -0.0 -0.0 -0.0 -0.0 -0.0; -0.0 -0.0 -0.0 -0.0 -0.0 -0.0 -0.0 -0.0 -0.0 -0.0;;; -0.0 -0.0 -0.0 -0.0 -0.0 -0.0 -0.0 -0.0 -0.0 -0.0; -0.0 -0.0 -0.0 -0.0 -0.0 -0.0 -0.0 -0.0 -0.0 -0.0; -0.0 -0.0 -0.0 -0.0 -0.0 -0.0 -0.0 -0.0 -0.0 -0.0; -0.0 -0.0 -0.0 -0.0 -0.0 -0.0 -0.0 -0.0 -0.0 -0.0; -0.0 -0.0 -0.0 -0.0 -0.0 -0.0 -0.0 -0.0 -0.0 -0.0; -0.0 -0.0 -0.0 -0.0 -0.0 -0.0 -0.0 -0.0 -0.0 -0.0]
evol_box,"[[0.526, 0.0], [2.352, 107729.9647641706], [2.521, 622119.5126709306], [2.665, 622119.5126709304], [2.983, 828189.9573818916], [3.613, 828189.9573818916], [4.413, 5.0482307130759e6], [5.675, 5.974319188518234e6], [7.274, 5.974319249010711e6], [11.529, 6.694956961302129e6], [13.23, 6.694980064712484e6], [15.717, 6.69495696130213e6], [18.795, 6.694956961302129e6], [24.815, 7.8273966120248195e6], [31.637, 7.8273966120248195e6], [35.003, 7.827490953703648e6], [41.046, 8.650908821897766e6], [47.62, 9.268633101287799e6], [57.174, 9.2686331012878e6], [73.095, 9.2686331012878e6], [86.092, 9.268633101287799e6], [102.76, 9.37153752331414e6], [120.144, 9.371921024587907e6], [135.871, 9.474622218586426e6], [214.737, 9.577257618741594e6], [254.65, 9.886055961060645e6], [315.733, 9.98905088176263e6], [400.723, 1.019551468844717e7], [550.799, 1.0607013194588872e7], [582.589, 1.0709589809788188e7], [817.556, 1.0915490713919941e7], [1944.094, 1.0915677654260155e7], [1961.839, 1.1224531997572437e7], [2200.856, 1.0915677654260155e7], [2792.599, 1.1018445798486458e7], [2872.018, 1.1534432587797917e7], [2996.674, 1.1327234727389272e7], [3600.013, 1.1430181927424787e7]]"
y_pb,[[50.0 39.0 -0.0 -0.0 -0.0 -0.0 -0.0 -0.0 -0.0 -0.0; -0.0 -0.0 -0.0 -0.0 0.0 -0.0 -0.0 -0.0 -0.0 -0.0; -0.0 -0.0 -0.0 -0.0 0.0 -0.0 -0.0 -0.0 -0.0 -0.0; -0.0 -0.0 -0.0 -0.0 45.0 27.0 -0.0 -0.0 -0.0 -0.0; -0.0 -0.0 -0.0 -0.0 -0.0 -0.0 0.0 -0.0 -0.0 -0.0; -0.0 -0.0 -0.0 -0.0 -0.0 -0.0 -0.0 -0.0 44.0 -0.0;;;]]
x_bb,"[89.0, -0.0, -0.0, 72.0, -0.0, 44.0]"
x_box,"[89.0, 0.0, 0.0, 81.0, 16.0, 19.0]"
evol_zeta,"[[1.92, 64.0], [2.44, 50.14285714285714], [2.545, 44.900000000000006], [2.687, 33.111111111111114], [3.006, 33.12500000000001], [3.663, 30.5], [4.448, 25.888888888888886], [5.717, 28.00000009769499], [7.298, 25.444444444444443], [11.575, 24.0], [13.273, 22.875], [15.753, 20.6], [18.834, 19.0], [24.829, 21.599999999999998], [31.65, 19.400000000000006], [35.023, 19.0], [41.097, 20.200000000000003], [47.691, 17.1], [57.212, 19.0], [73.124, 17.4], [86.143, 16.1], [102.794, 17.333333333333314], [120.176, 15.59999999999999], [135.918, 16.0], [214.777, 15.875], [254.682, 15.5], [315.758, 17.899999999999995], [400.75, 17.200000000000003], [550.86, 15.299999999999997], [582.635, 17.799999999999997], [817.577, 16.111111111111114], [1944.12, 16.333333333333336], [1961.869, 15.100000000000001], [2200.913, 13.888888888888886], [2792.647, 16.199999999999974], [2872.054, 15.0], [2996.722, 14.199999999999989], [3600.03, 0.0]]"
ξ_box,[16.0 50.0 24.0 44.0 45.0; 27.0 39.0 34.0 33.0 35.0; 23.0 35.0 32.0 51.0 29.999999999999996; 14.0 26.0 41.0 43.0 21.0; 21.0 31.0 34.0 36.0 14.0; 26.0 36.0 31.0 38.0 9.0; 28.0 16.0 28.0 18.0 28.0; 43.0 27.999999999999996 39.0 9.0 33.99999999999999; 44.0 19.0 29.0 10.0 43.0; 64.0 36.0 22.0 30.0 56.0]
