first,second
s_box,[0.0; 0.0; 0.0; 8.0; 0.0; 26.0; 21.0; 19.0; 9.0; 3.0;;]
x_pb,"[55.0, 60.0, -0.0, 44.0, -0.0, -0.0]"
s_bb,[0.0; 0.0; 0.0; 8.0; 0.0; 26.0; 21.0; 19.0; 9.0; 3.0;;]
partition_bb,"[[[7.0, 10.0, 16.0, 21.0, 44.0, 21.0, 20.0, 15.0, 5.0, 2.0], [29.0, 26.0, 19.0, 11.0, 0.0, 0.0, 0.0, 0.0, 0.0, 0.0], [22.0, 25.0, 28.0, 40.0, 17.0, 1.0, 0.0, 0.0, 0.0, 0.0], [0.0, 0.0, 0.0, 0.0, 3.0, 26.0, 21.0, 19.0, 9.0, 3.0]]]"
y_box,[29.0 26.0 -0.0 -0.0 -0.0 -0.0 -0.0 -0.0 -0.0 -0.0; -0.0 -0.0 28.0 32.0 -0.0 -0.0 -0.0 -0.0 -0.0 -0.0; -0.0 -0.0 -0.0 -0.0 -0.0 -0.0 -0.0 -0.0 -0.0 -0.0; -0.0 -0.0 -0.0 -0.0 44.0 -0.0 -0.0 -0.0 -0.0 -0.0; -0.0 -0.0 -0.0 -0.0 -0.0 0.0 0.0 0.0 -0.0 -0.0; -0.0 -0.0 -0.0 -0.0 -0.0 -0.0 -0.0 -0.0 0.0 0.0;;;]
evol_bb,"[[0.284, 8.758854288710767e6]]"
y_bb,[29.0 26.0 -0.0 -0.0 -0.0 -0.0 -0.0 -0.0 -0.0 -0.0; -0.0 -0.0 28.0 32.0 -0.0 -0.0 -0.0 -0.0 -0.0 -0.0; -0.0 -0.0 -0.0 -0.0 -0.0 -0.0 -0.0 -0.0 -0.0 -0.0; -0.0 -0.0 -0.0 -0.0 44.0 -0.0 -0.0 -0.0 -0.0 -0.0; -0.0 -0.0 -0.0 -0.0 -0.0 0.0 0.0 0.0 -0.0 -0.0; -0.0 -0.0 -0.0 -0.0 -0.0 -0.0 -0.0 -0.0 0.0 0.0;;;]
evol_box,"[[0.44, 0.0], [2.149, 205788.0382062968], [2.23, 7.333189531483459e6], [2.234, 8.758854288710767e6]]"
y_pb,[[29.000000000000004 26.0 -0.0 -0.0 -0.0 -0.0 -0.0 -0.0 -0.0 -0.0; -0.0 -0.0 28.0 32.0 -0.0 -0.0 -0.0 -0.0 -0.0 -0.0; -0.0 -0.0 -0.0 0.0 -0.0 -0.0 -0.0 -0.0 -0.0 -0.0; -0.0 -0.0 -0.0 -0.0 44.0 -0.0 -0.0 -0.0 -0.0 -0.0; -0.0 -0.0 -0.0 -0.0 -0.0 0.0 -0.0 -0.0 -0.0 -0.0; -0.0 -0.0 -0.0 -0.0 -0.0 -0.0 0.0 -0.0 -0.0 -0.0;;;]]
x_bb,"[55.0, 60.0, 0.0, 44.0, 0.0, 0.0]"
x_box,"[55.0, 60.0, 0.0, 44.0, 0.0, 0.0]"
evol_zeta,"[[1.758, 43.8], [2.229, 22.0], [2.233, 5.0], [2.237, 0.0]]"
ξ_box,[29.0; 26.0; 28.0; 40.0; 44.0; 26.0; 21.0; 19.0; 9.0; 3.0;;]
