first,second
s_box,[35.0 0.0; 11.0 0.0; 14.0 0.0; 5.0 0.0; 24.0 0.0; 0.0 26.0; 0.0 0.0; 0.0 10.0; 0.0 42.0; 35.0 45.0]
x_pb,"[-0.0, -0.0, -0.0, -0.0, 66.0, 76.0]"
s_bb,[-0.0 35.0; 11.0 11.0; -0.0 14.0; -0.0 5.0; 24.0 24.0; 26.0 -0.0; -0.0 -0.0; 41.0 -0.0; -0.0 0.0; 21.0 35.0]
partition_bb,"[[[0.0, 0.0, 0.0, 0.0, 0.0, 14.0, 17.0, 32.0, 36.0, 45.0], [0.0, 0.0, 0.0, 0.0, 19.0, 10.0, 13.0, 28.0, 32.0, 41.0], [19.0, 0.0, 0.0, 0.0, 0.0, 10.0, 13.0, 28.0, 32.0, 41.0], [0.0, 0.0, 12.0, 0.0, 0.0, 18.0, 21.0, 39.0, 29.0, 26.0], [0.0, 11.0, 0.0, 0.0, 0.0, 18.0, 21.0, 39.0, 29.0, 26.0], [0.0, 0.0, 0.0, 0.0, 4.0, 25.0, 22.0, 28.0, 38.0, 29.0], [25.0, 0.0, 0.0, 0.0, 0.0, 13.0, 15.0, 27.0, 37.0, 28.0], [8.0, 0.0, 0.0, 5.0, 0.0, 11.0, 14.0, 29.0, 33.0, 42.0], [0.0, 0.0, 0.0, 0.0, 3.0, 24.0, 27.0, 26.0, 36.0, 27.0], [0.0, 0.0, 0.0, 5.0, 24.0, 12.0, 14.0, 26.0, 36.0, 27.0], [29.0, 3.0, 0.0, 0.0, 0.0, 11.0, 13.0, 25.0, 35.0, 26.0], [0.0, 0.0, 0.0, 0.0, 0.0, 18.0, 20.0, 32.0, 42.0, 33.0], [1.0, 0.0, 14.0, 0.0, 13.0, 8.0, 11.0, 26.0, 30.0, 39.0], [0.0, 0.0, 0.0, 0.0, 0.0, 20.0, 23.0, 41.0, 31.0, 28.0], [0.0, 0.0, 0.0, 0.0, 5.0, 26.0, 23.0, 37.0, 27.0, 24.0], [30.0, 4.0, 0.0, 0.0, 0.0, 7.0, 10.0, 25.0, 29.0, 38.0]], [[35.0, 9.0, 3.0, 0.0, 0.0, 7.0, 9.0, 27.0, 31.0, 22.0], [29.0, 3.0, 14.0, 5.0, 11.0, 32.0, 29.0, 11.0, 8.0, 1.0], [34.0, 8.0, 2.0, 0.0, 0.0, 6.0, 9.0, 24.0, 28.0, 37.0], [32.0, 6.0, 0.0, 5.0, 24.0, 3.0, 1.0, 19.0, 23.0, 29.0], [0.0, 0.0, 0.0, 0.0, 6.0, 27.0, 24.0, 36.0, 26.0, 23.0], [0.0, 0.0, 3.0, 5.0, 11.0, 32.0, 34.0, 16.0, 25.0, 16.0], [32.0, 6.0, 0.0, 0.0, 0.0, 10.0, 12.0, 24.0, 34.0, 25.0], [0.0, 11.0, 0.0, 5.0, 24.0, 32.0, 29.0, 11.0, 11.0, 20.0], [0.0, 0.0, 0.0, 0.0, 6.0, 27.0, 24.0, 26.0, 36.0, 27.0], [31.0, 5.0, 0.0, 0.0, 0.0, 7.0, 10.0, 25.0, 29.0, 38.0], [0.0, 0.0, 0.0, 0.0, 4.0, 25.0, 28.0, 37.0, 27.0, 24.0]]]"
y_box,[0.0 0.0 0.0 0.0 0.0 0.0 0.0 0.0 0.0 0.0; 0.0 0.0 0.0 0.0 0.0 0.0 0.0 0.0 0.0 0.0; 0.0 0.0 0.0 0.0 0.0 0.0 0.0 0.0 0.0 0.0; 0.0 0.0 0.0 0.0 0.0 0.0 0.0 0.0 0.0 0.0; 0.0 0.0 0.0 0.0 0.0 32.0 34.0 0.0 0.0 0.0; 0.0 0.0 0.0 0.0 0.0 0.0 0.0 37.0 36.0 3.0;;; 0.0 0.0 0.0 0.0 0.0 0.0 0.0 0.0 0.0 0.0; 0.0 0.0 0.0 0.0 0.0 0.0 0.0 0.0 0.0 0.0; 0.0 0.0 0.0 0.0 0.0 0.0 0.0 0.0 0.0 0.0; 0.0 0.0 0.0 0.0 0.0 0.0 0.0 0.0 0.0 0.0; 30.0 0.0 0.0 5.0 24.0 0.0 7.0 0.0 0.0 0.0; 0.0 11.0 14.0 0.0 0.0 0.0 20.0 31.0 0.0 0.0]
evol_bb,"[[0.846, 1.7256414142797124e7], [16.72, 1.6889290705564808e7], [31.982, 1.6766916226487372e7], [36.709, 1.6766906322831819e7], [44.828, 1.6277409454694292e7], [72.101, 1.6277402256655263e7], [83.073, 1.6155026729405602e7], [122.579, 1.6032608602688728e7], [122.602, 1.591022804867789e7], [164.242, 1.567277020936289e7], [164.254, 1.5543152582216822e7], [204.706, 1.554315041093897e7], [208.822, 1.5425370668483976e7], [208.997, 1.5420757705980092e7], [209.086, 1.5303799803283323e7], [218.262, 1.5302990114473145e7], [218.325, 1.529838652128613e7], [233.521, 1.5176059775405789e7], [235.667, 1.5176018488840021e7], [241.05, 1.5175994426680563e7]]"
y_bb,[0.0 -0.0 -0.0 -0.0 -0.0 -0.0 -0.0 -0.0 -0.0 -0.0; -0.0 -0.0 -0.0 0.0 0.0 -0.0 -0.0 -0.0 -0.0 0.0; 0.0 -0.0 -0.0 -0.0 -0.0 -0.0 -0.0 -0.0 -0.0 0.0; 0.0 -0.0 -0.0 -0.0 -0.0 -0.0 -0.0 -0.0 -0.0 -0.0; 30.0 -0.0 0.0 -0.0 -0.0 -0.0 0.0 -0.0 12.0 24.0; -0.0 0.0 14.0 5.0 -0.0 0.0 27.0 0.0 30.0 -0.0;;; 0.0 -0.0 -0.0 -0.0 -0.0 -0.0 -0.0 -0.0 -0.0 -0.0; -0.0 0.0 -0.0 -0.0 -0.0 -0.0 -0.0 -0.0 -0.0 -0.0; -0.0 0.0 0.0 0.0 -0.0 -0.0 -0.0 -0.0 -0.0 -0.0; -0.0 -0.0 -0.0 0.0 -0.0 -0.0 -0.0 -0.0 -0.0 -0.0; -0.0 -0.0 -0.0 -0.0 -0.0 32.0 34.0 -0.0 -0.0 -0.0; -0.0 -0.0 -0.0 -0.0 -0.0 -0.0 -0.0 37.0 36.0 3.0]
evol_box,"[[0.399, 0.0], [1.972, 245860.0285952591], [2.054, 245860.0285952591], [2.083, 5.997746067104716e6], [2.106, 8.934698857567534e6], [2.132, 8.934698857567532e6], [2.18, 9.546782133419057e6], [2.207, 9.79189792479097e6], [2.282, 9.791630809678873e6], [2.363, 1.040324101655988e7], [2.483, 1.138232497853054e7], [2.667, 1.138256874387597e7], [2.885, 1.150467605617979e7], [3.23, 1.2116516096499177e7], [3.434, 1.260611258287207e7], [3.648, 1.2728408010164127e7], [4.024, 1.2973179974575052e7], [4.22, 1.2973226136953956e7], [4.478, 1.3095622930876736e7], [4.78, 1.3462666156695263e7], [5.155, 1.3707588390181437e7], [5.43, 1.382983940745145e7], [5.907, 1.3952259712651424e7], [6.424, 1.3952337362191493e7], [6.834, 1.4074631581550859e7], [7.174, 1.4074649992740655e7], [7.671, 1.4319313981248783e7], [8.096, 1.4319316836732112e7], [8.375, 1.431937956646692e7], [8.692, 1.431937956646692e7], [8.914, 1.431942098715647e7], [9.238, 1.4441799294153843e7], [9.458, 1.4564107539776793e7], [9.745, 1.4564107539776793e7], [10.06, 1.4564121251649369e7], [10.344, 1.468651605960264e7], [10.761, 1.4686523607753234e7], [11.253, 1.4686572092358029e7], [11.527, 1.4808855299892642e7], [11.862, 1.4808864305242768e7], [12.208, 1.4808864305242771e7], [12.682, 1.4808868647798467e7], [13.155, 1.4808936055166528e7], [13.59, 1.4808942489121515e7], [14.064, 1.4931233318658885e7], [14.898, 1.4931235489936735e7], [15.582, 1.4931235428846173e7], [16.032, 1.4931242687975762e7], [16.315, 1.493125422857049e7], [16.681, 1.4931315933881868e7], [17.182, 1.5053601678543378e7], [17.598, 1.5053613872669725e7], [17.896, 1.5053613872669723e7], [18.324, 1.5053614668331385e7], [18.606, 1.5053616043947563e7], [18.948, 1.5053623241986603e7], [19.33, 1.505362541326445e7], [19.61, 1.505362541326445e7], [20.02, 1.5053688590711823e7], [20.418, 1.5053694316614898e7], [20.759, 1.517598071480799e7], [21.442, 1.5175985017622428e7], [21.724, 1.5175985057363687e7], [22.249, 1.5175992255402714e7], [22.67, 1.5175994426680544e7], [23.062, 1.5175994426680565e7], [23.604, 1.5175994426680565e7]]"
y_pb,[[-0.0 0.0 -0.0 -0.0 -0.0 -0.0 -0.0 -0.0 -0.0 -0.0; -0.0 0.0 -0.0 -0.0 -0.0 -0.0 -0.0 -0.0 -0.0 -0.0; -0.0 -0.0 -0.0 0.0 -0.0 -0.0 -0.0 -0.0 -0.0 -0.0; -0.0 -0.0 -0.0 0.0 -0.0 -0.0 -0.0 -0.0 -0.0 -0.0; -0.0 -0.0 -0.0 -0.0 -0.0 32.0 34.0 -0.0 -0.0 -0.0; -0.0 -0.0 -0.0 -0.0 -0.0 -0.0 -0.0 34.0 42.0 -0.0;;;]]
x_bb,"[0.0, -0.0, -0.0, -0.0, 66.0, 76.0]"
x_box,"[0.0, 0.0, 0.0, 0.0, 66.0, 76.0]"
evol_zeta,"[[1.618, 44.6], [2.046, 35.0], [2.07, 25.0], [2.088, 24.0], [2.111, 18.83333333333333], [2.138, 14.25], [2.187, 13.285714285714292], [2.212, 13.0], [2.29, 12.999999999999998], [2.377, 14.714285714285708], [2.501, 11.0], [2.683, 10.333333333333336], [2.899, 13.0], [3.243, 13.0], [3.461, 8.142857142857146], [3.664, 8.0], [4.038, 11.0], [4.243, 6.285714285714288], [4.492, 7.600000000000001], [4.791, 8.000000000900002], [5.178, 6.799999999999997], [5.442, 9.0], [5.925, 5.8333333333333375], [6.439, 3.833333333333332], [6.852, 5.0], [7.189, 6.0], [7.684, 6.0], [8.101, 6.0], [8.383, 5.4999999999999964], [8.7, 4.0], [8.921, 3.6000000000000014], [9.248, 2.0], [9.494, 1.8571428574285846], [9.753, 3.0], [10.068, 4.428571428571422], [10.362, 1.5], [10.792, 2.857142857142854], [11.268, 1.3333333333333286], [11.533, 7.666666666666657], [11.876, 2.0], [12.225, 1.4285714285714306], [12.7, 1.2857142857142883], [13.169, 0.8571428571428559], [13.602, 3.0], [14.08, 2.8333333333333357], [14.914, 1.0], [15.595, 0.7999999999999972], [16.047, 1.3333333333333326], [16.32, 1.7142857142857117], [16.689, 0.5], [17.189, 5.666666666666668], [17.607, 0.5714285714285765], [17.903, 0.5], [18.332, 3.0], [18.614, 0.4999999999999976], [18.956, 0.3999999999999986], [19.338, 1.1428571428571428], [19.618, 0.5714285714285655], [20.025, 0.2857142858428574], [20.437, 0.33333333346666905], [20.763, 5.600000000000001], [21.45, 0.9999996777400639], [21.729, 0.5], [22.257, 0.3333333333333286], [22.678, 0.1428571428571397], [23.071, 1.1999811989626963e-6], [23.622, 0.0]]"
ξ_box,[35.0 30.0; 11.0 11.0; 14.0 14.0; 5.0 5.0; 24.0 24.0; 32.0 26.0; 34.0 27.0; 37.0 41.0; 36.0 42.0; 38.0 45.0]
