first,second
s_box,[0.0; 0.0; 0.0; 0.0; 13.0; 10.0; 2.0; 3.0; 19.0; 21.0;;]
x_pb,"[-0.0, 36.0, 117.0, 4.0, -0.0, -0.0]"
s_bb,[0.0; 0.0; 0.0; 0.0; 13.0; 10.0; 2.0; 3.0; 19.0; 21.0;;]
partition_bb,"[[[36.0, 42.0, 34.0, 24.0, 7.0, 0.0, 0.0, 0.0, 0.0, 0.0], [25.0, 31.0, 23.0, 20.0, 3.0, 10.0, 2.0, 3.0, 19.0, 21.0], [0.0, 2.0, 10.0, 0.0, 17.0, 10.0, 2.0, 3.0, 19.0, 21.0], [14.0, 16.0, 24.0, 34.0, 17.0, 10.0, 0.0, 3.0, 19.0, 21.0], [31.0, 33.0, 41.0, 31.0, 14.0, 7.0, 0.0, 0.0, 0.0, 0.0]]]"
y_box,[-0.0 -0.0 -0.0 -0.0 -0.0 -0.0 -0.0 -0.0 -0.0 -0.0; 36.0 -0.0 -0.0 -0.0 -0.0 -0.0 -0.0 -0.0 -0.0 -0.0; -0.0 42.0 41.0 34.0 -0.0 -0.0 -0.0 -0.0 -0.0 -0.0; -0.0 -0.0 -0.0 -0.0 4.0 0.0 0.0 -0.0 -0.0 -0.0; -0.0 -0.0 -0.0 -0.0 -0.0 -0.0 -0.0 0.0 -0.0 -0.0; -0.0 -0.0 -0.0 -0.0 -0.0 -0.0 -0.0 -0.0 0.0 0.0;;;]
evol_bb,"[[0.283, 7.697083449545674e6]]"
y_bb,[-0.0 -0.0 -0.0 -0.0 -0.0 -0.0 -0.0 -0.0 -0.0 -0.0; 36.0 -0.0 -0.0 -0.0 -0.0 -0.0 -0.0 -0.0 -0.0 -0.0; -0.0 42.0 41.0 34.0 -0.0 -0.0 -0.0 -0.0 -0.0 -0.0; -0.0 -0.0 -0.0 -0.0 4.0 0.0 0.0 -0.0 -0.0 -0.0; -0.0 -0.0 -0.0 -0.0 -0.0 -0.0 -0.0 0.0 -0.0 -0.0; -0.0 -0.0 -0.0 -0.0 -0.0 -0.0 -0.0 -0.0 0.0 0.0;;;]
evol_box,"[[0.448, 0.0], [2.21, 2023.5675405794684], [2.292, 4.642194700526899e6], [2.295, 5.773655807046285e6], [2.3, 6.905113464852147e6], [2.303, 7.697083449545674e6]]"
y_pb,[[0.0 -0.0 -0.0 -0.0 -0.0 -0.0 -0.0 -0.0 -0.0 -0.0; 36.0 -0.0 -0.0 -0.0 -0.0 -0.0 -0.0 -0.0 -0.0 -0.0; -0.0 42.0 41.0 34.0 -0.0 -0.0 -0.0 -0.0 -0.0 -0.0; -0.0 -0.0 -0.0 -0.0 4.0 -0.0 -0.0 -0.0 -0.0 -0.0; -0.0 -0.0 -0.0 -0.0 0.0 -0.0 -0.0 -0.0 -0.0 -0.0; -0.0 -0.0 -0.0 -0.0 0.0 -0.0 -0.0 -0.0 -0.0 -0.0;;;]]
x_bb,"[0.0, 36.0, 117.0, 4.0, 0.0, 0.0]"
x_box,"[0.0, 36.0, 117.0, 4.0, 0.0, 0.0]"
evol_zeta,"[[1.797, 42.0], [2.29, 21.0], [2.294, 10.0], [2.299, 10.0], [2.302, 7.0], [2.305, 0.0]]"
ξ_box,[36.0; 42.0; 41.0; 34.0; 17.0; 10.0; 2.0; 3.0; 19.0; 21.0;;]
