first,second
s_box,[40.0 21.0 0.0 40.0; 30.0 0.0 0.0 0.0; 0.0 0.0 27.0 0.0; 0.0 13.0 0.0 0.0; 0.0 0.0 0.0 0.0; 0.0 0.0 0.0 0.0; 0.0 0.0 11.0 11.0; 0.0 0.0 6.0 10.0; 0.0 36.0 0.0 0.0; 0.0 0.0 27.0 0.0]
x_pb,"[40.0, 32.0, -0.0, 51.0, -0.0, 37.0]"
s_bb,[-0.0 -0.0 -0.0 -0.0; 1.0 -0.0 -0.0 -0.0; 27.0 -0.0 -0.0 -0.0; -0.0 -0.0 -0.0 -0.0; -0.0 -0.0 -0.0 -0.0; -0.0 -0.0 -0.0 -0.0; 11.0 -0.0 -0.0 -0.0; 10.0 -0.0 -0.0 -0.0; 0.0 -0.0 -0.0 -0.0; 38.0 -0.0 -0.0 -0.0]
partition_bb,"[[[40.0, 19.0, 10.0, 0.0, 0.0, 3.0, 10.0, 10.0, 32.0, 31.0], [40.0, 33.0, 6.0, 13.0, 18.0, 13.0, 4.0, 3.0, 12.0, 18.0], [40.0, 33.0, 27.0, 13.0, 8.0, 5.0, 9.0, 10.0, 5.0, 11.0], [12.0, 33.0, 0.0, 3.0, 7.0, 12.0, 9.0, 10.0, 37.0, 38.0], [12.0, 33.0, 0.0, 13.0, 18.0, 20.0, 11.0, 10.0, 25.0, 19.0]], [[0.0, 0.0, 14.0, 0.0, 5.0, 8.0, 11.0, 10.0, 37.0, 38.0]], Vector{Float64}[], Vector{Float64}[]]"
y_box,[0.0 3.0 16.0 13.0 0.0 0.0 0.0 0.0 0.0 7.0; 0.0 0.0 10.0 0.0 14.0 9.0 0.0 0.0 0.0 0.0; 0.0 0.0 0.0 0.0 0.0 0.0 0.0 0.0 0.0 0.0; 0.0 0.0 0.0 0.0 0.0 0.0 10.0 10.0 0.0 31.0; 0.0 0.0 0.0 0.0 0.0 0.0 0.0 0.0 4.0 0.0; 0.0 0.0 0.0 0.0 0.0 0.0 0.0 0.0 33.0 0.0;;; 9.0 12.0 0.0 0.0 18.0 0.0 0.0 0.0 0.0 0.0; 0.0 16.0 7.0 0.0 0.0 0.0 0.0 10.0 0.0 0.0; 0.0 0.0 0.0 0.0 0.0 0.0 0.0 0.0 0.0 0.0; 0.0 0.0 20.0 0.0 0.0 16.0 11.0 0.0 0.0 4.0; 0.0 0.0 0.0 0.0 0.0 4.0 0.0 0.0 0.0 0.0; 0.0 0.0 0.0 0.0 0.0 0.0 0.0 0.0 0.0 33.0;;; 39.0 0.0 0.0 0.0 0.0 0.0 0.0 0.0 0.0 0.0; 0.0 33.0 0.0 0.0 0.0 0.0 0.0 0.0 0.0 0.0; 0.0 0.0 0.0 0.0 0.0 0.0 0.0 0.0 0.0 0.0; 0.0 0.0 0.0 13.0 18.0 20.0 0.0 0.0 0.0 0.0; 0.0 0.0 0.0 0.0 0.0 0.0 0.0 4.0 0.0 0.0; 0.0 0.0 0.0 0.0 0.0 0.0 0.0 0.0 33.0 0.0;;; 0.0 26.0 0.0 13.0 0.0 0.0 0.0 0.0 0.0 0.0; 0.0 7.0 0.0 0.0 18.0 7.0 0.0 0.0 0.0 0.0; 0.0 0.0 0.0 0.0 0.0 0.0 0.0 0.0 0.0 0.0; 0.0 0.0 0.0 0.0 0.0 13.0 0.0 0.0 37.0 1.0; 0.0 0.0 0.0 0.0 0.0 0.0 0.0 0.0 0.0 4.0; 0.0 0.0 0.0 0.0 0.0 0.0 0.0 0.0 0.0 33.0]
evol_bb,"[[0.706, 9.184062238402389e6], [1.47, 9.184062238402387e6]]"
y_bb,[40.0 -0.0 -0.0 -0.0 -0.0 -0.0 -0.0 -0.0 -0.0 -0.0; -0.0 32.0 -0.0 -0.0 -0.0 -0.0 -0.0 -0.0 -0.0 -0.0; -0.0 -0.0 0.0 -0.0 -0.0 -0.0 -0.0 -0.0 -0.0 -0.0; -0.0 -0.0 0.0 13.0 18.0 20.0 -0.0 -0.0 -0.0 -0.0; -0.0 -0.0 -0.0 -0.0 -0.0 -0.0 0.0 0.0 -0.0 -0.0; -0.0 -0.0 -0.0 -0.0 -0.0 -0.0 -0.0 -0.0 37.0 -0.0;;; -0.0 -0.0 2.0 -0.0 -0.0 -0.0 -0.0 -0.0 -0.0 38.0; -0.0 -0.0 -0.0 -0.0 5.0 8.0 -0.0 -0.0 -0.0 -0.0; -0.0 -0.0 -0.0 -0.0 -0.0 -0.0 -0.0 -0.0 -0.0 0.0; -0.0 -0.0 -0.0 -0.0 -0.0 -0.0 11.0 10.0 12.0 -0.0; -0.0 -0.0 -0.0 -0.0 -0.0 -0.0 -0.0 0.0 -0.0 -0.0; -0.0 -0.0 12.0 -0.0 -0.0 -0.0 -0.0 -0.0 25.0 -0.0;;; -0.0 -0.0 -0.0 -0.0 -0.0 -0.0 -0.0 -0.0 -0.0 -0.0; -0.0 -0.0 -0.0 -0.0 -0.0 -0.0 -0.0 -0.0 -0.0 -0.0; -0.0 -0.0 -0.0 -0.0 -0.0 -0.0 -0.0 -0.0 -0.0 -0.0; -0.0 -0.0 -0.0 -0.0 -0.0 -0.0 -0.0 -0.0 -0.0 -0.0; -0.0 -0.0 -0.0 -0.0 -0.0 -0.0 -0.0 -0.0 -0.0 -0.0; -0.0 -0.0 -0.0 -0.0 -0.0 -0.0 -0.0 -0.0 -0.0 -0.0;;; -0.0 -0.0 -0.0 -0.0 -0.0 -0.0 -0.0 -0.0 -0.0 -0.0; -0.0 -0.0 -0.0 -0.0 -0.0 -0.0 -0.0 -0.0 -0.0 -0.0; -0.0 -0.0 -0.0 -0.0 -0.0 -0.0 -0.0 -0.0 -0.0 -0.0; -0.0 -0.0 -0.0 -0.0 -0.0 -0.0 -0.0 -0.0 -0.0 -0.0; -0.0 -0.0 -0.0 -0.0 -0.0 -0.0 -0.0 -0.0 -0.0 -0.0; -0.0 -0.0 -0.0 -0.0 -0.0 -0.0 -0.0 -0.0 -0.0 -0.0]
evol_box,"[[0.454, 0.0], [1.963, 1434.5082961251028], [2.068, 1674.2254026692863], [2.095, 317879.92283390416], [2.122, 317879.92283390416], [2.235, 423529.145192056], [2.614, 1.9011691727612764e6], [3.052, 2.2177752555901185e6], [3.455, 2.53440838948069e6], [3.843, 3.378808207690515e6], [4.204, 3.695552006182133e6], [4.958, 4.012157795884901e6], [5.548, 4.1176473590271315e6], [7.148, 4.750999432601983e6], [8.352, 4.962053172650944e6], [9.974, 5.2787250479759e6], [12.795, 5.2787250479759e6], [14.021, 5.384275983547309e6], [15.526, 5.806501056956541e6], [17.852, 6.0175929865775015e6], [19.557, 6.017600319670798e6], [21.7, 6.017634785895019e6], [23.242, 6.123116066536679e6], [26.164, 6.123116066536679e6], [28.607, 6.123132532547182e6], [31.051, 6.1231325325471815e6], [33.721, 6.123132532547182e6], [43.24, 6.228638768180102e6], [46.246, 6.33424909480691e6], [52.693, 6.439756245635622e6], [76.51, 6.439770890361384e6], [78.979, 6.439789145855047e6], [84.212, 6.4397897122516055e6], [88.306, 6.439880776272281e6], [95.643, 6.439882622829796e6], [102.572, 6.545354639042186e6], [112.328, 6.650855877152498e6], [116.159, 6.650861458450131e6], [120.451, 6.650898025015261e6], [126.483, 6.756419440339195e6], [134.452, 6.861968137349835e6], [143.885, 6.861973770998017e6], [153.009, 6.86199922288861e6], [184.74, 6.967514265164362e6], [196.205, 6.967532097980092e6], [216.552, 6.96754268835924e6], [231.47, 6.96760040538289e6], [249.975, 6.967543411140702e6], [280.796, 6.967565971377601e6], [368.251, 7.073067856751716e6], [379.377, 7.073082154848736e6], [395.013, 7.073083182348637e6], [413.214, 7.07312853063653e6], [451.442, 7.073145556081982e6], [481.48, 7.073145556081982e6], [509.426, 7.07316092460993e6], [570.804, 7.178625375728575e6], [605.829, 7.178627185232572e6], [662.173, 7.17863058688624e6], [722.836, 7.178663213685412e6], [775.931, 7.284145398117005e6], [814.218, 7.284161490580959e6], [857.622, 7.2841704788900465e6], [886.563, 7.2841704788900465e6], [957.534, 7.38971242615237e6], [996.307, 7.389714665778315e6], [1026.209, 7.389714665778315e6], [1077.728, 7.389724439309708e6], [1123.311, 7.38972453887627e6], [1211.728, 7.389730271719648e6], [1321.35, 7.389749781954408e6], [1375.798, 7.389751631016893e6], [1423.459, 7.389752850735262e6], [1505.999, 7.389766613979545e6], [1933.121, 7.389783065587365e6], [3257.734, 7.495259360181218e6], [3600.096, 7.495262259678036e6]]"
y_pb,[[40.0 -0.0 -0.0 -0.0 -0.0 -0.0 -0.0 -0.0 -0.0 -0.0; -0.0 32.0 -0.0 -0.0 -0.0 -0.0 -0.0 -0.0 -0.0 -0.0; -0.0 -0.0 0.0 -0.0 -0.0 -0.0 -0.0 -0.0 -0.0 -0.0; -0.0 -0.0 -0.0 13.0 18.0 20.0 -0.0 -0.0 -0.0 -0.0; -0.0 -0.0 -0.0 -0.0 -0.0 -0.0 -0.0 0.0 -0.0 -0.0; -0.0 -0.0 -0.0 -0.0 -0.0 -0.0 -0.0 -0.0 37.0 -0.0;;;]]
x_bb,"[40.0, 32.0, -0.0, 51.0, 0.0, 37.0]"
x_box,"[39.0, 33.0, 0.0, 51.0, 4.0, 33.0]"
evol_zeta,"[[2.036, 18.0], [2.074, 18.0], [2.099, 18.0], [2.124, 18.0], [2.24, 18.000000000000018], [2.632, 16.22222222222222], [3.056, 17.0], [3.471, 16.0], [3.859, 15.0], [4.207, 15.0], [4.976, 14.0], [5.552, 15.0], [7.165, 14.0], [8.367, 14.0], [9.978, 14.0], [12.803, 13.999999999999986], [14.028, 10.0], [15.559, 12.555555555555557], [17.885, 14.0], [19.573, 11.399999999999999], [21.715, 10.0], [23.268, 9.999999999999998], [26.186, 9.200001132654485], [28.615, 10.0], [31.07, 9.666666666666668], [33.753, 8.5], [43.258, 10.0], [46.249, 6.0], [52.708, 8.999999999999993], [76.514, 7.000000000800014], [78.984, 8.9], [84.222, 8.299999999999997], [88.311, 8.88888888888889], [95.649, 5.0], [102.605, 8.5], [112.36, 7.888888888888889], [116.176, 10.1], [120.49, 7.0], [126.524, 7.0], [134.507, 7.000000000000004], [143.931, 7.0], [153.034, 7.0], [184.795, 7.1000000000000005], [196.224, 6.900002185377917], [216.571, 4.9999999999999964], [231.488, 5.222222222222221], [249.998, 4.0], [280.816, 4.0], [368.284, 4.0], [379.4, 5.0], [395.034, 6.099999999999994], [413.233, 4.0], [451.46, 5.333333333333336], [481.498, 5.000000000000033], [509.434, 5.666666666666657], [570.813, 5.000000000000025], [605.855, 5.0], [662.191, 4.0], [722.852, 5.222222222222221], [775.951, 6.199999999999999], [814.226, 5.99999999999998], [857.642, 4.0], [886.583, 3.6999999999999886], [957.548, 6.0], [996.323, 4.2999999999999545], [1026.218, 6.299999999999997], [1077.745, 5.0], [1123.326, 4.555555555555557], [1211.733, 6.75], [1321.392, 5.799999999999997], [1375.818, 4.200000000000003], [1423.48, 3.799999999999997], [1506.016, 3.799999999999997], [1933.143, 4.700000000000003], [3257.745, 7.999999999999967], [3600.113, 0.0]]"
ξ_box,[40.0 30.0 39.0 40.0; 33.0 28.0 33.0 33.0; 26.0 27.0 27.0 0.0; 13.0 13.0 13.0 13.0; 14.0 18.0 18.0 18.0; 9.0 20.0 20.0 20.0; 10.0 11.0 11.0 11.0; 10.0 10.0 10.0 10.0; 37.0 36.0 33.0 37.0; 38.0 37.0 27.0 38.0]
