first,second
s_box,[0.0 18.0 35.0 6.0 11.0; 0.0 20.0 0.0 9.0 0.0; 12.0 0.0 0.0 0.0 16.0; 0.0 0.0 0.0 0.0 0.0; 0.0 0.0 0.0 0.0 0.0; 0.0 0.0 0.0 0.0 0.0; 0.0 1.0 0.0 3.0 0.0; 0.0 26.0 0.0 30.0 16.0; 4.0 3.0 33.0 20.0 25.0; 50.0 0.0 0.0 0.0 0.0]
x_pb,"[62.0, -0.0, 8.0, 64.0, -0.0, 44.0]"
s_bb,[44.0 -0.0 -0.0 -0.0 -0.0; -0.0 -0.0 -0.0 -0.0 -0.0; -0.0 -0.0 -0.0 -0.0 -0.0; -0.0 -0.0 -0.0 -0.0 -0.0; 0.0 20.0 -0.0 -0.0 -0.0; -0.0 -0.0 -0.0 -0.0 -0.0; 0.0 -0.0 -0.0 -0.0 -0.0; 32.0 -0.0 -0.0 -0.0 -0.0; 36.0 36.0 -0.0 -0.0 -0.0; 6.0 -0.0 -0.0 -0.0 -0.0]
partition_bb,"[[[5.0, 12.0, 0.0, 0.0, 14.0, 17.0, 17.0, 27.0, 36.0, 50.0], [44.0, 25.0, 24.0, 8.0, 25.0, 22.0, 17.0, 2.0, 0.0, 11.0], [18.0, 37.0, 25.0, 8.0, 11.0, 8.0, 3.0, 13.0, 22.0, 36.0], [19.0, 0.0, 0.0, 5.0, 19.0, 22.0, 17.0, 32.0, 36.0, 22.0]], [[6.0, 25.0, 13.0, 8.0, 25.0, 22.0, 17.0, 32.0, 23.0, 9.0], [0.0, 0.0, 0.0, 0.0, 19.0, 22.0, 17.0, 32.0, 36.0, 50.0]], Vector{Float64}[], Vector{Float64}[], Vector{Float64}[]]"
y_box,[23.0 0.0 0.0 0.0 0.0 21.0 0.0 0.0 24.0 0.0; 0.0 0.0 0.0 0.0 0.0 0.0 0.0 0.0 0.0 0.0; 0.0 0.0 0.0 0.0 0.0 0.0 0.0 0.0 8.0 0.0; 0.0 24.0 0.0 0.0 0.0 0.0 17.0 20.0 0.0 0.0; 0.0 0.0 0.0 0.0 0.0 0.0 0.0 0.0 0.0 0.0; 8.0 0.0 0.0 0.0 24.0 0.0 0.0 9.0 0.0 0.0;;; 26.0 17.0 25.0 0.0 0.0 0.0 0.0 0.0 0.0 0.0; 0.0 0.0 0.0 0.0 0.0 0.0 0.0 0.0 0.0 0.0; 0.0 0.0 0.0 8.0 0.0 0.0 0.0 0.0 0.0 0.0; 0.0 0.0 0.0 0.0 24.0 21.0 16.0 0.0 0.0 0.0; 0.0 0.0 0.0 0.0 0.0 0.0 0.0 0.0 0.0 0.0; 0.0 0.0 0.0 0.0 0.0 0.0 0.0 0.0 14.0 27.0;;; 9.0 34.0 25.0 0.0 0.0 0.0 0.0 0.0 0.0 0.0; 0.0 0.0 0.0 0.0 0.0 0.0 0.0 0.0 0.0 0.0; 0.0 0.0 0.0 8.0 0.0 0.0 0.0 0.0 0.0 0.0; 0.0 0.0 0.0 0.0 8.0 11.0 14.0 28.0 0.0 0.0; 0.0 0.0 0.0 0.0 0.0 0.0 0.0 0.0 0.0 0.0; 0.0 0.0 0.0 0.0 0.0 0.0 0.0 0.0 0.0 41.0;;; 27.0 16.0 25.0 0.0 0.0 0.0 0.0 0.0 0.0 0.0; 0.0 0.0 0.0 0.0 0.0 0.0 0.0 0.0 0.0 0.0; 0.0 0.0 0.0 8.0 0.0 0.0 0.0 0.0 0.0 0.0; 0.0 0.0 0.0 0.0 25.0 22.0 14.0 0.0 0.0 0.0; 0.0 0.0 0.0 0.0 0.0 0.0 0.0 0.0 0.0 0.0; 0.0 0.0 0.0 0.0 0.0 0.0 0.0 0.0 13.0 28.0;;; 21.0 37.0 9.0 1.0 0.0 0.0 0.0 0.0 0.0 0.0; 0.0 0.0 0.0 0.0 0.0 0.0 0.0 0.0 0.0 0.0; 0.0 0.0 0.0 7.0 1.0 0.0 0.0 0.0 0.0 0.0; 0.0 0.0 0.0 0.0 24.0 22.0 15.0 0.0 0.0 0.0; 0.0 0.0 0.0 0.0 0.0 0.0 0.0 0.0 0.0 0.0; 0.0 0.0 0.0 0.0 0.0 0.0 2.0 0.0 0.0 39.0]
evol_bb,"[[0.454, 1.4782104101156984e7], [1.762, 1.4782104101156982e7]]"
y_bb,[-0.0 37.0 25.0 -0.0 -0.0 -0.0 -0.0 -0.0 -0.0 -0.0; -0.0 0.0 0.0 -0.0 -0.0 -0.0 -0.0 -0.0 -0.0 -0.0; -0.0 -0.0 -0.0 8.0 -0.0 -0.0 -0.0 -0.0 -0.0 -0.0; -0.0 -0.0 -0.0 -0.0 25.0 22.0 17.0 -0.0 -0.0 -0.0; -0.0 -0.0 -0.0 -0.0 -0.0 -0.0 -0.0 -0.0 0.0 -0.0; -0.0 -0.0 -0.0 -0.0 -0.0 -0.0 -0.0 -0.0 -0.0 44.0;;; -0.0 -0.0 -0.0 7.0 5.0 0.0 0.0 -0.0 -0.0 50.0; -0.0 -0.0 -0.0 0.0 -0.0 -0.0 -0.0 -0.0 -0.0 -0.0; 6.0 1.0 0.0 1.0 -0.0 -0.0 -0.0 -0.0 -0.0 -0.0; 0.0 24.0 13.0 -0.0 -0.0 -0.0 -0.0 27.0 0.0 -0.0; 0.0 -0.0 -0.0 -0.0 -0.0 -0.0 -0.0 -0.0 -0.0 -0.0; -0.0 -0.0 -0.0 -0.0 -0.0 22.0 17.0 5.0 -0.0 -0.0;;; -0.0 -0.0 -0.0 -0.0 -0.0 -0.0 -0.0 -0.0 -0.0 -0.0; -0.0 -0.0 -0.0 -0.0 -0.0 -0.0 -0.0 -0.0 -0.0 -0.0; -0.0 -0.0 -0.0 -0.0 -0.0 -0.0 -0.0 -0.0 -0.0 -0.0; -0.0 -0.0 -0.0 -0.0 -0.0 -0.0 -0.0 -0.0 -0.0 -0.0; -0.0 -0.0 -0.0 -0.0 -0.0 -0.0 -0.0 -0.0 -0.0 -0.0; -0.0 -0.0 -0.0 -0.0 -0.0 -0.0 -0.0 -0.0 -0.0 -0.0;;; -0.0 -0.0 -0.0 -0.0 -0.0 -0.0 -0.0 -0.0 -0.0 -0.0; -0.0 -0.0 -0.0 -0.0 -0.0 -0.0 -0.0 -0.0 -0.0 -0.0; -0.0 -0.0 -0.0 -0.0 -0.0 -0.0 -0.0 -0.0 -0.0 -0.0; -0.0 -0.0 -0.0 -0.0 -0.0 -0.0 -0.0 -0.0 -0.0 -0.0; -0.0 -0.0 -0.0 -0.0 -0.0 -0.0 -0.0 -0.0 -0.0 -0.0; -0.0 -0.0 -0.0 -0.0 -0.0 -0.0 -0.0 -0.0 -0.0 -0.0;;; -0.0 -0.0 -0.0 -0.0 -0.0 -0.0 -0.0 -0.0 -0.0 -0.0; -0.0 -0.0 -0.0 -0.0 -0.0 -0.0 -0.0 -0.0 -0.0 -0.0; -0.0 -0.0 -0.0 -0.0 -0.0 -0.0 -0.0 -0.0 -0.0 -0.0; -0.0 -0.0 -0.0 -0.0 -0.0 -0.0 -0.0 -0.0 -0.0 -0.0; -0.0 -0.0 -0.0 -0.0 -0.0 -0.0 -0.0 -0.0 -0.0 -0.0; -0.0 -0.0 -0.0 -0.0 -0.0 -0.0 -0.0 -0.0 -0.0 -0.0]
evol_box,"[[0.524, 0.0], [2.293, 3463.306599257048], [2.546, 127829.56599862776], [2.748, 1.0053927089272109e6], [2.902, 1.0054342479784003e6], [3.133, 1.0053927089272109e6], [3.901, 3.134273768981126e6], [5.051, 4.512160064880612e6], [6.506, 4.512160064880612e6], [9.113, 4.512160064880612e6], [11.812, 4.512160064880612e6], [14.291, 5.639314369419702e6], [17.27, 5.639314369419701e6], [18.747, 6.140202636894833e6], [24.151, 6.515946863945724e6], [37.275, 6.515946863945724e6], [74.869, 6.640920398534989e6], [77.73, 6.641256796320965e6], [81.743, 6.891250939209095e6], [84.445, 6.891250939209137e6], [91.97, 7.141601410225401e6], [112.656, 7.141760774841447e6], [157.776, 7.142127887383898e6], [179.868, 7.517516136069072e6], [189.246, 7.643102976766292e6], [213.623, 7.643124181060235e6], [249.03, 7.768105104460301e6], [294.531, 7.768271803629819e6], [345.679, 7.893255693103468e6], [413.552, 7.893364761482064e6], [578.504, 8.01845090918945e6], [629.937, 8.018692209262066e6], [817.079, 8.01882430789166e6], [864.723, 8.143719805935167e6], [1191.059, 8.143951202025084e6], [1246.391, 8.144043075141437e6], [1776.082, 8.268909085381042e6], [1824.168, 8.394341019568339e6], [1944.941, 8.51946834889941e6], [2264.977, 8.519502549291667e6], [2542.08, 8.519591152408417e6], [2861.827, 8.519887186483448e6], [3049.038, 8.519887186483448e6], [3600.079, 8.51990627894268e6]]"
y_pb,[[-0.0 37.0 25.0 -0.0 -0.0 -0.0 -0.0 -0.0 -0.0 -0.0; -0.0 -0.0 0.0 -0.0 -0.0 -0.0 -0.0 -0.0 -0.0 -0.0; -0.0 -0.0 -0.0 8.0 -0.0 -0.0 -0.0 -0.0 -0.0 -0.0; -0.0 -0.0 -0.0 -0.0 25.0 22.0 17.0 -0.0 -0.0 -0.0; -0.0 -0.0 -0.0 -0.0 -0.0 -0.0 -0.0 -0.0 -0.0 0.0; -0.0 -0.0 -0.0 -0.0 -0.0 -0.0 -0.0 -0.0 -0.0 44.0;;;]]
x_bb,"[62.0, 0.0, 8.0, 64.0, 0.0, 44.0]"
x_box,"[68.0, 0.0, 8.0, 61.0, 0.0, 41.0]"
evol_zeta,"[[1.889, 50.0], [2.384, 39.0], [2.593, 32.2], [2.753, 25.22222222222222], [2.934, 21.5], [3.168, 19.299999999999997], [3.946, 18.0], [5.137, 16.300000424567923], [6.552, 16.299999999999997], [9.167, 16.300000848847635], [11.85, 16.0], [14.341, 15.5], [17.314, 16.0], [18.814, 15.400000000000006], [24.179, 14.88888888888889], [37.342, 14.0], [74.908, 15.099999999999998], [77.788, 13.666666666666668], [81.756, 12.88888888888889], [84.496, 11.777777777777779], [92.014, 12.40000006651785], [112.727, 12.666666666666668], [157.825, 14.375], [179.948, 9.5], [189.315, 11.0], [213.687, 11.0], [249.107, 9.99999999999999], [294.586, 10.88888888888889], [345.768, 10.0], [413.583, 10.0], [578.573, 10.11111111111111], [629.991, 10.111111111111112], [817.09, 10.0], [864.777, 9.0], [1191.14, 10.0], [1246.436, 9.0], [1776.164, 9.999999999999998], [1824.207, 9.0], [1944.971, 9.5], [2265.0, 9.600000000000001], [2542.134, 9.700000000000003], [2861.861, 10.799999999999997], [3049.085, 9.5], [3600.094, 0.0]]"
ξ_box,[31.0 44.0 44.0 33.0 32.0; 24.0 37.0 34.0 25.0 37.0; 12.0 25.0 25.0 25.0 25.0; 0.0 8.0 8.0 8.0 8.0; 24.0 24.0 8.0 25.0 25.0; 21.0 21.0 11.0 22.0 22.0; 17.0 17.0 14.0 17.0 17.0; 29.0 26.0 28.0 30.0 16.0; 36.0 17.0 33.0 33.0 25.0; 50.0 27.0 41.0 28.0 39.0]
