first,second
s_box,[7.0; 0.0; 37.0; 13.0; 0.0; 0.0; 0.0; 0.0; 36.0; 51.0;;]
x_pb,"[35.0, -0.0, -0.0, -0.0, 110.0, -0.0]"
s_bb,[7.0; 0.0; 37.0; 13.0; 0.0; 0.0; 0.0; 0.0; 36.0; 51.0;;]
partition_bb,"[[[0.0, 0.0, 0.0, 0.0, 7.0, 11.0, 25.0, 25.0, 31.0, 51.0], [7.0, 34.0, 38.0, 2.0, 5.0, 10.0, 22.0, 18.0, 10.0, 0.0], [0.0, 0.0, 0.0, 13.0, 24.0, 28.0, 24.0, 20.0, 28.0, 8.0], [0.0, 0.0, 0.0, 1.0, 12.0, 16.0, 24.0, 28.0, 36.0, 16.0], [0.0, 0.0, 0.0, 13.0, 23.0, 28.0, 30.0, 26.0, 18.0, 4.0]]]"
y_box,[0.0 34.0 1.0 -0.0 -0.0 -0.0 -0.0 -0.0 -0.0 -0.0; -0.0 -0.0 -0.0 -0.0 -0.0 -0.0 -0.0 -0.0 -0.0 -0.0; -0.0 -0.0 -0.0 -0.0 -0.0 -0.0 -0.0 -0.0 -0.0 -0.0; -0.0 -0.0 -0.0 0.0 -0.0 -0.0 -0.0 -0.0 -0.0 -0.0; -0.0 -0.0 -0.0 -0.0 24.0 28.0 30.0 28.0 -0.0 -0.0; -0.0 -0.0 -0.0 -0.0 -0.0 -0.0 -0.0 -0.0 0.0 0.0;;;]
evol_bb,"[[0.262, 1.6657146538666522e7]]"
y_bb,[0.0 34.0 1.0 -0.0 -0.0 -0.0 -0.0 -0.0 -0.0 -0.0; -0.0 -0.0 -0.0 -0.0 -0.0 -0.0 -0.0 -0.0 -0.0 -0.0; -0.0 -0.0 -0.0 -0.0 -0.0 -0.0 -0.0 -0.0 -0.0 -0.0; -0.0 -0.0 -0.0 0.0 -0.0 -0.0 -0.0 -0.0 -0.0 -0.0; -0.0 -0.0 -0.0 -0.0 24.0 28.0 30.0 28.0 -0.0 -0.0; -0.0 -0.0 -0.0 -0.0 -0.0 -0.0 -0.0 -0.0 0.0 0.0;;;]
evol_box,"[[0.424, 0.0], [2.034, 580887.4019217803], [2.109, 1.1221119101459755e7], [2.113, 1.515357497206231e7], [2.117, 1.6078859899925105e7], [2.12, 1.6425834268311404e7], [2.124, 1.6657146538666522e7]]"
y_pb,[[-0.0 34.0 1.0 -0.0 -0.0 -0.0 -0.0 -0.0 -0.0 -0.0; -0.0 -0.0 0.0 -0.0 -0.0 -0.0 -0.0 -0.0 -0.0 -0.0; -0.0 -0.0 0.0 -0.0 -0.0 -0.0 -0.0 -0.0 -0.0 -0.0; -0.0 -0.0 -0.0 -0.0 0.0 -0.0 -0.0 -0.0 -0.0 -0.0; -0.0 -0.0 -0.0 -0.0 24.000000000000004 28.0 30.0 28.0 -0.0 -0.0; -0.0 -0.0 -0.0 -0.0 -0.0 -0.0 -0.0 -0.0 0.0 -0.0;;;]]
x_bb,"[35.0, 0.0, 0.0, 0.0, 110.0, 0.0]"
x_box,"[35.0, 0.0, 0.0, 0.0, 110.0, 0.0]"
evol_zeta,"[[1.688, 50.16666666666667], [2.108, 38.0], [2.111, 17.0], [2.115, 5.000000000600011], [2.119, 3.0], [2.122, 2.0], [2.125, 0.0]]"
ξ_box,[7.0; 34.0; 38.0; 13.0; 24.0; 28.0; 30.0; 28.0; 36.0; 51.0;;]
