first,second
s_box,[22.0 0.0 0.0; 11.0 0.0 0.0; 14.0 0.0 14.0; 5.0 5.0 5.0; 18.0 0.0 21.0; 0.0 6.0 32.0; 0.0 26.0 34.0; 0.0 32.0 0.0; 0.0 0.0 0.0; 37.0 37.0 0.0]
x_pb,"[-0.0, -0.0, -0.0, -0.0, 66.0, 76.0]"
s_bb,[35.0 -0.0 -0.0; 11.0 11.0 -0.0; 14.0 -0.0 -0.0; 5.0 -0.0 -0.0; 24.0 24.0 -0.0; -0.0 -0.0 -0.0; -0.0 34.0 -0.0; 5.0 9.0 -0.0; 0.0 42.0 -0.0; 45.0 -0.0 -0.0]
partition_bb,"[[[0.0, 0.0, 0.0, 0.0, 0.0, 14.0, 17.0, 32.0, 36.0, 45.0], [35.0, 9.0, 3.0, 0.0, 0.0, 7.0, 9.0, 27.0, 31.0, 22.0], [0.0, 0.0, 0.0, 5.0, 24.0, 29.0, 32.0, 14.0, 24.0, 15.0], [35.0, 11.0, 14.0, 5.0, 0.0, 14.0, 11.0, 12.0, 16.0, 25.0], [0.0, 0.0, 0.0, 0.0, 0.0, 20.0, 23.0, 41.0, 31.0, 28.0], [0.0, 0.0, 0.0, 0.0, 0.0, 17.0, 19.0, 31.0, 41.0, 38.0], [0.0, 11.0, 14.0, 5.0, 11.0, 32.0, 29.0, 19.0, 15.0, 6.0], [0.0, 0.0, 0.0, 0.0, 0.0, 18.0, 20.0, 32.0, 42.0, 34.0]], [[35.0, 11.0, 14.0, 5.0, 24.0, 3.0, 0.0, 11.0, 15.0, 24.0], [0.0, 0.0, 0.0, 0.0, 0.0, 18.0, 20.0, 32.0, 42.0, 33.0], [0.0, 0.0, 0.0, 5.0, 11.0, 32.0, 34.0, 17.0, 27.0, 18.0]], Vector{Float64}[]]"
y_box,[0.0 0.0 0.0 0.0 0.0 0.0 0.0 0.0 0.0 0.0; 0.0 0.0 0.0 0.0 0.0 0.0 0.0 0.0 0.0 0.0; 0.0 0.0 0.0 0.0 0.0 0.0 0.0 0.0 0.0 0.0; 0.0 0.0 0.0 0.0 0.0 0.0 0.0 0.0 0.0 0.0; 0.0 0.0 0.0 0.0 0.0 25.0 28.0 0.0 0.0 0.0; 0.0 0.0 0.0 0.0 0.0 0.0 0.0 40.0 41.0 8.0;;; 0.0 0.0 0.0 0.0 0.0 0.0 0.0 0.0 0.0 0.0; 0.0 0.0 0.0 0.0 0.0 0.0 0.0 0.0 0.0 0.0; 0.0 0.0 0.0 0.0 0.0 0.0 0.0 0.0 0.0 0.0; 0.0 0.0 0.0 0.0 0.0 0.0 0.0 0.0 0.0 0.0; 0.0 11.0 0.0 0.0 24.0 18.0 0.0 0.0 0.0 0.0; 35.0 0.0 14.0 0.0 0.0 4.0 0.0 0.0 36.0 0.0;;; 0.0 0.0 0.0 0.0 0.0 0.0 0.0 0.0 0.0 0.0; 0.0 0.0 0.0 0.0 0.0 0.0 0.0 0.0 0.0 0.0; 0.0 0.0 0.0 0.0 0.0 0.0 0.0 0.0 0.0 0.0; 0.0 0.0 0.0 0.0 0.0 0.0 0.0 0.0 0.0 0.0; 0.0 8.0 0.0 1.0 2.0 0.0 0.0 34.0 8.0 0.0; 32.0 0.0 0.0 0.0 0.0 0.0 0.0 0.0 21.0 36.0]
evol_bb,"[[3.273, 1.7256414142797124e7], [779.946, 1.7011665184642248e7]]"
y_bb,[0.0 -0.0 -0.0 -0.0 -0.0 -0.0 -0.0 -0.0 -0.0 -0.0; -0.0 0.0 -0.0 -0.0 -0.0 -0.0 -0.0 -0.0 -0.0 -0.0; -0.0 0.0 -0.0 0.0 -0.0 -0.0 -0.0 -0.0 -0.0 -0.0; -0.0 -0.0 -0.0 0.0 0.0 -0.0 -0.0 -0.0 -0.0 -0.0; -0.0 -0.0 -0.0 -0.0 -0.0 32.0 32.0 -0.0 -0.0 -0.0; -0.0 -0.0 -0.0 -0.0 -0.0 -0.0 -0.0 36.0 42.0 0.0;;; -0.0 -0.0 -0.0 -0.0 0.0 -0.0 -0.0 -0.0 -0.0 0.0; -0.0 -0.0 -0.0 0.0 -0.0 -0.0 -0.0 -0.0 -0.0 -0.0; -0.0 -0.0 -0.0 0.0 -0.0 -0.0 -0.0 -0.0 -0.0 -0.0; -0.0 -0.0 -0.0 0.0 -0.0 -0.0 -0.0 -0.0 -0.0 -0.0; -0.0 0.0 -0.0 -0.0 -0.0 32.0 -0.0 23.0 0.0 9.0; 35.0 -0.0 14.0 5.0 -0.0 -0.0 0.0 -0.0 -0.0 24.0;;; -0.0 -0.0 -0.0 -0.0 -0.0 -0.0 -0.0 -0.0 -0.0 -0.0; -0.0 -0.0 -0.0 -0.0 -0.0 -0.0 -0.0 -0.0 -0.0 -0.0; -0.0 -0.0 -0.0 -0.0 -0.0 -0.0 -0.0 -0.0 -0.0 -0.0; -0.0 -0.0 -0.0 -0.0 -0.0 -0.0 -0.0 -0.0 -0.0 -0.0; -0.0 -0.0 -0.0 -0.0 -0.0 -0.0 -0.0 -0.0 -0.0 -0.0; -0.0 -0.0 -0.0 -0.0 -0.0 -0.0 -0.0 -0.0 -0.0 -0.0]
evol_box,"[[0.394, 0.0], [1.932, 245860.0285952591], [2.019, 245860.0285952591], [2.04, 245860.0285952591], [2.158, 5.14161101127135e6], [2.329, 5.14161101127135e6], [2.566, 5.14161101127135e6], [2.747, 6.609482837769122e6], [3.014, 7.22133410509445e6], [3.298, 7.466165573140168e6], [3.756, 7.466165573140168e6], [4.622, 7.466165573140168e6], [4.901, 7.8333446884106975e6], [5.847, 7.955668931888357e6], [7.253, 8.567547295514869e6], [7.802, 8.934706165936045e6], [8.127, 9.179498495745586e6], [8.596, 9.424485157797929e6], [9.133, 9.913835180228556e6], [11.198, 1.0036105697433691e7], [11.781, 1.0280749549024278e7], [12.303, 1.0403270642788269e7], [13.111, 1.077044829614262e7], [14.813, 1.0892773918065269e7], [16.366, 1.0892773918065269e7], [17.195, 1.0892803676810225e7], [18.323, 1.1015305214411808e7], [19.819, 1.1260067238885812e7], [21.327, 1.1382235464195486e7], [23.151, 1.138235738397629e7], [24.798, 1.1382360095014637e7], [29.651, 1.1382482798066404e7], [37.266, 1.1627124478142798e7], [50.838, 1.1627124478142798e7], [59.309, 1.1627124478142798e7], [61.508, 1.1627124478142798e7], [71.306, 1.1749345428210609e7], [74.202, 1.174953528343628e7], [77.883, 1.1871750449479291e7], [82.284, 1.187181979405163e7], [103.953, 1.1871869140779e7], [107.518, 1.187192066122993e7], [112.813, 1.187198783112144e7], [129.388, 1.1994186130087527e7], [165.733, 1.2116502289188074e7], [170.496, 1.2116567874406211e7], [191.375, 1.211675187321046e7], [196.631, 1.2238963915840052e7], [202.003, 1.2238983065663593e7], [239.926, 1.223898832226774e7], [294.93, 1.236133766753929e7], [300.72, 1.2361360630067326e7], [308.819, 1.2361483055849945e7], [316.331, 1.2483586932452437e7], [324.32, 1.2483651765181642e7], [332.005, 1.2483667210513154e7], [340.509, 1.248376119789228e7], [357.534, 1.2483752607522901e7], [365.559, 1.2483765436536968e7], [492.381, 1.2483765961676192e7], [505.053, 1.2483773157273725e7], [676.167, 1.260604461227614e7], [789.011, 1.2606152425538192e7], [913.117, 1.2606159786217967e7], [934.352, 1.260616302208818e7], [1212.189, 1.2606165099287758e7], [1259.875, 1.272842527774316e7], [1276.333, 1.2728428318534834e7], [1397.614, 1.2728428318534836e7], [1543.435, 1.2728510041576436e7], [1650.879, 1.272852714218978e7], [1749.925, 1.272854626637664e7], [1857.268, 1.2728569868049588e7], [1893.558, 1.2728603916803535e7], [2106.628, 1.2850819728934921e7], [2186.514, 1.2850828734285053e7], [2220.692, 1.2850835315320821e7], [2400.897, 1.2850844877677225e7], [2432.554, 1.2850923602018643e7], [2578.933, 1.2973199918979015e7], [2612.88, 1.2973205012942413e7], [2668.654, 1.2973207184220264e7], [2715.244, 1.2973209355498113e7], [3143.088, 1.297321872481499e7], [3360.86, 1.297329196957735e7], [3426.565, 1.2973358329176057e7], [3477.154, 1.309551702252679e7], [3600.006, 1.3095576405612322e7]]"
y_pb,[[-0.0 0.0 -0.0 -0.0 -0.0 -0.0 -0.0 -0.0 -0.0 -0.0; -0.0 0.0 -0.0 -0.0 -0.0 -0.0 -0.0 -0.0 -0.0 -0.0; -0.0 -0.0 -0.0 0.0 -0.0 -0.0 -0.0 -0.0 -0.0 -0.0; -0.0 -0.0 -0.0 0.0 -0.0 -0.0 -0.0 -0.0 -0.0 -0.0; -0.0 -0.0 -0.0 -0.0 -0.0 32.0 34.0 -0.0 -0.0 -0.0; -0.0 -0.0 -0.0 -0.0 -0.0 -0.0 -0.0 34.0 42.0 -0.0;;;]]
x_bb,"[0.0, -0.0, -0.0, -0.0, 64.0, 78.0]"
x_box,"[0.0, 0.0, 0.0, 0.0, 53.0, 89.0]"
evol_zeta,"[[1.591, 44.6], [2.007, 35.0], [2.023, 25.0], [2.057, 24.0], [2.194, 22.428571428571423], [2.349, 18.166666666666664], [2.583, 17.571428571428577], [2.763, 14.166666666666664], [3.032, 13.5], [3.307, 13.571428571428571], [3.765, 13.57142857142857], [4.654, 11.166666666666664], [4.909, 11.5], [5.882, 11.0], [7.269, 11.0], [7.811, 12.666666666666659], [8.14, 11.0], [8.604, 11.0], [9.153, 11.0], [11.207, 11.0], [11.79, 11.0], [12.323, 11.0], [13.116, 11.0], [14.835, 11.125], [16.384, 9.142857142857146], [17.212, 9.0], [18.345, 11.428571428571429], [19.838, 9.0], [21.346, 10.285714285714286], [23.163, 10.285714285714286], [24.807, 10.999994063946218], [29.667, 9.42857142857143], [37.276, 7.166666666666673], [50.857, 9.857142857142854], [59.328, 8.0], [61.532, 9.857142857142858], [71.315, 6.666666666666671], [74.224, 11.0], [77.903, 8.333333333333318], [82.294, 11.285714285714285], [103.973, 8.571428571428555], [107.528, 8.857142857142858], [112.824, 6.333333333333331], [129.398, 6.0], [165.749, 7.624999999999998], [170.509, 6.428571428571431], [191.389, 5.142857142857142], [196.652, 6.333333333333337], [202.011, 8.00000000000001], [239.934, 7.142857142857144], [294.949, 7.333333333333332], [300.734, 7.666666666666664], [308.831, 6.750000000000002], [316.349, 7.166666666666671], [324.326, 6.571428571428572], [332.022, 4.399999999999999], [340.523, 4.999999999999998], [357.549, 7.833333333333329], [365.573, 6.166666666666666], [492.394, 5.0], [505.075, 7.111111111111114], [676.195, 4.333333333333332], [789.03, 3.3333333333333286], [913.127, 5.0], [934.362, 7.5], [1212.199, 7.0], [1259.897, 5.0], [1276.351, 4.200000000000003], [1397.623, 5.0], [1543.461, 4.166666666666671], [1650.889, 4.0], [1749.935, 3.4285714285714306], [1857.277, 7.285714285714288], [1893.575, 3.0], [2106.645, 4.0], [2186.537, 4.0], [2220.713, 3.8571428571428577], [2400.912, 3.3999999999999986], [2432.574, 3.142857142857139], [2578.942, 10.714285714285715], [2612.897, 3.2857142857142883], [2668.667, 6.285714285714288], [2715.263, 4.0], [3143.103, 3.6666666666666714], [3360.884, 3.6666666666666643], [3426.58, 7.0], [3477.189, 4.714285714285714], [3600.021, 0.0]]"
ξ_box,[22.0 35.0 32.0; 11.0 11.0 8.0; 14.0 14.0 14.0; 5.0 5.0 5.0; 18.0 24.0 23.0; 25.0 28.0 32.0; 28.0 26.0 34.0; 40.0 32.0 34.0; 41.0 36.0 29.0; 45.0 37.0 36.0]
