first,second
s_box,[-0.0 -0.0 -0.0; -0.0 -0.0 -0.0; -0.0 -0.0 -0.0; -0.0 -0.0 -0.0; -0.0 -0.0 12.0; -0.0 -0.0 9.0; -0.0 -0.0 -0.0; -0.0 -0.0 -0.0; -0.0 -0.0 -0.0; -0.0 -0.0 -0.0]
x_pb,"[22.0, 36.0, 35.0, -0.0, 28.0, 30.0]"
s_bb,[-0.0 -0.0 -0.0; -0.0 -0.0 -0.0; -0.0 -0.0 -0.0; 0.0 -0.0 -0.0; 12.0 -0.0 -0.0; 9.0 -0.0 -0.0; 0.0 -0.0 -0.0; -0.0 -0.0 -0.0; -0.0 -0.0 -0.0; -0.0 -0.0 -0.0]
partition_bb,"[[[22.0, 36.0, 25.0, 6.0, 11.0, 0.0, 0.0, 1.0, 20.0, 30.0], [21.0, 21.0, 19.0, 5.0, 15.0, 9.0, 6.0, 1.0, 20.0, 30.0], [1.0, 15.0, 4.0, 6.0, 16.0, 5.0, 1.0, 0.0, 0.0, 10.0], [22.0, 36.0, 25.0, 6.0, 16.0, 9.0, 7.0, 1.0, 20.0, 10.0]], [[22.0, 36.0, 25.0, 6.0, 15.0, 6.0, 0.0, 0.0, 19.0, 9.0]], [[7.0, 21.0, 13.0, 6.0, 16.0, 6.0, 7.0, 1.0, 20.0, 30.0]]]"
y_box,[15.0 -0.0 -0.0 -0.0 -0.0 -0.0 7.0 -0.0 -0.0 -0.0; 7.0 26.0 -0.0 -0.0 -0.0 -0.0 -0.0 -0.0 -0.0 -0.0; -0.0 -0.0 0.0 0.0 16.0 0.0 -0.0 -0.0 -0.0 -0.0; -0.0 -0.0 -0.0 -0.0 -0.0 -0.0 0.0 -0.0 -0.0 -0.0; -0.0 -0.0 -0.0 -0.0 -0.0 -0.0 -0.0 1.0 20.0 7.0; -0.0 -0.0 -0.0 -0.0 -0.0 -0.0 -0.0 -0.0 -0.0 30.0;;; 18.0 4.0 -0.0 -0.0 -0.0 -0.0 -0.0 -0.0 -0.0 -0.0; -0.0 32.0 4.0 -0.0 -0.0 -0.0 -0.0 -0.0 -0.0 -0.0; -0.0 -0.0 7.0 -0.0 7.0 -0.0 0.0 -0.0 20.0 -0.0; -0.0 0.0 -0.0 -0.0 -0.0 -0.0 -0.0 -0.0 -0.0 -0.0; -0.0 -0.0 -0.0 -0.0 -0.0 2.0 -0.0 1.0 -0.0 25.0; -0.0 -0.0 -0.0 3.0 -0.0 -0.0 -0.0 -0.0 -0.0 27.0;;; 22.0 -0.0 -0.0 -0.0 -0.0 -0.0 -0.0 -0.0 -0.0 -0.0; -0.0 36.0 -0.0 -0.0 -0.0 -0.0 -0.0 -0.0 -0.0 -0.0; -0.0 -0.0 25.0 6.0 4.0 -0.0 -0.0 -0.0 -0.0 -0.0; -0.0 -0.0 -0.0 -0.0 -0.0 0.0 -0.0 -0.0 -0.0 -0.0; -0.0 -0.0 -0.0 -0.0 -0.0 -0.0 7.0 1.0 20.0 -0.0; -0.0 -0.0 -0.0 -0.0 -0.0 -0.0 -0.0 -0.0 -0.0 30.0]
evol_bb,"[[0.366, 2.428397445179375e6], [0.961, 2.4283974451793744e6]]"
y_bb,[22.0 -0.0 -0.0 -0.0 -0.0 -0.0 -0.0 -0.0 -0.0 -0.0; -0.0 36.0 -0.0 -0.0 -0.0 -0.0 -0.0 -0.0 -0.0 -0.0; -0.0 -0.0 25.0 6.0 4.0 -0.0 -0.0 -0.0 -0.0 -0.0; -0.0 -0.0 -0.0 -0.0 -0.0 0.0 -0.0 -0.0 -0.0 -0.0; -0.0 -0.0 -0.0 -0.0 -0.0 -0.0 7.0 1.0 20.0 0.0; -0.0 -0.0 -0.0 -0.0 -0.0 -0.0 -0.0 -0.0 0.0 30.0;;; -0.0 -0.0 7.0 -0.0 15.0 -0.0 -0.0 -0.0 -0.0 -0.0; 0.0 30.0 -0.0 6.0 -0.0 -0.0 -0.0 -0.0 -0.0 -0.0; -0.0 -0.0 -0.0 -0.0 -0.0 6.0 -0.0 -0.0 9.0 9.0; -0.0 -0.0 -0.0 0.0 -0.0 -0.0 -0.0 -0.0 -0.0 -0.0; -0.0 -0.0 18.0 -0.0 -0.0 -0.0 -0.0 -0.0 10.0 -0.0; 22.0 6.0 -0.0 -0.0 -0.0 0.0 -0.0 -0.0 -0.0 -0.0;;; -0.0 -0.0 -0.0 -0.0 16.0 -0.0 -0.0 1.0 5.0 -0.0; -0.0 -0.0 -0.0 -0.0 -0.0 6.0 -0.0 -0.0 1.0 29.0; 0.0 21.0 -0.0 -0.0 -0.0 -0.0 0.0 -0.0 14.0 -0.0; -0.0 -0.0 0.0 -0.0 -0.0 -0.0 -0.0 -0.0 -0.0 -0.0; 7.0 0.0 -0.0 6.0 -0.0 -0.0 -0.0 -0.0 -0.0 1.0; -0.0 -0.0 13.0 -0.0 -0.0 -0.0 7.0 -0.0 -0.0 -0.0]
evol_box,"[[0.448, 0.0], [2.185, 2637.397220853716], [2.28, 2637.397220861375], [2.361, 2701.650948009385], [2.499, 1.157671624349265e6], [2.631, 1.388712596438046e6], [2.727, 1.388712596438046e6], [2.854, 1.5044334903976978e6], [2.989, 1.6197535185961104e6], [3.14, 1.619844779040846e6], [3.319, 1.619844779040846e6], [3.8, 1.619844779040846e6], [5.035, 1.9663673502430725e6], [5.269, 1.9663673502430725e6], [5.591, 1.9663904011957794e6], [5.835, 1.9663979966010135e6], [6.36, 1.9663979966010135e6], [6.657, 1.9663979966010135e6], [7.147, 2.0818357623579756e6], [7.686, 2.0818641155518615e6], [8.349, 2.3128768842389085e6], [9.546, 2.3128769341696254e6], [10.319, 2.312886335303537e6], [10.776, 2.312886335303537e6], [11.295, 2.312886335303537e6], [12.057, 2.312886335303537e6], [12.339, 2.312886335303534e6], [13.561, 2.3128863353035348e6], [13.931, 2.312886335303537e6], [14.149, 2.312889921445299e6], [14.499, 2.312889921445299e6], [14.858, 2.312889921445299e6], [15.202, 2.312889921445299e6], [16.679, 2.3128899214452994e6], [17.615, 2.312889921445299e6], [18.566, 2.312901950831665e6], [19.098, 2.312901695745945e6], [19.597, 2.428397445179375e6]]"
y_pb,[[22.0 -0.0 -0.0 -0.0 -0.0 -0.0 -0.0 -0.0 -0.0 -0.0; -0.0 36.0 -0.0 -0.0 -0.0 -0.0 -0.0 -0.0 -0.0 -0.0; -0.0 -0.0 25.0 6.000000000000001 4.0 -0.0 -0.0 -0.0 -0.0 -0.0; -0.0 -0.0 -0.0 -0.0 -0.0 0.0 -0.0 -0.0 -0.0 -0.0; -0.0 -0.0 -0.0 -0.0 -0.0 -0.0 7.0 1.0 20.0 -0.0; -0.0 -0.0 -0.0 -0.0 -0.0 -0.0 -0.0 -0.0 -0.0 30.0;;;]]
x_bb,"[22.0, 36.0, 35.0, 0.0, 28.0, 30.0]"
x_box,"[22.0, 36.0, 35.0, 0.0, 28.0, 30.0]"
evol_zeta,"[[1.791, 36.0], [2.265, 21.0], [2.293, 21.0], [2.373, 14.0], [2.502, 7.0], [2.634, 5.0], [2.739, 4.999999999999998], [2.857, 5.0], [2.992, 6.0], [3.143, 6.0], [3.322, 4.0], [3.802, 4.0], [5.039, 4.0], [5.272, 3.0], [5.604, 3.0], [5.849, 3.0], [6.373, 3.0], [6.671, 2.5], [7.16, 3.0], [7.689, 3.0], [8.352, 1.0], [9.549, 1.0], [10.322, 1.0], [10.779, 1.0], [11.298, 1.0], [12.061, 1.0], [12.342, 1.0], [13.564, 1.0], [13.934, 1.0], [14.152, 1.0], [14.505, 1.0], [14.86, 0.875], [15.207, 0.8888888888888857], [16.686, 1.0], [17.619, 0.44444444444444287], [18.569, 1.0], [19.101, 0.20000032678508717], [19.601, -0.0]]"
ξ_box,[22.0 18.0 22.0; 26.0 36.0 36.0; 0.0 11.0 25.0; 0.0 3.0 6.0; 0.0 7.0 16.0; -0.0 2.0 9.0; 7.0 0.0 7.0; 1.0 1.0 1.0; 0.0 20.0 20.0; 0.0 30.0 30.0]
