first,second
s_box,[0.0; 0.0; 29.0; 0.0; 43.0; 41.0; 32.0; 5.0; 17.0; 33.0;;]
x_pb,"[0.0, 112.0, 48.0, -0.0, -0.0, -0.0]"
s_bb,[0.0; 0.0; 29.0; 0.0; 43.0; 41.0; 32.0; 5.0; 17.0; 33.0;;]
partition_bb,"[[[49.0, 45.0, 38.0, 30.0, 2.0, 0.0, 0.0, 0.0, 0.0, 0.0], [0.0, 0.0, 0.0, 0.0, 35.0, 41.0, 32.0, 5.0, 16.0, 32.0], [29.0, 30.0, 40.0, 48.0, 12.0, 6.0, 1.0, 0.0, 0.0, 0.0], [0.0, 0.0, 6.0, 7.0, 43.0, 37.0, 32.0, 5.0, 0.0, 0.0], [34.0, 35.0, 45.0, 37.0, 8.0, 2.0, 0.0, 0.0, 0.0, 0.0], [43.0, 47.0, 37.0, 29.0, 3.0, 0.0, 0.0, 0.0, 0.0, 0.0], [0.0, 0.0, 0.0, 0.0, 0.0, 0.0, 0.0, 5.0, 17.0, 33.0]]]"
y_box,[-0.0 -0.0 -0.0 -0.0 -0.0 -0.0 -0.0 -0.0 -0.0 -0.0; 49.0 47.0 16.0 -0.0 -0.0 -0.0 -0.0 -0.0 -0.0 -0.0; -0.0 -0.0 -0.0 48.0 -0.0 -0.0 -0.0 -0.0 -0.0 -0.0; -0.0 -0.0 -0.0 -0.0 -0.0 -0.0 -0.0 -0.0 -0.0 -0.0; -0.0 -0.0 -0.0 -0.0 0.0 0.0 0.0 -0.0 -0.0 -0.0; -0.0 -0.0 -0.0 -0.0 -0.0 -0.0 -0.0 0.0 0.0 0.0;;;]
evol_bb,"[[0.293, 2.5404450738764644e7]]"
y_bb,[-0.0 -0.0 -0.0 -0.0 -0.0 -0.0 -0.0 -0.0 -0.0 -0.0; 49.0 47.0 16.0 -0.0 -0.0 -0.0 -0.0 -0.0 -0.0 -0.0; -0.0 -0.0 -0.0 48.0 -0.0 -0.0 -0.0 -0.0 -0.0 -0.0; -0.0 -0.0 -0.0 -0.0 -0.0 -0.0 -0.0 -0.0 -0.0 -0.0; -0.0 -0.0 -0.0 -0.0 0.0 0.0 0.0 -0.0 -0.0 -0.0; -0.0 -0.0 -0.0 -0.0 -0.0 -0.0 -0.0 0.0 0.0 0.0;;;]
evol_box,"[[0.446, 0.0], [2.202, 509378.43040667655], [2.297, 2.0704882212189395e7], [2.301, 2.3245197153294135e7], [2.307, 2.4261323129736032e7], [2.313, 2.4896401865012217e7], [2.319, 2.5150419244654167e7], [2.324, 2.5404450738764644e7]]"
y_pb,[[-0.0 -0.0 -0.0 -0.0 -0.0 -0.0 -0.0 -0.0 -0.0 -0.0; 49.0 47.0 16.0 -0.0 -0.0 -0.0 -0.0 -0.0 -0.0 -0.0; -0.0 -0.0 -0.0 48.00000000000001 -0.0 -0.0 -0.0 -0.0 -0.0 -0.0; -0.0 -0.0 -0.0 0.0 -0.0 -0.0 -0.0 -0.0 -0.0 -0.0; -0.0 -0.0 -0.0 -0.0 0.0 -0.0 -0.0 -0.0 -0.0 -0.0; -0.0 -0.0 -0.0 -0.0 -0.0 -0.0 -0.0 -0.0 -0.0 0.0;;;]]
x_bb,"[0.0, 112.0, 48.0, 0.0, 0.0, 0.0]"
x_box,"[0.0, 112.0, 48.0, 0.0, 0.0, 0.0]"
evol_zeta,"[[1.808, 48.199999999999996], [2.295, 41.0], [2.3, 17.14285714285714], [2.305, 8.0], [2.312, 4.833333333333329], [2.318, 1.9999999999999978], [2.323, 1.0000000002000036], [2.327, 0.0]]"
ξ_box,[49.0; 47.0; 45.0; 48.0; 43.0; 41.0; 32.0; 5.0; 17.0; 33.0;;]
