first,second
s_box,[17.0 0.0 0.0 6.0 11.0; 0.0 0.0 28.0 0.0 0.0; 0.0 0.0 9.0 0.0 0.0; 0.0 19.0 0.0 0.0 0.0; 15.0 0.0 0.0 0.0 0.0; 13.0 0.0 0.0 21.0 20.0; 0.0 7.0 7.0 7.0 6.0; 0.0 18.0 0.0 9.0 8.0; 0.0 0.0 0.0 2.0 0.0; 0.0 0.0 0.0 0.0 0.0]
x_pb,"[110.0, -0.0, -0.0, 26.0, -0.0, 13.0]"
s_bb,[18.0 -0.0 -0.0 -0.0 -0.0; -0.0 20.0 -0.0 -0.0 -0.0; -0.0 -0.0 -0.0 -0.0 -0.0; 0.0 -0.0 -0.0 -0.0 -0.0; 12.0 28.0 -0.0 -0.0 -0.0; 21.0 -0.0 -0.0 -0.0 -0.0; 7.0 -0.0 -0.0 -0.0 -0.0; 18.0 -0.0 -0.0 -0.0 -0.0; -0.0 7.0 -0.0 -0.0 -0.0; -0.0 -0.0 -0.0 -0.0 -0.0]
partition_bb,"[[[17.0, 25.0, 34.0, 31.0, 25.0, 18.0, 4.0, 0.0, 0.0, 0.0], [18.0, 26.0, 17.0, 14.0, 9.0, 3.0, 7.0, 18.0, 26.0, 13.0], [18.0, 8.0, 14.0, 11.0, 13.0, 21.0, 7.0, 18.0, 26.0, 13.0], [12.0, 20.0, 29.0, 32.0, 28.0, 20.0, 7.0, 2.0, 0.0, 0.0], [18.0, 28.0, 28.0, 25.0, 19.0, 16.0, 2.0, 1.0, 12.0, 0.0]], [[3.0, 11.0, 20.0, 23.0, 28.0, 20.0, 7.0, 18.0, 7.0, 13.0], [18.0, 28.0, 27.0, 24.0, 18.0, 11.0, 7.0, 0.0, 0.0, 0.0], [13.0, 21.0, 30.0, 33.0, 27.0, 20.0, 6.0, 1.0, 0.0, 0.0], [13.0, 21.0, 30.0, 33.0, 27.0, 21.0, 7.0, 2.0, 0.0, 0.0], [14.0, 22.0, 31.0, 33.0, 27.0, 20.0, 6.0, 1.0, 0.0, 0.0]], Vector{Float64}[], Vector{Float64}[], Vector{Float64}[]]"
y_box,[0.0 25.0 34.0 32.0 12.0 0.0 0.0 0.0 0.0 0.0; 0.0 0.0 0.0 0.0 0.0 0.0 0.0 0.0 0.0 0.0; 0.0 0.0 0.0 0.0 0.0 0.0 0.0 0.0 0.0 0.0; 0.0 0.0 0.0 0.0 0.0 7.0 6.0 14.0 6.0 0.0; 0.0 0.0 0.0 0.0 0.0 0.0 0.0 0.0 0.0 0.0; 0.0 0.0 0.0 0.0 0.0 0.0 0.0 0.0 0.0 13.0;;; 18.0 0.0 23.0 0.0 27.0 21.0 0.0 0.0 14.0 0.0; 0.0 0.0 0.0 0.0 0.0 0.0 0.0 0.0 0.0 0.0; 0.0 0.0 0.0 0.0 0.0 0.0 0.0 0.0 0.0 0.0; 0.0 23.0 7.0 0.0 0.0 0.0 0.0 0.0 0.0 3.0; 0.0 0.0 0.0 0.0 0.0 0.0 0.0 0.0 0.0 0.0; 0.0 0.0 0.0 9.0 0.0 0.0 0.0 0.0 0.0 4.0;;; 18.0 0.0 21.0 2.0 0.0 14.0 0.0 14.0 21.0 12.0; 0.0 0.0 0.0 0.0 0.0 0.0 0.0 0.0 0.0 0.0; 0.0 0.0 0.0 0.0 0.0 0.0 0.0 0.0 0.0 0.0; 0.0 0.0 0.0 12.0 21.0 0.0 0.0 0.0 0.0 0.0; 0.0 0.0 0.0 0.0 0.0 0.0 0.0 0.0 0.0 0.0; 0.0 0.0 0.0 13.0 0.0 0.0 0.0 0.0 0.0 0.0;;; 12.0 14.0 23.0 26.0 28.0 0.0 0.0 0.0 0.0 0.0; 0.0 0.0 0.0 0.0 0.0 0.0 0.0 0.0 0.0 0.0; 0.0 0.0 0.0 0.0 0.0 0.0 0.0 0.0 0.0 0.0; 0.0 0.0 0.0 0.0 0.0 0.0 0.0 9.0 24.0 0.0; 0.0 0.0 0.0 0.0 0.0 0.0 0.0 0.0 0.0 0.0; 0.0 0.0 0.0 0.0 0.0 0.0 0.0 0.0 0.0 13.0;;; 7.0 28.0 22.0 20.0 26.0 0.0 0.0 0.0 0.0 0.0; 0.0 0.0 0.0 0.0 0.0 0.0 0.0 0.0 0.0 0.0; 0.0 0.0 0.0 0.0 0.0 0.0 0.0 0.0 0.0 0.0; 0.0 0.0 0.0 0.0 0.0 0.0 0.0 7.0 26.0 0.0; 0.0 0.0 0.0 0.0 0.0 0.0 0.0 0.0 0.0 0.0; 0.0 0.0 0.0 0.0 0.0 0.0 0.0 0.0 0.0 13.0]
evol_bb,"[[1.46, 7.085744528288457e6], [67.694, 7.085744528288456e6], [2638.269, 6.993746093666365e6]]"
y_bb,[0.0 28.0 34.0 32.0 16.0 -0.0 -0.0 -0.0 -0.0 -0.0; -0.0 -0.0 -0.0 -0.0 -0.0 0.0 -0.0 -0.0 -0.0 -0.0; -0.0 -0.0 -0.0 -0.0 -0.0 0.0 0.0 -0.0 -0.0 -0.0; -0.0 -0.0 -0.0 -0.0 -0.0 -0.0 -0.0 0.0 26.0 -0.0; -0.0 -0.0 -0.0 -0.0 -0.0 -0.0 -0.0 -0.0 -0.0 0.0; -0.0 -0.0 -0.0 -0.0 -0.0 -0.0 -0.0 -0.0 -0.0 13.0;;; 18.0 8.0 -0.0 25.0 0.0 21.0 7.0 18.0 -0.0 13.0; -0.0 -0.0 -0.0 -0.0 -0.0 -0.0 -0.0 -0.0 -0.0 0.0; -0.0 -0.0 -0.0 0.0 -0.0 -0.0 -0.0 -0.0 -0.0 -0.0; -0.0 -0.0 18.0 8.0 -0.0 -0.0 -0.0 -0.0 -0.0 -0.0; -0.0 -0.0 0.0 -0.0 -0.0 -0.0 -0.0 -0.0 -0.0 -0.0; -0.0 -0.0 13.0 -0.0 -0.0 -0.0 -0.0 0.0 0.0 0.0;;; -0.0 -0.0 -0.0 -0.0 -0.0 -0.0 -0.0 -0.0 -0.0 -0.0; -0.0 -0.0 -0.0 -0.0 -0.0 -0.0 -0.0 -0.0 -0.0 -0.0; -0.0 -0.0 -0.0 -0.0 -0.0 -0.0 -0.0 -0.0 -0.0 -0.0; -0.0 -0.0 -0.0 -0.0 -0.0 -0.0 -0.0 -0.0 -0.0 -0.0; -0.0 -0.0 -0.0 -0.0 -0.0 -0.0 -0.0 -0.0 -0.0 -0.0; -0.0 -0.0 -0.0 -0.0 -0.0 -0.0 -0.0 -0.0 -0.0 -0.0;;; -0.0 -0.0 -0.0 -0.0 -0.0 -0.0 -0.0 -0.0 -0.0 -0.0; -0.0 -0.0 -0.0 -0.0 -0.0 -0.0 -0.0 -0.0 -0.0 -0.0; -0.0 -0.0 -0.0 -0.0 -0.0 -0.0 -0.0 -0.0 -0.0 -0.0; -0.0 -0.0 -0.0 -0.0 -0.0 -0.0 -0.0 -0.0 -0.0 -0.0; -0.0 -0.0 -0.0 -0.0 -0.0 -0.0 -0.0 -0.0 -0.0 -0.0; -0.0 -0.0 -0.0 -0.0 -0.0 -0.0 -0.0 -0.0 -0.0 -0.0;;; -0.0 -0.0 -0.0 -0.0 -0.0 -0.0 -0.0 -0.0 -0.0 -0.0; -0.0 -0.0 -0.0 -0.0 -0.0 -0.0 -0.0 -0.0 -0.0 -0.0; -0.0 -0.0 -0.0 -0.0 -0.0 -0.0 -0.0 -0.0 -0.0 -0.0; -0.0 -0.0 -0.0 -0.0 -0.0 -0.0 -0.0 -0.0 -0.0 -0.0; -0.0 -0.0 -0.0 -0.0 -0.0 -0.0 -0.0 -0.0 -0.0 -0.0; -0.0 -0.0 -0.0 -0.0 -0.0 -0.0 -0.0 -0.0 -0.0 -0.0]
evol_box,"[[0.414, 0.0], [2.043, 461722.8931322161], [2.152, 461722.8931322162], [2.187, 461722.8931322161], [2.228, 461722.89313210547], [2.276, 461722.8931322162], [2.378, 461722.8931322161], [2.977, 829956.0392933523], [4.079, 1.0138873665328678e6], [5.568, 1.9338478084280216e6], [7.755, 2.2098761032574545e6], [9.859, 2.2098761032574545e6], [11.883, 2.301738617086842e6], [14.862, 2.5778652135367272e6], [16.741, 2.577865213536722e6], [19.822, 2.945823280095339e6], [22.895, 2.9458232800953384e6], [25.37, 3.037718688588704e6], [29.667, 3.129648707416921e6], [37.497, 3.2218196982422387e6], [43.249, 3.221943508082128e6], [53.283, 3.405863832943986e6], [66.307, 3.4976791339315725e6], [74.521, 3.4978360021085134e6], [109.508, 3.589847550181347e6], [137.058, 3.6816691836993145e6], [236.052, 3.7736874775255956e6], [311.226, 3.773819234906977e6], [389.31, 3.77387067754825e6], [464.319, 3.865823250905947e6], [614.605, 3.8659176744665233e6], [756.763, 3.9576098228059113e6], [796.791, 3.957851396336111e6], [987.134, 3.9576360627996475e6], [1126.484, 3.9578033370751627e6], [1269.852, 3.9579169605452125e6], [1384.306, 4.0497402069762745e6], [1441.188, 4.141760007120698e6], [1776.32, 4.0498343977893535e6], [2373.55, 4.141683217411653e6], [3058.231, 4.1417444051826466e6], [3289.287, 4.1418288242821107e6], [3600.236, 4.1418361732308627e6]]"
y_pb,[[-0.0 28.0 34.0 33.0 15.0 -0.0 -0.0 -0.0 -0.0 -0.0; -0.0 -0.0 -0.0 -0.0 -0.0 0.0 -0.0 -0.0 -0.0 -0.0; -0.0 -0.0 -0.0 -0.0 -0.0 0.0 -0.0 -0.0 -0.0 -0.0; -0.0 -0.0 -0.0 -0.0 -0.0 -0.0 -0.0 -0.0 26.0 -0.0; -0.0 -0.0 -0.0 -0.0 -0.0 -0.0 -0.0 -0.0 -0.0 0.0; -0.0 -0.0 -0.0 -0.0 -0.0 -0.0 -0.0 -0.0 -0.0 13.0;;;]]
x_bb,"[110.0, -0.0, -0.0, 26.0, -0.0, 13.0]"
x_box,"[103.0, 0.0, 0.0, 33.0, 0.0, 13.0]"
evol_zeta,"[[1.658, 33.285714285714285], [2.12, 26.0], [2.156, 14.0], [2.194, 14.0], [2.233, 14.0], [2.308, 13.0], [2.39, 13.0], [3.001, 13.0], [4.101, 13.0], [5.587, 12.0], [7.77, 12.0], [9.872, 12.0], [11.897, 11.555555555555555], [14.876, 11.555555555555555], [16.787, 11.444444444444445], [19.836, 10.499999999999998], [22.91, 10.0], [25.38, 12.0], [29.686, 10.75], [37.528, 8.888888888889202], [43.286, 9.0], [53.292, 9.999999999999996], [66.344, 8.399999999999999], [74.531, 4.999999999999997], [109.521, 9.222222222222221], [137.072, 7.0], [236.089, 6.000000000000009], [311.253, 5.111111111111107], [389.327, 5.000000000600011], [464.376, 6.333333333333333], [614.646, 6.299999999999999], [756.791, 6.555555555555555], [796.832, 6.25], [987.15, 6.600000000000001], [1126.506, 6.0], [1269.873, 6.899999999999984], [1384.327, 5.999999999999972], [1441.208, 5.899999999999999], [1776.368, 5.666666666666667], [2373.568, 5.1000000000000005], [3058.252, 5.0], [3289.319, 5.0], [3600.252, 0.0]]"
ξ_box,[17.0 18.0 18.0 18.0 18.0; 25.0 23.0 28.0 14.0 28.0; 34.0 30.0 30.0 23.0 22.0; 32.0 28.0 27.0 26.0 20.0; 27.0 27.0 21.0 28.0 26.0; 20.0 21.0 14.0 21.0 20.0; 6.0 7.0 7.0 7.0 6.0; 14.0 18.0 14.0 18.0 15.0; 6.0 14.0 21.0 26.0 26.0; 13.0 7.0 12.0 13.0 13.0]
