first,second
s_box,[1.0 1.0 0.0 0.0 0.0; 0.0 0.0 0.0 0.0 0.0; 0.0 7.0 0.0 7.0 0.0; 0.0 15.0 0.0 3.0 0.0; 0.0 23.0 0.0 0.0 21.0; 0.0 0.0 10.0 19.0 0.0; 0.0 0.0 13.0 0.0 0.0; 28.0 7.0 0.0 0.0 0.0; 0.0 0.0 0.0 0.0 32.0; 24.0 0.0 31.0 24.0 0.0]
x_pb,"[7.0, -0.0, 6.999999999999999, 57.0, 4.000000000000001, 49.0]"
s_bb,[1.0 -0.0 -0.0 -0.0 -0.0; 6.0 -0.0 -0.0 -0.0 -0.0; 7.0 -0.0 -0.0 -0.0 -0.0; -0.0 -0.0 -0.0 -0.0 -0.0; 12.0 -0.0 -0.0 -0.0 -0.0; -0.0 -0.0 -0.0 -0.0 -0.0; -0.0 -0.0 -0.0 -0.0 -0.0; -0.0 1.0 -0.0 -0.0 -0.0; 27.0 49.0 -0.0 -0.0 -0.0; 37.0 46.0 -0.0 -0.0 -0.0]
partition_bb,"[[[0.0, 0.0, 5.0, 24.0, 30.0, 19.0, 16.0, 16.0, 11.0, 5.0], [0.0, 0.0, 7.0, 27.0, 21.0, 10.0, 7.0, 0.0, 26.0, 32.0], [0.0, 0.0, 0.0, 17.0, 11.0, 2.0, 5.0, 11.0, 43.0, 37.0], [1.0, 0.0, 7.0, 24.0, 30.0, 19.0, 16.0, 25.0, 2.0, 0.0], [1.0, 6.0, 7.0, 24.0, 30.0, 19.0, 16.0, 21.0, 0.0, 0.0], [1.0, 6.0, 7.0, 27.0, 24.0, 16.0, 13.0, 28.0, 3.0, 0.0]], [[0.0, 0.0, 0.0, 0.0, 0.0, 8.0, 11.0, 17.0, 49.0, 43.0], [1.0, 6.0, 7.0, 27.0, 21.0, 19.0, 16.0, 28.0, 0.0, 0.0], [0.0, 0.0, 5.0, 0.0, 0.0, 5.0, 8.0, 14.0, 46.0, 46.0]], Vector{Float64}[], Vector{Float64}[], Vector{Float64}[]]"
y_box,[1.0 0.0 0.0 1.0 0.0 0.0 5.0 0.0 0.0 0.0; 0.0 0.0 0.0 0.0 0.0 0.0 0.0 0.0 0.0 0.0; 0.0 0.0 0.0 0.0 0.0 0.0 7.0 0.0 0.0 0.0; 0.0 0.0 7.0 9.0 0.0 0.0 0.0 0.0 0.0 22.0; 0.0 0.0 0.0 2.0 0.0 15.0 0.0 0.0 0.0 0.0; 0.0 0.0 0.0 0.0 6.0 0.0 0.0 0.0 49.0 0.0;;; 0.0 0.0 0.0 0.0 0.0 0.0 2.0 0.0 4.0 0.0; 0.0 0.0 0.0 0.0 0.0 0.0 0.0 0.0 0.0 0.0; 0.0 6.0 0.0 0.0 0.0 0.0 1.0 0.0 0.0 0.0; 0.0 0.0 0.0 12.0 0.0 17.0 9.0 0.0 0.0 0.0; 0.0 0.0 0.0 0.0 0.0 0.0 0.0 0.0 17.0 0.0; 0.0 0.0 0.0 0.0 0.0 0.0 0.0 0.0 14.0 41.0;;; 1.0 6.0 0.0 0.0 0.0 0.0 0.0 0.0 0.0 0.0; 0.0 0.0 0.0 0.0 0.0 0.0 0.0 0.0 0.0 0.0; 0.0 0.0 7.0 0.0 0.0 0.0 0.0 0.0 0.0 0.0; 0.0 0.0 0.0 20.0 18.0 0.0 0.0 0.0 0.0 0.0; 0.0 0.0 0.0 0.0 0.0 0.0 0.0 17.0 0.0 0.0; 0.0 0.0 0.0 0.0 0.0 0.0 0.0 0.0 41.0 14.0;;; 0.0 0.0 0.0 4.0 3.0 0.0 0.0 0.0 0.0 0.0; 0.0 0.0 0.0 0.0 0.0 0.0 0.0 0.0 0.0 0.0; 1.0 0.0 0.0 0.0 5.0 0.0 0.0 1.0 0.0 0.0; 0.0 0.0 0.0 0.0 22.0 0.0 16.0 0.0 0.0 0.0; 0.0 0.0 0.0 17.0 0.0 0.0 0.0 0.0 0.0 0.0; 0.0 0.0 0.0 0.0 0.0 0.0 0.0 27.0 28.0 0.0;;; 0.0 0.0 0.0 0.0 0.0 0.0 0.0 7.0 0.0 0.0; 0.0 0.0 0.0 0.0 0.0 0.0 0.0 0.0 0.0 0.0; 0.0 0.0 0.0 3.0 0.0 0.0 0.0 4.0 0.0 0.0; 0.0 0.0 0.0 4.0 0.0 0.0 0.0 0.0 0.0 34.0; 0.0 0.0 0.0 0.0 0.0 0.0 0.0 17.0 0.0 0.0; 0.0 0.0 0.0 12.0 0.0 19.0 16.0 0.0 8.0 0.0]
evol_bb,"[[2.069, 1.2400881278358176e7], [260.19, 1.2046633325956233e7], [504.836, 1.2046614429782135e7], [703.673, 1.134110702243708e7]]"
y_bb,[-0.0 -0.0 -0.0 -0.0 -0.0 19.0 -0.0 -0.0 -0.0 -0.0; -0.0 -0.0 -0.0 27.0 -0.0 -0.0 16.0 -0.0 -0.0 -0.0; -0.0 -0.0 -0.0 -0.0 18.0 -0.0 -0.0 28.0 -0.0 -0.0; -0.0 -0.0 -0.0 -0.0 -0.0 -0.0 -0.0 -0.0 -0.0 -0.0; -0.0 -0.0 -0.0 -0.0 -0.0 -0.0 -0.0 -0.0 16.0 -0.0; -0.0 -0.0 -0.0 -0.0 -0.0 -0.0 -0.0 -0.0 -0.0 -0.0;;; 1.0 6.0 7.0 -0.0 -0.0 -0.0 -0.0 5.0 -0.0 -0.0; -0.0 -0.0 -0.0 21.0 -0.0 -0.0 -0.0 22.0 -0.0 -0.0; -0.0 -0.0 -0.0 6.0 21.0 19.0 -0.0 -0.0 -0.0 -0.0; -0.0 -0.0 -0.0 -0.0 -0.0 -0.0 -0.0 -0.0 -0.0 -0.0; -0.0 -0.0 -0.0 -0.0 -0.0 -0.0 16.0 -0.0 -0.0 -0.0; -0.0 -0.0 -0.0 -0.0 -0.0 -0.0 -0.0 -0.0 -0.0 -0.0;;; -0.0 -0.0 -0.0 -0.0 -0.0 -0.0 -0.0 -0.0 -0.0 -0.0; -0.0 -0.0 -0.0 -0.0 -0.0 -0.0 -0.0 -0.0 -0.0 -0.0; -0.0 -0.0 -0.0 -0.0 -0.0 -0.0 -0.0 -0.0 -0.0 -0.0; -0.0 -0.0 -0.0 -0.0 -0.0 -0.0 -0.0 -0.0 -0.0 -0.0; -0.0 -0.0 -0.0 -0.0 -0.0 -0.0 -0.0 -0.0 -0.0 -0.0; -0.0 -0.0 -0.0 -0.0 -0.0 -0.0 -0.0 -0.0 -0.0 -0.0;;; -0.0 -0.0 -0.0 -0.0 -0.0 -0.0 -0.0 -0.0 -0.0 -0.0; -0.0 -0.0 -0.0 -0.0 -0.0 -0.0 -0.0 -0.0 -0.0 -0.0; -0.0 -0.0 -0.0 -0.0 -0.0 -0.0 -0.0 -0.0 -0.0 -0.0; -0.0 -0.0 -0.0 -0.0 -0.0 -0.0 -0.0 -0.0 -0.0 -0.0; -0.0 -0.0 -0.0 -0.0 -0.0 -0.0 -0.0 -0.0 -0.0 -0.0; -0.0 -0.0 -0.0 -0.0 -0.0 -0.0 -0.0 -0.0 -0.0 -0.0;;; -0.0 -0.0 -0.0 -0.0 -0.0 -0.0 -0.0 -0.0 -0.0 -0.0; -0.0 -0.0 -0.0 -0.0 -0.0 -0.0 -0.0 -0.0 -0.0 -0.0; -0.0 -0.0 -0.0 -0.0 -0.0 -0.0 -0.0 -0.0 -0.0 -0.0; -0.0 -0.0 -0.0 -0.0 -0.0 -0.0 -0.0 -0.0 -0.0 -0.0; -0.0 -0.0 -0.0 -0.0 -0.0 -0.0 -0.0 -0.0 -0.0 -0.0; -0.0 -0.0 -0.0 -0.0 -0.0 -0.0 -0.0 -0.0 -0.0 -0.0]
evol_box,"[[0.396, 0.0], [1.942, 474486.02771711943], [2.048, 474486.02771711943], [2.079, 474486.02771711943], [2.129, 474486.02771711943], [2.191, 474486.02771703154], [2.26, 474486.02771711943], [3.114, 2.9542335380673907e6], [3.905, 2.9542335380674126e6], [4.976, 3.5445587102892934e6], [7.314, 3.5445587102892934e6], [10.23, 3.5445587102892934e6], [12.406, 4.016903701468992e6], [14.163, 4.016903701468992e6], [16.911, 4.0169037014689916e6], [19.674, 4.371095795018611e6], [23.658, 4.371219945806592e6], [26.724, 4.371219945806592e6], [34.596, 4.489339822424969e6], [40.834, 4.60735039035611e6], [46.974, 4.60735039035611e6], [64.974, 4.843528289406805e6], [79.207, 4.8436423906154595e6], [87.677, 4.961664693433328e6], [98.642, 4.961747268316292e6], [107.995, 5.197791055044097e6], [128.187, 5.315957284568426e6], [142.813, 5.433894160144085e6], [158.628, 5.434048750678879e6], [207.252, 5.433966437274165e6], [296.692, 5.551963002242607e6], [368.154, 5.552109879983512e6], [403.116, 5.670118724752102e6], [504.553, 5.7882244510450335e6], [625.508, 5.788102697015567e6], [692.606, 5.906239574269471e6], [1009.406, 5.788232351306213e6], [1165.74, 5.906289879121512e6], [1375.774, 6.0243972068774495e6], [1476.893, 6.024432608665454e6], [1901.555, 6.024462223337601e6], [1976.442, 6.024481207667286e6], [2032.841, 6.378625865181383e6], [2237.236, 6.024461288793608e6], [3377.506, 6.024452913821505e6], [3600.082, 6.378506963089552e6]]"
y_pb,[[1.0 6.000000000000001 -0.0 -0.0 -0.0 -0.0 -0.0 -0.0 -0.0 -0.0; -0.0 -0.0 0.0 -0.0 -0.0 -0.0 -0.0 -0.0 -0.0 -0.0; -0.0 -0.0 7.0 -0.0 -0.0 -0.0 -0.0 -0.0 -0.0 -0.0; -0.0 -0.0 -0.0 27.0 30.0 -0.0 -0.0 -0.0 -0.0 -0.0; -0.0 -0.0 -0.0 -0.0 -0.0 -0.0 -0.0 4.000000000000001 -0.0 -0.0; -0.0 -0.0 -0.0 -0.0 -0.0 -0.0 -0.0 -0.0 49.0 -0.0;;;]]
x_bb,"[19.0, 43.0, 46.0, -0.0, 16.0, 0.0]"
x_box,"[7.0, 0.0, 7.0, 38.0, 17.0, 55.0]"
evol_zeta,"[[1.584, 48.2], [2.031, 30.0], [2.058, 28.0], [2.096, 27.0], [2.14, 19.857142857142854], [2.209, 19.0], [2.281, 17.71428571428571], [3.134, 14.285714285714263], [3.939, 12.857142857142856], [4.998, 13.85714285714286], [7.34, 12.428571428571427], [10.248, 11.714285714285715], [12.432, 11.5], [14.185, 11.0], [16.949, 11.0], [19.691, 10.571428571428573], [23.678, 9.285714285714286], [26.742, 8.500000785579363], [34.618, 9.666666666666666], [40.85, 9.285714285714285], [47.028, 8.142857142857146], [64.99, 8.0], [79.223, 8.0], [87.701, 7.428571428571428], [98.665, 7.0], [108.032, 7.375], [128.205, 7.571428571428572], [142.828, 7.666666666666551], [158.643, 7.0], [207.286, 7.428571428571431], [296.738, 6.999999999999943], [368.185, 7.0], [403.132, 7.142857142857144], [504.572, 6.42857142857143], [625.546, 7.0], [692.643, 6.2857142857142865], [1009.458, 7.000000000000009], [1165.761, 6.999999999999993], [1375.793, 7.285714285714285], [1476.928, 7.000000000000001], [1901.571, 6.875], [1976.468, 7.0], [2032.869, 6.0], [2237.264, 6.999999999999915], [3377.552, 6.428571428571429], [3600.098, 0.0]]"
ξ_box,[1.0 1.0 1.0 1.0 0.0; 0.0 6.0 6.0 0.0 0.0; 7.0 7.0 7.0 7.0 0.0; 12.0 27.0 20.0 24.0 19.0; 6.0 23.0 18.0 30.0 21.0; 15.0 17.0 10.0 19.0 19.0; 12.0 12.0 13.0 16.0 16.0; 28.0 7.0 17.0 28.0 28.0; 49.0 35.0 41.0 28.0 40.0; 46.0 41.0 45.0 24.0 34.0]
