first,second
s_box,[0.0 0.0 17.0 0.0; 0.0 0.0 12.0 12.0; 0.0 0.0 20.0 0.0; 0.0 0.0 0.0 0.0; 0.0 0.0 0.0 0.0; 0.0 39.0 25.0 38.0; 0.0 0.0 5.0 46.0; 0.0 31.0 0.0 2.0; 54.0 48.0 0.0 20.0; 65.0 0.0 39.0 0.0]
x_pb,"[49.0, 77.0, -0.0, 48.0, -0.0, -0.0]"
s_bb,[-0.0 -0.0 -0.0 -0.0; -0.0 -0.0 -0.0 -0.0; 0.0 -0.0 -0.0 -0.0; -0.0 -0.0 -0.0 -0.0; 0.0 -0.0 -0.0 -0.0; 50.0 -0.0 -0.0 -0.0; 48.0 -0.0 -0.0 -0.0; 4.0 7.0 -0.0 -0.0; 62.0 -0.0 -0.0 -0.0; 65.0 1.0 -0.0 -0.0]
partition_bb,"[[[0.0, 0.0, 0.0, 0.0, 0.0, 1.0, 20.0, 31.0, 59.0, 65.0], [0.0, 5.0, 13.0, 26.0, 37.0, 50.0, 31.0, 15.0, 0.0, 0.0], [0.0, 0.0, 2.0, 10.0, 11.0, 20.0, 39.0, 52.0, 22.0, 21.0], [17.0, 12.0, 20.0, 7.0, 0.0, 0.0, 10.0, 19.0, 49.0, 43.0], [0.0, 3.0, 11.0, 19.0, 20.0, 29.0, 48.0, 32.0, 9.0, 3.0], [7.0, 12.0, 20.0, 33.0, 44.0, 31.0, 16.0, 7.0, 0.0, 0.0], [0.0, 0.0, 0.0, 0.0, 0.0, 4.0, 23.0, 32.0, 62.0, 56.0]], [[17.0, 12.0, 20.0, 33.0, 22.0, 17.0, 4.0, 0.0, 28.0, 22.0], [7.0, 12.0, 20.0, 33.0, 22.0, 9.0, 4.0, 7.0, 7.0, 1.0]], [[17.0, 12.0, 20.0, 33.0, 22.0, 14.0, 4.0, 0.0, 23.0, 29.0]], Vector{Float64}[]]"
y_box,[7.0 12.0 20.0 0.0 0.0 0.0 0.0 0.0 0.0 0.0; 0.0 0.0 0.0 23.0 13.0 22.0 0.0 0.0 0.0 0.0; 0.0 0.0 0.0 0.0 0.0 0.0 41.0 0.0 0.0 0.0; 0.0 0.0 0.0 0.0 0.0 0.0 0.0 31.0 0.0 0.0; 0.0 0.0 0.0 0.0 0.0 0.0 0.0 0.0 0.0 0.0; 0.0 0.0 0.0 0.0 0.0 0.0 0.0 0.0 5.0 0.0;;; 17.0 0.0 0.0 0.0 5.0 0.0 0.0 0.0 0.0 15.0; 0.0 11.0 3.0 15.0 16.0 0.0 13.0 0.0 0.0 0.0; 0.0 0.0 0.0 0.0 0.0 0.0 22.0 19.0 0.0 0.0; 0.0 0.0 0.0 0.0 0.0 0.0 0.0 0.0 0.0 31.0; 0.0 0.0 0.0 0.0 0.0 0.0 0.0 0.0 0.0 0.0; 0.0 0.0 0.0 0.0 5.0 0.0 0.0 0.0 0.0 0.0;;; 0.0 0.0 0.0 5.0 34.0 0.0 0.0 0.0 0.0 0.0; 0.0 0.0 0.0 27.0 0.0 0.0 29.0 2.0 0.0 0.0; 0.0 0.0 0.0 0.0 0.0 0.0 0.0 10.0 31.0 0.0; 0.0 0.0 0.0 0.0 0.0 0.0 0.0 31.0 0.0 0.0; 0.0 0.0 0.0 0.0 0.0 0.0 0.0 0.0 0.0 0.0; 0.0 0.0 0.0 0.0 0.0 0.0 0.0 0.0 5.0 0.0;;; 16.0 0.0 7.0 0.0 16.0 0.0 0.0 0.0 0.0 0.0; 0.0 0.0 13.0 33.0 0.0 12.0 0.0 0.0 0.0 0.0; 0.0 0.0 0.0 0.0 23.0 0.0 0.0 18.0 0.0 0.0; 0.0 0.0 0.0 0.0 0.0 0.0 0.0 15.0 0.0 16.0; 0.0 0.0 0.0 0.0 0.0 0.0 0.0 0.0 0.0 0.0; 0.0 0.0 0.0 0.0 0.0 0.0 0.0 0.0 2.0 3.0]
evol_bb,"[[7.822, 2.5251296830347475e7], [1392.205, 2.525129683034747e7]]"
y_bb,[17.0 12.0 20.0 -0.0 -0.0 -0.0 -0.0 -0.0 -0.0 -0.0; -0.0 -0.0 -0.0 33.0 44.0 0.0 -0.0 -0.0 -0.0 -0.0; -0.0 -0.0 -0.0 -0.0 -0.0 -0.0 -0.0 0.0 -0.0 -0.0; -0.0 -0.0 -0.0 -0.0 -0.0 -0.0 -0.0 48.0 -0.0 -0.0; -0.0 -0.0 -0.0 -0.0 -0.0 -0.0 -0.0 -0.0 0.0 -0.0; -0.0 -0.0 -0.0 -0.0 -0.0 -0.0 -0.0 -0.0 0.0 0.0;;; -0.0 -0.0 20.0 -0.0 8.0 17.0 4.0 0.0 -0.0 -0.0; 9.0 -0.0 0.0 33.0 14.0 -0.0 -0.0 -0.0 -0.0 21.0; -0.0 -0.0 -0.0 -0.0 -0.0 -0.0 0.0 -0.0 -0.0 -0.0; 8.0 12.0 -0.0 -0.0 -0.0 -0.0 -0.0 -0.0 28.0 -0.0; -0.0 -0.0 -0.0 -0.0 -0.0 -0.0 0.0 -0.0 -0.0 -0.0; -0.0 -0.0 -0.0 -0.0 -0.0 -0.0 0.0 -0.0 -0.0 -0.0;;; -0.0 -0.0 -0.0 -0.0 -0.0 -0.0 -0.0 -0.0 23.0 26.0; 17.0 7.0 20.0 33.0 -0.0 -0.0 -0.0 -0.0 -0.0 -0.0; -0.0 0.0 -0.0 -0.0 -0.0 -0.0 -0.0 -0.0 -0.0 -0.0; -0.0 5.0 -0.0 0.0 22.0 14.0 4.0 -0.0 -0.0 3.0; -0.0 -0.0 -0.0 -0.0 -0.0 -0.0 0.0 -0.0 -0.0 -0.0; -0.0 -0.0 -0.0 -0.0 -0.0 0.0 -0.0 -0.0 0.0 -0.0;;; -0.0 -0.0 -0.0 -0.0 -0.0 -0.0 -0.0 -0.0 -0.0 -0.0; -0.0 -0.0 -0.0 -0.0 -0.0 -0.0 -0.0 -0.0 -0.0 -0.0; -0.0 -0.0 -0.0 -0.0 -0.0 -0.0 -0.0 -0.0 -0.0 -0.0; -0.0 -0.0 -0.0 -0.0 -0.0 -0.0 -0.0 -0.0 -0.0 -0.0; -0.0 -0.0 -0.0 -0.0 -0.0 -0.0 -0.0 -0.0 -0.0 -0.0; -0.0 -0.0 -0.0 -0.0 -0.0 -0.0 -0.0 -0.0 -0.0 -0.0]
evol_box,"[[0.518, 0.0], [2.413, 225608.72261941977], [2.542, 333472.75836401206], [2.61, 333472.75836401206], [2.808, 334727.447740932], [3.061, 4.1933722965853e6], [4.072, 6.287464643443022e6], [5.039, 6.287464643443022e6], [6.166, 6.729067834266407e6], [7.544, 7.059842931752863e6], [10.816, 7.610895026312802e6], [16.184, 8.383228147416693e6], [20.084, 8.383228147416694e6], [25.587, 8.492965318296356e6], [28.974, 9.04351989065147e6], [34.311, 1.0146265266814463e7], [42.849, 1.058716187275158e7], [53.119, 1.0697326952967053e7], [85.911, 1.0697326952967053e7], [101.539, 1.113851081514107e7], [113.874, 1.1138864849833004e7], [119.434, 1.146924350710753e7], [140.161, 1.1910559186767172e7], [148.311, 1.2020421503371272e7], [179.918, 1.2020534081999552e7], [227.496, 1.202089084888398e7], [312.572, 1.2131543729268871e7], [448.17, 1.2351217244328197e7], [484.328, 1.2352234296162203e7], [496.526, 1.2461895981155332e7], [576.5, 1.2682583251639862e7], [664.028, 1.2683136741696246e7], [830.399, 1.2902644432886977e7], [875.386, 1.3012690700211454e7], [1040.615, 1.301318311280961e7], [1333.336, 1.3013537902353596e7], [3600.054, 1.3123603896175312e7]]"
y_pb,[[17.0 12.000000000000002 20.0 -0.0 -0.0 -0.0 -0.0 -0.0 -0.0 -0.0; -0.0 -0.0 -0.0 33.0 44.0 -0.0 -0.0 -0.0 -0.0 -0.0; -0.0 -0.0 -0.0 -0.0 -0.0 -0.0 -0.0 0.0 -0.0 -0.0; -0.0 -0.0 -0.0 -0.0 -0.0 -0.0 -0.0 48.0 -0.0 -0.0; -0.0 -0.0 -0.0 -0.0 -0.0 -0.0 -0.0 0.0 -0.0 -0.0; -0.0 -0.0 -0.0 -0.0 -0.0 -0.0 -0.0 -0.0 0.0 -0.0;;;]]
x_bb,"[49.0, 77.0, -0.0, 48.0, -0.0, 0.0]"
x_box,"[39.0, 58.0, 41.0, 31.0, 0.0, 5.0]"
evol_zeta,"[[2.498, 48.57142857142858], [2.553, 37.74999999999999], [2.629, 32.57142857142857], [2.825, 27.714285714285715], [3.084, 20.0], [4.096, 20.125], [5.08, 19.375], [6.185, 19.333333333333336], [7.578, 18.0], [10.843, 18.0], [16.235, 18.0], [20.162, 17.200000000000003], [25.624, 17.6], [29.038, 17.0], [34.329, 17.714284061908863], [42.873, 17.111111111111118], [53.209, 15.500000001650001], [85.939, 15.799999999999997], [101.569, 14.571428571428582], [113.91, 15.0], [119.47, 15.111111111111114], [140.188, 15.37499999999999], [148.334, 16.0], [179.952, 15.333333333333332], [227.521, 14.25], [312.601, 13.700000000000003], [448.217, 15.777777777777779], [484.37, 12.200000000000003], [496.572, 12.0], [576.525, 16.5], [664.049, 13.285714287142866], [830.455, 11.099999999999994], [875.422, 12.0], [1040.658, 13.299999999999997], [1333.366, 11.42857142857143], [3600.08, 0.0]]"
ξ_box,[7.0 17.0 17.0 16.0; 12.0 11.0 12.0 12.0; 20.0 3.0 20.0 20.0; 23.0 15.0 32.0 33.0; 13.0 26.0 34.0 39.0; 22.0 39.0 25.0 50.0; 41.0 35.0 34.0 46.0; 31.0 50.0 43.0 35.0; 59.0 48.0 36.0 22.0; 65.0 46.0 37.0 19.0]
