first,second
s_box,[3.0 0.0 0.0 0.0; 30.0 0.0 0.0 7.0; 0.0 0.0 0.0 0.0; 19.0 13.0 16.0 19.0; 0.0 24.0 21.0 24.0; 0.0 13.0 13.0 3.0; 0.0 3.0 0.0 0.0; 0.0 0.0 3.0 0.0; 0.0 0.0 0.0 0.0; 0.0 0.0 0.0 0.0]
x_pb,"[18.0, 17.0, 45.0, -0.0, 52.0, -0.0]"
s_bb,[-0.0 -0.0 0.0 -0.0; 30.0 27.0 11.0 -0.0; -0.0 -0.0 -0.0 -0.0; 19.0 15.0 19.0 -0.0; -0.0 -0.0 24.0 -0.0; -0.0 -0.0 13.0 -0.0; 10.0 -0.0 0.0 -0.0; 7.0 15.0 0.0 -0.0; -0.0 -0.0 -0.0 -0.0; -0.0 -0.0 -0.0 -0.0]
partition_bb,"[[[11.0, 28.0, 45.0, 18.0, 13.0, 10.0, 7.0, 2.0, 0.0, 0.0], [18.0, 30.0, 13.0, 10.0, 5.0, 13.0, 10.0, 6.0, 17.0, 10.0], [13.0, 6.0, 23.0, 19.0, 24.0, 10.0, 7.0, 2.0, 0.0, 0.0], [18.0, 25.0, 42.0, 15.0, 10.0, 7.0, 7.0, 12.0, 1.0, 0.0]], [[0.0, 17.0, 27.0, 19.0, 24.0, 13.0, 10.0, 15.0, 7.0, 0.0], [18.0, 27.0, 10.0, 9.0, 4.0, 13.0, 10.0, 15.0, 17.0, 10.0], [4.0, 21.0, 36.0, 9.0, 4.0, 7.0, 10.0, 15.0, 4.0, 0.0]], [[12.0, 12.0, 12.0, 19.0, 24.0, 11.0, 10.0, 11.0, 11.0, 10.0], [9.0, 26.0, 43.0, 16.0, 11.0, 8.0, 8.0, 13.0, 2.0, 0.0], [18.0, 30.0, 14.0, 0.0, 5.0, 13.0, 10.0, 15.0, 17.0, 10.0]], Vector{Float64}[]]"
y_box,[0.0 0.0 18.0 0.0 0.0 0.0 0.0 0.0 0.0 0.0; 0.0 0.0 23.0 0.0 0.0 0.0 0.0 0.0 0.0 0.0; 0.0 0.0 4.0 0.0 21.0 0.0 0.0 0.0 7.0 10.0; 0.0 0.0 0.0 0.0 0.0 0.0 0.0 0.0 0.0 0.0; 10.0 0.0 0.0 0.0 0.0 13.0 10.0 6.0 10.0 0.0; 0.0 0.0 0.0 0.0 0.0 0.0 0.0 0.0 0.0 0.0;;; 18.0 0.0 0.0 0.0 0.0 0.0 0.0 0.0 0.0 0.0; 0.0 21.0 2.0 0.0 0.0 0.0 0.0 0.0 0.0 0.0; 0.0 0.0 36.0 6.0 0.0 0.0 0.0 0.0 0.0 0.0; 0.0 0.0 0.0 0.0 0.0 0.0 0.0 0.0 0.0 0.0; 0.0 0.0 0.0 0.0 0.0 0.0 7.0 15.0 17.0 10.0; 0.0 0.0 0.0 0.0 0.0 0.0 0.0 0.0 0.0 0.0;;; 18.0 0.0 0.0 0.0 0.0 0.0 0.0 0.0 0.0 0.0; 0.0 23.0 0.0 0.0 0.0 0.0 0.0 0.0 0.0 0.0; 0.0 7.0 35.0 0.0 0.0 0.0 0.0 0.0 0.0 0.0; 0.0 0.0 0.0 0.0 0.0 0.0 0.0 0.0 0.0 0.0; 0.0 0.0 0.0 0.0 0.0 0.0 10.0 12.0 17.0 10.0; 0.0 0.0 0.0 0.0 0.0 0.0 0.0 0.0 0.0 0.0;;; 18.0 0.0 0.0 0.0 0.0 0.0 0.0 0.0 0.0 0.0; 0.0 23.0 0.0 0.0 0.0 0.0 0.0 0.0 0.0 0.0; 0.0 0.0 42.0 0.0 0.0 0.0 0.0 0.0 0.0 0.0; 0.0 0.0 0.0 0.0 0.0 0.0 0.0 0.0 0.0 0.0; 0.0 0.0 0.0 0.0 0.0 10.0 10.0 15.0 4.0 10.0; 0.0 0.0 0.0 0.0 0.0 0.0 0.0 0.0 0.0 0.0]
evol_bb,"[[0.495, 8.1987209471832095e6], [0.749, 8.198720947183209e6], [21.595, 8.198720947183208e6], [973.919, 7.961121902375132e6]]"
y_bb,[-0.0 -0.0 5.0 0.0 -0.0 13.0 -0.0 -0.0 -0.0 -0.0; -0.0 0.0 9.0 -0.0 -0.0 -0.0 0.0 -0.0 -0.0 10.0; 18.0 -0.0 -0.0 -0.0 24.0 0.0 -0.0 -0.0 1.0 -0.0; -0.0 0.0 -0.0 -0.0 -0.0 -0.0 -0.0 -0.0 -0.0 -0.0; -0.0 -0.0 31.0 -0.0 -0.0 -0.0 -0.0 5.0 16.0 -0.0; -0.0 -0.0 -0.0 -0.0 -0.0 -0.0 0.0 -0.0 -0.0 -0.0;;; -0.0 -0.0 -0.0 -0.0 18.0 -0.0 -0.0 -0.0 -0.0 -0.0; -0.0 -0.0 -0.0 -0.0 6.0 10.0 3.0 0.0 0.0 -0.0; 0.0 -0.0 36.0 4.0 -0.0 3.0 -0.0 -0.0 -0.0 0.0; -0.0 -0.0 -0.0 -0.0 -0.0 -0.0 0.0 -0.0 -0.0 -0.0; 18.0 0.0 -0.0 -0.0 -0.0 -0.0 7.0 -0.0 17.0 10.0; -0.0 -0.0 -0.0 -0.0 -0.0 -0.0 -0.0 -0.0 -0.0 -0.0;;; 18.0 -0.0 -0.0 -0.0 -0.0 -0.0 -0.0 -0.0 -0.0 -0.0; -0.0 19.0 -0.0 -0.0 -0.0 -0.0 -0.0 -0.0 -0.0 -0.0; -0.0 -0.0 43.0 -0.0 -0.0 -0.0 -0.0 -0.0 -0.0 -0.0; -0.0 -0.0 -0.0 0.0 -0.0 -0.0 -0.0 -0.0 -0.0 -0.0; -0.0 -0.0 -0.0 -0.0 -0.0 -0.0 10.0 15.0 17.0 10.0; -0.0 -0.0 -0.0 -0.0 -0.0 -0.0 -0.0 -0.0 -0.0 0.0;;; -0.0 -0.0 -0.0 -0.0 -0.0 -0.0 -0.0 -0.0 -0.0 -0.0; -0.0 -0.0 -0.0 -0.0 -0.0 -0.0 -0.0 -0.0 -0.0 -0.0; -0.0 -0.0 -0.0 -0.0 -0.0 -0.0 -0.0 -0.0 -0.0 -0.0; -0.0 -0.0 -0.0 -0.0 -0.0 -0.0 -0.0 -0.0 -0.0 -0.0; -0.0 -0.0 -0.0 -0.0 -0.0 -0.0 -0.0 -0.0 -0.0 -0.0; -0.0 -0.0 -0.0 -0.0 -0.0 -0.0 -0.0 -0.0 -0.0 -0.0]
evol_box,"[[0.486, 0.0], [2.27, 239742.6973443705], [2.386, 239742.6973443705], [2.421, 239742.6973443705], [2.491, 239888.36960742107], [3.287, 3.0905544120092643e6], [4.707, 3.565781855712585e6], [5.73, 3.565781855712585e6], [6.794, 3.6844293351282524e6], [8.741, 3.6844293351282524e6], [10.252, 3.9222638996468238e6], [13.399, 4.159454985672662e6], [17.366, 4.516038472410933e6], [19.835, 4.516038472410934e6], [24.572, 4.516038472410934e6], [27.008, 4.753604476947265e6], [29.167, 4.753802588247026e6], [33.54, 4.992782508240821e6], [36.492, 5.10993297492359e6], [43.675, 5.110015612461948e6], [50.955, 5.228874524255604e6], [58.974, 5.347562940836913e6], [71.314, 5.466337420953458e6], [81.467, 5.466344180394959e6], [90.518, 5.466500980032891e6], [105.212, 5.466498175539048e6], [116.574, 5.4665158827859275e6], [125.885, 5.4665158827859275e6], [131.605, 5.585083268220395e6], [136.033, 5.5851397778324345e6], [154.057, 5.703885625099372e6], [184.823, 5.70403637246925e6], [216.852, 5.82272689921582e6], [347.886, 5.822759133806544e6], [354.825, 5.822804933683709e6], [444.159, 5.941496007807207e6], [536.72, 5.941529931563105e6], [678.455, 5.94156018276689e6], [687.996, 5.94156018276689e6], [700.953, 5.941563334592678e6], [845.621, 5.942065541820036e6], [868.896, 6.060292695736307e6], [882.336, 6.060295530211246e6], [946.35, 6.060325056436345e6], [1022.551, 6.060409451770084e6], [1081.995, 6.060655845488152e6], [1097.291, 6.060459942564212e6], [1199.168, 6.179097887090223e6], [1320.036, 6.1791276084903e6], [1443.635, 6.179149287537216e6], [1577.468, 6.179153781196204e6], [1592.409, 6.179203207740778e6], [1722.953, 6.17923863561195e6], [1740.418, 6.179298601593798e6], [1945.809, 6.297921326731732e6], [2336.313, 6.297921326731732e6], [2768.973, 6.297934167725099e6], [3150.211, 6.297934167725099e6], [3365.97, 6.298009159185391e6], [3600.061, 6.298076054857276e6]]"
y_pb,[[18.0 -0.0 -0.0 -0.0 -0.0 -0.0 -0.0 -0.0 -0.0 -0.0; -0.0 17.0 -0.0 -0.0 -0.0 -0.0 -0.0 -0.0 -0.0 -0.0; -0.0 -0.0 45.0 -0.0 -0.0 -0.0 -0.0 -0.0 -0.0 -0.0; -0.0 -0.0 -0.0 0.0 -0.0 -0.0 -0.0 -0.0 -0.0 -0.0; -0.0 -0.0 -0.0 -0.0 -0.0 -0.0 10.0 15.0 17.0 10.0; -0.0 -0.0 -0.0 -0.0 -0.0 -0.0 -0.0 -0.0 -0.0 0.0;;;]]
x_bb,"[18.0, 19.0, 43.0, -0.0, 52.0, 0.0]"
x_box,"[18.0, 23.0, 42.0, 0.0, 49.0, 0.0]"
evol_zeta,"[[2.36, 17.0], [2.391, 17.0], [2.429, 16.000000000000004], [2.523, 16.0], [3.32, 15.444444444444445], [4.742, 12.0], [5.765, 12.0], [6.799, 12.0], [8.746, 12.0], [10.258, 11.0], [13.434, 12.100000000000001], [17.403, 10.0], [19.872, 10.0], [24.579, 10.0], [27.016, 8.999999999999996], [29.187, 9.0], [33.561, 8.399999999999999], [36.526, 10.399999999999995], [43.697, 6.0], [50.98, 7.0], [58.996, 8.0], [71.334, 8.200000000000003], [81.491, 6.0], [90.525, 6.0], [105.248, 6.0], [116.591, 6.0], [125.89, 6.0], [131.618, 8.222222222222221], [136.05, 8.000000000000012], [154.079, 5.399999999999999], [184.857, 6.0], [216.86, 6.0], [347.895, 6.571428571428573], [354.836, 7.875], [444.192, 6.0], [536.743, 8.0], [678.464, 9.555555555555557], [688.016, 7.666666666666667], [700.985, 6.3], [845.659, 6.000000000000001], [868.902, 6.0], [882.346, 6.0], [946.367, 6.555555555555557], [1022.563, 6.0], [1082.029, 5.0], [1097.312, 4.299999999999999], [1199.189, 5.0], [1320.073, 6.0], [1443.647, 6.0], [1577.512, 5.000000000000001], [1592.425, 4.5], [1722.962, 6.0], [1740.454, 3.8888888888888857], [1945.817, 5.399999999999999], [2336.34, 4.299999999999999], [2768.994, 4.799999999999999], [3150.219, 5.0], [3365.983, 5.0], [3600.084, 0.0]]"
ξ_box,[13.0 18.0 18.0 18.0; 30.0 21.0 30.0 30.0; 45.0 38.0 35.0 42.0; 19.0 19.0 16.0 19.0; 21.0 24.0 21.0 24.0; 13.0 13.0 13.0 13.0; 10.0 10.0 10.0 10.0; 6.0 15.0 15.0 15.0; 17.0 17.0 17.0 4.0; 10.0 10.0 10.0 10.0]
