first,second
s_box,[-0.0 -0.0 -0.0 1.0; -0.0 -0.0 -0.0 -0.0; -0.0 -0.0 -0.0 -0.0; 22.0 -0.0 -0.0 15.0; 27.0 32.0 -0.0 6.0; -0.0 -0.0 23.0 -0.0; -0.0 9.999994790690147 11.0 20.0; -0.0 -0.0 0.0 25.0; 5.0 -0.0 8.0 -0.0; 18.0 31.0 31.0 5.0]
x_pb,"[24.0, 59.0, -0.0, 24.0, 63.0, -0.0]"
s_bb,[-0.0 -0.0 -0.0 -0.0; -0.0 -0.0 -0.0 -0.0; -0.0 -0.0 -0.0 -0.0; -0.0 -0.0 -0.0 -0.0; 37.0 -0.0 -0.0 -0.0; 7.0 -0.0 -0.0 -0.0; 20.0 -0.0 -0.0 -0.0; -0.0 -0.0 -0.0 -0.0; -0.0 -0.0 -0.0 -0.0; 31.0 -0.0 -0.0 -0.0]
partition_bb,"[[[0.0, 11.0, 7.0, 2.0, 37.0, 31.0, 20.0, 17.0, 26.0, 0.0], [11.0, 0.0, 5.0, 10.0, 37.0, 31.0, 20.0, 17.0, 8.0, 31.0], [7.0, 13.0, 22.0, 17.0, 15.0, 9.0, 3.0, 6.0, 15.0, 15.0], [24.0, 13.0, 9.0, 4.0, 14.0, 16.0, 20.0, 31.0, 22.0, 4.0], [4.0, 13.0, 19.0, 24.0, 3.0, 9.0, 20.0, 23.0, 32.0, 6.0]], [[24.0, 13.0, 22.0, 24.0, 0.0, 2.0, 13.0, 16.0, 25.0, 31.0]], [[7.0, 13.0, 22.0, 17.0, 25.0, 31.0, 20.0, 22.0, 13.0, 0.0]], Vector{Float64}[]]"
y_box,[20.0 -0.0 0.0 -0.0 2.0 -0.0 0.0 0.0 -0.0 -0.0; -0.0 11.0 20.0 -0.0 -0.0 8.0 20.0 -0.0 -0.0 -0.0; -0.0 -0.0 -0.0 -0.0 -0.0 -0.0 -0.0 -0.0 -0.0 -0.0; -0.0 -0.0 -0.0 -0.0 8.0 23.0 -0.0 -0.0 -0.0 -0.0; 2.0 -0.0 -0.0 -0.0 -0.0 -0.0 -0.0 31.0 24.0 -0.0; -0.0 -0.0 -0.0 -0.0 -0.0 -0.0 -0.0 -0.0 -0.0 -0.0;;; 23.0 -0.0 -0.0 -0.0 -0.0 -0.0 -0.0 -0.0 -0.0 -0.0; -0.0 13.0 22.0 24.0 -0.0 -0.0 -0.0 -0.0 -0.0 -0.0; -0.0 -0.0 -0.0 -0.0 -0.0 -0.0 -0.0 -0.0 -0.0 -0.0; -0.0 -0.0 -0.0 -0.0 -0.0 31.0 -0.0 -0.0 -0.0 -0.0; -0.0 -0.0 -0.0 -0.0 -0.0 -0.0 10.000005204310174 27.99999740234491 18.999997395344916 -0.0; -0.0 -0.0 -0.0 -0.0 -0.0 -0.0 -0.0 -0.0 -0.0 -0.0;;; 23.0 -0.0 0.0 -0.0 -0.0 -0.0 -0.0 -0.0 -0.0 -0.0; 1.0 13.0 22.0 23.0 -0.0 -0.0 -0.0 -0.0 -0.0 -0.0; -0.0 -0.0 -0.0 -0.0 -0.0 -0.0 -0.0 -0.0 -0.0 -0.0; -0.0 -0.0 -0.0 1.0 23.0 -0.0 7.0 -0.0 -0.0 -0.0; -0.0 -0.0 -0.0 -0.0 -0.0 -0.0 2.0 31.0 24.0 -0.0; -0.0 -0.0 -0.0 -0.0 -0.0 -0.0 -0.0 -0.0 -0.0 -0.0;;; 23.0 -0.0 -0.0 -0.0 -0.0 -0.0 -0.0 -0.0 -0.0 -0.0; -0.0 13.0 12.0 2.0 0.0 -0.0 -0.0 -0.0 32.0 -0.0; -0.0 -0.0 -0.0 -0.0 -0.0 -0.0 -0.0 -0.0 -0.0 -0.0; -0.0 -0.0 -0.0 -0.0 31.0 0.0 -0.0 -0.0 -0.0 -0.0; -0.0 -0.0 -0.0 -0.0 -0.0 31.0 -0.0 -0.0 -0.0 26.0; -0.0 -0.0 -0.0 -0.0 -0.0 -0.0 -0.0 -0.0 -0.0 -0.0]
evol_bb,"[[0.426, 1.0905000396232435e7], [6.351, 1.0905000396232434e7]]"
y_bb,[24.0 -0.0 -0.0 -0.0 -0.0 -0.0 -0.0 -0.0 -0.0 -0.0; 0.0 13.0 22.0 24.0 -0.0 -0.0 -0.0 -0.0 -0.0 -0.0; -0.0 -0.0 -0.0 0.0 -0.0 -0.0 -0.0 -0.0 -0.0 -0.0; -0.0 -0.0 -0.0 -0.0 0.0 24.0 -0.0 -0.0 -0.0 -0.0; -0.0 -0.0 -0.0 -0.0 -0.0 -0.0 -0.0 31.0 32.0 -0.0; -0.0 -0.0 -0.0 -0.0 -0.0 -0.0 -0.0 -0.0 -0.0 0.0;;; -0.0 -0.0 -0.0 -0.0 -0.0 -0.0 -0.0 -0.0 24.0 -0.0; 0.0 -0.0 19.0 24.0 -0.0 2.0 13.0 0.0 1.0 -0.0; -0.0 0.0 -0.0 -0.0 -0.0 -0.0 -0.0 -0.0 -0.0 -0.0; -0.0 -0.0 -0.0 -0.0 -0.0 -0.0 -0.0 -0.0 -0.0 24.0; 24.0 13.0 3.0 -0.0 -0.0 0.0 -0.0 16.0 -0.0 7.0; -0.0 -0.0 -0.0 -0.0 -0.0 -0.0 -0.0 -0.0 -0.0 -0.0;;; -0.0 0.0 -0.0 -0.0 0.0 4.0 20.0 -0.0 -0.0 -0.0; -0.0 -0.0 22.0 6.0 -0.0 -0.0 0.0 22.0 9.0 -0.0; -0.0 -0.0 -0.0 -0.0 -0.0 -0.0 0.0 -0.0 -0.0 -0.0; -0.0 13.0 -0.0 11.0 -0.0 -0.0 -0.0 -0.0 -0.0 -0.0; 7.0 -0.0 -0.0 -0.0 25.0 27.0 -0.0 0.0 4.0 -0.0; -0.0 -0.0 -0.0 -0.0 -0.0 -0.0 0.0 -0.0 -0.0 -0.0;;; -0.0 -0.0 -0.0 -0.0 -0.0 -0.0 -0.0 -0.0 -0.0 -0.0; -0.0 -0.0 -0.0 -0.0 -0.0 -0.0 -0.0 -0.0 -0.0 -0.0; -0.0 -0.0 -0.0 -0.0 -0.0 -0.0 -0.0 -0.0 -0.0 -0.0; -0.0 -0.0 -0.0 -0.0 -0.0 -0.0 -0.0 -0.0 -0.0 -0.0; -0.0 -0.0 -0.0 -0.0 -0.0 -0.0 -0.0 -0.0 -0.0 -0.0; -0.0 -0.0 -0.0 -0.0 -0.0 -0.0 -0.0 -0.0 -0.0 -0.0]
evol_box,"[[0.473, 0.0], [2.302, 2272.72474555159], [2.405, 2272.7247455589886], [2.459, 2488.2241119332657], [2.573, 2488.2241119332657], [2.866, 2860.3222469857374], [3.462, 1.2649549641307485e6], [3.791, 1.2649549641307485e6], [5.081, 2.412759262620536e6], [5.728, 4.0190691494835718e6], [7.789, 4.0193838806090015e6], [11.894, 4.2488775462882295e6], [13.607, 4.592734141672758e6], [16.974, 4.82255941988091e6], [19.743, 5.051901002436872e6], [26.806, 5.051901002436872e6], [30.828, 5.0520920571106225e6], [33.859, 5.39648320231619e6], [39.911, 5.855392007196097e6], [45.051, 5.9701953038497055e6], [48.989, 6.199634768834601e6], [55.72, 6.199675781289403e6], [59.811, 6.314560167425696e6], [72.553, 6.429215828079455e6], [80.565, 6.6586659789703e6], [85.97, 6.773551230093919e6], [134.517, 6.888470428204607e6], [154.755, 6.888470428204606e6], [187.343, 6.888470375867893e6], [196.028, 7.00308233076001e6], [226.248, 7.003276390922157e6], [233.947, 7.232604941984864e6], [241.318, 7.232604941984864e6], [294.316, 7.347246561584091e6], [326.527, 7.46206650291505e6], [377.685, 7.4622025275438465e6], [533.092, 7.462202907107774e6], [627.999, 7.5767678540123e6], [649.076, 7.691546322460443e6], [697.63, 7.691546322460443e6], [714.448, 7.8063245568066165e6], [1029.679, 7.921011530170906e6], [1046.407, 7.921060796647691e6], [1059.577, 7.921182150542634e6], [1082.08, 7.921257637016239e6], [1097.389, 8.035885106408676e6], [1121.312, 8.150654056676138e6], [1176.857, 8.150692115658447e6], [1219.617, 8.150748615912912e6], [1280.279, 8.150798955972781e6], [1326.467, 8.265320156350335e6], [1475.709, 8.2654001561600715e6], [2420.762, 8.265448549483303e6], [2468.08, 8.265593314615756e6], [3255.775, 8.380144166355472e6], [3600.238, 8.380184847628016e6]]"
y_pb,[[24.000000000000004 -0.0 -0.0 -0.0 -0.0 -0.0 -0.0 -0.0 -0.0 -0.0; -0.0 13.0 22.0 24.000000000000004 -0.0 -0.0 -0.0 -0.0 -0.0 -0.0; -0.0 -0.0 -0.0 0.0 -0.0 -0.0 -0.0 -0.0 -0.0 -0.0; -0.0 -0.0 -0.0 -0.0 -0.0 24.0 -0.0 -0.0 -0.0 -0.0; -0.0 -0.0 -0.0 -0.0 -0.0 -0.0 -0.0 31.0 32.0 -0.0; -0.0 -0.0 -0.0 -0.0 -0.0 -0.0 -0.0 -0.0 -0.0 0.0;;;]]
x_bb,"[24.0, 59.0, -0.0, 24.0, 63.0, 0.0]"
x_box,"[23.0, 59.0, -0.0, 31.0, 57.0, -0.0]"
evol_zeta,"[[2.388, 31.0], [2.41, 20.0], [2.464, 20.0], [2.578, 20.0], [2.871, 20.0], [3.468, 20.0], [3.801, 20.0], [5.093, 20.0], [5.746, 19.200000000000003], [7.798, 17.44444444444444], [11.908, 17.444444444444443], [13.612, 17.666666666666668], [16.98, 14.0], [19.762, 17.799999999999997], [26.828, 15.600000000000001], [30.84, 12.111111111111114], [33.867, 18.499999999999996], [39.92, 13.666666666666668], [45.056, 13.0], [48.997, 12.0], [55.729, 11.0], [59.817, 11.0], [72.563, 12.3], [80.575, 9.0], [85.989, 9.0], [134.537, 13.0], [154.764, 13.0], [187.356, 12.222222192606406], [196.037, 10.0], [226.274, 10.0], [233.966, 11.0], [241.339, 10.700000000000003], [294.337, 10.0], [326.543, 11.333333333333332], [377.706, 11.200000342334722], [533.114, 10.900000000000022], [628.009, 10.0], [649.098, 7.333334666251346], [697.64, 6.0], [714.469, 8.5], [1029.687, 7.000000000800014], [1046.428, 8.0], [1059.598, 7.899999999999999], [1082.096, 6.888888888888889], [1097.417, 6.900000000000002], [1121.33, 7.300000000000007], [1176.88, 7.0], [1219.63, 9.3], [1280.298, 8.2], [1326.488, 6.600000000000001], [1475.73, 9.222224610602417], [2420.789, 9.75], [2468.09, 8.100000000000001], [3255.794, 6.899999999999999], [3600.256, 0.0]]"
ξ_box,[22.0 23.0 24.0 24.0; 11.0 13.0 13.0 13.0; 20.0 22.0 22.0 12.0; 22.0 24.0 24.0 17.0; 37.0 32.0 23.0 37.0; 31.0 31.0 23.0 31.0; 20.0 20.0 20.0 20.0; 31.0 27.99999740734491 31.0 25.0; 29.0 18.99999739867825 32.0 32.0; 18.0 31.0 31.0 31.0]
