first,second
s_box,[0.0; 0.0; 10.0; 27.0; 0.0; 0.0; 31.0; 25.0; 0.0; 0.0;;]
x_pb,"[20.0, 11.0, 71.0, -0.0, 12.0, 31.0]"
s_bb,[0.0; 0.0; 10.0; 27.0; 0.0; 0.0; 31.0; 25.0; 0.0; 0.0;;]
partition_bb,"[[[0.0, 0.0, 15.0, 21.0, 36.0, 31.0, 22.0, 18.0, 4.0, 0.0], [15.0, 5.0, 0.0, 4.0, 12.0, 17.0, 26.0, 25.0, 12.0, 31.0], [15.0, 5.0, 21.0, 26.0, 11.0, 16.0, 9.0, 3.0, 12.0, 31.0], [0.0, 0.0, 10.0, 16.0, 31.0, 26.0, 31.0, 25.0, 6.0, 0.0], [0.0, 0.0, 9.0, 15.0, 30.0, 35.0, 26.0, 22.0, 8.0, 0.0], [15.0, 5.0, 16.0, 27.0, 25.0, 20.0, 13.0, 7.0, 0.0, 19.0]]]"
y_box,[15.0 5.0 -0.0 -0.0 -0.0 -0.0 -0.0 -0.0 -0.0 -0.0; -0.0 -0.0 11.0 0.0 -0.0 -0.0 -0.0 -0.0 -0.0 -0.0; -0.0 -0.0 -0.0 -0.0 36.0 35.0 0.0 -0.0 -0.0 -0.0; -0.0 -0.0 -0.0 -0.0 -0.0 -0.0 -0.0 -0.0 -0.0 -0.0; -0.0 -0.0 -0.0 -0.0 -0.0 -0.0 -0.0 0.0 12.0 -0.0; -0.0 -0.0 -0.0 -0.0 -0.0 -0.0 -0.0 -0.0 -0.0 31.0;;;]
evol_bb,"[[0.241, 1.044565185169942e7]]"
y_bb,[15.0 5.0 -0.0 -0.0 -0.0 -0.0 -0.0 -0.0 -0.0 -0.0; -0.0 -0.0 11.0 0.0 -0.0 -0.0 -0.0 -0.0 -0.0 -0.0; -0.0 -0.0 -0.0 -0.0 36.0 35.0 0.0 -0.0 -0.0 -0.0; -0.0 -0.0 -0.0 -0.0 -0.0 -0.0 -0.0 -0.0 -0.0 -0.0; -0.0 -0.0 -0.0 -0.0 -0.0 -0.0 -0.0 0.0 12.0 -0.0; -0.0 -0.0 -0.0 -0.0 -0.0 -0.0 -0.0 -0.0 -0.0 31.0;;;]
evol_box,"[[0.409, 0.0], [1.786, 227758.62291177918], [1.854, 7.52600814712669e6], [1.858, 9.322716248071302e6], [1.862, 9.996481785925534e6], [1.865, 1.044565185169942e7]]"
y_pb,[[15.0 5.0 -0.0 -0.0 -0.0 -0.0 -0.0 -0.0 -0.0 -0.0; -0.0 -0.0 11.0 -0.0 -0.0 -0.0 -0.0 -0.0 -0.0 -0.0; -0.0 -0.0 -0.0 -0.0 36.0 35.0 -0.0 -0.0 -0.0 -0.0; -0.0 -0.0 -0.0 -0.0 -0.0 -0.0 -0.0 0.0 -0.0 -0.0; -0.0 -0.0 -0.0 -0.0 -0.0 -0.0 -0.0 -0.0 12.000000000000002 -0.0; -0.0 -0.0 -0.0 -0.0 -0.0 -0.0 -0.0 -0.0 -0.0 31.0;;;]]
x_bb,"[20.0, 11.0, 71.0, 0.0, 12.0, 31.0]"
x_box,"[20.0, 11.0, 71.0, 0.0, 12.0, 31.0]"
evol_zeta,"[[1.452, 35.714285714285715], [1.853, 31.0], [1.857, 9.0], [1.861, 6.0], [1.864, 4.0], [1.867, 0.0]]"
ξ_box,[15.0; 5.0; 21.0; 27.0; 36.0; 35.0; 31.0; 25.0; 12.0; 31.0;;]
