first,second
s_box,[26.0; 9.0; 16.0; 25.0; 17.0; 0.0; 0.0; 32.0; 0.0; 0.0;;]
x_pb,"[1.0, -0.0, 42.0, -0.0, 41.0, 45.99999999999999]"
s_bb,[26.0; 9.0; 16.0; 25.0; 17.0; 0.0; 0.0; 32.0; 0.0; 0.0;;]
partition_bb,"[[[0.0, 0.0, 0.0, 0.0, 0.0, 15.0, 15.0, 19.0, 39.0, 46.0], [26.0, 10.0, 1.0, 25.0, 17.0, 0.0, 0.0, 2.0, 22.0, 29.0], [26.0, 10.0, 16.0, 25.0, 17.0, 0.0, 0.0, 11.0, 16.0, 9.0], [0.0, 10.0, 16.0, 1.0, 2.0, 21.0, 21.0, 32.0, 17.0, 10.0], [0.0, 0.0, 0.0, 0.0, 0.0, 17.0, 17.0, 21.0, 41.0, 34.0]]]"
y_box,[0.0 1.0 -0.0 -0.0 -0.0 -0.0 -0.0 -0.0 -0.0 -0.0; -0.0 -0.0 0.0 -0.0 -0.0 -0.0 -0.0 -0.0 -0.0 -0.0; -0.0 -0.0 -0.0 0.0 0.0 21.0 21.0 -0.0 -0.0 -0.0; -0.0 -0.0 -0.0 -0.0 -0.0 -0.0 -0.0 0.0 -0.0 -0.0; -0.0 -0.0 -0.0 -0.0 -0.0 -0.0 -0.0 -0.0 41.0 -0.0; -0.0 -0.0 -0.0 -0.0 -0.0 -0.0 -0.0 -0.0 -0.0 46.0;;;]
evol_bb,"[[0.339, 1.514612588008258e7]]"
y_bb,[0.0 1.0 -0.0 -0.0 -0.0 -0.0 -0.0 -0.0 -0.0 -0.0; -0.0 -0.0 0.0 -0.0 -0.0 -0.0 -0.0 -0.0 -0.0 -0.0; -0.0 -0.0 -0.0 0.0 0.0 21.0 21.0 -0.0 -0.0 -0.0; -0.0 -0.0 -0.0 -0.0 -0.0 -0.0 -0.0 0.0 -0.0 -0.0; -0.0 -0.0 -0.0 -0.0 -0.0 -0.0 -0.0 -0.0 41.0 -0.0; -0.0 -0.0 -0.0 -0.0 -0.0 -0.0 -0.0 -0.0 -0.0 46.0;;;]
evol_box,"[[0.516, 0.0], [2.532, 485219.86755813175], [2.631, 9.936090063949436e6], [2.636, 1.3328652232352078e7], [2.64, 1.4903799527051846e7], [2.643, 1.514612588008258e7]]"
y_pb,[[-0.0 1.0 -0.0 -0.0 -0.0 -0.0 -0.0 -0.0 -0.0 -0.0; -0.0 0.0 -0.0 -0.0 -0.0 -0.0 -0.0 -0.0 -0.0 -0.0; -0.0 -0.0 -0.0 -0.0 -0.0 21.0 21.0 -0.0 -0.0 -0.0; -0.0 -0.0 -0.0 -0.0 -0.0 -0.0 -0.0 0.0 -0.0 -0.0; -0.0 -0.0 -0.0 -0.0 -0.0 -0.0 -0.0 -0.0 41.0 -0.0; -0.0 -0.0 -0.0 -0.0 -0.0 -0.0 -0.0 -0.0 -0.0 46.0;;;]]
x_bb,"[1.0, 0.0, 42.0, 0.0, 41.0, 46.0]"
x_box,"[1.0, 0.0, 42.0, 0.0, 41.0, 46.0]"
evol_zeta,"[[2.065, 45.2], [2.63, 26.0], [2.634, 16.0], [2.638, 13.0], [2.642, 2.0], [2.645, 0.0]]"
ξ_box,[26.0; 10.0; 16.0; 25.0; 17.0; 21.0; 21.0; 32.0; 41.0; 46.0;;]
