first,second
s_box,[0.0; 56.0; 41.0; 44.0; 38.0; 28.0; 0.0; 0.0; 40.0; 0.0;;]
x_pb,"[59.0, 10.0, -0.0, -0.0, 54.0, 57.0]"
s_bb,[0.0; 56.0; 41.0; 44.0; 38.0; 28.0; 0.0; 0.0; 40.0; 0.0;;]
partition_bb,"[[[59.0, 43.0, 39.0, 24.0, 11.0, 6.0, 1.0, 0.0, 0.0, 0.0], [0.0, 0.0, 0.0, 6.0, 14.0, 24.0, 21.0, 22.0, 38.0, 57.0], [9.0, 25.0, 15.0, 25.0, 38.0, 28.0, 21.0, 16.0, 4.0, 0.0], [5.0, 12.0, 22.0, 44.0, 31.0, 28.0, 21.0, 11.0, 4.0, 0.0], [40.0, 56.0, 46.0, 24.0, 11.0, 6.0, 1.0, 0.0, 0.0, 0.0], [3.0, 13.0, 23.0, 1.0, 11.0, 16.0, 21.0, 33.0, 40.0, 21.0], [31.0, 41.0, 51.0, 29.0, 16.0, 11.0, 6.0, 0.0, 0.0, 0.0]]]"
y_box,[59.0 0.0 -0.0 -0.0 -0.0 -0.0 -0.0 -0.0 -0.0 -0.0; -0.0 -0.0 10.0 -0.0 -0.0 -0.0 -0.0 -0.0 -0.0 -0.0; -0.0 -0.0 -0.0 -0.0 -0.0 -0.0 -0.0 -0.0 -0.0 -0.0; -0.0 -0.0 -0.0 0.0 0.0 -0.0 -0.0 -0.0 -0.0 -0.0; -0.0 -0.0 -0.0 -0.0 -0.0 0.0 21.0 33.0 0.0 -0.0; -0.0 -0.0 -0.0 -0.0 -0.0 -0.0 -0.0 -0.0 -0.0 57.0;;;]
evol_bb,"[[0.358, 3.014108028198072e7]]"
y_bb,[59.0 0.0 -0.0 -0.0 -0.0 -0.0 -0.0 -0.0 -0.0 -0.0; -0.0 -0.0 10.0 -0.0 -0.0 -0.0 -0.0 -0.0 -0.0 -0.0; -0.0 -0.0 -0.0 -0.0 -0.0 -0.0 -0.0 -0.0 -0.0 -0.0; -0.0 -0.0 -0.0 0.0 0.0 -0.0 -0.0 -0.0 -0.0 -0.0; -0.0 -0.0 -0.0 -0.0 -0.0 0.0 21.0 33.0 0.0 -0.0; -0.0 -0.0 -0.0 -0.0 -0.0 -0.0 -0.0 -0.0 -0.0 57.0;;;]
evol_box,"[[0.505, 0.0], [2.453, 368061.093974306], [2.552, 1.9646993570567925e7], [2.559, 2.3185706613469258e7], [2.565, 2.550417377950806e7], [2.575, 2.7944665533233117e7], [2.583, 2.9286908168176953e7], [2.589, 2.9897031106608216e7], [2.596, 3.014108028198072e7]]"
y_pb,[[59.0 -0.0 -0.0 -0.0 -0.0 -0.0 -0.0 -0.0 -0.0 -0.0; -0.0 -0.0 10.0 -0.0 -0.0 -0.0 -0.0 -0.0 -0.0 -0.0; -0.0 -0.0 0.0 -0.0 -0.0 -0.0 -0.0 -0.0 -0.0 -0.0; -0.0 -0.0 -0.0 0.0 -0.0 -0.0 -0.0 -0.0 -0.0 -0.0; -0.0 -0.0 -0.0 -0.0 -0.0 -0.0 21.0 33.0 -0.0 -0.0; -0.0 -0.0 -0.0 -0.0 -0.0 -0.0 -0.0 -0.0 -0.0 57.0;;;]]
x_bb,"[59.0, 10.0, 0.0, 0.0, 54.0, 57.0]"
x_box,"[59.0, 10.0, 0.0, 0.0, 54.0, 57.0]"
evol_zeta,"[[1.949, 59.0], [2.55, 57.0], [2.557, 24.0], [2.564, 18.999999999999996], [2.571, 12.428571428571423], [2.581, 11.0], [2.587, 4.285714285714285], [2.595, 2.0], [2.599, 0.0]]"
ξ_box,[59.0; 56.0; 51.0; 44.0; 38.0; 28.0; 21.0; 33.0; 40.0; 57.0;;]
