first,second
s_box,[0.0 18.0 16.0 17.0; 24.0 0.0 0.0 0.0; 0.0 0.0 0.0 0.0; 0.0 0.0 0.0 0.0; 28.0 0.0 0.0 0.0; 0.0 0.0 20.0 21.0; 0.0 0.0 6.0 0.0; 0.0 18.0 11.0 14.0; 0.0 16.0 0.0 0.0; 0.0 0.0 0.0 0.0]
x_pb,"[110.0, -0.0, -0.0, 26.0, -0.0, 13.0]"
s_bb,[18.0 -0.0 -0.0 -0.0; -0.0 20.0 -0.0 -0.0; -0.0 -0.0 -0.0 -0.0; 0.0 -0.0 -0.0 -0.0; 12.0 28.0 -0.0 -0.0; 21.0 -0.0 -0.0 -0.0; 7.0 -0.0 -0.0 -0.0; 18.0 -0.0 -0.0 -0.0; -0.0 7.0 -0.0 -0.0; -0.0 -0.0 -0.0 -0.0]
partition_bb,"[[[17.0, 25.0, 34.0, 31.0, 25.0, 18.0, 4.0, 0.0, 0.0, 0.0], [18.0, 26.0, 17.0, 14.0, 9.0, 3.0, 7.0, 18.0, 26.0, 13.0], [18.0, 8.0, 14.0, 11.0, 13.0, 21.0, 7.0, 18.0, 26.0, 13.0], [12.0, 20.0, 29.0, 32.0, 28.0, 20.0, 7.0, 2.0, 0.0, 0.0], [18.0, 28.0, 28.0, 25.0, 19.0, 16.0, 2.0, 1.0, 12.0, 0.0]], [[3.0, 11.0, 20.0, 23.0, 28.0, 20.0, 7.0, 18.0, 7.0, 13.0], [18.0, 28.0, 27.0, 24.0, 18.0, 11.0, 7.0, 0.0, 0.0, 0.0], [13.0, 21.0, 30.0, 33.0, 27.0, 20.0, 6.0, 1.0, 0.0, 0.0], [13.0, 21.0, 30.0, 33.0, 27.0, 21.0, 7.0, 2.0, 0.0, 0.0], [14.0, 22.0, 31.0, 33.0, 27.0, 20.0, 6.0, 1.0, 0.0, 0.0]], Vector{Float64}[], Vector{Float64}[]]"
y_box,[18.0 4.0 34.0 31.0 0.0 19.0 0.0 0.0 0.0 0.0; 0.0 0.0 0.0 0.0 0.0 0.0 0.0 0.0 0.0 0.0; 0.0 0.0 0.0 0.0 0.0 0.0 0.0 0.0 0.0 0.0; 0.0 0.0 0.0 0.0 0.0 5.0 7.0 18.0 0.0 0.0; 0.0 0.0 0.0 0.0 0.0 0.0 0.0 0.0 0.0 0.0; 0.0 0.0 0.0 0.0 0.0 0.0 0.0 0.0 7.0 6.0;;; 0.0 28.0 19.0 22.0 17.0 0.0 7.0 0.0 0.0 13.0; 0.0 0.0 0.0 0.0 0.0 0.0 0.0 0.0 0.0 0.0; 0.0 0.0 0.0 0.0 0.0 0.0 0.0 0.0 0.0 0.0; 0.0 0.0 0.0 0.0 0.0 21.0 0.0 0.0 7.0 2.0; 0.0 0.0 0.0 0.0 0.0 0.0 0.0 0.0 0.0 0.0; 0.0 0.0 0.0 0.0 10.0 0.0 0.0 0.0 3.0 0.0;;; 0.0 23.0 30.0 29.0 24.0 0.0 0.0 0.0 0.0 0.0; 0.0 0.0 0.0 0.0 0.0 0.0 0.0 0.0 0.0 0.0; 0.0 0.0 0.0 0.0 0.0 0.0 0.0 0.0 0.0 0.0; 0.0 0.0 0.0 0.0 0.0 0.0 0.0 4.0 26.0 0.0; 0.0 0.0 0.0 0.0 0.0 0.0 0.0 0.0 0.0 0.0; 0.0 0.0 0.0 0.0 0.0 0.0 0.0 0.0 0.0 13.0;;; 1.0 26.0 25.0 27.0 27.0 0.0 0.0 0.0 0.0 0.0; 0.0 0.0 0.0 0.0 0.0 0.0 0.0 0.0 0.0 0.0; 0.0 0.0 0.0 0.0 0.0 0.0 0.0 0.0 0.0 0.0; 0.0 0.0 3.0 0.0 0.0 0.0 0.0 0.0 20.0 7.0; 0.0 0.0 0.0 0.0 0.0 0.0 0.0 0.0 0.0 0.0; 0.0 0.0 0.0 0.0 0.0 0.0 7.0 0.0 0.0 6.0]
evol_bb,"[[1.122, 7.085744528288458e6], [3.781, 7.085744528288457e6], [86.716, 7.085744528288456e6], [736.654, 6.993746093666365e6]]"
y_bb,[0.0 28.0 34.0 32.0 16.0 -0.0 -0.0 -0.0 -0.0 -0.0; -0.0 -0.0 -0.0 -0.0 -0.0 0.0 -0.0 -0.0 -0.0 -0.0; -0.0 -0.0 -0.0 -0.0 -0.0 0.0 0.0 -0.0 -0.0 -0.0; -0.0 -0.0 -0.0 -0.0 -0.0 -0.0 -0.0 0.0 26.0 -0.0; -0.0 -0.0 -0.0 -0.0 -0.0 -0.0 -0.0 -0.0 -0.0 0.0; -0.0 -0.0 -0.0 -0.0 -0.0 -0.0 -0.0 -0.0 -0.0 13.0;;; 18.0 8.0 -0.0 25.0 0.0 21.0 7.0 18.0 -0.0 13.0; -0.0 -0.0 -0.0 -0.0 -0.0 -0.0 -0.0 -0.0 -0.0 0.0; -0.0 -0.0 -0.0 0.0 -0.0 -0.0 -0.0 -0.0 -0.0 -0.0; -0.0 -0.0 18.0 8.0 -0.0 -0.0 -0.0 -0.0 -0.0 -0.0; -0.0 -0.0 0.0 -0.0 -0.0 -0.0 -0.0 -0.0 -0.0 -0.0; -0.0 -0.0 13.0 -0.0 -0.0 -0.0 -0.0 0.0 0.0 0.0;;; -0.0 -0.0 -0.0 -0.0 -0.0 -0.0 -0.0 -0.0 -0.0 -0.0; -0.0 -0.0 -0.0 -0.0 -0.0 -0.0 -0.0 -0.0 -0.0 -0.0; -0.0 -0.0 -0.0 -0.0 -0.0 -0.0 -0.0 -0.0 -0.0 -0.0; -0.0 -0.0 -0.0 -0.0 -0.0 -0.0 -0.0 -0.0 -0.0 -0.0; -0.0 -0.0 -0.0 -0.0 -0.0 -0.0 -0.0 -0.0 -0.0 -0.0; -0.0 -0.0 -0.0 -0.0 -0.0 -0.0 -0.0 -0.0 -0.0 -0.0;;; -0.0 -0.0 -0.0 -0.0 -0.0 -0.0 -0.0 -0.0 -0.0 -0.0; -0.0 -0.0 -0.0 -0.0 -0.0 -0.0 -0.0 -0.0 -0.0 -0.0; -0.0 -0.0 -0.0 -0.0 -0.0 -0.0 -0.0 -0.0 -0.0 -0.0; -0.0 -0.0 -0.0 -0.0 -0.0 -0.0 -0.0 -0.0 -0.0 -0.0; -0.0 -0.0 -0.0 -0.0 -0.0 -0.0 -0.0 -0.0 -0.0 -0.0; -0.0 -0.0 -0.0 -0.0 -0.0 -0.0 -0.0 -0.0 -0.0 -0.0]
evol_box,"[[0.41, 0.0], [1.985, 461722.8931322161], [2.081, 461722.8931322161], [2.114, 461722.8931322162], [2.15, 461722.89313210547], [2.486, 1.8419255464200117e6], [2.905, 2.117863912261543e6], [3.173, 2.117863912261543e6], [3.891, 2.117863912261543e6], [4.78, 2.485845847151615e6], [6.779, 2.7618644532101764e6], [8.297, 2.8538606392075615e6], [9.462, 2.8539059304771763e6], [10.247, 2.853905930477176e6], [12.33, 3.4058837440867126e6], [14.195, 3.4978896703576497e6], [15.603, 3.5896247401174963e6], [18.589, 3.5896247401174963e6], [20.963, 3.773671780956851e6], [23.407, 3.9576252998853712e6], [26.851, 3.957760218601754e6], [28.426, 3.957625299885371e6], [33.0, 4.0496603780583697e6], [39.443, 4.049796822035799e6], [45.152, 4.1416326937246984e6], [54.131, 4.1418418689245223e6], [62.641, 4.141918103471912e6], [69.963, 4.233633405585544e6], [77.636, 4.23366905790768e6], [79.943, 4.233761537456735e6], [91.056, 4.325635351890878e6], [102.041, 4.325635364802781e6], [123.438, 4.325762404936967e6], [174.139, 4.325906485511321e6], [213.194, 4.417744576254108e6], [269.302, 4.417744757309441e6], [290.932, 4.417769251700395e6], [347.261, 4.509616650123101e6], [388.22, 4.50965448090817e6], [481.252, 4.50967747584362e6], [563.788, 4.509692312808678e6], [657.935, 4.509749964514596e6], [672.532, 4.509816182755035e6], [742.788, 4.601633479402792e6], [843.151, 4.601721151928375e6], [906.032, 4.601802062030872e6], [919.086, 4.601849897098625e6], [984.292, 4.601849897098625e6], [996.465, 4.601893990791145e6], [1193.359, 4.693637315779135e6], [1236.879, 4.69370395932162e6], [1405.851, 4.693768148330717e6], [1523.795, 4.693777106616326e6], [1924.751, 4.693808811813002e6], [1943.546, 4.69383193820147e6], [1972.749, 4.693825957620674e6], [2332.856, 4.785659062508384e6], [2360.678, 4.785677116713379e6], [2407.216, 4.785691941204407e6], [2439.885, 4.785744649365011e6], [2518.078, 4.785803019030288e6], [3019.121, 4.785838759952502e6], [3074.509, 4.785803376713376e6], [3600.02, 4.87769137930429e6]]"
y_pb,[[-0.0 28.0 34.0 33.0 15.0 -0.0 -0.0 -0.0 -0.0 -0.0; -0.0 -0.0 -0.0 -0.0 -0.0 0.0 -0.0 -0.0 -0.0 -0.0; -0.0 -0.0 -0.0 -0.0 -0.0 0.0 -0.0 -0.0 -0.0 -0.0; -0.0 -0.0 -0.0 -0.0 -0.0 -0.0 -0.0 -0.0 26.0 -0.0; -0.0 -0.0 -0.0 -0.0 -0.0 -0.0 -0.0 -0.0 -0.0 0.0; -0.0 -0.0 -0.0 -0.0 -0.0 -0.0 -0.0 -0.0 -0.0 13.0;;;]]
x_bb,"[110.0, -0.0, -0.0, 26.0, -0.0, 13.0]"
x_box,"[106.0, 0.0, 0.0, 30.0, 0.0, 13.0]"
evol_zeta,"[[2.06, 26.0], [2.087, 18.0], [2.119, 16.0], [2.154, 14.0], [2.498, 13.0], [2.921, 13.0], [3.179, 13.0], [3.908, 13.0], [4.796, 13.0], [6.795, 13.0], [8.314, 11.666666666666668], [9.465, 13.0], [10.268, 11.3], [12.35, 10.699999999999998], [14.229, 8.333333333333332], [15.608, 5.000000000600011], [18.596, 5.0], [20.975, 7.777777777777778], [23.416, 7.777777777777778], [26.866, 5.000000000600011], [28.447, 6.1111114721337], [33.008, 6.0], [39.464, 8.0], [45.171, 5.600000000000001], [54.151, 7.333333333333333], [62.658, 5.555555555555557], [69.979, 6.0], [77.654, 7.0], [79.959, 6.0], [91.079, 6.799999845871525], [102.064, 5.999999999999999], [123.465, 4.800001794781824], [174.165, 5.666666666666668], [213.213, 6.0], [269.315, 5.444444444444443], [290.948, 4.999999999999993], [347.283, 6.0], [388.232, 5.0], [481.269, 4.888890277043051], [563.801, 5.0], [657.953, 5.0], [672.553, 5.0], [742.801, 7.0], [843.167, 6.111111111111104], [906.045, 5.0], [919.104, 4.222222222222221], [984.301, 5.0], [996.484, 5.0], [1193.375, 5.0], [1236.892, 4.333333333333332], [1405.863, 4.0], [1523.813, 5.0], [1924.769, 4.0], [1943.561, 5.0], [1972.769, 3.9999999999999996], [2332.873, 4.20000000000001], [2360.701, 4.0], [2407.239, 6.0], [2439.899, 3.7777777777777763], [2518.094, 3.299999999999997], [3019.144, 5.000000000000002], [3074.526, 4.0], [3600.036, 0.0]]"
ξ_box,[18.0 18.0 16.0 18.0; 28.0 28.0 23.0 26.0; 34.0 19.0 30.0 28.0; 31.0 22.0 29.0 27.0; 28.0 27.0 23.999999999999996 27.0; 21.0 21.0 20.0 21.0; 7.0 7.0 6.0 7.0; 18.0 18.0 15.0 14.0; 7.0 26.0 26.0 20.0; 6.0 13.0 13.0 13.0]
