first,second
s_box,[0.0 0.0 0.0 0.0 0.0; 0.0 0.0 0.0 0.0 9.0; 0.0 0.0 0.0 16.0 0.0; 8.0 28.0 28.0 0.0 0.0; 0.0 0.0 32.0 7.0 8.0; 4.0 0.0 13.0 0.0 26.0; 0.0 0.0 0.0 0.0 0.0; 2.0 0.0 0.0 0.0 0.0; 22.0 25.0 0.0 21.0 12.0; 50.0 33.0 14.0 41.0 31.0]
x_pb,"[46.0, 16.0, 32.0, 33.0, -0.0, -0.0]"
s_bb,[-0.0 -0.0 -0.0 -0.0 -0.0; -0.0 -0.0 -0.0 -0.0 -0.0; -0.0 -0.0 -0.0 -0.0 -0.0; 32.0 -0.0 -0.0 -0.0 -0.0; 32.0 -0.0 -0.0 -0.0 -0.0; 26.0 -0.0 -0.0 -0.0 -0.0; 26.0 -0.0 -0.0 -0.0 -0.0; 0.0 -0.0 -0.0 -0.0 -0.0; 9.0 -0.0 -0.0 -0.0 -0.0; 51.0 -0.0 -0.0 -0.0 -0.0]
partition_bb,"[[[0.0, 0.0, 0.0, 0.0, 0.0, 12.0, 13.0, 15.0, 36.0, 51.0], [3.0, 7.0, 12.0, 28.0, 32.0, 16.0, 15.0, 13.0, 1.0, 0.0], [25.0, 21.0, 16.0, 27.0, 23.0, 7.0, 6.0, 4.0, 0.0, 0.0], [0.0, 1.0, 6.0, 9.0, 13.0, 25.0, 26.0, 32.0, 15.0, 0.0], [0.0, 0.0, 0.0, 0.0, 2.0, 18.0, 19.0, 21.0, 42.0, 27.0], [7.0, 11.0, 16.0, 32.0, 28.0, 12.0, 12.0, 9.0, 0.0, 0.0], [0.0, 0.0, 0.0, 6.0, 10.0, 26.0, 25.0, 19.0, 2.0, 1.0]], [[12.0, 11.0, 16.0, 6.0, 10.0, 26.0, 25.0, 19.0, 2.0, 0.0]], Vector{Float64}[], Vector{Float64}[], Vector{Float64}[]]"
y_box,[13.0 9.0 0.0 4.0 19.0 0.0 0.0 0.0 0.0 0.0; 0.0 0.0 6.0 9.0 0.0 0.0 0.0 0.0 0.0 0.0; 0.0 0.0 0.0 0.0 0.0 15.0 18.0 15.0 0.0 0.0; 0.0 0.0 0.0 0.0 0.0 0.0 0.0 0.0 16.0 1.0; 0.0 0.0 0.0 0.0 0.0 0.0 0.0 0.0 0.0 0.0; 0.0 0.0 0.0 0.0 0.0 0.0 0.0 0.0 0.0 0.0;;; 25.0 14.0 0.0 0.0 2.0 0.0 0.0 0.0 0.0 5.0; 0.0 0.0 16.0 0.0 0.0 0.0 0.0 0.0 0.0 0.0; 0.0 7.0 0.0 0.0 22.0 9.0 10.0 0.0 0.0 0.0; 0.0 0.0 0.0 0.0 0.0 0.0 0.0 16.0 0.0 0.0; 0.0 0.0 0.0 0.0 0.0 0.0 0.0 0.0 0.0 0.0; 0.0 0.0 0.0 0.0 0.0 0.0 0.0 0.0 0.0 0.0;;; 25.0 21.0 0.0 0.0 0.0 0.0 0.0 0.0 0.0 0.0; 0.0 0.0 16.0 0.0 0.0 0.0 0.0 0.0 0.0 0.0; 0.0 0.0 0.0 0.0 0.0 6.0 18.0 24.0 0.0 0.0; 0.0 0.0 0.0 0.0 0.0 0.0 0.0 0.0 17.0 0.0; 0.0 0.0 0.0 0.0 0.0 0.0 0.0 0.0 0.0 0.0; 0.0 0.0 0.0 0.0 0.0 0.0 0.0 0.0 0.0 0.0;;; 18.0 21.0 0.0 5.0 0.0 0.0 0.0 2.0 0.0 0.0; 0.0 0.0 0.0 0.0 0.0 0.0 0.0 16.0 0.0 0.0; 0.0 0.0 0.0 0.0 1.0 24.0 23.0 0.0 0.0 0.0; 0.0 0.0 0.0 0.0 0.0 0.0 0.0 1.0 16.0 0.0; 0.0 0.0 0.0 0.0 0.0 0.0 0.0 0.0 0.0 0.0; 0.0 0.0 0.0 0.0 0.0 0.0 0.0 0.0 0.0 0.0;;; 13.0 0.0 10.0 21.0 1.0 0.0 0.0 0.0 1.0 0.0; 0.0 0.0 0.0 0.0 16.0 0.0 0.0 0.0 0.0 0.0; 0.0 0.0 0.0 0.0 0.0 0.0 16.0 32.0 0.0 0.0; 0.0 0.0 0.0 0.0 0.0 0.0 10.0 0.0 7.0 0.0; 0.0 0.0 0.0 0.0 0.0 0.0 0.0 0.0 0.0 0.0; 0.0 0.0 0.0 0.0 0.0 0.0 0.0 0.0 0.0 0.0]
evol_bb,"[[8.095, 1.9151468299321286e7], [37.308, 1.915146829932128e7]]"
y_bb,[25.0 21.0 -0.0 -0.0 -0.0 -0.0 -0.0 -0.0 -0.0 -0.0; -0.0 -0.0 16.0 0.0 0.0 -0.0 -0.0 -0.0 -0.0 -0.0; -0.0 -0.0 -0.0 -0.0 -0.0 0.0 -0.0 32.0 -0.0 -0.0; -0.0 -0.0 -0.0 -0.0 -0.0 -0.0 -0.0 -0.0 33.0 -0.0; -0.0 -0.0 -0.0 -0.0 -0.0 -0.0 -0.0 -0.0 -0.0 -0.0; -0.0 -0.0 -0.0 -0.0 -0.0 -0.0 -0.0 -0.0 -0.0 0.0;;; -0.0 -0.0 -0.0 -0.0 -0.0 26.0 4.0 14.0 2.0 -0.0; -0.0 -0.0 16.0 -0.0 0.0 -0.0 -0.0 0.0 -0.0 -0.0; -0.0 11.0 -0.0 -0.0 -0.0 -0.0 21.0 -0.0 -0.0 -0.0; 12.0 -0.0 -0.0 6.0 10.0 -0.0 -0.0 5.0 -0.0 -0.0; -0.0 -0.0 -0.0 -0.0 -0.0 -0.0 -0.0 -0.0 0.0 -0.0; -0.0 -0.0 -0.0 -0.0 -0.0 -0.0 -0.0 -0.0 -0.0 -0.0;;; -0.0 -0.0 -0.0 -0.0 -0.0 -0.0 -0.0 -0.0 -0.0 -0.0; -0.0 -0.0 -0.0 -0.0 -0.0 -0.0 -0.0 -0.0 -0.0 -0.0; -0.0 -0.0 -0.0 -0.0 -0.0 -0.0 -0.0 -0.0 -0.0 -0.0; -0.0 -0.0 -0.0 -0.0 -0.0 -0.0 -0.0 -0.0 -0.0 -0.0; -0.0 -0.0 -0.0 -0.0 -0.0 -0.0 -0.0 -0.0 -0.0 -0.0; -0.0 -0.0 -0.0 -0.0 -0.0 -0.0 -0.0 -0.0 -0.0 -0.0;;; -0.0 -0.0 -0.0 -0.0 -0.0 -0.0 -0.0 -0.0 -0.0 -0.0; -0.0 -0.0 -0.0 -0.0 -0.0 -0.0 -0.0 -0.0 -0.0 -0.0; -0.0 -0.0 -0.0 -0.0 -0.0 -0.0 -0.0 -0.0 -0.0 -0.0; -0.0 -0.0 -0.0 -0.0 -0.0 -0.0 -0.0 -0.0 -0.0 -0.0; -0.0 -0.0 -0.0 -0.0 -0.0 -0.0 -0.0 -0.0 -0.0 -0.0; -0.0 -0.0 -0.0 -0.0 -0.0 -0.0 -0.0 -0.0 -0.0 -0.0;;; -0.0 -0.0 -0.0 -0.0 -0.0 -0.0 -0.0 -0.0 -0.0 -0.0; -0.0 -0.0 -0.0 -0.0 -0.0 -0.0 -0.0 -0.0 -0.0 -0.0; -0.0 -0.0 -0.0 -0.0 -0.0 -0.0 -0.0 -0.0 -0.0 -0.0; -0.0 -0.0 -0.0 -0.0 -0.0 -0.0 -0.0 -0.0 -0.0 -0.0; -0.0 -0.0 -0.0 -0.0 -0.0 -0.0 -0.0 -0.0 -0.0 -0.0; -0.0 -0.0 -0.0 -0.0 -0.0 -0.0 -0.0 -0.0 -0.0 -0.0]
evol_box,"[[0.414, 0.0], [2.078, 1691.4095543753356], [2.217, 2817.7611108127808], [2.556, 872338.9794502652], [2.98, 872338.9794502652], [3.157, 872338.9794502652], [3.414, 3.8090811435294338e6], [4.592, 4.462771245804921e6], [4.857, 4.462771245804938e6], [6.948, 4.680446268442287e6], [8.018, 4.680446268442287e6], [9.985, 4.680446268442269e6], [12.253, 6.529446711044152e6], [14.25, 6.529446711044179e6], [18.287, 6.529446711044179e6], [22.13, 6.747072782265488e6], [29.375, 7.073428805512273e6], [33.023, 7.073428805512274e6], [40.419, 7.291555658699422e6], [48.13, 7.291555658699422e6], [54.972, 7.617786243313931e6], [70.114, 7.617798710680235e6], [81.502, 7.835535122269585e6], [87.295, 7.835535122269586e6], [95.772, 7.835727129994646e6], [118.154, 8.161551706324775e6], [141.101, 8.1617500394422095e6], [177.399, 8.379249243313741e6], [198.674, 8.379424191867922e6], [222.15, 8.379544262498915e6], [259.793, 8.4881647545527e6], [299.747, 8.488168723670077e6], [802.621, 8.705634535850449e6], [1296.386, 8.705779833917959e6], [1350.878, 8.81447263057721e6], [1448.009, 8.814724895053383e6], [1519.049, 8.923285659040496e6], [1595.072, 8.923325984979725e6], [1679.539, 8.923474891169598e6], [1803.996, 9.032522142556217e6], [1946.18, 9.0323765922993e6], [2097.092, 9.033659688348051e6], [2250.974, 9.14096638402164e6], [2427.488, 9.14079915517616e6], [2557.401, 9.141007077875374e6], [2709.244, 9.141100069112647e6], [2920.496, 9.249919209724644e6], [3269.705, 9.358824987226998e6], [3600.197, 9.467321501978435e6]]"
y_pb,[[25.0 21.0 -0.0 -0.0 -0.0 -0.0 -0.0 -0.0 -0.0 -0.0; -0.0 -0.0 16.0 -0.0 -0.0 -0.0 -0.0 -0.0 -0.0 -0.0; -0.0 -0.0 -0.0 -0.0 -0.0 -0.0 -0.0 32.0 -0.0 -0.0; -0.0 -0.0 -0.0 -0.0 -0.0 -0.0 -0.0 -0.0 33.0 -0.0; -0.0 -0.0 -0.0 -0.0 -0.0 -0.0 -0.0 -0.0 -0.0 0.0; -0.0 -0.0 -0.0 -0.0 -0.0 -0.0 -0.0 -0.0 -0.0 0.0;;;]]
x_bb,"[46.0, 16.0, 32.0, 33.0, 0.0, 0.0]"
x_box,"[46.0, 16.0, 48.0, 17.0, 0.0, 0.0]"
evol_zeta,"[[1.662, 51.00000000000001], [2.156, 32.0], [2.26, 27.2], [2.597, 22.0], [3.022, 22.0], [3.17, 21.999999999999986], [3.45, 22.0], [4.626, 20.77777777777778], [4.892, 20.625], [6.97, 18.799999999999994], [8.044, 16.5], [10.009, 16.571429942155692], [12.306, 16.42857142857143], [14.33, 15.59999999999999], [18.346, 13.555555557011104], [22.178, 14.0], [29.443, 13.100000001410002], [33.058, 13.0], [40.444, 13.571428571428571], [48.196, 11.142857142857142], [55.024, 11.0], [70.155, 10.700000000000003], [81.524, 11.0], [87.343, 10.857142857142854], [95.806, 11.857143214071792], [118.198, 11.625], [141.144, 10.3], [177.449, 11.0], [198.71, 11.0], [222.175, 12.0], [259.846, 9.142857142857139], [299.821, 9.777777777777779], [802.649, 11.0], [1296.422, 10.5], [1350.95, 9.39999999999999], [1448.049, 10.285714286014287], [1519.087, 8.88888888888889], [1595.128, 8.666666666666663], [1679.585, 10.0], [1804.046, 10.444444444444443], [1946.224, 9.125], [2097.148, 9.5], [2251.057, 9.142857142857144], [2427.527, 10.124999999999993], [2557.485, 9.555555555555557], [2709.296, 8.857142857142858], [2920.573, 9.25], [3269.766, 8.777777777777779], [3600.22, 0.0]]"
ξ_box,[13.0 25.0 25.0 18.0 13.0; 9.0 21.0 21.0 21.0 9.0; 6.0 16.0 16.0 16.0 10.0; 21.0 28.0 28.0 5.0 21.0; 19.0 24.0 32.0 8.0 25.0; 19.0 9.0 19.0 24.0 26.0; 18.0 10.0 18.0 23.0 26.0; 17.0 16.0 24.0 19.0 32.0; 38.0 25.0 17.0 37.0 20.0; 51.0 38.0 14.0 41.0 31.0]
