first,second
s_box,[30.0 31.0; 29.0 29.0; 0.0 0.0; 13.0 7.0; 0.0 0.0; 25.0 25.0; 0.0 0.0; 0.0 4.0; 0.0 0.0; 0.0 0.0]
x_pb,"[65.0, 34.0, 35.0, 37.0, -0.0, -0.0]"
s_bb,[-0.0 29.0; 29.0 28.0; -0.0 -0.0; -0.0 0.0; 33.0 15.0; 1.0 25.0; -0.0 0.0; 32.0 -0.0; -0.0 -0.0; -0.0 -0.0]
partition_bb,"[[[31.0, 29.0, 18.0, 22.0, 14.0, 0.0, 9.0, 19.0, 5.0, 0.0], [30.0, 28.0, 17.0, 10.0, 11.0, 25.0, 17.0, 4.0, 0.0, 0.0], [27.0, 25.0, 18.0, 25.0, 33.0, 21.0, 17.0, 5.0, 0.0, 0.0], [31.0, 29.0, 18.0, 17.0, 9.0, 0.0, 9.0, 22.0, 21.0, 16.0], [31.0, 29.0, 18.0, 11.0, 4.0, 16.0, 15.0, 28.0, 10.0, 9.0], [31.0, 29.0, 18.0, 11.0, 16.0, 25.0, 23.0, 18.0, 0.0, 0.0], [31.0, 29.0, 18.0, 11.0, 15.0, 20.0, 29.0, 18.0, 0.0, 0.0], [31.0, 29.0, 18.0, 29.0, 21.0, 7.0, 5.0, 8.0, 9.0, 14.0], [30.0, 28.0, 17.0, 10.0, 4.0, 10.0, 19.0, 32.0, 14.0, 13.0], [31.0, 29.0, 18.0, 11.0, 15.0, 22.0, 31.0, 18.0, 0.0, 0.0], [27.0, 29.0, 18.0, 11.0, 16.0, 23.0, 32.0, 19.0, 1.0, 0.0]], [[5.0, 7.0, 18.0, 7.0, 15.0, 25.0, 22.0, 35.0, 21.0, 16.0], [8.0, 10.0, 18.0, 28.0, 33.0, 25.0, 17.0, 5.0, 11.0, 16.0], [25.0, 23.0, 12.0, 10.0, 18.0, 25.0, 34.0, 21.0, 3.0, 2.0], [26.0, 28.0, 17.0, 10.0, 5.0, 11.0, 20.0, 33.0, 15.0, 14.0], [29.0, 27.0, 16.0, 9.0, 16.0, 23.0, 32.0, 19.0, 1.0, 0.0], [9.0, 11.0, 18.0, 29.0, 21.0, 23.0, 32.0, 19.0, 7.0, 2.0]]]"
y_box,[0.0 0.0 18.0 16.0 31.0 0.0 0.0 0.0 0.0 0.0; 0.0 0.0 0.0 0.0 0.0 0.0 34.0 0.0 0.0 0.0; 0.0 0.0 0.0 0.0 0.0 0.0 0.0 35.0 0.0 0.0; 0.0 0.0 0.0 0.0 0.0 0.0 0.0 0.0 21.0 16.0; 0.0 0.0 0.0 0.0 0.0 0.0 0.0 0.0 0.0 0.0; 0.0 0.0 0.0 0.0 0.0 0.0 0.0 0.0 0.0 0.0;;; 0.0 0.0 18.0 10.0 0.0 0.0 0.0 0.0 21.0 16.0; 0.0 0.0 0.0 0.0 0.0 0.0 9.0 25.0 0.0 0.0; 0.0 0.0 0.0 0.0 33.0 0.0 0.0 2.0 0.0 0.0; 0.0 0.0 0.0 12.0 0.0 0.0 25.0 0.0 0.0 0.0; 0.0 0.0 0.0 0.0 0.0 0.0 0.0 0.0 0.0 0.0; 0.0 0.0 0.0 0.0 0.0 0.0 0.0 0.0 0.0 0.0]
evol_bb,"[[0.423, 1.0609941780755995e7], [0.868, 1.0609941780755993e7], [5.181, 1.0503872568439886e7], [7.882, 1.0397803356123775e7], [11.668, 1.0397803356123773e7], [12.316, 1.0291734143807665e7], [15.136, 1.0291715446207771e7], [22.867, 1.029171544620777e7], [23.297, 1.0291715446207767e7]]"
y_bb,[15.0 -0.0 18.0 -0.0 -0.0 -0.0 32.0 -0.0 -0.0 -0.0; -0.0 -0.0 0.0 0.0 -0.0 18.0 -0.0 -0.0 -0.0 16.0; -0.0 -0.0 -0.0 29.0 0.0 6.0 -0.0 0.0 -0.0 0.0; 16.0 0.0 -0.0 -0.0 -0.0 -0.0 0.0 -0.0 21.0 -0.0; -0.0 -0.0 -0.0 -0.0 -0.0 -0.0 0.0 -0.0 -0.0 -0.0; -0.0 -0.0 -0.0 -0.0 -0.0 -0.0 -0.0 0.0 -0.0 -0.0;;; 0.0 0.0 18.0 29.0 18.0 -0.0 -0.0 -0.0 -0.0 -0.0; -0.0 -0.0 -0.0 -0.0 -0.0 -0.0 34.0 0.0 -0.0 -0.0; -0.0 -0.0 -0.0 -0.0 -0.0 -0.0 -0.0 35.0 0.0 -0.0; -0.0 -0.0 -0.0 -0.0 -0.0 -0.0 -0.0 -0.0 21.0 16.0; -0.0 -0.0 -0.0 -0.0 -0.0 -0.0 -0.0 -0.0 -0.0 0.0; -0.0 -0.0 -0.0 -0.0 -0.0 -0.0 -0.0 -0.0 -0.0 0.0]
evol_box,"[[0.407, 0.0], [1.995, 2643.8104628412984], [2.079, 3959.777951418221], [2.096, 5.518512097015768e6], [2.159, 5.518512097016073e6], [2.178, 5.518628700912036e6], [2.322, 7.215718594057386e6], [2.434, 7.6399801342233205e6], [2.522, 8.806736424303208e6], [2.666, 8.912809667787202e6], [2.718, 8.912809667787202e6], [2.79, 8.912809667787202e6], [2.873, 9.018833534844166e6], [2.954, 9.124988525215475e6], [3.085, 9.337036442563087e6], [3.198, 9.337036442563087e6], [3.356, 9.337036442563087e6], [3.496, 9.337117679718135e6], [3.625, 9.549187332261905e6], [3.724, 9.549187332261907e6], [3.856, 9.761338221960723e6], [3.966, 9.761361184989328e6], [4.074, 9.761369457733132e6], [4.244, 9.76139332118879e6], [4.372, 9.867469348876374e6], [4.488, 9.867469348876374e6], [4.61, 9.973489111659542e6], [4.773, 9.973489111659542e6], [4.945, 9.973531745821008e6], [5.118, 9.97353174582101e6], [5.237, 9.97353174582101e6], [5.459, 1.0079564521329904e7], [5.608, 1.007956455650895e7], [5.746, 1.018564000135836e7], [5.907, 1.018564000135836e7], [6.171, 1.018564000135836e7], [6.543, 1.0185640001358356e7], [6.729, 1.0185658698958255e7], [6.961, 1.0185664931491554e7], [7.2, 1.0185664931491556e7], [7.566, 1.0185664931491556e7], [7.738, 1.0185664931491558e7], [7.936, 1.0185664868400754e7], [8.138, 1.0185664931491554e7], [8.369, 1.029171544620777e7], [8.575, 1.0291715446207767e7], [8.906, 1.029171544620777e7]]"
y_pb,[[-0.0 -0.0 18.0 14.0 33.0 -0.0 -0.0 -0.0 -0.0 -0.0; -0.0 -0.0 -0.0 -0.0 -0.0 -0.0 34.0 -0.0 -0.0 -0.0; -0.0 -0.0 -0.0 -0.0 -0.0 -0.0 -0.0 35.0 -0.0 -0.0; -0.0 -0.0 -0.0 -0.0 -0.0 -0.0 -0.0 -0.0 21.0 16.0; -0.0 -0.0 -0.0 -0.0 -0.0 -0.0 -0.0 -0.0 -0.0 0.0; -0.0 -0.0 -0.0 -0.0 -0.0 -0.0 -0.0 -0.0 -0.0 0.0;;;]]
x_bb,"[65.0, 34.0, 35.0, 37.0, -0.0, -0.0]"
x_box,"[65.0, 34.0, 35.0, 37.0, 0.0, 0.0]"
evol_zeta,"[[1.645, 35.0], [2.068, 26.0], [2.085, 26.0], [2.102, 18.000000000000025], [2.161, 18.0], [2.219, 20.200000000000003], [2.349, 12.0], [2.44, 12.0], [2.525, 5.0], [2.672, 9.0], [2.724, 9.0], [2.797, 5.799999999999997], [2.879, 4.000000000000002], [2.972, 5.799999999999997], [3.091, 4.0], [3.202, 4.0], [3.362, 4.0], [3.54, 4.0], [3.629, 4.5], [3.731, 4.0], [3.865, 4.0], [3.972, 3.999994760576527], [4.087, 4.0], [4.259, 1.7000000000000028], [4.378, 3.0], [4.491, 3.0], [4.618, 3.0], [4.784, 1.2999999999999972], [4.963, 1.5999999999999943], [5.122, 1.5], [5.244, 1.0], [5.463, 3.875], [5.62, 1.0000000002000036], [5.75, 4.0], [5.922, 0.7999999999999972], [6.191, 0.8888888888888912], [6.554, 0.29999999999999716], [6.736, 0.9999999999999718], [6.969, 0.5999999999999979], [7.207, 0.20000000000000284], [7.573, 0.5], [7.743, 0.3999999999999986], [7.95, 0.39999982457337424], [8.147, 0.20000000000000284], [8.378, 0.75], [8.609, 1.9999019968963694e-6], [8.919, 0.0]]"
ξ_box,[30.0 31.0; 29.0 29.0; 18.0 18.0; 29.0 29.0; 31.0 33.0; 25.0 25.0; 34.0 34.0; 35.0 31.0; 21.0 21.0; 16.0 16.0]
