first,second
s_box,[34.0; 48.0; 50.0; 49.0; 0.0; 0.0; 0.0; 0.0; 25.0; 0.0;;]
x_pb,"[-0.0, -0.0, -0.0, 37.0, 62.0, 42.0]"
s_bb,[34.0; 48.0; 50.0; 49.0; 0.0; 0.0; 0.0; 0.0; 25.0; 0.0;;]
partition_bb,"[[[21.0, 36.0, 50.0, 37.0, 0.0, 0.0, 0.0, 0.0, 0.0, 0.0], [0.0, 0.0, 0.0, 0.0, 16.0, 19.0, 26.0, 24.0, 19.0, 36.0], [34.0, 19.0, 5.0, 0.0, 0.0, 0.0, 0.0, 0.0, 0.0, 0.0], [33.0, 48.0, 34.0, 26.0, 0.0, 0.0, 0.0, 0.0, 0.0, 0.0], [15.0, 0.0, 0.0, 0.0, 12.0, 15.0, 22.0, 32.0, 31.0, 15.0], [12.0, 27.0, 36.0, 49.0, 11.0, 9.0, 1.0, 0.0, 0.0, 0.0], [0.0, 0.0, 0.0, 0.0, 15.0, 18.0, 25.0, 35.0, 30.0, 18.0], [0.0, 0.0, 0.0, 0.0, 17.0, 20.0, 27.0, 26.0, 21.0, 14.0]]]"
y_box,[0.0 0.0 0.0 0.0 -0.0 -0.0 -0.0 -0.0 -0.0 -0.0; -0.0 -0.0 -0.0 -0.0 -0.0 -0.0 -0.0 -0.0 -0.0 -0.0; -0.0 -0.0 -0.0 -0.0 -0.0 -0.0 -0.0 -0.0 -0.0 -0.0; -0.0 -0.0 -0.0 -0.0 17.0 20.0 -0.0 -0.0 -0.0 -0.0; -0.0 -0.0 -0.0 -0.0 -0.0 -0.0 27.0 35.0 -0.0 -0.0; -0.0 -0.0 -0.0 -0.0 -0.0 -0.0 -0.0 -0.0 6.0 36.0;;;]
evol_bb,"[[0.309, 2.6518381332137614e7]]"
y_bb,[0.0 0.0 0.0 0.0 -0.0 -0.0 -0.0 -0.0 -0.0 -0.0; -0.0 -0.0 -0.0 -0.0 -0.0 -0.0 -0.0 -0.0 -0.0 -0.0; -0.0 -0.0 -0.0 -0.0 -0.0 -0.0 -0.0 -0.0 -0.0 -0.0; -0.0 -0.0 -0.0 -0.0 17.0 20.0 -0.0 -0.0 -0.0 -0.0; -0.0 -0.0 -0.0 -0.0 -0.0 -0.0 27.0 35.0 -0.0 -0.0; -0.0 -0.0 -0.0 -0.0 -0.0 -0.0 -0.0 -0.0 6.0 36.0;;;]
evol_box,"[[0.427, 0.0], [2.188, 393440.7060327061], [2.266, 1.8408780857204683e7], [2.271, 2.033961656621238e7], [2.277, 2.1884310710695356e7], [2.281, 2.3686453501823578e7], [2.285, 2.5231147646306556e7], [2.29, 2.6389666556210153e7], [2.295, 2.6518381332137614e7]]"
y_pb,[[-0.0 -0.0 -0.0 -0.0 0.0 -0.0 -0.0 -0.0 -0.0 -0.0; -0.0 -0.0 -0.0 -0.0 0.0 -0.0 -0.0 -0.0 -0.0 -0.0; -0.0 -0.0 -0.0 -0.0 0.0 -0.0 -0.0 -0.0 -0.0 -0.0; -0.0 -0.0 -0.0 -0.0 17.0 20.0 -0.0 -0.0 -0.0 -0.0; -0.0 -0.0 -0.0 -0.0 -0.0 -0.0 27.0 35.0 -0.0 -0.0; -0.0 -0.0 -0.0 -0.0 -0.0 -0.0 -0.0 -0.0 6.0 36.0;;;]]
x_bb,"[0.0, 0.0, 0.0, 37.0, 62.0, 42.0]"
x_box,"[0.0, 0.0, 0.0, 37.0, 62.0, 42.0]"
evol_zeta,"[[1.751, 49.25], [2.265, 35.99999999999999], [2.27, 13.0], [2.276, 12.000000001300009], [2.28, 12.0], [2.284, 11.42857142857143], [2.289, 9.0], [2.293, 1.0], [2.297, 0.0]]"
ξ_box,[34.0; 48.0; 50.0; 49.0; 17.0; 20.0; 27.0; 35.0; 31.0; 36.0;;]
