first,second
s_box,[48.0 50.0; 1.0 -0.0; -0.0 -0.0; -0.0 -0.0; 10.0 10.0; 5.0 5.0; 9.0 9.0; 13.0 13.0; 16.0 16.0; 17.0 16.0; 0.0 -0.0; -0.0 -0.0; -0.0 -0.0; -0.0 -0.0; -0.0 -0.0]
x_pb,"[100.0, -0.0, 41.0, 67.0, -0.0, 45.99999999999999]"
s_bb,[50.0 49.0; -0.0 -0.0; -0.0 -0.0; -0.0 -0.0; 10.0 10.0; 5.0 5.0; 9.0 9.0; 13.0 13.0; 8.0 8.0; 24.0 25.0; -0.0 -0.0; -0.0 -0.0; -0.0 -0.0; -0.0 -0.0; -0.0 -0.0]
partition_bb,"[[[50.0, 46.0, 40.0, 14.0, 5.0, 2.0, 1.0, 0.0, 0.0, 0.0, 6.0, 9.0, 16.0, 21.0, 45.0], [39.0, 35.0, 29.0, 0.0, 9.0, 5.0, 9.0, 13.0, 16.0, 25.0, 15.0, 18.0, 25.0, 17.0, 0.0], [6.0, 10.0, 16.0, 0.0, 0.0, 5.0, 9.0, 13.0, 16.0, 25.0, 8.0, 8.0, 19.0, 27.0, 3.0], [0.0, 0.0, 0.0, 0.0, 0.0, 5.0, 9.0, 13.0, 16.0, 25.0, 15.0, 17.0, 31.0, 23.0, 2.0], [50.0, 46.0, 40.0, 11.0, 2.0, 0.0, 0.0, 0.0, 0.0, 0.0, 8.0, 11.0, 21.0, 29.0, 36.0], [50.0, 46.0, 40.0, 12.0, 3.0, 0.0, 0.0, 0.0, 0.0, 9.0, 12.0, 14.0, 25.0, 33.0, 9.0], [42.0, 46.0, 40.0, 11.0, 2.0, 0.0, 0.0, 1.0, 2.0, 5.0, 14.0, 16.0, 27.0, 35.0, 11.0], [0.0, 0.0, 0.0, 1.0, 10.0, 5.0, 1.0, 0.0, 0.0, 0.0, 15.0, 18.0, 4.0, 0.0, 0.0], [6.0, 2.0, 0.0, 0.0, 0.0, 0.0, 0.0, 0.0, 0.0, 1.0, 15.0, 18.0, 17.0, 22.0, 46.0]], [[13.0, 17.0, 23.0, 0.0, 0.0, 5.0, 9.0, 13.0, 10.0, 19.0, 15.0, 17.0, 31.0, 36.0, 46.0], [38.0, 34.0, 28.0, 1.0, 10.0, 5.0, 9.0, 5.0, 6.0, 9.0, 15.0, 17.0, 31.0, 36.0, 12.0], [48.0, 44.0, 38.0, 14.0, 5.0, 2.0, 1.0, 0.0, 1.0, 4.0, 13.0, 15.0, 26.0, 34.0, 10.0], [27.0, 23.0, 17.0, 11.0, 2.0, 5.0, 9.0, 13.0, 16.0, 25.0, 15.0, 17.0, 28.0, 36.0, 12.0], [42.0, 46.0, 40.0, 11.0, 10.0, 5.0, 1.0, 0.0, 0.0, 1.0, 4.0, 6.0, 17.0, 25.0, 46.0], [37.0, 33.0, 27.0, 0.0, 0.0, 5.0, 9.0, 13.0, 16.0, 7.0, 15.0, 18.0, 28.0, 36.0, 12.0], [49.0, 45.0, 39.0, 10.0, 1.0, 0.0, 0.0, 1.0, 3.0, 6.0, 15.0, 17.0, 28.0, 36.0, 12.0]]]"
y_box,[1.0 45.0 40.0 14.0 -0.0 -0.0 -0.0 -0.0 -0.0 -0.0 -0.0 -0.0 -0.0 -0.0 -0.0; -0.0 -0.0 -0.0 -0.0 0.0 0.0 0.0 -0.0 -0.0 -0.0 -0.0 -0.0 -0.0 -0.0 -0.0; -0.0 -0.0 -0.0 -0.0 -0.0 -0.0 -0.0 0.0 0.0 8.0 15.0 18.0 1.0 -0.0 -0.0; -0.0 -0.0 -0.0 -0.0 -0.0 -0.0 -0.0 -0.0 -0.0 -0.0 -0.0 0.0 30.0 36.0 -0.0; -0.0 -0.0 -0.0 -0.0 -0.0 -0.0 -0.0 -0.0 -0.0 -0.0 -0.0 -0.0 -0.0 0.0 -0.0; -0.0 -0.0 -0.0 -0.0 -0.0 -0.0 -0.0 -0.0 -0.0 -0.0 -0.0 -0.0 -0.0 0.0 46.0;;; 0.0 46.0 40.0 14.0 0.0 -0.0 -0.0 -0.0 -0.0 -0.0 -0.0 -0.0 -0.0 -0.0 -0.0; -0.0 -0.0 -0.0 -0.0 -0.0 -0.0 0.0 -0.0 0.0 -0.0 -0.0 -0.0 -0.0 -0.0 -0.0; -0.0 -0.0 -0.0 -0.0 -0.0 -0.0 -0.0 -0.0 -0.0 9.0 15.0 18.0 0.0 -0.0 -0.0; -0.0 -0.0 -0.0 -0.0 -0.0 -0.0 -0.0 -0.0 -0.0 -0.0 -0.0 -0.0 31.0 35.0 -0.0; -0.0 -0.0 -0.0 -0.0 -0.0 -0.0 -0.0 -0.0 -0.0 -0.0 -0.0 -0.0 -0.0 -0.0 -0.0; -0.0 -0.0 -0.0 -0.0 -0.0 -0.0 -0.0 -0.0 -0.0 -0.0 -0.0 -0.0 -0.0 -0.0 46.0]
evol_bb,"[[0.407, 1.4791269529160067e7], [3.048, 1.4791269529160066e7], [29.166, 1.4668040914308848e7]]"
y_bb,[0.0 46.0 40.0 14.0 0.0 -0.0 -0.0 -0.0 -0.0 -0.0 -0.0 -0.0 -0.0 -0.0 -0.0; -0.0 -0.0 -0.0 -0.0 -0.0 0.0 0.0 -0.0 8.0 -0.0 0.0 -0.0 -0.0 -0.0 -0.0; -0.0 -0.0 -0.0 -0.0 -0.0 -0.0 -0.0 -0.0 -0.0 1.0 15.0 18.0 0.0 -0.0 -0.0; -0.0 -0.0 -0.0 -0.0 -0.0 -0.0 -0.0 -0.0 -0.0 -0.0 -0.0 -0.0 31.0 35.0 -0.0; -0.0 -0.0 -0.0 -0.0 -0.0 -0.0 -0.0 -0.0 -0.0 -0.0 -0.0 -0.0 -0.0 0.0 -0.0; -0.0 -0.0 -0.0 -0.0 -0.0 -0.0 -0.0 -0.0 -0.0 -0.0 -0.0 -0.0 -0.0 -0.0 46.0;;; 0.0 46.0 40.0 14.0 0.0 -0.0 -0.0 -0.0 -0.0 -0.0 -0.0 -0.0 -0.0 -0.0 -0.0; -0.0 -0.0 -0.0 -0.0 -0.0 0.0 0.0 0.0 8.0 0.0 -0.0 0.0 -0.0 -0.0 0.0; -0.0 -0.0 -0.0 -0.0 -0.0 -0.0 -0.0 -0.0 -0.0 -0.0 15.0 18.0 1.0 -0.0 -0.0; -0.0 -0.0 -0.0 -0.0 -0.0 -0.0 -0.0 -0.0 -0.0 -0.0 -0.0 -0.0 30.0 36.0 -0.0; -0.0 -0.0 -0.0 -0.0 -0.0 -0.0 -0.0 -0.0 -0.0 -0.0 -0.0 -0.0 -0.0 -0.0 -0.0; -0.0 -0.0 -0.0 -0.0 -0.0 -0.0 -0.0 -0.0 -0.0 -0.0 -0.0 -0.0 -0.0 0.0 46.0]
evol_box,"[[0.602, 0.0], [2.445, 126639.08341448783], [2.544, 249848.49191843992], [2.615, 8.629894890280098e6], [2.681, 8.629894890280098e6], [2.785, 9.492070869430771e6], [2.847, 1.2080016061801882e7], [2.943, 1.2326652892344588e7], [3.031, 1.2942850912464745e7], [3.135, 1.3558939040856794e7], [3.236, 1.368212920685473e7], [3.335, 1.3805359403120004e7], [3.458, 1.405184972618638e7], [3.601, 1.405184972618638e7], [3.698, 1.4051923542426912e7], [3.841, 1.417513706097695e7], [4.015, 1.4175137060976949e7], [4.148, 1.4175137060976949e7], [4.3, 1.429837077943021e7], [4.491, 1.4421558774043443e7], [4.648, 1.4421558774043448e7], [4.81, 1.4421558774043448e7], [5.015, 1.4421584671702879e7], [5.395, 1.4544812653382082e7], [5.564, 1.4668029925136037e7], [5.712, 1.4668029925136037e7], [5.892, 1.4668029925136037e7], [6.166, 1.4668040914308848e7]]"
y_pb,[[-0.0 46.0 40.0 14.0 -0.0 -0.0 -0.0 -0.0 -0.0 -0.0 -0.0 -0.0 -0.0 -0.0 -0.0; -0.0 -0.0 -0.0 -0.0 -0.0 -0.0 -0.0 -0.0 0.0 -0.0 -0.0 -0.0 -0.0 -0.0 -0.0; -0.0 -0.0 -0.0 -0.0 -0.0 -0.0 -0.0 -0.0 -0.0 8.0 15.0 18.0 -0.0 -0.0 -0.0; -0.0 -0.0 -0.0 -0.0 -0.0 -0.0 -0.0 -0.0 -0.0 -0.0 -0.0 -0.0 31.0 36.0 -0.0; -0.0 -0.0 -0.0 -0.0 -0.0 -0.0 -0.0 -0.0 -0.0 -0.0 -0.0 -0.0 -0.0 0.0 -0.0; -0.0 -0.0 -0.0 -0.0 -0.0 -0.0 -0.0 -0.0 -0.0 -0.0 -0.0 -0.0 -0.0 -0.0 46.0;;;]]
x_bb,"[100.0, 8.0, 34.0, 66.0, -0.0, 46.0]"
x_box,"[100.0, 0.0, 42.0, 66.0, 0.0, 46.0]"
evol_zeta,"[[2.046, 50.0], [2.533, 25.0], [2.548, 25.0], [2.62, 15.0], [2.7, 15.0], [2.789, 15.0], [2.855, 16.0], [2.948, 13.0], [3.039, 10.000000000000027], [3.139, 5.0], [3.238, 5.0], [3.342, 5.0], [3.474, 5.0], [3.603, 5.0], [3.704, 5.0], [3.862, 3.0], [4.018, 3.0], [4.156, 2.384615384615387], [4.309, 0.999999999999999], [4.509, 0.9999999999999858], [4.654, 1.0000000002000036], [4.843, 1.0], [5.046, 1.0000000002000036], [5.414, 1.0], [5.581, 1.0], [5.724, 0.9230769230769198], [5.899, 0.5833333333333286], [6.183, 0.0]]"
ξ_box,[49.0 50.0; 46.0 46.0; 40.0 40.0; 14.0 14.0; 10.0 10.0; 5.0 5.0; 9.0 9.0; 13.0 13.0; 16.0 16.0; 25.0 25.0; 15.0 15.0; 18.0 18.0; 31.0 31.0; 36.0 35.0; 46.0 46.0]
