first,second
s_box,[0.0; 0.0; 0.0; 0.0; 0.0; 23.0; 19.0; 5.0; 13.0; 4.0; 0.0; 0.0; 0.0; 0.0; 0.0;;]
x_pb,"[0.0, 72.0, 95.0, -0.0, 11.0, 98.0]"
s_bb,[0.0; 0.0; 0.0; 0.0; 0.0; 23.0; 19.0; 5.0; 13.0; 4.0; 0.0; 0.0; 0.0; 0.0; 0.0;;]
partition_bb,"[[[36.0, 36.0, 26.0, 36.0, 33.0, 23.0, 19.0, 16.0, 7.0, 4.0, 0.0, 8.0, 22.0, 11.0, 0.0], [36.0, 36.0, 26.0, 20.0, 31.0, 19.0, 17.0, 14.0, 7.0, 2.0, 7.0, 5.0, 16.0, 27.0, 14.0], [36.0, 36.0, 26.0, 17.0, 14.0, 9.0, 13.0, 16.0, 13.0, 4.0, 10.0, 18.0, 29.0, 21.0, 14.0]]]"
y_box,[-0.0 -0.0 -0.0 -0.0 -0.0 -0.0 -0.0 -0.0 -0.0 -0.0 -0.0 -0.0 -0.0 -0.0 -0.0; 36.0 36.0 -0.0 -0.0 -0.0 -0.0 -0.0 -0.0 -0.0 -0.0 -0.0 -0.0 -0.0 -0.0 -0.0; -0.0 -0.0 26.0 36.0 33.0 -0.0 -0.0 -0.0 -0.0 -0.0 -0.0 -0.0 -0.0 -0.0 -0.0; -0.0 -0.0 -0.0 -0.0 -0.0 -0.0 -0.0 -0.0 -0.0 -0.0 -0.0 -0.0 -0.0 -0.0 -0.0; -0.0 -0.0 -0.0 -0.0 -0.0 0.0 0.0 11.0 0.0 -0.0 -0.0 -0.0 -0.0 -0.0 -0.0; -0.0 -0.0 -0.0 -0.0 -0.0 -0.0 -0.0 -0.0 -0.0 0.0 10.0 18.0 29.0 27.0 14.0;;;]
evol_bb,"[[0.248, 8.244748131719329e6]]"
y_bb,[-0.0 -0.0 -0.0 -0.0 -0.0 -0.0 -0.0 -0.0 -0.0 -0.0 -0.0 -0.0 -0.0 -0.0 -0.0; 36.0 36.0 -0.0 -0.0 -0.0 -0.0 -0.0 -0.0 -0.0 -0.0 -0.0 -0.0 -0.0 -0.0 -0.0; -0.0 -0.0 26.0 36.0 33.0 -0.0 -0.0 -0.0 -0.0 -0.0 -0.0 -0.0 -0.0 -0.0 -0.0; -0.0 -0.0 -0.0 -0.0 -0.0 -0.0 -0.0 -0.0 -0.0 -0.0 -0.0 -0.0 -0.0 -0.0 -0.0; -0.0 -0.0 -0.0 -0.0 -0.0 0.0 0.0 11.0 0.0 -0.0 -0.0 -0.0 -0.0 -0.0 -0.0; -0.0 -0.0 -0.0 -0.0 -0.0 -0.0 -0.0 -0.0 -0.0 0.0 10.0 18.0 29.0 27.0 14.0;;;]
evol_box,"[[0.401, 0.0], [1.964, 133264.17358065036], [2.037, 7.34355489848676e6], [2.042, 8.244748131719329e6]]"
y_pb,[[-0.0 -0.0 -0.0 -0.0 -0.0 -0.0 -0.0 -0.0 -0.0 -0.0 -0.0 -0.0 -0.0 -0.0 -0.0; 36.0 36.0 -0.0 -0.0 -0.0 -0.0 -0.0 -0.0 -0.0 -0.0 -0.0 -0.0 -0.0 -0.0 -0.0; -0.0 -0.0 26.0 36.0 33.0 -0.0 -0.0 -0.0 -0.0 -0.0 -0.0 -0.0 -0.0 -0.0 -0.0; -0.0 -0.0 -0.0 -0.0 -0.0 0.0 -0.0 -0.0 -0.0 -0.0 -0.0 -0.0 -0.0 -0.0 -0.0; -0.0 -0.0 -0.0 -0.0 -0.0 -0.0 -0.0 11.0 -0.0 -0.0 -0.0 -0.0 -0.0 -0.0 -0.0; -0.0 -0.0 -0.0 -0.0 -0.0 -0.0 -0.0 -0.0 -0.0 -0.0 10.0 18.0 29.000000000000004 27.0 14.0;;;]]
x_bb,"[0.0, 72.0, 95.0, 0.0, 11.0, 98.0]"
x_box,"[0.0, 72.0, 95.0, 0.0, 11.0, 98.0]"
evol_zeta,"[[1.66, 36.0], [2.035, 16.0], [2.04, 7.0], [2.078, 0.0]]"
ξ_box,[36.0; 36.0; 26.0; 36.0; 33.0; 23.0; 19.0; 16.0; 13.0; 4.0; 10.0; 18.0; 29.0; 27.0; 14.0;;]
