first,second
s_box,[41.0 45.0; 11.0 16.0; 0.0 1.0; -0.0 0.0; -0.0 -0.0; 0.0 -0.0; 0.0 -0.0; -0.0 -0.0; -0.0 -0.0; 0.0 -0.0; 0.0 0.0; 32.0 32.0; 36.0 30.0; 4.0 -0.0; -0.0 -0.0]
x_pb,"[81.0, 42.0, 17.0, 9.0, 65.0, -0.0]"
s_bb,[41.0 45.0; 11.0 17.0; 0.0 0.0; 0.0 0.0; 0.0 0.0; 0.0 0.0; 0.0 0.0; 0.0 0.0; 0.0 0.0; 0.0 0.0; 0.0 0.0; 32.0 32.0; 36.0 30.0; 4.0 0.0; 0.0 0.0]
partition_bb,"[[[3.0, 6.0, 10.0, 4.0, 3.0, 2.0, 0.0, 0.0, 0.0, 0.0, 9.0, 30.0, 36.0, 31.0, 26.0], [37.0, 23.0, 17.0, 16.0, 0.0, 0.0, 0.0, 0.0, 0.0, 0.0, 7.0, 28.0, 34.0, 29.0, 24.0], [17.0, 3.0, 9.0, 3.0, 9.0, 8.0, 2.0, 9.0, 14.0, 17.0, 9.0, 23.0, 29.0, 34.0, 29.0], [9.0, 23.0, 27.0, 21.0, 2.0, 1.0, 0.0, 0.0, 0.0, 0.0, 9.0, 30.0, 36.0, 31.0, 26.0], [17.0, 31.0, 25.0, 19.0, 0.0, 0.0, 0.0, 0.0, 0.0, 0.0, 7.0, 28.0, 34.0, 29.0, 24.0], [19.0, 33.0, 27.0, 28.0, 9.0, 8.0, 2.0, 0.0, 0.0, 0.0, 0.0, 14.0, 20.0, 25.0, 30.0], [12.0, 26.0, 32.0, 26.0, 7.0, 6.0, 0.0, 0.0, 0.0, 0.0, 4.0, 25.0, 31.0, 26.0, 21.0], [41.0, 27.0, 21.0, 20.0, 3.0, 2.0, 0.0, 0.0, 0.0, 0.0, 0.0, 21.0, 27.0, 32.0, 27.0], [21.0, 35.0, 29.0, 23.0, 4.0, 3.0, 0.0, 0.0, 0.0, 0.0, 0.0, 19.0, 25.0, 30.0, 25.0], [8.0, 12.0, 8.0, 8.0, 8.0, 8.0, 2.0, 8.0, 8.0, 8.0, 9.0, 32.0, 36.0, 35.0, 30.0], [13.0, 27.0, 33.0, 27.0, 8.0, 7.0, 1.0, 0.0, 0.0, 0.0, 0.0, 20.0, 26.0, 31.0, 26.0]], [[45.0, 31.0, 25.0, 24.0, 7.0, 6.0, 0.0, 0.0, 0.0, 3.0, 0.0, 0.0, 0.0, 5.0, 10.0], [14.0, 28.0, 34.0, 28.0, 9.0, 8.0, 2.0, 9.0, 14.0, 17.0, 9.0, 17.0, 14.0, 9.0, 4.0], [14.0, 28.0, 34.0, 28.0, 9.0, 8.0, 2.0, 0.0, 0.0, 0.0, 0.0, 17.0, 23.0, 28.0, 23.0], [12.0, 26.0, 32.0, 26.0, 7.0, 6.0, 0.0, 0.0, 0.0, 1.0, 9.0, 32.0, 26.0, 21.0, 16.0], [26.0, 40.0, 34.0, 28.0, 9.0, 8.0, 2.0, 0.0, 0.0, 0.0, 0.0, 0.0, 0.0, 0.0, 0.0], [16.0, 28.0, 34.0, 28.0, 9.0, 8.0, 2.0, 0.0, 0.0, 0.0, 0.0, 14.0, 20.0, 25.0, 30.0], [41.0, 27.0, 21.0, 20.0, 3.0, 2.0, 0.0, 0.0, 0.0, 0.0, 3.0, 24.0, 30.0, 25.0, 20.0], [14.0, 28.0, 34.0, 28.0, 9.0, 8.0, 2.0, 0.0, 0.0, 0.0, 0.0, 19.0, 25.0, 30.0, 25.0], [42.0, 28.0, 22.0, 21.0, 4.0, 3.0, 0.0, 0.0, 0.0, 0.0, 0.0, 20.0, 26.0, 31.0, 26.0]]]"
y_box,[-0.0 24.0 32.99999999950471 28.0 -0.0 -0.0 -0.0 -0.0 -0.0 -0.0 -0.0 -0.0 -0.0 -0.0 -0.0; -0.0 -0.0 -0.0 -0.0 9.0 8.0 2.0 9.0 14.0 -0.0 -0.0 -0.0 -0.0 -0.0 -0.0; -0.0 -0.0 -0.0 -0.0 -0.0 -0.0 -0.0 -0.0 -0.0 17.0 -0.0 -0.0 -0.0 -0.0 -0.0; -0.0 -0.0 -0.0 -0.0 -0.0 -0.0 -0.0 -0.0 -0.0 -0.0 9.0 -0.0 -0.0 -0.0 -0.0; -0.0 -0.0 -0.0 -0.0 -0.0 -0.0 -0.0 -0.0 -0.0 -0.0 -0.0 0.0 0.0 31.0 30.0; -0.0 -0.0 -0.0 -0.0 -0.0 -0.0 -0.0 -0.0 -0.0 -0.0 -0.0 -0.0 -0.0 -0.0 -0.0;;; 0.0 23.999999999495124 33.0 28.0 -0.0 -0.0 -0.0 -0.0 -0.0 -0.0 -0.0 -0.0 -0.0 -0.0 -0.0; -0.0 -0.0 -0.0 -0.0 9.0 8.0 2.0 9.0 14.0 0.0 -0.0 -0.0 -0.0 -0.0 -0.0; -0.0 -0.0 -0.0 -0.0 -0.0 -0.0 -0.0 -0.0 0.0 17.0 -0.0 -0.0 -0.0 -0.0 -0.0; -0.0 -0.0 -0.0 -0.0 -0.0 -0.0 -0.0 -0.0 -0.0 -0.0 9.0 -0.0 -0.0 -0.0 -0.0; -0.0 -0.0 -0.0 -0.0 -0.0 -0.0 -0.0 -0.0 -0.0 -0.0 -0.0 0.0 0.0 31.0 30.0; -0.0 -0.0 -0.0 -0.0 -0.0 -0.0 -0.0 -0.0 -0.0 -0.0 -0.0 -0.0 -0.0 -0.0 0.0]
evol_bb,"[[0.818, 1.7273053783157647e7], [18.251, 1.7144166235271905e7], [39.172, 1.701527868738616e7], [46.046, 1.6886391139500417e7], [65.104, 1.675751300930231e7], [65.149, 1.6628630170260388e7], [77.828, 1.6499728495843183e7], [91.228, 1.637084094795744e7], [92.462, 1.6241976944290796e7], [102.871, 1.6241976944290794e7], [141.382, 1.6122850067174412e7], [149.898, 1.611306585218595e7], [158.857, 1.5984198029658953e7]]"
y_bb,[0.0 24.0 33.0 28.0 0.0 0.0 0.0 0.0 0.0 0.0 0.0 0.0 0.0 0.0 0.0; 0.0 0.0 0.0 0.0 9.0 8.0 2.0 9.0 14.0 0.0 0.0 0.0 0.0 0.0 0.0; 0.0 0.0 0.0 0.0 0.0 0.0 0.0 0.0 0.0 17.0 0.0 0.0 0.0 0.0 0.0; 0.0 0.0 0.0 0.0 0.0 0.0 0.0 0.0 0.0 0.0 9.0 0.0 0.0 0.0 0.0; 0.0 0.0 0.0 0.0 0.0 0.0 0.0 0.0 0.0 0.0 0.0 0.0 0.0 31.0 30.0; 0.0 0.0 0.0 0.0 0.0 0.0 0.0 0.0 0.0 0.0 0.0 0.0 0.0 0.0 0.0;;; 0.0 23.0 34.0 28.0 0.0 0.0 0.0 0.0 0.0 0.0 0.0 0.0 0.0 0.0 0.0; 0.0 0.0 0.0 0.0 9.0 8.0 2.0 9.0 14.0 0.0 0.0 0.0 0.0 0.0 0.0; 0.0 0.0 0.0 0.0 0.0 0.0 0.0 0.0 0.0 17.0 0.0 0.0 0.0 0.0 0.0; 0.0 0.0 0.0 0.0 0.0 0.0 0.0 0.0 0.0 0.0 9.0 0.0 0.0 0.0 0.0; 0.0 0.0 0.0 0.0 0.0 0.0 0.0 0.0 0.0 0.0 0.0 0.0 0.0 31.0 30.0; 0.0 0.0 0.0 0.0 0.0 0.0 0.0 0.0 0.0 0.0 0.0 0.0 0.0 0.0 0.0]
evol_box,"[[0.449, 0.0], [1.97, 2291.57660075992], [2.085, 4451.406020384127], [2.225, 5.80273066838382e6], [2.284, 6.188866867293311e6], [2.449, 9.282068498553159e6], [2.518, 9.282068498553162e6], [2.791, 1.1859782915152961e7], [2.97, 1.3406437049715763e7], [3.392, 1.4437533872867845e7], [3.805, 1.4437533872867847e7], [4.079, 1.4437533872867845e7], [4.312, 1.4437533872867847e7], [4.654, 1.4437588983205618e7], [4.875, 1.4695364078977106e7], [5.417, 1.4824244276361244e7], [5.978, 1.5081975172230436e7], [6.413, 1.5082006544834645e7], [6.92, 1.5339778274186727e7], [7.538, 1.5468684773141798e7], [7.902, 1.5597515660642974e7], [8.406, 1.5597518437420134e7], [9.01, 1.5597519327403607e7], [9.565, 1.5597534496018257e7], [10.133, 1.559755336995821e7], [10.601, 1.5726405985305883e7], [11.277, 1.572642482068116e7], [11.523, 1.572644091784396e7], [12.147, 1.5855294423175093e7], [12.726, 1.5855294423175087e7], [13.019, 1.5855309591789743e7], [13.555, 1.585530978956384e7], [14.017, 1.5855319048042063e7], [14.631, 1.5855319048042065e7], [15.274, 1.5984178304300208e7], [15.983, 1.5984179194283672e7], [16.483, 1.598418008426714e7], [17.071, 1.598418008426714e7], [17.531, 1.598418108107737e7], [18.155, 1.5984197139675487e7], [19.936, 1.5984197139675483e7], [20.608, 1.5984197139675487e7], [21.081, 1.5984197139675487e7], [21.627, 1.5984198029658955e7]]"
y_pb,[[-0.0 19.0 34.0 28.0 -0.0 -0.0 -0.0 -0.0 -0.0 -0.0 -0.0 -0.0 -0.0 -0.0 -0.0; -0.0 -0.0 -0.0 -0.0 9.0 8.0 2.0 9.0 14.0 -0.0 -0.0 -0.0 -0.0 -0.0 -0.0; -0.0 -0.0 -0.0 -0.0 -0.0 -0.0 -0.0 -0.0 -0.0 17.0 -0.0 -0.0 -0.0 -0.0 -0.0; -0.0 -0.0 -0.0 -0.0 -0.0 -0.0 -0.0 -0.0 -0.0 -0.0 9.0 -0.0 -0.0 -0.0 -0.0; -0.0 -0.0 -0.0 -0.0 -0.0 -0.0 -0.0 -0.0 -0.0 -0.0 -0.0 -0.0 -0.0 35.0 30.0; -0.0 -0.0 -0.0 -0.0 -0.0 -0.0 -0.0 -0.0 -0.0 -0.0 -0.0 -0.0 -0.0 -0.0 0.0;;;]]
x_bb,"[85.0, 42.0, 17.0, 9.0, 61.0, 0.0]"
x_box,"[85.0, 42.0, 17.0, 9.0, 61.00000000002038, 0.0]"
evol_zeta,"[[1.643, 45.0], [2.052, 36.0], [2.191, 31.46153846153846], [2.238, 14.0], [2.295, 14.0], [2.462, 14.0], [2.53, 14.0], [2.804, 18.0], [3.058, 12.700000000000003], [3.461, 10.833333333333336], [3.885, 7.54545454545454], [4.092, 7.0], [4.341, 6.000000000000001], [4.7, 8.454545454545453], [4.886, 4.63636363636364], [5.435, 5.600000000000016], [5.992, 5.000000000000002], [6.426, 3.0], [7.013, 2.81818181818182], [7.553, 4.363636363636374], [7.914, 4.0], [8.437, 2.0833333333333357], [9.076, 1.2727272727272734], [9.581, 3.9090909090909087], [10.226, 1.1000000000000092], [10.692, 1.7272727272727266], [11.295, 4.0], [11.628, 2.799999999999997], [12.24, 1.0000000002000007], [12.753, 1.0833333333333357], [13.036, 1.0], [13.654, 1.0], [14.085, 1.0], [14.725, 1.0000000002000036], [15.291, 1.000000000200004], [16.069, 0.5], [16.562, 0.9090909090909065], [17.083, 0.5454545454545467], [17.641, 1.0], [18.219, 0.8181818181818201], [20.025, 0.25], [20.71, 0.3636363636363646], [21.104, 0.2727272727272734], [21.663, 0.0]]"
ξ_box,[41.0 45.0; 35.00000000000001 40.0; 33.0 34.0; 28.0 28.0; 9.0 9.0; 8.0 8.0; 2.0 2.0; 9.0 9.0; 14.0 14.0; 17.0 17.0; 9.0 9.0; 32.0 32.0; 36.0 30.0; 35.0 31.0; 30.0 30.0]
