first,second
s_box,[51.0; 44.0; 46.0; 43.0; 21.0; 43.0; 0.0; 0.0; 0.0; 0.0; 0.0; 0.0; 11.0; 20.0; 15.0;;]
x_pb,"[22.0, 128.0, 34.0, 27.999999999999996, 20.0, -0.0]"
s_bb,[51.0; 44.0; 46.0; 43.0; 21.0; 43.0; 0.0; 0.0; 0.0; 0.0; 0.0; 0.0; 11.0; 20.0; 15.0;;]
partition_bb,"[[[51.0, 44.0, 38.0, 35.0, 27.0, 20.0, 13.0, 5.0, 0.0, 0.0, 0.0, 0.0, 0.0, 0.0, 0.0], [0.0, 0.0, 0.0, 4.0, 11.0, 22.0, 26.0, 37.0, 43.0, 34.0, 21.0, 16.0, 11.0, 7.0, 0.0], [12.0, 14.0, 19.0, 25.0, 32.0, 43.0, 31.0, 27.0, 22.0, 13.0, 0.0, 0.0, 0.0, 0.0, 0.0], [38.0, 33.0, 28.0, 22.0, 15.0, 7.0, 0.0, 0.0, 0.0, 5.0, 18.0, 20.0, 11.0, 20.0, 15.0], [5.0, 10.0, 15.0, 21.0, 28.0, 31.0, 43.0, 32.0, 26.0, 17.0, 4.0, 0.0, 0.0, 0.0, 0.0], [18.0, 25.0, 30.0, 35.0, 43.0, 32.0, 28.0, 17.0, 11.0, 2.0, 0.0, 0.0, 0.0, 0.0, 0.0], [26.0, 32.0, 37.0, 43.0, 35.0, 25.0, 21.0, 10.0, 4.0, 0.0, 0.0, 0.0, 0.0, 0.0, 0.0], [33.0, 40.0, 46.0, 40.0, 33.0, 22.0, 18.0, 7.0, 1.0, 0.0, 0.0, 0.0, 0.0, 0.0, 0.0], [17.0, 11.0, 6.0, 0.0, 8.0, 18.0, 22.0, 22.0, 28.0, 34.0, 28.0, 20.0, 11.0, 7.0, 0.0], [0.0, 0.0, 3.0, 9.0, 16.0, 26.0, 31.0, 42.0, 39.0, 30.0, 17.0, 12.0, 8.0, 3.0, 0.0]]]"
y_box,[0.0 0.0 0.0 0.0 22.0 0.0 -0.0 -0.0 -0.0 -0.0 -0.0 -0.0 -0.0 -0.0 -0.0; -0.0 -0.0 -0.0 -0.0 -0.0 -0.0 43.0 42.0 43.0 -0.0 -0.0 -0.0 -0.0 -0.0 -0.0; -0.0 -0.0 -0.0 -0.0 -0.0 -0.0 -0.0 -0.0 -0.0 34.0 -0.0 -0.0 -0.0 -0.0 -0.0; -0.0 -0.0 -0.0 -0.0 -0.0 -0.0 -0.0 -0.0 -0.0 -0.0 28.0 -0.0 -0.0 -0.0 -0.0; -0.0 -0.0 -0.0 -0.0 -0.0 -0.0 -0.0 -0.0 -0.0 -0.0 -0.0 20.0 -0.0 -0.0 -0.0; -0.0 -0.0 -0.0 -0.0 -0.0 -0.0 -0.0 -0.0 -0.0 -0.0 -0.0 -0.0 0.0 0.0 0.0;;;]
evol_bb,"[[0.35, 3.408704589710038e7]]"
y_bb,[0.0 0.0 0.0 0.0 22.0 0.0 -0.0 -0.0 -0.0 -0.0 -0.0 -0.0 -0.0 -0.0 -0.0; -0.0 -0.0 -0.0 -0.0 -0.0 -0.0 43.0 42.0 43.0 -0.0 -0.0 -0.0 -0.0 -0.0 -0.0; -0.0 -0.0 -0.0 -0.0 -0.0 -0.0 -0.0 -0.0 -0.0 34.0 -0.0 -0.0 -0.0 -0.0 -0.0; -0.0 -0.0 -0.0 -0.0 -0.0 -0.0 -0.0 -0.0 -0.0 -0.0 28.0 -0.0 -0.0 -0.0 -0.0; -0.0 -0.0 -0.0 -0.0 -0.0 -0.0 -0.0 -0.0 -0.0 -0.0 -0.0 20.0 -0.0 -0.0 -0.0; -0.0 -0.0 -0.0 -0.0 -0.0 -0.0 -0.0 -0.0 -0.0 -0.0 -0.0 -0.0 0.0 0.0 0.0;;;]
evol_box,"[[0.466, 0.0], [1.928, 122309.94263239046], [1.996, 2.0870728419628017e7], [2.005, 2.446464320361139e7], [2.013, 2.8174519369541027e7], [2.023, 2.9565673344505236e7], [2.032, 3.0840959422401167e7], [2.042, 3.1768442036793478e7], [2.051, 3.269592465118579e7], [2.061, 3.3507432413109034e7], [2.067, 3.408704589710038e7]]"
y_pb,[[-0.0 -0.0 -0.0 -0.0 22.0 -0.0 -0.0 -0.0 -0.0 -0.0 -0.0 -0.0 -0.0 -0.0 -0.0; -0.0 -0.0 -0.0 -0.0 -0.0 -0.0 43.00000000000001 42.0 43.00000000000001 -0.0 -0.0 -0.0 -0.0 -0.0 -0.0; -0.0 -0.0 -0.0 -0.0 -0.0 -0.0 -0.0 -0.0 -0.0 34.0 -0.0 -0.0 -0.0 -0.0 -0.0; -0.0 -0.0 -0.0 -0.0 -0.0 -0.0 -0.0 -0.0 -0.0 -0.0 28.0 -0.0 -0.0 -0.0 -0.0; -0.0 -0.0 -0.0 -0.0 -0.0 -0.0 -0.0 -0.0 -0.0 -0.0 -0.0 20.0 -0.0 -0.0 -0.0; -0.0 -0.0 -0.0 -0.0 -0.0 -0.0 -0.0 -0.0 -0.0 -0.0 -0.0 -0.0 -0.0 0.0 -0.0;;;]]
x_bb,"[22.0, 128.0, 34.0, 28.0, 20.0, 0.0]"
x_box,"[22.0, 128.0, 34.0, 28.0, 20.0, 0.0]"
evol_zeta,"[[1.608, 51.0], [1.994, 43.0], [2.003, 20.400000000000006], [2.011, 15.0], [2.021, 12.0], [2.03, 10.099999999999994], [2.04, 7.888888888888887], [2.05, 7.111111111111143], [2.059, 7.0], [2.065, 5.0], [2.075, 0.0]]"
ξ_box,[51.0; 44.0; 46.0; 43.0; 43.0; 43.0; 43.0; 42.0; 43.0; 34.0; 28.0; 20.0; 11.0; 20.0; 15.0;;]
