first,second
s_box,[0.0; 0.0; 0.0; 0.0; 0.0; 0.0; 45.0; 48.0; 9.0; 0.0; 31.0; 0.0; 0.0; 0.0; 0.0;;]
x_pb,"[65.0, -0.0, 29.0, -0.0, 64.0, 77.0]"
s_bb,[0.0; 0.0; 0.0; 0.0; 0.0; 0.0; 45.0; 48.0; 9.0; 0.0; 31.0; 0.0; 0.0; 0.0; 0.0;;]
partition_bb,"[[[3.0, 6.0, 7.0, 8.0, 10.0, 17.0, 44.0, 48.0, 34.0, 25.0, 17.0, 13.0, 6.0, 1.0, 0.0], [16.0, 12.0, 14.0, 5.0, 11.0, 18.0, 2.0, 6.0, 20.0, 29.0, 31.0, 21.0, 13.0, 16.0, 22.0], [0.0, 12.0, 14.0, 23.0, 11.0, 7.0, 24.0, 28.0, 14.0, 9.0, 17.0, 21.0, 13.0, 21.0, 22.0], [13.0, 12.0, 14.0, 5.0, 0.0, 0.0, 23.0, 27.0, 41.0, 32.0, 24.0, 20.0, 13.0, 6.0, 5.0], [4.0, 7.0, 8.0, 9.0, 11.0, 18.0, 45.0, 41.0, 27.0, 18.0, 10.0, 6.0, 5.0, 6.0, 10.0]]]"
y_box,[16.0 12.0 14.0 23.0 -0.0 -0.0 -0.0 -0.0 -0.0 -0.0 -0.0 -0.0 -0.0 -0.0 -0.0; -0.0 -0.0 -0.0 -0.0 -0.0 -0.0 -0.0 -0.0 -0.0 -0.0 -0.0 -0.0 -0.0 -0.0 -0.0; -0.0 -0.0 -0.0 -0.0 11.0 18.0 -0.0 -0.0 -0.0 -0.0 -0.0 -0.0 -0.0 -0.0 -0.0; -0.0 -0.0 -0.0 -0.0 -0.0 -0.0 0.0 0.0 -0.0 -0.0 -0.0 -0.0 -0.0 -0.0 -0.0; -0.0 -0.0 -0.0 -0.0 -0.0 -0.0 -0.0 -0.0 32.0 32.0 0.0 -0.0 -0.0 -0.0 -0.0; -0.0 -0.0 -0.0 -0.0 -0.0 -0.0 -0.0 -0.0 -0.0 -0.0 -0.0 21.0 13.0 21.0 22.0;;;]
evol_bb,"[[0.281, 1.5977487509242814e7]]"
y_bb,[16.0 12.0 14.0 23.0 -0.0 -0.0 -0.0 -0.0 -0.0 -0.0 -0.0 -0.0 -0.0 -0.0 -0.0; -0.0 -0.0 -0.0 -0.0 -0.0 -0.0 -0.0 -0.0 -0.0 -0.0 -0.0 -0.0 -0.0 -0.0 -0.0; -0.0 -0.0 -0.0 -0.0 11.0 18.0 -0.0 -0.0 -0.0 -0.0 -0.0 -0.0 -0.0 -0.0 -0.0; -0.0 -0.0 -0.0 -0.0 -0.0 -0.0 0.0 0.0 -0.0 -0.0 -0.0 -0.0 -0.0 -0.0 -0.0; -0.0 -0.0 -0.0 -0.0 -0.0 -0.0 -0.0 -0.0 32.0 32.0 0.0 -0.0 -0.0 -0.0 -0.0; -0.0 -0.0 -0.0 -0.0 -0.0 -0.0 -0.0 -0.0 -0.0 -0.0 -0.0 21.0 13.0 21.0 22.0;;;]
evol_box,"[[0.475, 0.0], [2.012, 486085.37731795164], [2.089, 1.2254708205021769e7], [2.095, 1.4055906295298964e7], [2.1, 1.585738338774817e7], [2.105, 1.5977487509242814e7]]"
y_pb,[[16.0 12.000000000000002 14.0 23.0 -0.0 -0.0 -0.0 -0.0 -0.0 -0.0 -0.0 -0.0 -0.0 -0.0 -0.0; -0.0 -0.0 -0.0 -0.0 0.0 -0.0 -0.0 -0.0 -0.0 -0.0 -0.0 -0.0 -0.0 -0.0 -0.0; -0.0 -0.0 -0.0 -0.0 11.0 18.0 -0.0 -0.0 -0.0 -0.0 -0.0 -0.0 -0.0 -0.0 -0.0; -0.0 -0.0 -0.0 -0.0 -0.0 -0.0 0.0 -0.0 -0.0 -0.0 -0.0 -0.0 -0.0 -0.0 -0.0; -0.0 -0.0 -0.0 -0.0 -0.0 -0.0 -0.0 -0.0 32.0 32.0 -0.0 -0.0 -0.0 -0.0 -0.0; -0.0 -0.0 -0.0 -0.0 -0.0 -0.0 -0.0 -0.0 -0.0 -0.0 -0.0 21.0 13.0 21.0 22.0;;;]]
x_bb,"[65.0, 0.0, 29.0, 0.0, 64.0, 77.0]"
x_box,"[65.0, 0.0, 29.0, 0.0, 64.0, 77.0]"
evol_zeta,"[[1.684, 47.714285714285715], [2.087, 22.0], [2.094, 15.0], [2.099, 7.0], [2.103, 1.0], [2.117, 0.0]]"
ξ_box,[16.0; 12.0; 14.0; 23.0; 11.0; 18.0; 45.0; 48.0; 41.0; 32.0; 31.0; 21.0; 13.0; 21.0; 22.0;;]
