first,second
s_box,[0.0; 0.0; 22.0; 0.0; 0.0; 0.0; 19.0; 33.0; 29.0; 32.0; 23.0; 0.0; 0.0; 0.0; 0.0;;]
x_pb,"[54.0, -0.0, 48.0, -0.0, -0.0, 155.0]"
s_bb,[0.0; 0.0; 22.0; 0.0; 0.0; 0.0; 19.0; 33.0; 29.0; 32.0; 23.0; 0.0; 0.0; 0.0; 0.0;;]
partition_bb,"[[[0.0, 0.0, 10.0, 7.0, 8.0, 21.0, 9.0, 13.0, 17.0, 14.0, 23.0, 26.0, 27.0, 36.0, 47.0], [32.0, 22.0, 22.0, 19.0, 8.0, 0.0, 9.0, 25.0, 29.0, 26.0, 10.0, 7.0, 7.0, 16.0, 27.0], [0.0, 0.0, 0.0, 0.0, 8.0, 21.0, 36.0, 33.0, 29.0, 29.0, 23.0, 26.0, 27.0, 18.0, 7.0], [29.0, 22.0, 0.0, 0.0, 8.0, 2.0, 17.0, 33.0, 29.0, 32.0, 23.0, 24.0, 23.0, 14.0, 3.0], [23.0, 13.0, 22.0, 19.0, 8.0, 21.0, 6.0, 2.0, 6.0, 9.0, 23.0, 25.0, 29.0, 20.0, 31.0]]]"
y_box,[32.0 22.0 -0.0 -0.0 -0.0 -0.0 -0.0 -0.0 -0.0 -0.0 -0.0 -0.0 -0.0 -0.0 -0.0; -0.0 -0.0 -0.0 -0.0 -0.0 -0.0 -0.0 -0.0 -0.0 -0.0 -0.0 -0.0 -0.0 -0.0 -0.0; -0.0 -0.0 -0.0 19.0 8.0 21.0 17.0 -0.0 -0.0 -0.0 -0.0 -0.0 -0.0 -0.0 -0.0; -0.0 -0.0 -0.0 -0.0 -0.0 -0.0 -0.0 0.0 0.0 0.0 -0.0 -0.0 -0.0 -0.0 -0.0; -0.0 -0.0 -0.0 -0.0 -0.0 -0.0 -0.0 -0.0 -0.0 -0.0 -0.0 -0.0 -0.0 -0.0 -0.0; -0.0 -0.0 -0.0 -0.0 -0.0 -0.0 -0.0 -0.0 -0.0 -0.0 -0.0 26.0 29.0 36.0 47.0;;;]
evol_bb,"[[0.287, 1.7880366194016173e7]]"
y_bb,[32.0 22.0 -0.0 -0.0 -0.0 -0.0 -0.0 -0.0 -0.0 -0.0 -0.0 -0.0 -0.0 -0.0 -0.0; -0.0 -0.0 -0.0 -0.0 -0.0 -0.0 -0.0 -0.0 -0.0 -0.0 -0.0 -0.0 -0.0 -0.0 -0.0; -0.0 -0.0 -0.0 19.0 8.0 21.0 17.0 -0.0 -0.0 -0.0 -0.0 -0.0 -0.0 -0.0 -0.0; -0.0 -0.0 -0.0 -0.0 -0.0 -0.0 -0.0 0.0 0.0 0.0 -0.0 -0.0 -0.0 -0.0 -0.0; -0.0 -0.0 -0.0 -0.0 -0.0 -0.0 -0.0 -0.0 -0.0 -0.0 -0.0 -0.0 -0.0 -0.0 -0.0; -0.0 -0.0 -0.0 -0.0 -0.0 -0.0 -0.0 -0.0 -0.0 -0.0 -0.0 26.0 29.0 36.0 47.0;;;]
evol_box,"[[0.472, 0.0], [2.016, 117623.49840575186], [2.092, 1.369397492633326e7], [2.097, 1.607003931940008e7], [2.102, 1.697520670723506e7], [2.108, 1.7654082248111296e7], [2.113, 1.7880366194016173e7]]"
y_pb,[[32.0 22.0 -0.0 -0.0 -0.0 -0.0 -0.0 -0.0 -0.0 -0.0 -0.0 -0.0 -0.0 -0.0 -0.0; -0.0 -0.0 0.0 -0.0 -0.0 -0.0 -0.0 -0.0 -0.0 -0.0 -0.0 -0.0 -0.0 -0.0 -0.0; -0.0 -0.0 -0.0 19.0 8.0 21.0 -0.0 -0.0 -0.0 -0.0 -0.0 -0.0 -0.0 -0.0 -0.0; -0.0 -0.0 -0.0 -0.0 -0.0 -0.0 0.0 -0.0 -0.0 -0.0 -0.0 -0.0 -0.0 -0.0 -0.0; -0.0 -0.0 -0.0 -0.0 -0.0 -0.0 -0.0 -0.0 -0.0 -0.0 0.0 -0.0 -0.0 -0.0 -0.0; -0.0 -0.0 -0.0 -0.0 -0.0 -0.0 -0.0 -0.0 -0.0 -0.0 17.0 26.0 29.000000000000004 36.0 47.0;;;]]
x_bb,"[54.0, 0.0, 65.0, 0.0, 0.0, 138.0]"
x_box,"[54.0, 0.0, 65.0, 0.0, 0.0, 138.0]"
evol_zeta,"[[1.687, 47.0], [2.09, 32.0], [2.096, 21.0], [2.101, 8.0], [2.106, 6.0], [2.111, 2.0], [2.118, 0.0]]"
ξ_box,[32.0; 22.0; 22.0; 19.0; 8.0; 21.0; 36.0; 33.0; 29.0; 32.0; 23.0; 26.0; 29.0; 36.0; 47.0;;]
