first,second
s_box,[0.0; 0.0; 0.0; 0.0; 0.0; 0.0; 0.0; 0.0; 8.0; 0.0; 13.0; 13.0; 7.0; 12.0; 14.0;;]
x_pb,"[24.0, 52.0, 36.0, 88.0, 27.0, -0.0]"
s_bb,[0.0; 0.0; 0.0; 0.0; 0.0; 0.0; 0.0; 0.0; 8.0; 0.0; 13.0; 13.0; 7.0; 12.0; 14.0;;]
partition_bb,"[[[0.0, 3.0, 10.0, 17.0, 22.0, 23.0, 47.0, 40.0, 13.0, 13.0, 12.0, 9.0, 7.0, 7.0, 4.0], [1.0, 3.0, 13.0, 13.0, 29.0, 36.0, 42.0, 35.0, 21.0, 14.0, 13.0, 8.0, 2.0, 0.0, 0.0], [1.0, 3.0, 11.0, 16.0, 7.0, 14.0, 21.0, 26.0, 7.0, 10.0, 9.0, 9.0, 7.0, 11.0, 14.0], [8.0, 3.0, 2.0, 12.0, 14.0, 15.0, 39.0, 41.0, 21.0, 14.0, 13.0, 13.0, 7.0, 12.0, 14.0], [1.0, 3.0, 13.0, 23.0, 29.0, 22.0, 33.0, 26.0, 19.0, 12.0, 13.0, 1.0, 7.0, 11.0, 14.0]]]"
y_box,[8.0 3.0 13.0 -0.0 -0.0 -0.0 -0.0 -0.0 -0.0 -0.0 -0.0 -0.0 -0.0 -0.0 -0.0; -0.0 -0.0 -0.0 23.0 29.0 -0.0 -0.0 -0.0 -0.0 -0.0 -0.0 -0.0 -0.0 -0.0 -0.0; -0.0 -0.0 -0.0 -0.0 -0.0 36.0 -0.0 -0.0 -0.0 -0.0 -0.0 -0.0 -0.0 -0.0 -0.0; -0.0 -0.0 -0.0 -0.0 -0.0 -0.0 47.0 41.0 -0.0 -0.0 -0.0 -0.0 -0.0 -0.0 -0.0; -0.0 -0.0 -0.0 -0.0 -0.0 -0.0 -0.0 -0.0 13.0 14.0 0.0 -0.0 -0.0 -0.0 -0.0; -0.0 -0.0 -0.0 -0.0 -0.0 -0.0 -0.0 -0.0 -0.0 -0.0 -0.0 0.0 0.0 0.0 0.0;;;]
evol_bb,"[[0.254, 8.578581941330781e6]]"
y_bb,[8.0 3.0 13.0 -0.0 -0.0 -0.0 -0.0 -0.0 -0.0 -0.0 -0.0 -0.0 -0.0 -0.0 -0.0; -0.0 -0.0 -0.0 23.0 29.0 -0.0 -0.0 -0.0 -0.0 -0.0 -0.0 -0.0 -0.0 -0.0 -0.0; -0.0 -0.0 -0.0 -0.0 -0.0 36.0 -0.0 -0.0 -0.0 -0.0 -0.0 -0.0 -0.0 -0.0 -0.0; -0.0 -0.0 -0.0 -0.0 -0.0 -0.0 47.0 41.0 -0.0 -0.0 -0.0 -0.0 -0.0 -0.0 -0.0; -0.0 -0.0 -0.0 -0.0 -0.0 -0.0 -0.0 -0.0 13.0 14.0 0.0 -0.0 -0.0 -0.0 -0.0; -0.0 -0.0 -0.0 -0.0 -0.0 -0.0 -0.0 -0.0 -0.0 -0.0 -0.0 0.0 0.0 0.0 0.0;;;]
evol_box,"[[0.437, 0.0], [1.879, 4766.492522268324], [1.95, 4.355413588520279e6], [1.955, 7.810843956282373e6], [1.961, 8.194693505449822e6], [1.966, 8.578581941330781e6]]"
y_pb,[[8.0 3.0000000000000004 13.0 -0.0 -0.0 -0.0 -0.0 -0.0 -0.0 -0.0 -0.0 -0.0 -0.0 -0.0 -0.0; -0.0 -0.0 -0.0 23.0 29.000000000000004 -0.0 -0.0 -0.0 -0.0 -0.0 -0.0 -0.0 -0.0 -0.0 -0.0; -0.0 -0.0 -0.0 -0.0 -0.0 36.0 -0.0 -0.0 -0.0 -0.0 -0.0 -0.0 -0.0 -0.0 -0.0; -0.0 -0.0 -0.0 -0.0 -0.0 -0.0 47.0 41.0 -0.0 -0.0 -0.0 -0.0 -0.0 -0.0 -0.0; -0.0 -0.0 -0.0 -0.0 -0.0 -0.0 -0.0 -0.0 13.000000000000002 14.0 -0.0 -0.0 -0.0 -0.0 -0.0; -0.0 -0.0 -0.0 -0.0 -0.0 -0.0 -0.0 -0.0 -0.0 -0.0 -0.0 0.0 -0.0 -0.0 -0.0;;;]]
x_bb,"[24.0, 52.0, 36.0, 88.0, 27.0, 0.0]"
x_box,"[24.0, 52.0, 36.0, 88.0, 27.0, 0.0]"
evol_zeta,"[[1.57, 47.0], [1.949, 13.0], [1.953, 10.0], [1.959, 3.000000000400007], [1.964, 3.0], [1.971, 0.0]]"
ξ_box,[8.0; 3.0; 13.0; 23.0; 29.0; 36.0; 47.0; 41.0; 21.0; 14.0; 13.0; 13.0; 7.0; 12.0; 14.0;;]
