first,second
s_box,[-0.0 -0.0; -0.0 -0.0; 3.0 8.0; 12.0 -0.0; -0.0 -0.0; -0.0 -0.0; -0.0 -0.0; -0.0 -0.0; -0.0 -0.0; -0.0 -0.0; -0.0 6.0; -0.0 -0.0; -0.0 -0.0; -0.0 -0.0; 6.0 6.0]
x_pb,"[32.0, 6.0, 12.0, 63.0, 31.0, 67.0]"
s_bb,[0.0 -0.0; 0.0 -0.0; 3.0 -0.0; 12.0 -0.0; 0.0 -0.0; 0.0 -0.0; 0.0 -0.0; 0.0 -0.0; 0.0 -0.0; 0.0 -0.0; 0.0 -0.0; 0.0 -0.0; 0.0 -0.0; 0.0 -0.0; 6.0 -0.0]
partition_bb,"[[[10.0, 14.0, 9.0, 10.0, 3.0, 3.0, 8.0, 14.0, 17.0, 24.0, 31.0, 27.0, 21.0, 15.0, 6.0], [18.0, 14.0, 0.0, 2.0, 9.0, 3.0, 8.0, 14.0, 17.0, 24.0, 29.0, 27.0, 25.0, 15.0, 6.0], [18.0, 14.0, 9.0, 12.0, 9.0, 3.0, 1.0, 14.0, 15.0, 24.0, 31.0, 19.0, 21.0, 15.0, 6.0]], Vector{Float64}[]]"
y_box,[18.0 14.0 -0.0 -0.0 -0.0 -0.0 -0.0 -0.0 -0.0 -0.0 -0.0 -0.0 -0.0 -0.0 -0.0; -0.0 0.0 6.0 -0.0 -0.0 -0.0 -0.0 -0.0 -0.0 -0.0 -0.0 -0.0 -0.0 -0.0 -0.0; -0.0 -0.0 -0.0 0.0 9.0 3.0 -0.0 -0.0 -0.0 -0.0 -0.0 -0.0 -0.0 -0.0 -0.0; -0.0 -0.0 -0.0 -0.0 -0.0 -0.0 8.0 14.0 17.0 24.0 -0.0 -0.0 -0.0 -0.0 -0.0; -0.0 -0.0 -0.0 -0.0 -0.0 -0.0 -0.0 -0.0 -0.0 -0.0 31.0 -0.0 -0.0 -0.0 -0.0; -0.0 -0.0 -0.0 -0.0 -0.0 -0.0 -0.0 -0.0 -0.0 -0.0 -0.0 27.0 25.0 15.0 0.0;;; 4.0 5.0 -0.0 12.0 -0.0 3.0 8.0 -0.0 -0.0 -0.0 -0.0 -0.0 -0.0 -0.0 -0.0; 6.0 -0.0 -0.0 -0.0 -0.0 -0.0 -0.0 -0.0 -0.0 -0.0 -0.0 -0.0 -0.0 -0.0 -0.0; -0.0 9.0 -0.0 -0.0 -0.0 0.0 -0.0 -0.0 -0.0 3.0 -0.0 -0.0 -0.0 -0.0 -0.0; -0.0 -0.0 9.0 -0.0 -0.0 -0.0 -0.0 14.0 0.0 21.0 19.0 -0.0 -0.0 -0.0 -0.0; -0.0 -0.0 9.0 -0.0 3.0 -0.0 -0.0 0.0 17.0 -0.0 2.0 -0.0 -0.0 -0.0 -0.0; -0.0 -0.0 -0.0 -0.0 -0.0 -0.0 -0.0 -0.0 -0.0 -0.0 4.0 27.0 21.0 15.0 0.0]
evol_bb,"[[0.314, 2.535611279043439e6]]"
y_bb,[18.0 14.0 -0.0 -0.0 -0.0 -0.0 -0.0 -0.0 -0.0 -0.0 -0.0 -0.0 -0.0 -0.0 -0.0; -0.0 -0.0 6.0 -0.0 -0.0 -0.0 -0.0 -0.0 -0.0 -0.0 -0.0 -0.0 -0.0 -0.0 -0.0; -0.0 -0.0 -0.0 0.0 9.0 3.0 -0.0 -0.0 -0.0 -0.0 -0.0 -0.0 -0.0 -0.0 -0.0; -0.0 -0.0 -0.0 -0.0 -0.0 -0.0 8.0 14.0 17.0 24.0 -0.0 -0.0 -0.0 -0.0 -0.0; -0.0 -0.0 -0.0 -0.0 -0.0 -0.0 -0.0 -0.0 -0.0 -0.0 31.0 -0.0 -0.0 -0.0 -0.0; -0.0 -0.0 -0.0 -0.0 -0.0 -0.0 -0.0 -0.0 -0.0 -0.0 -0.0 27.0 25.0 15.0 0.0;;; -0.0 -0.0 -0.0 -0.0 -0.0 -0.0 -0.0 -0.0 -0.0 -0.0 -0.0 -0.0 -0.0 -0.0 -0.0; -0.0 -0.0 -0.0 -0.0 -0.0 -0.0 -0.0 -0.0 -0.0 -0.0 -0.0 -0.0 -0.0 -0.0 -0.0; -0.0 -0.0 -0.0 -0.0 -0.0 -0.0 -0.0 -0.0 -0.0 -0.0 -0.0 -0.0 -0.0 -0.0 -0.0; -0.0 -0.0 -0.0 -0.0 -0.0 -0.0 -0.0 -0.0 -0.0 -0.0 -0.0 -0.0 -0.0 -0.0 -0.0; -0.0 -0.0 -0.0 -0.0 -0.0 -0.0 -0.0 -0.0 -0.0 -0.0 -0.0 -0.0 -0.0 -0.0 -0.0; -0.0 -0.0 -0.0 -0.0 -0.0 -0.0 -0.0 -0.0 -0.0 -0.0 -0.0 -0.0 -0.0 -0.0 -0.0]
evol_box,"[[0.477, 0.0], [2.073, 123433.73760565439], [2.161, 123433.73760565439], [2.181, 123433.73760565439], [2.203, 123433.73760565439], [2.237, 1.2090084884758024e6], [2.313, 1.9325997342357058e6], [2.367, 1.9325997342357058e6], [2.454, 1.9325997342357058e6], [2.546, 1.9325997342357058e6], [2.619, 1.9325997342357058e6], [2.876, 2.0531553825270615e6], [3.126, 2.294381098510406e6], [3.282, 2.4149961887769224e6], [3.425, 2.53561127904344e6]]"
y_pb,[[18.0 14.0 -0.0 -0.0 -0.0 -0.0 -0.0 -0.0 -0.0 -0.0 -0.0 -0.0 -0.0 -0.0 -0.0; -0.0 -0.0 6.0 -0.0 -0.0 -0.0 -0.0 -0.0 -0.0 -0.0 -0.0 -0.0 -0.0 -0.0 -0.0; -0.0 -0.0 -0.0 -0.0 9.0 3.0000000000000004 -0.0 -0.0 -0.0 -0.0 -0.0 -0.0 -0.0 -0.0 -0.0; -0.0 -0.0 -0.0 -0.0 -0.0 -0.0 8.0 14.0 17.0 24.000000000000004 -0.0 -0.0 -0.0 -0.0 -0.0; -0.0 -0.0 -0.0 -0.0 -0.0 -0.0 -0.0 -0.0 -0.0 -0.0 31.0 -0.0 -0.0 -0.0 -0.0; -0.0 -0.0 -0.0 -0.0 -0.0 -0.0 -0.0 -0.0 -0.0 -0.0 -0.0 27.0 25.0 15.0 -0.0;;;]]
x_bb,"[32.0, 6.0, 12.0, 63.0, 31.0, 67.0]"
x_box,"[32.0, 6.0, 12.0, 63.0, 31.0, 67.0]"
evol_zeta,"[[1.718, 31.0], [2.15, 8.0], [2.17, 8.0], [2.185, 8.0], [2.214, 8.0], [2.268, 6.0], [2.325, 4.0], [2.39, 4.0], [2.474, 4.0], [2.559, 3.0], [2.633, 2.0], [2.962, 2.0], [3.131, 2.0], [3.286, 1.0], [3.428, 0.0]]"
ξ_box,[18.0 10.0; 14.0 14.0; 9.0 9.0; 12.0 10.0; 9.0 3.0; 3.0 3.0; 8.0 8.0; 14.0 14.0; 17.0 17.0; 24.0 24.0; 31.0 31.0; 27.0 27.0; 25.0 21.0; 15.0 15.0; 6.0 6.0]
