first,second
s_box,[0.0; 0.0; 0.0; 5.0; 0.0; 0.0; 0.0; 0.0; 0.0; 0.0; 0.0; 35.0; 32.0; 30.0; 19.0;;]
x_pb,"[96.0, -0.0, 23.0, 23.0, -0.0, 99.0]"
s_bb,[0.0; 0.0; 0.0; 5.0; 0.0; 0.0; 0.0; 0.0; 0.0; 0.0; 0.0; 35.0; 32.0; 30.0; 19.0;;]
partition_bb,"[[[38.0, 33.0, 25.0, 22.0, 13.0, 4.0, 6.0, 13.0, 17.0, 24.0, 23.0, 11.0, 8.0, 6.0, 0.0], [29.0, 24.0, 24.0, 28.0, 13.0, 4.0, 2.0, 0.0, 0.0, 2.0, 13.0, 25.0, 28.0, 30.0, 19.0], [16.0, 11.0, 3.0, 0.0, 0.0, 0.0, 0.0, 13.0, 17.0, 24.0, 35.0, 23.0, 20.0, 18.0, 7.0], [24.0, 19.0, 11.0, 15.0, 0.0, 0.0, 2.0, 2.0, 6.0, 22.0, 24.0, 35.0, 32.0, 30.0, 19.0], [28.0, 33.0, 25.0, 22.0, 13.0, 4.0, 6.0, 13.0, 17.0, 33.0, 22.0, 10.0, 7.0, 5.0, 3.0], [38.0, 33.0, 25.0, 28.0, 13.0, 4.0, 6.0, 13.0, 18.0, 6.0, 17.0, 5.0, 8.0, 8.0, 19.0]]]"
y_box,[38.0 33.0 25.0 -0.0 -0.0 -0.0 -0.0 -0.0 -0.0 -0.0 -0.0 -0.0 -0.0 -0.0 -0.0; -0.0 -0.0 -0.0 -0.0 -0.0 -0.0 -0.0 -0.0 -0.0 -0.0 -0.0 -0.0 -0.0 -0.0 -0.0; -0.0 -0.0 -0.0 23.0 -0.0 -0.0 -0.0 -0.0 -0.0 -0.0 -0.0 -0.0 -0.0 -0.0 -0.0; -0.0 -0.0 -0.0 -0.0 13.0 4.0 6.0 -0.0 -0.0 -0.0 -0.0 -0.0 -0.0 -0.0 -0.0; -0.0 -0.0 -0.0 -0.0 -0.0 -0.0 -0.0 -0.0 -0.0 -0.0 -0.0 -0.0 -0.0 -0.0 -0.0; -0.0 -0.0 -0.0 -0.0 -0.0 -0.0 -0.0 13.0 18.0 33.0 35.0 0.0 0.0 0.0 0.0;;;]
evol_bb,"[[0.302, 1.5270185313937977e7]]"
y_bb,[38.0 33.0 25.0 -0.0 -0.0 -0.0 -0.0 -0.0 -0.0 -0.0 -0.0 -0.0 -0.0 -0.0 -0.0; -0.0 -0.0 -0.0 -0.0 -0.0 -0.0 -0.0 -0.0 -0.0 -0.0 -0.0 -0.0 -0.0 -0.0 -0.0; -0.0 -0.0 -0.0 23.0 -0.0 -0.0 -0.0 -0.0 -0.0 -0.0 -0.0 -0.0 -0.0 -0.0 -0.0; -0.0 -0.0 -0.0 -0.0 13.0 4.0 6.0 -0.0 -0.0 -0.0 -0.0 -0.0 -0.0 -0.0 -0.0; -0.0 -0.0 -0.0 -0.0 -0.0 -0.0 -0.0 -0.0 -0.0 -0.0 -0.0 -0.0 -0.0 -0.0 -0.0; -0.0 -0.0 -0.0 -0.0 -0.0 -0.0 -0.0 13.0 18.0 33.0 35.0 0.0 0.0 0.0 0.0;;;]
evol_box,"[[0.512, 0.0], [2.174, 258588.48543729022], [2.257, 1.1990536062806182e7], [2.264, 1.3251913098062031e7], [2.27, 1.5017883906886809e7], [2.275, 1.5270185313937977e7]]"
y_pb,[[38.0 33.0 25.0 -0.0 -0.0 -0.0 -0.0 -0.0 -0.0 -0.0 -0.0 -0.0 -0.0 -0.0 -0.0; -0.0 -0.0 -0.0 0.0 -0.0 -0.0 -0.0 -0.0 -0.0 -0.0 -0.0 -0.0 -0.0 -0.0 -0.0; -0.0 -0.0 -0.0 23.0 -0.0 -0.0 -0.0 -0.0 -0.0 -0.0 -0.0 -0.0 -0.0 -0.0 -0.0; -0.0 -0.0 -0.0 -0.0 13.0 4.0 6.000000000000001 -0.0 -0.0 -0.0 -0.0 -0.0 -0.0 -0.0 -0.0; -0.0 -0.0 -0.0 -0.0 -0.0 -0.0 -0.0 0.0 -0.0 -0.0 -0.0 -0.0 -0.0 -0.0 -0.0; -0.0 -0.0 -0.0 -0.0 -0.0 -0.0 -0.0 13.0 18.0 33.0 35.0 -0.0 -0.0 -0.0 -0.0;;;]]
x_bb,"[96.0, 0.0, 23.0, 23.0, 0.0, 99.0]"
x_box,"[96.0, 0.0, 23.0, 23.0, 0.0, 99.0]"
evol_zeta,"[[1.81, 38.0], [2.255, 24.0], [2.262, 10.000000000000007], [2.268, 9.0], [2.274, 2.0], [2.279, 0.0]]"
ξ_box,[38.0; 33.0; 25.0; 28.0; 13.0; 4.0; 6.0; 13.0; 18.0; 33.0; 35.0; 35.0; 32.0; 30.0; 19.0;;]
