first,second
s_box,[10.0 -0.0; -0.0 -0.0; 1.0 11.0; -0.0 8.0; -0.0 6.0; -0.0 2.0; -0.0 3.0; -0.0 4.0; -0.0 25.0; -0.0 21.0; -0.0 -0.0; 27.0 -0.0; 41.0 -0.0; -0.0 -0.0; -0.0 -0.0]
x_pb,"[55.0, 13.000000000000007, -0.0, 137.0, -0.0, 50.99999999999999]"
s_bb,[-0.0 -0.0; -0.0 -0.0; 11.0 -0.0; 8.0 -0.0; 6.0 -0.0; 2.0 -0.0; 3.0 -0.0; 4.0 2.0; 25.0 -0.0; 21.0 -0.0; 0.0 -0.0; -0.0 28.0; -0.0 31.0; -0.0 -0.0; -0.0 -0.0]
partition_bb,"[[[6.0, 14.0, 16.0, 0.0, 0.0, 0.0, 0.0, 0.0, 23.0, 21.0, 23.0, 28.0, 35.0, 39.0, 51.0], [18.0, 25.0, 24.0, 8.0, 6.0, 2.0, 1.0, 0.0, 4.0, 5.0, 23.0, 34.0, 41.0, 31.0, 27.0], [30.0, 22.0, 17.0, 8.0, 6.0, 2.0, 1.0, 0.0, 0.0, 0.0, 23.0, 34.0, 41.0, 31.0, 19.0], [11.0, 9.0, 10.0, 2.0, 2.0, 0.0, 3.0, 4.0, 9.0, 8.0, 23.0, 32.0, 33.0, 39.0, 51.0], [0.0, 7.0, 2.0, 2.0, 2.0, 0.0, 1.0, 2.0, 25.0, 21.0, 23.0, 30.0, 28.0, 38.0, 50.0]], [[30.0, 25.0, 24.0, 8.0, 6.0, 2.0, 3.0, 2.0, 25.0, 21.0, 11.0, 22.0, 29.0, 19.0, 31.0], [26.0, 25.0, 20.0, 8.0, 6.0, 2.0, 3.0, 2.0, 0.0, 0.0, 20.0, 28.0, 29.0, 39.0, 48.0], [4.0, 12.0, 17.0, 6.0, 4.0, 0.0, 3.0, 2.0, 25.0, 21.0, 19.0, 27.0, 31.0, 38.0, 48.0], [11.0, 19.0, 24.0, 8.0, 6.0, 2.0, 3.0, 4.0, 25.0, 21.0, 23.0, 25.0, 18.0, 28.0, 40.0]]]"
y_box,[20.0 22.0 3.0 -0.0 -0.0 -0.0 -0.0 -0.0 -0.0 -0.0 -0.0 -0.0 -0.0 -0.0 -0.0; -0.0 -0.0 13.0 -0.0 -0.0 -0.0 -0.0 -0.0 -0.0 -0.0 -0.0 -0.0 -0.0 -0.0 -0.0; -0.0 -0.0 -0.0 -0.0 -0.0 -0.0 -0.0 -0.0 -0.0 -0.0 -0.0 -0.0 -0.0 -0.0 -0.0; -0.0 -0.0 -0.0 8.0 6.0 2.0 3.0 4.0 -0.0 -0.0 23.0 -0.0 -0.0 35.0 23.0; -0.0 -0.0 -0.0 -0.0 -0.0 -0.0 -0.0 -0.0 -0.0 -0.0 -0.0 -0.0 -0.0 -0.0 -0.0; -0.0 -0.0 -0.0 -0.0 -0.0 -0.0 3.0 -0.0 -0.0 -0.0 -0.0 7.0 -0.0 -0.0 -0.0;;; 30.0 25.0 -0.0 -0.0 -0.0 -0.0 -0.0 -0.0 -0.0 -0.0 -0.0 -0.0 -0.0 -0.0 -0.0; -0.0 -0.0 13.0 -0.0 -0.0 -0.0 -0.0 -0.0 -0.0 -0.0 -0.0 -0.0 -0.0 -0.0 -0.0; -0.0 -0.0 -0.0 -0.0 -0.0 -0.0 -0.0 -0.0 -0.0 -0.0 -0.0 -0.0 -0.0 -0.0 -0.0; -0.0 -0.0 -0.0 -0.0 -0.0 -0.0 -0.0 -0.0 -0.0 -0.0 23.0 34.0 41.0 39.0 -0.0; -0.0 -0.0 -0.0 -0.0 -0.0 -0.0 -0.0 -0.0 -0.0 -0.0 -0.0 -0.0 -0.0 -0.0 -0.0; -0.0 -0.0 -0.0 -0.0 -0.0 -0.0 -0.0 -0.0 -0.0 -0.0 -0.0 -0.0 -0.0 -0.0 51.0]
evol_bb,"[[0.461, 9.99982857381092e6], [0.512, 9.999828573810918e6], [3.44, 9.999828573810916e6]]"
y_bb,[30.0 25.0 -0.0 -0.0 -0.0 -0.0 -0.0 -0.0 -0.0 -0.0 -0.0 -0.0 -0.0 -0.0 -0.0; -0.0 -0.0 13.0 0.0 0.0 0.0 0.0 0.0 -0.0 -0.0 -0.0 -0.0 -0.0 -0.0 -0.0; -0.0 -0.0 -0.0 -0.0 -0.0 -0.0 -0.0 -0.0 0.0 -0.0 -0.0 -0.0 -0.0 -0.0 -0.0; -0.0 -0.0 -0.0 -0.0 -0.0 -0.0 -0.0 -0.0 0.0 0.0 23.0 34.0 41.0 39.0 -0.0; -0.0 -0.0 -0.0 -0.0 -0.0 -0.0 -0.0 -0.0 -0.0 -0.0 -0.0 -0.0 -0.0 -0.0 0.0; -0.0 -0.0 -0.0 -0.0 -0.0 -0.0 -0.0 -0.0 -0.0 -0.0 -0.0 -0.0 -0.0 -0.0 51.0;;; -0.0 9.0 -0.0 -0.0 -0.0 -0.0 -0.0 -0.0 25.0 21.0 -0.0 -0.0 -0.0 -0.0 -0.0; -0.0 -0.0 0.0 0.0 6.0 2.0 -0.0 -0.0 -0.0 -0.0 5.0 -0.0 -0.0 -0.0 -0.0; -0.0 -0.0 -0.0 -0.0 0.0 0.0 0.0 -0.0 -0.0 -0.0 -0.0 -0.0 -0.0 -0.0 -0.0; 30.0 -0.0 24.0 8.0 -0.0 -0.0 -0.0 2.0 -0.0 -0.0 18.0 0.0 0.0 39.0 16.0; -0.0 -0.0 -0.0 -0.0 0.0 -0.0 -0.0 -0.0 -0.0 -0.0 -0.0 -0.0 -0.0 -0.0 -0.0; -0.0 16.0 -0.0 -0.0 -0.0 -0.0 3.0 -0.0 0.0 0.0 -0.0 -0.0 -0.0 -0.0 32.0]
evol_box,"[[0.514, 0.0], [2.236, 4057.0382469737933], [2.347, 254949.05215317284], [2.385, 4.002097571137788e6], [2.436, 4.252615450138349e6], [2.69, 7.750785613803333e6], [2.854, 7.750785613803332e6], [3.067, 8.625339691809848e6], [3.265, 8.75020060982451e6], [3.49, 8.750200609824512e6], [3.692, 8.750200609824512e6], [3.974, 9.125198914942285e6], [4.173, 9.749900584181907e6], [4.403, 9.749900584181909e6], [4.732, 9.749900584181909e6], [5.004, 9.749900584181907e6], [5.265, 9.749900584181907e6], [5.5, 9.87486457899641e6], [5.729, 9.874864578996414e6], [6.009, 9.874864578996414e6], [6.296, 9.874864578996412e6], [6.584, 9.87486457899641e6], [6.919, 9.874864578996412e6], [7.19, 9.874864578996412e6], [7.49, 9.87488147968683e6], [7.877, 9.87488147968683e6], [8.187, 9.87488147968683e6], [8.502, 9.874884475726495e6], [8.915, 9.999828573810918e6]]"
y_pb,[[30.0 25.0 -0.0 -0.0 -0.0 -0.0 -0.0 -0.0 -0.0 -0.0 -0.0 -0.0 -0.0 -0.0 -0.0; -0.0 -0.0 13.000000000000007 -0.0 -0.0 -0.0 -0.0 -0.0 -0.0 -0.0 -0.0 -0.0 -0.0 -0.0 -0.0; -0.0 -0.0 -0.0 -0.0 -0.0 -0.0 -0.0 0.0 -0.0 -0.0 -0.0 -0.0 -0.0 -0.0 -0.0; -0.0 -0.0 -0.0 -0.0 -0.0 -0.0 -0.0 -0.0 -0.0 -0.0 23.0 34.0 41.0 39.0 -0.0; -0.0 -0.0 -0.0 -0.0 -0.0 -0.0 -0.0 -0.0 -0.0 -0.0 -0.0 -0.0 -0.0 -0.0 0.0; -0.0 -0.0 -0.0 -0.0 -0.0 -0.0 -0.0 -0.0 -0.0 -0.0 -0.0 -0.0 -0.0 -0.0 51.0;;;]]
x_bb,"[55.0, 13.0, -0.0, 137.0, -0.0, 51.0]"
x_box,"[55.0, 13.0, -0.0, 137.0, -0.0, 51.0]"
evol_zeta,"[[1.884, 51.0], [2.328, 24.0], [2.349, 20.0], [2.399, 8.0], [2.472, 8.000000000000002], [2.704, 7.999999999999997], [2.867, 6.0], [3.105, 4.0], [3.286, 4.0], [3.503, 4.0], [3.75, 4.0], [3.992, 4.0], [4.185, 2.0], [4.405, 2.0], [4.733, 2.0], [5.017, 2.0], [5.267, 2.0], [5.513, 1.0000000002000036], [5.741, 1.0000000002000036], [6.011, 1.0], [6.31, 1.0], [6.599, 1.0], [6.941, 1.0], [7.192, 1.0], [7.51, 1.0], [7.88, 1.0], [8.19, 1.0], [8.505, 1.0], [8.93, 0.0]]"
ξ_box,[30.0 30.0; 22.0 25.0; 17.0 24.0; 8.0 8.0; 6.0 6.0; 2.0 2.0; 3.0 3.0; 4.0 4.0; -0.0 25.0; -0.0 21.0; 23.0 23.0; 34.0 34.0; 41.0 41.0; 35.0 39.0; 23.0 51.0]
