first,second
s_box,[0.0; 0.0; 0.0; 0.0; 0.0; 14.0; 0.0; 0.0; 0.0; 0.0; 0.0; 0.0; 0.0; 12.0; 32.0;;]
x_pb,"[56.0, 30.0, 23.0, 44.0, 96.0, 14.0]"
s_bb,[0.0; 0.0; 0.0; 0.0; 0.0; 14.0; 0.0; 0.0; 0.0; 0.0; 0.0; 0.0; 0.0; 12.0; 32.0;;]
partition_bb,"[[[20.0, 14.0, 7.0, 5.0, 4.0, 0.0, 3.0, 12.0, 22.0, 22.0, 26.0, 30.0, 40.0, 26.0, 32.0], [10.0, 4.0, 11.0, 13.0, 14.0, 14.0, 3.0, 20.0, 22.0, 22.0, 26.0, 17.0, 30.0, 26.0, 32.0], [25.0, 19.0, 12.0, 11.0, 10.0, 0.0, 3.0, 12.0, 22.0, 22.0, 26.0, 30.0, 40.0, 13.0, 19.0], [25.0, 19.0, 12.0, 15.0, 14.0, 14.0, 3.0, 0.0, 0.0, 0.0, 0.0, 0.0, 0.0, 0.0, 6.0], [25.0, 19.0, 12.0, 15.0, 15.0, 14.0, 3.0, 20.0, 17.0, 22.0, 21.0, 30.0, 35.0, 11.0, 5.0]]]"
y_box,[25.0 19.0 12.0 -0.0 -0.0 -0.0 -0.0 -0.0 -0.0 -0.0 -0.0 -0.0 -0.0 -0.0 -0.0; -0.0 -0.0 -0.0 15.0 15.0 0.0 -0.0 -0.0 -0.0 -0.0 -0.0 -0.0 -0.0 -0.0 -0.0; -0.0 -0.0 -0.0 -0.0 -0.0 -0.0 3.0 20.0 -0.0 -0.0 -0.0 -0.0 -0.0 -0.0 -0.0; -0.0 -0.0 -0.0 -0.0 -0.0 -0.0 -0.0 -0.0 22.0 22.0 -0.0 -0.0 -0.0 -0.0 -0.0; -0.0 -0.0 -0.0 -0.0 -0.0 -0.0 -0.0 -0.0 -0.0 -0.0 26.0 30.0 40.0 -0.0 -0.0; -0.0 -0.0 -0.0 -0.0 -0.0 -0.0 -0.0 -0.0 -0.0 -0.0 -0.0 -0.0 -0.0 14.0 0.0;;;]
evol_bb,"[[0.266, 7.8040469221055675e6]]"
y_bb,[25.0 19.0 12.0 -0.0 -0.0 -0.0 -0.0 -0.0 -0.0 -0.0 -0.0 -0.0 -0.0 -0.0 -0.0; -0.0 -0.0 -0.0 15.0 15.0 0.0 -0.0 -0.0 -0.0 -0.0 -0.0 -0.0 -0.0 -0.0 -0.0; -0.0 -0.0 -0.0 -0.0 -0.0 -0.0 3.0 20.0 -0.0 -0.0 -0.0 -0.0 -0.0 -0.0 -0.0; -0.0 -0.0 -0.0 -0.0 -0.0 -0.0 -0.0 -0.0 22.0 22.0 -0.0 -0.0 -0.0 -0.0 -0.0; -0.0 -0.0 -0.0 -0.0 -0.0 -0.0 -0.0 -0.0 -0.0 -0.0 26.0 30.0 40.0 -0.0 -0.0; -0.0 -0.0 -0.0 -0.0 -0.0 -0.0 -0.0 -0.0 -0.0 -0.0 -0.0 -0.0 -0.0 14.0 0.0;;;]
evol_box,"[[0.41, 0.0], [1.923, 5238.624601976617], [1.998, 1.887746474252171e6], [2.002, 5.249289707076967e6], [2.007, 6.325030066962432e6], [2.013, 6.997323038055209e6], [2.017, 7.8040469221055675e6]]"
y_pb,[[25.0 19.0 12.000000000000002 -0.0 -0.0 -0.0 -0.0 -0.0 -0.0 -0.0 -0.0 -0.0 -0.0 -0.0 -0.0; -0.0 -0.0 -0.0 15.0 15.0 -0.0 -0.0 -0.0 -0.0 -0.0 -0.0 -0.0 -0.0 -0.0 -0.0; -0.0 -0.0 -0.0 -0.0 -0.0 -0.0 3.0000000000000004 20.0 -0.0 -0.0 -0.0 -0.0 -0.0 -0.0 -0.0; -0.0 -0.0 -0.0 -0.0 -0.0 -0.0 -0.0 -0.0 22.0 22.0 -0.0 -0.0 -0.0 -0.0 -0.0; -0.0 -0.0 -0.0 -0.0 -0.0 -0.0 -0.0 -0.0 -0.0 -0.0 26.0 30.0 40.0 -0.0 -0.0; -0.0 -0.0 -0.0 -0.0 -0.0 -0.0 -0.0 -0.0 -0.0 -0.0 -0.0 -0.0 -0.0 14.0 -0.0;;;]]
x_bb,"[56.0, 30.0, 23.0, 44.0, 96.0, 14.0]"
x_box,"[56.0, 30.0, 23.0, 44.0, 96.0, 14.0]"
evol_zeta,"[[1.596, 40.0], [1.996, 14.0], [2.001, 11.0], [2.005, 8.0], [2.011, 5.000000000600011], [2.016, 5.0], [2.03, 0.0]]"
ξ_box,[25.0; 19.0; 12.0; 15.0; 15.0; 14.0; 3.0; 20.0; 22.0; 22.0; 26.0; 30.0; 40.0; 26.0; 32.0;;]
