first,second
s_box,[47.0; 0.0; 0.0; 0.0; 0.0; 0.0; 17.0; 12.0; 0.0; 9.0; 0.0; 29.0; 32.0; 52.0; 54.0;;]
x_pb,"[82.0, 91.0, -0.0, 24.0, 66.0, -0.0]"
s_bb,[47.0; 0.0; 0.0; 0.0; 0.0; 0.0; 17.0; 12.0; 0.0; 9.0; 0.0; 29.0; 32.0; 52.0; 54.0;;]
partition_bb,"[[[0.0, 0.0, 0.0, 5.0, 6.0, 15.0, 17.0, 12.0, 24.0, 17.0, 14.0, 29.0, 30.0, 40.0, 54.0], [47.0, 43.0, 39.0, 32.0, 30.0, 24.0, 17.0, 12.0, 13.0, 6.0, 0.0, 0.0, 0.0, 0.0, 0.0], [23.0, 19.0, 15.0, 8.0, 6.0, 8.0, 11.0, 12.0, 24.0, 30.0, 44.0, 29.0, 28.0, 6.0, 4.0], [0.0, 4.0, 8.0, 13.0, 14.0, 23.0, 17.0, 12.0, 7.0, 2.0, 16.0, 29.0, 32.0, 52.0, 38.0], [19.0, 20.0, 27.0, 34.0, 33.0, 24.0, 17.0, 12.0, 12.0, 8.0, 10.0, 25.0, 22.0, 2.0, 0.0], [10.0, 6.0, 13.0, 6.0, 8.0, 16.0, 17.0, 12.0, 24.0, 31.0, 44.0, 29.0, 32.0, 10.0, 8.0]]]"
y_box,[0.0 43.0 39.0 -0.0 -0.0 -0.0 -0.0 -0.0 -0.0 -0.0 -0.0 -0.0 -0.0 -0.0 -0.0; -0.0 -0.0 -0.0 34.0 33.0 24.0 0.0 -0.0 -0.0 -0.0 -0.0 -0.0 -0.0 -0.0 -0.0; -0.0 -0.0 -0.0 -0.0 -0.0 -0.0 -0.0 0.0 -0.0 -0.0 -0.0 -0.0 -0.0 -0.0 -0.0; -0.0 -0.0 -0.0 -0.0 -0.0 -0.0 -0.0 -0.0 24.0 -0.0 -0.0 -0.0 -0.0 -0.0 -0.0; -0.0 -0.0 -0.0 -0.0 -0.0 -0.0 -0.0 -0.0 -0.0 22.0 44.0 0.0 -0.0 -0.0 -0.0; -0.0 -0.0 -0.0 -0.0 -0.0 -0.0 -0.0 -0.0 -0.0 -0.0 -0.0 -0.0 0.0 0.0 0.0;;;]
evol_bb,"[[0.268, 2.8850271662396558e7]]"
y_bb,[0.0 43.0 39.0 -0.0 -0.0 -0.0 -0.0 -0.0 -0.0 -0.0 -0.0 -0.0 -0.0 -0.0 -0.0; -0.0 -0.0 -0.0 34.0 33.0 24.0 0.0 -0.0 -0.0 -0.0 -0.0 -0.0 -0.0 -0.0 -0.0; -0.0 -0.0 -0.0 -0.0 -0.0 -0.0 -0.0 0.0 -0.0 -0.0 -0.0 -0.0 -0.0 -0.0 -0.0; -0.0 -0.0 -0.0 -0.0 -0.0 -0.0 -0.0 -0.0 24.0 -0.0 -0.0 -0.0 -0.0 -0.0 -0.0; -0.0 -0.0 -0.0 -0.0 -0.0 -0.0 -0.0 -0.0 -0.0 22.0 44.0 0.0 -0.0 -0.0 -0.0; -0.0 -0.0 -0.0 -0.0 -0.0 -0.0 -0.0 -0.0 -0.0 -0.0 -0.0 -0.0 0.0 0.0 0.0;;;]
evol_box,"[[0.429, 0.0], [1.838, 7072.030169447247], [1.91, 2.1638412350767948e7], [1.916, 2.690418356839965e7], [1.922, 2.8277908431681957e7], [1.928, 2.8850271662396558e7]]"
y_pb,[[-0.0 43.00000000000001 39.0 -0.0 -0.0 -0.0 -0.0 -0.0 -0.0 -0.0 -0.0 -0.0 -0.0 -0.0 -0.0; -0.0 -0.0 -0.0 34.0 33.0 24.000000000000004 -0.0 -0.0 -0.0 -0.0 -0.0 -0.0 -0.0 -0.0 -0.0; -0.0 -0.0 -0.0 -0.0 -0.0 -0.0 -0.0 -0.0 0.0 -0.0 -0.0 -0.0 -0.0 -0.0 -0.0; -0.0 -0.0 -0.0 -0.0 -0.0 -0.0 -0.0 -0.0 24.000000000000004 -0.0 -0.0 -0.0 -0.0 -0.0 -0.0; -0.0 -0.0 -0.0 -0.0 -0.0 -0.0 -0.0 -0.0 -0.0 22.0 44.0 -0.0 -0.0 -0.0 -0.0; -0.0 -0.0 -0.0 -0.0 -0.0 -0.0 -0.0 -0.0 -0.0 -0.0 -0.0 -0.0 0.0 -0.0 -0.0;;;]]
x_bb,"[82.0, 91.0, 0.0, 24.0, 66.0, 0.0]"
x_box,"[82.0, 91.0, 0.0, 24.0, 66.0, 0.0]"
evol_zeta,"[[1.534, 54.0], [1.908, 47.0], [1.914, 30.0], [1.921, 12.0], [1.927, 3.0], [1.932, 0.0]]"
ξ_box,[47.0; 43.0; 39.0; 34.0; 33.0; 24.0; 17.0; 12.0; 24.0; 31.0; 44.0; 29.0; 32.0; 52.0; 54.0;;]
