first,second
s_box,[-0.0 -0.0; -0.0 -0.0; 5.0 22.0; -0.0 -0.0; -0.0 8.0; -0.0 -0.0; 35.0 -0.0; 33.0 33.0; 29.0 -0.0; 32.0 32.0; 23.0 -0.0; -0.0 25.0; -0.0 -0.0; -0.0 36.0; 0.0 -0.0]
x_pb,"[54.0, -0.0, 48.0, -0.0, -0.0, 155.0]"
s_bb,[32.0 0.0; 22.0 -0.0; -0.0 22.0; 19.0 -0.0; -0.0 -0.0; -0.0 -0.0; 21.0 18.0; -0.0 33.0; -0.0 29.0; -0.0 32.0; -0.0 23.0; 26.0 0.0; -0.0 -0.0; 36.0 -0.0; -0.0 0.0]
partition_bb,"[[[10.0, 0.0, 13.0, 16.0, 8.0, 21.0, 36.0, 33.0, 29.0, 26.0, 22.0, 19.0, 16.0, 9.0, 0.0], [0.0, 0.0, 0.0, 0.0, 8.0, 21.0, 36.0, 25.0, 23.0, 20.0, 22.0, 25.0, 21.0, 30.0, 27.0], [22.0, 12.0, 22.0, 19.0, 8.0, 0.0, 0.0, 0.0, 4.0, 7.0, 19.0, 16.0, 19.0, 20.0, 31.0], [9.0, 19.0, 0.0, 0.0, 0.0, 0.0, 9.0, 25.0, 29.0, 32.0, 23.0, 26.0, 26.0, 35.0, 24.0], [32.0, 22.0, 3.0, 1.0, 0.0, 13.0, 28.0, 25.0, 29.0, 32.0, 16.0, 13.0, 12.0, 10.0, 21.0], [0.0, 0.0, 0.0, 0.0, 8.0, 21.0, 36.0, 20.0, 16.0, 13.0, 23.0, 25.0, 29.0, 29.0, 36.0], [0.0, 0.0, 0.0, 0.0, 8.0, 21.0, 36.0, 20.0, 16.0, 13.0, 22.0, 24.0, 28.0, 30.0, 41.0], [0.0, 0.0, 0.0, 0.0, 0.0, 6.0, 16.0, 12.0, 16.0, 13.0, 23.0, 26.0, 29.0, 36.0, 43.0], [12.0, 22.0, 10.0, 7.0, 0.0, 0.0, 15.0, 15.0, 11.0, 9.0, 23.0, 25.0, 29.0, 34.0, 45.0]], [[0.0, 0.0, 10.0, 7.0, 8.0, 21.0, 9.0, 13.0, 17.0, 14.0, 23.0, 26.0, 27.0, 36.0, 47.0], [32.0, 22.0, 3.0, 1.0, 0.0, 0.0, 9.0, 13.0, 11.0, 12.0, 13.0, 10.0, 10.0, 9.0, 0.0], [32.0, 22.0, 3.0, 1.0, 3.0, 16.0, 31.0, 32.0, 28.0, 25.0, 9.0, 6.0, 7.0, 16.0, 27.0], [0.0, 0.0, 22.0, 19.0, 8.0, 9.0, 24.0, 8.0, 4.0, 7.0, 23.0, 26.0, 27.0, 36.0, 47.0], [0.0, 0.0, 0.0, 0.0, 0.0, 2.0, 17.0, 33.0, 29.0, 32.0, 23.0, 23.0, 24.0, 33.0, 44.0], [0.0, 0.0, 0.0, 0.0, 7.0, 20.0, 35.0, 19.0, 15.0, 12.0, 21.0, 24.0, 25.0, 34.0, 45.0], [0.0, 0.0, 0.0, 3.0, 8.0, 21.0, 30.0, 14.0, 10.0, 13.0, 23.0, 26.0, 29.0, 36.0, 47.0]]]"
y_box,[32.0 22.0 -0.0 -0.0 -0.0 -0.0 -0.0 -0.0 -0.0 -0.0 -0.0 -0.0 -0.0 -0.0 -0.0; -0.0 -0.0 -0.0 -0.0 -0.0 -0.0 -0.0 -0.0 -0.0 -0.0 -0.0 -0.0 -0.0 -0.0 -0.0; -0.0 -0.0 17.0 19.0 8.0 21.0 -0.0 -0.0 -0.0 -0.0 -0.0 -0.0 -0.0 -0.0 -0.0; -0.0 -0.0 -0.0 -0.0 -0.0 -0.0 -0.0 0.0 -0.0 0.0 -0.0 -0.0 -0.0 -0.0 -0.0; -0.0 -0.0 -0.0 -0.0 -0.0 -0.0 -0.0 -0.0 -0.0 -0.0 -0.0 -0.0 -0.0 -0.0 -0.0; -0.0 -0.0 -0.0 -0.0 -0.0 -0.0 -0.0 -0.0 -0.0 -0.0 0.0 26.0 29.0 36.0 47.0;;; 25.0 -0.0 -0.0 -0.0 -0.0 -0.0 -0.0 -0.0 -0.0 0.0 -0.0 -0.0 29.0 -0.0 -0.0; 0.0 0.0 -0.0 -0.0 -0.0 -0.0 -0.0 -0.0 -0.0 -0.0 -0.0 -0.0 -0.0 -0.0 -0.0; 7.0 22.0 -0.0 -0.0 0.0 0.0 -0.0 -0.0 13.0 -0.0 23.0 -0.0 -0.0 -0.0 -0.0; -0.0 -0.0 -0.0 -0.0 -0.0 0.0 -0.0 -0.0 -0.0 -0.0 -0.0 -0.0 -0.0 -0.0 -0.0; -0.0 -0.0 -0.0 -0.0 0.0 -0.0 -0.0 -0.0 -0.0 -0.0 -0.0 -0.0 -0.0 -0.0 -0.0; -0.0 -0.0 -0.0 19.0 -0.0 21.0 36.0 0.0 16.0 -0.0 0.0 1.0 0.0 0.0 45.0]
evol_bb,"[[0.736, 1.7880366194016173e7], [1.182, 1.788036619401617e7], [37.052, 1.7767228142076172e7], [39.236, 1.7767220270536803e7], [39.968, 1.77672202705368e7], [43.628, 1.7767220270536795e7]]"
y_bb,[-0.0 -0.0 -0.0 -0.0 -0.0 21.0 -0.0 -0.0 29.0 0.0 -0.0 -0.0 4.0 -0.0 -0.0; -0.0 -0.0 -0.0 -0.0 -0.0 -0.0 -0.0 -0.0 -0.0 -0.0 -0.0 -0.0 -0.0 -0.0 -0.0; -0.0 -0.0 0.0 -0.0 8.0 -0.0 -0.0 -0.0 -0.0 32.0 -0.0 -0.0 25.0 -0.0 -0.0; -0.0 -0.0 -0.0 -0.0 -0.0 -0.0 -0.0 -0.0 -0.0 -0.0 -0.0 -0.0 -0.0 -0.0 -0.0; -0.0 -0.0 -0.0 -0.0 -0.0 -0.0 -0.0 0.0 -0.0 -0.0 -0.0 -0.0 -0.0 0.0 -0.0; 0.0 0.0 22.0 0.0 0.0 0.0 15.0 33.0 0.0 -0.0 23.0 -0.0 -0.0 0.0 45.0;;; 32.0 22.0 -0.0 -0.0 -0.0 -0.0 -0.0 -0.0 -0.0 -0.0 -0.0 -0.0 -0.0 -0.0 -0.0; -0.0 0.0 0.0 0.0 -0.0 0.0 -0.0 -0.0 -0.0 -0.0 -0.0 -0.0 -0.0 -0.0 -0.0; -0.0 -0.0 -0.0 19.0 8.0 21.0 17.0 -0.0 -0.0 -0.0 -0.0 -0.0 -0.0 -0.0 -0.0; -0.0 -0.0 -0.0 -0.0 -0.0 -0.0 0.0 0.0 0.0 0.0 -0.0 -0.0 -0.0 -0.0 -0.0; -0.0 -0.0 -0.0 -0.0 -0.0 -0.0 -0.0 -0.0 -0.0 -0.0 -0.0 -0.0 -0.0 -0.0 -0.0; -0.0 -0.0 -0.0 -0.0 -0.0 -0.0 -0.0 -0.0 -0.0 -0.0 0.0 26.0 29.0 36.0 47.0]
evol_box,"[[0.396, 0.0], [1.878, 117623.49840575186], [1.964, 117623.49840575186], [1.984, 7.245320742522417e6], [2.08, 1.0978510988193022e7], [2.199, 1.0978510988193022e7], [2.283, 1.0978813632146714e7], [2.442, 1.0978813632146716e7], [2.551, 1.3694005250644092e7], [2.776, 1.5164902255875936e7], [2.972, 1.5956893395920709e7], [3.098, 1.6183177341825584e7], [3.242, 1.6296412012966145e7], [3.366, 1.6409469188784333e7], [3.511, 1.6409469188784333e7], [3.675, 1.6409571518796163e7], [3.914, 1.6522700753191652e7], [4.076, 1.6522700753191656e7], [4.281, 1.6749019291987253e7], [4.451, 1.6749019291987255e7], [4.599, 1.6862115884531282e7], [4.807, 1.697528755384238e7], [4.96, 1.697528755384238e7], [5.14, 1.697528755384238e7], [5.319, 1.7088401908096436e7], [5.524, 1.73146365766193e7], [5.74, 1.731464447767318e7], [5.979, 1.7314670169951566e7], [6.16, 1.731467016995156e7], [6.36, 1.7314670169951566e7], [6.561, 1.7314674036620535e7], [6.805, 1.731467593431617e7], [7.067, 1.754092842357804e7], [7.267, 1.7540954115856443e7], [7.517, 1.7654074347057424e7], [7.813, 1.765407434705743e7], [7.984, 1.765407434705743e7], [8.173, 1.765407434705743e7], [8.399, 1.7654082248111296e7], [8.621, 1.7654089477498334e7], [9.062, 1.765408947749833e7], [9.283, 1.765408947749833e7], [9.509, 1.7654089477498334e7], [9.784, 1.7654089477498338e7], [10.019, 1.7654089477498334e7], [10.262, 1.7654090090136174e7], [10.532, 1.7654089208356228e7], [10.812, 1.77672202705368e7], [11.066, 1.77672202705368e7], [11.328, 1.7767220270536803e7], [11.595, 1.7767220270536803e7], [11.898, 1.77672202705368e7]]"
y_pb,[[32.0 22.0 -0.0 -0.0 -0.0 -0.0 -0.0 -0.0 -0.0 -0.0 -0.0 -0.0 -0.0 -0.0 -0.0; -0.0 -0.0 0.0 -0.0 -0.0 -0.0 -0.0 -0.0 -0.0 -0.0 -0.0 -0.0 -0.0 -0.0 -0.0; -0.0 -0.0 -0.0 19.0 8.0 21.0 -0.0 -0.0 -0.0 -0.0 -0.0 -0.0 -0.0 -0.0 -0.0; -0.0 -0.0 -0.0 -0.0 -0.0 -0.0 0.0 -0.0 -0.0 -0.0 -0.0 -0.0 -0.0 -0.0 -0.0; -0.0 -0.0 -0.0 -0.0 -0.0 -0.0 -0.0 -0.0 -0.0 -0.0 0.0 -0.0 -0.0 -0.0 -0.0; -0.0 -0.0 -0.0 -0.0 -0.0 -0.0 -0.0 -0.0 -0.0 -0.0 17.0 26.0 29.000000000000004 36.0 47.0;;;]]
x_bb,"[54.0, 0.0, 65.0, 0.0, 0.0, 138.0]"
x_box,"[54.0, 0.0, 65.0, 0.0, 0.0, 138.0]"
evol_zeta,"[[1.561, 47.0], [1.95, 32.0], [1.969, 27.0], [1.999, 19.0], [2.084, 27.0], [2.202, 20.0], [2.309, 15.0], [2.447, 15.0], [2.568, 12.0], [2.791, 12.0], [2.989, 8.0], [3.116, 6.0], [3.247, 6.0], [3.37, 7.0], [3.514, 7.0], [3.68, 13.0], [3.931, 10.0], [4.093, 8.0], [4.297, 4.0], [4.459, 4.000000000000003], [4.605, 6.0], [4.823, 3.0], [4.966, 3.0], [5.146, 3.0], [5.336, 3.1000000000000014], [5.53, 2.0], [5.744, 3.0], [5.985, 3.0], [6.166, 3.0], [6.362, 3.0], [6.565, 3.0], [6.81, 2.4545454545454533], [7.074, 2.0], [7.273, 3.0], [7.533, 2.0], [7.816, 2.0], [7.986, 2.0], [8.175, 2.0], [8.414, 1.0], [8.637, 1.0], [9.064, 1.0], [9.285, 1.0], [9.525, 1.0], [9.799, 1.0], [10.022, 1.0], [10.267, 1.0909090909090935], [10.55, 0.9999990308555198], [10.828, 1.0], [11.083, 1.0], [11.333, 1.0], [11.601, 1.0], [11.902, 0.0]]"
ξ_box,[32.0 32.0; 22.0 22.0; 22.0 22.0; 19.0 19.0; 8.0 8.0; 21.0 21.0; 35.0 36.0; 33.0 33.0; 29.0 29.0; 32.0 32.0; 23.0 23.0; 26.0 26.0; 29.0 29.0; 36.0 36.0; 47.0 45.0]
