first,second
s_box,[19.0; 17.0; 12.0; 23.0; 20.0; 0.0; 0.0; 0.0; 0.0; 0.0; 21.0; 23.0; 0.0; 0.0; 0.0;;]
x_pb,"[28.0, 22.0, 28.0, 31.0, -0.0, 84.0]"
s_bb,[19.0; 17.0; 12.0; 23.0; 20.0; 0.0; 0.0; 0.0; 0.0; 0.0; 21.0; 23.0; 0.0; 0.0; 0.0;;]
partition_bb,"[[[14.0, 0.0, 5.0, 16.0, 14.0, 18.0, 6.0, 7.0, 21.0, 31.0, 19.0, 17.0, 0.0, 11.0, 14.0], [12.0, 17.0, 12.0, 8.0, 1.0, 5.0, 0.0, 0.0, 0.0, 10.0, 21.0, 23.0, 29.0, 26.0, 29.0], [0.0, 0.0, 0.0, 2.0, 9.0, 13.0, 22.0, 7.0, 21.0, 31.0, 21.0, 23.0, 21.0, 10.0, 13.0], [0.0, 7.0, 12.0, 16.0, 23.0, 19.0, 6.0, 7.0, 11.0, 21.0, 0.0, 2.0, 15.0, 26.0, 29.0], [19.0, 17.0, 12.0, 23.0, 16.0, 13.0, 0.0, 7.0, 17.0, 27.0, 15.0, 17.0, 0.0, 0.0, 3.0], [0.0, 14.0, 12.0, 23.0, 21.0, 25.0, 22.0, 7.0, 5.0, 12.0, 0.0, 0.0, 15.0, 20.0, 17.0]]]"
y_box,[0.0 0.0 0.0 0.0 3.0 25.0 -0.0 -0.0 -0.0 -0.0 -0.0 -0.0 -0.0 -0.0 -0.0; -0.0 -0.0 -0.0 -0.0 -0.0 -0.0 22.0 -0.0 -0.0 -0.0 -0.0 -0.0 -0.0 -0.0 -0.0; -0.0 -0.0 -0.0 -0.0 -0.0 -0.0 -0.0 7.0 21.0 -0.0 -0.0 -0.0 -0.0 -0.0 -0.0; -0.0 -0.0 -0.0 -0.0 -0.0 -0.0 -0.0 -0.0 -0.0 31.0 0.0 0.0 -0.0 -0.0 -0.0; -0.0 -0.0 -0.0 -0.0 -0.0 -0.0 -0.0 -0.0 -0.0 -0.0 -0.0 -0.0 -0.0 -0.0 -0.0; -0.0 -0.0 -0.0 -0.0 -0.0 -0.0 -0.0 -0.0 -0.0 -0.0 -0.0 -0.0 29.0 26.0 29.0;;;]
evol_bb,"[[0.253, 1.6550617739058536e7]]"
y_bb,[0.0 0.0 0.0 0.0 3.0 25.0 -0.0 -0.0 -0.0 -0.0 -0.0 -0.0 -0.0 -0.0 -0.0; -0.0 -0.0 -0.0 -0.0 -0.0 -0.0 22.0 -0.0 -0.0 -0.0 -0.0 -0.0 -0.0 -0.0 -0.0; -0.0 -0.0 -0.0 -0.0 -0.0 -0.0 -0.0 7.0 21.0 -0.0 -0.0 -0.0 -0.0 -0.0 -0.0; -0.0 -0.0 -0.0 -0.0 -0.0 -0.0 -0.0 -0.0 -0.0 31.0 0.0 0.0 -0.0 -0.0 -0.0; -0.0 -0.0 -0.0 -0.0 -0.0 -0.0 -0.0 -0.0 -0.0 -0.0 -0.0 -0.0 -0.0 -0.0 -0.0; -0.0 -0.0 -0.0 -0.0 -0.0 -0.0 -0.0 -0.0 -0.0 -0.0 -0.0 -0.0 29.0 26.0 29.0;;;]
evol_box,"[[0.424, 0.0], [1.807, 3774.5559943467897], [1.874, 1.1157463788335545e7], [1.879, 1.3118483091379363e7], [1.883, 1.5937735205451973e7], [1.887, 1.6550617739058536e7]]"
y_pb,[[-0.0 -0.0 -0.0 -0.0 3.0 25.0 -0.0 -0.0 -0.0 -0.0 -0.0 -0.0 -0.0 -0.0 -0.0; -0.0 -0.0 -0.0 -0.0 -0.0 -0.0 22.0 -0.0 -0.0 -0.0 -0.0 -0.0 -0.0 -0.0 -0.0; -0.0 -0.0 -0.0 -0.0 -0.0 -0.0 -0.0 7.0 21.0 -0.0 -0.0 -0.0 -0.0 -0.0 -0.0; -0.0 -0.0 -0.0 -0.0 -0.0 -0.0 -0.0 -0.0 -0.0 31.0 -0.0 -0.0 -0.0 -0.0 -0.0; -0.0 -0.0 -0.0 -0.0 -0.0 -0.0 -0.0 -0.0 -0.0 -0.0 -0.0 -0.0 0.0 -0.0 -0.0; -0.0 -0.0 -0.0 -0.0 -0.0 -0.0 -0.0 -0.0 -0.0 -0.0 -0.0 -0.0 29.000000000000004 26.0 29.000000000000004;;;]]
x_bb,"[28.0, 22.0, 28.0, 31.0, 0.0, 84.0]"
x_box,"[28.0, 22.0, 28.0, 31.0, 0.0, 84.0]"
evol_zeta,"[[1.509, 31.0], [1.872, 29.0], [1.877, 16.0], [1.882, 9.0], [1.886, 5.0], [1.917, 0.0]]"
ξ_box,[19.0; 17.0; 12.0; 23.0; 23.0; 25.0; 22.0; 7.0; 21.0; 31.0; 21.0; 23.0; 29.0; 26.0; 29.0;;]
