first,second
s_box,[7.0; 0.0; 0.0; 0.0; 0.0; 29.0; 30.0; 0.0; 7.0; 3.0; 7.0; 18.0; 0.0; 0.0; 0.0;;]
x_pb,"[17.0, 6.0, 107.0, 19.0, 25.0, 66.0]"
s_bb,[7.0; 0.0; 0.0; 0.0; 0.0; 29.0; 30.0; 0.0; 7.0; 3.0; 7.0; 18.0; 0.0; 0.0; 0.0;;]
partition_bb,"[[[22.0, 4.0, 38.0, 36.0, 33.0, 29.0, 29.0, 7.0, 0.0, 0.0, 0.0, 2.0, 9.0, 14.0, 20.0], [24.0, 6.0, 12.0, 14.0, 17.0, 21.0, 20.0, 0.0, 7.0, 3.0, 7.0, 18.0, 25.0, 30.0, 36.0], [24.0, 6.0, 7.0, 12.0, 15.0, 16.0, 16.0, 19.0, 7.0, 3.0, 7.0, 18.0, 25.0, 30.0, 36.0], [0.0, 6.0, 38.0, 36.0, 33.0, 29.0, 30.0, 19.0, 7.0, 3.0, 7.0, 0.0, 6.0, 11.0, 17.0]]]"
y_box,[17.0 -0.0 -0.0 -0.0 -0.0 -0.0 -0.0 -0.0 -0.0 -0.0 -0.0 -0.0 -0.0 -0.0 -0.0; -0.0 6.0 -0.0 -0.0 -0.0 -0.0 -0.0 -0.0 -0.0 -0.0 -0.0 -0.0 -0.0 -0.0 -0.0; -0.0 -0.0 38.0 36.0 33.0 -0.0 -0.0 -0.0 -0.0 -0.0 -0.0 -0.0 -0.0 -0.0 -0.0; -0.0 -0.0 -0.0 -0.0 -0.0 0.0 0.0 19.0 0.0 0.0 -0.0 -0.0 -0.0 -0.0 -0.0; -0.0 -0.0 -0.0 -0.0 -0.0 -0.0 -0.0 -0.0 -0.0 -0.0 0.0 0.0 25.0 -0.0 -0.0; -0.0 -0.0 -0.0 -0.0 -0.0 -0.0 -0.0 -0.0 -0.0 -0.0 -0.0 -0.0 -0.0 30.0 36.0;;;]
evol_bb,"[[0.266, 1.3149984724835481e7]]"
y_bb,[17.0 -0.0 -0.0 -0.0 -0.0 -0.0 -0.0 -0.0 -0.0 -0.0 -0.0 -0.0 -0.0 -0.0 -0.0; -0.0 6.0 -0.0 -0.0 -0.0 -0.0 -0.0 -0.0 -0.0 -0.0 -0.0 -0.0 -0.0 -0.0 -0.0; -0.0 -0.0 38.0 36.0 33.0 -0.0 -0.0 -0.0 -0.0 -0.0 -0.0 -0.0 -0.0 -0.0 -0.0; -0.0 -0.0 -0.0 -0.0 -0.0 0.0 0.0 19.0 0.0 0.0 -0.0 -0.0 -0.0 -0.0 -0.0; -0.0 -0.0 -0.0 -0.0 -0.0 -0.0 -0.0 -0.0 -0.0 -0.0 0.0 0.0 25.0 -0.0 -0.0; -0.0 -0.0 -0.0 -0.0 -0.0 -0.0 -0.0 -0.0 -0.0 -0.0 -0.0 -0.0 -0.0 30.0 36.0;;;]
evol_box,"[[0.419, 0.0], [1.96, 393219.62997972086], [2.035, 1.0937157840658884e7], [2.039, 1.249911322171687e7], [2.045, 1.2889631119137384e7], [2.05, 1.3149984724835481e7]]"
y_pb,[[17.0 -0.0 -0.0 -0.0 -0.0 -0.0 -0.0 -0.0 -0.0 -0.0 -0.0 -0.0 -0.0 -0.0 -0.0; -0.0 6.000000000000001 -0.0 -0.0 -0.0 -0.0 -0.0 -0.0 -0.0 -0.0 -0.0 -0.0 -0.0 -0.0 -0.0; -0.0 -0.0 38.0 36.0 33.0 -0.0 -0.0 -0.0 -0.0 -0.0 -0.0 -0.0 -0.0 -0.0 -0.0; -0.0 -0.0 -0.0 -0.0 -0.0 -0.0 -0.0 19.0 -0.0 -0.0 -0.0 -0.0 -0.0 -0.0 -0.0; -0.0 -0.0 -0.0 -0.0 -0.0 -0.0 -0.0 -0.0 -0.0 -0.0 -0.0 -0.0 25.0 -0.0 -0.0; -0.0 -0.0 -0.0 -0.0 -0.0 -0.0 -0.0 -0.0 -0.0 -0.0 -0.0 -0.0 -0.0 30.0 36.0;;;]]
x_bb,"[17.0, 6.0, 107.0, 19.0, 25.0, 66.0]"
x_box,"[17.0, 6.0, 107.0, 19.0, 25.0, 66.0]"
evol_zeta,"[[1.627, 38.0], [2.033, 16.0], [2.038, 12.0], [2.043, 2.0], [2.048, 2.0], [2.053, 0.0]]"
ξ_box,[24.0; 6.0; 38.0; 36.0; 33.0; 29.0; 30.0; 19.0; 7.0; 3.0; 7.0; 18.0; 25.0; 30.0; 36.0;;]
