first,second
s_box,[0.0 -0.0; -0.0 -0.0; -0.0 -0.0; -0.0 1.0; -0.0 -0.0; -0.0 6.0; -0.0 -0.0; 0.0 -0.0; 10.0 -0.0; 4.0 -0.0; 21.0 -0.0; 29.0 -0.0; 29.0 33.0; -0.0 -0.0; -0.0 52.0]
x_pb,"[18.0, 86.0, 16.0, 5.0, -0.0, 104.0]"
s_bb,[0.0 3.0; 0.0 0.0; 0.0 0.0; 0.0 0.0; 0.0 0.0; 0.0 0.0; 0.0 16.0; 0.0 5.0; 10.0 6.0; 4.0 0.0; 21.0 0.0; 29.0 29.0; 29.0 33.0; 0.0 0.0; 0.0 0.0]
partition_bb,"[[[0.0, 0.0, 4.0, 8.0, 11.0, 9.0, 0.0, 0.0, 0.0, 4.0, 20.0, 29.0, 30.0, 45.0, 55.0], [2.0, 14.0, 9.0, 6.0, 3.0, 2.0, 16.0, 5.0, 0.0, 4.0, 20.0, 29.0, 30.0, 38.0, 55.0], [3.0, 12.0, 14.0, 16.0, 17.0, 15.0, 5.0, 5.0, 10.0, 4.0, 21.0, 24.0, 33.0, 18.0, 8.0], [2.0, 14.0, 19.0, 15.0, 12.0, 10.0, 0.0, 0.0, 1.0, 4.0, 16.0, 24.0, 33.0, 48.0, 31.0], [0.0, 7.0, 11.0, 15.0, 18.0, 20.0, 6.0, 0.0, 1.0, 4.0, 16.0, 24.0, 33.0, 48.0, 31.0], [3.0, 12.0, 16.0, 20.0, 17.0, 15.0, 1.0, 0.0, 0.0, 3.0, 15.0, 23.0, 32.0, 47.0, 30.0], [1.0, 10.0, 14.0, 18.0, 21.0, 19.0, 5.0, 0.0, 0.0, 2.0, 14.0, 22.0, 31.0, 46.0, 29.0], [2.0, 9.0, 13.0, 17.0, 20.0, 22.0, 8.0, 0.0, 0.0, 1.0, 13.0, 21.0, 30.0, 45.0, 28.0], [3.0, 15.0, 10.0, 7.0, 7.0, 5.0, 9.0, 0.0, 1.0, 2.0, 14.0, 27.0, 31.0, 46.0, 53.0], [3.0, 15.0, 20.0, 16.0, 13.0, 11.0, 0.0, 5.0, 1.0, 3.0, 15.0, 23.0, 32.0, 47.0, 30.0]], [[3.0, 15.0, 20.0, 16.0, 13.0, 11.0, 16.0, 5.0, 0.0, 4.0, 11.0, 19.0, 28.0, 43.0, 26.0], [3.0, 12.0, 16.0, 18.0, 21.0, 23.0, 9.0, 0.0, 0.0, 0.0, 0.0, 14.0, 15.0, 23.0, 40.0], [2.0, 9.0, 13.0, 17.0, 20.0, 22.0, 8.0, 0.0, 0.0, 2.0, 4.0, 27.0, 28.0, 36.0, 53.0], [3.0, 11.0, 15.0, 19.0, 21.0, 23.0, 9.0, 5.0, 10.0, 4.0, 21.0, 29.0, 33.0, 18.0, 8.0], [3.0, 15.0, 16.0, 20.0, 23.0, 23.0, 11.0, 0.0, 1.0, 0.0, 17.0, 1.0, 10.0, 17.0, 1.0], [3.0, 12.0, 16.0, 20.0, 23.0, 21.0, 7.0, 0.0, 0.0, 1.0, 13.0, 21.0, 30.0, 45.0, 28.0], [2.0, 11.0, 15.0, 19.0, 22.0, 20.0, 6.0, 0.0, 0.0, 2.0, 14.0, 22.0, 31.0, 46.0, 29.0]]]"
y_box,[3.0 15.0 -0.0 -0.0 -0.0 -0.0 -0.0 -0.0 -0.0 -0.0 -0.0 -0.0 -0.0 -0.0 -0.0; -0.0 -0.0 20.0 20.0 21.0 22.0 -0.0 -0.0 -0.0 -0.0 -0.0 -0.0 -0.0 -0.0 -0.0; -0.0 -0.0 -0.0 -0.0 -0.0 -0.0 16.0 -0.0 -0.0 -0.0 -0.0 -0.0 -0.0 -0.0 -0.0; -0.0 -0.0 -0.0 -0.0 -0.0 -0.0 -0.0 5.0 0.0 -0.0 -0.0 -0.0 -0.0 -0.0 -0.0; -0.0 -0.0 -0.0 -0.0 -0.0 -0.0 -0.0 -0.0 -0.0 0.0 0.0 -0.0 -0.0 -0.0 -0.0; -0.0 -0.0 -0.0 -0.0 -0.0 -0.0 -0.0 -0.0 -0.0 -0.0 -0.0 -0.0 4.0 48.0 55.0;;; 3.0 -0.0 -0.0 6.0 -0.0 -0.0 -0.0 5.0 -0.0 4.0 -0.0 -0.0 -0.0 -0.0 -0.0; -0.0 15.0 0.0 13.0 18.0 -0.0 16.0 -0.0 -0.0 -0.0 21.0 -0.0 -0.0 -0.0 -0.0; 0.0 -0.0 -0.0 -0.0 5.0 1.0 -0.0 -0.0 -0.0 -0.0 -0.0 10.0 -0.0 -0.0 -0.0; -0.0 -0.0 -0.0 -0.0 -0.0 -0.0 -0.0 -0.0 -0.0 -0.0 -0.0 5.0 -0.0 -0.0 -0.0; -0.0 -0.0 -0.0 -0.0 -0.0 -0.0 -0.0 -0.0 -0.0 -0.0 -0.0 -0.0 -0.0 -0.0 -0.0; -0.0 -0.0 20.0 -0.0 -0.0 16.0 -0.0 0.0 10.0 -0.0 -0.0 14.0 -0.0 47.0 0.0]
evol_bb,"[[0.922, 1.2035108701420967e7], [1.014, 1.2027128749344638e7], [1.791, 1.2027128749344636e7], [3.891, 1.1909023186011095e7], [6.573, 1.1901885465557834e7], [13.434, 1.1776644221048279e7], [23.526, 1.1776641422389455e7], [37.711, 1.1651407728101868e7], [72.742, 1.1651399750630822e7]]"
y_bb,[3.0 15.0 0.0 0.0 0.0 0.0 0.0 0.0 0.0 0.0 0.0 0.0 0.0 0.0 0.0; 0.0 0.0 20.0 20.0 21.0 22.0 0.0 0.0 0.0 0.0 0.0 0.0 0.0 0.0 0.0; 0.0 0.0 0.0 0.0 0.0 0.0 16.0 0.0 0.0 0.0 0.0 0.0 0.0 0.0 0.0; 0.0 0.0 0.0 0.0 0.0 0.0 0.0 5.0 0.0 0.0 0.0 0.0 0.0 0.0 0.0; 0.0 0.0 0.0 0.0 0.0 0.0 0.0 0.0 0.0 0.0 0.0 0.0 0.0 0.0 0.0; 0.0 0.0 0.0 0.0 0.0 0.0 0.0 0.0 0.0 0.0 0.0 0.0 4.0 48.0 55.0;;; 0.0 15.0 0.0 0.0 0.0 0.0 0.0 0.0 0.0 0.0 0.0 0.0 0.0 3.0 0.0; 0.0 0.0 20.0 20.0 0.0 0.0 0.0 0.0 1.0 4.0 0.0 0.0 0.0 38.0 0.0; 0.0 0.0 0.0 0.0 0.0 16.0 0.0 0.0 0.0 0.0 0.0 0.0 0.0 0.0 0.0; 0.0 0.0 0.0 0.0 0.0 0.0 0.0 0.0 0.0 0.0 0.0 0.0 0.0 5.0 0.0; 0.0 0.0 0.0 0.0 0.0 0.0 0.0 0.0 0.0 0.0 0.0 0.0 0.0 0.0 0.0; 0.0 0.0 0.0 0.0 23.0 7.0 0.0 0.0 3.0 0.0 21.0 0.0 0.0 0.0 53.0]
evol_box,"[[0.445, 0.0], [1.943, 3784.920131430961], [2.041, 4033.126918245107], [2.1, 2.383301207746864e6], [2.238, 4.1368324809966027e6], [2.479, 7.142574214773549e6], [2.674, 7.142574214773549e6], [2.867, 7.393010006099107e6], [3.122, 8.395023978057584e6], [3.436, 9.021174110718524e6], [3.71, 9.021288378466548e6], [3.838, 9.146474280942574e6], [4.129, 1.0023172634123657e7], [4.241, 1.0023172634123659e7], [4.359, 1.0273638149249338e7], [4.528, 1.0398930732421512e7], [4.66, 1.0524179620102894e7], [4.803, 1.0524198398164935e7], [4.943, 1.064944416498181e7], [5.142, 1.0774683733401157e7], [5.33, 1.0774683733401153e7], [5.517, 1.077468848052659e7], [5.701, 1.077470136231611e7], [5.91, 1.1025152755250102e7], [6.066, 1.1025164076771537e7], [6.249, 1.1025185416680785e7], [6.45, 1.1150415823266346e7], [6.657, 1.1150423997288046e7], [7.003, 1.1275671375885336e7], [7.193, 1.1275675981608024e7], [7.418, 1.1400896166636722e7], [7.63, 1.140090434065842e7], [7.886, 1.1526125841919892e7], [8.174, 1.1526149215005377e7], [8.418, 1.1526154325317847e7], [8.627, 1.152615608715323e7], [8.843, 1.1526161780506581e7], [9.045, 1.152616278802585e7], [9.256, 1.1651399750630822e7], [9.469, 1.1651399750630822e7]]"
y_pb,[[3.0000000000000004 15.0 -0.0 -0.0 -0.0 -0.0 -0.0 -0.0 -0.0 -0.0 -0.0 -0.0 -0.0 -0.0 -0.0; -0.0 -0.0 20.0 20.0 23.0 23.0 -0.0 -0.0 -0.0 -0.0 -0.0 -0.0 -0.0 -0.0 -0.0; -0.0 -0.0 -0.0 -0.0 -0.0 -0.0 16.0 -0.0 -0.0 -0.0 -0.0 -0.0 -0.0 -0.0 -0.0; -0.0 -0.0 -0.0 -0.0 -0.0 -0.0 -0.0 5.0 -0.0 -0.0 -0.0 -0.0 -0.0 -0.0 -0.0; -0.0 -0.0 -0.0 -0.0 -0.0 -0.0 -0.0 -0.0 -0.0 0.0 -0.0 -0.0 -0.0 -0.0 -0.0; -0.0 -0.0 -0.0 -0.0 -0.0 -0.0 -0.0 -0.0 -0.0 -0.0 -0.0 -0.0 1.0 48.00000000000001 55.0;;;]]
x_bb,"[18.0, 83.0, 16.0, 5.0, 0.0, 107.0]"
x_box,"[18.0, 83.0, 16.0, 5.0, 0.0, 107.0]"
evol_zeta,"[[1.62, 55.0], [2.022, 16.0], [2.051, 15.0], [2.132, 15.0], [2.289, 15.0], [2.491, 13.0], [2.696, 11.58333333333333], [2.879, 13.0], [3.209, 9.0], [3.451, 9.0], [3.726, 9.91666666666667], [3.85, 7.0], [4.137, 4.0], [4.25, 4.0], [4.364, 9.0], [4.536, 3.0], [4.669, 4.0], [4.811, 5.0], [4.949, 9.0], [5.148, 3.000000000400007], [5.336, 4.0], [5.526, 6.0], [5.719, 3.142857142857144], [5.918, 3.999999999999972], [6.08, 3.0], [6.257, 2.3076923076923137], [6.461, 3.0], [6.664, 2.9999999999999716], [7.017, 1.0769220711974758], [7.196, 2.076917721499729], [7.43, 2.0], [7.636, 1.6666666666666679], [7.89, 2.0], [8.182, 1.0000000002000036], [8.426, 1.1538461538461533], [8.636, 0.7692307692307736], [8.854, 1.0], [9.055, 0.3076923076923066], [9.259, 0.2307692307692264], [9.479, 0.0]]"
ξ_box,[3.0 3.0; 15.0 15.0; 20.0 20.0; 20.0 20.0; 21.0 23.0; 22.0 23.0; 16.0 16.0; 5.0 5.0; 10.0 10.0; 4.0 4.0; 21.0 21.0; 29.0 29.0; 33.0 33.0; 48.0 47.0; 55.0 52.0]
