first,second
s_box,[50.0; 0.0; 0.0; 0.0; 10.0; 5.0; 9.0; 13.0; 8.0; 25.0; 0.0; 0.0; 0.0; 0.0; 0.0;;]
x_pb,"[100.0, -0.0, 41.0, 67.0, -0.0, 45.99999999999999]"
s_bb,[50.0; 0.0; 0.0; 0.0; 10.0; 5.0; 9.0; 13.0; 8.0; 25.0; 0.0; 0.0; 0.0; 0.0; 0.0;;]
partition_bb,"[[[50.0, 46.0, 40.0, 14.0, 5.0, 2.0, 1.0, 0.0, 0.0, 0.0, 6.0, 9.0, 16.0, 21.0, 45.0], [26.0, 22.0, 20.0, 3.0, 0.0, 5.0, 9.0, 13.0, 16.0, 25.0, 9.0, 8.0, 13.0, 16.0, 6.0], [48.0, 44.0, 38.0, 9.0, 0.0, 0.0, 0.0, 3.0, 6.0, 9.0, 15.0, 18.0, 31.0, 23.0, 2.0], [8.0, 12.0, 18.0, 14.0, 5.0, 5.0, 9.0, 13.0, 16.0, 9.0, 15.0, 17.0, 31.0, 36.0, 46.0], [36.0, 32.0, 26.0, 14.0, 10.0, 5.0, 1.0, 3.0, 6.0, 9.0, 15.0, 18.0, 31.0, 36.0, 12.0]]]"
y_box,[0.0 46.0 40.0 14.0 0.0 -0.0 -0.0 -0.0 -0.0 -0.0 -0.0 -0.0 -0.0 -0.0 -0.0; -0.0 -0.0 -0.0 -0.0 -0.0 0.0 -0.0 0.0 8.0 -0.0 -0.0 -0.0 -0.0 -0.0 -0.0; -0.0 -0.0 -0.0 -0.0 -0.0 -0.0 -0.0 -0.0 -0.0 -0.0 15.0 18.0 -0.0 -0.0 -0.0; -0.0 -0.0 -0.0 -0.0 -0.0 -0.0 -0.0 -0.0 -0.0 -0.0 -0.0 -0.0 31.0 36.0 -0.0; -0.0 -0.0 -0.0 -0.0 -0.0 -0.0 -0.0 -0.0 -0.0 -0.0 -0.0 -0.0 -0.0 -0.0 -0.0; -0.0 -0.0 -0.0 -0.0 -0.0 -0.0 -0.0 -0.0 -0.0 -0.0 -0.0 -0.0 -0.0 -0.0 46.0;;;]
evol_bb,"[[0.282, 1.4791269529160067e7]]"
y_bb,[0.0 46.0 40.0 14.0 0.0 -0.0 -0.0 -0.0 -0.0 -0.0 -0.0 -0.0 -0.0 -0.0 -0.0; -0.0 -0.0 -0.0 -0.0 -0.0 0.0 -0.0 0.0 8.0 -0.0 -0.0 -0.0 -0.0 -0.0 -0.0; -0.0 -0.0 -0.0 -0.0 -0.0 -0.0 -0.0 -0.0 -0.0 -0.0 15.0 18.0 -0.0 -0.0 -0.0; -0.0 -0.0 -0.0 -0.0 -0.0 -0.0 -0.0 -0.0 -0.0 -0.0 -0.0 -0.0 31.0 36.0 -0.0; -0.0 -0.0 -0.0 -0.0 -0.0 -0.0 -0.0 -0.0 -0.0 -0.0 -0.0 -0.0 -0.0 -0.0 -0.0; -0.0 -0.0 -0.0 -0.0 -0.0 -0.0 -0.0 -0.0 -0.0 -0.0 -0.0 -0.0 -0.0 -0.0 46.0;;;]
evol_box,"[[0.474, 0.0], [2.047, 126639.08341448779], [2.127, 1.1956975427084653e7], [2.132, 1.3928624885410456e7], [2.136, 1.4544822905530611e7], [2.142, 1.4668047746306535e7], [2.146, 1.4791269529160067e7]]"
y_pb,[[-0.0 46.0 40.0 14.0 -0.0 -0.0 -0.0 -0.0 -0.0 -0.0 -0.0 -0.0 -0.0 -0.0 -0.0; -0.0 -0.0 -0.0 -0.0 -0.0 -0.0 -0.0 -0.0 0.0 -0.0 -0.0 -0.0 -0.0 -0.0 -0.0; -0.0 -0.0 -0.0 -0.0 -0.0 -0.0 -0.0 -0.0 -0.0 8.0 15.0 18.0 -0.0 -0.0 -0.0; -0.0 -0.0 -0.0 -0.0 -0.0 -0.0 -0.0 -0.0 -0.0 -0.0 -0.0 -0.0 31.0 36.0 -0.0; -0.0 -0.0 -0.0 -0.0 -0.0 -0.0 -0.0 -0.0 -0.0 -0.0 -0.0 -0.0 -0.0 0.0 -0.0; -0.0 -0.0 -0.0 -0.0 -0.0 -0.0 -0.0 -0.0 -0.0 -0.0 -0.0 -0.0 -0.0 -0.0 46.0;;;]]
x_bb,"[100.0, 8.0, 33.0, 67.0, 0.0, 46.0]"
x_box,"[100.0, 8.0, 33.0, 67.0, 0.0, 46.0]"
evol_zeta,"[[1.718, 50.0], [2.125, 25.000000000000014], [2.13, 12.0], [2.135, 5.0], [2.14, 1.0], [2.145, 1.0], [2.149, 0.0]]"
ξ_box,[50.0; 46.0; 40.0; 14.0; 10.0; 5.0; 9.0; 13.0; 16.0; 25.0; 15.0; 18.0; 31.0; 36.0; 46.0;;]
