first,second
s_box,[66.0; 62.0; 0.0; 0.0; 30.0; 27.0; 25.0; 17.0; 10.0; 6.0; 0.0; 0.0; 0.0; 0.0; 0.0;;]
x_pb,"[-0.0, 108.0, -0.0, 70.0, 60.0, 31.0]"
s_bb,[66.0; 62.0; 0.0; 0.0; 30.0; 27.0; 25.0; 17.0; 10.0; 6.0; 0.0; 0.0; 0.0; 0.0; 0.0;;]
partition_bb,"[[[66.0, 53.0, 43.0, 35.0, 23.0, 19.0, 18.0, 10.0, 3.0, 0.0, 0.0, 0.0, 0.0, 0.0, 0.0], [20.0, 15.0, 10.0, 15.0, 12.0, 12.0, 10.0, 6.0, 10.0, 12.0, 13.0, 19.0, 32.0, 28.0, 31.0], [36.0, 49.0, 59.0, 49.0, 19.0, 15.0, 15.0, 15.0, 10.0, 10.0, 0.0, 0.0, 0.0, 0.0, 0.0], [41.0, 28.0, 18.0, 10.0, 0.0, 0.0, 2.0, 10.0, 10.0, 17.0, 24.0, 19.0, 32.0, 28.0, 31.0], [25.0, 38.0, 28.0, 30.0, 0.0, 0.0, 2.0, 10.0, 10.0, 17.0, 24.0, 30.0, 17.0, 21.0, 19.0], [49.0, 62.0, 52.0, 44.0, 16.0, 12.0, 12.0, 12.0, 7.0, 7.0, 0.0, 0.0, 0.0, 0.0, 0.0], [58.0, 45.0, 35.0, 27.0, 23.0, 27.0, 25.0, 17.0, 10.0, 0.0, 0.0, 0.0, 4.0, 0.0, 0.0], [31.0, 18.0, 10.0, 0.0, 30.0, 26.0, 25.0, 17.0, 10.0, 0.0, 0.0, 6.0, 19.0, 23.0, 24.0], [64.0, 51.0, 41.0, 33.0, 11.0, 7.0, 6.0, 6.0, 10.0, 22.0, 11.0, 9.0, 2.0, 0.0, 0.0]]]"
y_box,[0.0 0.0 -0.0 -0.0 -0.0 -0.0 -0.0 -0.0 -0.0 -0.0 -0.0 -0.0 -0.0 -0.0 -0.0; -0.0 -0.0 59.0 49.0 -0.0 -0.0 -0.0 -0.0 -0.0 -0.0 -0.0 -0.0 -0.0 -0.0 -0.0; -0.0 -0.0 -0.0 -0.0 0.0 -0.0 -0.0 -0.0 -0.0 -0.0 -0.0 -0.0 -0.0 -0.0 -0.0; -0.0 -0.0 -0.0 -0.0 -0.0 0.0 0.0 0.0 0.0 16.0 24.0 30.0 -0.0 -0.0 -0.0; -0.0 -0.0 -0.0 -0.0 -0.0 -0.0 -0.0 -0.0 -0.0 -0.0 -0.0 -0.0 32.0 28.0 -0.0; -0.0 -0.0 -0.0 -0.0 -0.0 -0.0 -0.0 -0.0 -0.0 -0.0 -0.0 -0.0 -0.0 -0.0 31.0;;;]
evol_bb,"[[0.295, 3.1125647913578667e7]]"
y_bb,[0.0 0.0 -0.0 -0.0 -0.0 -0.0 -0.0 -0.0 -0.0 -0.0 -0.0 -0.0 -0.0 -0.0 -0.0; -0.0 -0.0 59.0 49.0 -0.0 -0.0 -0.0 -0.0 -0.0 -0.0 -0.0 -0.0 -0.0 -0.0 -0.0; -0.0 -0.0 -0.0 -0.0 0.0 -0.0 -0.0 -0.0 -0.0 -0.0 -0.0 -0.0 -0.0 -0.0 -0.0; -0.0 -0.0 -0.0 -0.0 -0.0 0.0 0.0 0.0 0.0 16.0 24.0 30.0 -0.0 -0.0 -0.0; -0.0 -0.0 -0.0 -0.0 -0.0 -0.0 -0.0 -0.0 -0.0 -0.0 -0.0 -0.0 32.0 28.0 -0.0; -0.0 -0.0 -0.0 -0.0 -0.0 -0.0 -0.0 -0.0 -0.0 -0.0 -0.0 -0.0 -0.0 -0.0 31.0;;;]
evol_box,"[[0.43, 0.0], [1.882, 132608.3586205869], [1.955, 2.126380240920167e7], [1.961, 2.5106030988233905e7], [1.967, 2.7795605345765922e7], [1.972, 2.9204459416570686e7], [1.979, 3.035719746140134e7], [1.985, 3.1125647913578667e7]]"
y_pb,[[0.0 -0.0 -0.0 -0.0 -0.0 -0.0 -0.0 -0.0 -0.0 -0.0 -0.0 -0.0 -0.0 -0.0 -0.0; -0.0 -0.0 59.0 49.0 -0.0 -0.0 -0.0 -0.0 -0.0 -0.0 -0.0 -0.0 -0.0 -0.0 -0.0; -0.0 -0.0 -0.0 0.0 -0.0 -0.0 -0.0 -0.0 -0.0 -0.0 -0.0 -0.0 -0.0 -0.0 -0.0; -0.0 -0.0 -0.0 -0.0 -0.0 -0.0 -0.0 -0.0 -0.0 16.0 24.000000000000004 30.0 -0.0 -0.0 -0.0; -0.0 -0.0 -0.0 -0.0 -0.0 -0.0 -0.0 -0.0 -0.0 -0.0 -0.0 -0.0 32.0 28.0 -0.0; -0.0 -0.0 -0.0 -0.0 -0.0 -0.0 -0.0 -0.0 -0.0 -0.0 -0.0 -0.0 -0.0 -0.0 31.0;;;]]
x_bb,"[0.0, 108.0, 0.0, 70.0, 60.0, 31.0]"
x_box,"[0.0, 108.0, 0.0, 70.0, 60.0, 31.0]"
evol_zeta,"[[1.569, 66.0], [1.953, 32.0], [1.959, 15.199999999999996], [1.965, 11.0], [1.971, 11.0], [1.977, 8.599999999999994], [1.984, 6.0], [1.989, 0.0]]"
ξ_box,[66.0; 62.0; 59.0; 49.0; 30.0; 27.0; 25.0; 17.0; 10.0; 22.0; 24.0; 30.0; 32.0; 28.0; 31.0;;]
