first,second
s_box,[33.0; 0.0; 0.0; 0.0; 25.0; 16.0; 24.0; 2.0; 0.0; 0.0; 0.0; 0.0; 0.0; 15.0; 0.0;;]
x_pb,"[-0.0, 76.0, 22.0, 93.0, 44.0, 4.0]"
s_bb,[33.0; 0.0; 0.0; 0.0; 25.0; 16.0; 24.0; 2.0; 0.0; 0.0; 0.0; 0.0; 0.0; 15.0; 0.0;;]
partition_bb,"[[[1.0, 13.0, 7.0, 6.0, 10.0, 16.0, 21.0, 19.0, 34.0, 29.0, 29.0, 22.0, 17.0, 11.0, 4.0], [33.0, 21.0, 27.0, 28.0, 25.0, 16.0, 8.0, 8.0, 21.0, 16.0, 16.0, 12.0, 4.0, 0.0, 4.0], [0.0, 0.0, 3.0, 4.0, 7.0, 16.0, 24.0, 24.0, 21.0, 26.0, 25.0, 17.0, 15.0, 11.0, 0.0], [10.0, 21.0, 25.0, 24.0, 8.0, 13.0, 16.0, 13.0, 22.0, 17.0, 19.0, 13.0, 11.0, 15.0, 4.0], [0.0, 11.0, 17.0, 18.0, 7.0, 16.0, 24.0, 24.0, 17.0, 22.0, 22.0, 25.0, 19.0, 15.0, 4.0], [8.0, 20.0, 14.0, 13.0, 7.0, 16.0, 10.0, 10.0, 25.0, 30.0, 28.0, 20.0, 19.0, 15.0, 4.0]]]"
y_box,[0.0 -0.0 -0.0 -0.0 -0.0 -0.0 -0.0 -0.0 -0.0 -0.0 -0.0 -0.0 -0.0 -0.0 -0.0; -0.0 21.0 27.0 28.0 0.0 0.0 -0.0 -0.0 -0.0 -0.0 -0.0 -0.0 -0.0 -0.0 -0.0; -0.0 -0.0 -0.0 -0.0 -0.0 -0.0 0.0 22.0 -0.0 -0.0 -0.0 -0.0 -0.0 -0.0 -0.0; -0.0 -0.0 -0.0 -0.0 -0.0 -0.0 -0.0 -0.0 34.0 30.0 29.0 -0.0 -0.0 -0.0 -0.0; -0.0 -0.0 -0.0 -0.0 -0.0 -0.0 -0.0 -0.0 -0.0 -0.0 -0.0 25.0 19.0 0.0 -0.0; -0.0 -0.0 -0.0 -0.0 -0.0 -0.0 -0.0 -0.0 -0.0 -0.0 -0.0 -0.0 -0.0 -0.0 4.0;;;]
evol_bb,"[[0.304, 1.4490715939422533e7]]"
y_bb,[0.0 -0.0 -0.0 -0.0 -0.0 -0.0 -0.0 -0.0 -0.0 -0.0 -0.0 -0.0 -0.0 -0.0 -0.0; -0.0 21.0 27.0 28.0 0.0 0.0 -0.0 -0.0 -0.0 -0.0 -0.0 -0.0 -0.0 -0.0 -0.0; -0.0 -0.0 -0.0 -0.0 -0.0 -0.0 0.0 22.0 -0.0 -0.0 -0.0 -0.0 -0.0 -0.0 -0.0; -0.0 -0.0 -0.0 -0.0 -0.0 -0.0 -0.0 -0.0 34.0 30.0 29.0 -0.0 -0.0 -0.0 -0.0; -0.0 -0.0 -0.0 -0.0 -0.0 -0.0 -0.0 -0.0 -0.0 -0.0 -0.0 25.0 19.0 0.0 -0.0; -0.0 -0.0 -0.0 -0.0 -0.0 -0.0 -0.0 -0.0 -0.0 -0.0 -0.0 -0.0 -0.0 -0.0 4.0;;;]
evol_box,"[[0.484, 0.0], [2.155, 2245.9485057446736], [2.238, 1.2852830382461745e7], [2.245, 1.3356798635430124e7], [2.251, 1.423873337753259e7], [2.283, 1.4364725440774687e7], [2.29, 1.4490715939422533e7]]"
y_pb,[[-0.0 0.0 -0.0 -0.0 -0.0 -0.0 -0.0 -0.0 -0.0 -0.0 -0.0 -0.0 -0.0 -0.0 -0.0; -0.0 21.0 27.0 28.0 -0.0 -0.0 -0.0 -0.0 -0.0 -0.0 -0.0 -0.0 -0.0 -0.0 -0.0; -0.0 -0.0 -0.0 -0.0 -0.0 -0.0 -0.0 22.0 -0.0 -0.0 -0.0 -0.0 -0.0 -0.0 -0.0; -0.0 -0.0 -0.0 -0.0 -0.0 -0.0 -0.0 -0.0 34.0 30.0 29.000000000000004 -0.0 -0.0 -0.0 -0.0; -0.0 -0.0 -0.0 -0.0 -0.0 -0.0 -0.0 -0.0 -0.0 -0.0 -0.0 25.0 19.0 -0.0 -0.0; -0.0 -0.0 -0.0 -0.0 -0.0 -0.0 -0.0 -0.0 -0.0 -0.0 -0.0 -0.0 -0.0 -0.0 4.0;;;]]
x_bb,"[0.0, 76.0, 22.0, 93.0, 44.0, 4.0]"
x_box,"[0.0, 76.0, 22.0, 93.0, 44.0, 4.0]"
evol_zeta,"[[1.784, 34.0], [2.236, 32.0], [2.243, 4.0], [2.249, 3.0], [2.281, 1.0000000002000036], [2.288, 1.0], [2.32, 0.0]]"
ξ_box,[33.0; 21.0; 27.0; 28.0; 25.0; 16.0; 24.0; 24.0; 34.0; 30.0; 29.0; 25.0; 19.0; 15.0; 4.0;;]
