first,second
s_box,[0.0; 0.0; 0.0; 0.0; 0.0; 21.0; 37.0; 42.0; 42.0; 0.0; 0.0; 0.0; 0.0; 0.0; 0.0;;]
x_pb,"[109.0, -0.0, -0.0, 37.0, -0.0, 120.0]"
s_bb,[0.0; 0.0; 0.0; 0.0; 0.0; 21.0; 37.0; 42.0; 42.0; 0.0; 0.0; 0.0; 0.0; 0.0; 0.0;;]
partition_bb,"[[[0.0, 0.0, 8.0, 18.0, 19.0, 24.0, 36.0, 41.0, 42.0, 25.0, 17.0, 15.0, 12.0, 9.0, 1.0], [24.0, 16.0, 10.0, 12.0, 13.0, 18.0, 30.0, 35.0, 36.0, 19.0, 20.0, 16.0, 8.0, 3.0, 11.0], [24.0, 16.0, 25.0, 15.0, 14.0, 9.0, 20.0, 25.0, 26.0, 9.0, 9.0, 13.0, 21.0, 16.0, 24.0], [1.0, 9.0, 0.0, 9.0, 10.0, 15.0, 27.0, 22.0, 21.0, 37.0, 30.0, 29.0, 21.0, 16.0, 24.0], [11.0, 16.0, 25.0, 19.0, 21.0, 19.0, 31.0, 36.0, 37.0, 20.0, 12.0, 10.0, 7.0, 4.0, 0.0], [0.0, 0.0, 9.0, 19.0, 20.0, 24.0, 37.0, 32.0, 31.0, 15.0, 19.0, 23.0, 15.0, 16.0, 8.0], [8.0, 16.0, 9.0, 19.0, 20.0, 25.0, 36.0, 31.0, 30.0, 14.0, 6.0, 4.0, 11.0, 16.0, 24.0], [0.0, 0.0, 9.0, 19.0, 20.0, 24.0, 37.0, 42.0, 41.0, 25.0, 17.0, 15.0, 12.0, 8.0, 0.0]]]"
y_box,[24.0 16.0 25.0 19.0 21.0 4.0 -0.0 -0.0 -0.0 -0.0 -0.0 -0.0 -0.0 -0.0 -0.0; -0.0 -0.0 -0.0 -0.0 -0.0 -0.0 -0.0 -0.0 -0.0 -0.0 -0.0 -0.0 -0.0 -0.0 -0.0; -0.0 -0.0 -0.0 -0.0 -0.0 -0.0 0.0 0.0 0.0 -0.0 -0.0 -0.0 -0.0 -0.0 -0.0; -0.0 -0.0 -0.0 -0.0 -0.0 -0.0 -0.0 -0.0 -0.0 -0.0 -0.0 -0.0 -0.0 0.0 0.0; -0.0 -0.0 -0.0 -0.0 -0.0 -0.0 -0.0 -0.0 -0.0 37.0 0.0 0.0 0.0 -0.0 -0.0; -0.0 -0.0 -0.0 -0.0 -0.0 -0.0 -0.0 -0.0 -0.0 -0.0 30.0 29.0 21.0 16.0 24.0;;;]
evol_bb,"[[0.315, 1.7080702566143982e7]]"
y_bb,[24.0 16.0 25.0 19.0 21.0 4.0 -0.0 -0.0 -0.0 -0.0 -0.0 -0.0 -0.0 -0.0 -0.0; -0.0 -0.0 -0.0 -0.0 -0.0 -0.0 -0.0 -0.0 -0.0 -0.0 -0.0 -0.0 -0.0 -0.0 -0.0; -0.0 -0.0 -0.0 -0.0 -0.0 -0.0 0.0 0.0 0.0 -0.0 -0.0 -0.0 -0.0 -0.0 -0.0; -0.0 -0.0 -0.0 -0.0 -0.0 -0.0 -0.0 -0.0 -0.0 37.0 -0.0 -0.0 0.0 0.0 -0.0; -0.0 -0.0 -0.0 -0.0 -0.0 -0.0 -0.0 -0.0 -0.0 -0.0 0.0 0.0 -0.0 -0.0 0.0; -0.0 -0.0 -0.0 -0.0 -0.0 -0.0 -0.0 -0.0 -0.0 -0.0 30.0 29.0 21.0 16.0 24.0;;;]
evol_box,"[[0.486, 0.0], [2.092, 130290.75013429564], [2.17, 6.861666455179969e6], [2.176, 9.867094726212204e6], [2.182, 1.6599741839307662e7], [2.189, 1.6840219718522787e7], [2.22, 1.696046114233339e7], [2.227, 1.7080702566143982e7]]"
y_pb,[[24.000000000000004 16.0 25.0 19.0 21.0 4.0 -0.0 -0.0 -0.0 -0.0 -0.0 -0.0 -0.0 -0.0 -0.0; -0.0 -0.0 -0.0 -0.0 -0.0 -0.0 -0.0 -0.0 0.0 -0.0 -0.0 -0.0 -0.0 -0.0 -0.0; -0.0 -0.0 -0.0 -0.0 -0.0 -0.0 -0.0 -0.0 -0.0 0.0 -0.0 -0.0 -0.0 -0.0 -0.0; -0.0 -0.0 -0.0 -0.0 -0.0 -0.0 -0.0 -0.0 -0.0 37.0 -0.0 -0.0 -0.0 -0.0 -0.0; -0.0 -0.0 -0.0 -0.0 -0.0 -0.0 -0.0 -0.0 -0.0 0.0 -0.0 -0.0 -0.0 -0.0 -0.0; -0.0 -0.0 -0.0 -0.0 -0.0 -0.0 -0.0 -0.0 -0.0 -0.0 30.0 29.000000000000004 21.0 16.0 24.000000000000004;;;]]
x_bb,"[109.0, 0.0, 0.0, 37.0, 0.0, 120.0]"
x_box,"[109.0, 0.0, 0.0, 0.0, 37.0, 120.0]"
evol_zeta,"[[1.747, 41.92307692307693], [2.168, 24.0], [2.174, 15.0], [2.18, 13.0], [2.187, 1.0000000002000036], [2.218, 1.0000000002000036], [2.225, 0.75], [2.235, 0.0]]"
ξ_box,[24.0; 16.0; 25.0; 19.0; 21.0; 25.0; 37.0; 42.0; 42.0; 37.0; 30.0; 29.0; 21.0; 16.0; 24.0;;]
