first,second
s_box,[0.0; 0.0; 0.0; 0.0; 0.0; 2.0; 9.0; 3.0; 9.0; 12.0; 0.0; 0.0; 0.0; 0.0; 0.0;;]
x_pb,"[6.999999999999999, 104.0, -0.0, -0.0, 52.0, 46.0]"
s_bb,[0.0; 0.0; 0.0; 0.0; 0.0; 2.0; 9.0; 3.0; 9.0; 12.0; 0.0; 0.0; 0.0; 0.0; 0.0;;]
partition_bb,"[[[0.0, 0.0, 0.0, 0.0, 3.0, 7.0, 0.0, 0.0, 5.0, 9.0, 18.0, 29.0, 13.0, 11.0, 14.0], [7.0, 8.0, 19.0, 28.0, 24.0, 22.0, 9.0, 3.0, 9.0, 5.0, 0.0, 11.0, 17.0, 11.0, 18.0], [7.0, 11.0, 20.0, 11.0, 13.0, 17.0, 9.0, 3.0, 9.0, 12.0, 23.0, 29.0, 17.0, 11.0, 18.0], [7.0, 8.0, 19.0, 28.0, 25.0, 22.0, 6.0, 3.0, 8.0, 7.0, 18.0, 16.0, 17.0, 11.0, 7.0]]]"
y_box,[7.0 -0.0 -0.0 -0.0 -0.0 -0.0 -0.0 -0.0 -0.0 -0.0 -0.0 -0.0 -0.0 -0.0 -0.0; -0.0 11.0 20.0 28.0 25.0 20.0 -0.0 -0.0 -0.0 -0.0 -0.0 -0.0 -0.0 -0.0 -0.0; -0.0 -0.0 -0.0 -0.0 -0.0 -0.0 -0.0 -0.0 -0.0 -0.0 -0.0 -0.0 -0.0 -0.0 -0.0; -0.0 -0.0 -0.0 -0.0 -0.0 -0.0 0.0 0.0 -0.0 -0.0 -0.0 -0.0 -0.0 -0.0 -0.0; -0.0 -0.0 -0.0 -0.0 -0.0 -0.0 -0.0 -0.0 0.0 0.0 23.0 29.0 -0.0 -0.0 -0.0; -0.0 -0.0 -0.0 -0.0 -0.0 -0.0 -0.0 -0.0 -0.0 -0.0 -0.0 -0.0 17.0 11.0 18.0;;;]
evol_bb,"[[0.276, 4.3366033114446085e6]]"
y_bb,[7.0 -0.0 -0.0 -0.0 -0.0 -0.0 -0.0 -0.0 -0.0 -0.0 -0.0 -0.0 -0.0 -0.0 -0.0; -0.0 11.0 20.0 28.0 25.0 20.0 -0.0 -0.0 -0.0 -0.0 -0.0 -0.0 -0.0 -0.0 -0.0; -0.0 -0.0 -0.0 -0.0 -0.0 -0.0 -0.0 -0.0 -0.0 -0.0 -0.0 -0.0 -0.0 -0.0 -0.0; -0.0 -0.0 -0.0 -0.0 -0.0 -0.0 0.0 0.0 -0.0 -0.0 -0.0 -0.0 -0.0 -0.0 -0.0; -0.0 -0.0 -0.0 -0.0 -0.0 -0.0 -0.0 -0.0 0.0 0.0 23.0 29.0 -0.0 -0.0 -0.0; -0.0 -0.0 -0.0 -0.0 -0.0 -0.0 -0.0 -0.0 -0.0 -0.0 -0.0 -0.0 17.0 11.0 18.0;;;]
evol_box,"[[0.45, 0.0], [1.957, 2224.995082837002], [2.029, 2.356157935266453e6], [2.042, 3.841538010242729e6], [2.054, 4.3366033114446085e6]]"
y_pb,[[7.0 -0.0 -0.0 -0.0 -0.0 -0.0 -0.0 -0.0 -0.0 -0.0 -0.0 -0.0 -0.0 -0.0 -0.0; -0.0 11.0 20.0 28.0 25.0 20.0 -0.0 -0.0 -0.0 -0.0 -0.0 -0.0 -0.0 -0.0 -0.0; -0.0 -0.0 -0.0 -0.0 -0.0 0.0 -0.0 -0.0 -0.0 -0.0 -0.0 -0.0 -0.0 -0.0 -0.0; -0.0 -0.0 -0.0 -0.0 -0.0 0.0 -0.0 -0.0 -0.0 -0.0 -0.0 -0.0 -0.0 -0.0 -0.0; -0.0 -0.0 -0.0 -0.0 -0.0 -0.0 -0.0 -0.0 -0.0 -0.0 23.0 29.000000000000004 -0.0 -0.0 -0.0; -0.0 -0.0 -0.0 -0.0 -0.0 -0.0 -0.0 -0.0 -0.0 -0.0 -0.0 -0.0 17.0 11.0 18.0;;;]]
x_bb,"[7.0, 104.0, 0.0, 0.0, 52.0, 46.0]"
x_box,"[7.0, 104.0, 0.0, 0.0, 52.0, 46.0]"
evol_zeta,"[[1.644, 29.0], [2.028, 28.0], [2.04, 5.0], [2.052, 4.0], [2.064, 0.0]]"
ξ_box,[7.0; 11.0; 20.0; 28.0; 25.0; 22.0; 9.0; 3.0; 9.0; 12.0; 23.0; 29.0; 17.0; 11.0; 18.0;;]
