first,second
s_box,[0.0; 0.0; 0.0; 40.0; 24.0; 0.0; 49.0; 0.0; 0.0; 0.0; 0.0; 0.0; 0.0; 0.0; 0.0;;]
x_pb,"[38.0, -0.0, 61.0, 38.0, 95.0, 13.999999999999998]"
s_bb,[0.0; 0.0; 0.0; 40.0; 24.0; 0.0; 49.0; 0.0; 0.0; 0.0; 0.0; 0.0; 0.0; 0.0; 0.0;;]
partition_bb,"[[[8.0, 8.0, 9.0, 28.0, 33.0, 39.0, 49.0, 21.0, 17.0, 12.0, 11.0, 11.0, 0.0, 0.0, 0.0], [6.0, 6.0, 4.0, 21.0, 26.0, 34.0, 24.0, 38.0, 23.0, 22.0, 15.0, 8.0, 2.0, 5.0, 14.0], [12.0, 12.0, 13.0, 40.0, 42.0, 34.0, 26.0, 8.0, 7.0, 7.0, 7.0, 6.0, 2.0, 5.0, 0.0], [12.0, 12.0, 14.0, 0.0, 5.0, 10.0, 0.0, 0.0, 15.0, 16.0, 20.0, 20.0, 2.0, 5.0, 14.0], [12.0, 12.0, 14.0, 37.0, 42.0, 43.0, 33.0, 7.0, 3.0, 0.0, 7.0, 14.0, 2.0, 5.0, 14.0], [0.0, 0.0, 0.0, 0.0, 0.0, 0.0, 0.0, 28.0, 26.0, 21.0, 20.0, 20.0, 2.0, 0.0, 0.0]]]"
y_box,[12.0 12.0 14.0 -0.0 -0.0 -0.0 -0.0 -0.0 -0.0 -0.0 -0.0 -0.0 -0.0 -0.0 -0.0; -0.0 -0.0 -0.0 -0.0 -0.0 -0.0 -0.0 -0.0 -0.0 -0.0 -0.0 -0.0 -0.0 -0.0 -0.0; -0.0 -0.0 -0.0 0.0 18.0 43.0 0.0 -0.0 -0.0 -0.0 -0.0 -0.0 -0.0 -0.0 -0.0; -0.0 -0.0 -0.0 -0.0 -0.0 -0.0 -0.0 38.0 -0.0 -0.0 -0.0 -0.0 -0.0 -0.0 -0.0; -0.0 -0.0 -0.0 -0.0 -0.0 -0.0 -0.0 -0.0 26.0 22.0 20.0 20.0 2.0 5.0 -0.0; -0.0 -0.0 -0.0 -0.0 -0.0 -0.0 -0.0 -0.0 -0.0 -0.0 -0.0 -0.0 -0.0 -0.0 14.0;;;]
evol_bb,"[[0.299, 1.4089349317035194e7]]"
y_bb,[12.0 12.0 14.0 -0.0 -0.0 -0.0 -0.0 -0.0 -0.0 -0.0 -0.0 -0.0 -0.0 -0.0 -0.0; -0.0 -0.0 -0.0 -0.0 -0.0 -0.0 -0.0 -0.0 -0.0 -0.0 -0.0 -0.0 -0.0 -0.0 -0.0; -0.0 -0.0 -0.0 0.0 18.0 43.0 0.0 -0.0 -0.0 -0.0 -0.0 -0.0 -0.0 -0.0 -0.0; -0.0 -0.0 -0.0 -0.0 -0.0 -0.0 -0.0 38.0 -0.0 -0.0 -0.0 -0.0 -0.0 -0.0 -0.0; -0.0 -0.0 -0.0 -0.0 -0.0 -0.0 -0.0 -0.0 26.0 22.0 20.0 20.0 2.0 5.0 -0.0; -0.0 -0.0 -0.0 -0.0 -0.0 -0.0 -0.0 -0.0 -0.0 -0.0 -0.0 -0.0 -0.0 -0.0 14.0;;;]
evol_box,"[[0.503, 0.0], [2.148, 7120.804730509973], [2.23, 7.235006664593673e6], [2.236, 1.1846087822742682e7], [2.243, 1.2718508019666158e7], [2.248, 1.3341609248535044e7], [2.254, 1.3964733470177438e7], [2.259, 1.4089349317035194e7]]"
y_pb,[[12.000000000000002 12.000000000000002 14.0 -0.0 -0.0 -0.0 -0.0 -0.0 -0.0 -0.0 -0.0 -0.0 -0.0 -0.0 -0.0; -0.0 -0.0 -0.0 -0.0 0.0 -0.0 -0.0 -0.0 -0.0 -0.0 -0.0 -0.0 -0.0 -0.0 -0.0; -0.0 -0.0 -0.0 -0.0 18.0 43.00000000000001 -0.0 -0.0 -0.0 -0.0 -0.0 -0.0 -0.0 -0.0 -0.0; -0.0 -0.0 -0.0 -0.0 -0.0 -0.0 -0.0 38.0 -0.0 -0.0 -0.0 -0.0 -0.0 -0.0 -0.0; -0.0 -0.0 -0.0 -0.0 -0.0 -0.0 -0.0 -0.0 26.0 22.0 20.0 20.0 2.0 5.0 -0.0; -0.0 -0.0 -0.0 -0.0 -0.0 -0.0 -0.0 -0.0 -0.0 -0.0 -0.0 -0.0 -0.0 -0.0 14.0;;;]]
x_bb,"[38.0, 0.0, 61.0, 38.0, 95.0, 14.0]"
x_box,"[38.0, 0.0, 61.0, 38.0, 95.0, 14.0]"
evol_zeta,"[[1.791, 49.0], [2.228, 17.0], [2.234, 12.0], [2.241, 7.0], [2.247, 5.0], [2.252, 3.0], [2.257, 1.0], [2.263, 0.0]]"
ξ_box,[12.0; 12.0; 14.0; 40.0; 42.0; 43.0; 49.0; 38.0; 26.0; 22.0; 20.0; 20.0; 2.0; 5.0; 14.0;;]
