first,second
s_box,[0.0; 0.0; 3.0; 12.0; 0.0; 0.0; 0.0; 0.0; 0.0; 0.0; 0.0; 0.0; 0.0; 0.0; 6.0;;]
x_pb,"[32.0, 6.0, 12.0, 63.0, 31.0, 67.0]"
s_bb,[0.0; 0.0; 3.0; 12.0; 0.0; 0.0; 0.0; 0.0; 0.0; 0.0; 0.0; 0.0; 0.0; 0.0; 6.0;;]
partition_bb,"[[[10.0, 14.0, 9.0, 10.0, 3.0, 3.0, 8.0, 14.0, 17.0, 24.0, 31.0, 27.0, 21.0, 15.0, 6.0], [18.0, 14.0, 9.0, 12.0, 8.0, 1.0, 6.0, 14.0, 17.0, 24.0, 15.0, 27.0, 25.0, 15.0, 6.0], [0.0, 0.0, 0.0, 3.0, 9.0, 2.0, 7.0, 0.0, 0.0, 3.0, 10.0, 6.0, 10.0, 0.0, 0.0]]]"
y_box,[18.0 14.0 -0.0 -0.0 -0.0 -0.0 -0.0 -0.0 -0.0 -0.0 -0.0 -0.0 -0.0 -0.0 -0.0; -0.0 -0.0 6.0 -0.0 -0.0 -0.0 -0.0 -0.0 -0.0 -0.0 -0.0 -0.0 -0.0 -0.0 -0.0; -0.0 -0.0 -0.0 0.0 9.0 3.0 -0.0 -0.0 -0.0 -0.0 -0.0 -0.0 -0.0 -0.0 -0.0; -0.0 -0.0 -0.0 -0.0 -0.0 -0.0 8.0 14.0 17.0 24.0 -0.0 -0.0 -0.0 -0.0 -0.0; -0.0 -0.0 -0.0 -0.0 -0.0 -0.0 -0.0 -0.0 -0.0 -0.0 31.0 -0.0 -0.0 -0.0 -0.0; -0.0 -0.0 -0.0 -0.0 -0.0 -0.0 -0.0 -0.0 -0.0 -0.0 -0.0 27.0 25.0 15.0 0.0;;;]
evol_bb,"[[0.262, 2.535611279043439e6]]"
y_bb,[18.0 14.0 -0.0 -0.0 -0.0 -0.0 -0.0 -0.0 -0.0 -0.0 -0.0 -0.0 -0.0 -0.0 -0.0; -0.0 -0.0 6.0 -0.0 -0.0 -0.0 -0.0 -0.0 -0.0 -0.0 -0.0 -0.0 -0.0 -0.0 -0.0; -0.0 -0.0 -0.0 0.0 9.0 3.0 -0.0 -0.0 -0.0 -0.0 -0.0 -0.0 -0.0 -0.0 -0.0; -0.0 -0.0 -0.0 -0.0 -0.0 -0.0 8.0 14.0 17.0 24.0 -0.0 -0.0 -0.0 -0.0 -0.0; -0.0 -0.0 -0.0 -0.0 -0.0 -0.0 -0.0 -0.0 -0.0 -0.0 31.0 -0.0 -0.0 -0.0 -0.0; -0.0 -0.0 -0.0 -0.0 -0.0 -0.0 -0.0 -0.0 -0.0 -0.0 -0.0 27.0 25.0 15.0 0.0;;;]
evol_box,"[[0.437, 0.0], [1.877, 123433.73760565437], [1.942, 1.0883083616804148e6], [1.946, 1.8119846439691891e6], [1.949, 2.294381098510405e6], [1.953, 2.535611279043439e6]]"
y_pb,[[18.0 14.0 -0.0 -0.0 -0.0 -0.0 -0.0 -0.0 -0.0 -0.0 -0.0 -0.0 -0.0 -0.0 -0.0; -0.0 -0.0 6.0 -0.0 -0.0 -0.0 -0.0 -0.0 -0.0 -0.0 -0.0 -0.0 -0.0 -0.0 -0.0; -0.0 -0.0 -0.0 -0.0 9.0 3.0000000000000004 -0.0 -0.0 -0.0 -0.0 -0.0 -0.0 -0.0 -0.0 -0.0; -0.0 -0.0 -0.0 -0.0 -0.0 -0.0 8.0 14.0 17.0 24.000000000000004 -0.0 -0.0 -0.0 -0.0 -0.0; -0.0 -0.0 -0.0 -0.0 -0.0 -0.0 -0.0 -0.0 -0.0 -0.0 31.0 -0.0 -0.0 -0.0 -0.0; -0.0 -0.0 -0.0 -0.0 -0.0 -0.0 -0.0 -0.0 -0.0 -0.0 -0.0 27.0 25.0 15.0 -0.0;;;]]
x_bb,"[32.0, 6.0, 12.0, 63.0, 31.0, 67.0]"
x_box,"[32.0, 6.0, 12.0, 63.0, 31.0, 67.0]"
evol_zeta,"[[1.583, 31.0], [1.94, 8.0], [1.944, 6.0], [1.948, 4.0], [1.952, 2.0], [1.955, 0.0]]"
ξ_box,[18.0; 14.0; 9.0; 12.0; 9.0; 3.0; 8.0; 14.0; 17.0; 24.0; 31.0; 27.0; 25.0; 15.0; 6.0;;]
