first,second
s_box,[0.0; 0.0; 0.0; 22.0; 17.0; 1.0; 0.0; 27.0; 0.0; 0.0; 0.0; 0.0; 0.0; 0.0; 0.0;;]
x_pb,"[30.0, 5.0, 9.0, 94.0, 41.0, 44.0]"
s_bb,[0.0; 0.0; 0.0; 22.0; 17.0; 1.0; 0.0; 27.0; 0.0; 0.0; 0.0; 0.0; 0.0; 0.0; 0.0;;]
partition_bb,"[[[0.0, 0.0, 4.0, 5.0, 10.0, 26.0, 28.0, 27.0, 24.0, 17.0, 21.0, 9.0, 10.0, 11.0, 30.0], [30.0, 5.0, 9.0, 22.0, 17.0, 26.0, 19.0, 22.0, 19.0, 12.0, 9.0, 9.0, 11.0, 14.0, 0.0]]]"
y_box,[30.0 -0.0 -0.0 -0.0 -0.0 -0.0 -0.0 -0.0 -0.0 -0.0 -0.0 -0.0 -0.0 -0.0 -0.0; -0.0 5.0 -0.0 -0.0 -0.0 -0.0 -0.0 -0.0 -0.0 -0.0 -0.0 -0.0 -0.0 -0.0 -0.0; -0.0 -0.0 9.0 0.0 0.0 -0.0 -0.0 -0.0 -0.0 -0.0 -0.0 -0.0 -0.0 -0.0 -0.0; -0.0 -0.0 -0.0 -0.0 -0.0 25.0 28.0 0.0 24.0 17.0 -0.0 -0.0 -0.0 -0.0 -0.0; -0.0 -0.0 -0.0 -0.0 -0.0 -0.0 -0.0 -0.0 -0.0 -0.0 21.0 9.0 11.0 -0.0 -0.0; -0.0 -0.0 -0.0 -0.0 -0.0 -0.0 -0.0 -0.0 -0.0 -0.0 -0.0 -0.0 -0.0 14.0 30.0;;;]
evol_bb,"[[0.244, 8.249054980134761e6]]"
y_bb,[30.0 -0.0 -0.0 -0.0 -0.0 -0.0 -0.0 -0.0 -0.0 -0.0 -0.0 -0.0 -0.0 -0.0 -0.0; -0.0 5.0 -0.0 -0.0 -0.0 -0.0 -0.0 -0.0 -0.0 -0.0 -0.0 -0.0 -0.0 -0.0 -0.0; -0.0 -0.0 9.0 0.0 0.0 -0.0 -0.0 -0.0 -0.0 -0.0 -0.0 -0.0 -0.0 -0.0 -0.0; -0.0 -0.0 -0.0 -0.0 -0.0 25.0 28.0 0.0 24.0 17.0 -0.0 -0.0 -0.0 -0.0 -0.0; -0.0 -0.0 -0.0 -0.0 -0.0 -0.0 -0.0 -0.0 -0.0 -0.0 21.0 9.0 11.0 -0.0 -0.0; -0.0 -0.0 -0.0 -0.0 -0.0 -0.0 -0.0 -0.0 -0.0 -0.0 -0.0 -0.0 -0.0 14.0 30.0;;;]
evol_box,"[[0.454, 0.0], [1.937, 3817.7542267841463], [2.01, 4.1878715458814763e6], [2.014, 7.756824648502687e6], [2.019, 8.249054980134761e6]]"
y_pb,[[30.0 -0.0 -0.0 -0.0 -0.0 -0.0 -0.0 -0.0 -0.0 -0.0 -0.0 -0.0 -0.0 -0.0 -0.0; -0.0 5.0 -0.0 -0.0 -0.0 -0.0 -0.0 -0.0 -0.0 -0.0 -0.0 -0.0 -0.0 -0.0 -0.0; -0.0 -0.0 9.0 -0.0 -0.0 -0.0 -0.0 -0.0 -0.0 -0.0 -0.0 -0.0 -0.0 -0.0 -0.0; -0.0 -0.0 -0.0 -0.0 -0.0 25.0 28.0 -0.0 24.000000000000004 17.0 -0.0 -0.0 -0.0 -0.0 -0.0; -0.0 -0.0 -0.0 -0.0 -0.0 -0.0 -0.0 -0.0 -0.0 -0.0 21.0 9.0 11.0 -0.0 -0.0; -0.0 -0.0 -0.0 -0.0 -0.0 -0.0 -0.0 -0.0 -0.0 -0.0 -0.0 -0.0 -0.0 14.0 30.0;;;]]
x_bb,"[30.0, 5.0, 9.0, 94.0, 41.0, 44.0]"
x_box,"[30.0, 5.0, 9.0, 94.0, 41.0, 44.0]"
evol_zeta,"[[1.618, 30.0], [2.008, 30.0], [2.013, 17.0], [2.017, 3.0], [2.021, 0.0]]"
ξ_box,[30.0; 5.0; 9.0; 22.0; 17.0; 26.0; 28.0; 27.0; 24.0; 17.0; 21.0; 9.0; 11.0; 14.0; 30.0;;]
