first,second
s_box,[0.0; 19.0; 36.0; 0.0; 0.0; 43.0; 38.0; 0.0; 9.0; 11.0; 19.0; 9.0; 18.0; 0.0; 0.0;;]
x_pb,"[79.0, 83.0, 27.999999999999996, -0.0, -0.0, 52.0]"
s_bb,[0.0; 19.0; 36.0; 0.0; 0.0; 43.0; 38.0; 0.0; 9.0; 11.0; 19.0; 9.0; 18.0; 0.0; 0.0;;]
partition_bb,"[[[50.0, 39.0, 36.0, 31.0, 28.0, 22.0, 17.0, 19.0, 0.0, 0.0, 0.0, 0.0, 0.0, 0.0, 0.0], [19.0, 8.0, 5.0, 0.0, 5.0, 9.0, 22.0, 12.0, 0.0, 2.0, 13.0, 9.0, 13.0, 24.0, 28.0], [15.0, 17.0, 29.0, 34.0, 37.0, 43.0, 30.0, 25.0, 8.0, 6.0, 0.0, 0.0, 0.0, 0.0, 0.0], [37.0, 48.0, 36.0, 31.0, 28.0, 22.0, 10.0, 4.0, 2.0, 0.0, 0.0, 0.0, 1.0, 12.0, 12.0], [22.0, 18.0, 30.0, 35.0, 30.0, 26.0, 38.0, 28.0, 9.0, 7.0, 0.0, 0.0, 0.0, 0.0, 0.0], [32.0, 30.0, 18.0, 13.0, 10.0, 16.0, 10.0, 0.0, 9.0, 11.0, 19.0, 9.0, 18.0, 24.0, 28.0], [22.0, 24.0, 36.0, 41.0, 36.0, 38.0, 25.0, 20.0, 3.0, 1.0, 0.0, 0.0, 0.0, 0.0, 0.0], [20.0, 22.0, 34.0, 37.0, 42.0, 36.0, 23.0, 18.0, 6.0, 4.0, 0.0, 0.0, 0.0, 0.0, 0.0]]]"
y_box,[50.0 29.0 -0.0 -0.0 -0.0 -0.0 -0.0 -0.0 -0.0 -0.0 -0.0 -0.0 -0.0 -0.0 -0.0; -0.0 -0.0 0.0 41.0 42.0 0.0 -0.0 -0.0 -0.0 -0.0 -0.0 -0.0 -0.0 -0.0 -0.0; -0.0 -0.0 -0.0 -0.0 -0.0 -0.0 0.0 28.0 -0.0 -0.0 -0.0 -0.0 -0.0 -0.0 -0.0; -0.0 -0.0 -0.0 -0.0 -0.0 -0.0 -0.0 -0.0 0.0 0.0 0.0 -0.0 -0.0 -0.0 -0.0; -0.0 -0.0 -0.0 -0.0 -0.0 -0.0 -0.0 -0.0 -0.0 -0.0 -0.0 0.0 -0.0 -0.0 -0.0; -0.0 -0.0 -0.0 -0.0 -0.0 -0.0 -0.0 -0.0 -0.0 -0.0 -0.0 -0.0 0.0 24.0 28.0;;;]
evol_bb,"[[0.374, 2.503087047397887e7]]"
y_bb,[50.0 29.0 -0.0 -0.0 -0.0 -0.0 -0.0 -0.0 -0.0 -0.0 -0.0 -0.0 -0.0 -0.0 -0.0; -0.0 -0.0 0.0 41.0 42.0 0.0 -0.0 -0.0 -0.0 -0.0 -0.0 -0.0 -0.0 -0.0 -0.0; -0.0 -0.0 -0.0 -0.0 -0.0 -0.0 0.0 28.0 -0.0 -0.0 -0.0 -0.0 -0.0 -0.0 -0.0; -0.0 -0.0 -0.0 -0.0 -0.0 -0.0 -0.0 -0.0 0.0 0.0 0.0 -0.0 -0.0 -0.0 -0.0; -0.0 -0.0 -0.0 -0.0 -0.0 -0.0 -0.0 -0.0 -0.0 -0.0 -0.0 0.0 -0.0 -0.0 -0.0; -0.0 -0.0 -0.0 -0.0 -0.0 -0.0 -0.0 -0.0 -0.0 -0.0 -0.0 -0.0 0.0 24.0 28.0;;;]
evol_box,"[[0.546, 0.0], [2.351, 2227.952045226743], [2.439, 1.1649001342891362e7], [2.445, 1.8959463569866683e7], [2.453, 2.0818070101788864e7], [2.459, 2.3544026715304565e7], [2.466, 2.490696823632397e7], [2.484, 2.503087047397887e7]]"
y_pb,[[50.0 29.0 -0.0 -0.0 -0.0 -0.0 -0.0 -0.0 -0.0 -0.0 -0.0 -0.0 -0.0 -0.0 -0.0; -0.0 -0.0 -0.0 41.0 42.0 -0.0 -0.0 -0.0 -0.0 -0.0 -0.0 -0.0 -0.0 -0.0 -0.0; -0.0 -0.0 -0.0 -0.0 -0.0 -0.0 -0.0 28.0 -0.0 -0.0 -0.0 -0.0 -0.0 -0.0 -0.0; -0.0 -0.0 -0.0 -0.0 -0.0 -0.0 -0.0 -0.0 0.0 -0.0 -0.0 -0.0 -0.0 -0.0 -0.0; -0.0 -0.0 -0.0 -0.0 -0.0 -0.0 -0.0 -0.0 -0.0 -0.0 -0.0 0.0 -0.0 -0.0 -0.0; -0.0 -0.0 -0.0 -0.0 -0.0 -0.0 -0.0 -0.0 -0.0 -0.0 -0.0 -0.0 -0.0 24.000000000000004 28.0;;;]]
x_bb,"[79.0, 83.0, 28.0, 0.0, 0.0, 52.0]"
x_box,"[79.0, 83.0, 28.0, 0.0, 0.0, 52.0]"
evol_zeta,"[[1.969, 49.99999999999997], [2.437, 28.0], [2.443, 20.799999999999997], [2.451, 9.0], [2.457, 8.0], [2.464, 7.0], [2.482, 1.0], [2.488, 0.0]]"
ξ_box,[50.0; 48.0; 36.0; 41.0; 42.0; 43.0; 38.0; 28.0; 9.0; 11.0; 19.0; 9.0; 18.0; 24.0; 28.0;;]
