first,second
s_box,[0.0; 0.0; 0.0; 0.0; 50.0; 46.0; 32.0; 0.0; 0.0; 0.0; 0.0; 13.0; 55.0; 35.0; 40.0;;]
x_pb,"[102.0, 50.99999999999999, -0.0, -0.0, 83.0, 73.0]"
s_bb,[0.0; 0.0; 0.0; 0.0; 50.0; 46.0; 32.0; 0.0; 0.0; 0.0; 0.0; 13.0; 55.0; 35.0; 40.0;;]
partition_bb,"[[[0.0, 0.0, 0.0, 10.0, 18.0, 5.0, 12.0, 20.0, 23.0, 26.0, 34.0, 41.0, 55.0, 35.0, 31.0], [28.0, 36.0, 34.0, 51.0, 45.0, 41.0, 27.0, 19.0, 16.0, 13.0, 5.0, 1.0, 0.0, 0.0, 0.0], [28.0, 36.0, 34.0, 16.0, 15.0, 6.0, 5.0, 13.0, 16.0, 13.0, 12.0, 13.0, 27.0, 35.0, 40.0], [0.0, 2.0, 4.0, 11.0, 19.0, 32.0, 19.0, 24.0, 28.0, 31.0, 41.0, 34.0, 37.0, 17.0, 13.0], [10.0, 2.0, 0.0, 12.0, 20.0, 18.0, 32.0, 24.0, 28.0, 25.0, 15.0, 17.0, 31.0, 35.0, 40.0], [8.0, 16.0, 18.0, 25.0, 33.0, 46.0, 32.0, 24.0, 21.0, 18.0, 10.0, 3.0, 15.0, 20.0, 20.0], [25.0, 29.0, 30.0, 42.0, 50.0, 37.0, 29.0, 24.0, 20.0, 17.0, 7.0, 6.0, 0.0, 0.0, 0.0], [21.0, 13.0, 11.0, 0.0, 1.0, 5.0, 19.0, 24.0, 28.0, 31.0, 41.0, 45.0, 31.0, 22.0, 18.0], [28.0, 36.0, 38.0, 19.0, 27.0, 14.0, 28.0, 24.0, 28.0, 25.0, 15.0, 10.0, 20.0, 0.0, 0.0]]]"
y_box,[28.0 36.0 38.0 -0.0 -0.0 -0.0 -0.0 -0.0 -0.0 -0.0 -0.0 -0.0 -0.0 -0.0 -0.0; -0.0 -0.0 -0.0 51.0 0.0 -0.0 -0.0 -0.0 -0.0 -0.0 -0.0 -0.0 -0.0 -0.0 -0.0; -0.0 -0.0 -0.0 -0.0 -0.0 0.0 -0.0 -0.0 -0.0 -0.0 -0.0 -0.0 -0.0 -0.0 -0.0; -0.0 -0.0 -0.0 -0.0 -0.0 -0.0 -0.0 -0.0 -0.0 -0.0 -0.0 -0.0 -0.0 -0.0 -0.0; -0.0 -0.0 -0.0 -0.0 -0.0 -0.0 0.0 24.0 28.0 31.0 -0.0 -0.0 -0.0 -0.0 -0.0; -0.0 -0.0 -0.0 -0.0 -0.0 -0.0 -0.0 -0.0 -0.0 -0.0 41.0 32.0 0.0 0.0 0.0;;;]
evol_bb,"[[0.316, 3.567759017834161e7]]"
y_bb,[28.0 36.0 38.0 -0.0 -0.0 -0.0 -0.0 -0.0 -0.0 -0.0 -0.0 -0.0 -0.0 -0.0 -0.0; -0.0 -0.0 -0.0 51.0 0.0 -0.0 -0.0 -0.0 -0.0 -0.0 -0.0 -0.0 -0.0 -0.0 -0.0; -0.0 -0.0 -0.0 -0.0 -0.0 0.0 -0.0 -0.0 -0.0 -0.0 -0.0 -0.0 -0.0 -0.0 -0.0; -0.0 -0.0 -0.0 -0.0 -0.0 -0.0 -0.0 -0.0 -0.0 -0.0 -0.0 -0.0 -0.0 -0.0 -0.0; -0.0 -0.0 -0.0 -0.0 -0.0 -0.0 0.0 24.0 28.0 31.0 -0.0 -0.0 -0.0 -0.0 -0.0; -0.0 -0.0 -0.0 -0.0 -0.0 -0.0 -0.0 -0.0 -0.0 -0.0 41.0 32.0 0.0 0.0 0.0;;;]
evol_box,"[[0.452, 0.0], [1.929, 137548.10420794768], [2.008, 2.488319403970115e7], [2.014, 3.0017083962990187e7], [2.022, 3.12018750838212e7], [2.031, 3.396624170141587e7], [2.038, 3.488774590650666e7], [2.047, 3.567759017834161e7]]"
y_pb,[[28.0 36.0 38.0 -0.0 -0.0 -0.0 -0.0 -0.0 -0.0 -0.0 -0.0 -0.0 -0.0 -0.0 -0.0; -0.0 -0.0 -0.0 51.0 -0.0 -0.0 -0.0 -0.0 -0.0 -0.0 -0.0 -0.0 -0.0 -0.0 -0.0; -0.0 -0.0 -0.0 -0.0 0.0 -0.0 -0.0 -0.0 -0.0 -0.0 -0.0 -0.0 -0.0 -0.0 -0.0; -0.0 -0.0 -0.0 -0.0 -0.0 -0.0 0.0 -0.0 -0.0 -0.0 -0.0 -0.0 -0.0 -0.0 -0.0; -0.0 -0.0 -0.0 -0.0 -0.0 -0.0 -0.0 24.000000000000004 28.0 31.0 -0.0 -0.0 -0.0 -0.0 -0.0; -0.0 -0.0 -0.0 -0.0 -0.0 -0.0 -0.0 -0.0 -0.0 -0.0 41.0 32.0 -0.0 -0.0 -0.0;;;]]
x_bb,"[102.0, 51.0, 0.0, 0.0, 83.0, 73.0]"
x_box,"[102.0, 51.0, 0.0, 0.0, 83.0, 73.0]"
evol_zeta,"[[1.609, 55.0], [2.006, 41.0], [2.013, 26.0], [2.021, 9.0], [2.03, 7.0], [2.036, 6.416666666666671], [2.046, 2.999999999999943], [2.063, 0.0]]"
ξ_box,[28.0; 36.0; 38.0; 51.0; 50.0; 46.0; 32.0; 24.0; 28.0; 31.0; 41.0; 45.0; 55.0; 35.0; 40.0;;]
