first,second
s_box,[-0.0 -0.0 -0.0; -0.0 -0.0 -0.0; -0.0 -0.0 3.0; 10.0 -0.0 12.0; -0.0 -0.0 0.0; -0.0 -0.0 -0.0; -0.0 -0.0 -0.0; -0.0 -0.0 -0.0; -0.0 -0.0 -0.0; -0.0 -0.0 -0.0; -0.0 -0.0 -0.0; -0.0 -0.0 0.0; -0.0 -0.0 -0.0; -0.0 -0.0 -0.0; 6.0 4.0 6.0]
x_pb,"[32.0, 6.0, 12.0, 63.0, 31.0, 67.0]"
s_bb,[0.0 -0.0 -0.0; 0.0 -0.0 -0.0; 3.0 -0.0 -0.0; 12.0 -0.0 -0.0; 0.0 -0.0 -0.0; 0.0 -0.0 -0.0; 0.0 -0.0 -0.0; 0.0 -0.0 -0.0; 0.0 -0.0 -0.0; 0.0 -0.0 -0.0; 0.0 -0.0 -0.0; 0.0 -0.0 -0.0; 0.0 -0.0 -0.0; 0.0 -0.0 -0.0; 6.0 -0.0 -0.0]
partition_bb,"[[[10.0, 14.0, 9.0, 10.0, 3.0, 3.0, 8.0, 14.0, 17.0, 24.0, 31.0, 27.0, 21.0, 15.0, 6.0], [18.0, 14.0, 0.0, 2.0, 9.0, 3.0, 8.0, 14.0, 17.0, 24.0, 29.0, 27.0, 25.0, 15.0, 6.0], [18.0, 14.0, 9.0, 12.0, 9.0, 3.0, 1.0, 14.0, 15.0, 24.0, 31.0, 19.0, 21.0, 15.0, 6.0]], Vector{Float64}[], Vector{Float64}[]]"
y_box,[10.0 14.0 8.0 -0.0 -0.0 -0.0 -0.0 -0.0 -0.0 -0.0 -0.0 -0.0 -0.0 -0.0 -0.0; -0.0 -0.0 1.0 -0.0 -0.0 -0.0 -0.0 -0.0 -0.0 -0.0 -0.0 -0.0 -0.0 -0.0 -0.0; -0.0 -0.0 -0.0 -0.0 4.0 3.0 -0.0 -0.0 -0.0 -0.0 -0.0 -0.0 -0.0 -0.0 -0.0; -0.0 -0.0 -0.0 -0.0 -0.0 -0.0 8.0 14.0 17.0 24.0 -0.0 -0.0 -0.0 -0.0 -0.0; -0.0 -0.0 -0.0 -0.0 -0.0 -0.0 -0.0 -0.0 -0.0 -0.0 31.0 -0.0 -0.0 -0.0 -0.0; -0.0 -0.0 -0.0 -0.0 -0.0 -0.0 -0.0 -0.0 -0.0 -0.0 -0.0 27.0 22.0 15.0 -0.0;;; 18.0 14.0 -0.0 -0.0 -0.0 -0.0 -0.0 -0.0 -0.0 -0.0 -0.0 -0.0 -0.0 -0.0 -0.0; -0.0 -0.0 -0.0 -0.0 -0.0 -0.0 -0.0 -0.0 -0.0 -0.0 -0.0 -0.0 -0.0 -0.0 -0.0; -0.0 -0.0 -0.0 3.0 -0.0 3.0 4.0 -0.0 -0.0 -0.0 -0.0 -0.0 -0.0 -0.0 -0.0; -0.0 -0.0 -0.0 -0.0 -0.0 -0.0 4.0 14.0 16.0 24.0 -0.0 -0.0 -0.0 -0.0 -0.0; -0.0 -0.0 -0.0 -0.0 -0.0 -0.0 -0.0 -0.0 -0.0 -0.0 31.0 -0.0 -0.0 -0.0 -0.0; -0.0 -0.0 -0.0 -0.0 -0.0 -0.0 -0.0 -0.0 -0.0 -0.0 -0.0 22.0 25.0 15.0 2.0;;; 18.0 14.0 -0.0 -0.0 -0.0 -0.0 -0.0 -0.0 -0.0 -0.0 -0.0 -0.0 -0.0 -0.0 -0.0; -0.0 -0.0 6.0 -0.0 -0.0 -0.0 -0.0 -0.0 -0.0 -0.0 -0.0 -0.0 -0.0 -0.0 -0.0; -0.0 -0.0 -0.0 -0.0 9.0 3.0 -0.0 -0.0 -0.0 -0.0 -0.0 -0.0 -0.0 -0.0 -0.0; -0.0 -0.0 -0.0 -0.0 -0.0 -0.0 8.0 14.0 17.0 24.0 -0.0 -0.0 -0.0 -0.0 -0.0; -0.0 -0.0 -0.0 -0.0 -0.0 -0.0 -0.0 -0.0 -0.0 -0.0 31.0 -0.0 -0.0 -0.0 -0.0; -0.0 -0.0 -0.0 -0.0 -0.0 -0.0 -0.0 -0.0 -0.0 -0.0 -0.0 27.0 25.0 15.0 -0.0]
evol_bb,"[[0.275, 2.535611279043439e6]]"
y_bb,[18.0 14.0 -0.0 -0.0 -0.0 -0.0 -0.0 -0.0 -0.0 -0.0 -0.0 -0.0 -0.0 -0.0 -0.0; -0.0 -0.0 6.0 -0.0 -0.0 -0.0 -0.0 -0.0 -0.0 -0.0 -0.0 -0.0 -0.0 -0.0 -0.0; -0.0 -0.0 -0.0 0.0 9.0 3.0 -0.0 -0.0 -0.0 -0.0 -0.0 -0.0 -0.0 -0.0 -0.0; -0.0 -0.0 -0.0 -0.0 -0.0 -0.0 8.0 14.0 17.0 24.0 -0.0 -0.0 -0.0 -0.0 -0.0; -0.0 -0.0 -0.0 -0.0 -0.0 -0.0 -0.0 -0.0 -0.0 -0.0 31.0 -0.0 -0.0 -0.0 -0.0; -0.0 -0.0 -0.0 -0.0 -0.0 -0.0 -0.0 -0.0 -0.0 -0.0 -0.0 27.0 25.0 15.0 0.0;;; -0.0 -0.0 -0.0 -0.0 -0.0 -0.0 -0.0 -0.0 -0.0 -0.0 -0.0 -0.0 -0.0 -0.0 -0.0; -0.0 -0.0 -0.0 -0.0 -0.0 -0.0 -0.0 -0.0 -0.0 -0.0 -0.0 -0.0 -0.0 -0.0 -0.0; -0.0 -0.0 -0.0 -0.0 -0.0 -0.0 -0.0 -0.0 -0.0 -0.0 -0.0 -0.0 -0.0 -0.0 -0.0; -0.0 -0.0 -0.0 -0.0 -0.0 -0.0 -0.0 -0.0 -0.0 -0.0 -0.0 -0.0 -0.0 -0.0 -0.0; -0.0 -0.0 -0.0 -0.0 -0.0 -0.0 -0.0 -0.0 -0.0 -0.0 -0.0 -0.0 -0.0 -0.0 -0.0; -0.0 -0.0 -0.0 -0.0 -0.0 -0.0 -0.0 -0.0 -0.0 -0.0 -0.0 -0.0 -0.0 -0.0 -0.0;;; -0.0 -0.0 -0.0 -0.0 -0.0 -0.0 -0.0 -0.0 -0.0 -0.0 -0.0 -0.0 -0.0 -0.0 -0.0; -0.0 -0.0 -0.0 -0.0 -0.0 -0.0 -0.0 -0.0 -0.0 -0.0 -0.0 -0.0 -0.0 -0.0 -0.0; -0.0 -0.0 -0.0 -0.0 -0.0 -0.0 -0.0 -0.0 -0.0 -0.0 -0.0 -0.0 -0.0 -0.0 -0.0; -0.0 -0.0 -0.0 -0.0 -0.0 -0.0 -0.0 -0.0 -0.0 -0.0 -0.0 -0.0 -0.0 -0.0 -0.0; -0.0 -0.0 -0.0 -0.0 -0.0 -0.0 -0.0 -0.0 -0.0 -0.0 -0.0 -0.0 -0.0 -0.0 -0.0; -0.0 -0.0 -0.0 -0.0 -0.0 -0.0 -0.0 -0.0 -0.0 -0.0 -0.0 -0.0 -0.0 -0.0 -0.0]
evol_box,"[[0.464, 0.0], [2.007, 123433.73760565439], [2.095, 123433.73760565439], [2.121, 123433.73760565439], [2.168, 123433.73760565439], [2.209, 123433.73760565439], [2.359, 1.088308361680415e6], [2.708, 1.3295682847940288e6], [2.825, 1.3295682847940281e6], [3.009, 1.5707043833910022e6], [3.204, 1.5707043833910022e6], [3.58, 1.5707043833910022e6], [4.044, 1.8119207374443384e6], [4.34, 1.932535827710855e6], [4.703, 1.9325358277108553e6], [5.112, 1.9326038168290956e6], [5.459, 2.0531553825270615e6], [6.007, 2.0531553825270613e6], [6.407, 2.0531635033924277e6], [6.77, 2.0531726403137431e6], [7.136, 2.0532148245022227e6], [7.722, 2.0532148245022227e6], [8.209, 2.173766008243889e6], [8.787, 2.1737810913361525e6], [9.503, 2.173781091336152e6], [9.944, 2.173781091336152e6], [10.532, 2.2943810985104055e6], [11.442, 2.29438109851039e6], [12.382, 2.2943810985104055e6], [12.907, 2.294381098510217e6], [13.693, 2.294396483192342e6], [14.286, 2.2944094720568955e6], [14.844, 2.2944094720568955e6], [15.744, 2.294411639247551e6], [16.46, 2.4149961887769215e6], [17.251, 2.4149961887769224e6], [17.992, 2.415005078491627e6], [18.824, 2.415005078491626e6], [19.51, 2.415005078491627e6], [20.612, 2.4150050784916263e6], [21.575, 2.415005078491627e6], [22.469, 2.415005078491613e6], [23.545, 2.415005078491627e6], [24.2, 2.4150050784916e6], [24.807, 2.4150050784916263e6], [25.579, 2.415005078491627e6], [26.706, 2.4150050784916263e6], [28.521, 2.4150134898469253e6], [29.46, 2.4150142965295673e6], [30.315, 2.5356112790434384e6]]"
y_pb,[[18.0 14.0 -0.0 -0.0 -0.0 -0.0 -0.0 -0.0 -0.0 -0.0 -0.0 -0.0 -0.0 -0.0 -0.0; -0.0 -0.0 6.0 -0.0 -0.0 -0.0 -0.0 -0.0 -0.0 -0.0 -0.0 -0.0 -0.0 -0.0 -0.0; -0.0 -0.0 -0.0 -0.0 9.0 3.0000000000000004 -0.0 -0.0 -0.0 -0.0 -0.0 -0.0 -0.0 -0.0 -0.0; -0.0 -0.0 -0.0 -0.0 -0.0 -0.0 8.0 14.0 17.0 24.000000000000004 -0.0 -0.0 -0.0 -0.0 -0.0; -0.0 -0.0 -0.0 -0.0 -0.0 -0.0 -0.0 -0.0 -0.0 -0.0 31.0 -0.0 -0.0 -0.0 -0.0; -0.0 -0.0 -0.0 -0.0 -0.0 -0.0 -0.0 -0.0 -0.0 -0.0 -0.0 27.0 25.0 15.0 -0.0;;;]]
x_bb,"[32.0, 6.0, 12.0, 63.0, 31.0, 67.0]"
x_box,"[32.0, 6.0, 12.0, 63.0, 31.0, 67.0]"
evol_zeta,"[[1.677, 31.0], [2.082, 8.0], [2.098, 8.0], [2.135, 8.0], [2.182, 7.0], [2.215, 7.0], [2.363, 6.0], [2.712, 7.0], [2.84, 6.0], [3.022, 4.0], [3.21, 5.0], [3.586, 5.000000000600011], [4.048, 5.0], [4.343, 5.0], [4.706, 4.0], [5.116, 4.0], [5.472, 2.0], [6.013, 2.0], [6.411, 2.0], [6.783, 1.0], [7.139, 4.0], [7.727, 2.0], [8.211, 1.0], [8.8, 1.0], [9.509, 1.0000000002000036], [9.946, 1.0], [10.537, 1.0], [11.448, 1.0], [12.384, 1.0], [12.912, 1.0000000002000036], [13.699, 1.0], [14.291, 1.0], [14.849, 1.0], [15.75, 1.0], [16.463, 1.0], [17.255, 1.0], [17.996, 1.0], [18.83, 1.0], [19.512, 1.0], [20.616, 1.0], [21.579, 1.0], [22.473, 1.0], [23.549, 1.0], [24.204, 1.0], [24.809, 1.0], [25.58, 1.0], [26.71, 1.0], [28.524, 1.0], [29.464, 1.0], [30.319, 0.0]]"
ξ_box,[10.0 18.0 18.0; 14.0 14.0 14.0; 9.0 -0.0 9.0; 10.0 3.0 12.0; 4.0 -0.0 9.0; 3.0 3.0 3.0; 8.0 8.0 8.0; 14.0 14.0 14.0; 17.0 16.0 17.0; 24.0 24.0 24.0; 31.0 31.0 31.0; 27.0 22.0 27.0; 22.0 25.0 25.0; 15.0 15.0 15.0; 6.0 6.0 6.0]
