first,second
s_box,[19.0 -0.0; 17.0 -0.0; 12.0 -0.0; 23.0 2.0; 20.0 19.0; 0.0 16.0; -0.0 -0.0; -0.0 -0.0; -0.0 -0.0; -0.0 -0.0; 21.0 -0.0; 23.0 -0.0; -0.0 -0.0; -0.0 -0.0; -0.0 29.0]
x_pb,"[28.0, 22.0, 28.0, 31.0, -0.0, 84.0]"
s_bb,[19.0 -0.0; 17.0 -0.0; 12.0 12.0; 23.0 -0.0; 20.0 23.0; -0.0 -0.0; -0.0 22.0; -0.0 -0.0; -0.0 -0.0; 0.0 -0.0; 21.0 -0.0; 23.0 -0.0; -0.0 12.0; -0.0 -0.0; 0.0 -0.0]
partition_bb,"[[[14.0, 0.0, 5.0, 16.0, 14.0, 18.0, 6.0, 7.0, 21.0, 31.0, 19.0, 17.0, 0.0, 11.0, 14.0], [0.0, 0.0, 0.0, 0.0, 0.0, 0.0, 0.0, 0.0, 0.0, 0.0, 21.0, 19.0, 29.0, 18.0, 21.0], [3.0, 17.0, 12.0, 1.0, 1.0, 0.0, 13.0, 7.0, 21.0, 12.0, 21.0, 23.0, 29.0, 18.0, 15.0], [19.0, 7.0, 12.0, 1.0, 5.0, 9.0, 22.0, 7.0, 5.0, 0.0, 21.0, 23.0, 29.0, 18.0, 15.0], [9.0, 9.0, 12.0, 16.0, 23.0, 19.0, 9.0, 0.0, 9.0, 9.0, 9.0, 11.0, 12.0, 14.0, 11.0], [0.0, 7.0, 12.0, 23.0, 23.0, 19.0, 22.0, 7.0, 5.0, 3.0, 0.0, 2.0, 15.0, 26.0, 29.0], [3.0, 17.0, 12.0, 16.0, 23.0, 25.0, 12.0, 7.0, 0.0, 0.0, 21.0, 23.0, 20.0, 9.0, 6.0]], [[0.0, 7.0, 12.0, 23.0, 23.0, 25.0, 22.0, 7.0, 21.0, 30.0, 0.0, 2.0, 11.0, 0.0, 3.0], [19.0, 8.0, 12.0, 14.0, 21.0, 25.0, 12.0, 0.0, 0.0, 10.0, 0.0, 2.0, 15.0, 26.0, 29.0]]]"
y_box,[0.0 0.0 0.0 -0.0 3.0 25.0 -0.0 -0.0 -0.0 -0.0 -0.0 -0.0 -0.0 -0.0 -0.0; -0.0 -0.0 -0.0 -0.0 -0.0 -0.0 22.0 -0.0 -0.0 -0.0 -0.0 -0.0 -0.0 -0.0 -0.0; -0.0 -0.0 -0.0 -0.0 -0.0 -0.0 0.0 7.0 21.0 -0.0 -0.0 -0.0 -0.0 -0.0 -0.0; -0.0 -0.0 -0.0 -0.0 -0.0 -0.0 -0.0 -0.0 -0.0 31.0 0.0 0.0 -0.0 -0.0 -0.0; -0.0 -0.0 -0.0 -0.0 -0.0 -0.0 -0.0 -0.0 -0.0 -0.0 -0.0 0.0 -0.0 -0.0 -0.0; -0.0 -0.0 -0.0 -0.0 -0.0 -0.0 -0.0 -0.0 -0.0 -0.0 -0.0 -0.0 29.0 26.0 29.0;;; -0.0 -0.0 -0.0 -0.0 -0.0 -0.0 -0.0 -0.0 -0.0 -0.0 -0.0 -0.0 28.0 -0.0 -0.0; -0.0 7.0 -0.0 -0.0 0.0 -0.0 -0.0 -0.0 15.0 -0.0 -0.0 -0.0 -0.0 -0.0 -0.0; -0.0 -0.0 -0.0 21.0 4.0 3.0 -0.0 -0.0 -0.0 -0.0 -0.0 -0.0 -0.0 -0.0 -0.0; -0.0 -0.0 12.0 -0.0 -0.0 -0.0 11.0 -0.0 -0.0 8.0 -0.0 -0.0 -0.0 -0.0 -0.0; -0.0 -0.0 -0.0 -0.0 -0.0 -0.0 -0.0 -0.0 -0.0 -0.0 -0.0 -0.0 -0.0 -0.0 -0.0; -0.0 -0.0 -0.0 -0.0 -0.0 -0.0 -0.0 7.0 3.0 3.0 21.0 23.0 1.0 26.0 0.0]
evol_bb,"[[0.942, 1.6550617739058534e7], [3.234, 1.6550617739058532e7]]"
y_bb,[0.0 0.0 0.0 0.0 3.0 25.0 -0.0 -0.0 -0.0 -0.0 -0.0 -0.0 -0.0 -0.0 -0.0; -0.0 -0.0 -0.0 -0.0 -0.0 -0.0 22.0 -0.0 -0.0 -0.0 -0.0 -0.0 -0.0 -0.0 -0.0; -0.0 -0.0 -0.0 -0.0 -0.0 -0.0 -0.0 7.0 21.0 -0.0 -0.0 -0.0 -0.0 -0.0 -0.0; -0.0 -0.0 -0.0 -0.0 -0.0 -0.0 -0.0 -0.0 -0.0 31.0 -0.0 -0.0 -0.0 -0.0 -0.0; -0.0 -0.0 -0.0 -0.0 -0.0 -0.0 -0.0 -0.0 -0.0 -0.0 0.0 0.0 0.0 -0.0 -0.0; -0.0 -0.0 -0.0 -0.0 -0.0 -0.0 -0.0 -0.0 -0.0 -0.0 -0.0 -0.0 29.0 26.0 29.0;;; 19.0 -0.0 -0.0 9.0 -0.0 -0.0 -0.0 -0.0 -0.0 -0.0 -0.0 -0.0 -0.0 -0.0 -0.0; -0.0 -0.0 -0.0 -0.0 -0.0 1.0 -0.0 -0.0 21.0 -0.0 -0.0 -0.0 -0.0 -0.0 -0.0; -0.0 -0.0 0.0 14.0 0.0 -0.0 0.0 -0.0 -0.0 -0.0 -0.0 2.0 -0.0 -0.0 12.0; -0.0 -0.0 -0.0 -0.0 -0.0 5.0 -0.0 -0.0 0.0 -0.0 -0.0 -0.0 -0.0 26.0 -0.0; -0.0 0.0 -0.0 -0.0 -0.0 -0.0 -0.0 -0.0 -0.0 0.0 -0.0 -0.0 0.0 -0.0 -0.0; -0.0 8.0 -0.0 -0.0 -0.0 19.0 -0.0 7.0 -0.0 30.0 -0.0 0.0 3.0 -0.0 17.0]
evol_box,"[[0.462, 0.0], [2.004, 3774.5559943222906], [2.092, 4096.820259108854], [2.116, 5.151464148312075e6], [2.151, 6.990050546097778e6], [2.278, 8.951263563340854e6], [2.498, 9.809067938450716e6], [2.633, 1.00542217661804e7], [2.79, 1.0912271827480419e7], [3.003, 1.164759926366704e7], [3.269, 1.1770280186133958e7], [3.435, 1.2383124293720257e7], [3.699, 1.2750752968020448e7], [3.937, 1.2873357723632608e7], [4.191, 1.4099094304943977e7], [4.477, 1.4099179528786678e7], [4.712, 1.4466823588097006e7], [5.128, 1.4589400094818316e7], [5.425, 1.4711993691678997e7], [5.798, 1.4957129614982257e7], [6.008, 1.5079723211842936e7], [6.339, 1.5079743065785788e7], [6.587, 1.5202277113167737e7], [6.967, 1.5324907132471837e7], [7.175, 1.5324916985705627e7], [7.39, 1.5447496703486975e7], [7.635, 1.5570005685288034e7], [8.142, 1.5570005922298944e7], [8.464, 1.5570029238728186e7], [8.833, 1.5692582192009347e7], [9.127, 1.581515869873066e7], [9.388, 1.5937735442462878e7], [9.746, 1.593773615349561e7], [9.99, 1.593776736238208e7], [10.369, 1.593776736238208e7], [10.767, 1.5937767362382082e7], [11.059, 1.6060311712173237e7], [11.414, 1.6060311712173283e7], [11.901, 1.6060323104035987e7], [12.237, 1.6182888119737716e7], [12.64, 1.6182888455905505e7], [12.958, 1.6182919901802884e7], [13.254, 1.6305464725615863e7], [13.512, 1.6305464725615907e7], [13.828, 1.6305464725615907e7], [14.169, 1.630546519963773e7], [14.462, 1.6305465199637637e7], [14.769, 1.6305465802832708e7], [15.054, 1.6305465802832708e7], [15.36, 1.6428041232337222e7], [15.595, 1.6428041232337222e7], [15.918, 1.6428046735839888e7], [16.275, 1.6428046735839888e7], [16.637, 1.6428046735839795e7], [17.002, 1.6428046753883224e7], [17.372, 1.6550617739058536e7]]"
y_pb,[[-0.0 -0.0 -0.0 -0.0 3.0 25.0 -0.0 -0.0 -0.0 -0.0 -0.0 -0.0 -0.0 -0.0 -0.0; -0.0 -0.0 -0.0 -0.0 -0.0 -0.0 22.0 -0.0 -0.0 -0.0 -0.0 -0.0 -0.0 -0.0 -0.0; -0.0 -0.0 -0.0 -0.0 -0.0 -0.0 -0.0 7.0 21.0 -0.0 -0.0 -0.0 -0.0 -0.0 -0.0; -0.0 -0.0 -0.0 -0.0 -0.0 -0.0 -0.0 -0.0 -0.0 31.0 -0.0 -0.0 -0.0 -0.0 -0.0; -0.0 -0.0 -0.0 -0.0 -0.0 -0.0 -0.0 -0.0 -0.0 -0.0 -0.0 -0.0 0.0 -0.0 -0.0; -0.0 -0.0 -0.0 -0.0 -0.0 -0.0 -0.0 -0.0 -0.0 -0.0 -0.0 -0.0 29.000000000000004 26.0 29.000000000000004;;;]]
x_bb,"[28.0, 22.0, 28.0, 31.0, -0.0, 84.0]"
x_box,"[28.0, 22.0, 28.0, 31.0, 0.0, 84.0]"
evol_zeta,"[[1.676, 31.0], [2.081, 29.0], [2.098, 29.0], [2.122, 16.0], [2.156, 16.0], [2.324, 16.0], [2.532, 10.0], [2.639, 13.000000000000085], [2.794, 14.0], [3.008, 10.0], [3.274, 14.0], [3.467, 12.99999999999999], [3.745, 10.0], [3.971, 6.999999999999999], [4.197, 8.0], [4.481, 8.000000000900002], [4.76, 6.0], [5.17, 6.0], [5.459, 4.0], [5.803, 6.0], [6.041, 4.0], [6.346, 6.0], [6.623, 4.0], [6.98, 4.0], [7.18, 6.0], [7.394, 5.999996588543979], [7.655, 4.0], [8.175, 6.0], [8.494, 4.0], [8.849, 3.0], [9.16, 4.0], [9.392, 2.0], [9.75, 3.0], [9.996, 2.9999999999999716], [10.37, 3.0], [10.769, 3.0], [11.096, 2.0], [11.419, 3.0], [11.943, 1.0], [12.241, 2.0], [12.646, 1.0000000002000036], [12.961, 2.0], [13.259, 2.0], [13.535, 1.0000000002000036], [13.847, 1.0000000002000036], [14.173, 2.0], [14.464, 2.0], [14.794, 1.0], [15.055, 1.0], [15.366, 1.0], [15.6, 1.0], [15.95, 1.0], [16.293, 1.0006376821680465], [16.639, 1.0], [17.007, 0.9999998577930569], [17.38, 0.0]]"
ξ_box,[19.0 0.0; 17.0 7.0; 12.0 12.0; 23.0 23.0; 23.0 23.0; 25.0 19.0; 22.0 11.0; 7.0 7.0; 21.0 18.0; 31.0 11.0; 21.0 21.0; 23.0 23.0; 29.0 29.0; 26.0 26.0; 29.0 29.0]
