first,second
s_box,[-0.0 -0.0; -0.0 -0.0; -0.0 -0.0; -0.0 -0.0; 10.0 11.0; 9.0 9.0; -0.0 6.0; 4.0 4.0; 9.0 9.0; -0.0 9.0; -0.0 -0.0; 11.0 -0.0; 4.0 -0.0; -0.0 -0.0; -0.0 -0.0]
x_pb,"[48.0, 87.0, 24.0, -0.0, 3.0, 54.0]"
s_bb,[-0.0 21.0; -0.0 -0.0; -0.0 -0.0; 0.0 -0.0; 11.0 -0.0; 9.0 -0.0; 6.0 -0.0; 4.0 -0.0; 9.0 -0.0; 9.0 -0.0; -0.0 -0.0; -0.0 -0.0; -0.0 -0.0; -0.0 -0.0; 0.0 -0.0]
partition_bb,"[[[48.0, 45.0, 42.0, 24.0, 10.0, 9.0, 6.0, 4.0, 6.0, 12.0, 6.0, 3.0, 2.0, 0.0, 0.0], [42.0, 37.0, 33.0, 16.0, 5.0, 3.0, 0.0, 0.0, 2.0, 8.0, 8.0, 11.0, 10.0, 4.0, 15.0], [23.0, 41.0, 38.0, 20.0, 7.0, 5.0, 3.0, 4.0, 9.0, 3.0, 14.0, 11.0, 10.0, 4.0, 0.0], [48.0, 29.0, 29.0, 24.0, 11.0, 9.0, 6.0, 4.0, 2.0, 0.0, 14.0, 11.0, 10.0, 4.0, 15.0]], [[22.0, 22.0, 24.0, 17.0, 11.0, 9.0, 6.0, 4.0, 9.0, 12.0, 14.0, 11.0, 10.0, 4.0, 15.0], [47.0, 33.0, 29.0, 23.0, 11.0, 9.0, 6.0, 4.0, 1.0, 0.0, 14.0, 11.0, 10.0, 4.0, 15.0]]]"
y_box,[-0.0 6.0 42.0 -0.0 -0.0 -0.0 -0.0 -0.0 -0.0 -0.0 -0.0 -0.0 -0.0 -0.0 -0.0; 48.0 32.0 0.0 -0.0 -0.0 -0.0 6.0 -0.0 -0.0 1.0 -0.0 -0.0 -0.0 -0.0 -0.0; 0.0 -0.0 0.0 24.0 -0.0 -0.0 -0.0 -0.0 -0.0 -0.0 -0.0 -0.0 -0.0 -0.0 -0.0; -0.0 -0.0 -0.0 0.0 -0.0 -0.0 -0.0 -0.0 -0.0 -0.0 -0.0 -0.0 -0.0 -0.0 -0.0; -0.0 -0.0 -0.0 -0.0 -0.0 -0.0 -0.0 -0.0 -0.0 -0.0 -0.0 -0.0 -0.0 -0.0 3.0; -0.0 -0.0 -0.0 -0.0 11.0 9.0 6.0 1.0 9.0 2.0 0.0 -0.0 -0.0 4.0 12.0;;; 48.0 -0.0 -0.0 -0.0 -0.0 -0.0 -0.0 -0.0 -0.0 -0.0 -0.0 -0.0 -0.0 -0.0 -0.0; -0.0 45.0 42.0 -0.0 -0.0 -0.0 -0.0 -0.0 -0.0 -0.0 -0.0 -0.0 -0.0 -0.0 -0.0; -0.0 -0.0 -0.0 24.0 0.0 0.0 0.0 0.0 -0.0 -0.0 -0.0 -0.0 -0.0 -0.0 -0.0; -0.0 -0.0 -0.0 -0.0 -0.0 -0.0 -0.0 -0.0 -0.0 -0.0 -0.0 -0.0 -0.0 -0.0 -0.0; -0.0 -0.0 -0.0 -0.0 -0.0 -0.0 -0.0 -0.0 0.0 3.0 0.0 -0.0 -0.0 -0.0 -0.0; -0.0 -0.0 -0.0 -0.0 -0.0 -0.0 -0.0 -0.0 -0.0 -0.0 14.0 11.0 10.0 4.0 15.0]
evol_bb,"[[0.294, 5.9475773984384835e6], [0.449, 5.947577398438483e6]]"
y_bb,[48.0 -0.0 -0.0 -0.0 -0.0 -0.0 -0.0 -0.0 -0.0 -0.0 -0.0 -0.0 -0.0 -0.0 -0.0; -0.0 45.0 42.0 -0.0 -0.0 -0.0 -0.0 -0.0 -0.0 -0.0 -0.0 -0.0 -0.0 -0.0 -0.0; -0.0 -0.0 -0.0 24.0 0.0 -0.0 -0.0 0.0 -0.0 -0.0 -0.0 -0.0 -0.0 -0.0 -0.0; -0.0 -0.0 -0.0 -0.0 -0.0 -0.0 -0.0 -0.0 -0.0 -0.0 -0.0 -0.0 -0.0 -0.0 -0.0; -0.0 -0.0 -0.0 -0.0 -0.0 -0.0 -0.0 -0.0 -0.0 3.0 0.0 -0.0 -0.0 -0.0 -0.0; -0.0 -0.0 -0.0 -0.0 -0.0 -0.0 -0.0 -0.0 -0.0 -0.0 14.0 11.0 10.0 4.0 15.0;;; -0.0 17.0 -0.0 8.0 11.0 -0.0 -0.0 0.0 -0.0 12.0 -0.0 -0.0 -0.0 -0.0 -0.0; 26.0 -0.0 29.0 -0.0 0.0 0.0 6.0 -0.0 -0.0 -0.0 5.0 11.0 10.0 -0.0 -0.0; -0.0 -0.0 0.0 15.0 -0.0 9.0 -0.0 -0.0 -0.0 -0.0 -0.0 -0.0 -0.0 0.0 -0.0; -0.0 -0.0 -0.0 -0.0 -0.0 -0.0 -0.0 -0.0 0.0 0.0 -0.0 -0.0 -0.0 -0.0 -0.0; -0.0 -0.0 -0.0 -0.0 -0.0 -0.0 -0.0 -0.0 -0.0 -0.0 3.0 -0.0 0.0 -0.0 -0.0; -0.0 16.0 -0.0 -0.0 -0.0 -0.0 -0.0 4.0 9.0 -0.0 6.0 -0.0 -0.0 4.0 15.0]
evol_box,"[[0.471, 0.0], [1.99, 127325.02864465161], [2.072, 127325.02864465161], [2.09, 127325.02864465161], [2.116, 2.4801637608377314e6], [2.221, 3.223164613359698e6], [2.361, 3.5946988669938915e6], [2.467, 4.832993619622372e6], [2.594, 5.204534254742149e6], [2.723, 5.452206830075768e6], [2.902, 5.452206830075768e6], [3.061, 5.823734756347804e6], [3.215, 5.9475773984384835e6]]"
y_pb,[[48.00000000000001 -0.0 -0.0 -0.0 -0.0 -0.0 -0.0 -0.0 -0.0 -0.0 -0.0 -0.0 -0.0 -0.0 -0.0; -0.0 45.0 42.0 -0.0 -0.0 -0.0 -0.0 -0.0 -0.0 -0.0 -0.0 -0.0 -0.0 -0.0 -0.0; -0.0 -0.0 -0.0 24.000000000000004 -0.0 -0.0 -0.0 -0.0 -0.0 -0.0 -0.0 -0.0 -0.0 -0.0 -0.0; -0.0 -0.0 -0.0 -0.0 -0.0 -0.0 -0.0 -0.0 0.0 -0.0 -0.0 -0.0 -0.0 -0.0 -0.0; -0.0 -0.0 -0.0 -0.0 -0.0 -0.0 -0.0 -0.0 -0.0 3.0 -0.0 -0.0 -0.0 -0.0 -0.0; -0.0 -0.0 -0.0 -0.0 -0.0 -0.0 -0.0 -0.0 -0.0 -0.0 14.0 11.0 10.0 4.0 15.0;;;]]
x_bb,"[48.0, 87.0, 24.0, 0.0, 3.0, 54.0]"
x_box,"[48.0, 87.0, 24.0, 0.0, 3.0, 54.0]"
evol_zeta,"[[1.671, 48.0], [2.063, 15.0], [2.077, 12.000000000000002], [2.094, 8.0], [2.12, 8.000000000900002], [2.265, 7.0], [2.366, 7.0], [2.472, 8.0], [2.597, 6.0], [2.753, 3.0], [2.905, 3.0], [3.066, 1.0], [3.257, -0.0]]"
ξ_box,[48.0 48.0; 38.0 45.0; 42.0 42.0; 24.0 24.0; 11.0 11.0; 9.0 9.0; 6.0 6.0; 4.0 4.0; 9.0 9.0; 3.0 12.0; 0.0 14.0; 0.0 11.0; -0.0 10.0; 4.0 4.0; 15.0 15.0]
