first,second
s_box,[0.0 0.0; 0.0 0.0; 0.0 0.0; 0.0 0.0; 0.0 0.0; 0.0 0.0; 20.0 25.0; 21.0 21.0; 30.0 29.0; 34.0 30.0; 6.0 0.0; 0.0 0.0; 0.0 7.0; 13.0 13.0; 20.0 20.0]
x_pb,"[138.0, 24.0, 60.0, -0.0]"
s_bb,[-0.0 31.0; -0.0 -0.0; -0.0 -0.0; 0.0 -0.0; -0.0 15.0; -0.0 -0.0; 25.0 -0.0; 21.0 -0.0; 29.0 -0.0; 30.0 34.0; 0.0 31.0; -0.0 -0.0; 7.0 -0.0; 13.0 13.0; 20.0 20.0]
partition_bb,"[[[34.0, 36.0, 31.0, 20.0, 15.0, 24.0, 25.0, 17.0, 8.0, 6.0, 2.0, 4.0, 0.0, 0.0, 0.0], [24.0, 22.0, 25.0, 10.0, 15.0, 24.0, 19.0, 10.0, 1.0, 3.0, 7.0, 24.0, 8.0, 11.0, 20.0], [22.0, 24.0, 31.0, 16.0, 15.0, 13.0, 5.0, 3.0, 12.0, 16.0, 12.0, 12.0, 8.0, 13.0, 20.0], [22.0, 24.0, 31.0, 16.0, 15.0, 13.0, 5.0, 7.0, 16.0, 18.0, 22.0, 4.0, 0.0, 0.0, 0.0], [22.0, 24.0, 31.0, 16.0, 15.0, 13.0, 8.0, 17.0, 26.0, 24.0, 20.0, 3.0, 0.0, 0.0, 0.0], [20.0, 22.0, 29.0, 14.0, 13.0, 11.0, 7.0, 15.0, 24.0, 26.0, 30.0, 12.0, 0.0, 0.0, 0.0], [33.0, 33.0, 27.0, 13.0, 12.0, 9.0, 2.0, 16.0, 7.0, 7.0, 11.0, 29.0, 8.0, 5.0, 0.0], [31.0, 33.0, 27.0, 13.0, 12.0, 9.0, 7.0, 21.0, 22.0, 26.0, 22.0, 4.0, 0.0, 0.0, 0.0], [29.0, 31.0, 24.0, 11.0, 10.0, 7.0, 10.0, 16.0, 25.0, 29.0, 25.0, 7.0, 0.0, 0.0, 0.0], [21.0, 23.0, 30.0, 15.0, 14.0, 12.0, 11.0, 20.0, 29.0, 25.0, 23.0, 6.0, 0.0, 0.0, 0.0], [36.0, 34.0, 27.0, 16.0, 15.0, 11.0, 6.0, 0.0, 9.0, 8.0, 8.0, 0.0, 0.0, 0.0, 0.0], [31.0, 29.0, 22.0, 11.0, 10.0, 5.0, 11.0, 17.0, 26.0, 30.0, 26.0, 8.0, 0.0, 0.0, 0.0]], [[0.0, 2.0, 5.0, 20.0, 15.0, 7.0, 15.0, 21.0, 30.0, 32.0, 36.0, 18.0, 8.0, 11.0, 2.0], [30.0, 28.0, 21.0, 10.0, 9.0, 4.0, 9.0, 17.0, 26.0, 28.0, 32.0, 14.0, 0.0, 0.0, 0.0], [21.0, 21.0, 16.0, 1.0, 0.0, 9.0, 8.0, 17.0, 26.0, 22.0, 20.0, 10.0, 8.0, 11.0, 20.0], [9.0, 11.0, 18.0, 10.0, 15.0, 24.0, 24.0, 10.0, 17.0, 21.0, 23.0, 29.0, 8.0, 5.0, 0.0], [18.0, 20.0, 27.0, 12.0, 11.0, 9.0, 13.0, 19.0, 28.0, 32.0, 28.0, 10.0, 0.0, 0.0, 0.0], [29.0, 31.0, 24.0, 11.0, 10.0, 7.0, 11.0, 20.0, 29.0, 25.0, 23.0, 6.0, 0.0, -0.0, 0.0], [0.0, 0.0, 0.0, 13.0, 8.0, 7.0, 15.0, 21.0, 30.0, 34.0, 36.0, 18.0, 8.0, 13.0, 20.0], [20.0, 22.0, 29.0, 14.0, 13.0, 11.0, 12.0, 18.0, 27.0, 31.0, 27.0, 9.0, 0.0, 0.0, 0.0], [10.0, 8.0, 1.0, 11.0, 15.0, 17.0, 25.0, 21.0, 30.0, 32.0, 36.0, 18.0, 0.0, 0.0, 0.0], [31.0, 29.0, 22.0, 11.0, 10.0, 5.0, 8.0, 16.0, 25.0, 27.0, 31.0, 13.0, 0.0, 0.0, 0.0]]]"
y_box,[31.0 31.0 29.0 20.0 15.0 0.0 5.0 0.0 0.0 0.0 0.0 0.0 7.0 0.0 0.0; 0.0 0.0 0.0 0.0 0.0 24.0 0.0 0.0 0.0 0.0 0.0 0.0 0.0 0.0 0.0; 0.0 0.0 0.0 0.0 0.0 0.0 0.0 0.0 0.0 0.0 30.0 29.0 0.0 0.0 0.0; 0.0 0.0 0.0 0.0 0.0 0.0 0.0 0.0 0.0 0.0 0.0 0.0 1.0 0.0 0.0;;; 36.0 36.0 31.0 20.0 15.0 0.0 0.0 0.0 0.0 0.0 0.0 0.0 0.0 0.0 0.0; 0.0 0.0 0.0 0.0 0.0 24.0 0.0 0.0 0.0 0.0 0.0 0.0 0.0 0.0 0.0; 0.0 0.0 0.0 0.0 0.0 0.0 0.0 0.0 0.0 0.0 30.0 29.0 0.0 0.0 0.0; 0.0 0.0 0.0 0.0 0.0 0.0 0.0 0.0 0.0 0.0 0.0 0.0 1.0 0.0 0.0]
evol_bb,"[[0.585, 1.810571910123508e7], [8.21, 1.787364589822156e7], [28.019, 1.7873645898221556e7], [31.361, 1.7873632910349026e7], [37.861, 1.7641589001100905e7], [64.652, 1.7409506786927495e7], [64.755, 1.7293473534940615e7], [77.764, 1.7177440282953743e7], [77.986, 1.717737433769085e7], [78.024, 1.706141753487944e7], [87.729, 1.706133124224782e7], [121.38, 1.695634276799978e7], [145.711, 1.6945369833766893e7], [147.561, 1.694528814680479e7], [147.916, 1.6945288146804787e7], [156.217, 1.6829246428275097e7]]"
y_bb,[36.0 36.0 31.0 20.0 15.0 -0.0 -0.0 -0.0 -0.0 -0.0 -0.0 -0.0 -0.0 -0.0 -0.0; -0.0 -0.0 -0.0 -0.0 -0.0 24.0 0.0 0.0 -0.0 -0.0 -0.0 -0.0 -0.0 -0.0 -0.0; -0.0 -0.0 -0.0 -0.0 -0.0 -0.0 -0.0 -0.0 0.0 0.0 30.0 29.0 -0.0 -0.0 -0.0; -0.0 -0.0 -0.0 -0.0 -0.0 -0.0 -0.0 -0.0 -0.0 -0.0 -0.0 -0.0 1.0 0.0 0.0;;; 0.0 31.0 22.0 -0.0 0.0 -0.0 -0.0 21.0 30.0 -0.0 5.0 29.0 0.0 0.0 0.0; -0.0 -0.0 -0.0 0.0 -0.0 24.0 -0.0 -0.0 -0.0 -0.0 -0.0 -0.0 -0.0 -0.0 -0.0; -0.0 -0.0 6.0 20.0 -0.0 0.0 25.0 0.0 -0.0 -0.0 -0.0 -0.0 8.0 -0.0 -0.0; -0.0 -0.0 1.0 -0.0 -0.0 -0.0 -0.0 -0.0 0.0 -0.0 -0.0 -0.0 -0.0 -0.0 -0.0]
evol_box,"[[0.531, 0.0], [2.497, 3565.220206973143], [2.614, 4803.978263102346], [2.66, 4.529316258233543e6], [2.685, 7.314113756118316e6], [2.772, 1.033129337372342e7], [2.877, 1.2303707683651175e7], [2.961, 1.2419910988319123e7], [3.097, 1.3580400070426814e7], [3.291, 1.4044387018807834e7], [3.451, 1.4044387018807834e7], [3.6, 1.462468787050135e7], [3.817, 1.4856827616664441e7], [3.995, 1.5088901827197552e7], [4.207, 1.5320684810602374e7], [4.374, 1.5320686187515715e7], [4.6, 1.5436775080700597e7], [4.87, 1.5668815473844804e7], [5.092, 1.5901058248741163e7], [5.285, 1.59010943263367e7], [5.529, 1.601709481765165e7], [5.776, 1.6017113358671311e7], [6.199, 1.6132987855616922e7], [6.52, 1.6133101869633313e7], [6.822, 1.6133156488248514e7], [7.07, 1.636507404650298e7], [7.298, 1.6365075423416315e7], [7.676, 1.6365188060519375e7], [7.926, 1.6365188060519373e7], [8.224, 1.636522259537343e7], [8.581, 1.6481118518859344e7], [9.061, 1.6481231190096574e7], [9.443, 1.6597158860475698e7], [9.827, 1.6597160237389037e7], [10.143, 1.6597160237389032e7], [10.547, 1.6597282438486042e7], [10.89, 1.6713203332832068e7], [11.16, 1.6713203332832066e7], [11.522, 1.6713203332832066e7], [11.843, 1.6713309510133028e7], [12.435, 1.6713315690472916e7], [12.905, 1.6713315690472918e7], [14.032, 1.6829246428275097e7], [14.338, 1.6829246428275093e7], [14.632, 1.682924642827497e7]]"
y_pb,[[36.0 36.0 31.0 20.0 15.0 -0.0 -0.0 -0.0 -0.0 -0.0 -0.0 -0.0 -0.0 -0.0 -0.0; -0.0 -0.0 -0.0 -0.0 -0.0 24.0 -0.0 -0.0 -0.0 -0.0 -0.0 -0.0 -0.0 -0.0 -0.0; -0.0 -0.0 -0.0 -0.0 -0.0 -0.0 -0.0 -0.0 -0.0 -0.0 31.000000000000004 28.999999999999996 -0.0 -0.0 -0.0; -0.0 -0.0 -0.0 -0.0 -0.0 -0.0 -0.0 -0.0 -0.0 -0.0 -0.0 -0.0 0.0 -0.0 -0.0;;;]]
x_bb,"[138.0, 24.0, 59.0, 1.0]"
x_box,"[138.0, 24.0, 59.0, 1.0]"
evol_zeta,"[[2.08, 36.0], [2.598, 34.0], [2.638, 29.5], [2.665, 20.0], [2.69, 20.0], [2.798, 17.0], [2.895, 15.0], [2.967, 14.0], [3.12, 9.0], [3.32, 15.0], [3.455, 14.0], [3.621, 8.0], [3.825, 8.416666666666664], [4.001, 6.0], [4.219, 6.0], [4.406, 7.0], [4.626, 10.0], [4.908, 3.6666666666666643], [5.102, 3.4166666666666643], [5.31, 2.8333333333333357], [5.558, 3.6666666666666607], [5.799, 2.5833333333333357], [6.237, 1.9999999999999964], [6.54, 2.0], [6.843, 2.0], [7.084, 2.0], [7.333, 6.0], [7.686, 2.6666666666666643], [7.955, 2.0000000003000107], [8.261, 2.0], [8.618, 1.6666666666666643], [9.07, 1.0000011999612086], [9.478, 2.0], [9.841, 1.4166666666666667], [10.151, 0.9166666666666643], [10.554, 0.6666666666666665], [10.909, 2.0000000003000005], [11.183, 0.3333333333333329], [11.548, 0.6666666666666643], [11.866, 0.6666666666666643], [12.463, 0.16666666678333186], [12.92, 0.5000000000000036], [14.038, 0.5], [14.358, 1.6666350017846554e-6], [14.667, 0.0]]"
ξ_box,[31.0 36.0; 31.0 36.0; 29.0 31.0; 20.0 20.0; 15.0 15.0; 24.0 24.0; 25.0 25.0; 21.0 21.0; 30.0 29.0; 34.0 30.0; 36.0 30.0; 29.0 29.0; 8.0 8.0; 13.0 13.0; 20.0 20.0]
