first,second
s_box,[33.0 0.0 0.0 0.0; 19.0 0.0 16.0 0.0; 20.0 0.0 20.0 0.0; 0.0 0.0 10.0 0.0; 0.0 0.0 2.0 0.0; 0.0 0.0 3.0 2.0; 0.0 0.0 4.0 0.0; 0.0 0.0 11.0 0.0; 14.0 0.0 16.0 15.0; 0.0 0.0 5.0 0.0; 0.0 0.0 0.0 24.0; 0.0 0.0 0.0 0.0; 0.0 38.0 0.0 4.0; 0.0 5.0 0.0 0.0; 0.0 43.0 0.0 41.0]
x_pb,"[52.0, -0.0, -0.0, 155.0]"
s_bb,[0.0 -0.0 -0.0 -0.0; 19.0 -0.0 -0.0 -0.0; 20.0 -0.0 -0.0 -0.0; 13.0 -0.0 -0.0 -0.0; 6.0 -0.0 -0.0 -0.0; 3.0 -0.0 -0.0 -0.0; 5.0 -0.0 -0.0 -0.0; 11.0 -0.0 -0.0 -0.0; 16.0 -0.0 -0.0 -0.0; 19.0 -0.0 -0.0 -0.0; 28.0 -0.0 -0.0 -0.0; 1.0 -0.0 -0.0 -0.0; 0.0 -0.0 -0.0 -0.0; 0.0 -0.0 -0.0 -0.0; 0.0 -0.0 -0.0 -0.0]
partition_bb,"[[[52.0, 19.0, 20.0, 13.0, 6.0, 3.0, 2.0, 8.0, 3.0, 0.0, 9.0, 14.0, 22.0, 23.0, 16.0], [0.0, 0.0, 0.0, 0.0, 0.0, 1.0, 1.0, 9.0, 13.0, 16.0, 26.0, 29.0, 33.0, 36.0, 43.0], [0.0, 0.0, 0.0, 0.0, 0.0, 2.0, 2.0, 10.0, 15.0, 17.0, 27.0, 32.0, 40.0, 37.0, 30.0], [0.0, 19.0, 14.0, 13.0, 6.0, 3.0, 5.0, 11.0, 6.0, 6.0, 16.0, 21.0, 27.0, 30.0, 33.0], [0.0, 0.0, 0.0, 0.0, 0.0, 1.0, 1.0, 9.0, 14.0, 16.0, 26.0, 31.0, 37.0, 40.0, 33.0], [33.0, 0.0, 0.0, 0.0, 1.0, 3.0, 4.0, 11.0, 12.0, 19.0, 17.0, 12.0, 4.0, 3.0, 0.0], [0.0, 12.0, 7.0, 0.0, 6.0, 3.0, 5.0, 11.0, 16.0, 18.0, 28.0, 33.0, 25.0, 24.0, 19.0]], Vector{Float64}[], Vector{Float64}[], Vector{Float64}[]]"
y_box,[0.0 0.0 0.0 0.0 6.0 0.0 4.0 11.0 0.0 0.0 19.0 7.0 0.0 0.0 0.0; 0.0 0.0 0.0 0.0 0.0 0.0 0.0 0.0 0.0 0.0 0.0 0.0 0.0 0.0 0.0; 0.0 0.0 0.0 0.0 0.0 0.0 0.0 0.0 0.0 0.0 0.0 0.0 0.0 0.0 0.0; 19.0 0.0 0.0 13.0 0.0 3.0 0.0 0.0 0.0 19.0 0.0 15.0 26.0 29.0 36.0;;; 17.0 13.0 15.0 2.0 0.0 0.0 0.0 0.0 0.0 0.0 0.0 0.0 0.0 0.0 0.0; 0.0 0.0 0.0 0.0 0.0 0.0 0.0 0.0 0.0 0.0 0.0 0.0 0.0 0.0 0.0; 0.0 0.0 0.0 0.0 0.0 0.0 0.0 0.0 0.0 0.0 0.0 0.0 0.0 0.0 0.0; 0.0 0.0 0.0 11.0 5.0 3.0 4.0 11.0 16.0 19.0 28.0 30.0 0.0 33.0 0.0;;; 47.0 0.0 0.0 0.0 0.0 0.0 0.0 0.0 0.0 0.0 0.0 0.0 0.0 0.0 0.0; 0.0 0.0 0.0 0.0 0.0 0.0 0.0 0.0 0.0 0.0 0.0 0.0 0.0 0.0 0.0; 0.0 0.0 0.0 0.0 0.0 0.0 0.0 0.0 0.0 0.0 0.0 0.0 0.0 0.0 0.0; 0.0 0.0 0.0 0.0 0.0 0.0 0.0 0.0 0.0 14.0 28.0 33.0 29.0 26.0 30.0;;; 10.0 19.0 18.0 0.0 0.0 0.0 0.0 0.0 0.0 0.0 0.0 0.0 0.0 0.0 0.0; 0.0 0.0 0.0 0.0 0.0 0.0 0.0 0.0 0.0 0.0 0.0 0.0 0.0 0.0 0.0; 0.0 0.0 0.0 0.0 0.0 0.0 0.0 0.0 0.0 0.0 0.0 0.0 0.0 0.0 0.0; 25.0 0.0 0.0 10.0 2.0 0.0 2.0 10.0 0.0 17.0 0.0 27.0 31.0 36.0 0.0]
evol_bb,"[[10.826, 1.789519738913332e7]]"
y_bb,[52.0 -0.0 -0.0 -0.0 -0.0 -0.0 -0.0 -0.0 -0.0 -0.0 -0.0 -0.0 -0.0 -0.0 -0.0; -0.0 0.0 0.0 -0.0 -0.0 -0.0 -0.0 -0.0 -0.0 -0.0 -0.0 -0.0 -0.0 -0.0 -0.0; -0.0 -0.0 -0.0 0.0 0.0 0.0 0.0 -0.0 -0.0 -0.0 -0.0 -0.0 -0.0 -0.0 -0.0; -0.0 -0.0 -0.0 -0.0 -0.0 -0.0 -0.0 0.0 0.0 0.0 0.0 32.0 40.0 40.0 43.0;;; -0.0 -0.0 -0.0 -0.0 -0.0 -0.0 -0.0 -0.0 -0.0 -0.0 -0.0 -0.0 -0.0 -0.0 -0.0; -0.0 -0.0 -0.0 -0.0 -0.0 -0.0 -0.0 -0.0 -0.0 -0.0 -0.0 -0.0 -0.0 -0.0 -0.0; -0.0 -0.0 -0.0 -0.0 -0.0 -0.0 -0.0 -0.0 -0.0 -0.0 -0.0 -0.0 -0.0 -0.0 -0.0; -0.0 -0.0 -0.0 -0.0 -0.0 -0.0 -0.0 -0.0 -0.0 -0.0 -0.0 -0.0 -0.0 -0.0 -0.0;;; -0.0 -0.0 -0.0 -0.0 -0.0 -0.0 -0.0 -0.0 -0.0 -0.0 -0.0 -0.0 -0.0 -0.0 -0.0; -0.0 -0.0 -0.0 -0.0 -0.0 -0.0 -0.0 -0.0 -0.0 -0.0 -0.0 -0.0 -0.0 -0.0 -0.0; -0.0 -0.0 -0.0 -0.0 -0.0 -0.0 -0.0 -0.0 -0.0 -0.0 -0.0 -0.0 -0.0 -0.0 -0.0; -0.0 -0.0 -0.0 -0.0 -0.0 -0.0 -0.0 -0.0 -0.0 -0.0 -0.0 -0.0 -0.0 -0.0 -0.0;;; -0.0 -0.0 -0.0 -0.0 -0.0 -0.0 -0.0 -0.0 -0.0 -0.0 -0.0 -0.0 -0.0 -0.0 -0.0; -0.0 -0.0 -0.0 -0.0 -0.0 -0.0 -0.0 -0.0 -0.0 -0.0 -0.0 -0.0 -0.0 -0.0 -0.0; -0.0 -0.0 -0.0 -0.0 -0.0 -0.0 -0.0 -0.0 -0.0 -0.0 -0.0 -0.0 -0.0 -0.0 -0.0; -0.0 -0.0 -0.0 -0.0 -0.0 -0.0 -0.0 -0.0 -0.0 -0.0 -0.0 -0.0 -0.0 -0.0 -0.0]
evol_box,"[[0.525, 0.0], [2.625, 384194.26196398085], [2.755, 384194.2619635388], [2.915, 890625.8348173519], [3.214, 890625.834817352], [3.613, 3.174659502188073e6], [6.545, 3.1746595021880725e6], [8.32, 6.093708125651753e6], [9.983, 6.855242911211339e6], [13.221, 6.855242911211339e6], [17.689, 6.98186811425147e6], [20.569, 6.98186811425147e6], [24.038, 7.616775750446886e6], [29.822, 7.616775750446862e6], [33.427, 7.617019157504532e6], [38.68, 7.997316374842443e6], [43.021, 8.12435944487454e6], [48.746, 8.377957541237626e6], [56.497, 8.758598599079322e6], [66.084, 8.759108628600705e6], [76.847, 9.138934246234756e6], [81.501, 9.139537176299509e6], [90.899, 9.266240279131925e6], [102.668, 9.393499545084847e6], [118.487, 9.647225164496595e6], [145.785, 9.773475728601703e6], [153.336, 9.773475728601703e6], [170.359, 9.773917784224512e6], [177.446, 9.774416998106465e6], [204.421, 1.0027563759243224e7], [238.768, 1.0027822448296312e7], [340.221, 1.0154691087285886e7], [391.918, 1.0154558842066206e7], [518.263, 1.0408033430585764e7], [531.904, 1.0408440805669382e7], [620.756, 1.0408494523583813e7], [738.785, 1.053504309446002e7], [797.811, 1.0535277792014997e7], [1045.439, 1.0535376695065796e7], [1074.908, 1.066174562392843e7], [1469.389, 1.091570816864086e7], [1632.949, 1.1042838857657095e7], [2056.811, 1.091609502316947e7], [2130.581, 1.104293362871917e7], [2557.246, 1.0916010134691745e7], [2590.538, 1.1042851246722132e7], [2671.34, 1.1042851246722132e7], [3600.031, 1.1042863014425978e7]]"
y_pb,[[52.0 -0.0 -0.0 -0.0 -0.0 -0.0 -0.0 -0.0 -0.0 -0.0 -0.0 -0.0 -0.0 -0.0 -0.0; 0.0 -0.0 -0.0 -0.0 -0.0 -0.0 -0.0 -0.0 -0.0 -0.0 -0.0 -0.0 -0.0 -0.0 -0.0; -0.0 -0.0 -0.0 0.0 -0.0 -0.0 -0.0 -0.0 -0.0 -0.0 -0.0 -0.0 -0.0 -0.0 -0.0; -0.0 -0.0 -0.0 -0.0 -0.0 -0.0 -0.0 -0.0 -0.0 -0.0 -0.0 32.0 40.0 40.0 43.0;;;]]
x_bb,"[52.0, 0.0, 0.0, 155.0]"
x_box,"[47.0, 0.0, 0.0, 160.0]"
evol_zeta,"[[2.725, 27.0], [2.763, 24.22222222222222], [2.946, 20.0], [3.261, 19.0], [3.641, 19.0], [6.588, 13.545454545454547], [8.337, 11.0], [10.038, 10.0], [13.257, 10.0], [17.76, 13.0], [20.611, 13.0], [24.091, 11.0], [29.88, 10.58333333333333], [33.496, 11.0], [38.71, 9.5], [43.071, 11.0], [48.901, 10.0], [56.513, 9.0], [66.101, 9.5], [76.869, 9.249999999999998], [81.527, 9.53846153846154], [90.937, 9.99999999999999], [102.814, 10.0], [118.511, 9.57142857142859], [145.841, 9.53846153846154], [153.403, 7.399999999999999], [170.389, 9.714285714285735], [177.494, 8.153846153846153], [204.486, 9.454545454545451], [238.809, 9.384615384615385], [340.288, 7.769230769230769], [391.946, 8.7], [518.297, 10.0], [531.935, 7.153846153846153], [620.784, 9.0], [738.804, 8.0], [797.874, 7.916666666666668], [1045.468, 8.400000000000013], [1074.972, 7.27272727272727], [1469.445, 8.818181818181813], [1632.999, 7.076923076923077], [2056.883, 5.90909090909091], [2130.611, 7.0], [2557.294, 8.583333333333334], [2590.601, 7.9230769230769225], [2671.406, 6.3076923076923075], [3600.052, 0.0]]"
ξ_box,[52.0 17.0 47.0 35.0; 19.0 13.0 16.0 19.0; 20.0 14.999999999999998 20.0 18.0; 13.0 13.0 10.000000000000002 10.0; 6.0 5.0 2.0 2.0; 3.0 3.0 3.0 2.0; 4.0 4.0 4.0 2.0; 11.0 11.0 11.0 10.0; 12.0 16.0 16.0 15.0; 19.0 19.0 19.0 17.0; 19.0 28.0 28.0 24.0; 22.0 30.0 33.0 27.0; 26.0 38.0 29.0 35.0; 29.0 38.0 26.0 36.0; 36.0 43.0 30.0 41.0]
