first,second
s_box,[0.0 39.0 0.0 0.0; 40.0 36.0 0.0 0.0; 0.0 0.0 44.0 0.0; 42.0 0.0 0.0 0.0; 0.0 0.0 41.0 36.0; 0.0 0.0 0.0 0.0; 24.0 17.0 0.0 37.0; 22.0 0.0 0.0 0.0; 0.0 19.0 19.0 19.0; 5.0 23.0 0.0 24.0; 0.0 0.0 0.0 16.0; 0.0 0.0 25.0 0.0; 0.0 0.0 0.0 0.0; 0.0 0.0 3.0 0.0; 0.0 0.0 1.0 0.0]
x_pb,"[163.0, -0.0, 94.0, 20.000000000000004]"
s_bb,[53.0 -0.0 -0.0 -0.0; 52.0 -0.0 -0.0 -0.0; 31.0 -0.0 -0.0 -0.0; 0.0 -0.0 -0.0 -0.0; 0.0 -0.0 -0.0 -0.0; 0.0 -0.0 -0.0 -0.0; 37.0 -0.0 -0.0 -0.0; 35.0 -0.0 -0.0 -0.0; 19.0 -0.0 -0.0 -0.0; 24.0 -0.0 -0.0 -0.0; 0.0 -0.0 -0.0 -0.0; 0.0 -0.0 -0.0 -0.0; 0.0 -0.0 -0.0 -0.0; 0.0 -0.0 -0.0 -0.0; 2.0 -0.0 -0.0 -0.0]
partition_bb,"[[[53.0, 50.0, 39.0, 38.0, 38.0, 26.0, 19.0, 15.0, 1.0, 0.0, 0.0, 0.0, 0.0, 0.0, 0.0], [30.0, 33.0, 22.0, 21.0, 23.0, 11.0, 0.0, 0.0, 13.0, 14.0, 28.0, 33.0, 27.0, 20.0, 2.0], [23.0, 26.0, 37.0, 38.0, 38.0, 50.0, 27.0, 25.0, 9.0, 8.0, 0.0, 0.0, 0.0, 0.0, 0.0], [17.0, 20.0, 9.0, 10.0, 11.0, 22.0, 37.0, 35.0, 19.0, 20.0, 15.0, 20.0, 20.0, 20.0, 2.0], [33.0, 36.0, 47.0, 48.0, 46.0, 36.0, 17.0, 15.0, 0.0, 0.0, 0.0, 0.0, 0.0, 0.0, 0.0], [15.0, 12.0, 1.0, 0.0, 0.0, 6.0, 23.0, 31.0, 19.0, 18.0, 32.0, 33.0, 29.0, 20.0, 2.0], [43.0, 40.0, 29.0, 28.0, 28.0, 16.0, 9.0, 17.0, 19.0, 24.0, 10.0, 5.0, 11.0, 1.0, 0.0], [33.0, 36.0, 46.0, 46.0, 48.0, 36.0, 19.0, 17.0, 1.0, 0.0, 0.0, 0.0, 0.0, 0.0, 0.0], [49.0, 52.0, 41.0, 40.0, 40.0, 28.0, 18.0, 16.0, 0.0, 0.0, 0.0, 0.0, 0.0, 0.0, 0.0], [34.0, 37.0, 48.0, 47.0, 46.0, 35.0, 17.0, 15.0, 0.0, 0.0, 0.0, 0.0, 0.0, 0.0, 0.0]], Vector{Float64}[], Vector{Float64}[], Vector{Float64}[]]"
y_box,[0.0 0.0 0.0 0.0 6.0 47.0 0.0 0.0 0.0 0.0 16.0 20.0 0.0 16.0 0.0; 0.0 0.0 41.0 0.0 11.0 0.0 0.0 0.0 0.0 0.0 0.0 0.0 3.0 0.0 0.0; 53.0 10.0 0.0 0.0 0.0 0.0 0.0 0.0 6.0 0.0 0.0 0.0 23.0 0.0 0.0; 0.0 0.0 0.0 0.0 22.0 0.0 0.0 0.0 0.0 0.0 0.0 0.0 0.0 0.0 0.0;;; 0.0 0.0 25.0 24.0 24.0 35.0 0.0 0.0 0.0 0.0 0.0 0.0 0.0 0.0 0.0; 0.0 0.0 0.0 0.0 0.0 0.0 20.0 35.0 0.0 0.0 0.0 0.0 0.0 0.0 0.0; 0.0 0.0 0.0 0.0 0.0 0.0 0.0 0.0 0.0 0.0 32.0 33.0 27.0 0.0 0.0; 0.0 0.0 0.0 0.0 0.0 0.0 0.0 0.0 0.0 0.0 0.0 0.0 0.0 20.0 2.0;;; 0.0 33.0 0.0 0.0 0.0 5.0 27.0 0.0 0.0 24.0 0.0 0.0 19.0 0.0 0.0; 29.0 0.0 0.0 0.0 1.0 25.0 0.0 0.0 0.0 0.0 0.0 0.0 0.0 0.0 0.0; 1.0 0.0 0.0 43.0 0.0 1.0 0.0 10.0 0.0 0.0 21.0 0.0 0.0 16.0 0.0; 0.0 0.0 0.0 0.0 0.0 0.0 0.0 22.0 0.0 0.0 0.0 0.0 0.0 0.0 0.0;;; 0.0 0.0 0.0 35.0 0.0 42.0 0.0 31.0 0.0 0.0 0.0 0.0 0.0 0.0 0.0; 12.0 0.0 0.0 0.0 0.0 3.0 0.0 0.0 0.0 0.0 0.0 15.0 9.0 16.0 0.0; 12.0 44.0 36.0 0.0 0.0 0.0 0.0 0.0 0.0 0.0 0.0 0.0 0.0 0.0 0.0; 22.0 0.0 0.0 0.0 0.0 0.0 0.0 0.0 0.0 0.0 0.0 0.0 0.0 0.0 0.0]
evol_bb,"[[1421.893, 2.7385485591308113e7]]"
y_bb,[0.0 0.0 17.0 48.0 48.0 50.0 -0.0 -0.0 -0.0 -0.0 -0.0 -0.0 -0.0 -0.0 -0.0; -0.0 -0.0 -0.0 -0.0 -0.0 -0.0 0.0 0.0 -0.0 -0.0 -0.0 -0.0 -0.0 -0.0 -0.0; -0.0 -0.0 -0.0 -0.0 -0.0 -0.0 -0.0 -0.0 0.0 0.0 32.0 33.0 29.0 -0.0 -0.0; -0.0 -0.0 -0.0 -0.0 -0.0 -0.0 -0.0 -0.0 -0.0 -0.0 -0.0 -0.0 -0.0 20.0 0.0;;; -0.0 -0.0 -0.0 -0.0 -0.0 -0.0 -0.0 -0.0 -0.0 -0.0 -0.0 -0.0 -0.0 -0.0 -0.0; -0.0 -0.0 -0.0 -0.0 -0.0 -0.0 -0.0 -0.0 -0.0 -0.0 -0.0 -0.0 -0.0 -0.0 -0.0; -0.0 -0.0 -0.0 -0.0 -0.0 -0.0 -0.0 -0.0 -0.0 -0.0 -0.0 -0.0 -0.0 -0.0 -0.0; -0.0 -0.0 -0.0 -0.0 -0.0 -0.0 -0.0 -0.0 -0.0 -0.0 -0.0 -0.0 -0.0 -0.0 -0.0;;; -0.0 -0.0 -0.0 -0.0 -0.0 -0.0 -0.0 -0.0 -0.0 -0.0 -0.0 -0.0 -0.0 -0.0 -0.0; -0.0 -0.0 -0.0 -0.0 -0.0 -0.0 -0.0 -0.0 -0.0 -0.0 -0.0 -0.0 -0.0 -0.0 -0.0; -0.0 -0.0 -0.0 -0.0 -0.0 -0.0 -0.0 -0.0 -0.0 -0.0 -0.0 -0.0 -0.0 -0.0 -0.0; -0.0 -0.0 -0.0 -0.0 -0.0 -0.0 -0.0 -0.0 -0.0 -0.0 -0.0 -0.0 -0.0 -0.0 -0.0;;; -0.0 -0.0 -0.0 -0.0 -0.0 -0.0 -0.0 -0.0 -0.0 -0.0 -0.0 -0.0 -0.0 -0.0 -0.0; -0.0 -0.0 -0.0 -0.0 -0.0 -0.0 -0.0 -0.0 -0.0 -0.0 -0.0 -0.0 -0.0 -0.0 -0.0; -0.0 -0.0 -0.0 -0.0 -0.0 -0.0 -0.0 -0.0 -0.0 -0.0 -0.0 -0.0 -0.0 -0.0 -0.0; -0.0 -0.0 -0.0 -0.0 -0.0 -0.0 -0.0 -0.0 -0.0 -0.0 -0.0 -0.0 -0.0 -0.0 -0.0]
evol_box,"[[0.48, 0.0], [2.049, 221803.90766365323], [2.155, 221803.90766365323], [2.389, 654261.5822188442], [2.609, 654261.5822188442], [3.195, 6.06446076132132e6], [3.982, 6.497642008483669e6], [5.418, 7.1474000597539805e6], [6.975, 7.147400059753929e6], [9.754, 9.094998648405733e6], [14.038, 1.0069630926280404e7], [18.302, 1.0934867483954664e7], [24.356, 1.104296973485219e7], [30.825, 1.104296973485219e7], [34.881, 1.136775993042602e7], [39.023, 1.1367759930426016e7], [46.536, 1.1800619887611965e7], [50.992, 1.1800619887611965e7], [61.797, 1.1908906326470993e7], [76.358, 1.1908906326470993e7], [87.382, 1.2233544823368732e7], [94.849, 1.223354482336873e7], [103.82, 1.2233544823368732e7], [124.513, 1.2991742857066717e7], [141.989, 1.320752816670662e7], [161.558, 1.3208022258865956e7], [195.958, 1.3640643839765167e7], [237.259, 1.3640887167178648e7], [275.365, 1.3748604512103489e7], [314.478, 1.3749048376998933e7], [378.868, 1.3965274607401002e7], [446.569, 1.4073314525643632e7], [472.849, 1.4073535979038792e7], [548.322, 1.4073394598373052e7], [701.001, 1.4181795638017898e7], [842.097, 1.4289872815943481e7], [959.241, 1.4289872815943481e7], [1039.096, 1.428991722896908e7], [1136.312, 1.428991722896908e7], [1346.619, 1.4397986942716e7], [1547.434, 1.4506379696847463e7], [1771.021, 1.4398134854008945e7], [2200.145, 1.4398177439221794e7], [3253.798, 1.4506379696847463e7], [3600.116, 1.4506379696847463e7]]"
y_pb,[[-0.0 -0.0 17.0 48.0 48.0 49.99999999999999 -0.0 -0.0 -0.0 -0.0 -0.0 -0.0 -0.0 -0.0 -0.0; -0.0 -0.0 -0.0 -0.0 -0.0 -0.0 -0.0 0.0 -0.0 -0.0 -0.0 -0.0 -0.0 -0.0 -0.0; -0.0 -0.0 -0.0 -0.0 -0.0 -0.0 -0.0 -0.0 -0.0 -0.0 32.0 33.0 28.999999999999996 -0.0 -0.0; -0.0 -0.0 -0.0 -0.0 -0.0 -0.0 -0.0 -0.0 -0.0 -0.0 -0.0 -0.0 -0.0 20.0 -0.0;;;]]
x_bb,"[163.0, 0.0, 94.0, 20.0]"
x_box,"[108.0, 55.0, 92.0, 22.0]"
evol_zeta,"[[2.129, 33.00000000000002], [2.201, 29.57142857142857], [2.43, 27.0], [2.686, 26.142857142857142], [3.262, 25.153846153846157], [4.004, 22.0], [5.494, 18.307692307692307], [7.058, 18.272727272727273], [9.783, 20.928571428571427], [14.121, 16.63636363636364], [18.367, 15.200000000000003], [24.471, 15.599999999999994], [30.918, 14.461538461538467], [34.945, 14.636363636363635], [39.091, 13.692307692307693], [46.667, 14.785714285714286], [51.031, 13.307692307692312], [61.893, 14.416666666666664], [76.5, 14.42857142857143], [87.415, 12.999999999999996], [94.963, 13.200000000000001], [103.863, 12.714285714285715], [124.563, 12.357142857142854], [142.062, 12.07142857142857], [161.6, 12.714285714285714], [196.027, 12.214285714285714], [237.332, 12.428571428571427], [275.418, 12.416666666666664], [314.529, 9.928571428571455], [378.923, 10.53846153846154], [446.667, 10.857142857142854], [472.926, 10.285714285714292], [548.415, 9.714285714285698], [701.046, 10.642857142857142], [842.18, 9.499999999999996], [959.298, 10.833333333333336], [1039.174, 10.285714285714285], [1136.366, 11.285714285714285], [1346.662, 11.214285714285715], [1547.485, 10.81818181818182], [1771.137, 9.357142857142868], [2200.192, 9.636365557835795], [3253.917, 9.384615384615389], [3600.133, 0.0]]"
ξ_box,[53.0 39.0 30.0 46.0; 50.0 36.0 33.0 44.0; 41.0 25.0 44.0 36.0; 42.0 24.0 43.0 35.0; 39.0 24.0 42.0 36.0; 47.0 35.0 31.0 45.0; 24.0 37.0 27.0 37.0; 22.0 35.0 32.0 31.0; 6.0 19.0 19.0 19.0; 5.0 23.0 24.0 24.0; 16.0 32.0 21.0 16.0; 20.0 33.0 25.0 15.0; 26.0 27.0 19.0 9.0; 16.0 20.0 19.0 16.0; 0.0 2.0 1.0 0.0]
