first,second
s_box,[0.0; 0.0; 0.0; 0.0; 0.0; 0.0; 0.0; 0.0; 0.0; 0.0; 0.0; 0.0; 0.0; 0.0; 0.0;;]
x_pb,"[101.0, -0.0, 9.0, 134.0]"
s_bb,[0.0; 0.0; 0.0; 0.0; 0.0; 0.0; 0.0; 0.0; 0.0; 0.0; 0.0; 0.0; 0.0; 0.0; 0.0;;]
partition_bb,"[[[33.0, 25.0, 13.0, 10.0, 5.0, 1.0, 14.0, 9.0, 2.0, 16.0, 27.0, 27.0, 24.0, 15.0, 23.0]]]"
y_box,[33.0 25.0 13.0 10.0 5.0 1.0 14.0 -0.0 -0.0 -0.0 -0.0 -0.0 -0.0 -0.0 -0.0; -0.0 -0.0 -0.0 -0.0 -0.0 -0.0 -0.0 -0.0 -0.0 -0.0 -0.0 -0.0 -0.0 -0.0 -0.0; -0.0 -0.0 -0.0 -0.0 -0.0 -0.0 -0.0 9.0 -0.0 -0.0 -0.0 -0.0 -0.0 -0.0 -0.0; -0.0 -0.0 -0.0 -0.0 -0.0 -0.0 -0.0 -0.0 2.0 16.0 27.0 27.0 24.0 15.0 23.0;;;]
evol_bb,"[[0.287, 10569.368296311355]]"
y_bb,[33.0 25.0 13.0 10.0 5.0 1.0 14.0 -0.0 -0.0 -0.0 -0.0 -0.0 -0.0 -0.0 -0.0; -0.0 -0.0 -0.0 -0.0 -0.0 -0.0 -0.0 -0.0 -0.0 -0.0 -0.0 -0.0 -0.0 -0.0 -0.0; -0.0 -0.0 -0.0 -0.0 -0.0 -0.0 -0.0 9.0 -0.0 -0.0 -0.0 -0.0 -0.0 -0.0 -0.0; -0.0 -0.0 -0.0 -0.0 -0.0 -0.0 -0.0 -0.0 2.0 16.0 27.0 27.0 24.0 15.0 23.0;;;]
evol_box,"[[0.543, 0.0], [2.358, 10569.368296311355]]"
y_pb,[[33.0 24.999999999999996 13.0 10.0 5.0 1.0 14.0 -0.0 -0.0 -0.0 -0.0 -0.0 -0.0 -0.0 -0.0; -0.0 -0.0 -0.0 -0.0 -0.0 -0.0 -0.0 -0.0 -0.0 -0.0 -0.0 -0.0 -0.0 -0.0 -0.0; -0.0 -0.0 -0.0 -0.0 -0.0 -0.0 -0.0 9.0 -0.0 -0.0 -0.0 -0.0 -0.0 -0.0 -0.0; -0.0 -0.0 -0.0 -0.0 -0.0 -0.0 -0.0 -0.0 2.0 16.0 27.0 27.0 24.0 15.0 23.0;;;]]
x_bb,"[115.0, 0.0, 9.0, 134.0]"
x_box,"[115.0, 0.0, 9.0, 134.0]"
evol_zeta,"[[1.98, 33.0], [2.439, 0.0]]"
ξ_box,[33.0; 25.0; 13.0; 10.0; 5.0; 1.0; 14.0; 9.0; 2.0; 16.0; 27.0; 27.0; 24.0; 15.0; 23.0;;]
