first,second
s_box,[35.0 0.0 0.0 0.0 0.0; 0.0 0.0 0.0 0.0 0.0; 0.0 18.0 17.0 0.0 0.0; 0.0 0.0 18.0 32.0 0.0; 50.0 0.0 0.0 0.0 0.0; 29.0 0.0 0.0 12.0 44.0; 27.0 23.0 0.0 0.0 0.0; 0.0 19.0 36.0 13.0 0.0; 0.0 0.0 0.0 14.0 45.0; 0.0 0.0 34.0 29.0 0.0; 0.0 0.0 28.0 15.0 0.0; 6.0 0.0 0.0 31.0 5.0; 0.0 30.0 13.0 0.0 34.0; 0.0 30.0 0.0 0.0 0.0; 0.0 26.0 0.0 0.0 0.0]
x_pb,"[68.0, -0.0, 136.0, 53.0]"
s_bb,[44.0 -0.0 -0.0 -0.0 -0.0; 39.0 -0.0 -0.0 -0.0 -0.0; 0.0 -0.0 -0.0 -0.0 -0.0; 0.0 -0.0 -0.0 -0.0 -0.0; 50.0 -0.0 -0.0 -0.0 -0.0; 49.0 -0.0 -0.0 -0.0 -0.0; 47.0 -0.0 -0.0 -0.0 -0.0; 0.0 -0.0 -0.0 -0.0 -0.0; 0.0 -0.0 -0.0 -0.0 -0.0; 0.0 -0.0 -0.0 -0.0 -0.0; 43.0 -0.0 -0.0 -0.0 -0.0; 31.0 -0.0 -0.0 -0.0 -0.0; 11.0 -0.0 -0.0 -0.0 -0.0; 0.0 -0.0 -0.0 -0.0 -0.0; 26.0 -0.0 -0.0 -0.0 -0.0]
partition_bb,"[[[25.0, 29.0, 31.0, 32.0, 50.0, 27.0, 27.0, 21.0, 15.0, 7.0, 0.0, 0.0, 0.0, 0.0, 0.0], [0.0, 5.0, 1.0, 3.0, 0.0, 13.0, 18.0, 24.0, 20.0, 33.0, 43.0, 31.0, 28.0, 20.0, 19.0], [0.0, 0.0, 0.0, 0.0, 10.0, 24.0, 31.0, 36.0, 45.0, 32.0, 22.0, 20.0, 19.0, 13.0, 12.0], [1.0, 5.0, 7.0, 8.0, 26.0, 49.0, 42.0, 37.0, 28.0, 27.0, 19.0, 7.0, 4.0, 0.0, 0.0], [44.0, 39.0, 35.0, 33.0, 19.0, 12.0, 19.0, 22.0, 21.0, 8.0, 0.0, 0.0, 3.0, 4.0, 0.0], [0.0, 0.0, 0.0, 0.0, 2.0, 23.0, 25.0, 31.0, 32.0, 45.0, 35.0, 25.0, 22.0, 14.0, 13.0], [0.0, 0.0, 2.0, 3.0, 21.0, 13.0, 6.0, 11.0, 20.0, 25.0, 35.0, 31.0, 34.0, 30.0, 26.0], [0.0, 0.0, 0.0, 0.0, 17.0, 34.0, 40.0, 46.0, 37.0, 32.0, 22.0, 16.0, 13.0, 5.0, 4.0], [0.0, 3.0, 5.0, 6.0, 24.0, 40.0, 47.0, 41.0, 33.0, 27.0, 17.0, 12.0, 9.0, 1.0, 0.0]], Vector{Float64}[], Vector{Float64}[], Vector{Float64}[], Vector{Float64}[]]"
y_box,[0.0 32.0 33.0 32.0 0.0 0.0 0.0 0.0 0.0 0.0 0.0 0.0 0.0 0.0 0.0; 0.0 0.0 0.0 0.0 0.0 0.0 0.0 0.0 0.0 0.0 0.0 0.0 0.0 0.0 0.0; 0.0 0.0 0.0 0.0 0.0 0.0 0.0 28.0 30.0 17.0 25.0 0.0 0.0 0.0 0.0; 0.0 0.0 0.0 0.0 0.0 0.0 0.0 0.0 0.0 0.0 0.0 7.0 13.0 18.0 22.0;;; 18.0 22.0 0.0 19.0 37.0 1.0 0.0 0.0 0.0 0.0 0.0 0.0 0.0 0.0 0.0; 0.0 0.0 0.0 0.0 0.0 0.0 0.0 0.0 0.0 0.0 0.0 0.0 0.0 0.0 0.0; 0.0 0.0 0.0 0.0 0.0 29.0 0.0 6.0 34.0 26.0 5.0 0.0 0.0 0.0 0.0; 0.0 0.0 0.0 0.0 0.0 0.0 0.0 0.0 0.0 0.0 31.0 29.0 0.0 0.0 0.0;;; 25.0 20.0 0.0 1.0 34.0 0.0 17.0 0.0 0.0 0.0 0.0 0.0 0.0 0.0 0.0; 0.0 0.0 0.0 0.0 0.0 0.0 0.0 0.0 0.0 0.0 0.0 0.0 0.0 0.0 0.0; 0.0 0.0 0.0 0.0 0.0 37.0 24.0 0.0 39.0 0.0 0.0 0.0 0.0 0.0 0.0; 0.0 0.0 0.0 0.0 0.0 6.0 0.0 0.0 0.0 0.0 0.0 14.0 0.0 18.0 22.0;;; 40.0 38.0 19.0 0.0 0.0 0.0 0.0 0.0 0.0 0.0 0.0 0.0 0.0 0.0 0.0; 0.0 0.0 0.0 0.0 0.0 0.0 0.0 0.0 0.0 0.0 0.0 0.0 0.0 0.0 0.0; 0.0 0.0 0.0 0.0 35.0 0.0 12.0 0.0 0.0 0.0 14.0 0.0 9.0 30.0 0.0; 0.0 0.0 15.0 0.0 0.0 0.0 0.0 0.0 0.0 0.0 0.0 0.0 19.0 0.0 26.0;;; 0.0 0.0 2.0 3.0 21.0 0.0 35.0 36.0 0.0 0.0 0.0 0.0 0.0 0.0 0.0; 0.0 0.0 0.0 0.0 0.0 0.0 0.0 0.0 0.0 0.0 0.0 0.0 0.0 0.0 0.0; 0.0 0.0 0.0 0.0 0.0 0.0 2.0 0.0 0.0 33.0 43.0 22.0 0.0 0.0 0.0; 0.0 0.0 0.0 0.0 0.0 0.0 0.0 0.0 0.0 0.0 0.0 4.0 0.0 30.0 26.0]
evol_bb,"[[372.591, 3.823447160839998e7]]"
y_bb,[0.0 0.0 35.0 33.0 0.0 -0.0 -0.0 -0.0 -0.0 -0.0 -0.0 -0.0 -0.0 -0.0 -0.0; -0.0 -0.0 -0.0 -0.0 -0.0 0.0 0.0 -0.0 -0.0 -0.0 -0.0 -0.0 -0.0 -0.0 -0.0; -0.0 -0.0 -0.0 -0.0 -0.0 -0.0 -0.0 46.0 45.0 45.0 0.0 -0.0 -0.0 -0.0 -0.0; -0.0 -0.0 -0.0 -0.0 -0.0 -0.0 -0.0 -0.0 -0.0 -0.0 -0.0 0.0 23.0 30.0 0.0;;; -0.0 -0.0 -0.0 -0.0 -0.0 -0.0 -0.0 -0.0 -0.0 -0.0 -0.0 -0.0 -0.0 -0.0 -0.0; -0.0 -0.0 -0.0 -0.0 -0.0 -0.0 -0.0 -0.0 -0.0 -0.0 -0.0 -0.0 -0.0 -0.0 -0.0; -0.0 -0.0 -0.0 -0.0 -0.0 -0.0 -0.0 -0.0 -0.0 -0.0 -0.0 -0.0 -0.0 -0.0 -0.0; -0.0 -0.0 -0.0 -0.0 -0.0 -0.0 -0.0 -0.0 -0.0 -0.0 -0.0 -0.0 -0.0 -0.0 -0.0;;; -0.0 -0.0 -0.0 -0.0 -0.0 -0.0 -0.0 -0.0 -0.0 -0.0 -0.0 -0.0 -0.0 -0.0 -0.0; -0.0 -0.0 -0.0 -0.0 -0.0 -0.0 -0.0 -0.0 -0.0 -0.0 -0.0 -0.0 -0.0 -0.0 -0.0; -0.0 -0.0 -0.0 -0.0 -0.0 -0.0 -0.0 -0.0 -0.0 -0.0 -0.0 -0.0 -0.0 -0.0 -0.0; -0.0 -0.0 -0.0 -0.0 -0.0 -0.0 -0.0 -0.0 -0.0 -0.0 -0.0 -0.0 -0.0 -0.0 -0.0;;; -0.0 -0.0 -0.0 -0.0 -0.0 -0.0 -0.0 -0.0 -0.0 -0.0 -0.0 -0.0 -0.0 -0.0 -0.0; -0.0 -0.0 -0.0 -0.0 -0.0 -0.0 -0.0 -0.0 -0.0 -0.0 -0.0 -0.0 -0.0 -0.0 -0.0; -0.0 -0.0 -0.0 -0.0 -0.0 -0.0 -0.0 -0.0 -0.0 -0.0 -0.0 -0.0 -0.0 -0.0 -0.0; -0.0 -0.0 -0.0 -0.0 -0.0 -0.0 -0.0 -0.0 -0.0 -0.0 -0.0 -0.0 -0.0 -0.0 -0.0;;; -0.0 -0.0 -0.0 -0.0 -0.0 -0.0 -0.0 -0.0 -0.0 -0.0 -0.0 -0.0 -0.0 -0.0 -0.0; -0.0 -0.0 -0.0 -0.0 -0.0 -0.0 -0.0 -0.0 -0.0 -0.0 -0.0 -0.0 -0.0 -0.0 -0.0; -0.0 -0.0 -0.0 -0.0 -0.0 -0.0 -0.0 -0.0 -0.0 -0.0 -0.0 -0.0 -0.0 -0.0 -0.0; -0.0 -0.0 -0.0 -0.0 -0.0 -0.0 -0.0 -0.0 -0.0 -0.0 -0.0 -0.0 -0.0 -0.0 -0.0]
evol_box,"[[0.499, 0.0], [2.187, 791843.2015945243], [2.336, 791843.2015945243], [2.483, 903697.2002159323], [2.926, 904348.3468065733], [3.375, 904348.3468065733], [6.368, 8.999252673026826e6], [10.47, 8.999252673026826e6], [13.712, 8.999252673026826e6], [19.232, 9.449324445181e6], [22.885, 1.0236029432601077e7], [27.33, 1.0573260470446426e7], [32.962, 1.0686209789437182e7], [40.028, 1.0686209789437179e7], [47.91, 1.1473102595971346e7], [67.352, 1.1922844215787973e7], [81.666, 1.3272191194667947e7], [107.536, 1.3272191194667947e7], [150.054, 1.3836199761533614e7], [191.02, 1.4171610965589497e7], [249.69, 1.4171610965589501e7], [266.927, 1.4396339707764033e7], [394.734, 1.4396339707764033e7], [528.636, 1.439973799927625e7], [552.237, 1.4621600623036433e7], [668.29, 1.4958891351397771e7], [866.66, 1.473429000338047e7], [1174.344, 1.507118235191448e7], [1624.51, 1.5296021953031648e7], [1667.158, 1.540836988860676e7], [2120.725, 1.563327816221729e7], [2207.827, 1.563331650748127e7], [2408.783, 1.653300016415226e7], [3600.024, 1.6533037130169582e7]]"
y_pb,[[-0.0 -0.0 35.0 33.0 -0.0 -0.0 -0.0 -0.0 -0.0 -0.0 -0.0 -0.0 -0.0 -0.0 -0.0; -0.0 -0.0 -0.0 -0.0 -0.0 -0.0 0.0 -0.0 -0.0 -0.0 -0.0 -0.0 -0.0 -0.0 -0.0; -0.0 -0.0 -0.0 -0.0 -0.0 -0.0 -0.0 46.0 44.99999999999999 44.99999999999999 -0.0 -0.0 -0.0 -0.0 -0.0; -0.0 -0.0 -0.0 -0.0 -0.0 -0.0 -0.0 -0.0 -0.0 -0.0 -0.0 -0.0 23.0 30.0 -0.0;;;]]
x_bb,"[68.0, 0.0, 136.0, 53.0]"
x_box,"[97.0, 0.0, 100.0, 60.0]"
evol_zeta,"[[1.806, 49.3], [2.282, 43.0], [2.353, 34.46666666666667], [2.64, 30.384615384615383], [3.002, 30.0], [3.461, 26.666666666666664], [6.421, 24.599999999999998], [10.5, 21.99999999999995], [13.853, 21.36363636363636], [19.341, 22.46666666666667], [22.937, 19.666666666666664], [27.373, 24.06666666666667], [33.036, 20.500000000000004], [40.129, 21.615384615384617], [47.946, 21.133333333333336], [67.4, 19.86666666666667], [81.739, 18.0], [107.647, 18.0], [150.148, 18.4], [191.113, 17.0], [249.785, 16.071428571428573], [267.031, 18.066666666666663], [394.874, 15.533333866549109], [528.742, 18.13333333333333], [552.37, 15.909090909090905], [668.411, 14.769230769230766], [866.75, 16.200000001720014], [1174.441, 14.923076923076923], [1624.615, 14.400000000000002], [1667.33, 13.133333333333333], [2120.765, 17.4], [2207.965, 15.076923076923073], [2408.94, 12.0], [3600.038, 0.0]]"
ξ_box,[35.0 18.0 25.0 40.0 -0.0; 32.0 22.0 20.0 38.0 0.0; 33.0 18.0 17.0 34.0 2.0; 32.0 19.0 19.0 32.0 3.0; 50.0 37.0 34.0 35.0 21.0; 29.0 30.0 43.0 12.0 44.0; 27.0 23.0 41.0 12.0 37.0; 28.0 25.0 36.0 13.0 36.0; 30.0 34.0 39.0 14.0 45.0; 17.0 26.0 34.0 27.0 33.0; 25.0 36.0 25.0 29.0 43.0; 13.0 29.0 14.0 31.0 31.0; 13.0 30.0 13.0 28.0 34.0; 18.0 30.0 18.0 30.0 30.0; 22.0 26.0 22.0 26.0 26.0]
