first,second
s_box,[21.0 0.0 0.0 0.0 0.0; 0.0 8.0 0.0 0.0 0.0; 0.0 0.0 0.0 0.0 0.0; 0.0 0.0 0.0 0.0 0.0; 8.0 0.0 0.0 0.0 0.0; 0.0 0.0 0.0 0.0 0.0; 0.0 7.0 0.0 0.0 0.0; 0.0 0.0 0.0 13.0 0.0; 0.0 0.0 0.0 0.0 0.0; 0.0 13.0 0.0 0.0 0.0; 0.0 7.0 0.0 2.0 0.0; 0.0 0.0 0.0 0.0 0.0; 17.0 17.0 21.0 35.0 10.0; 0.0 12.0 26.0 30.0 36.0; 51.0 34.0 50.0 18.0 51.0]
x_pb,"[150.0, 40.0, 38.0, -0.0]"
s_bb,[0.0 -0.0 -0.0 -0.0 -0.0; 0.0 -0.0 -0.0 -0.0 -0.0; 0.0 -0.0 -0.0 -0.0 -0.0; 0.0 -0.0 -0.0 -0.0 -0.0; 0.0 -0.0 -0.0 -0.0 -0.0; 0.0 -0.0 -0.0 -0.0 -0.0; 0.0 -0.0 -0.0 -0.0 -0.0; 13.0 -0.0 -0.0 -0.0 -0.0; 0.0 -0.0 -0.0 -0.0 -0.0; 0.0 -0.0 -0.0 -0.0 -0.0; 25.0 -0.0 -0.0 -0.0 -0.0; 0.0 -0.0 -0.0 -0.0 -0.0; 41.0 -0.0 -0.0 -0.0 -0.0; 40.0 -0.0 -0.0 -0.0 -0.0; 51.0 -0.0 -0.0 -0.0 -0.0]
partition_bb,"[[[0.0, 6.0, 0.0, 0.0, 8.0, 8.0, 0.0, 0.0, 8.0, 11.0, 19.0, 36.0, 41.0, 40.0, 51.0], [34.0, 28.0, 22.0, 20.0, 12.0, 13.0, 7.0, 13.0, 16.0, 19.0, 11.0, 26.0, 0.0, 0.0, 0.0], [12.0, 6.0, 0.0, 0.0, 0.0, 0.0, 7.0, 10.0, 16.0, 19.0, 27.0, 16.0, 30.0, 35.0, 51.0], [34.0, 31.0, 25.0, 23.0, 15.0, 15.0, 7.0, 13.0, 21.0, 19.0, 21.0, 4.0, 0.0, 0.0, 0.0]], Vector{Float64}[], Vector{Float64}[], Vector{Float64}[], Vector{Float64}[]]"
y_box,[0.0 15.0 9.0 7.0 0.0 8.0 0.0 13.0 21.0 15.0 0.0 7.0 0.0 40.0 0.0; 0.0 0.0 0.0 0.0 0.0 0.0 7.0 0.0 0.0 4.0 27.0 0.0 0.0 0.0 0.0; 0.0 0.0 0.0 0.0 0.0 0.0 0.0 0.0 0.0 0.0 0.0 29.0 24.0 0.0 0.0; 0.0 0.0 0.0 0.0 0.0 0.0 0.0 0.0 0.0 0.0 0.0 0.0 0.0 0.0 0.0;;; 34.0 23.0 25.0 23.0 15.0 15.0 0.0 0.0 0.0 0.0 0.0 0.0 0.0 0.0 0.0; 0.0 0.0 0.0 0.0 0.0 0.0 0.0 13.0 21.0 6.0 0.0 0.0 0.0 0.0 0.0; 0.0 0.0 0.0 0.0 0.0 0.0 0.0 0.0 0.0 0.0 20.0 33.0 0.0 0.0 0.0; 0.0 0.0 0.0 0.0 0.0 0.0 0.0 0.0 0.0 0.0 0.0 0.0 0.0 0.0 0.0;;; 18.0 13.0 19.0 21.0 6.0 0.0 7.0 13.0 21.0 17.0 0.0 0.0 0.0 0.0 0.0; 0.0 0.0 0.0 0.0 7.0 13.0 0.0 0.0 0.0 0.0 20.0 0.0 0.0 0.0 0.0; 0.0 0.0 0.0 0.0 0.0 0.0 0.0 0.0 0.0 0.0 5.0 26.0 11.0 11.0 0.0; 0.0 0.0 0.0 0.0 0.0 0.0 0.0 0.0 0.0 0.0 0.0 0.0 0.0 0.0 0.0;;; 24.0 30.0 24.0 22.0 14.0 14.0 7.0 0.0 0.0 0.0 0.0 0.0 0.0 0.0 0.0; 0.0 0.0 0.0 0.0 0.0 0.0 0.0 0.0 21.0 19.0 0.0 0.0 0.0 0.0 0.0; 0.0 0.0 0.0 0.0 0.0 0.0 0.0 0.0 0.0 0.0 25.0 28.0 0.0 0.0 0.0; 0.0 0.0 0.0 0.0 0.0 0.0 0.0 0.0 0.0 0.0 0.0 0.0 0.0 0.0 0.0;;; 34.0 28.0 19.0 21.0 13.0 0.0 7.0 13.0 0.0 0.0 0.0 0.0 0.0 0.0 0.0; 0.0 0.0 3.0 0.0 0.0 13.0 0.0 0.0 3.0 0.0 0.0 0.0 21.0 0.0 0.0; 0.0 0.0 0.0 0.0 0.0 0.0 0.0 0.0 2.0 6.0 14.0 31.0 0.0 0.0 0.0; 0.0 0.0 0.0 0.0 0.0 0.0 0.0 0.0 0.0 0.0 0.0 0.0 0.0 0.0 0.0]
evol_bb,"[[0.508, 1.8395344065670405e7]]"
y_bb,[34.0 31.0 25.0 23.0 15.0 15.0 7.0 0.0 -0.0 -0.0 -0.0 -0.0 -0.0 -0.0 -0.0; -0.0 -0.0 -0.0 -0.0 -0.0 -0.0 -0.0 -0.0 21.0 19.0 -0.0 -0.0 -0.0 -0.0 -0.0; -0.0 -0.0 -0.0 -0.0 -0.0 -0.0 -0.0 -0.0 -0.0 -0.0 2.0 36.0 0.0 0.0 -0.0; -0.0 -0.0 -0.0 -0.0 -0.0 -0.0 -0.0 -0.0 -0.0 -0.0 -0.0 -0.0 -0.0 -0.0 0.0;;; -0.0 -0.0 -0.0 -0.0 -0.0 -0.0 -0.0 -0.0 -0.0 -0.0 -0.0 -0.0 -0.0 -0.0 -0.0; -0.0 -0.0 -0.0 -0.0 -0.0 -0.0 -0.0 -0.0 -0.0 -0.0 -0.0 -0.0 -0.0 -0.0 -0.0; -0.0 -0.0 -0.0 -0.0 -0.0 -0.0 -0.0 -0.0 -0.0 -0.0 -0.0 -0.0 -0.0 -0.0 -0.0; -0.0 -0.0 -0.0 -0.0 -0.0 -0.0 -0.0 -0.0 -0.0 -0.0 -0.0 -0.0 -0.0 -0.0 -0.0;;; -0.0 -0.0 -0.0 -0.0 -0.0 -0.0 -0.0 -0.0 -0.0 -0.0 -0.0 -0.0 -0.0 -0.0 -0.0; -0.0 -0.0 -0.0 -0.0 -0.0 -0.0 -0.0 -0.0 -0.0 -0.0 -0.0 -0.0 -0.0 -0.0 -0.0; -0.0 -0.0 -0.0 -0.0 -0.0 -0.0 -0.0 -0.0 -0.0 -0.0 -0.0 -0.0 -0.0 -0.0 -0.0; -0.0 -0.0 -0.0 -0.0 -0.0 -0.0 -0.0 -0.0 -0.0 -0.0 -0.0 -0.0 -0.0 -0.0 -0.0;;; -0.0 -0.0 -0.0 -0.0 -0.0 -0.0 -0.0 -0.0 -0.0 -0.0 -0.0 -0.0 -0.0 -0.0 -0.0; -0.0 -0.0 -0.0 -0.0 -0.0 -0.0 -0.0 -0.0 -0.0 -0.0 -0.0 -0.0 -0.0 -0.0 -0.0; -0.0 -0.0 -0.0 -0.0 -0.0 -0.0 -0.0 -0.0 -0.0 -0.0 -0.0 -0.0 -0.0 -0.0 -0.0; -0.0 -0.0 -0.0 -0.0 -0.0 -0.0 -0.0 -0.0 -0.0 -0.0 -0.0 -0.0 -0.0 -0.0 -0.0;;; -0.0 -0.0 -0.0 -0.0 -0.0 -0.0 -0.0 -0.0 -0.0 -0.0 -0.0 -0.0 -0.0 -0.0 -0.0; -0.0 -0.0 -0.0 -0.0 -0.0 -0.0 -0.0 -0.0 -0.0 -0.0 -0.0 -0.0 -0.0 -0.0 -0.0; -0.0 -0.0 -0.0 -0.0 -0.0 -0.0 -0.0 -0.0 -0.0 -0.0 -0.0 -0.0 -0.0 -0.0 -0.0; -0.0 -0.0 -0.0 -0.0 -0.0 -0.0 -0.0 -0.0 -0.0 -0.0 -0.0 -0.0 -0.0 -0.0 -0.0]
evol_box,"[[0.453, 0.0], [2.013, 7280.834147563204], [2.292, 7835.310785022612], [2.672, 7947.021181821022], [3.68, 545202.7872866729], [4.79, 1.3030520279004658e6], [7.114, 3.8987794819476e6], [10.35, 4.332362180393933e6], [16.102, 5.738790678538766e6], [20.358, 6.820030604644265e6], [24.05, 6.820030604644265e6], [27.869, 6.820030604644265e6], [32.22, 6.820030604644243e6], [36.628, 7.6853612291771965e6], [56.805, 7.6853612291771965e6], [63.885, 7.68620434799885e6], [72.393, 7.903130639216958e6], [81.854, 7.903130639216958e6], [92.368, 7.903130639216958e6], [104.175, 7.903130639216958e6], [175.131, 7.903130639216957e6], [181.301, 8.333743705223131e6], [196.004, 8.550123001829805e6], [203.916, 8.768111262451293e6], [241.38, 9.307558149779897e6], [262.896, 9.307834438839145e6], [333.869, 9.63302414164954e6], [345.519, 9.740186283059727e6], [397.361, 9.740186283059727e6], [452.069, 9.849369596767828e6], [559.759, 9.95656534742122e6], [805.005, 9.95710328318166e6], [898.285, 1.0065407408661185e7], [1157.908, 1.006589531710868e7], [1557.715, 1.0173286770193435e7], [1979.722, 1.0173375569577139e7], [2245.742, 1.0281303232675377e7], [2460.066, 1.0281526463589638e7], [3067.258, 1.0282162031469569e7], [3342.714, 1.0497744099090146e7], [3501.404, 1.0498985666887721e7], [3600.021, 1.0605872177585391e7]]"
y_pb,[[34.0 31.0 24.999999999999996 23.0 15.0 15.0 7.0 -0.0 -0.0 -0.0 -0.0 -0.0 -0.0 -0.0 -0.0; -0.0 -0.0 -0.0 -0.0 -0.0 -0.0 -0.0 -0.0 21.0 19.0 -0.0 -0.0 -0.0 -0.0 -0.0; -0.0 -0.0 -0.0 -0.0 -0.0 -0.0 -0.0 -0.0 -0.0 -0.0 2.0 36.0 -0.0 -0.0 -0.0; -0.0 -0.0 -0.0 -0.0 -0.0 -0.0 -0.0 -0.0 -0.0 -0.0 -0.0 -0.0 -0.0 -0.0 0.0;;;]]
x_bb,"[150.0, 40.0, 38.0, 0.0]"
x_box,"[135.0, 40.0, 53.0, 0.0]"
evol_zeta,"[[1.668, 51.0], [2.105, 34.0], [2.32, 34.0], [2.777, 32.666666666666664], [3.727, 30.142857142857142], [4.813, 27.75], [7.206, 20.733333333333334], [10.39, 18.0], [16.155, 18.0], [20.397, 18.0], [24.12, 17.0], [27.912, 17.066666666666666], [32.252, 17.0], [36.644, 16.0], [56.84, 16.0], [63.955, 16.0], [72.508, 15.400000000000002], [81.922, 16.0], [92.41, 16.0], [104.294, 16.0], [175.204, 15.0], [181.413, 15.533333333333328], [196.106, 15.0], [204.046, 14.923076923076923], [241.468, 14.57142857142857], [262.96, 13.400000000000002], [334.001, 16.0], [345.575, 13.0], [397.388, 13.0], [452.134, 14.642857142857146], [559.897, 13.923076923076925], [805.189, 13.538461538461537], [898.463, 13.466666666666661], [1157.988, 13.0], [1557.862, 12.999999999999991], [1979.77, 14.400000000000002], [2245.873, 13.0], [2460.203, 14.214285714285715], [3067.418, 13.466666666666669], [3342.867, 13.499999999999986], [3501.469, 13.142857142857142], [3600.035, 0.0]]"
ξ_box,[21.0 34.0 18.0 24.0 34.0; 15.0 31.0 13.0 30.0 28.0; 9.0 25.0 19.0 24.0 22.0; 7.0 23.0 21.0 22.0 21.0; 8.0 15.0 13.0 14.0 13.0; 8.0 15.0 13.0 14.0 13.0; 7.0 7.0 7.0 7.0 7.0; 13.0 13.0 13.0 13.0 13.0; 21.0 21.0 21.0 21.0 5.0; 19.0 19.0 17.0 19.0 6.0; 27.0 27.0 25.0 27.0 14.0; 36.0 33.0 26.0 28.0 31.0; 41.0 17.0 32.0 35.0 31.0; 40.0 12.0 37.0 30.0 36.0; 51.0 34.0 50.0 18.0 51.0]
