first,second
s_box,[0.0; 0.0; 0.0; 0.0; 0.0; 0.0; 0.0; 0.0; 0.0; 0.0; 0.0; 0.0; 0.0; 0.0; 0.0;;]
x_pb,"[70.0, 41.0, 39.0, 84.0]"
s_bb,[0.0; 0.0; 0.0; 0.0; 0.0; 0.0; 0.0; 0.0; 0.0; 0.0; 0.0; 0.0; 0.0; 0.0; 0.0;;]
partition_bb,"[[[25.0, 24.0, 10.0, 7.0, 4.0, 22.0, 9.0, 9.0, 1.0, 16.0, 23.0, 27.0, 22.0, 21.0, 14.0]]]"
y_box,[25.0 24.0 10.0 7.0 4.0 -0.0 -0.0 -0.0 -0.0 -0.0 -0.0 -0.0 -0.0 -0.0 -0.0; -0.0 -0.0 -0.0 -0.0 -0.0 22.0 9.0 9.0 1.0 -0.0 -0.0 -0.0 -0.0 -0.0 -0.0; -0.0 -0.0 -0.0 -0.0 -0.0 -0.0 -0.0 -0.0 -0.0 16.0 23.0 -0.0 -0.0 -0.0 -0.0; -0.0 -0.0 -0.0 -0.0 -0.0 -0.0 -0.0 -0.0 -0.0 -0.0 -0.0 27.0 22.0 21.0 14.0;;;]
evol_bb,"[[0.35, 7247.621393697333]]"
y_bb,[25.0 24.0 10.0 7.0 4.0 -0.0 -0.0 -0.0 -0.0 -0.0 -0.0 -0.0 -0.0 -0.0 -0.0; -0.0 -0.0 -0.0 -0.0 -0.0 22.0 9.0 9.0 1.0 -0.0 -0.0 -0.0 -0.0 -0.0 -0.0; -0.0 -0.0 -0.0 -0.0 -0.0 -0.0 -0.0 -0.0 -0.0 16.0 23.0 -0.0 -0.0 -0.0 -0.0; -0.0 -0.0 -0.0 -0.0 -0.0 -0.0 -0.0 -0.0 -0.0 -0.0 -0.0 27.0 22.0 21.0 14.0;;;]
evol_box,"[[0.643, 0.0], [2.696, 7247.621393697333]]"
y_pb,[[24.999999999999996 24.0 10.0 7.0 4.0 -0.0 -0.0 -0.0 -0.0 -0.0 -0.0 -0.0 -0.0 -0.0 -0.0; -0.0 -0.0 -0.0 -0.0 -0.0 22.0 9.0 9.0 1.0 -0.0 -0.0 -0.0 -0.0 -0.0 -0.0; -0.0 -0.0 -0.0 -0.0 -0.0 -0.0 -0.0 -0.0 -0.0 16.0 23.0 -0.0 -0.0 -0.0 -0.0; -0.0 -0.0 -0.0 -0.0 -0.0 -0.0 -0.0 -0.0 -0.0 -0.0 -0.0 27.0 22.0 21.0 14.0;;;]]
x_bb,"[76.0, 41.0, 39.0, 84.0]"
x_box,"[76.0, 41.0, 39.0, 84.0]"
evol_zeta,"[[2.27, 27.0], [2.787, 0.0]]"
ξ_box,[25.0; 24.0; 10.0; 7.0; 4.0; 22.0; 9.0; 9.0; 1.0; 16.0; 23.0; 27.0; 22.0; 21.0; 14.0;;]
