first,second
s_box,[0.0; 0.0; 0.0; 0.0; 0.0; 27.0; 30.0; 48.0; 41.0; 25.0; 38.0; 33.0; 40.0; 1.0; 26.0;;]
x_pb,"[166.0, 33.0, -0.0, 32.0]"
s_bb,[0.0; 0.0; 0.0; 0.0; 0.0; 27.0; 30.0; 48.0; 41.0; 25.0; 38.0; 33.0; 40.0; 1.0; 26.0;;]
partition_bb,"[[[5.0, 9.0, 9.0, 18.0, 17.0, 27.0, 30.0, 48.0, 37.0, 21.0, 8.0, 3.0, 0.0, 0.0, 0.0], [47.0, 43.0, 39.0, 34.0, 33.0, 12.0, 11.0, 11.0, 0.0, 0.0, 0.0, 0.0, 0.0, 0.0, 0.0], [0.0, 0.0, 0.0, 0.0, 0.0, 21.0, 18.0, 0.0, 5.0, 21.0, 34.0, 33.0, 40.0, 33.0, 26.0], [23.0, 19.0, 15.0, 10.0, 9.0, 0.0, 0.0, 0.0, 11.0, 25.0, 14.0, 23.0, 24.0, 33.0, 26.0], [0.0, 0.0, 0.0, 0.0, 1.0, 9.0, 12.0, 30.0, 41.0, 25.0, 13.0, 22.0, 23.0, 32.0, 26.0], [12.0, 18.0, 22.0, 13.0, 12.0, 0.0, 0.0, 0.0, 9.0, 25.0, 38.0, 29.0, 26.0, 19.0, 12.0], [32.0, 38.0, 42.0, 33.0, 32.0, 9.0, 8.0, 0.0, 0.0, 5.0, 18.0, 9.0, 6.0, 0.0, 0.0]]]"
y_box,[47.0 43.0 42.0 34.0 -0.0 -0.0 -0.0 -0.0 -0.0 -0.0 -0.0 -0.0 -0.0 -0.0 -0.0; -0.0 -0.0 -0.0 -0.0 33.0 0.0 0.0 0.0 -0.0 -0.0 -0.0 -0.0 -0.0 -0.0 -0.0; -0.0 -0.0 -0.0 -0.0 -0.0 -0.0 -0.0 -0.0 0.0 0.0 -0.0 -0.0 -0.0 -0.0 -0.0; -0.0 -0.0 -0.0 -0.0 -0.0 -0.0 -0.0 -0.0 -0.0 -0.0 0.0 0.0 0.0 32.0 0.0;;;]
evol_bb,"[[0.378, 3.5835694566518135e7]]"
y_bb,[47.0 43.0 42.0 34.0 -0.0 -0.0 -0.0 -0.0 -0.0 -0.0 -0.0 -0.0 -0.0 -0.0 -0.0; -0.0 -0.0 -0.0 -0.0 33.0 0.0 0.0 0.0 -0.0 -0.0 -0.0 -0.0 -0.0 -0.0 -0.0; -0.0 -0.0 -0.0 -0.0 -0.0 -0.0 -0.0 -0.0 0.0 -0.0 -0.0 -0.0 -0.0 -0.0 -0.0; -0.0 -0.0 -0.0 -0.0 -0.0 -0.0 -0.0 -0.0 -0.0 0.0 0.0 0.0 0.0 32.0 0.0;;;]
evol_box,"[[0.611, 0.0], [2.618, 121549.5626489707], [2.713, 1.6121615731963806e7], [2.72, 3.4096267437028244e7], [2.729, 3.5023991533944994e7], [2.737, 3.548785358240337e7], [2.744, 3.5835694566518135e7]]"
y_pb,[[47.0 43.0 42.0 34.0 -0.0 -0.0 -0.0 -0.0 -0.0 -0.0 -0.0 -0.0 -0.0 -0.0 -0.0; -0.0 -0.0 -0.0 -0.0 33.0 -0.0 -0.0 -0.0 -0.0 -0.0 -0.0 -0.0 -0.0 -0.0 -0.0; -0.0 -0.0 -0.0 -0.0 -0.0 -0.0 -0.0 -0.0 -0.0 0.0 -0.0 -0.0 -0.0 -0.0 -0.0; -0.0 -0.0 -0.0 -0.0 -0.0 -0.0 -0.0 -0.0 -0.0 -0.0 -0.0 -0.0 -0.0 32.0 -0.0;;;]]
x_bb,"[166.0, 33.0, 0.0, 32.0]"
x_box,"[166.0, 33.0, 0.0, 32.0]"
evol_zeta,"[[2.196, 47.99999999999999], [2.711, 42.0], [2.718, 40.0], [2.727, 4.0], [2.735, 4.0], [2.742, 3.0], [2.78, 0.0]]"
ξ_box,[47.0; 43.0; 42.0; 34.0; 33.0; 27.0; 30.0; 48.0; 41.0; 25.0; 38.0; 33.0; 40.0; 33.0; 26.0;;]
