first,second
s_box,[0.0 0.0 39.0 0.0 0.0; 0.0 0.0 0.0 0.0 17.0; 0.0 0.0 0.0 0.0 0.0; 12.0 0.0 0.0 12.0 0.0; 0.0 0.0 0.0 0.0 0.0; 16.0 0.0 0.0 0.0 0.0; 0.0 0.0 0.0 0.0 0.0; 0.0 0.0 0.0 0.0 5.0; 0.0 0.0 12.0 25.0 0.0; 0.0 0.0 0.0 0.0 0.0; 21.0 27.0 21.0 27.0 0.0; 0.0 34.0 15.0 0.0 0.0; 37.0 0.0 0.0 22.0 36.0; 0.0 23.0 0.0 0.0 0.0; 0.0 0.0 0.0 0.0 28.0]
x_pb,"[52.0, 21.0, 47.0, 123.0]"
s_bb,[39.0 -0.0 -0.0 -0.0 -0.0; 0.0 3.0 -0.0 -0.0 -0.0; -0.0 -0.0 -0.0 -0.0 -0.0; -0.0 -0.0 -0.0 -0.0 -0.0; -0.0 -0.0 -0.0 -0.0 -0.0; -0.0 16.0 -0.0 -0.0 -0.0; 16.0 -0.0 -0.0 -0.0 -0.0; -0.0 -0.0 -0.0 -0.0 -0.0; 25.0 -0.0 -0.0 -0.0 -0.0; 2.0 -0.0 -0.0 -0.0 -0.0; 29.0 -0.0 -0.0 -0.0 -0.0; 37.0 -0.0 -0.0 -0.0 -0.0; 0.0 19.0 -0.0 -0.0 -0.0; -0.0 -0.0 -0.0 -0.0 -0.0; -0.0 36.0 -0.0 -0.0 -0.0]
partition_bb,"[[[0.0, 10.0, 8.0, 12.0, 5.0, 0.0, 6.0, 11.0, 15.0, 16.0, 18.0, 20.0, 37.0, 41.0, 45.0], [39.0, 21.0, 19.0, 12.0, 5.0, 0.0, 3.0, 6.0, 11.0, 11.0, 13.0, 15.0, 34.0, 30.0, 26.0], [0.0, 0.0, 0.0, 0.0, 0.0, 11.0, 8.0, 14.0, 17.0, 27.0, 28.0, 37.0, 35.0, 31.0, 35.0], [18.0, 0.0, 0.0, 0.0, 5.0, 16.0, 16.0, 14.0, 17.0, 27.0, 28.0, 37.0, 26.0, 22.0, 18.0], [3.0, 21.0, 19.0, 12.0, 5.0, 10.0, 16.0, 22.0, 25.0, 27.0, 29.0, 20.0, 10.0, 14.0, 10.0]], [[0.0, 0.0, 0.0, 0.0, 5.0, 16.0, 16.0, 20.0, 25.0, 15.0, 16.0, 18.0, 37.0, 40.0, 36.0], [8.0, 3.0, 5.0, 12.0, 5.0, 16.0, 16.0, 22.0, 17.0, 27.0, 28.0, 37.0, 20.0, 16.0, 12.0]], Vector{Float64}[], Vector{Float64}[], Vector{Float64}[]]"
y_box,[0.0 0.0 0.0 0.0 5.0 0.0 16.0 0.0 25.0 0.0 0.0 6.0 0.0 0.0 0.0; 0.0 0.0 10.0 0.0 0.0 0.0 0.0 9.0 0.0 0.0 2.0 0.0 0.0 0.0 0.0; 0.0 0.0 0.0 0.0 0.0 0.0 0.0 13.0 0.0 24.0 0.0 25.0 0.0 0.0 0.0; 12.0 10.0 0.0 0.0 0.0 0.0 0.0 0.0 0.0 0.0 0.0 0.0 0.0 41.0 45.0;;; 21.0 0.0 19.0 12.0 0.0 0.0 0.0 0.0 0.0 0.0 0.0 0.0 0.0 0.0 0.0; 11.0 0.0 0.0 0.0 5.0 5.0 0.0 0.0 0.0 0.0 0.0 0.0 0.0 0.0 0.0; 0.0 18.0 0.0 0.0 0.0 0.0 0.0 0.0 0.0 27.0 0.0 0.0 0.0 16.0 1.0; 0.0 0.0 0.0 0.0 0.0 0.0 7.0 13.0 14.0 0.0 0.0 0.0 35.0 0.0 39.0;;; 0.0 21.0 19.0 12.0 0.0 0.0 0.0 0.0 0.0 0.0 0.0 0.0 0.0 0.0 0.0; 0.0 0.0 0.0 0.0 5.0 16.0 0.0 0.0 0.0 0.0 0.0 0.0 0.0 0.0 0.0; 0.0 0.0 0.0 0.0 0.0 0.0 16.0 16.0 9.0 21.0 0.0 0.0 0.0 0.0 0.0; 0.0 0.0 0.0 0.0 0.0 0.0 0.0 0.0 0.0 0.0 0.0 0.0 32.0 36.0 40.0;;; 0.0 13.0 0.0 0.0 5.0 0.0 0.0 0.0 0.0 0.0 0.0 13.0 0.0 0.0 21.0; 13.0 8.0 0.0 0.0 0.0 0.0 0.0 0.0 0.0 0.0 0.0 0.0 0.0 0.0 0.0; 26.0 0.0 19.0 0.0 0.0 16.0 0.0 0.0 0.0 0.0 1.0 0.0 0.0 0.0 0.0; 0.0 0.0 0.0 0.0 0.0 0.0 16.0 22.0 0.0 27.0 0.0 23.0 0.0 20.0 0.0;;; 23.0 0.0 14.0 8.0 5.0 0.0 0.0 0.0 0.0 0.0 0.0 2.0 0.0 0.0 0.0; 0.0 0.0 1.0 0.0 0.0 10.0 10.0 0.0 0.0 0.0 0.0 0.0 0.0 0.0 0.0; 0.0 0.0 0.0 0.0 0.0 0.0 0.0 0.0 0.0 27.0 0.0 35.0 0.0 0.0 0.0; 0.0 0.0 0.0 0.0 0.0 0.0 6.0 17.0 25.0 0.0 28.0 0.0 0.0 32.0 0.0]
evol_bb,"[[2.017, 1.5404580289430872e7], [7.922, 1.540458028943087e7], [8.152, 1.5404580289430868e7]]"
y_bb,[-0.0 21.0 19.0 12.0 -0.0 -0.0 -0.0 -0.0 -0.0 -0.0 -0.0 -0.0 -0.0 -0.0 -0.0; -0.0 -0.0 -0.0 0.0 5.0 16.0 -0.0 -0.0 -0.0 -0.0 -0.0 -0.0 -0.0 -0.0 -0.0; -0.0 -0.0 -0.0 -0.0 -0.0 0.0 0.0 22.0 -0.0 25.0 0.0 -0.0 -0.0 -0.0 -0.0; -0.0 -0.0 -0.0 -0.0 -0.0 -0.0 -0.0 -0.0 -0.0 -0.0 -0.0 -0.0 37.0 41.0 45.0;;; -0.0 -0.0 -0.0 -0.0 -0.0 -0.0 16.0 -0.0 0.0 27.0 -0.0 -0.0 9.0 -0.0 0.0; 8.0 -0.0 -0.0 -0.0 -0.0 0.0 -0.0 13.0 -0.0 -0.0 -0.0 -0.0 -0.0 -0.0 -0.0; -0.0 -0.0 5.0 0.0 5.0 -0.0 -0.0 -0.0 -0.0 -0.0 28.0 -0.0 -0.0 9.0 -0.0; 0.0 0.0 -0.0 12.0 -0.0 -0.0 0.0 9.0 25.0 -0.0 -0.0 37.0 9.0 31.0 -0.0;;; -0.0 -0.0 -0.0 -0.0 -0.0 -0.0 -0.0 -0.0 -0.0 -0.0 -0.0 -0.0 -0.0 -0.0 -0.0; -0.0 -0.0 -0.0 -0.0 -0.0 -0.0 -0.0 -0.0 -0.0 -0.0 -0.0 -0.0 -0.0 -0.0 -0.0; -0.0 -0.0 -0.0 -0.0 -0.0 -0.0 -0.0 -0.0 -0.0 -0.0 -0.0 -0.0 -0.0 -0.0 -0.0; -0.0 -0.0 -0.0 -0.0 -0.0 -0.0 -0.0 -0.0 -0.0 -0.0 -0.0 -0.0 -0.0 -0.0 -0.0;;; -0.0 -0.0 -0.0 -0.0 -0.0 -0.0 -0.0 -0.0 -0.0 -0.0 -0.0 -0.0 -0.0 -0.0 -0.0; -0.0 -0.0 -0.0 -0.0 -0.0 -0.0 -0.0 -0.0 -0.0 -0.0 -0.0 -0.0 -0.0 -0.0 -0.0; -0.0 -0.0 -0.0 -0.0 -0.0 -0.0 -0.0 -0.0 -0.0 -0.0 -0.0 -0.0 -0.0 -0.0 -0.0; -0.0 -0.0 -0.0 -0.0 -0.0 -0.0 -0.0 -0.0 -0.0 -0.0 -0.0 -0.0 -0.0 -0.0 -0.0;;; -0.0 -0.0 -0.0 -0.0 -0.0 -0.0 -0.0 -0.0 -0.0 -0.0 -0.0 -0.0 -0.0 -0.0 -0.0; -0.0 -0.0 -0.0 -0.0 -0.0 -0.0 -0.0 -0.0 -0.0 -0.0 -0.0 -0.0 -0.0 -0.0 -0.0; -0.0 -0.0 -0.0 -0.0 -0.0 -0.0 -0.0 -0.0 -0.0 -0.0 -0.0 -0.0 -0.0 -0.0 -0.0; -0.0 -0.0 -0.0 -0.0 -0.0 -0.0 -0.0 -0.0 -0.0 -0.0 -0.0 -0.0 -0.0 -0.0 -0.0]
evol_box,"[[0.461, 0.0], [1.924, 107711.11632772796], [2.03, 107711.11632772796], [2.177, 836611.9810671959], [2.364, 836708.5170684623], [2.631, 836611.9810671958], [3.757, 3.541788417717915e6], [6.075, 3.750067767808318e6], [8.32, 3.7500677678083186e6], [12.591, 3.750067767808318e6], [16.315, 5.414920401291762e6], [18.614, 5.726928961269364e6], [20.554, 5.831364121529719e6], [25.044, 5.935501548700735e6], [31.482, 6.0395527720264485e6], [37.848, 6.455384897267508e6], [46.146, 6.767897450725294e6], [54.746, 6.87198358205654e6], [68.028, 7.183763856626517e6], [82.889, 7.39195324231904e6], [100.66, 7.392088643103656e6], [128.679, 7.808385440757203e6], [161.849, 7.808376022495637e6], [240.374, 7.808385440757204e6], [264.98, 7.912210272275698e6], [277.33, 7.912290751639327e6], [472.071, 8.016298779305034e6], [901.424, 8.224557257468235e6], [1034.357, 8.328466492998595e6], [1073.561, 8.328618669271147e6], [1313.41, 8.432451078711078e6], [1711.194, 8.432504820603857e6], [2567.157, 8.744874635204934e6], [3325.839, 8.848839762701448e6], [3600.041, 9.056885006722001e6]]"
y_pb,[[-0.0 21.0 19.0 12.0 -0.0 -0.0 -0.0 -0.0 -0.0 -0.0 -0.0 -0.0 -0.0 -0.0 -0.0; -0.0 -0.0 -0.0 -0.0 5.0 16.0 -0.0 -0.0 -0.0 -0.0 -0.0 -0.0 -0.0 -0.0 -0.0; -0.0 -0.0 -0.0 -0.0 -0.0 -0.0 -0.0 22.0 -0.0 25.0 -0.0 -0.0 -0.0 -0.0 -0.0; -0.0 -0.0 -0.0 -0.0 -0.0 -0.0 -0.0 -0.0 -0.0 -0.0 -0.0 -0.0 36.99999999999999 41.0 44.99999999999999;;;]]
x_bb,"[52.0, 21.0, 47.0, 123.0]"
x_box,"[52.0, 21.0, 62.0, 108.0]"
evol_zeta,"[[1.612, 45.0], [1.998, 39.0], [2.05, 38.38461538461539], [2.183, 23.0], [2.382, 19.5], [2.664, 16.0], [3.783, 16.0], [6.126, 16.0], [8.383, 15.0], [12.648, 15.0], [16.359, 14.642857142857144], [18.662, 15.0], [20.563, 15.0], [25.073, 12.799999999999999], [31.508, 11.461538461538462], [37.894, 11.0], [46.164, 11.0], [54.81, 11.533333333333335], [68.058, 11.000000000000004], [82.932, 11.000000000000002], [100.692, 10.999999999999998], [128.703, 11.0], [161.918, 10.214286302730963], [240.417, 10.63636363636364], [265.008, 10.42857142857143], [277.392, 11.799999999999995], [472.122, 10.399999999999999], [901.53, 9.733333333333334], [1034.405, 11.066666666666666], [1073.626, 10.733333333333333], [1313.548, 9.066666666666663], [1711.234, 10.071428571428571], [2567.302, 9.0], [3325.879, 7.999999999999986], [3600.057, 0.0]]"
ξ_box,[12.0 32.0 39.0 39.0 23.0; 10.0 18.0 21.0 21.0 17.0; 10.0 19.0 19.0 19.0 15.0; 12.0 12.0 12.0 12.0 8.0; 5.0 5.0 5.0 5.0 5.0; 16.0 5.0 16.0 16.0 10.0; 16.0 7.0 16.0 16.0 16.0; 22.0 13.0 16.0 22.0 22.0; 25.0 14.0 21.0 25.0 25.0; 24.0 24.0 21.0 27.0 27.0; 23.0 25.0 21.0 28.0 28.0; 31.0 34.0 15.0 36.0 37.0; 37.0 35.0 32.0 22.0 36.0; 41.0 39.0 36.0 20.0 32.0; 45.0 40.0 40.0 21.0 28.0]
