first,second
s_box,[0.0; 0.0; 0.0; 0.0; 0.0; 29.0; 37.0; 29.0; 0.0; 14.0; 9.0; 19.0; 14.0; 18.0; 20.0;;]
x_pb,"[52.0, 150.0, -0.0, 22.0]"
s_bb,[0.0; 0.0; 0.0; 0.0; 0.0; 29.0; 37.0; 29.0; 0.0; 14.0; 9.0; 19.0; 14.0; 18.0; 20.0;;]
partition_bb,"[[[1.0, 19.0, 28.0, 31.0, 36.0, 46.0, 27.0, 22.0, 11.0, 3.0, 0.0, 0.0, 0.0, 0.0, 0.0], [17.0, 7.0, 16.0, 19.0, 24.0, 34.0, 15.0, 10.0, 0.0, 8.0, 9.0, 19.0, 14.0, 18.0, 20.0], [17.0, 35.0, 29.0, 31.0, 38.0, 28.0, 9.0, 8.0, 6.0, 14.0, 9.0, 3.0, 0.0, 0.0, 2.0], [17.0, 35.0, 44.0, 42.0, 35.0, 31.0, 15.0, 7.0, 0.0, 0.0, 0.0, 0.0, 0.0, 0.0, 0.0], [17.0, 29.0, 20.0, 17.0, 12.0, 2.0, 3.0, 11.0, 22.0, 14.0, 9.0, 19.0, 14.0, 18.0, 20.0], [0.0, 0.0, 0.0, 3.0, 8.0, 18.0, 37.0, 29.0, 22.0, 14.0, 9.0, 3.0, 0.0, 0.0, 0.0], [9.0, 27.0, 35.0, 37.0, 44.0, 34.0, 15.0, 14.0, 9.0, 1.0, 0.0, 0.0, 0.0, 0.0, 0.0], [15.0, 33.0, 42.0, 45.0, 38.0, 30.0, 11.0, 10.0, 3.0, 0.0, 0.0, 0.0, 0.0, 0.0, 0.0]]]"
y_box,[17.0 35.0 -0.0 -0.0 -0.0 -0.0 -0.0 -0.0 -0.0 -0.0 -0.0 -0.0 -0.0 -0.0 -0.0; -0.0 -0.0 44.0 45.0 44.0 17.0 -0.0 -0.0 -0.0 -0.0 -0.0 -0.0 -0.0 -0.0 -0.0; -0.0 -0.0 -0.0 -0.0 -0.0 -0.0 -0.0 -0.0 -0.0 -0.0 -0.0 -0.0 -0.0 -0.0 -0.0; -0.0 -0.0 -0.0 -0.0 -0.0 -0.0 0.0 0.0 22.0 0.0 0.0 0.0 0.0 0.0 0.0;;;]
evol_bb,"[[0.473, 2.4729015353611823e7]]"
y_bb,[17.0 35.0 -0.0 -0.0 -0.0 -0.0 -0.0 -0.0 -0.0 -0.0 -0.0 -0.0 -0.0 -0.0 -0.0; -0.0 -0.0 44.0 45.0 44.0 17.0 -0.0 -0.0 -0.0 -0.0 -0.0 -0.0 -0.0 -0.0 -0.0; -0.0 -0.0 -0.0 -0.0 -0.0 -0.0 -0.0 -0.0 -0.0 -0.0 -0.0 -0.0 -0.0 -0.0 -0.0; -0.0 -0.0 -0.0 -0.0 -0.0 -0.0 0.0 0.0 22.0 0.0 0.0 0.0 0.0 0.0 0.0;;;]
evol_box,"[[0.614, 0.0], [2.62, 5775.771904761682], [2.722, 1.3217662278501237e7], [2.737, 1.7534326240449645e7], [2.752, 2.0935415688527472e7], [2.766, 2.3159299003811795e7], [2.789, 2.4205768441466633e7], [2.804, 2.4729015353611823e7]]"
y_pb,[[17.0 35.0 -0.0 -0.0 -0.0 -0.0 -0.0 -0.0 -0.0 -0.0 -0.0 -0.0 -0.0 -0.0 -0.0; -0.0 -0.0 44.0 44.99999999999999 44.0 17.0 -0.0 -0.0 -0.0 -0.0 -0.0 -0.0 -0.0 -0.0 -0.0; -0.0 -0.0 -0.0 -0.0 -0.0 -0.0 -0.0 0.0 -0.0 -0.0 -0.0 -0.0 -0.0 -0.0 -0.0; -0.0 -0.0 -0.0 -0.0 -0.0 -0.0 -0.0 -0.0 22.0 -0.0 -0.0 -0.0 -0.0 -0.0 -0.0;;;]]
x_bb,"[52.0, 150.0, 0.0, 22.0]"
x_box,"[52.0, 150.0, 0.0, 22.0]"
evol_zeta,"[[2.202, 46.0], [2.72, 20.0], [2.736, 16.0], [2.75, 16.0], [2.764, 10.0], [2.787, 7.900000000000006], [2.802, 3.6666666666666643], [2.821, 0.0]]"
ξ_box,[17.0; 35.0; 44.0; 45.0; 44.0; 46.0; 37.0; 29.0; 22.0; 14.0; 9.0; 19.0; 14.0; 18.0; 20.0;;]
