first,second
s_box,[-0.0 -0.0; -0.0 17.0; -0.0 -0.0; -0.0 -0.0; -0.0 -0.0; -0.0 -0.0; -0.0 -0.0; -0.0 -0.0; 2.0 -0.0; 37.0 -0.0; 38.0 38.0; -0.0 -0.0; -0.0 -0.0; -0.0 -0.0; -0.0 -0.0]
x_pb,"[62.0, 138.0, 62.0, 26.0]"
s_bb,[0.0 -0.0; -0.0 -0.0; -0.0 -0.0; -0.0 -0.0; -0.0 19.0; -0.0 -0.0; -0.0 -0.0; 0.0 -0.0; 2.0 -0.0; 37.0 33.0; 38.0 -0.0; -0.0 -0.0; -0.0 -0.0; -0.0 0.0; 0.0 16.0]
partition_bb,"[[[0.0, 0.0, 1.0, 6.0, 19.0, 19.0, 29.0, 32.0, 33.0, 37.0, 38.0, 33.0, 29.0, 0.0, 0.0], [28.0, 13.0, 7.0, 2.0, 11.0, 14.0, 25.0, 28.0, 28.0, 32.0, 33.0, 33.0, 29.0, 0.0, 6.0], [0.0, 0.0, 1.0, 6.0, 16.0, 19.0, 29.0, 32.0, 33.0, 37.0, 38.0, 20.0, 16.0, 7.0, 13.0], [0.0, 0.0, 1.0, 6.0, 18.0, 26.0, 29.0, 32.0, 33.0, 37.0, 38.0, 33.0, 29.0, 6.0, 0.0], [11.0, 17.0, 11.0, 6.0, 13.0, 16.0, 26.0, 29.0, 30.0, 34.0, 33.0, 33.0, 29.0, 0.0, 0.0], [0.0, 0.0, 0.0, 5.0, 18.0, 18.0, 28.0, 31.0, 32.0, 36.0, 37.0, 19.0, 15.0, 10.0, 16.0], [0.0, 0.0, 6.0, 6.0, 19.0, 27.0, 29.0, 32.0, 33.0, 34.0, 35.0, 33.0, 29.0, 0.0, 6.0]], [[28.0, 17.0, 11.0, 6.0, 19.0, 27.0, 22.0, 25.0, 26.0, 30.0, 31.0, 13.0, 9.0, 10.0, 16.0], [16.0, 0.0, 1.0, 6.0, 19.0, 27.0, 29.0, 27.0, 28.0, 24.0, 23.0, 33.0, 29.0, 10.0, 16.0], [1.0, 17.0, 11.0, 6.0, 19.0, 18.0, 29.0, 32.0, 32.0, 30.0, 31.0, 33.0, 29.0, 0.0, 0.0], [4.0, 0.0, 1.0, 6.0, 14.0, 17.0, 29.0, 31.0, 31.0, 33.0, 34.0, 33.0, 29.0, 10.0, 16.0]]]"
y_box,[28.0 17.0 11.0 6.0 -0.0 -0.0 -0.0 -0.0 -0.0 -0.0 -0.0 -0.0 -0.0 -0.0 -0.0; -0.0 -0.0 -0.0 -0.0 19.0 27.0 29.0 32.0 31.0 0.0 0.0 -0.0 -0.0 -0.0 -0.0; -0.0 -0.0 -0.0 -0.0 -0.0 -0.0 -0.0 -0.0 -0.0 -0.0 -0.0 33.0 29.0 0.0 -0.0; -0.0 -0.0 -0.0 -0.0 -0.0 -0.0 -0.0 -0.0 -0.0 -0.0 -0.0 -0.0 -0.0 10.0 16.0;;; 28.0 -0.0 -0.0 -0.0 5.0 -0.0 -0.0 -0.0 -0.0 -0.0 -0.0 -0.0 29.0 -0.0 -0.0; -0.0 -0.0 -0.0 6.0 11.0 19.0 4.0 6.0 33.0 37.0 -0.0 -0.0 22.0 -0.0 -0.0; -0.0 -0.0 11.0 6.0 -0.0 -0.0 25.0 -0.0 -0.0 -0.0 0.0 20.0 -0.0 -0.0 0.0; -0.0 -0.0 -0.0 -0.0 -0.0 -0.0 -0.0 26.0 -0.0 -0.0 -0.0 -0.0 -0.0 0.0 -0.0]
evol_bb,"[[0.36, 9.097042781049583e6], [1.318, 9.097042781049581e6]]"
y_bb,[28.0 17.0 11.0 6.0 -0.0 -0.0 -0.0 -0.0 -0.0 -0.0 -0.0 -0.0 -0.0 -0.0 -0.0; -0.0 0.0 -0.0 0.0 19.0 27.0 29.0 32.0 31.0 -0.0 0.0 -0.0 -0.0 -0.0 -0.0; -0.0 -0.0 -0.0 -0.0 -0.0 -0.0 -0.0 -0.0 -0.0 -0.0 -0.0 33.0 29.0 0.0 -0.0; -0.0 -0.0 -0.0 -0.0 -0.0 -0.0 -0.0 -0.0 -0.0 -0.0 -0.0 -0.0 -0.0 10.0 16.0;;; -0.0 -0.0 11.0 0.0 -0.0 8.0 -0.0 9.0 0.0 -0.0 34.0 0.0 -0.0 -0.0 -0.0; 28.0 17.0 -0.0 6.0 0.0 19.0 -0.0 -0.0 32.0 -0.0 -0.0 33.0 3.0 -0.0 -0.0; 0.0 0.0 -0.0 -0.0 -0.0 -0.0 29.0 23.0 -0.0 -0.0 -0.0 -0.0 -0.0 10.0 -0.0; -0.0 -0.0 -0.0 -0.0 -0.0 -0.0 -0.0 -0.0 -0.0 -0.0 -0.0 -0.0 26.0 -0.0 -0.0]
evol_box,"[[0.572, 0.0], [2.696, 6940.179474314675], [2.808, 6940.179474392462], [2.832, 2.6038004101410503e6], [2.858, 4.375053076491384e6], [2.893, 6.145520800326209e6], [3.052, 6.145493369901743e6], [3.162, 6.145493369901743e6], [3.341, 6.263883109319882e6], [3.443, 7.089936343061793e6], [3.565, 7.089936343061678e6], [3.669, 7.680361086097182e6], [3.775, 7.91636500959795e6], [3.893, 7.916473210475835e6], [4.026, 8.152500563888277e6], [4.137, 8.152571716629328e6], [4.284, 8.152633943550075e6], [4.414, 8.38870235681478e6], [4.584, 8.506780967463598e6], [4.719, 8.860907226759257e6], [4.85, 8.860907226759259e6], [5.0, 8.860907226759257e6], [5.142, 8.860907226759259e6], [5.275, 8.860929870626511e6], [5.447, 8.97897500390442e6], [5.613, 8.97897500390442e6], [5.762, 8.978981012129553e6], [5.967, 9.097042781049583e6]]"
y_pb,[[28.0 17.0 11.0 6.0 -0.0 -0.0 -0.0 -0.0 -0.0 -0.0 -0.0 -0.0 -0.0 -0.0 -0.0; -0.0 -0.0 -0.0 -0.0 19.0 27.0 28.999999999999996 32.0 31.0 -0.0 -0.0 -0.0 -0.0 -0.0 -0.0; -0.0 -0.0 -0.0 -0.0 -0.0 -0.0 -0.0 -0.0 -0.0 -0.0 -0.0 33.0 28.999999999999996 -0.0 -0.0; -0.0 -0.0 -0.0 -0.0 -0.0 -0.0 -0.0 -0.0 -0.0 -0.0 -0.0 -0.0 -0.0 10.0 16.0;;;]]
x_bb,"[62.0, 138.0, 62.0, 26.0]"
x_box,"[62.0, 138.0, 62.0, 26.0]"
evol_zeta,"[[2.797, 28.0], [2.815, 19.0], [2.839, 12.0], [2.864, 12.0], [2.929, 8.0], [3.072, 5.9999999999999964], [3.171, 6.0], [3.35, 8.0], [3.472, 4.0], [3.573, 4.0], [3.675, 4.0], [3.78, 6.0], [3.903, 6.999999999999999], [4.033, 4.0], [4.145, 8.0], [4.291, 8.000001382587442], [4.42, 5.0], [4.592, 5.0], [4.726, 1.0], [4.854, 1.0], [5.003, 1.0], [5.146, 1.0], [5.279, 1.0], [5.452, 1.0], [5.618, 0.9230769230769198], [5.768, 0.6923076923076934], [5.976, 0.0]]"
ξ_box,[28.0 28.0; 17.0 12.0; 11.0 6.0; 6.0 6.0; 19.0 16.0; 27.0 19.0; 29.0 29.0; 32.0 32.0; 33.0 33.0; 37.0 37.0; 38.0 38.0; 33.0 20.0; 29.0 16.0; 10.0 0.0; 16.0 0.0]
