first,second
s_box,[0.0 39.0 43.0 0.0; 0.0 0.0 0.0 48.0; 0.0 0.0 0.0 0.0; 0.0 0.0 39.0 32.0; 4.0 36.0 0.0 0.0; 0.0 0.0 24.0 19.0; 0.0 21.0 0.0 0.0; 0.0 0.0 0.0 0.0; 8.0 0.0 8.0 0.0; 0.0 0.0 10.0 0.0; 28.0 28.0 0.0 25.0; 27.0 0.0 0.0 0.0; 25.0 0.0 0.0 0.0; 15.0 0.0 0.0 0.0; 18.0 0.0 0.0 0.0]
x_pb,"[229.0, 45.0, 13.0, 10.000000000000002]"
s_bb,[-0.0 -0.0 -0.0 -0.0; -0.0 30.0 -0.0 -0.0; -0.0 -0.0 -0.0 -0.0; -0.0 -0.0 -0.0 -0.0; 12.0 -0.0 -0.0 -0.0; -0.0 24.0 -0.0 -0.0; -0.0 -0.0 -0.0 -0.0; -0.0 -0.0 -0.0 -0.0; 8.0 -0.0 -0.0 -0.0; -0.0 -0.0 -0.0 -0.0; 28.0 -0.0 -0.0 -0.0; 31.0 -0.0 -0.0 -0.0; 33.0 -0.0 -0.0 -0.0; 43.0 -0.0 -0.0 -0.0; 46.0 16.0 -0.0 -0.0]
partition_bb,"[[[32.0, 25.0, 18.0, 11.0, 0.0, 0.0, 3.0, 12.0, 8.0, 8.0, 28.0, 31.0, 33.0, 43.0, 46.0], [1.0, 3.0, 18.0, 22.0, 36.0, 24.0, 21.0, 12.0, 8.0, 6.0, 21.0, 24.0, 26.0, 36.0, 39.0], [44.0, 51.0, 36.0, 32.0, 18.0, 17.0, 11.0, 6.0, 2.0, 0.0, 8.0, 11.0, 13.0, 23.0, 26.0], [57.0, 50.0, 39.0, 32.0, 22.0, 17.0, 14.0, 5.0, 1.0, 0.0, 11.0, 18.0, 20.0, 10.0, 7.0], [28.0, 31.0, 46.0, 39.0, 28.0, 24.0, 21.0, 13.0, 8.0, 10.0, 7.0, 14.0, 16.0, 6.0, 9.0], [50.0, 57.0, 42.0, 38.0, 36.0, 24.0, 21.0, 12.0, 8.0, 9.0, 0.0, 0.0, 0.0, 0.0, 0.0], [63.0, 56.0, 45.0, 38.0, 35.0, 23.0, 20.0, 11.0, 7.0, 5.0, 0.0, 0.0, 0.0, 0.0, 0.0]], [[64.0, 57.0, 46.0, 39.0, 29.0, 24.0, 21.0, 12.0, 8.0, 6.0, 0.0, 0.0, 0.0, 0.0, 0.0], [60.0, 53.0, 42.0, 35.0, 25.0, 20.0, 17.0, 8.0, 4.0, 2.0, 16.0, 9.0, 7.0, 1.0, 0.0], [60.0, 53.0, 42.0, 35.0, 25.0, 20.0, 17.0, 8.0, 4.0, 2.0, 0.0, 1.0, 3.0, 13.0, 16.0]], Vector{Float64}[], Vector{Float64}[]]"
y_box,[64.0 57.0 46.0 39.0 25.0 0.0 0.0 0.0 0.0 0.0 0.0 0.0 0.0 0.0 0.0; 0.0 0.0 0.0 0.0 0.0 24.0 21.0 0.0 0.0 0.0 0.0 0.0 0.0 0.0 0.0; 0.0 0.0 0.0 0.0 0.0 0.0 0.0 13.0 0.0 0.0 0.0 0.0 0.0 0.0 0.0; 0.0 0.0 0.0 0.0 0.0 0.0 0.0 0.0 0.0 8.0 0.0 0.0 0.0 0.0 0.0;;; 0.0 36.0 21.0 32.0 0.0 24.0 0.0 13.0 8.0 10.0 0.0 31.0 18.0 0.0 38.0; 0.0 0.0 0.0 0.0 0.0 0.0 0.0 0.0 0.0 0.0 0.0 0.0 15.0 30.0 0.0; 0.0 0.0 0.0 0.0 0.0 0.0 0.0 0.0 0.0 0.0 0.0 0.0 0.0 13.0 0.0; 0.0 0.0 0.0 0.0 0.0 0.0 0.0 0.0 0.0 0.0 0.0 0.0 0.0 0.0 8.0;;; 1.0 39.0 44.0 0.0 36.0 0.0 21.0 13.0 0.0 0.0 13.0 0.0 29.0 35.0 0.0; 0.0 0.0 0.0 0.0 0.0 0.0 0.0 0.0 0.0 0.0 7.0 6.0 0.0 0.0 32.0; 0.0 0.0 0.0 0.0 0.0 0.0 0.0 0.0 0.0 0.0 0.0 13.0 0.0 0.0 0.0; 0.0 0.0 0.0 0.0 0.0 0.0 0.0 0.0 0.0 0.0 0.0 8.0 0.0 0.0 0.0;;; 53.0 3.0 36.0 0.0 31.0 0.0 16.0 7.0 5.0 5.0 0.0 7.0 25.0 0.0 43.0; 0.0 0.0 0.0 0.0 0.0 0.0 0.0 0.0 0.0 0.0 0.0 0.0 5.0 40.0 0.0; 0.0 0.0 0.0 0.0 0.0 0.0 0.0 0.0 0.0 0.0 0.0 13.0 0.0 0.0 0.0; 0.0 0.0 0.0 0.0 0.0 0.0 0.0 0.0 0.0 0.0 0.0 8.0 0.0 0.0 0.0]
evol_bb,"[[0.777, 2.08587016796359e7], [26.849, 2.0858701679635897e7], [3383.66, 2.075548063495075e7], [3529.288, 2.0755480634950746e7]]"
y_bb,[63.0 57.0 46.0 39.0 24.0 -0.0 -0.0 -0.0 -0.0 -0.0 -0.0 -0.0 -0.0 -0.0 -0.0; -0.0 -0.0 -0.0 -0.0 -0.0 24.0 21.0 -0.0 -0.0 -0.0 -0.0 -0.0 -0.0 -0.0 -0.0; -0.0 -0.0 -0.0 -0.0 -0.0 -0.0 -0.0 13.0 -0.0 -0.0 -0.0 -0.0 -0.0 -0.0 -0.0; -0.0 -0.0 -0.0 -0.0 -0.0 -0.0 -0.0 -0.0 0.0 10.0 0.0 0.0 0.0 0.0 0.0;;; 64.0 27.0 33.0 39.0 29.0 -0.0 21.0 -0.0 -0.0 -0.0 16.0 -0.0 -0.0 -0.0 0.0; -0.0 -0.0 3.0 -0.0 -0.0 -0.0 -0.0 12.0 -0.0 6.0 -0.0 9.0 7.0 8.0 -0.0; -0.0 -0.0 -0.0 -0.0 -0.0 -0.0 -0.0 -0.0 8.0 -0.0 -0.0 -0.0 -0.0 5.0 -0.0; -0.0 -0.0 10.0 -0.0 -0.0 0.0 -0.0 -0.0 -0.0 0.0 -0.0 -0.0 -0.0 -0.0 -0.0;;; -0.0 -0.0 -0.0 -0.0 -0.0 -0.0 -0.0 -0.0 -0.0 -0.0 -0.0 -0.0 -0.0 -0.0 -0.0; -0.0 -0.0 -0.0 -0.0 -0.0 -0.0 -0.0 -0.0 -0.0 -0.0 -0.0 -0.0 -0.0 -0.0 -0.0; -0.0 -0.0 -0.0 -0.0 -0.0 -0.0 -0.0 -0.0 -0.0 -0.0 -0.0 -0.0 -0.0 -0.0 -0.0; -0.0 -0.0 -0.0 -0.0 -0.0 -0.0 -0.0 -0.0 -0.0 -0.0 -0.0 -0.0 -0.0 -0.0 -0.0;;; -0.0 -0.0 -0.0 -0.0 -0.0 -0.0 -0.0 -0.0 -0.0 -0.0 -0.0 -0.0 -0.0 -0.0 -0.0; -0.0 -0.0 -0.0 -0.0 -0.0 -0.0 -0.0 -0.0 -0.0 -0.0 -0.0 -0.0 -0.0 -0.0 -0.0; -0.0 -0.0 -0.0 -0.0 -0.0 -0.0 -0.0 -0.0 -0.0 -0.0 -0.0 -0.0 -0.0 -0.0 -0.0; -0.0 -0.0 -0.0 -0.0 -0.0 -0.0 -0.0 -0.0 -0.0 -0.0 -0.0 -0.0 -0.0 -0.0 -0.0]
evol_box,"[[0.503, 0.0], [2.218, 934789.0622331849], [2.357, 934789.0622331849], [2.505, 1.2484505356694928e6], [2.799, 1.2484505356694928e6], [3.162, 4.344701927080727e6], [3.855, 7.751451476855767e6], [5.746, 7.954615840722808e6], [6.876, 8.783436662204813e6], [8.325, 8.783436662204813e6], [11.222, 8.783436662204813e6], [13.361, 9.193408801632708e6], [17.011, 9.402547997256063e6], [21.244, 9.711337697528673e6], [24.943, 9.711845194088157e6], [31.103, 1.0021821406353995e7], [37.284, 1.0845639408819359e7], [44.585, 1.0845639408819364e7], [50.479, 1.1051598242997643e7], [57.912, 1.1053716154753234e7], [66.488, 1.125806120680071e7], [75.755, 1.1258061206800636e7], [84.802, 1.1260113604293033e7], [96.784, 1.1361296483225126e7], [109.66, 1.136262319160732e7], [123.674, 1.167099219377069e7], [140.344, 1.1672278022718575e7], [160.592, 1.1673109376470827e7], [184.067, 1.1776302556601172e7], [214.601, 1.187951171128039e7], [219.877, 1.1980692963680092e7], [225.104, 1.1980692963680094e7], [251.338, 1.1980692963680092e7], [287.761, 1.198199428549575e7], [361.436, 1.2188328241103709e7], [417.889, 1.2292225044510797e7], [478.926, 1.2292182676176965e7], [546.315, 1.239540351930505e7], [684.775, 1.2498224718337543e7], [873.429, 1.2498638485211074e7], [1014.393, 1.2498638485211074e7], [1261.469, 1.2601289345130961e7], [1361.601, 1.2704276592255522e7], [2549.073, 1.2601845205561213e7], [2868.398, 1.2705096743653886e7], [3275.393, 1.2806824791866392e7], [3600.059, 1.290978271014575e7]]"
y_pb,[[64.0 57.0 46.0 39.0 23.0 -0.0 -0.0 -0.0 -0.0 -0.0 -0.0 -0.0 -0.0 -0.0 -0.0; -0.0 -0.0 -0.0 -0.0 -0.0 24.0 21.0 -0.0 -0.0 -0.0 -0.0 -0.0 -0.0 -0.0 -0.0; -0.0 -0.0 -0.0 -0.0 -0.0 -0.0 -0.0 13.0 -0.0 -0.0 -0.0 -0.0 -0.0 -0.0 -0.0; -0.0 -0.0 -0.0 -0.0 -0.0 -0.0 -0.0 -0.0 -0.0 10.0 -0.0 -0.0 -0.0 -0.0 -0.0;;;]]
x_bb,"[229.0, 45.0, 13.0, 10.0]"
x_box,"[231.0, 45.0, 13.0, 8.0]"
evol_zeta,"[[2.328, 46.0], [2.37, 42.076923081230774], [2.518, 28.0], [2.833, 25.333333523621775], [3.182, 25.000003425603555], [3.877, 23.0], [5.775, 20.599999999999998], [6.919, 16.0], [8.347, 13.0], [11.276, 12.000000000000002], [13.396, 15.0], [17.04, 13.60000156507705], [21.279, 13.266666666666673], [24.967, 14.799999999999997], [31.157, 11.200000000000003], [37.33, 12.642857142857142], [44.618, 12.615384615384615], [50.495, 11.384615384615387], [57.931, 10.0], [66.507, 10.0], [75.778, 9.133333333333333], [84.843, 10.599999999999994], [96.807, 9.533333333333335], [109.712, 10.333333333333336], [123.719, 8.00000181785639], [140.376, 11.214285715507145], [160.606, 9.0], [184.097, 9.2], [214.632, 7.5], [219.922, 9.199999999999996], [225.127, 8.0], [251.391, 8.0], [287.79, 9.0], [361.486, 7.0], [417.917, 7.3999999999999995], [478.975, 7.0], [546.384, 8.533333333333331], [684.81, 7.0], [873.478, 7.214285714285715], [1014.435, 6.999999999999995], [1261.527, 8.26666666666667], [1361.624, 6.866666666666667], [2549.126, 6.999999999999999], [2868.46, 7.133333333333333], [3275.42, 8.000000000900002], [3600.079, 0.0]]"
ξ_box,[64.0 39.0 44.0 53.0; 57.0 36.0 39.00000000000001 51.0; 46.0 21.0 44.0 36.0; 39.0 32.0 39.0 32.0; 29.0 36.0 36.0 31.0; 24.0 24.0 24.0 19.0; 21.0 21.0 21.0 16.0; 13.0 13.0 13.0 7.0; 8.0 8.0 8.0 5.0; 8.0 10.0 10.0 5.0; 28.0 28.0 20.0 25.0; 27.0 31.0 27.0 28.0; 25.0 33.0 29.0 30.0; 14.999999999999998 43.0 35.0 40.0; 18.0 46.0 32.0 43.0]
