first,second
s_box,[-0.0 27.0; -0.0 -0.0; -0.0 -0.0; 19.0 -0.0; -0.0 -0.0; 24.0 32.0; -0.0 23.0; 20.0 20.0; 12.0 12.0; 21.0 -0.0; 16.0 -0.0; -0.0 -0.0; -0.0 -0.0; -0.0 -0.0; 9.0 9.0]
x_pb,"[92.0, 21.0, 47.0, 44.0]"
s_bb,[-0.0 27.0; -0.0 -0.0; 22.0 0.0; 8.0 0.0; 24.0 0.0; -0.0 32.0; -0.0 23.0; 20.0 20.0; -0.0 12.0; 21.0 -0.0; -0.0 -0.0; 27.0 -0.0; -0.0 -0.0; -0.0 -0.0; -0.0 9.0]
partition_bb,"[[[15.0, 20.0, 22.0, 19.0, 24.0, 35.0, 23.0, 20.0, 12.0, 3.0, 0.0, 7.0, 0.0, 4.0, 0.0], [9.0, 14.0, 16.0, 19.0, 24.0, 35.0, 15.0, 13.0, 8.0, 6.0, 0.0, 12.0, 19.0, 10.0, 4.0], [9.0, 14.0, 16.0, 19.0, 24.0, 35.0, 15.0, 13.0, 8.0, 12.0, 16.0, 15.0, 8.0, 2.0, 0.0], [29.0, 24.0, 22.0, 19.0, 24.0, 35.0, 15.0, 13.0, 8.0, 3.0, 5.0, 7.0, 0.0, 0.0, 0.0], [20.0, 24.0, 22.0, 19.0, 24.0, 13.0, 11.0, 8.0, 0.0, 10.0, 16.0, 7.0, 0.0, 0.0, 9.0], [9.0, 14.0, 16.0, 19.0, 24.0, 13.0, 0.0, 0.0, 4.0, 17.0, 11.0, 20.0, 16.0, 15.0, 9.0], [9.0, 14.0, 16.0, 19.0, 24.0, 13.0, 0.0, 0.0, 0.0, 6.0, 9.0, 25.0, 24.0, 20.0, 9.0], [16.0, 21.0, 16.0, 19.0, 24.0, 35.0, 15.0, 13.0, 8.0, 21.0, 15.0, 2.0, 0.0, 0.0, 0.0], [20.0, 25.0, 20.0, 19.0, 24.0, 35.0, 15.0, 13.0, 8.0, 6.0, 0.0, 13.0, 6.0, 0.0, 0.0], [20.0, 25.0, 20.0, 19.0, 15.0, 23.0, 3.0, 1.0, 0.0, 7.0, 10.0, 26.0, 19.0, 13.0, 4.0], [20.0, 25.0, 20.0, 19.0, 15.0, 4.0, 0.0, 0.0, 1.0, 14.0, 16.0, 27.0, 20.0, 14.0, 9.0]], [[1.0, 6.0, 1.0, 0.0, 5.0, 16.0, 23.0, 20.0, 12.0, 21.0, 16.0, 31.0, 24.0, 20.0, 9.0], [29.0, 24.0, 22.0, 19.0, 18.0, 7.0, 0.0, 0.0, 0.0, 13.0, 7.0, 17.0, 24.0, 15.0, 9.0], [4.0, 9.0, 11.0, 14.0, 19.0, 30.0, 10.0, 8.0, 3.0, 10.0, 13.0, 29.0, 22.0, 16.0, 7.0], [12.0, 17.0, 16.0, 19.0, 24.0, 13.0, 0.0, 0.0, 0.0, 11.0, 14.0, 30.0, 23.0, 17.0, 8.0], [6.0, 11.0, 13.0, 16.0, 21.0, 32.0, 12.0, 10.0, 5.0, 8.0, 11.0, 27.0, 20.0, 14.0, 5.0], [20.0, 25.0, 20.0, 19.0, 15.0, 4.0, 0.0, 0.0, 0.0, 11.0, 14.0, 30.0, 23.0, 17.0, 8.0]]]"
y_box,[29.0 25.0 22.0 -0.0 16.0 -0.0 -0.0 -0.0 -0.0 -0.0 -0.0 -0.0 -0.0 -0.0 -0.0; -0.0 -0.0 -0.0 -0.0 8.0 -0.0 13.0 -0.0 -0.0 -0.0 -0.0 -0.0 -0.0 -0.0 -0.0; -0.0 -0.0 -0.0 -0.0 -0.0 -0.0 10.0 -0.0 -0.0 -0.0 -0.0 26.0 11.0 -0.0 -0.0; -0.0 -0.0 -0.0 -0.0 -0.0 11.0 -0.0 -0.0 0.0 -0.0 -0.0 -0.0 13.0 20.0 -0.0;;; 2.0 25.0 22.0 19.0 24.0 -0.0 -0.0 -0.0 -0.0 -0.0 -0.0 -0.0 -0.0 -0.0 -0.0; -0.0 -0.0 -0.0 -0.0 -0.0 -0.0 -0.0 0.0 0.0 21.0 -0.0 -0.0 -0.0 -0.0 -0.0; -0.0 -0.0 -0.0 -0.0 -0.0 -0.0 -0.0 -0.0 -0.0 -0.0 16.0 31.0 -0.0 -0.0 -0.0; -0.0 -0.0 -0.0 -0.0 -0.0 -0.0 -0.0 -0.0 -0.0 -0.0 -0.0 -0.0 24.0 20.0 0.0]
evol_bb,"[[0.353, 1.422743224781055e7], [0.472, 1.4227432247810548e7], [10.658, 1.4114538661837064e7], [15.869, 1.4001645075863581e7], [20.74, 1.388873769515285e7], [20.754, 1.3888737695152849e7], [21.893, 1.3888737695152847e7]]"
y_bb,[29.0 -0.0 -0.0 -0.0 -0.0 16.0 23.0 -0.0 -0.0 -0.0 -0.0 0.0 24.0 -0.0 0.0; -0.0 12.0 -0.0 -0.0 -0.0 -0.0 -0.0 -0.0 -0.0 0.0 -0.0 -0.0 -0.0 -0.0 9.0; -0.0 13.0 -0.0 -0.0 -0.0 2.0 -0.0 -0.0 12.0 -0.0 0.0 -0.0 0.0 20.0 -0.0; 0.0 -0.0 -0.0 11.0 -0.0 17.0 0.0 -0.0 -0.0 -0.0 16.0 -0.0 -0.0 -0.0 -0.0;;; 2.0 25.0 22.0 19.0 24.0 0.0 -0.0 -0.0 -0.0 -0.0 -0.0 -0.0 -0.0 -0.0 -0.0; -0.0 -0.0 -0.0 -0.0 -0.0 -0.0 0.0 0.0 0.0 21.0 0.0 -0.0 -0.0 -0.0 -0.0; -0.0 -0.0 -0.0 -0.0 -0.0 -0.0 -0.0 -0.0 -0.0 -0.0 16.0 31.0 -0.0 -0.0 -0.0; -0.0 -0.0 -0.0 -0.0 -0.0 -0.0 -0.0 -0.0 -0.0 -0.0 -0.0 0.0 24.0 20.0 0.0]
evol_box,"[[0.482, 0.0], [2.122, 3926.0909778048767], [2.209, 4967.9545553356975], [2.242, 6.2124097103453e6], [2.268, 6.889167064055623e6], [2.337, 8.808696964527737e6], [2.447, 9.937397220973346e6], [2.552, 1.1292081155615771e7], [2.655, 1.1292081155615773e7], [2.751, 1.1856570379206646e7], [2.882, 1.2082372417301375e7], [2.973, 1.2082372417301375e7], [3.127, 1.20824616610308e7], [3.253, 1.2195283262326606e7], [3.415, 1.2308163116083581e7], [3.543, 1.2421061300302813e7], [3.672, 1.2759765049452014e7], [3.821, 1.2759765049452014e7], [3.983, 1.2759835758254858e7], [4.143, 1.2872723773425987e7], [4.373, 1.2872735200247368e7], [4.57, 1.2985561417890482e7], [4.746, 1.3211349155672546e7], [4.906, 1.343717254775041e7], [5.147, 1.3550043708330248e7], [5.307, 1.3550070731969643e7], [5.474, 1.3550090860069249e7], [5.692, 1.3550090860069253e7], [5.859, 1.3775839699545313e7], [6.095, 1.3775840644864868e7], [6.299, 1.3775854742575277e7], [6.485, 1.377586347471897e7], [6.759, 1.3888737695152853e7], [6.932, 1.3888737695152812e7], [7.327, 1.3888737695152849e7], [7.566, 1.3888737695152774e7], [7.784, 1.388873769515285e7]]"
y_pb,[[2.0 24.999999999999996 22.0 19.0 24.0 -0.0 -0.0 -0.0 -0.0 -0.0 -0.0 -0.0 -0.0 -0.0 -0.0; -0.0 -0.0 -0.0 -0.0 -0.0 -0.0 -0.0 -0.0 -0.0 21.0 -0.0 -0.0 -0.0 -0.0 -0.0; -0.0 -0.0 -0.0 -0.0 -0.0 -0.0 -0.0 -0.0 -0.0 -0.0 16.0 31.0 -0.0 -0.0 -0.0; -0.0 -0.0 -0.0 -0.0 -0.0 -0.0 -0.0 -0.0 -0.0 -0.0 -0.0 -0.0 24.0 20.0 -0.0;;;]]
x_bb,"[92.0, 21.0, 47.0, 44.0]"
x_box,"[92.0, 21.0, 47.0, 44.0]"
evol_zeta,"[[1.771, 35.0], [2.2, 24.0], [2.227, 24.0], [2.249, 18.0], [2.274, 17.0], [2.372, 15.0], [2.451, 14.0], [2.568, 11.0], [2.66, 9.0], [2.755, 14.0], [2.886, 7.0], [2.988, 6.0], [3.145, 7.0], [3.274, 3.9999999999999996], [3.433, 8.000000000900002], [3.569, 10.0], [3.678, 5.000000000600011], [3.837, 3.000000000400007], [4.0, 6.13333333333332], [4.148, 3.0], [4.377, 3.0], [4.586, 3.000000000400007], [4.767, 3.0], [4.93, 6.0], [5.157, 3.0], [5.325, 3.0], [5.48, 3.0], [5.701, 2.0000000000000284], [5.889, 2.0], [6.113, 1.4666666666666686], [6.304, 2.0], [6.502, 1.0], [6.764, 1.9333333333333336], [6.96, 1.1333333333333329], [7.331, 1.0], [7.57, 0.3333333333333357], [7.795, 0.0]]"
ξ_box,[29.0 29.0; 25.0 25.0; 22.0 22.0; 19.0 19.0; 24.0 24.0; 35.0 32.0; 23.0 23.0; 20.0 20.0; 12.0 12.0; 21.0 21.0; 16.0 16.0; 26.0 31.0; 24.0 24.0; 20.0 20.0; 9.0 9.0]
