first,second
s_box,[0.0; 0.0; 39.0; 37.0; 29.0; 18.0; 8.0; 0.0; 36.0; 22.0; 0.0; 0.0; 38.0; 0.0; 0.0;;]
x_pb,"[85.0, 13.0, 62.0, 65.0]"
s_bb,[0.0; 0.0; 39.0; 37.0; 29.0; 18.0; 8.0; 0.0; 36.0; 22.0; 0.0; 0.0; 38.0; 0.0; 0.0;;]
partition_bb,"[[[46.0, 39.0, 39.0, 37.0, 29.0, 18.0, 8.0, 5.0, 0.0, 0.0, 3.0, 1.0, 0.0, 0.0, 0.0], [0.0, 0.0, 2.0, 0.0, 0.0, 0.0, 0.0, 0.0, 20.0, 24.0, 17.0, 19.0, 38.0, 33.0, 31.0], [16.0, 9.0, 2.0, 0.0, 0.0, 1.0, 8.0, 13.0, 36.0, 32.0, 25.0, 24.0, 12.0, 16.0, 13.0], [0.0, 0.0, 0.0, 2.0, 12.0, 0.0, 0.0, 0.0, 23.0, 27.0, 25.0, 27.0, 29.0, 34.0, 31.0]]]"
y_box,[46.0 39.0 0.0 0.0 0.0 -0.0 -0.0 -0.0 -0.0 -0.0 -0.0 -0.0 -0.0 -0.0 -0.0; -0.0 -0.0 -0.0 -0.0 -0.0 0.0 0.0 13.0 -0.0 -0.0 -0.0 -0.0 -0.0 -0.0 -0.0; -0.0 -0.0 -0.0 -0.0 -0.0 -0.0 -0.0 -0.0 -0.0 10.0 25.0 27.0 -0.0 -0.0 -0.0; -0.0 -0.0 -0.0 -0.0 -0.0 -0.0 -0.0 -0.0 -0.0 -0.0 -0.0 -0.0 0.0 34.0 31.0;;;]
evol_bb,"[[0.348, 2.7974154201071758e7]]"
y_bb,[46.0 39.0 0.0 0.0 0.0 -0.0 -0.0 -0.0 -0.0 -0.0 -0.0 -0.0 -0.0 -0.0 -0.0; -0.0 -0.0 -0.0 -0.0 -0.0 0.0 0.0 13.0 -0.0 -0.0 -0.0 -0.0 -0.0 -0.0 -0.0; -0.0 -0.0 -0.0 -0.0 -0.0 -0.0 -0.0 -0.0 -0.0 10.0 25.0 27.0 -0.0 -0.0 -0.0; -0.0 -0.0 -0.0 -0.0 -0.0 -0.0 -0.0 -0.0 -0.0 -0.0 -0.0 -0.0 0.0 34.0 31.0;;;]
evol_box,"[[0.631, 0.0], [2.705, 3038.515451896358], [2.801, 2.1936078372006655e7], [2.808, 2.785092999826482e7], [2.814, 2.7974154201071758e7]]"
y_pb,[[46.0 39.0 -0.0 -0.0 -0.0 -0.0 -0.0 -0.0 -0.0 -0.0 -0.0 -0.0 -0.0 -0.0 -0.0; -0.0 -0.0 -0.0 -0.0 -0.0 -0.0 -0.0 13.0 -0.0 -0.0 -0.0 -0.0 -0.0 -0.0 -0.0; -0.0 -0.0 -0.0 -0.0 -0.0 -0.0 -0.0 -0.0 -0.0 10.0 24.999999999999996 27.0 -0.0 -0.0 -0.0; -0.0 -0.0 -0.0 -0.0 -0.0 -0.0 -0.0 -0.0 -0.0 -0.0 -0.0 -0.0 -0.0 34.0 31.0;;;]]
x_bb,"[85.0, 13.0, 62.0, 65.0]"
x_box,"[85.0, 13.0, 62.0, 65.0]"
evol_zeta,"[[2.289, 46.0], [2.799, 38.0], [2.806, 16.0], [2.813, 1.0], [2.819, 0.0]]"
ξ_box,[46.0; 39.0; 39.0; 37.0; 29.0; 18.0; 8.0; 13.0; 36.0; 32.0; 25.0; 27.0; 38.0; 34.0; 31.0;;]
