first,second
s_box,[0.0 16.0 0.0 0.0 0.0; 0.0 12.0 0.0 0.0 0.0; 0.0 10.0 0.0 0.0 0.0; 0.0 9.0 0.0 13.0 0.0; 0.0 19.0 0.0 0.0 0.0; 24.0 0.0 26.0 0.0 0.0; 20.0 0.0 0.0 0.0 27.0; 20.0 28.0 0.0 0.0 0.0; 0.0 0.0 0.0 0.0 32.0; 0.0 0.0 0.0 0.0 0.0; 0.0 9.0 10.0 0.0 0.0; 40.0 0.0 25.0 37.0 28.0; 0.0 0.0 32.0 0.0 16.0; 0.0 0.0 0.0 19.0 0.0; 0.0 0.0 0.0 34.0 0.0]
x_pb,"[78.0, -0.0, 114.0, 86.0]"
s_bb,[-0.0 -0.0 -0.0 -0.0 -0.0; -0.0 -0.0 -0.0 -0.0 -0.0; -0.0 -0.0 -0.0 9.0 -0.0; -0.0 -0.0 -0.0 12.0 -0.0; -0.0 -0.0 -0.0 -0.0 14.0; 2.0 -0.0 37.0 -0.0 -0.0; -0.0 -0.0 40.0 40.0 -0.0; -0.0 12.0 44.0 36.0 -0.0; -0.0 18.0 -0.0 -0.0 43.0; 16.0 -0.0 -0.0 -0.0 -0.0; -0.0 -0.0 -0.0 -0.0 -0.0; -0.0 -0.0 -0.0 -0.0 -0.0; 41.0 -0.0 -0.0 -0.0 -0.0; 49.0 49.0 -0.0 -0.0 -0.0; 37.0 37.0 -0.0 -0.0 -0.0]
partition_bb,"[[[4.0, 8.0, 10.0, 13.0, 27.0, 12.0, 15.0, 19.0, 13.0, 16.0, 25.0, 31.0, 38.0, 30.0, 18.0], [1.0, 5.0, 7.0, 10.0, 24.0, 15.0, 20.0, 22.0, 28.0, 42.0, 33.0, 27.0, 20.0, 12.0, 24.0], [5.0, 6.0, 8.0, 11.0, 21.0, 36.0, 31.0, 29.0, 23.0, 9.0, 17.0, 23.0, 30.0, 27.0, 15.0], [0.0, 0.0, 2.0, 5.0, 19.0, 6.0, 9.0, 13.0, 19.0, 19.0, 28.0, 34.0, 41.0, 49.0, 37.0]], [[6.0, 7.0, 9.0, 12.0, 21.0, 37.0, 40.0, 44.0, 38.0, 24.0, 20.0, 15.0, 11.0, 6.0, 0.0], [0.0, 0.0, 1.0, 4.0, 13.0, 29.0, 32.0, 36.0, 42.0, 32.0, 24.0, 19.0, 17.0, 25.0, 13.0]], [[0.0, 0.0, 0.0, 0.0, 0.0, 16.0, 11.0, 12.0, 18.0, 23.0, 32.0, 38.0, 45.0, 49.0, 37.0]], [[4.0, 7.0, 9.0, 12.0, 21.0, 35.0, 40.0, 36.0, 30.0, 18.0, 14.0, 9.0, 9.0, 17.0, 29.0]], [[0.0, 0.0, 2.0, 5.0, 14.0, 30.0, 33.0, 37.0, 43.0, 33.0, 25.0, 20.0, 16.0, 11.0, 15.0]]]"
y_box,[13.0 9.0 7.0 4.0 8.0 0.0 0.0 0.0 0.0 0.0 0.0 0.0 0.0 0.0 0.0; 0.0 0.0 0.0 0.0 0.0 0.0 0.0 2.0 0.0 0.0 0.0 0.0 0.0 0.0 0.0; 0.0 0.0 0.0 0.0 0.0 0.0 0.0 0.0 28.0 42.0 34.0 0.0 0.0 0.0 0.0; 0.0 0.0 0.0 0.0 0.0 0.0 0.0 0.0 0.0 0.0 0.0 0.0 45.0 49.0 37.0;;; 0.0 0.0 0.0 0.0 0.0 0.0 0.0 0.0 34.0 0.0 7.0 0.0 0.0 0.0 0.0; 0.0 0.0 0.0 0.0 0.0 0.0 2.0 0.0 0.0 0.0 0.0 0.0 0.0 0.0 0.0; 0.0 0.0 0.0 0.0 0.0 0.0 5.0 0.0 0.0 47.0 0.0 33.0 0.0 19.0 0.0; 0.0 0.0 0.0 0.0 0.0 34.0 22.0 0.0 0.0 0.0 23.0 0.0 27.0 0.0 25.0;;; 0.0 0.0 0.0 0.0 0.0 11.0 0.0 30.0 0.0 0.0 0.0 0.0 0.0 0.0 0.0; 0.0 0.0 0.0 0.0 0.0 0.0 0.0 2.0 0.0 0.0 0.0 0.0 0.0 0.0 0.0; 0.0 0.0 0.0 0.0 0.0 0.0 40.0 12.0 39.0 2.0 11.0 0.0 0.0 0.0 0.0; 6.0 7.0 9.0 12.0 21.0 0.0 0.0 0.0 0.0 23.0 0.0 0.0 0.0 24.0 29.0;;; 0.0 12.0 0.0 0.0 0.0 11.0 16.0 0.0 0.0 0.0 2.0 0.0 0.0 0.0 0.0; 0.0 0.0 0.0 0.0 0.0 0.0 0.0 0.0 0.0 0.0 2.0 0.0 0.0 0.0 0.0; 16.0 0.0 0.0 0.0 27.0 0.0 0.0 18.0 0.0 38.0 0.0 0.0 5.0 0.0 0.0; 0.0 0.0 10.0 0.0 0.0 0.0 0.0 0.0 24.0 0.0 31.0 0.0 39.0 27.0 0.0;;; 16.0 0.0 0.0 0.0 0.0 25.0 0.0 0.0 0.0 0.0 0.0 0.0 0.0 0.0 0.0; 0.0 0.0 0.0 0.0 0.0 2.0 0.0 0.0 0.0 0.0 0.0 0.0 0.0 0.0 0.0; 0.0 0.0 0.0 8.0 22.0 5.0 0.0 26.0 0.0 9.0 34.0 0.0 0.0 0.0 0.0; 0.0 12.0 10.0 0.0 0.0 0.0 0.0 0.0 0.0 16.0 0.0 0.0 17.0 39.0 37.0]
evol_bb,Vector{Float64}[]
y_bb,[-0.0 -0.0 -0.0 -0.0 -0.0 -0.0 -0.0 -0.0 -0.0 26.0 -0.0 34.0 -0.0 -0.0 -0.0; 5.0 -0.0 -0.0 -0.0 27.0 27.0 -0.0 -0.0 -0.0 -0.0 -0.0 -0.0 -0.0 -0.0 -0.0; -0.0 8.0 10.0 -0.0 -0.0 7.0 -0.0 -0.0 -0.0 -0.0 33.0 -0.0 -0.0 -0.0 -0.0; -0.0 -0.0 -0.0 13.0 -0.0 -0.0 31.0 29.0 28.0 -0.0 -0.0 -0.0 -0.0 -0.0 -0.0;;; -0.0 -0.0 -0.0 -0.0 -0.0 -0.0 11.0 -0.0 -0.0 -0.0 -0.0 -0.0 -0.0 -0.0 -0.0; -0.0 -0.0 -0.0 -0.0 -0.0 16.0 -0.0 -0.0 -0.0 23.0 -0.0 -0.0 14.0 -0.0 -0.0; -0.0 -0.0 -0.0 -0.0 -0.0 -0.0 -0.0 -0.0 -0.0 -0.0 -0.0 -0.0 -0.0 -0.0 -0.0; -0.0 -0.0 -0.0 -0.0 -0.0 -0.0 -0.0 -0.0 -0.0 -0.0 32.0 38.0 31.0 -0.0 -0.0;;; -0.0 -0.0 -0.0 -0.0 -0.0 -0.0 -0.0 -0.0 -0.0 -0.0 24.0 19.0 17.0 -0.0 -0.0; 6.0 7.0 -0.0 -0.0 21.0 -0.0 -0.0 -0.0 -0.0 -0.0 -0.0 -0.0 -0.0 25.0 -0.0; -0.0 -0.0 9.0 -0.0 -0.0 -0.0 -0.0 -0.0 -0.0 -0.0 -0.0 -0.0 -0.0 -0.0 -0.0; -0.0 -0.0 -0.0 12.0 -0.0 -0.0 -0.0 2.0 42.0 32.0 -0.0 -0.0 -0.0 -0.0 13.0;;; 4.0 -0.0 -0.0 -0.0 21.0 -0.0 -0.0 -0.0 -0.0 -0.0 14.0 -0.0 9.0 -0.0 -0.0; -0.0 -0.0 -0.0 -0.0 -0.0 -0.0 -0.0 -0.0 -0.0 -0.0 -0.0 -0.0 -0.0 17.0 29.0; -0.0 7.0 -0.0 -0.0 -0.0 -0.0 -0.0 -0.0 -0.0 -0.0 -0.0 9.0 -0.0 -0.0 -0.0; -0.0 -0.0 -0.0 -0.0 -0.0 35.0 -0.0 -0.0 30.0 18.0 -0.0 -0.0 -0.0 -0.0 -0.0;;; -0.0 -0.0 -0.0 -0.0 -0.0 -0.0 -0.0 -0.0 -0.0 33.0 -0.0 -0.0 16.0 11.0 -0.0; -0.0 -0.0 -0.0 -0.0 -0.0 -0.0 33.0 -0.0 6.0 -0.0 -0.0 20.0 -0.0 -0.0 -0.0; -0.0 -0.0 2.0 -0.0 -0.0 30.0 -0.0 -0.0 1.0 -0.0 25.0 -0.0 -0.0 -0.0 -0.0; -0.0 -0.0 -0.0 5.0 -0.0 -0.0 -0.0 37.0 -0.0 -0.0 -0.0 -0.0 -0.0 -0.0 15.0]
evol_box,"[[0.521, 0.0], [2.348, 368496.4718566269], [2.497, 1.4567442584387804e6], [2.674, 1.4567889821485695e6], [2.779, 1.45679506129993e6], [3.588, 1.4567889821485693e6], [5.375, 5.083482843543539e6], [8.327, 6.292954751013031e6], [10.361, 6.292954751013031e6], [12.716, 6.65541438801877e6], [15.54, 6.65541438801877e6], [21.153, 7.864940179761687e6], [28.411, 7.864940179761687e6], [33.917, 8.469063956300894e6], [47.189, 8.469063956300896e6], [54.043, 8.469063956300896e6], [61.336, 9.557535446036836e6], [68.316, 9.920550558308555e6], [91.514, 1.064597605642137e7], [123.755, 1.064597605642137e7], [150.084, 1.064597605642137e7], [179.412, 1.1250467016935082e7], [408.668, 1.1250769646893548e7], [452.131, 1.149224543366499e7], [550.875, 1.1492245433664987e7], [580.026, 1.1734255025324007e7], [640.959, 1.2096752469904806e7], [829.766, 1.2217812255417686e7], [873.603, 1.2217833144781353e7], [1281.373, 1.2217816223021248e7], [1307.35, 1.2701737529445961e7], [1987.504, 1.2459274711489761e7], [2918.435, 1.2580521687136512e7], [3600.186, 1.2580600741770012e7]]"
y_pb,[[16.0 12.0 10.0 13.0 27.0 -0.0 -0.0 -0.0 -0.0 -0.0 -0.0 -0.0 -0.0 -0.0 -0.0; -0.0 -0.0 -0.0 -0.0 -0.0 -0.0 -0.0 0.0 -0.0 -0.0 -0.0 -0.0 -0.0 -0.0 -0.0; -0.0 -0.0 -0.0 -0.0 -0.0 -0.0 -0.0 -0.0 44.0 24.0 46.0 -0.0 -0.0 -0.0 -0.0; -0.0 -0.0 -0.0 -0.0 -0.0 -0.0 -0.0 -0.0 -0.0 -0.0 -0.0 -0.0 -0.0 49.0 36.99999999999999;;;]]
x_bb,"[60.0, 59.0, 58.0, 101.0]"
x_box,"[41.0, 2.0, 104.0, 131.0]"
evol_zeta,"[[1.958, 49.0], [2.453, 31.142857146071435], [2.542, 28.200000000000003], [2.711, 27.0], [2.922, 24.933333333333337], [3.773, 22.727272727272727], [5.503, 22.07142857142857], [8.432, 18.615384615384617], [10.42, 18.36363636363636], [12.773, 15.999999999999979], [15.604, 16.0], [21.235, 16.0], [28.485, 15.4], [34.021, 16.0], [47.242, 16.0], [54.128, 14.533333333333331], [61.42, 14.272727272727273], [68.393, 14.533333333333342], [91.572, 14.0], [123.867, 13.466666666666661], [150.273, 13.4], [179.488, 13.714285714285715], [408.76, 13.0], [452.161, 15.571428571428571], [550.923, 14.69230769230769], [580.077, 13.384615384615387], [641.068, 12.399999999999991], [829.826, 13.928571428571427], [873.685, 12.785714285714286], [1281.434, 13.153846153846153], [1307.522, 11.066666666666666], [1987.573, 13.533333333333328], [2918.569, 12.133333333333335], [3600.201, 0.0]]"
ξ_box,[13.0 16.0 6.0 16.0 16.0; 9.0 12.0 7.0 12.0 12.0; 7.0 10.0 9.0 10.0 10.0; 4.0 9.0 12.0 13.0 8.0; 8.0 19.0 21.0 27.0 22.0; 24.0 34.0 37.0 11.0 32.0; 20.0 29.0 40.0 16.0 27.0; 22.0 28.0 44.0 18.0 26.0; 28.0 34.0 39.0 24.0 32.0; 42.0 47.0 25.0 38.0 25.0; 34.0 39.0 21.0 35.0 34.0; 40.0 33.0 25.0 37.0 28.0; 45.0 27.0 32.0 44.0 33.0; 49.0 19.0 24.0 46.0 39.0; 37.0 25.0 29.0 34.0 37.0]
