first,second
s_box,[0.0; 0.0; 0.0; 0.0; 10.0; 0.0; 0.0; 0.0; 0.0; 14.0; 7.0; 0.0; 0.0; 0.0; 0.0;;]
x_pb,"[57.0, 13.0, 103.0, 47.0]"
s_bb,[0.0; 0.0; 0.0; 0.0; 10.0; 0.0; 0.0; 0.0; 0.0; 14.0; 7.0; 0.0; 0.0; 0.0; 0.0;;]
partition_bb,"[[[24.0, 22.0, 11.0, 13.0, 10.0, 20.0, 27.0, 33.0, 23.0, 14.0, 7.0, 6.0, 1.0, 0.0, 10.0], [24.0, 22.0, 11.0, 13.0, 10.0, 20.0, 27.0, 33.0, 15.0, 7.0, 7.0, 10.0, 15.0, 6.0, 0.0], [24.0, 22.0, 11.0, 13.0, 10.0, 20.0, 27.0, 33.0, 17.0, 8.0, 1.0, 4.0, 9.0, 6.0, 16.0]]]"
y_box,[24.0 22.0 11.0 -0.0 -0.0 -0.0 -0.0 -0.0 -0.0 -0.0 -0.0 -0.0 -0.0 -0.0 -0.0; -0.0 -0.0 -0.0 13.0 0.0 -0.0 -0.0 -0.0 -0.0 -0.0 -0.0 -0.0 -0.0 -0.0 -0.0; -0.0 -0.0 -0.0 -0.0 -0.0 20.0 27.0 33.0 23.0 0.0 -0.0 -0.0 -0.0 -0.0 -0.0; -0.0 -0.0 -0.0 -0.0 -0.0 -0.0 -0.0 -0.0 -0.0 -0.0 0.0 10.0 15.0 6.0 16.0;;;]
evol_bb,"[[0.461, 3.8027453903671773e6]]"
y_bb,[24.0 22.0 11.0 -0.0 -0.0 -0.0 -0.0 -0.0 -0.0 -0.0 -0.0 -0.0 -0.0 -0.0 -0.0; -0.0 -0.0 -0.0 13.0 0.0 -0.0 -0.0 -0.0 -0.0 -0.0 -0.0 -0.0 -0.0 -0.0 -0.0; -0.0 -0.0 -0.0 -0.0 -0.0 20.0 27.0 33.0 23.0 0.0 -0.0 -0.0 -0.0 -0.0 -0.0; -0.0 -0.0 -0.0 -0.0 -0.0 -0.0 -0.0 -0.0 -0.0 -0.0 0.0 10.0 15.0 6.0 16.0;;;]
evol_box,"[[0.752, 0.0], [3.613, 125733.16605505758], [3.75, 3.8027453903671773e6]]"
y_pb,[[24.0 22.0 11.0 -0.0 -0.0 -0.0 -0.0 -0.0 -0.0 -0.0 -0.0 -0.0 -0.0 -0.0 -0.0; -0.0 -0.0 -0.0 13.0 -0.0 -0.0 -0.0 -0.0 -0.0 -0.0 -0.0 -0.0 -0.0 -0.0 -0.0; -0.0 -0.0 -0.0 -0.0 -0.0 20.0 27.0 33.0 23.0 0.0 -0.0 -0.0 -0.0 -0.0 -0.0; -0.0 -0.0 -0.0 -0.0 -0.0 -0.0 -0.0 -0.0 -0.0 -0.0 -0.0 10.0 15.0 6.0 16.0;;;]]
x_bb,"[57.0, 13.0, 103.0, 47.0]"
x_box,"[57.0, 13.0, 103.0, 47.0]"
evol_zeta,"[[2.955, 33.0], [3.748, 14.0], [3.754, 0.0]]"
ξ_box,[24.0; 22.0; 11.0; 13.0; 10.0; 20.0; 27.0; 33.0; 23.0; 14.0; 7.0; 10.0; 15.0; 6.0; 16.0;;]
