first,second
s_box,[44.0; 39.0; 0.0; 0.0; 50.0; 49.0; 47.0; 0.0; 0.0; 0.0; 43.0; 31.0; 11.0; 0.0; 26.0;;]
x_pb,"[68.0, -0.0, 136.0, 53.0]"
s_bb,[44.0; 39.0; 0.0; 0.0; 50.0; 49.0; 47.0; 0.0; 0.0; 0.0; 43.0; 31.0; 11.0; 0.0; 26.0;;]
partition_bb,"[[[25.0, 29.0, 31.0, 32.0, 50.0, 27.0, 27.0, 21.0, 15.0, 7.0, 0.0, 0.0, 0.0, 0.0, 0.0], [0.0, 0.0, 0.0, 0.0, 0.0, 15.0, 17.0, 23.0, 24.0, 37.0, 43.0, 31.0, 28.0, 20.0, 19.0], [0.0, 0.0, 0.0, 0.0, 17.0, 34.0, 40.0, 46.0, 37.0, 32.0, 22.0, 16.0, 13.0, 5.0, 4.0], [44.0, 39.0, 35.0, 33.0, 19.0, 0.0, 6.0, 12.0, 13.0, 0.0, 10.0, 0.0, 0.0, 0.0, 4.0], [1.0, 5.0, 7.0, 8.0, 26.0, 49.0, 42.0, 37.0, 28.0, 27.0, 19.0, 7.0, 4.0, 0.0, 0.0], [32.0, 37.0, 35.0, 33.0, 16.0, 0.0, 0.0, 0.0, 0.0, 0.0, 7.0, 19.0, 22.0, 30.0, 26.0], [0.0, 0.0, 0.0, 0.0, 10.0, 24.0, 31.0, 36.0, 45.0, 32.0, 22.0, 20.0, 19.0, 13.0, 12.0], [0.0, 0.0, 0.0, 0.0, 2.0, 23.0, 25.0, 31.0, 32.0, 45.0, 35.0, 25.0, 22.0, 14.0, 13.0], [1.0, 6.0, 2.0, 0.0, 1.0, 24.0, 17.0, 22.0, 31.0, 18.0, 19.0, 31.0, 34.0, 26.0, 25.0], [0.0, 3.0, 5.0, 6.0, 24.0, 40.0, 47.0, 41.0, 33.0, 27.0, 17.0, 12.0, 9.0, 1.0, 0.0]]]"
y_box,[0.0 0.0 35.0 33.0 0.0 -0.0 -0.0 -0.0 -0.0 -0.0 -0.0 -0.0 -0.0 -0.0 -0.0; -0.0 -0.0 -0.0 -0.0 -0.0 0.0 0.0 -0.0 -0.0 -0.0 -0.0 -0.0 -0.0 -0.0 -0.0; -0.0 -0.0 -0.0 -0.0 -0.0 -0.0 -0.0 46.0 45.0 45.0 0.0 -0.0 -0.0 -0.0 -0.0; -0.0 -0.0 -0.0 -0.0 -0.0 -0.0 -0.0 -0.0 -0.0 -0.0 -0.0 0.0 23.0 30.0 0.0;;;]
evol_bb,"[[0.461, 3.823447160839998e7]]"
y_bb,[0.0 0.0 35.0 33.0 0.0 -0.0 -0.0 -0.0 -0.0 -0.0 -0.0 -0.0 -0.0 -0.0 -0.0; -0.0 -0.0 -0.0 -0.0 -0.0 0.0 0.0 -0.0 -0.0 -0.0 -0.0 -0.0 -0.0 -0.0 -0.0; -0.0 -0.0 -0.0 -0.0 -0.0 -0.0 -0.0 46.0 45.0 45.0 0.0 -0.0 -0.0 -0.0 -0.0; -0.0 -0.0 -0.0 -0.0 -0.0 -0.0 -0.0 -0.0 -0.0 -0.0 -0.0 0.0 23.0 30.0 0.0;;;]
evol_box,"[[0.606, 0.0], [2.726, 791843.2015945242], [2.83, 2.125546866729814e7], [2.844, 2.7552314286255967e7], [2.858, 3.137545492881367e7], [2.869, 3.3287029149188068e7], [2.882, 3.519858058120959e7], [2.893, 3.609810831910264e7], [2.905, 3.699757064227536e7], [2.918, 3.767224389652515e7], [2.944, 3.823447160839998e7]]"
y_pb,[[-0.0 -0.0 35.0 33.0 -0.0 -0.0 -0.0 -0.0 -0.0 -0.0 -0.0 -0.0 -0.0 -0.0 -0.0; -0.0 -0.0 -0.0 -0.0 -0.0 -0.0 0.0 -0.0 -0.0 -0.0 -0.0 -0.0 -0.0 -0.0 -0.0; -0.0 -0.0 -0.0 -0.0 -0.0 -0.0 -0.0 46.0 44.99999999999999 44.99999999999999 -0.0 -0.0 -0.0 -0.0 -0.0; -0.0 -0.0 -0.0 -0.0 -0.0 -0.0 -0.0 -0.0 -0.0 -0.0 -0.0 -0.0 23.0 30.0 -0.0;;;]]
x_bb,"[68.0, 0.0, 136.0, 53.0]"
x_box,"[68.0, 0.0, 136.0, 53.0]"
evol_zeta,"[[2.279, 49.3], [2.827, 43.0], [2.843, 22.18181818181818], [2.856, 19.0], [2.868, 14.769230769230774], [2.88, 10.0], [2.891, 7.36363636363636], [2.903, 7.0909090909090935], [2.916, 6.0], [2.942, 4.384615384615387], [2.954, 0.0]]"
ξ_box,[44.0; 39.0; 35.0; 33.0; 50.0; 49.0; 47.0; 46.0; 45.0; 45.0; 43.0; 31.0; 34.0; 30.0; 26.0;;]
