first,second
s_box,[-0.0 -0.0; -0.0 2.0; 29.0 31.0; 28.0 28.0; 0.0 -0.0; -0.0 0.0; -0.0 0.0; 0.0 0.0; 0.0 0.0; -0.0 -0.0; -0.0 0.0; 24.0 24.0; 26.0 26.0; 4.0 -0.0; -0.0 -0.0]
x_pb,"[80.0, 64.0, 60.0, 74.0]"
s_bb,[0.0 0.0; 3.0 0.0; 31.0 30.0; 28.0 28.0; 0.0 0.0; 0.0 0.0; 0.0 0.0; 0.0 0.0; 0.0 0.0; 0.0 0.0; 0.0 0.0; 24.0 24.0; 25.0 26.0; 0.0 3.0; 0.0 0.0]
partition_bb,"[[[47.0, 33.0, 31.0, 28.0, 23.0, 14.0, 12.0, 15.0, 21.0, 18.0, 8.0, 17.0, 11.0, 0.0, 0.0], [12.0, 10.0, 9.0, 9.0, 14.0, 13.0, 12.0, 15.0, 9.0, 12.0, 15.0, 20.0, 22.0, 20.0, 28.0], [47.0, 31.0, 31.0, 28.0, 20.0, 10.0, 9.0, 8.0, 0.0, 2.0, 14.0, 10.0, 16.0, 30.0, 22.0], [17.0, 33.0, 29.0, 28.0, 20.0, 12.0, 9.0, 6.0, 5.0, 8.0, 11.0, 12.0, 18.0, 32.0, 40.0], [47.0, 33.0, 31.0, 28.0, 23.0, 14.0, 12.0, 13.0, 21.0, 24.0, 12.0, 3.0, 1.0, 0.0, 0.0], [41.0, 25.0, 25.0, 22.0, 14.0, 4.0, 8.0, 5.0, 10.0, 7.0, 15.0, 16.0, 22.0, 36.0, 28.0], [41.0, 25.0, 29.0, 28.0, 20.0, 10.0, 9.0, 6.0, 14.0, 17.0, 15.0, 20.0, 26.0, 12.0, 6.0], [41.0, 25.0, 25.0, 22.0, 14.0, 4.0, 12.0, 13.0, 5.0, 3.0, 15.0, 24.0, 18.0, 25.0, 33.0]], [[37.0, 23.0, 21.0, 18.0, 10.0, 2.0, 1.0, 2.0, 10.0, 13.0, 15.0, 20.0, 26.0, 36.0, 44.0], [11.0, 10.0, 12.0, 15.0, 7.0, 3.0, 12.0, 15.0, 9.0, 12.0, 15.0, 16.0, 22.0, 36.0, 44.0], [0.0, 14.0, 16.0, 19.0, 23.0, 14.0, 12.0, 9.0, 17.0, 18.0, 15.0, 19.0, 22.0, 36.0, 44.0], [28.0, 14.0, 12.0, 9.0, 1.0, 4.0, 12.0, 13.0, 21.0, 24.0, 15.0, 24.0, 26.0, 36.0, 44.0], [17.0, 33.0, 31.0, 28.0, 20.0, 12.0, 12.0, 13.0, 19.0, 16.0, 15.0, 20.0, 26.0, 12.0, 4.0], [41.0, 25.0, 25.0, 22.0, 14.0, 4.0, 3.0, 2.0, 9.0, 12.0, 15.0, 16.0, 22.0, 36.0, 44.0], [43.0, 27.0, 27.0, 24.0, 16.0, 6.0, 5.0, 4.0, 7.0, 10.0, 13.0, 14.0, 20.0, 34.0, 42.0]]]"
y_box,[43.0 33.0 2.0 -0.0 -0.0 -0.0 -0.0 -0.0 -0.0 -0.0 -0.0 -0.0 -0.0 -0.0 -0.0; -0.0 -0.0 -0.0 0.0 23.0 14.0 12.0 15.0 -0.0 -0.0 -0.0 -0.0 -0.0 -0.0 -0.0; -0.0 -0.0 -0.0 -0.0 -0.0 -0.0 -0.0 -0.0 21.0 24.0 15.0 0.0 -0.0 -0.0 -0.0; -0.0 -0.0 -0.0 -0.0 -0.0 -0.0 -0.0 -0.0 -0.0 -0.0 -0.0 -0.0 0.0 32.0 44.0;;; 47.0 31.0 0.0 0.0 -0.0 -0.0 -0.0 -0.0 -0.0 -0.0 -0.0 -0.0 -0.0 -0.0 -0.0; -0.0 -0.0 -0.0 -0.0 23.0 14.0 12.0 15.0 -0.0 -0.0 -0.0 -0.0 -0.0 -0.0 -0.0; -0.0 -0.0 -0.0 -0.0 -0.0 -0.0 -0.0 -0.0 21.0 24.0 15.0 -0.0 -0.0 -0.0 -0.0; -0.0 -0.0 -0.0 -0.0 -0.0 -0.0 -0.0 -0.0 -0.0 -0.0 -0.0 -0.0 0.0 36.0 40.0]
evol_bb,"[[0.318, 1.2210600031979885e7], [0.335, 1.2210600031979883e7], [0.869, 1.2210600031979881e7], [9.267, 1.199830383596017e7], [12.437, 1.1998300288486736e7], [16.828, 1.1786015199507812e7]]"
y_bb,[47.0 30.0 0.0 0.0 0.0 0.0 0.0 0.0 0.0 0.0 0.0 0.0 0.0 0.0 0.0; 0.0 0.0 0.0 0.0 23.0 14.0 12.0 15.0 0.0 0.0 0.0 0.0 0.0 0.0 0.0; 0.0 0.0 0.0 0.0 0.0 0.0 0.0 0.0 21.0 24.0 15.0 0.0 0.0 0.0 0.0; 0.0 0.0 0.0 0.0 0.0 0.0 0.0 0.0 0.0 0.0 0.0 0.0 1.0 36.0 40.0;;; 43.0 33.0 1.0 0.0 0.0 0.0 0.0 0.0 0.0 0.0 0.0 0.0 0.0 0.0 0.0; 0.0 0.0 0.0 0.0 23.0 14.0 12.0 15.0 0.0 0.0 0.0 0.0 0.0 0.0 0.0; 0.0 0.0 0.0 0.0 0.0 0.0 0.0 0.0 21.0 24.0 15.0 0.0 0.0 0.0 0.0; 0.0 0.0 0.0 0.0 0.0 0.0 0.0 0.0 0.0 0.0 0.0 0.0 0.0 33.0 44.0]
evol_box,"[[0.47, 0.0], [2.011, 3642.590441411361], [2.099, 428660.11404495314], [2.119, 4.886449566972539e6], [2.14, 8.283078802414683e6], [2.212, 8.813922823676644e6], [2.312, 8.920022933091283e6], [2.374, 9.8753089525946e6], [2.498, 9.87533409707085e6], [2.647, 9.87533409707085e6], [2.766, 1.0299912296905497e7], [2.934, 1.061840976913137e7], [3.053, 1.072452742066371e7], [3.206, 1.1149109901131324e7], [3.329, 1.1149109901131326e7], [3.454, 1.1149109901131328e7], [3.649, 1.1255271125835948e7], [3.774, 1.12552854952364e7], [3.96, 1.1361407736341083e7], [4.145, 1.136141493283258e7], [4.296, 1.1467569425227482e7], [4.505, 1.1573699837169297e7], [4.733, 1.1679850673247023e7], [4.921, 1.1679850673247023e7], [5.126, 1.1679867174192552e7], [5.373, 1.1679873141473986e7], [5.576, 1.1785996687668987e7], [5.789, 1.1785996687668983e7], [5.999, 1.178599861633129e7], [6.271, 1.1785999580662442e7], [6.446, 1.178599958066244e7], [6.689, 1.178601108065198e7], [6.967, 1.1786012549892137e7], [7.205, 1.1786014186542695e7]]"
y_pb,[[47.0 33.0 -0.0 -0.0 -0.0 -0.0 -0.0 -0.0 -0.0 -0.0 -0.0 -0.0 -0.0 -0.0 -0.0; -0.0 -0.0 -0.0 -0.0 23.0 14.0 12.0 15.0 -0.0 -0.0 -0.0 -0.0 -0.0 -0.0 -0.0; -0.0 -0.0 -0.0 -0.0 -0.0 -0.0 -0.0 -0.0 21.0 24.0 15.0 -0.0 -0.0 -0.0 -0.0; -0.0 -0.0 -0.0 -0.0 -0.0 -0.0 -0.0 -0.0 -0.0 -0.0 -0.0 -0.0 -0.0 30.0 44.0;;;]]
x_bb,"[77.0, 64.0, 60.0, 77.0]"
x_box,"[78.0, 64.0, 60.0, 76.0]"
evol_zeta,"[[1.68, 47.0], [2.088, 44.0], [2.105, 18.0], [2.124, 17.0], [2.149, 9.0], [2.229, 15.0], [2.317, 9.0], [2.409, 9.0], [2.504, 6.0], [2.687, 6.0], [2.802, 5.133333333333333], [2.94, 6.0], [3.083, 8.2], [3.216, 4.0], [3.359, 3.5333333333333385], [3.477, 3.0], [3.654, 2.3333333333333357], [3.792, 3.3999999999999986], [3.969, 4.0], [4.16, 5.0], [4.327, 2.0], [4.51, 1.4000000000000024], [4.743, 1.7999999999999972], [4.952, 1.5333333333333314], [5.138, 1.0], [5.378, 3.0], [5.607, 3.0], [5.795, 1.9999999999999716], [6.006, 1.0], [6.281, 1.0], [6.461, 1.0], [6.697, 0.46666666666666856], [6.98, 0.7333333333333343], [7.215, 0.0]]"
ξ_box,[43.0 47.0; 33.0 33.0; 31.0 31.0; 28.0 28.0; 23.0 23.0; 14.0 14.0; 12.0 12.0; 15.0 15.0; 21.0 21.0; 24.0 24.0; 15.0 15.0; 24.0 24.0; 26.0 26.0; 36.0 36.0; 44.0 40.0]
