first,second
s_box,[-0.0 -0.0 25.0 -0.0; 37.0 36.0 12.0 -0.0; 34.0 32.0 -0.0 16.0; -0.0 -0.0 -0.0 17.0; 50.0 -0.0 21.0 -0.0; -0.0 -0.0 44.0 35.0; 27.0 -0.0 40.0 28.0; -0.0 19.0 -0.0 -0.0; -0.0 28.0 -0.0 -0.0; -0.0 -0.0 -0.0 18.0; -0.0 28.0 -0.0 -0.0; 16.0 5.0 20.0 -0.0; -0.0 -0.0 -0.0 34.0; 14.0 30.0 -0.0 30.0; -0.0 -0.0 17.0 -0.0]
x_pb,"[68.0, -0.0, 136.0, 53.0]"
s_bb,[44.0 -0.0 -0.0 -0.0; 39.0 -0.0 -0.0 -0.0; 0.0 -0.0 -0.0 -0.0; 0.0 -0.0 -0.0 -0.0; 50.0 -0.0 -0.0 -0.0; 49.0 -0.0 -0.0 -0.0; 47.0 -0.0 -0.0 -0.0; 0.0 -0.0 -0.0 -0.0; 0.0 -0.0 -0.0 -0.0; 0.0 -0.0 -0.0 -0.0; 43.0 -0.0 -0.0 -0.0; 31.0 -0.0 -0.0 -0.0; 11.0 -0.0 -0.0 -0.0; 0.0 -0.0 -0.0 -0.0; 26.0 -0.0 -0.0 -0.0]
partition_bb,"[[[25.0, 29.0, 31.0, 32.0, 50.0, 27.0, 27.0, 21.0, 15.0, 7.0, 0.0, 0.0, 0.0, 0.0, 0.0], [0.0, 5.0, 1.0, 3.0, 0.0, 13.0, 18.0, 24.0, 20.0, 33.0, 43.0, 31.0, 28.0, 20.0, 19.0], [0.0, 0.0, 0.0, 0.0, 10.0, 24.0, 31.0, 36.0, 45.0, 32.0, 22.0, 20.0, 19.0, 13.0, 12.0], [1.0, 5.0, 7.0, 8.0, 26.0, 49.0, 42.0, 37.0, 28.0, 27.0, 19.0, 7.0, 4.0, 0.0, 0.0], [44.0, 39.0, 35.0, 33.0, 19.0, 12.0, 19.0, 22.0, 21.0, 8.0, 0.0, 0.0, 3.0, 4.0, 0.0], [0.0, 0.0, 0.0, 0.0, 2.0, 23.0, 25.0, 31.0, 32.0, 45.0, 35.0, 25.0, 22.0, 14.0, 13.0], [0.0, 0.0, 2.0, 3.0, 21.0, 13.0, 6.0, 11.0, 20.0, 25.0, 35.0, 31.0, 34.0, 30.0, 26.0], [0.0, 0.0, 0.0, 0.0, 17.0, 34.0, 40.0, 46.0, 37.0, 32.0, 22.0, 16.0, 13.0, 5.0, 4.0], [0.0, 3.0, 5.0, 6.0, 24.0, 40.0, 47.0, 41.0, 33.0, 27.0, 17.0, 12.0, 9.0, 1.0, 0.0]], Vector{Float64}[], Vector{Float64}[], Vector{Float64}[]]"
y_box,[-0.0 0.0 -0.0 -0.0 -0.0 33.0 -0.0 22.0 -0.0 -0.0 21.0 -0.0 -0.0 -0.0 0.0; -0.0 -0.0 -0.0 -0.0 -0.0 -0.0 -0.0 -0.0 0.0 -0.0 -0.0 -0.0 -0.0 -0.0 -0.0; 42.0 -0.0 -0.0 33.0 0.0 -0.0 -0.0 -0.0 34.0 9.0 7.0 -0.0 -0.0 -0.0 24.0; -0.0 -0.0 -0.0 -0.0 -0.0 -0.0 -0.0 -0.0 -0.0 11.0 -0.0 -0.0 15.0 6.0 -0.0;;; 41.0 0.0 -0.0 15.0 -0.0 -0.0 -0.0 -0.0 -0.0 0.0 -0.0 20.0 -0.0 -0.0 -0.0; -0.0 -0.0 -0.0 -0.0 -0.0 -0.0 0.0 -0.0 -0.0 -0.0 -0.0 -0.0 -0.0 -0.0 -0.0; -0.0 -0.0 -0.0 9.0 30.0 31.0 24.0 -0.0 -0.0 27.0 -0.0 -0.0 28.0 -0.0 0.0; 0.0 -0.0 -0.0 6.0 -0.0 -0.0 -0.0 -0.0 -0.0 -0.0 -0.0 -0.0 -0.0 -0.0 26.0;;; -0.0 14.0 30.0 32.0 -0.0 -0.0 -0.0 -0.0 -0.0 -0.0 -0.0 -0.0 -0.0 -0.0 -0.0; -0.0 -0.0 -0.0 -0.0 -0.0 -0.0 0.0 -0.0 -0.0 -0.0 -0.0 -0.0 -0.0 -0.0 -0.0; -0.0 -0.0 -0.0 -0.0 -0.0 -0.0 -0.0 41.0 45.0 32.0 31.0 -0.0 -0.0 -0.0 -0.0; -0.0 -0.0 -0.0 -0.0 -0.0 -0.0 -0.0 -0.0 -0.0 -0.0 -0.0 -0.0 19.0 13.0 0.0;;; 19.0 -0.0 -0.0 -0.0 14.0 -0.0 -0.0 -0.0 -0.0 -0.0 43.0 -0.0 -0.0 -0.0 -0.0; 0.0 -0.0 -0.0 -0.0 -0.0 -0.0 -0.0 -0.0 -0.0 -0.0 -0.0 -0.0 -0.0 -0.0 -0.0; -0.0 14.0 -0.0 -0.0 23.0 -0.0 0.0 30.0 39.0 17.0 -0.0 -0.0 -0.0 -0.0 26.0; -0.0 -0.0 -0.0 -0.0 -0.0 -0.0 -0.0 -0.0 -0.0 -0.0 0.0 31.0 -0.0 -0.0 0.0]
evol_bb,"[[306.271, 3.823447160839998e7]]"
y_bb,[0.0 0.0 35.0 33.0 0.0 -0.0 -0.0 -0.0 -0.0 -0.0 -0.0 -0.0 -0.0 -0.0 -0.0; -0.0 -0.0 -0.0 -0.0 -0.0 0.0 0.0 -0.0 -0.0 -0.0 -0.0 -0.0 -0.0 -0.0 -0.0; -0.0 -0.0 -0.0 -0.0 -0.0 -0.0 -0.0 46.0 45.0 45.0 0.0 -0.0 -0.0 -0.0 -0.0; -0.0 -0.0 -0.0 -0.0 -0.0 -0.0 -0.0 -0.0 -0.0 -0.0 -0.0 0.0 23.0 30.0 0.0;;; -0.0 -0.0 -0.0 -0.0 -0.0 -0.0 -0.0 -0.0 -0.0 -0.0 -0.0 -0.0 -0.0 -0.0 -0.0; -0.0 -0.0 -0.0 -0.0 -0.0 -0.0 -0.0 -0.0 -0.0 -0.0 -0.0 -0.0 -0.0 -0.0 -0.0; -0.0 -0.0 -0.0 -0.0 -0.0 -0.0 -0.0 -0.0 -0.0 -0.0 -0.0 -0.0 -0.0 -0.0 -0.0; -0.0 -0.0 -0.0 -0.0 -0.0 -0.0 -0.0 -0.0 -0.0 -0.0 -0.0 -0.0 -0.0 -0.0 -0.0;;; -0.0 -0.0 -0.0 -0.0 -0.0 -0.0 -0.0 -0.0 -0.0 -0.0 -0.0 -0.0 -0.0 -0.0 -0.0; -0.0 -0.0 -0.0 -0.0 -0.0 -0.0 -0.0 -0.0 -0.0 -0.0 -0.0 -0.0 -0.0 -0.0 -0.0; -0.0 -0.0 -0.0 -0.0 -0.0 -0.0 -0.0 -0.0 -0.0 -0.0 -0.0 -0.0 -0.0 -0.0 -0.0; -0.0 -0.0 -0.0 -0.0 -0.0 -0.0 -0.0 -0.0 -0.0 -0.0 -0.0 -0.0 -0.0 -0.0 -0.0;;; -0.0 -0.0 -0.0 -0.0 -0.0 -0.0 -0.0 -0.0 -0.0 -0.0 -0.0 -0.0 -0.0 -0.0 -0.0; -0.0 -0.0 -0.0 -0.0 -0.0 -0.0 -0.0 -0.0 -0.0 -0.0 -0.0 -0.0 -0.0 -0.0 -0.0; -0.0 -0.0 -0.0 -0.0 -0.0 -0.0 -0.0 -0.0 -0.0 -0.0 -0.0 -0.0 -0.0 -0.0 -0.0; -0.0 -0.0 -0.0 -0.0 -0.0 -0.0 -0.0 -0.0 -0.0 -0.0 -0.0 -0.0 -0.0 -0.0 -0.0]
evol_box,"[[0.485, 0.0], [2.856, 791843.2015945243], [3.059, 791843.2015945243], [3.297, 903697.2002159323], [3.473, 904348.3468065733], [4.713, 1.0348413479464095e7], [6.146, 1.0348413479464093e7], [8.439, 1.0348413479464091e7], [10.718, 1.0348413479464093e7], [13.28, 1.3272001339318307e7], [19.954, 1.3946944506662197e7], [23.289, 1.4059299424245741e7], [29.308, 1.405929942424574e7], [35.703, 1.4059299424245741e7], [43.586, 1.5183605213149361e7], [53.461, 1.5183605213149361e7], [68.107, 1.5296294931346547e7], [82.758, 1.5633341439670473e7], [97.847, 1.5745764246740457e7], [109.428, 1.6083037594070144e7], [121.492, 1.6083037594070146e7], [138.982, 1.619543941877065e7], [156.033, 1.653288011244034e7], [176.829, 1.6757985811905429e7], [205.48, 1.709511080699928e7], [230.446, 1.743236697871071e7], [294.743, 1.810703827784497e7], [334.462, 1.8107038277844965e7], [391.879, 1.8219540494288083e7], [466.545, 1.8332167681759696e7], [547.113, 1.8556855005142827e7], [639.042, 1.8669216762518857e7], [746.053, 1.878163920987142e7], [852.821, 1.878163920987142e7], [983.259, 1.878171784215266e7], [1070.377, 1.9119226169963874e7], [1400.198, 1.9119084566582e7], [2360.152, 1.9568751762921844e7], [3009.315, 1.956877947547761e7], [3591.223, 1.9568994049182344e7], [3600.104, 2.0130972831505526e7]]"
y_pb,[[-0.0 -0.0 35.0 33.0 -0.0 -0.0 -0.0 -0.0 -0.0 -0.0 -0.0 -0.0 -0.0 -0.0 -0.0; -0.0 -0.0 -0.0 -0.0 -0.0 -0.0 0.0 -0.0 -0.0 -0.0 -0.0 -0.0 -0.0 -0.0 -0.0; -0.0 -0.0 -0.0 -0.0 -0.0 -0.0 -0.0 46.0 44.99999999999999 44.99999999999999 -0.0 -0.0 -0.0 -0.0 -0.0; -0.0 -0.0 -0.0 -0.0 -0.0 -0.0 -0.0 -0.0 -0.0 -0.0 -0.0 -0.0 23.0 30.0 -0.0;;;]]
x_bb,"[68.0, 0.0, 136.0, 53.0]"
x_box,"[76.0, -0.0, 149.0, 32.0]"
evol_zeta,"[[3.005, 43.0], [3.119, 34.46666666666666], [3.357, 30.384615384615387], [3.532, 30.000000000000057], [4.753, 26.666666666666664], [6.224, 24.2], [8.478, 22.0], [10.783, 22.53846153846154], [13.321, 21.36363636363636], [20.015, 21.733333333333334], [23.341, 19.846153846153847], [29.38, 17.923076923076923], [35.783, 17.46666666666667], [43.633, 18.0], [53.543, 16.666666666666682], [68.236, 18.466666666666633], [82.975, 17.0], [97.908, 16.866666666666667], [109.463, 18.0], [121.568, 16.307692307692275], [139.031, 18.26666666666667], [156.145, 14.692307693876927], [176.951, 13.599999999999962], [205.515, 16.181818181818187], [230.521, 14.666666666666664], [294.827, 15.692307692307692], [334.517, 15.615384615384608], [392.07, 13.666667076697847], [466.616, 16.428571428571423], [547.247, 13.769231814942863], [639.113, 14.399999999999995], [746.098, 15.0], [852.915, 14.8], [983.368, 12.538461538461537], [1070.44, 13.533333333333333], [1400.237, 14.384615384615385], [2360.249, 13.461538461538463], [3009.49, 11.599999999999987], [3591.28, 13.000000000000007], [3600.12, 0.0]]"
ξ_box,[42.0 41.0 25.0 19.0; 37.0 36.0 26.0 14.0; 34.0 32.0 30.0 16.0; 33.0 30.0 32.0 17.0; 50.0 30.0 21.0 35.0; 33.0 31.0 44.0 35.0; 27.0 24.0 40.0 28.0; 22.0 19.0 41.0 29.0; 34.0 28.0 45.0 39.0; 20.0 27.0 32.0 35.0; 28.0 27.0 31.0 43.0; 16.0 25.0 20.0 31.0; 15.0 28.0 19.0 34.0; 20.0 30.0 13.0 30.0; 24.0 26.0 17.0 26.0]
