first,second
s_box,[3.0 -0.0; -0.0 -0.0; 23.0 -0.0; 14.0 -0.0; -0.0 -0.0; 3.0 -0.0; -0.0 -0.0; -0.0 -0.0; -0.0 14.0; -0.0 17.0; 13.0 13.0; -0.0 4.0; -0.0 3.0; -0.0 6.0; 15.0 15.0]
x_pb,"[105.0, 3.0, -0.0, 65.0]"
s_bb,[0.0 6.0; -0.0 -0.0; -0.0 -0.0; -0.0 -0.0; -0.0 14.0; -0.0 -0.0; -0.0 -0.0; 0.0 -0.0; 14.0 -0.0; 17.0 17.0; 13.0 13.0; 4.0 -0.0; 3.0 -0.0; 6.0 6.0; 15.0 15.0]
partition_bb,"[[[20.0, 32.0, 23.0, 14.0, 14.0, 3.0, 11.0, 10.0, 3.0, 6.0, 9.0, 2.0, 3.0, 5.0, 3.0], [20.0, 32.0, 23.0, 14.0, 14.0, 3.0, 7.0, 12.0, 25.0, 12.0, 7.0, 2.0, 3.0, 0.0, 0.0], [20.0, 26.0, 17.0, 8.0, 8.0, 3.0, 23.0, 28.0, 15.0, 10.0, 5.0, 0.0, 0.0, 3.0, 7.0], [20.0, 32.0, 23.0, 14.0, 14.0, 3.0, 0.0, 0.0, 0.0, 0.0, 0.0, 0.0, 0.0, 3.0, 12.0], [20.0, 32.0, 23.0, 14.0, 14.0, 3.0, 0.0, 0.0, 4.0, 17.0, 12.0, 4.0, 3.0, 0.0, 0.0], [22.0, 32.0, 23.0, 14.0, 14.0, 3.0, 10.0, 5.0, 18.0, 5.0, 0.0, 4.0, 3.0, 6.0, 15.0], [20.0, 32.0, 23.0, 14.0, 14.0, 3.0, 9.0, 14.0, 27.0, 14.0, 9.0, 2.0, 1.0, 1.0, 0.0], [20.0, 32.0, 23.0, 14.0, 14.0, 3.0, 8.0, 13.0, 0.0, 13.0, 13.0, 4.0, 3.0, 3.0, 0.0], [19.0, 31.0, 22.0, 13.0, 13.0, 2.0, 10.0, 15.0, 28.0, 15.0, 10.0, 3.0, 2.0, 2.0, 0.0]], [[22.0, 10.0, 12.0, 3.0, 3.0, 3.0, 23.0, 28.0, 29.0, 16.0, 11.0, 4.0, 3.0, 3.0, 3.0], [15.0, 27.0, 18.0, 11.0, 9.0, 0.0, 13.0, 8.0, 21.0, 15.0, 11.0, 2.0, 3.0, 6.0, 15.0], [4.0, 16.0, 21.0, 14.0, 14.0, 3.0, 23.0, 18.0, 5.0, 17.0, 12.0, 4.0, 3.0, 6.0, 15.0], [18.0, 30.0, 21.0, 12.0, 12.0, 1.0, 10.0, 15.0, 28.0, 15.0, 10.0, 3.0, 2.0, 2.0, 0.0], [6.0, 14.0, 23.0, 14.0, 14.0, 3.0, 11.0, 16.0, 29.0, 17.0, 12.0, 4.0, 3.0, 6.0, 0.0], [0.0, 4.0, 0.0, 0.0, 0.0, 0.0, 11.0, 16.0, 29.0, 16.0, 13.0, 4.0, 3.0, 3.0, 0.0]]]"
y_box,[-0.0 29.0 -0.0 -0.0 11.0 -0.0 23.0 7.0 29.0 -0.0 -0.0 -0.0 -0.0 6.0 -0.0; -0.0 -0.0 -0.0 -0.0 3.0 -0.0 -0.0 -0.0 -0.0 0.0 -0.0 -0.0 -0.0 -0.0 -0.0; -0.0 -0.0 -0.0 -0.0 -0.0 -0.0 -0.0 -0.0 -0.0 -0.0 -0.0 -0.0 -0.0 -0.0 -0.0; 19.0 -0.0 -0.0 -0.0 -0.0 1.0 -0.0 21.0 0.0 17.0 -0.0 4.0 3.0 -0.0 -0.0;;; 22.0 32.0 23.0 14.0 14.0 -0.0 -0.0 -0.0 -0.0 -0.0 -0.0 -0.0 -0.0 -0.0 -0.0; -0.0 -0.0 -0.0 0.0 0.0 3.0 -0.0 -0.0 -0.0 -0.0 -0.0 -0.0 -0.0 -0.0 -0.0; -0.0 -0.0 -0.0 -0.0 -0.0 0.0 0.0 -0.0 -0.0 -0.0 -0.0 -0.0 -0.0 -0.0 -0.0; -0.0 -0.0 -0.0 -0.0 -0.0 -0.0 23.0 28.0 14.0 0.0 0.0 0.0 0.0 0.0 0.0]
evol_bb,"[[0.325, 8.051071358171999e6], [0.852, 8.051071358171998e6], [11.601, 7.940862465608831e6], [11.652, 7.94086246560883e6]]"
y_bb,[22.0 32.0 23.0 14.0 14.0 -0.0 -0.0 -0.0 -0.0 -0.0 -0.0 -0.0 -0.0 -0.0 -0.0; -0.0 -0.0 0.0 0.0 0.0 3.0 -0.0 -0.0 -0.0 -0.0 -0.0 -0.0 -0.0 -0.0 -0.0; -0.0 -0.0 -0.0 -0.0 -0.0 -0.0 0.0 -0.0 -0.0 -0.0 -0.0 -0.0 -0.0 -0.0 -0.0; -0.0 -0.0 -0.0 -0.0 -0.0 -0.0 23.0 28.0 14.0 0.0 -0.0 0.0 0.0 0.0 0.0;;; -0.0 30.0 23.0 0.0 0.0 -0.0 23.0 28.0 1.0 0.0 0.0 -0.0 -0.0 -0.0 0.0; -0.0 -0.0 -0.0 -0.0 -0.0 -0.0 -0.0 -0.0 -0.0 -0.0 -0.0 3.0 0.0 -0.0 -0.0; -0.0 -0.0 -0.0 -0.0 -0.0 -0.0 -0.0 -0.0 -0.0 -0.0 -0.0 0.0 -0.0 0.0 -0.0; 16.0 0.0 0.0 14.0 -0.0 3.0 0.0 -0.0 28.0 -0.0 -0.0 1.0 3.0 -0.0 -0.0]
evol_box,"[[0.47, 0.0], [1.993, 5967.575996927917], [2.078, 5967.575996982969], [2.115, 1.87971686017377e6], [2.137, 3.422498561585955e6], [2.19, 4.965222366403283e6], [2.215, 5.51653974630948e6], [2.269, 6.177663497324863e6], [2.343, 6.28790141790334e6], [2.469, 6.2879014179033395e6], [2.613, 6.618483066431561e6], [2.778, 6.838853153562324e6], [2.906, 6.838853153562314e6], [3.006, 6.949015558882792e6], [3.122, 6.949085129709595e6], [3.254, 7.059212192000403e6], [3.439, 7.279674180637887e6], [3.564, 7.389838869689915e6], [3.662, 7.389871479733675e6], [3.808, 7.610276575687424e6], [3.94, 7.610277184718435e6], [4.093, 7.720444680482492e6], [4.224, 7.720450810205267e6], [4.383, 7.7204595273177875e6], [4.542, 7.720474483814223e6], [4.737, 7.830656637907051e6], [4.894, 7.830656637907047e6], [5.065, 7.830656637907041e6], [5.22, 7.830656637907049e6], [5.363, 7.830660528677972e6], [5.554, 7.830669355451632e6], [5.808, 7.830672234029246e6], [6.025, 7.830673476441955e6], [6.225, 7.830673476441955e6], [6.44, 7.940862465608749e6], [6.666, 7.940862465608831e6], [6.841, 7.94086246560883e6], [7.031, 7.9408624656088315e6]]"
y_pb,[[22.0 32.0 23.0 14.0 14.0 -0.0 -0.0 -0.0 -0.0 -0.0 -0.0 -0.0 -0.0 -0.0 -0.0; -0.0 -0.0 -0.0 -0.0 -0.0 3.0 -0.0 -0.0 -0.0 -0.0 -0.0 -0.0 -0.0 -0.0 -0.0; -0.0 -0.0 -0.0 -0.0 -0.0 -0.0 0.0 -0.0 -0.0 -0.0 -0.0 -0.0 -0.0 -0.0 -0.0; -0.0 -0.0 -0.0 -0.0 -0.0 -0.0 23.0 28.0 14.0 -0.0 -0.0 -0.0 -0.0 -0.0 -0.0;;;]]
x_bb,"[105.0, 3.0, 0.0, 65.0]"
x_box,"[105.0, 3.0, 0.0, 65.0]"
evol_zeta,"[[1.655, 32.0], [2.07, 26.0], [2.1, 22.0], [2.119, 16.0], [2.141, 14.0], [2.195, 12.0], [2.219, 6.0], [2.274, 4.0], [2.375, 7.0], [2.499, 5.0], [2.65, 5.0], [2.783, 4.0], [2.908, 4.0], [3.035, 4.0], [3.128, 4.0000000000000036], [3.288, 3.0], [3.447, 3.0], [3.569, 3.0], [3.693, 2.1428571428571423], [3.815, 2.000000000000028], [3.945, 2.0], [4.107, 1.0], [4.229, 1.6363636363636367], [4.39, 1.0000000000000002], [4.574, 1.0], [4.768, 1.0], [4.909, 1.0000000002000036], [5.067, 1.0], [5.225, 1.0], [5.368, 1.0000000002000036], [5.584, 0.7272727272727266], [5.857, 0.18181818181817988], [6.046, 1.0000000000000004], [6.254, 1.0], [6.471, 1.0], [6.669, 0.3846153846153868], [6.846, 1.0], [7.034, -0.0]]"
ξ_box,[22.0 22.0; 29.0 32.0; 23.0 23.0; 14.0 14.0; 14.0 14.0; 3.0 3.0; 23.0 23.0; 28.0 28.0; 29.0 28.0; 17.0 17.0; 13.0 13.0; 4.0 4.0; 3.0 3.0; 6.0 6.0; 15.0 15.0]
