first,second
s_box,[-0.0 -0.0; -0.0 -0.0; -0.0 0.0; -0.0 -0.0; -0.0 36.0; -0.0 -0.0; -0.0 -0.0; -0.0 -0.0; -0.0 8.0; -0.0 -0.0; 18.0 28.0; 31.0 6.0; 33.0 29.0; 43.0 31.0; 46.0 33.0]
x_pb,"[229.0, 45.0, 13.0, 10.000000000000002]"
s_bb,[-0.0 -0.0; -0.0 -0.0; -0.0 -0.0; -0.0 -0.0; -0.0 36.0; -0.0 4.0; -0.0 -0.0; -0.0 -0.0; -0.0 0.0; -0.0 10.0; 18.0 28.0; 31.0 29.0; 33.0 -0.0; 43.0 31.0; 46.0 33.0]
partition_bb,"[[[32.0, 25.0, 18.0, 11.0, 0.0, 0.0, 3.0, 12.0, 8.0, 8.0, 28.0, 31.0, 33.0, 43.0, 46.0], [1.0, 3.0, 18.0, 22.0, 36.0, 24.0, 21.0, 12.0, 8.0, 6.0, 21.0, 24.0, 26.0, 36.0, 39.0], [17.0, 20.0, 35.0, 28.0, 17.0, 13.0, 10.0, 1.0, 5.0, 5.0, 25.0, 28.0, 30.0, 40.0, 37.0], [34.0, 41.0, 26.0, 22.0, 8.0, 7.0, 1.0, 0.0, 4.0, 4.0, 24.0, 27.0, 29.0, 39.0, 36.0], [47.0, 40.0, 29.0, 22.0, 12.0, 7.0, 4.0, 2.0, 7.0, 7.0, 23.0, 30.0, 32.0, 22.0, 19.0], [12.0, 18.0, 30.0, 37.0, 23.0, 22.0, 16.0, 10.0, 6.0, 4.0, 17.0, 20.0, 22.0, 32.0, 29.0], [40.0, 47.0, 32.0, 28.0, 14.0, 13.0, 7.0, 2.0, 0.0, 0.0, 15.0, 18.0, 20.0, 30.0, 33.0], [21.0, 24.0, 39.0, 32.0, 21.0, 17.0, 14.0, 5.0, 1.0, 0.0, 19.0, 22.0, 24.0, 34.0, 31.0], [50.0, 43.0, 32.0, 25.0, 15.0, 10.0, 7.0, 0.0, 0.0, 0.0, 18.0, 21.0, 23.0, 33.0, 30.0], [44.0, 37.0, 26.0, 19.0, 9.0, 4.0, 4.0, 13.0, 8.0, 10.0, 17.0, 20.0, 22.0, 32.0, 35.0], [22.0, 25.0, 40.0, 33.0, 22.0, 18.0, 15.0, 6.0, 2.0, 0.0, 16.0, 19.0, 21.0, 31.0, 28.0], [13.0, 19.0, 31.0, 38.0, 24.0, 23.0, 17.0, 11.0, 7.0, 5.0, 16.0, 19.0, 21.0, 31.0, 28.0]], [[64.0, 57.0, 46.0, 39.0, 29.0, 24.0, 21.0, 12.0, 8.0, 6.0, 0.0, 0.0, 0.0, 0.0, 0.0], [44.0, 51.0, 36.0, 32.0, 18.0, 17.0, 11.0, 6.0, 2.0, 0.0, 8.0, 11.0, 13.0, 23.0, 26.0], [38.0, 45.0, 30.0, 26.0, 12.0, 11.0, 5.0, 3.0, 8.0, 8.0, 28.0, 21.0, 19.0, 20.0, 23.0], [13.0, 19.0, 31.0, 38.0, 24.0, 23.0, 17.0, 11.0, 7.0, 5.0, 20.0, 27.0, 29.0, 19.0, 16.0], [50.0, 57.0, 42.0, 38.0, 36.0, 24.0, 21.0, 12.0, 8.0, 10.0, 0.0, 0.0, 0.0, 0.0, 0.0], [41.0, 48.0, 33.0, 29.0, 15.0, 14.0, 8.0, 3.0, 0.0, 0.0, 15.0, 18.0, 20.0, 30.0, 27.0], [23.0, 26.0, 41.0, 34.0, 23.0, 19.0, 16.0, 7.0, 3.0, 1.0, 15.0, 18.0, 20.0, 30.0, 33.0], [14.0, 20.0, 32.0, 39.0, 25.0, 24.0, 18.0, 12.0, 8.0, 6.0, 22.0, 29.0, 27.0, 17.0, 14.0], [51.0, 44.0, 33.0, 29.0, 16.0, 14.0, 8.0, 13.0, 8.0, 7.0, 7.0, 10.0, 12.0, 22.0, 25.0], [51.0, 44.0, 33.0, 26.0, 16.0, 11.0, 8.0, 0.0, 0.0, 0.0, 16.0, 19.0, 21.0, 31.0, 28.0]]]"
y_box,[50.0 47.0 40.0 38.0 36.0 0.0 0.0 -0.0 -0.0 -0.0 -0.0 -0.0 -0.0 -0.0 -0.0; -0.0 -0.0 -0.0 -0.0 -0.0 24.0 21.0 -0.0 0.0 0.0 -0.0 -0.0 -0.0 -0.0 -0.0; -0.0 -0.0 -0.0 -0.0 -0.0 -0.0 -0.0 13.0 -0.0 -0.0 0.0 -0.0 -0.0 -0.0 -0.0; -0.0 -0.0 -0.0 -0.0 -0.0 -0.0 -0.0 -0.0 8.0 10.0 10.0 -0.0 -0.0 -0.0 -0.0;;; 64.0 57.0 46.0 39.0 -0.0 5.0 -0.0 -0.0 -0.0 -0.0 -0.0 -0.0 -0.0 -0.0 -0.0; -0.0 -0.0 -0.0 -0.0 -0.0 19.0 21.0 5.0 -0.0 -0.0 -0.0 -0.0 -0.0 -0.0 -0.0; -0.0 -0.0 -0.0 -0.0 -0.0 -0.0 -0.0 8.0 -0.0 0.0 -0.0 5.0 -0.0 -0.0 -0.0; -0.0 -0.0 -0.0 -0.0 -0.0 -0.0 -0.0 -0.0 -0.0 10.0 -0.0 18.0 -0.0 -0.0 -0.0]
evol_bb,"[[0.449, 2.08587016796359e7], [6.218, 2.0755480634950742e7], [18.677, 2.044581750089528e7], [51.104, 1.941344322524098e7], [72.743, 1.9413443225240972e7], [80.387, 1.9310430400606547e7], [82.264, 1.9000790239626728e7], [96.542, 1.8803797055891633e7], [155.9, 1.859827868223983e7], [193.009, 1.8587933514660887e7], [193.039, 1.8587933514660884e7], [193.36, 1.848473007920713e7], [250.738, 1.8484348504558526e7], [251.319, 1.8381518670087416e7], [266.636, 1.838111575781603e7], [267.217, 1.827833289798628e7], [328.944, 1.8277883011073537e7], [431.259, 1.8174650264331043e7], [431.283, 1.807189968536029e7], [438.608, 1.7981347545571964e7], [438.892, 1.796869554520662e7], [483.05, 1.7865492109752867e7], [485.179, 1.776228312135376e7], [492.818, 1.776227585238771e7], [496.246, 1.7659071712234046e7]]"
y_bb,[50.0 47.0 40.0 38.0 36.0 -0.0 -0.0 -0.0 -0.0 -0.0 -0.0 -0.0 -0.0 -0.0 -0.0; -0.0 -0.0 -0.0 -0.0 0.0 24.0 21.0 0.0 -0.0 -0.0 -0.0 -0.0 -0.0 -0.0 -0.0; -0.0 -0.0 -0.0 -0.0 -0.0 0.0 0.0 13.0 -0.0 -0.0 -0.0 -0.0 -0.0 -0.0 -0.0; -0.0 -0.0 -0.0 -0.0 -0.0 -0.0 -0.0 -0.0 8.0 10.0 10.0 -0.0 -0.0 -0.0 0.0;;; 64.0 57.0 46.0 39.0 -0.0 5.0 -0.0 -0.0 -0.0 -0.0 0.0 -0.0 -0.0 -0.0 -0.0; -0.0 -0.0 -0.0 -0.0 -0.0 15.0 21.0 1.0 8.0 0.0 -0.0 -0.0 -0.0 0.0 0.0; -0.0 -0.0 -0.0 -0.0 -0.0 -0.0 -0.0 12.0 -0.0 -0.0 -0.0 -0.0 1.0 -0.0 -0.0; -0.0 -0.0 -0.0 -0.0 0.0 -0.0 -0.0 -0.0 -0.0 -0.0 -0.0 0.0 28.0 -0.0 -0.0]
evol_box,"[[0.461, 0.0], [1.954, 934789.0622331849], [2.041, 934789.0622331849], [2.086, 1.0950199871198855e7], [2.149, 1.394360291003674e7], [2.206, 1.394360291003674e7], [2.301, 1.3943602910036743e7], [2.37, 1.394360291003674e7], [2.412, 1.445987811428946e7], [2.505, 1.445827888549996e7], [2.64, 1.5182129951794092e7], [2.741, 1.5388519105666626e7], [2.866, 1.5697069316727974e7], [3.001, 1.6110956738610324e7], [3.15, 1.6316465797182878e7], [3.277, 1.6522928846133055e7], [3.408, 1.6523754140812915e7], [3.573, 1.662688553677291e7], [3.762, 1.683262708636054e7], [3.944, 1.703979399999324e7], [4.126, 1.714232532658802e7], [4.335, 1.714232659142898e7], [4.504, 1.724622479189869e7], [4.685, 1.7348788290391088e7], [4.897, 1.734936540061091e7], [5.07, 1.7349365400610775e7], [5.307, 1.734942822735244e7], [5.594, 1.7452021037133586e7], [5.885, 1.7452021037133586e7], [6.164, 1.7452610788373433e7], [6.493, 1.7452647610138115e7], [6.755, 1.755525378387608e7], [7.087, 1.7555850340891954e7], [7.349, 1.7555851045591865e7], [7.664, 1.7555851045591865e7], [7.876, 1.765848653061857e7], [8.144, 1.7658486530618574e7], [8.441, 1.765906245471158e7], [8.704, 1.7659071712234024e7], [9.029, 1.7659071712234043e7]]"
y_pb,[[64.0 57.0 46.0 39.0 23.0 -0.0 -0.0 -0.0 -0.0 -0.0 -0.0 -0.0 -0.0 -0.0 -0.0; -0.0 -0.0 -0.0 -0.0 -0.0 24.0 21.0 -0.0 -0.0 -0.0 -0.0 -0.0 -0.0 -0.0 -0.0; -0.0 -0.0 -0.0 -0.0 -0.0 -0.0 -0.0 13.0 -0.0 -0.0 -0.0 -0.0 -0.0 -0.0 -0.0; -0.0 -0.0 -0.0 -0.0 -0.0 -0.0 -0.0 -0.0 -0.0 10.0 -0.0 -0.0 -0.0 -0.0 -0.0;;;]]
x_bb,"[211.0, 45.0, 13.0, 28.0]"
x_box,"[211.0, 45.0, 13.0, 28.0]"
evol_zeta,"[[1.636, 63.099999999999994], [2.027, 46.0], [2.071, 35.83333333333333], [2.091, 23.0], [2.155, 16.0], [2.234, 16.0], [2.31, 14.066666666666666], [2.382, 13.600000000000001], [2.42, 10.0], [2.515, 10.0], [2.648, 10.0], [2.781, 10.533333333333331], [2.896, 8.2], [3.041, 8.066666666666666], [3.161, 7.0], [3.294, 8.000000000900002], [3.416, 8.142857143771437], [3.587, 6.9333333333333425], [3.777, 5.153846153846153], [3.959, 6.0714285714285765], [4.163, 5.142857142857139], [4.353, 4.692307692307676], [4.524, 2.0], [4.699, 1.9999999999999976], [4.909, 4.199999999999996], [5.079, 4.0], [5.328, 2.2142857142857153], [5.613, 1.5], [5.925, 3.200000000000003], [6.171, 2.0], [6.52, 1.2666666666666693], [6.778, 1.1666666666666643], [7.114, 1.6153846153846132], [7.358, 1.0], [7.673, 1.0], [7.891, 1.0000000002000036], [8.161, 0.8571428571428541], [8.462, 1.1333333333333329], [8.746, 0.3333333333333286], [9.046, 0.0]]"
ξ_box,[50.0 64.0; 47.0 57.0; 40.0 46.0; 38.0 39.0; 36.0 36.0; 24.0 24.0; 21.0 21.0; 13.0 13.0; 8.0 8.0; 10.0 10.0; 28.0 28.0; 31.0 29.0; 33.0 29.0; 43.0 31.0; 46.0 33.0]
