first,second
s_box,[-0.0 -0.0; -0.0 -0.0; -0.0 -0.0; -0.0 -0.0; 10.0 10.0; -0.0 -0.0; -0.0 -0.0; -0.0 -0.0; -0.0 -0.0; 14.0 -0.0; 7.0 -0.0; 0.0 -0.0; -0.0 -0.0; -0.0 -0.0; -0.0 -0.0]
x_pb,"[57.0, 13.0, 103.0, 47.0]"
s_bb,[0.0 -0.0; 0.0 -0.0; 0.0 -0.0; 0.0 -0.0; 10.0 -0.0; 0.0 -0.0; 0.0 -0.0; 0.0 -0.0; 0.0 -0.0; 14.0 -0.0; 7.0 -0.0; 0.0 -0.0; 0.0 -0.0; 0.0 -0.0; 0.0 -0.0]
partition_bb,"[[[24.0, 22.0, 11.0, 13.0, 10.0, 20.0, 27.0, 33.0, 23.0, 14.0, 7.0, 6.0, 1.0, 0.0, 10.0], [12.0, 22.0, 11.0, 13.0, 10.0, 20.0, 27.0, 28.0, 10.0, 14.0, 7.0, 10.0, 15.0, 6.0, 16.0]], Vector{Float64}[]]"
y_box,[24.0 22.0 11.0 -0.0 -0.0 -0.0 -0.0 -0.0 -0.0 -0.0 -0.0 -0.0 -0.0 -0.0 -0.0; -0.0 -0.0 -0.0 13.0 0.0 -0.0 -0.0 -0.0 -0.0 -0.0 -0.0 -0.0 -0.0 -0.0 -0.0; -0.0 -0.0 -0.0 -0.0 -0.0 20.0 27.0 33.0 23.0 0.0 -0.0 -0.0 -0.0 -0.0 -0.0; -0.0 -0.0 -0.0 -0.0 -0.0 -0.0 -0.0 -0.0 -0.0 -0.0 -0.0 10.0 15.0 6.0 16.0;;; 15.0 22.0 11.0 9.0 -0.0 -0.0 -0.0 -0.0 -0.0 -0.0 -0.0 -0.0 -0.0 -0.0 -0.0; 9.0 -0.0 -0.0 -0.0 -0.0 4.0 -0.0 -0.0 -0.0 -0.0 -0.0 -0.0 -0.0 -0.0 -0.0; -0.0 -0.0 -0.0 13.0 0.0 16.0 18.0 33.0 23.0 0.0 -0.0 -0.0 -0.0 -0.0 -0.0; -0.0 -0.0 -0.0 -0.0 -0.0 -0.0 9.0 -0.0 -0.0 14.0 7.0 6.0 1.0 0.0 10.0]
evol_bb,"[[0.285, 3.8027453903671773e6]]"
y_bb,[24.0 22.0 11.0 -0.0 -0.0 -0.0 -0.0 -0.0 -0.0 -0.0 -0.0 -0.0 -0.0 -0.0 -0.0; -0.0 -0.0 -0.0 13.0 0.0 -0.0 -0.0 -0.0 -0.0 -0.0 -0.0 -0.0 -0.0 -0.0 -0.0; -0.0 -0.0 -0.0 -0.0 -0.0 20.0 27.0 33.0 23.0 0.0 -0.0 -0.0 -0.0 -0.0 -0.0; -0.0 -0.0 -0.0 -0.0 -0.0 -0.0 -0.0 -0.0 -0.0 -0.0 0.0 10.0 15.0 6.0 16.0;;; -0.0 -0.0 -0.0 -0.0 -0.0 -0.0 -0.0 -0.0 -0.0 -0.0 -0.0 -0.0 -0.0 -0.0 -0.0; -0.0 -0.0 -0.0 -0.0 -0.0 -0.0 -0.0 -0.0 -0.0 -0.0 -0.0 -0.0 -0.0 -0.0 -0.0; -0.0 -0.0 -0.0 -0.0 -0.0 -0.0 -0.0 -0.0 -0.0 -0.0 -0.0 -0.0 -0.0 -0.0 -0.0; -0.0 -0.0 -0.0 -0.0 -0.0 -0.0 -0.0 -0.0 -0.0 -0.0 -0.0 -0.0 -0.0 -0.0 -0.0]
evol_box,"[[0.532, 0.0], [2.27, 125733.16605505758], [2.366, 125733.16605505758], [2.38, 125733.16605505758], [2.407, 1.473918023007487e6], [2.483, 2.6995857499616696e6], [2.587, 2.944813335351622e6], [2.679, 3.0673750574967014e6], [2.778, 3.802745390367178e6]]"
y_pb,[[24.0 22.0 11.0 -0.0 -0.0 -0.0 -0.0 -0.0 -0.0 -0.0 -0.0 -0.0 -0.0 -0.0 -0.0; -0.0 -0.0 -0.0 13.0 -0.0 -0.0 -0.0 -0.0 -0.0 -0.0 -0.0 -0.0 -0.0 -0.0 -0.0; -0.0 -0.0 -0.0 -0.0 -0.0 20.0 27.0 33.0 23.0 0.0 -0.0 -0.0 -0.0 -0.0 -0.0; -0.0 -0.0 -0.0 -0.0 -0.0 -0.0 -0.0 -0.0 -0.0 -0.0 -0.0 10.0 15.0 6.0 16.0;;;]]
x_bb,"[57.0, 13.0, 103.0, 47.0]"
x_box,"[57.0, 13.0, 103.0, 47.0]"
evol_zeta,"[[1.896, 33.0], [2.357, 14.0], [2.37, 14.0], [2.384, 14.0], [2.412, 10.0], [2.487, 6.0], [2.592, 6.0], [2.708, 6.0], [2.786, 0.0]]"
ξ_box,[24.0 24.0; 22.0 22.0; 11.0 11.0; 13.0 13.0; 10.0 10.0; 20.0 20.0; 27.0 27.0; 33.0 33.0; 23.0 23.0; 14.0 14.0; 7.0 7.0; 10.0 6.0; 15.0 1.0; 6.0 0.0; 16.0 10.0]
