first,second
s_box,[29.0 0.0 19.0 0.0 0.0; 33.0 33.0 4.0 0.0 0.0; 0.0 0.0 13.0 0.0 8.0; 0.0 21.0 0.0 0.0 0.0; 0.0 0.0 0.0 0.0 0.0; 0.0 17.0 0.0 0.0 0.0; 0.0 0.0 0.0 0.0 0.0; 14.0 0.0 0.0 17.0 11.0; 0.0 0.0 26.0 25.0 20.0; 16.0 0.0 0.0 24.0 21.0; 0.0 24.0 0.0 0.0 0.0; 0.0 0.0 0.0 0.0 0.0; 0.0 0.0 14.0 1.0 7.0; 3.0 0.0 19.0 20.0 20.0; 0.0 0.0 0.0 9.0 9.0]
x_pb,"[96.0, 73.0, -0.0, 27.0]"
s_bb,[0.0 -0.0 -0.0 -0.0 -0.0; 0.0 -0.0 -0.0 -0.0 -0.0; 0.0 -0.0 -0.0 -0.0 -0.0; 21.0 -0.0 -0.0 -0.0 -0.0; 0.0 -0.0 -0.0 -0.0 -0.0; 0.0 -0.0 -0.0 -0.0 -0.0; 0.0 -0.0 -0.0 -0.0 -0.0; 18.0 -0.0 -0.0 -0.0 -0.0; 26.0 -0.0 -0.0 -0.0 -0.0; 24.0 -0.0 -0.0 -0.0 -0.0; 0.0 -0.0 -0.0 -0.0 -0.0; 18.0 -0.0 -0.0 -0.0 -0.0; 14.0 -0.0 -0.0 -0.0 -0.0; 20.0 -0.0 -0.0 -0.0 -0.0; 12.0 -0.0 -0.0 -0.0 -0.0]
partition_bb,"[[[29.0, 33.0, 34.0, 21.0, 23.0, 20.0, 19.0, 13.0, 4.0, 2.0, 0.0, 0.0, 0.0, 0.0, 0.0], [14.0, 18.0, 19.0, 21.0, 23.0, 0.0, 0.0, 0.0, 6.0, 8.0, 26.0, 19.0, 14.0, 20.0, 9.0], [0.0, 0.0, 2.0, 0.0, 2.0, 26.0, 24.0, 18.0, 26.0, 24.0, 6.0, 9.0, 14.0, 20.0, 9.0], [29.0, 32.0, 34.0, 21.0, 23.0, 7.0, 9.0, 15.0, 5.0, 3.0, 0.0, 0.0, 0.0, 6.0, 12.0]], Vector{Float64}[], Vector{Float64}[], Vector{Float64}[], Vector{Float64}[]]"
y_box,[0.0 0.0 34.0 21.0 0.0 0.0 12.0 0.0 0.0 0.0 0.0 0.0 0.0 0.0 0.0; 0.0 0.0 0.0 0.0 23.0 22.0 8.0 1.0 0.0 7.0 1.0 15.0 0.0 0.0 0.0; 0.0 0.0 0.0 0.0 0.0 0.0 0.0 0.0 0.0 0.0 0.0 0.0 0.0 0.0 0.0; 0.0 0.0 0.0 0.0 0.0 0.0 0.0 0.0 21.0 0.0 20.0 0.0 9.0 0.0 2.0;;; 29.0 0.0 34.0 0.0 4.0 0.0 0.0 0.0 0.0 0.0 0.0 0.0 0.0 0.0 0.0; 0.0 0.0 0.0 0.0 16.0 4.0 19.0 17.0 7.0 6.0 0.0 0.0 8.0 0.0 0.0; 0.0 0.0 0.0 0.0 0.0 0.0 0.0 0.0 0.0 0.0 0.0 0.0 0.0 0.0 0.0; 0.0 0.0 0.0 0.0 0.0 0.0 0.0 0.0 0.0 0.0 0.0 17.0 6.0 20.0 9.0;;; 0.0 0.0 0.0 0.0 17.0 26.0 24.0 0.0 0.0 0.0 0.0 0.0 0.0 0.0 0.0; 0.0 8.0 0.0 21.0 6.0 0.0 0.0 0.0 0.0 24.0 0.0 18.0 0.0 0.0 0.0; 0.0 0.0 0.0 0.0 0.0 0.0 0.0 0.0 0.0 0.0 0.0 0.0 0.0 0.0 0.0; 0.0 0.0 0.0 0.0 0.0 0.0 0.0 18.0 0.0 0.0 26.0 1.0 0.0 0.0 7.0;;; 23.0 19.0 20.0 0.0 5.0 0.0 0.0 0.0 0.0 0.0 0.0 0.0 0.0 0.0 0.0; 0.0 0.0 0.0 18.0 11.0 25.0 23.0 0.0 0.0 0.0 0.0 0.0 0.0 0.0 0.0; 0.0 0.0 0.0 0.0 0.0 0.0 0.0 0.0 0.0 0.0 0.0 0.0 0.0 0.0 0.0; 0.0 0.0 0.0 0.0 0.0 0.0 0.0 0.0 0.0 0.0 23.0 16.0 13.0 0.0 0.0;;; 29.0 33.0 5.0 0.0 0.0 0.0 0.0 0.0 0.0 0.0 0.0 0.0 0.0 0.0 0.0; 0.0 0.0 21.0 21.0 23.0 5.0 6.0 0.0 1.0 0.0 0.0 0.0 0.0 0.0 0.0; 0.0 0.0 0.0 0.0 0.0 0.0 0.0 0.0 0.0 0.0 0.0 0.0 0.0 0.0 0.0; 0.0 0.0 0.0 0.0 0.0 0.0 0.0 0.0 0.0 0.0 26.0 19.0 7.0 0.0 0.0]
evol_bb,"[[0.374, 1.8186722944160674e7]]"
y_bb,[29.0 33.0 34.0 -0.0 -0.0 -0.0 -0.0 -0.0 -0.0 -0.0 -0.0 -0.0 -0.0 -0.0 -0.0; -0.0 -0.0 -0.0 0.0 23.0 26.0 24.0 0.0 -0.0 -0.0 -0.0 -0.0 -0.0 -0.0 -0.0; -0.0 -0.0 -0.0 -0.0 -0.0 -0.0 -0.0 -0.0 0.0 0.0 -0.0 -0.0 -0.0 -0.0 -0.0; -0.0 -0.0 -0.0 -0.0 -0.0 -0.0 -0.0 -0.0 -0.0 -0.0 26.0 1.0 0.0 0.0 0.0;;; -0.0 -0.0 -0.0 -0.0 -0.0 -0.0 -0.0 -0.0 -0.0 -0.0 -0.0 -0.0 -0.0 -0.0 -0.0; -0.0 -0.0 -0.0 -0.0 -0.0 -0.0 -0.0 -0.0 -0.0 -0.0 -0.0 -0.0 -0.0 -0.0 -0.0; -0.0 -0.0 -0.0 -0.0 -0.0 -0.0 -0.0 -0.0 -0.0 -0.0 -0.0 -0.0 -0.0 -0.0 -0.0; -0.0 -0.0 -0.0 -0.0 -0.0 -0.0 -0.0 -0.0 -0.0 -0.0 -0.0 -0.0 -0.0 -0.0 -0.0;;; -0.0 -0.0 -0.0 -0.0 -0.0 -0.0 -0.0 -0.0 -0.0 -0.0 -0.0 -0.0 -0.0 -0.0 -0.0; -0.0 -0.0 -0.0 -0.0 -0.0 -0.0 -0.0 -0.0 -0.0 -0.0 -0.0 -0.0 -0.0 -0.0 -0.0; -0.0 -0.0 -0.0 -0.0 -0.0 -0.0 -0.0 -0.0 -0.0 -0.0 -0.0 -0.0 -0.0 -0.0 -0.0; -0.0 -0.0 -0.0 -0.0 -0.0 -0.0 -0.0 -0.0 -0.0 -0.0 -0.0 -0.0 -0.0 -0.0 -0.0;;; -0.0 -0.0 -0.0 -0.0 -0.0 -0.0 -0.0 -0.0 -0.0 -0.0 -0.0 -0.0 -0.0 -0.0 -0.0; -0.0 -0.0 -0.0 -0.0 -0.0 -0.0 -0.0 -0.0 -0.0 -0.0 -0.0 -0.0 -0.0 -0.0 -0.0; -0.0 -0.0 -0.0 -0.0 -0.0 -0.0 -0.0 -0.0 -0.0 -0.0 -0.0 -0.0 -0.0 -0.0 -0.0; -0.0 -0.0 -0.0 -0.0 -0.0 -0.0 -0.0 -0.0 -0.0 -0.0 -0.0 -0.0 -0.0 -0.0 -0.0;;; -0.0 -0.0 -0.0 -0.0 -0.0 -0.0 -0.0 -0.0 -0.0 -0.0 -0.0 -0.0 -0.0 -0.0 -0.0; -0.0 -0.0 -0.0 -0.0 -0.0 -0.0 -0.0 -0.0 -0.0 -0.0 -0.0 -0.0 -0.0 -0.0 -0.0; -0.0 -0.0 -0.0 -0.0 -0.0 -0.0 -0.0 -0.0 -0.0 -0.0 -0.0 -0.0 -0.0 -0.0 -0.0; -0.0 -0.0 -0.0 -0.0 -0.0 -0.0 -0.0 -0.0 -0.0 -0.0 -0.0 -0.0 -0.0 -0.0 -0.0]
evol_box,"[[0.506, 0.0], [2.168, 240763.0428987692], [2.285, 240763.0428987692], [2.35, 240763.0428987692], [2.627, 478914.2077383238], [3.418, 478914.2077383238], [6.252, 5.352186315980132e6], [10.297, 5.707730784345307e6], [13.986, 5.70773078434536e6], [19.04, 6.064890546967545e6], [22.601, 6.658565325450245e6], [26.792, 6.777416430592353e6], [31.342, 7.253435469049675e6], [39.283, 7.728599501860949e6], [47.28, 7.847326441270103e6], [55.447, 8.678848007708397e6], [66.816, 8.679363117617588e6], [86.487, 8.679363117617607e6], [102.522, 8.797813174534764e6], [130.314, 9.392446959611032e6], [158.952, 9.392446959611032e6], [200.55, 9.510820360672468e6], [256.801, 9.867392113832213e6], [315.445, 9.986181331814354e6], [433.624, 1.0105095722367713e7], [540.954, 1.0461951626915758e7], [915.808, 1.0580477349321881e7], [1125.827, 1.0580522362480141e7], [1426.796, 1.058086207680487e7], [1757.534, 1.0699344801935248e7], [2067.773, 1.0699782374143464e7], [2283.39, 1.0818454585397253e7], [2510.855, 1.1174733511528138e7], [2909.284, 1.105589073165539e7], [3444.097, 1.11746870058918e7], [3600.042, 1.141277081523236e7]]"
y_pb,[[28.999999999999996 33.0 34.0 -0.0 -0.0 -0.0 -0.0 -0.0 -0.0 -0.0 -0.0 -0.0 -0.0 -0.0 -0.0; -0.0 -0.0 -0.0 -0.0 23.0 26.0 24.0 -0.0 -0.0 -0.0 -0.0 -0.0 -0.0 -0.0 -0.0; -0.0 -0.0 -0.0 -0.0 -0.0 -0.0 -0.0 -0.0 -0.0 -0.0 0.0 -0.0 -0.0 -0.0 -0.0; -0.0 -0.0 -0.0 -0.0 -0.0 -0.0 -0.0 -0.0 -0.0 -0.0 26.0 1.0 -0.0 -0.0 -0.0;;;]]
x_bb,"[96.0, 73.0, 0.0, 27.0]"
x_box,"[67.0, 77.0, 0.0, 52.0]"
evol_zeta,"[[1.803, 34.0], [2.25, 26.0], [2.295, 26.0], [2.376, 22.692307692307693], [2.669, 20.833333333333332], [3.469, 20.0], [6.283, 19.8], [10.338, 18.2], [14.017, 17.066667149548817], [19.064, 17.0], [22.641, 15.461538922048542], [26.817, 15.73333333333333], [31.362, 16.0], [39.297, 16.0], [47.304, 16.0], [55.491, 14.333333333333332], [66.837, 15.999999999999993], [86.502, 15.000000000000028], [102.549, 14.0], [130.342, 14.0], [158.999, 13.599999999999998], [200.614, 12.5], [256.818, 13.500000038350038], [315.478, 12.799999999999997], [433.666, 12.0], [540.983, 11.20000031097587], [915.842, 11.533333333333331], [1125.847, 10.636364071331354], [1426.811, 11.0], [1757.588, 12.000000000000012], [2067.8, 11.642857142857142], [2283.432, 10.785714285714286], [2510.884, 10.214285714285706], [2909.321, 10.999999999999996], [3444.139, 10.266666666666667], [3600.057, 0.0]]"
ξ_box,[29.0 29.0 19.0 23.0 29.0; 33.0 33.0 12.0 18.999999999999996 33.0; 34.0 34.0 13.0 20.0 34.0; 21.0 21.0 21.0 18.0 21.0; 23.0 20.0 23.0 16.0 23.0; 22.0 21.0 26.0 25.0 5.0; 20.0 19.0 24.0 23.0 6.0; 15.0 17.0 18.0 17.0 11.0; 21.0 7.0 26.0 25.0 21.0; 23.0 6.0 24.0 24.0 21.0; 21.0 24.0 26.0 23.0 26.0; 14.0 17.0 19.0 16.000000000000004 19.0; 9.0 14.0 14.0 14.0 14.0; 3.0 20.0 10.0 20.0 20.0; 2.0 9.0 7.0 9.0 9.0]
