first,second
s_box,[0.0; 19.0; 20.0; 13.0; 6.0; 3.0; 5.0; 11.0; 16.0; 19.0; 28.0; 1.0; 0.0; 0.0; 0.0;;]
x_pb,"[52.0, -0.0, -0.0, 155.0]"
s_bb,[0.0; 19.0; 20.0; 13.0; 6.0; 3.0; 5.0; 11.0; 16.0; 19.0; 28.0; 1.0; 0.0; 0.0; 0.0;;]
partition_bb,"[[[52.0, 19.0, 20.0, 13.0, 6.0, 3.0, 2.0, 8.0, 3.0, 0.0, 9.0, 14.0, 22.0, 23.0, 16.0], [0.0, 0.0, 0.0, 0.0, 0.0, 1.0, 1.0, 9.0, 13.0, 16.0, 26.0, 29.0, 33.0, 36.0, 43.0], [0.0, 0.0, 0.0, 0.0, 0.0, 2.0, 2.0, 10.0, 15.0, 17.0, 27.0, 32.0, 40.0, 37.0, 30.0], [39.0, 15.0, 20.0, 0.0, 6.0, 3.0, 5.0, 0.0, 2.0, 4.0, 14.0, 19.0, 27.0, 28.0, 31.0], [0.0, 0.0, 0.0, 0.0, 0.0, 1.0, 1.0, 9.0, 14.0, 16.0, 26.0, 31.0, 37.0, 40.0, 33.0], [0.0, 0.0, 5.0, 0.0, 6.0, 3.0, 5.0, 11.0, 16.0, 19.0, 28.0, 33.0, 25.0, 25.0, 32.0]]]"
y_box,[52.0 -0.0 -0.0 -0.0 -0.0 -0.0 -0.0 -0.0 -0.0 -0.0 -0.0 -0.0 -0.0 -0.0 -0.0; -0.0 0.0 0.0 -0.0 -0.0 -0.0 -0.0 -0.0 -0.0 -0.0 -0.0 -0.0 -0.0 -0.0 -0.0; -0.0 -0.0 -0.0 0.0 0.0 0.0 0.0 -0.0 -0.0 -0.0 -0.0 -0.0 -0.0 -0.0 -0.0; -0.0 -0.0 -0.0 -0.0 -0.0 -0.0 -0.0 0.0 0.0 0.0 0.0 32.0 40.0 40.0 43.0;;;]
evol_bb,"[[0.331, 1.789519738913332e7]]"
y_bb,[52.0 -0.0 -0.0 -0.0 -0.0 -0.0 -0.0 -0.0 -0.0 -0.0 -0.0 -0.0 -0.0 -0.0 -0.0; -0.0 0.0 0.0 -0.0 -0.0 -0.0 -0.0 -0.0 -0.0 -0.0 -0.0 -0.0 -0.0 -0.0 -0.0; -0.0 -0.0 -0.0 0.0 0.0 0.0 0.0 -0.0 -0.0 -0.0 -0.0 -0.0 -0.0 -0.0 -0.0; -0.0 -0.0 -0.0 -0.0 -0.0 -0.0 -0.0 0.0 0.0 0.0 0.0 32.0 40.0 40.0 43.0;;;]
evol_box,"[[0.502, 0.0], [2.296, 384194.2619639809], [2.379, 1.4341955940149624e7], [2.388, 1.6372363539795445e7], [2.396, 1.6753079969700959e7], [2.404, 1.7133764529322293e7], [2.411, 1.789519738913332e7]]"
y_pb,[[52.0 -0.0 -0.0 -0.0 -0.0 -0.0 -0.0 -0.0 -0.0 -0.0 -0.0 -0.0 -0.0 -0.0 -0.0; 0.0 -0.0 -0.0 -0.0 -0.0 -0.0 -0.0 -0.0 -0.0 -0.0 -0.0 -0.0 -0.0 -0.0 -0.0; -0.0 -0.0 -0.0 0.0 -0.0 -0.0 -0.0 -0.0 -0.0 -0.0 -0.0 -0.0 -0.0 -0.0 -0.0; -0.0 -0.0 -0.0 -0.0 -0.0 -0.0 -0.0 -0.0 -0.0 -0.0 -0.0 32.0 40.0 40.0 43.0;;;]]
x_bb,"[52.0, 0.0, 0.0, 155.0]"
x_box,"[52.0, 0.0, 0.0, 155.0]"
evol_zeta,"[[1.929, 52.0], [2.378, 27.0], [2.386, 6.5000000000000036], [2.395, 3.0], [2.402, 2.8999999999999986], [2.41, 2.0], [2.415, 0.0]]"
ξ_box,[52.0; 19.0; 20.0; 13.0; 6.0; 3.0; 5.0; 11.0; 16.0; 19.0; 28.0; 33.0; 40.0; 40.0; 43.0;;]
