first,second
s_box,[-0.0 8.0; -0.0 0.0; 24.0 24.0; 18.0 18.0; 9.0 9.0; -0.0 -0.0; 0.0 3.0; -0.0 -0.0; -0.0 -0.0; -0.0 -0.0; 19.0 12.0; 31.0 27.0; 26.0 26.0; 0.0 -0.0; 0.0 0.0]
x_pb,"[86.0, -0.0, 64.0, 19.0]"
s_bb,[8.0 -0.0; -0.0 -0.0; 24.0 24.0; 18.0 18.0; 9.0 9.0; 0.0 -0.0; 0.0 -0.0; 0.0 -0.0; 0.0 -0.0; 6.0 -0.0; 10.0 19.0; 26.0 31.0; 26.0 26.0; -0.0 -0.0; -0.0 -0.0]
partition_bb,"[[[44.0, 33.0, 24.0, 18.0, 9.0, 12.0, 11.0, 9.0, 0.0, 0.0, 0.0, 0.0, 0.0, 8.0, 1.0], [30.0, 41.0, 20.0, 17.0, 8.0, 4.0, 4.0, 4.0, 0.0, 0.0, 8.0, 16.0, 21.0, 3.0, 0.0], [25.0, 36.0, 15.0, 12.0, 3.0, 4.0, 5.0, 7.0, 10.0, 12.0, 24.0, 16.0, 11.0, 0.0, 0.0], [31.0, 42.0, 21.0, 18.0, 9.0, 5.0, 6.0, 8.0, 0.0, 0.0, 3.0, 11.0, 6.0, 0.0, 10.0], [29.0, 40.0, 19.0, 16.0, 7.0, 3.0, 3.0, 3.0, 1.0, 3.0, 15.0, 23.0, 18.0, 0.0, 0.0], [27.0, 38.0, 17.0, 14.0, 5.0, 1.0, 1.0, 1.0, 0.0, 1.0, 13.0, 21.0, 26.0, 8.0, 0.0], [26.0, 37.0, 16.0, 13.0, 4.0, 10.0, 11.0, 13.0, 1.0, 3.0, 5.0, 13.0, 8.0, 0.0, 11.0], [25.0, 36.0, 15.0, 12.0, 3.0, 1.0, 1.0, 1.0, 13.0, 11.0, 14.0, 22.0, 17.0, 0.0, 0.0], [28.0, 39.0, 18.0, 15.0, 6.0, 3.0, 3.0, 3.0, 13.0, 15.0, 3.0, 11.0, 6.0, 8.0, 0.0], [25.0, 36.0, 15.0, 12.0, 3.0, 0.0, 0.0, 1.0, 4.0, 6.0, 18.0, 26.0, 21.0, 3.0, 0.0]], [[0.0, 0.0, 0.0, 9.0, 0.0, 6.0, 7.0, 6.0, 13.0, 15.0, 23.0, 31.0, 26.0, 8.0, 11.0], [31.0, 20.0, 0.0, 0.0, 0.0, 3.0, 4.0, 6.0, 9.0, 11.0, 23.0, 31.0, 26.0, 8.0, 0.0], [19.0, 8.0, 24.0, 11.0, 9.0, 3.0, 2.0, 0.0, 10.0, 12.0, 17.0, 21.0, 26.0, 8.0, 0.0], [22.0, 33.0, 12.0, 9.0, 0.0, 1.0, 2.0, 4.0, 7.0, 9.0, 21.0, 29.0, 24.0, 6.0, 0.0], [42.0, 31.0, 10.0, 7.0, 0.0, 0.0, 0.0, 2.0, 5.0, 7.0, 19.0, 27.0, 22.0, 4.0, 0.0], [0.0, 11.0, 0.0, 0.0, 6.0, 12.0, 11.0, 13.0, 13.0, 15.0, 23.0, 31.0, 26.0, 8.0, 0.0], [0.0, 0.0, 5.0, 18.0, 9.0, 11.0, 10.0, 8.0, 9.0, 11.0, 23.0, 31.0, 26.0, 8.0, 0.0], [0.0, 11.0, 0.0, 0.0, 1.0, 7.0, 8.0, 10.0, 13.0, 15.0, 27.0, 27.0, 22.0, 4.0, 0.0], [24.0, 35.0, 14.0, 11.0, 2.0, 0.0, 1.0, 3.0, 6.0, 8.0, 20.0, 28.0, 23.0, 5.0, 0.0], [25.0, 36.0, 15.0, 12.0, 3.0, 0.0, 0.0, 2.0, 5.0, 7.0, 19.0, 27.0, 22.0, 4.0, 0.0]]]"
y_box,[42.0 36.0 0.0 -0.0 -0.0 -0.0 -0.0 -0.0 -0.0 -0.0 -0.0 -0.0 -0.0 -0.0 -0.0; -0.0 -0.0 -0.0 0.0 -0.0 -0.0 -0.0 -0.0 -0.0 -0.0 -0.0 -0.0 -0.0 -0.0 -0.0; -0.0 -0.0 -0.0 -0.0 0.0 12.0 11.0 13.0 13.0 15.0 8.0 0.0 -0.0 -0.0 -0.0; -0.0 -0.0 -0.0 -0.0 -0.0 -0.0 -0.0 -0.0 -0.0 -0.0 -0.0 -0.0 0.0 8.0 11.0;;; 36.0 42.0 -0.0 -0.0 -0.0 -0.0 -0.0 -0.0 -0.0 -0.0 -0.0 -0.0 -0.0 -0.0 -0.0; -0.0 -0.0 0.0 0.0 0.0 -0.0 -0.0 -0.0 -0.0 -0.0 -0.0 -0.0 -0.0 -0.0 -0.0; -0.0 -0.0 -0.0 -0.0 0.0 12.0 8.0 13.0 13.0 15.0 11.0 -0.0 -0.0 -0.0 -0.0; -0.0 -0.0 -0.0 -0.0 -0.0 -0.0 -0.0 -0.0 -0.0 -0.0 -0.0 -0.0 0.0 8.0 11.0]
evol_bb,"[[0.42, 1.5304821958781965e7], [5.185, 1.5304821958781963e7], [9.1, 1.4851390596831782e7], [9.207, 1.4851390596831778e7], [20.572, 1.4738101583535207e7], [28.685, 1.4738032756344233e7], [28.716, 1.4624757508485854e7], [34.897, 1.439806237305219e7], [43.074, 1.4398062373052187e7]]"
y_bb,[36.0 42.0 -0.0 -0.0 -0.0 -0.0 -0.0 -0.0 -0.0 -0.0 -0.0 -0.0 -0.0 -0.0 -0.0; -0.0 -0.0 -0.0 -0.0 -0.0 -0.0 -0.0 -0.0 -0.0 -0.0 -0.0 -0.0 -0.0 -0.0 -0.0; -0.0 -0.0 0.0 0.0 -0.0 12.0 11.0 13.0 13.0 9.0 14.0 0.0 -0.0 -0.0 -0.0; -0.0 -0.0 -0.0 -0.0 -0.0 -0.0 -0.0 -0.0 -0.0 -0.0 -0.0 0.0 0.0 8.0 11.0;;; 42.0 36.0 -0.0 -0.0 -0.0 -0.0 -0.0 -0.0 -0.0 -0.0 -0.0 -0.0 -0.0 -0.0 -0.0; -0.0 -0.0 -0.0 0.0 -0.0 -0.0 -0.0 -0.0 -0.0 -0.0 -0.0 -0.0 -0.0 -0.0 -0.0; -0.0 -0.0 -0.0 -0.0 0.0 12.0 11.0 13.0 13.0 15.0 8.0 -0.0 -0.0 -0.0 -0.0; -0.0 -0.0 -0.0 -0.0 -0.0 -0.0 -0.0 -0.0 -0.0 -0.0 -0.0 -0.0 0.0 8.0 11.0]
evol_box,"[[0.49, 0.0], [2.15, 1980.6857446445792], [2.241, 4050.614126793271], [2.28, 5.103187282096348e6], [2.301, 9.29734945928046e6], [2.358, 9.29734945928046e6], [2.393, 1.0317191876120618e7], [2.533, 1.0770819961047597e7], [2.67, 1.1224209609045526e7], [2.837, 1.1904183686981319e7], [2.937, 1.213098973314251e7], [3.058, 1.2244194941615662e7], [3.234, 1.281114156393803e7], [3.406, 1.2924345312864985e7], [3.687, 1.3151246709604818e7], [3.906, 1.3264415506003581e7], [4.091, 1.3264567528840968e7], [4.331, 1.3604639877036802e7], [4.488, 1.3717815520280357e7], [4.669, 1.371786690789787e7], [4.894, 1.3831319984716073e7], [5.132, 1.3944657484893916e7], [5.341, 1.4171243553906504e7], [5.645, 1.4171246882230544e7], [5.832, 1.428460139439405e7], [6.215, 1.4284601394394044e7], [6.53, 1.4284714805335356e7], [6.756, 1.4284714805335358e7], [6.999, 1.4284725283337798e7], [7.461, 1.4397959234881593e7], [7.773, 1.4397962563205631e7], [8.031, 1.4397962563205635e7], [8.27, 1.439806237305219e7]]"
y_pb,[[44.0 42.0 -0.0 -0.0 -0.0 -0.0 -0.0 -0.0 -0.0 -0.0 -0.0 -0.0 -0.0 -0.0 -0.0; -0.0 -0.0 -0.0 0.0 -0.0 -0.0 -0.0 -0.0 -0.0 -0.0 -0.0 -0.0 -0.0 -0.0 -0.0; -0.0 -0.0 -0.0 -0.0 -0.0 12.0 11.0 13.0 13.0 15.0 0.0 -0.0 -0.0 -0.0 -0.0; -0.0 -0.0 -0.0 -0.0 -0.0 -0.0 -0.0 -0.0 -0.0 -0.0 -0.0 -0.0 -0.0 8.0 11.0;;;]]
x_bb,"[78.0, 0.0, 72.0, 19.0]"
x_box,"[78.0, -0.0, 72.0, 19.0]"
evol_zeta,"[[1.794, 44.0], [2.229, 31.0], [2.265, 30.727272727272727], [2.285, 24.0], [2.333, 20.41666666666667], [2.363, 15.153846153846153], [2.425, 12.230769230769234], [2.55, 11.0], [2.674, 8.000000000900002], [2.841, 10.0], [2.952, 8.0], [3.088, 9.0], [3.271, 7.000000000000001], [3.445, 8.0], [3.723, 6.16666923233264], [3.914, 7.0], [4.116, 5.000000000600011], [4.341, 4.0], [4.507, 4.636363636363633], [4.677, 4.0], [4.913, 4.5], [5.142, 4.692307692307693], [5.381, 2.333333333333334], [5.68, 1.0833333333333324], [5.837, 2.0], [6.252, 1.0000000002000036], [6.546, 1.0000000002000036], [6.779, 0.3636363636363633], [7.041, 2.0], [7.493, 0.1666666666666643], [7.824, 1.0], [8.034, 1.0], [8.302, 0.0]]"
ξ_box,[42.00000000000001 44.0; 36.0 42.0; 24.0 24.0; 18.0 18.0; 9.0 9.0; 12.0 12.0; 11.0 11.0; 13.0 13.0; 13.0 13.0; 15.0 15.0; 27.0 23.0; 31.0 27.0; 26.0 26.0; 8.0 8.0; 11.0 11.0]
