first,second
s_box,[0.0 0.0 7.0 0.0; 0.0 0.0 0.0 0.0; 5.0 0.0 0.0 0.0; 0.0 0.0 17.0 0.0; 37.0 0.0 0.0 0.0; 0.0 0.0 0.0 0.0; 0.0 0.0 0.0 0.0; 27.0 0.0 0.0 0.0; 26.0 0.0 26.0 21.0; 0.0 0.0 20.0 17.0; 0.0 25.0 0.0 13.0; 0.0 25.0 25.0 0.0; 0.0 0.0 0.0 0.0; 0.0 21.0 0.0 21.0; 0.0 24.0 0.0 24.0]
x_pb,"[-0.0, 37.0, 121.0, 46.0]"
s_bb,[7.0 -0.0 -0.0 -0.0; 14.0 -0.0 -0.0 -0.0; -0.0 -0.0 -0.0 -0.0; -0.0 19.0 -0.0 -0.0; -0.0 -0.0 -0.0 -0.0; -0.0 29.0 -0.0 -0.0; -0.0 24.0 -0.0 -0.0; 6.0 3.0 -0.0 -0.0; 26.0 -0.0 -0.0 -0.0; 21.0 -0.0 -0.0 -0.0; 28.0 -0.0 -0.0 -0.0; 0.0 -0.0 -0.0 -0.0; -0.0 -0.0 -0.0 -0.0; 21.0 -0.0 -0.0 -0.0; 24.0 -0.0 -0.0 -0.0]
partition_bb,"[[[0.0, 0.0, 0.0, 3.0, 37.0, 35.0, 27.0, 26.0, 25.0, 21.0, 17.0, 9.0, 5.0, 0.0, 0.0], [0.0, 0.0, 4.0, 0.0, 11.0, 9.0, 17.0, 18.0, 19.0, 21.0, 27.0, 17.0, 21.0, 21.0, 24.0], [7.0, 14.0, 18.0, 19.0, 14.0, 16.0, 9.0, 8.0, 7.0, 2.0, 1.0, 12.0, 16.0, 0.0, 0.0], [1.0, 8.0, 8.0, 8.0, 12.0, 10.0, 18.0, 19.0, 20.0, 21.0, 28.0, 25.0, 21.0, 4.0, 1.0], [0.0, 0.0, 0.0, 1.0, 18.0, 20.0, 28.0, 27.0, 26.0, 21.0, 28.0, 20.0, 16.0, 0.0, 0.0]], [[7.0, 14.0, 16.0, 19.0, 27.0, 29.0, 21.0, 20.0, 20.0, 17.0, 12.0, 3.0, 0.0, 0.0, 0.0], [7.0, 8.0, 8.0, 8.0, 12.0, 14.0, 22.0, 21.0, 20.0, 15.0, 20.0, 25.0, 21.0, 4.0, 1.0], [0.0, 0.0, 0.0, 0.0, 14.0, 16.0, 24.0, 25.0, 26.0, 21.0, 18.0, 9.0, 5.0, 0.0, 1.0]], [[0.0, 0.0, 0.0, 0.0, 26.0, 24.0, 24.0, 25.0, 26.0, 21.0, 28.0, 17.0, 13.0, 0.0, 0.0]], Vector{Float64}[]]"
y_box,[0.0 0.0 0.0 9.0 0.0 0.0 0.0 0.0 0.0 0.0 0.0 0.0 12.0 0.0 0.0; 0.0 0.0 0.0 0.0 0.0 0.0 0.0 0.0 0.0 21.0 0.0 0.0 0.0 16.0 0.0; 0.0 5.0 0.0 0.0 0.0 35.0 0.0 0.0 0.0 0.0 25.0 15.0 9.0 0.0 19.0; 0.0 0.0 4.0 0.0 0.0 0.0 28.0 0.0 0.0 0.0 0.0 2.0 0.0 4.0 0.0;;; 0.0 0.0 2.0 19.0 0.0 0.0 0.0 0.0 0.0 0.0 0.0 0.0 0.0 0.0 0.0; 0.0 13.0 8.0 0.0 15.0 0.0 0.0 0.0 1.0 0.0 0.0 0.0 0.0 0.0 0.0; 7.0 0.0 0.0 0.0 13.0 28.0 20.0 19.0 0.0 21.0 0.0 0.0 0.0 0.0 0.0; 0.0 0.0 0.0 0.0 0.0 0.0 0.0 0.0 17.0 0.0 0.0 0.0 21.0 0.0 0.0;;; 0.0 14.0 7.0 0.0 0.0 0.0 0.0 0.0 0.0 0.0 0.0 0.0 0.0 0.0 0.0; 0.0 0.0 9.0 0.0 0.0 19.0 9.0 0.0 0.0 0.0 0.0 0.0 0.0 0.0 0.0; 0.0 0.0 0.0 0.0 21.0 0.0 18.0 27.0 0.0 1.0 20.0 0.0 21.0 0.0 0.0; 0.0 0.0 0.0 0.0 0.0 0.0 0.0 0.0 0.0 0.0 5.0 0.0 0.0 18.0 15.0;;; 7.0 14.0 0.0 0.0 0.0 0.0 0.0 0.0 0.0 0.0 0.0 0.0 0.0 0.0 0.0; 0.0 0.0 18.0 19.0 0.0 0.0 0.0 0.0 0.0 0.0 0.0 0.0 0.0 0.0 0.0; 0.0 0.0 0.0 0.0 32.0 31.0 23.0 22.0 0.0 0.0 0.0 0.0 0.0 0.0 0.0; 0.0 0.0 0.0 0.0 0.0 0.0 0.0 0.0 0.0 0.0 0.0 17.0 21.0 0.0 0.0]
evol_bb,"[[6.923, 1.893760322512148e7], [223.114, 1.8937603225121476e7]]"
y_bb,[0.0 -0.0 -0.0 -0.0 -0.0 -0.0 -0.0 -0.0 -0.0 -0.0 -0.0 -0.0 -0.0 -0.0 -0.0; -0.0 -0.0 18.0 19.0 -0.0 -0.0 -0.0 -0.0 -0.0 -0.0 -0.0 -0.0 -0.0 -0.0 -0.0; -0.0 -0.0 -0.0 -0.0 37.0 35.0 28.0 21.0 0.0 0.0 -0.0 -0.0 -0.0 -0.0 -0.0; -0.0 -0.0 -0.0 -0.0 -0.0 -0.0 -0.0 -0.0 -0.0 -0.0 0.0 25.0 21.0 0.0 0.0;;; -0.0 -0.0 -0.0 -0.0 -0.0 -0.0 -0.0 0.0 0.0 -0.0 -0.0 -0.0 -0.0 -0.0 -0.0; 0.0 -0.0 -0.0 -0.0 -0.0 -0.0 -0.0 -0.0 26.0 -0.0 0.0 11.0 -0.0 -0.0 -0.0; 7.0 14.0 0.0 0.0 27.0 0.0 0.0 6.0 -0.0 21.0 20.0 -0.0 21.0 4.0 1.0; -0.0 -0.0 16.0 -0.0 -0.0 -0.0 -0.0 16.0 -0.0 0.0 -0.0 14.0 0.0 0.0 -0.0;;; -0.0 -0.0 -0.0 -0.0 -0.0 -0.0 -0.0 0.0 -0.0 -0.0 -0.0 -0.0 -0.0 -0.0 -0.0; -0.0 -0.0 -0.0 -0.0 -0.0 -0.0 -0.0 -0.0 -0.0 -0.0 28.0 9.0 -0.0 -0.0 -0.0; -0.0 -0.0 -0.0 -0.0 26.0 11.0 24.0 -0.0 26.0 21.0 -0.0 -0.0 13.0 -0.0 -0.0; -0.0 -0.0 -0.0 -0.0 -0.0 13.0 -0.0 25.0 -0.0 -0.0 -0.0 8.0 -0.0 -0.0 -0.0;;; -0.0 -0.0 -0.0 -0.0 -0.0 -0.0 -0.0 -0.0 -0.0 -0.0 -0.0 -0.0 -0.0 -0.0 -0.0; -0.0 -0.0 -0.0 -0.0 -0.0 -0.0 -0.0 -0.0 -0.0 -0.0 -0.0 -0.0 -0.0 -0.0 -0.0; -0.0 -0.0 -0.0 -0.0 -0.0 -0.0 -0.0 -0.0 -0.0 -0.0 -0.0 -0.0 -0.0 -0.0 -0.0; -0.0 -0.0 -0.0 -0.0 -0.0 -0.0 -0.0 -0.0 -0.0 -0.0 -0.0 -0.0 -0.0 -0.0 -0.0]
evol_box,"[[0.512, 0.0], [2.623, 130846.76005963805], [2.744, 775248.9416981635], [2.84, 775248.9416981635], [2.957, 775248.9416981635], [3.454, 776240.6712810994], [4.065, 4.897069814748262e6], [4.845, 5.2833272276777495e6], [5.488, 5.927576192320641e6], [7.264, 8.24637841949812e6], [10.179, 8.246378419498175e6], [13.934, 8.632580192553697e6], [16.94, 8.632704427188294e6], [18.318, 9.018839768236753e6], [24.304, 9.019172290642299e6], [29.579, 9.276834696255129e6], [35.205, 9.276834696255129e6], [41.368, 9.27683469625513e6], [46.791, 9.27683469625513e6], [57.569, 9.920482176567586e6], [87.04, 1.0178377711186836e7], [98.295, 1.0307143185361512e7], [110.963, 1.0435916825247008e7], [123.579, 1.056480834480662e7], [136.836, 1.056487904338681e7], [164.363, 1.0822454011183653e7], [181.217, 1.0693690746720664e7], [192.774, 1.082245437346822e7], [227.74, 1.1079835561102048e7], [358.199, 1.1337530158578403e7], [398.988, 1.1337570364699116e7], [484.409, 1.1595198404664729e7], [528.713, 1.1595238274301238e7], [757.549, 1.1595254060498472e7], [823.807, 1.1595277685036907e7], [943.084, 1.1595277685036907e7], [995.656, 1.1724162589983953e7], [1055.99, 1.1852914536660485e7], [1249.504, 1.1853169253488794e7], [1288.474, 1.1981697173200656e7], [1339.975, 1.1981773250660669e7], [1688.364, 1.2110326623942811e7], [1739.21, 1.211048853382685e7], [2092.736, 1.2110520696955934e7], [2503.524, 1.2110573744032795e7], [2560.579, 1.2110549937954638e7], [2992.377, 1.2239429814526804e7], [3600.07, 1.2368110550689628e7]]"
y_pb,[[0.0 -0.0 -0.0 -0.0 -0.0 -0.0 -0.0 -0.0 -0.0 -0.0 -0.0 -0.0 -0.0 -0.0 -0.0; -0.0 -0.0 18.0 19.0 -0.0 -0.0 -0.0 -0.0 -0.0 -0.0 -0.0 -0.0 -0.0 -0.0 -0.0; -0.0 -0.0 -0.0 -0.0 36.99999999999999 35.0 28.0 21.0 -0.0 -0.0 -0.0 -0.0 -0.0 -0.0 -0.0; -0.0 -0.0 -0.0 -0.0 -0.0 -0.0 -0.0 -0.0 -0.0 -0.0 -0.0 24.999999999999996 21.0 -0.0 -0.0;;;]]
x_bb,"[0.0, 37.0, 121.0, 46.0]"
x_box,"[21.0, 37.0, 108.0, 38.0]"
evol_zeta,"[[2.714, 24.0], [2.781, 21.0], [2.885, 19.0], [3.023, 19.0], [3.525, 18.933333333333334], [4.126, 15.384615384615383], [4.906, 16.0], [5.568, 12.857144260749477], [7.316, 13.214285714285714], [10.216, 12.0], [13.96, 11.90909090909091], [17.006, 11.692307692307693], [18.343, 10.84615480289331], [24.348, 11.923076923076923], [29.662, 11.222222222222221], [35.292, 11.642857142857142], [41.428, 10.999999999999979], [46.819, 10.214287837358627], [57.635, 10.81818181818182], [87.055, 10.0], [98.35, 10.285714285714285], [111.005, 10.0], [123.604, 10.0], [136.884, 9.727272727272728], [164.371, 11.0], [181.257, 9.923076923076923], [192.823, 9.642857142857142], [227.765, 9.272727272727353], [358.228, 11.0], [399.037, 9.615386829072987], [484.425, 10.0], [528.764, 11.000000000000002], [757.592, 9.857142857142858], [823.857, 7.6923076923076925], [943.116, 7.0], [995.674, 8.166666666666664], [1056.019, 8.0], [1249.54, 11.266666666666667], [1288.529, 9.0], [1340.031, 8.0], [1688.389, 11.000000000000128], [1739.234, 8.0], [2092.774, 7.09090909090909], [2503.545, 8.428571428571425], [2560.615, 7.6923076923076925], [2992.404, 9.785714285714285], [3600.087, 0.0]]"
ξ_box,[0.0 7.0 7.0 7.0; 5.000000000000001 13.0 14.0 14.0; 9.0 10.0 16.0 18.0; 9.0 19.0 17.0 19.0; 37.0 28.0 21.0 32.0; 35.0 28.0 19.0 31.0; 28.0 20.0 27.0 23.0; 27.0 19.0 27.0 22.0; 26.0 18.0 26.0 21.0; 21.0 21.0 21.0 17.0; 25.0 25.0 25.0 13.0; 17.0 25.0 25.0 17.0; 21.0 21.0 21.0 21.0; 20.0 21.0 18.0 21.0; 17.0 24.0 15.0 24.0]
