first,second
s_box,[0.0 26.0 0.0 0.0 0.0; 0.0 19.0 0.0 0.0 0.0; 13.0 12.0 0.0 0.0 0.0; 0.0 1.0 0.0 0.0 0.0; 15.0 0.0 1.0 0.0 12.0; 0.0 0.0 0.0 0.0 14.0; 21.0 0.0 0.0 0.0 0.0; 7.0 0.0 0.0 0.0 0.0; 0.0 0.0 21.0 0.0 0.0; 0.0 0.0 0.0 0.0 30.0; 0.0 2.0 29.0 27.0 29.0; 0.0 0.0 0.0 0.0 0.0; 34.0 23.0 5.0 0.0 6.0; 0.0 0.0 0.0 31.0 0.0; 0.0 7.0 34.0 32.0 0.0]
x_pb,"[14.0, 68.0, 66.0, 79.0]"
s_bb,[26.0 21.0 -0.0 -0.0 -0.0; 25.0 -0.0 -0.0 -0.0 -0.0; -0.0 -0.0 -0.0 -0.0 -0.0; -0.0 1.0 -0.0 -0.0 -0.0; 15.0 15.0 -0.0 -0.0 -0.0; 17.0 -0.0 -0.0 -0.0 -0.0; -0.0 21.0 -0.0 -0.0 -0.0; -0.0 -0.0 -0.0 -0.0 -0.0; -0.0 6.0 -0.0 -0.0 -0.0; 31.0 -0.0 -0.0 -0.0 -0.0; 31.0 -0.0 -0.0 -0.0 -0.0; 0.0 23.0 -0.0 -0.0 -0.0; 14.0 -0.0 -0.0 -0.0 -0.0; -0.0 -0.0 -0.0 -0.0 -0.0; -0.0 -0.0 -0.0 -0.0 -0.0]
partition_bb,"[[[26.0, 25.0, 13.0, 1.0, 0.0, 0.0, 0.0, 5.0, 10.0, 15.0, 19.0, 25.0, 31.0, 23.0, 34.0], [22.0, 22.0, 9.0, 0.0, 0.0, 0.0, 0.0, 7.0, 3.0, 13.0, 13.0, 23.0, 28.0, 45.0, 34.0], [0.0, 0.0, 13.0, 1.0, 15.0, 17.0, 21.0, 26.0, 21.0, 31.0, 31.0, 21.0, 16.0, 11.0, 0.0], [0.0, 0.0, 0.0, 0.0, 6.0, 9.0, 13.0, 19.0, 20.0, 30.0, 30.0, 40.0, 33.0, 18.0, 11.0], [0.0, 0.0, 0.0, 0.0, 0.0, 2.0, 6.0, 14.0, 15.0, 24.0, 25.0, 33.0, 40.0, 30.0, 19.0]], [[0.0, 0.0, 13.0, 1.0, 15.0, 17.0, 17.0, 6.0, 3.0, 13.0, 13.0, 23.0, 28.0, 45.0, 34.0], [21.0, 21.0, 8.0, 1.0, 12.0, 17.0, 21.0, 26.0, 21.0, 15.0, 12.0, 5.0, 7.0, 10.0, 0.0]], [[0.0, 0.0, 13.0, 1.0, 0.0, 3.0, 7.0, 16.0, 20.0, 24.0, 30.0, 34.0, 40.0, 23.0, 16.0]], Vector{Float64}[], Vector{Float64}[]]"
y_box,[0.0 0.0 0.0 0.0 0.0 0.0 0.0 0.0 0.0 0.0 1.0 13.0 0.0 0.0 0.0; 0.0 24.0 0.0 1.0 0.0 0.0 0.0 1.0 0.0 0.0 0.0 14.0 0.0 31.0 0.0; 21.0 0.0 0.0 0.0 0.0 0.0 0.0 0.0 0.0 0.0 3.0 0.0 0.0 14.0 34.0; 0.0 0.0 0.0 0.0 0.0 17.0 0.0 7.0 10.0 18.0 15.0 0.0 0.0 0.0 0.0;;; 0.0 0.0 0.0 0.0 9.0 0.0 0.0 0.0 0.0 0.0 0.0 5.0 0.0 0.0 0.0; 0.0 0.0 0.0 0.0 0.0 0.0 14.0 26.0 21.0 0.0 0.0 10.0 0.0 0.0 0.0; 0.0 0.0 0.0 0.0 3.0 0.0 1.0 0.0 0.0 13.0 0.0 21.0 0.0 16.0 18.0; 0.0 5.0 0.0 0.0 0.0 11.0 0.0 0.0 0.0 13.0 29.0 0.0 10.0 0.0 2.0;;; 0.0 0.0 13.0 1.0 0.0 0.0 0.0 0.0 0.0 0.0 0.0 0.0 0.0 0.0 0.0; 26.0 17.0 0.0 1.0 0.0 0.0 0.0 0.0 0.0 0.0 0.0 26.0 0.0 1.0 0.0; 0.0 0.0 0.0 0.0 0.0 3.0 0.0 16.0 0.0 1.0 0.0 8.0 0.0 44.0 0.0; 0.0 8.0 0.0 0.0 0.0 0.0 7.0 0.0 0.0 24.0 0.0 0.0 31.0 0.0 0.0;;; 14.0 0.0 0.0 0.0 0.0 0.0 0.0 0.0 0.0 0.0 0.0 0.0 0.0 0.0 0.0; 0.0 14.0 0.0 1.0 0.0 0.0 0.0 23.0 0.0 0.0 0.0 6.0 27.0 0.0 0.0; 0.0 0.0 0.0 0.0 15.0 16.0 20.0 0.0 21.0 0.0 0.0 0.0 0.0 0.0 0.0; 1.0 0.0 13.0 0.0 0.0 0.0 0.0 0.0 0.0 24.0 4.0 28.0 0.0 0.0 0.0;;; 0.0 0.0 13.0 1.0 0.0 0.0 0.0 0.0 0.0 0.0 0.0 0.0 0.0 0.0 0.0; 0.0 0.0 0.0 0.0 0.0 3.0 21.0 26.0 21.0 0.0 0.0 0.0 0.0 0.0 0.0; 0.0 0.0 0.0 0.0 0.0 0.0 0.0 0.0 0.0 0.0 0.0 39.0 33.0 0.0 0.0; 0.0 0.0 0.0 0.0 0.0 0.0 0.0 0.0 0.0 0.0 0.0 0.0 0.0 36.0 34.0]
evol_bb,"[[24.478, 2.0260176902929068e7], [136.137, 2.0260176902929064e7]]"
y_bb,[0.0 -0.0 13.0 1.0 -0.0 -0.0 -0.0 -0.0 -0.0 -0.0 -0.0 -0.0 -0.0 -0.0 -0.0; -0.0 -0.0 -0.0 -0.0 -0.0 -0.0 21.0 26.0 21.0 -0.0 -0.0 -0.0 -0.0 -0.0 -0.0; -0.0 -0.0 -0.0 -0.0 -0.0 -0.0 -0.0 -0.0 -0.0 0.0 0.0 40.0 26.0 -0.0 -0.0; -0.0 -0.0 -0.0 -0.0 -0.0 -0.0 -0.0 -0.0 -0.0 -0.0 -0.0 -0.0 -0.0 45.0 34.0;;; -0.0 0.0 -0.0 -0.0 -0.0 0.0 -0.0 -0.0 -0.0 14.0 -0.0 -0.0 -0.0 -0.0 -0.0; 0.0 -0.0 13.0 -0.0 0.0 -0.0 -0.0 26.0 -0.0 -0.0 13.0 -0.0 -0.0 0.0 16.0; -0.0 -0.0 0.0 -0.0 -0.0 17.0 0.0 -0.0 15.0 1.0 -0.0 -0.0 28.0 -0.0 5.0; -0.0 21.0 -0.0 -0.0 -0.0 -0.0 -0.0 -0.0 -0.0 -0.0 -0.0 0.0 -0.0 45.0 13.0;;; -0.0 -0.0 -0.0 -0.0 -0.0 -0.0 -0.0 -0.0 -0.0 -0.0 -0.0 0.0 14.0 -0.0 -0.0; -0.0 -0.0 -0.0 1.0 -0.0 3.0 0.0 16.0 -0.0 -0.0 14.0 34.0 -0.0 -0.0 0.0; -0.0 -0.0 0.0 -0.0 -0.0 -0.0 -0.0 -0.0 0.0 24.0 -0.0 -0.0 26.0 -0.0 16.0; -0.0 -0.0 13.0 -0.0 -0.0 -0.0 7.0 -0.0 20.0 -0.0 16.0 -0.0 -0.0 23.0 -0.0;;; -0.0 -0.0 -0.0 -0.0 -0.0 -0.0 -0.0 -0.0 -0.0 -0.0 -0.0 -0.0 -0.0 -0.0 -0.0; -0.0 -0.0 -0.0 -0.0 -0.0 -0.0 -0.0 -0.0 -0.0 -0.0 -0.0 -0.0 -0.0 -0.0 -0.0; -0.0 -0.0 -0.0 -0.0 -0.0 -0.0 -0.0 -0.0 -0.0 -0.0 -0.0 -0.0 -0.0 -0.0 -0.0; -0.0 -0.0 -0.0 -0.0 -0.0 -0.0 -0.0 -0.0 -0.0 -0.0 -0.0 -0.0 -0.0 -0.0 -0.0;;; -0.0 -0.0 -0.0 -0.0 -0.0 -0.0 -0.0 -0.0 -0.0 -0.0 -0.0 -0.0 -0.0 -0.0 -0.0; -0.0 -0.0 -0.0 -0.0 -0.0 -0.0 -0.0 -0.0 -0.0 -0.0 -0.0 -0.0 -0.0 -0.0 -0.0; -0.0 -0.0 -0.0 -0.0 -0.0 -0.0 -0.0 -0.0 -0.0 -0.0 -0.0 -0.0 -0.0 -0.0 -0.0; -0.0 -0.0 -0.0 -0.0 -0.0 -0.0 -0.0 -0.0 -0.0 -0.0 -0.0 -0.0 -0.0 -0.0 -0.0]
evol_box,"[[0.537, 0.0], [2.389, 130643.76700813591], [2.506, 130643.76700813591], [2.561, 130643.76700813591], [2.624, 130643.76700813591], [2.745, 130643.76700813591], [2.982, 1.2776873694646652e6], [6.401, 3.6981577439883016e6], [9.739, 6.628291956930394e6], [11.266, 6.628291956930394e6], [12.471, 6.628291956930394e6], [13.852, 6.629045115116441e6], [16.007, 7.137810387817146e6], [28.683, 7.902300888634577e6], [32.195, 8.284608135274203e6], [41.726, 8.284661869754322e6], [44.726, 8.921673487517806e6], [48.866, 9.048866612720413e6], [63.451, 9.176201813849742e6], [79.003, 9.176201813849742e6], [213.41, 9.68579087734152e6], [290.07, 9.940783192682441e6], [313.964, 1.0068160745921874e7], [347.45, 1.0322854577711694e7], [360.16, 1.0450160718975304e7], [372.01, 1.0450400312833503e7], [406.987, 1.0577756169368189e7], [428.859, 1.070513544002382e7], [652.032, 1.070524248583558e7], [1230.375, 1.0959848175038304e7], [1288.636, 1.1214594220296495e7], [1371.053, 1.1214837285811525e7], [1480.578, 1.146932977128571e7], [1799.25, 1.1469402582504634e7], [2028.39, 1.1469456390375018e7], [3600.067, 1.1596710740095431e7]]"
y_pb,[[-0.0 -0.0 13.0 1.0 -0.0 -0.0 -0.0 -0.0 -0.0 -0.0 -0.0 -0.0 -0.0 -0.0 -0.0; -0.0 -0.0 -0.0 -0.0 -0.0 -0.0 21.0 26.0 21.0 -0.0 -0.0 -0.0 -0.0 -0.0 -0.0; -0.0 -0.0 -0.0 -0.0 -0.0 -0.0 -0.0 -0.0 -0.0 -0.0 -0.0 40.0 25.999999999999993 -0.0 -0.0; -0.0 -0.0 -0.0 -0.0 -0.0 -0.0 -0.0 -0.0 -0.0 -0.0 -0.0 -0.0 -0.0 44.99999999999999 34.0;;;]]
x_bb,"[14.0, 68.0, 66.0, 79.0]"
x_box,"[14.0, 71.0, 72.0, 70.0]"
evol_zeta,"[[2.027, 45.0], [2.471, 26.0], [2.516, 26.0], [2.572, 26.0], [2.658, 24.0], [2.789, 22.285714285714285], [3.043, 21.0], [6.455, 20.0], [9.779, 18.07142857142857], [11.279, 18.0], [12.486, 18.0], [13.891, 16.92857142857143], [16.014, 13.0], [28.723, 18.0], [32.227, 13.0], [41.808, 14.733333333333334], [44.779, 14.166666666666664], [48.883, 13.214285714285705], [63.492, 12.454545454545457], [79.073, 12.0], [213.425, 12.0], [290.096, 13.0], [314.016, 12.0], [347.47, 12.636363636363651], [360.199, 11.90909090909091], [372.065, 12.692307692307686], [407.007, 10.727272727272728], [428.885, 12.142857142857142], [652.187, 10.0], [1230.421, 11.733333333333333], [1288.693, 10.818181818181817], [1371.12, 11.666666666666666], [1480.68, 10.07142857142857], [1799.308, 10.5], [2028.467, 11.615384615384615], [3600.083, 0.0]]"
ξ_box,[21.0 26.0 26.0 15.0 -0.0; 24.0 24.0 25.0 14.0 -0.0; 13.0 12.0 13.0 13.0 13.0; 1.0 1.0 1.0 1.0 1.0; 15.0 12.0 1.0 15.0 12.0; 17.0 11.0 3.0 16.0 17.0; 21.0 15.0 7.0 20.0 21.0; 15.0 26.0 16.0 23.0 26.0; 10.0 21.0 21.0 21.0 21.0; 18.0 26.0 25.0 24.0 30.0; 19.0 31.0 29.0 31.0 29.0; 27.0 36.0 34.0 34.0 39.0; 34.0 33.0 36.0 27.0 39.0; 45.0 16.0 45.0 31.0 36.0; 34.0 27.0 34.0 32.0 34.0]
