first,second
s_box,[34.0 39.0; -0.0 -0.0; -0.0 -0.0; -0.0 -0.0; -0.0 -0.0; -0.0 -0.0; 16.0 16.0; -0.0 22.0; 25.0 -0.0; 2.0 25.0; 29.0 -0.0; 37.0 -0.0; 0.0 -0.0; 0.0 39.0; -0.0 -0.0]
x_pb,"[52.0, 21.0, 47.0, 123.0]"
s_bb,[-0.0 34.0; -0.0 -0.0; 19.0 -0.0; 12.0 -0.0; 5.0 -0.0; -0.0 -0.0; -0.0 16.0; 22.0 0.0; -0.0 25.0; 27.0 2.0; -0.0 29.0; 37.0 37.0; -0.0 -0.0; 20.0 -0.0; -0.0 -0.0]
partition_bb,"[[[39.0, 21.0, 19.0, 12.0, 5.0, 0.0, 3.0, 6.0, 11.0, 11.0, 13.0, 15.0, 34.0, 30.0, 26.0], [22.0, 4.0, 2.0, 0.0, 0.0, 8.0, 8.0, 14.0, 17.0, 27.0, 28.0, 37.0, 20.0, 16.0, 12.0], [2.0, 20.0, 19.0, 12.0, 5.0, 16.0, 7.0, 6.0, 10.0, 11.0, 13.0, 15.0, 32.0, 36.0, 40.0], [0.0, 17.0, 19.0, 12.0, 5.0, 4.0, 13.0, 8.0, 13.0, 13.0, 15.0, 17.0, 36.0, 39.0, 35.0], [39.0, 21.0, 19.0, 12.0, 5.0, 5.0, 13.0, 17.0, 22.0, 12.0, 11.0, 2.0, 18.0, 22.0, 26.0], [39.0, 21.0, 19.0, 12.0, 5.0, 10.0, 16.0, 22.0, 25.0, 15.0, 14.0, 5.0, 13.0, 9.0, 5.0], [5.0, 0.0, 0.0, 0.0, 0.0, 8.0, 8.0, 14.0, 17.0, 27.0, 28.0, 37.0, 37.0, 33.0, 29.0], [35.0, 17.0, 15.0, 8.0, 5.0, 9.0, 9.0, 15.0, 18.0, 27.0, 29.0, 20.0, 8.0, 12.0, 16.0], [35.0, 17.0, 15.0, 8.0, 1.0, 0.0, 2.0, 7.0, 11.0, 12.0, 14.0, 16.0, 33.0, 37.0, 41.0]], [[0.0, 10.0, 8.0, 12.0, 5.0, 0.0, 6.0, 11.0, 15.0, 16.0, 18.0, 20.0, 37.0, 41.0, 45.0], [19.0, 1.0, 0.0, 0.0, 0.0, 2.0, 6.0, 11.0, 15.0, 21.0, 19.0, 28.0, 37.0, 41.0, 45.0], [34.0, 16.0, 14.0, 7.0, 0.0, 0.0, 2.0, 7.0, 11.0, 12.0, 14.0, 16.0, 33.0, 37.0, 41.0], [0.0, 2.0, 0.0, 0.0, 5.0, 16.0, 16.0, 22.0, 25.0, 27.0, 29.0, 36.0, 17.0, 14.0, 11.0], [3.0, 21.0, 19.0, 12.0, 5.0, 5.0, 13.0, 17.0, 22.0, 12.0, 11.0, 12.0, 30.0, 34.0, 30.0], [0.0, 0.0, 0.0, 0.0, 0.0, 8.0, 8.0, 14.0, 17.0, 27.0, 28.0, 37.0, 36.0, 40.0, 36.0]]]"
y_box,[-0.0 21.0 19.0 12.0 -0.0 -0.0 -0.0 -0.0 -0.0 -0.0 -0.0 -0.0 -0.0 -0.0 -0.0; -0.0 -0.0 -0.0 -0.0 5.0 16.0 -0.0 -0.0 -0.0 -0.0 -0.0 -0.0 -0.0 -0.0 -0.0; -0.0 -0.0 -0.0 -0.0 -0.0 -0.0 0.0 22.0 -0.0 25.0 -0.0 -0.0 -0.0 -0.0 -0.0; -0.0 -0.0 -0.0 -0.0 -0.0 -0.0 -0.0 -0.0 -0.0 -0.0 -0.0 -0.0 37.0 41.0 45.0;;; 0.0 0.0 19.0 0.0 5.0 4.0 0.0 0.0 -0.0 -0.0 24.0 -0.0 -0.0 -0.0 -0.0; -0.0 -0.0 -0.0 -0.0 -0.0 -0.0 -0.0 -0.0 21.0 -0.0 -0.0 -0.0 -0.0 -0.0 -0.0; -0.0 -0.0 -0.0 -0.0 -0.0 -0.0 -0.0 -0.0 4.0 2.0 5.0 36.0 -0.0 -0.0 -0.0; -0.0 21.0 -0.0 12.0 -0.0 12.0 -0.0 -0.0 -0.0 -0.0 -0.0 -0.0 37.0 -0.0 41.0]
evol_bb,"[[0.59, 1.5404580289430872e7], [0.85, 1.540458028943087e7], [3.561, 1.5404580289430868e7], [66.952, 1.530052444073033e7], [76.07, 1.5092409661081024e7], [85.528, 1.4884303558969473e7], [85.544, 1.4884267883274721e7]]"
y_bb,[-0.0 -0.0 -0.0 -0.0 -0.0 -0.0 16.0 -0.0 -0.0 -0.0 0.0 -0.0 15.0 -0.0 21.0; -0.0 5.0 -0.0 -0.0 -0.0 16.0 -0.0 -0.0 -0.0 -0.0 -0.0 -0.0 -0.0 -0.0 -0.0; -0.0 -0.0 -0.0 0.0 -0.0 -0.0 -0.0 -0.0 25.0 -0.0 -0.0 -0.0 22.0 -0.0 -0.0; 39.0 16.0 0.0 -0.0 -0.0 -0.0 -0.0 0.0 -0.0 0.0 29.0 0.0 -0.0 19.0 20.0;;; 0.0 21.0 19.0 12.0 -0.0 -0.0 -0.0 -0.0 -0.0 -0.0 -0.0 -0.0 -0.0 -0.0 -0.0; -0.0 -0.0 -0.0 0.0 5.0 16.0 -0.0 -0.0 -0.0 -0.0 -0.0 -0.0 -0.0 -0.0 -0.0; -0.0 -0.0 -0.0 -0.0 -0.0 0.0 -0.0 22.0 -0.0 25.0 0.0 -0.0 -0.0 -0.0 -0.0; -0.0 -0.0 -0.0 -0.0 -0.0 -0.0 -0.0 -0.0 -0.0 -0.0 -0.0 -0.0 37.0 41.0 45.0]
evol_box,"[[0.438, 0.0], [1.987, 107711.11632772796], [2.073, 107711.11632772796], [2.094, 6.456005595523234e6], [2.139, 8.537127598070612e6], [2.166, 8.536651363605317e6], [2.233, 8.536651363605317e6], [2.309, 9.889463619611302e6], [2.401, 1.009758858207376e7], [2.491, 1.0721902806869216e7], [2.593, 1.0930027769331703e7], [2.693, 1.0930027769331703e7], [2.802, 1.1658376356681893e7], [2.913, 1.1762527401449056e7], [3.037, 1.1970591501695074e7], [3.154, 1.2490876206531728e7], [3.287, 1.2803037965366825e7], [3.456, 1.3115211176760066e7], [3.575, 1.3219380024470596e7], [3.702, 1.342740158165809e7], [3.816, 1.3427504986933002e7], [3.937, 1.3531567468164288e7], [4.078, 1.3531567468164286e7], [4.21, 1.3843728980512556e7], [4.418, 1.3947722521849953e7], [4.59, 1.4155838950276695e7], [4.759, 1.4155889614219053e7], [4.941, 1.4155916424206244e7], [5.159, 1.4259894790641002e7], [5.387, 1.4259971949631974e7], [5.564, 1.4259971949631978e7], [5.788, 1.4364006607641203e7], [6.055, 1.446801975310346e7], [6.345, 1.446805981824162e7], [6.569, 1.4572080439580975e7], [6.82, 1.4572131570103664e7], [7.095, 1.4572138525909165e7], [7.386, 1.4572140069126042e7], [7.723, 1.467614471556592e7], [7.932, 1.4676178741266448e7], [8.158, 1.4676180648204807e7], [8.366, 1.4780205402043492e7], [8.632, 1.4780205402043493e7], [8.856, 1.4780233350324308e7], [9.065, 1.4780240306129808e7], [9.332, 1.4780240306129806e7], [9.586, 1.4780248033543749e7], [9.78, 1.4780248033543747e7], [10.012, 1.4780249576760625e7], [10.234, 1.4884267883274723e7]]"
y_pb,[[-0.0 21.0 19.0 12.0 -0.0 -0.0 -0.0 -0.0 -0.0 -0.0 -0.0 -0.0 -0.0 -0.0 -0.0; -0.0 -0.0 -0.0 -0.0 5.0 16.0 -0.0 -0.0 -0.0 -0.0 -0.0 -0.0 -0.0 -0.0 -0.0; -0.0 -0.0 -0.0 -0.0 -0.0 -0.0 -0.0 22.0 -0.0 25.0 -0.0 -0.0 -0.0 -0.0 -0.0; -0.0 -0.0 -0.0 -0.0 -0.0 -0.0 -0.0 -0.0 -0.0 -0.0 -0.0 -0.0 36.99999999999999 41.0 44.99999999999999;;;]]
x_bb,"[52.0, 21.0, 47.0, 123.0]"
x_box,"[52.0, 21.0, 47.0, 123.0]"
evol_zeta,"[[1.67, 45.0], [2.06, 39.0], [2.079, 38.38461538461539], [2.1, 17.0], [2.146, 12.0], [2.169, 12.0], [2.243, 10.533333333333331], [2.32, 8.0], [2.407, 8.000000000900002], [2.504, 8.0], [2.606, 8.0], [2.706, 8.0], [2.815, 8.0], [2.926, 8.0], [3.045, 8.0], [3.161, 8.0], [3.294, 8.000000000900002], [3.462, 7.0], [3.584, 6.0], [3.711, 6.000000000000002], [3.826, 6.0], [3.948, 6.0], [4.091, 6.0], [4.218, 4.384615384615387], [4.427, 7.0], [4.599, 3.9999999999999734], [4.769, 3.92307692307692], [4.946, 6.0], [5.165, 3.0], [5.396, 6.0], [5.571, 2.5], [5.799, 3.4615384615384617], [6.068, 3.0], [6.354, 2.0], [6.582, 2.142857142857139], [6.83, 2.2307692307692286], [7.1, 2.0], [7.396, 7.272727272727266], [7.737, 2.0], [7.946, 2.0], [8.164, 6.0], [8.374, 1.2142857142857153], [8.647, 1.3571428571428572], [8.868, 2.000000000000001], [9.081, 0.4285714285714306], [9.336, 0.1428571428571388], [9.598, 1.6000000000000094], [9.794, 0.20000000000000284], [10.022, 2.0], [10.246, 0.0]]"
ξ_box,[34.0 39.0; 21.0 21.0; 19.0 19.0; 12.0 12.0; 5.0 5.0; 16.0 16.0; 16.0 16.0; 22.0 22.0; 25.0 25.0; 27.0 27.0; 29.0 29.0; 37.0 36.0; 37.0 37.0; 41.0 39.0; 45.0 41.0]
