first,second
s_box,[0.0; 0.0; 0.0; 42.0; 41.0; 38.0; 38.0; 4.0; 0.0; 0.0; 0.0; 0.0; 0.0; 31.0; 35.0;;]
x_pb,"[152.0, 87.0, -0.0, 36.0]"
s_bb,[0.0; 0.0; 0.0; 42.0; 41.0; 38.0; 38.0; 4.0; 0.0; 0.0; 0.0; 0.0; 0.0; 31.0; 35.0;;]
partition_bb,"[[[59.0, 43.0, 40.0, 32.0, 31.0, 22.0, 20.0, 18.0, 13.0, 0.0, 0.0, 0.0, 0.0, 0.0, 0.0], [21.0, 37.0, 34.0, 22.0, 21.0, 16.0, 14.0, 12.0, 7.0, 0.0, 5.0, 15.0, 13.0, 31.0, 35.0], [28.0, 16.0, 13.0, 1.0, 0.0, 9.0, 10.0, 13.0, 18.0, 27.0, 5.0, 0.0, 2.0, 22.0, 26.0], [0.0, 16.0, 19.0, 27.0, 27.0, 36.0, 38.0, 35.0, 29.0, 16.0, 5.0, 15.0, 13.0, 0.0, 0.0], [13.0, 25.0, 28.0, 40.0, 41.0, 32.0, 30.0, 29.0, 23.0, 9.0, 5.0, 0.0, 0.0, 0.0, 0.0], [27.0, 43.0, 46.0, 34.0, 33.0, 28.0, 26.0, 24.0, 19.0, 4.0, 0.0, 0.0, 0.0, 0.0, 0.0], [31.0, 47.0, 44.0, 32.0, 31.0, 26.0, 24.0, 22.0, 17.0, 2.0, 0.0, 0.0, 0.0, 0.0, 0.0], [37.0, 25.0, 22.0, 10.0, 11.0, 20.0, 18.0, 20.0, 15.0, 0.0, 5.0, 15.0, 16.0, 31.0, 35.0], [7.0, 23.0, 22.0, 34.0, 33.0, 38.0, 36.0, 34.0, 29.0, 14.0, 5.0, 0.0, 0.0, 0.0, 0.0], [15.0, 27.0, 30.0, 42.0, 41.0, 32.0, 30.0, 28.0, 23.0, 8.0, 5.0, 0.0, 0.0, 0.0, 0.0]]]"
y_box,[59.0 47.0 46.0 0.0 -0.0 -0.0 -0.0 -0.0 -0.0 -0.0 -0.0 -0.0 -0.0 -0.0 -0.0; -0.0 -0.0 -0.0 -0.0 0.0 0.0 0.0 31.0 29.0 27.0 -0.0 -0.0 -0.0 -0.0 -0.0; -0.0 -0.0 -0.0 -0.0 -0.0 -0.0 -0.0 -0.0 -0.0 -0.0 -0.0 -0.0 -0.0 -0.0 -0.0; -0.0 -0.0 -0.0 -0.0 -0.0 -0.0 -0.0 -0.0 -0.0 -0.0 5.0 15.0 16.0 0.0 0.0;;;]
evol_bb,"[[0.388, 2.8945220755180188e7]]"
y_bb,[59.0 47.0 46.0 0.0 -0.0 -0.0 -0.0 -0.0 -0.0 -0.0 -0.0 -0.0 -0.0 -0.0 -0.0; -0.0 -0.0 -0.0 -0.0 0.0 0.0 0.0 31.0 29.0 27.0 -0.0 -0.0 -0.0 -0.0 -0.0; -0.0 -0.0 -0.0 -0.0 -0.0 -0.0 -0.0 -0.0 -0.0 -0.0 -0.0 -0.0 -0.0 -0.0 -0.0; -0.0 -0.0 -0.0 -0.0 -0.0 -0.0 -0.0 -0.0 -0.0 -0.0 5.0 15.0 16.0 0.0 0.0;;;]
evol_box,"[[0.528, 0.0], [2.291, 386772.5596589096], [2.375, 1.4160132671373393e7], [2.383, 2.313240087740582e7], [2.393, 2.4269569341290493e7], [2.405, 2.6038783856265996e7], [2.416, 2.730244475390859e7], [2.427, 2.8060657163133807e7], [2.436, 2.856612049108777e7], [2.445, 2.8945220755180188e7]]"
y_pb,[[59.0 47.0 46.0 -0.0 -0.0 -0.0 -0.0 -0.0 -0.0 -0.0 -0.0 -0.0 -0.0 -0.0 -0.0; -0.0 -0.0 -0.0 -0.0 -0.0 -0.0 -0.0 31.0 28.999999999999996 27.0 -0.0 -0.0 -0.0 -0.0 -0.0; -0.0 -0.0 -0.0 -0.0 -0.0 -0.0 -0.0 -0.0 -0.0 -0.0 0.0 -0.0 -0.0 -0.0 -0.0; -0.0 -0.0 -0.0 -0.0 -0.0 -0.0 -0.0 -0.0 -0.0 -0.0 5.0 15.0 16.0 -0.0 -0.0;;;]]
x_bb,"[152.0, 87.0, 0.0, 36.0]"
x_box,"[152.0, 87.0, 0.0, 36.0]"
evol_zeta,"[[1.926, 58.66666666666667], [2.374, 35.0], [2.381, 18.0], [2.391, 9.0], [2.403, 7.454545454545453], [2.414, 6.0], [2.425, 5.099999999999994], [2.434, 3.899999999999997], [2.443, 3.0], [2.449, 0.0]]"
ξ_box,[59.0; 47.0; 46.0; 42.0; 41.0; 38.0; 38.0; 35.0; 29.0; 27.0; 5.0; 15.0; 16.0; 31.0; 35.0;;]
