first,second
s_box,[0.0 29.0 29.0 30.0; 0.0 24.0 20.0 2.0; 13.0 25.0 21.0 0.0; 31.0 5.0 24.0 30.0; 34.0 0.0 7.0 0.0; 39.0 0.0 0.0 35.0; 0.0 33.0 26.0 0.0; 0.0 11.0 0.0 29.0; 0.0 0.0 0.0 0.0; 9.0 0.0 0.0 0.0; 0.0 0.0 0.0 0.0; 0.0 0.0 0.0 0.0; 0.0 0.0 0.0 0.0; 0.0 0.0 0.0 0.0; 0.0 0.0 0.0 0.0]
x_pb,"[34.0, -0.0, 80.0, 111.0]"
s_bb,[34.0 -0.0 -0.0 -0.0; 30.0 -0.0 -0.0 -0.0; 28.0 -0.0 -0.0 -0.0; 31.0 -0.0 -0.0 -0.0; 34.0 -0.0 -0.0 -0.0; 5.0 -0.0 -0.0 -0.0; 36.0 -0.0 -0.0 -0.0; -0.0 -0.0 -0.0 -0.0; -0.0 -0.0 -0.0 -0.0; -0.0 -0.0 -0.0 -0.0; -0.0 -0.0 -0.0 -0.0; -0.0 -0.0 -0.0 -0.0; -0.0 -0.0 -0.0 -0.0; -0.0 -0.0 -0.0 -0.0; 0.0 1.0 -0.0 -0.0]
partition_bb,"[[[21.0, 26.0, 28.0, 31.0, 34.0, 39.0, 22.0, 15.0, 6.0, 3.0, 0.0, 0.0, 0.0, 0.0, 0.0], [15.0, 24.0, 22.0, 19.0, 16.0, 11.0, 0.0, 0.0, 8.0, 12.0, 15.0, 14.0, 17.0, 24.0, 31.0], [0.0, 3.0, 4.0, 6.0, 7.0, 12.0, 36.0, 29.0, 20.0, 14.0, 13.0, 24.0, 25.0, 18.0, 14.0], [34.0, 25.0, 24.0, 22.0, 24.0, 29.0, 5.0, 0.0, 7.0, 13.0, 10.0, 4.0, 7.0, 14.0, 7.0], [9.0, 0.0, 2.0, 5.0, 2.0, 0.0, 4.0, 11.0, 20.0, 14.0, 17.0, 26.0, 30.0, 24.0, 31.0], [21.0, 30.0, 28.0, 25.0, 22.0, 17.0, 24.0, 17.0, 8.0, 14.0, 11.0, 2.0, 6.0, 0.0, 0.0]], [[34.0, 25.0, 24.0, 22.0, 21.0, 16.0, 0.0, 4.0, 13.0, 13.0, 13.0, 13.0, 13.0, 11.0, 4.0]], Vector{Float64}[], Vector{Float64}[]]"
y_box,[34.0 1.0 0.0 0.0 0.0 0.0 4.0 0.0 0.0 0.0 11.0 0.0 0.0 0.0 0.0; 0.0 0.0 0.0 0.0 0.0 0.0 0.0 0.0 0.0 0.0 0.0 0.0 0.0 0.0 0.0; 0.0 30.0 0.0 0.0 0.0 0.0 20.0 7.0 0.0 0.0 0.0 20.0 1.0 0.0 0.0; 0.0 0.0 15.0 0.0 0.0 0.0 0.0 11.0 9.0 1.0 0.0 2.0 17.0 17.0 25.0;;; 0.0 0.0 0.0 17.0 19.0 14.0 0.0 0.0 0.0 0.0 0.0 0.0 0.0 0.0 0.0; 0.0 0.0 0.0 0.0 0.0 0.0 0.0 0.0 0.0 0.0 0.0 0.0 0.0 0.0 0.0; 0.0 0.0 0.0 0.0 0.0 0.0 0.0 15.0 20.0 14.0 15.0 14.0 0.0 0.0 0.0; 0.0 0.0 0.0 0.0 0.0 0.0 0.0 0.0 0.0 0.0 0.0 12.0 30.0 24.0 31.0;;; 0.0 0.0 0.0 0.0 19.0 31.0 0.0 0.0 0.0 0.0 0.0 0.0 0.0 0.0 0.0; 0.0 0.0 0.0 0.0 0.0 0.0 0.0 0.0 0.0 0.0 0.0 0.0 0.0 0.0 0.0; 0.0 0.0 0.0 0.0 0.0 0.0 0.0 29.0 20.0 14.0 15.0 0.0 0.0 0.0 0.0; 0.0 0.0 0.0 0.0 0.0 0.0 0.0 0.0 0.0 0.0 0.0 26.0 22.0 24.0 25.0;;; 0.0 25.0 0.0 0.0 0.0 0.0 8.0 0.0 0.0 0.0 17.0 0.0 0.0 0.0 0.0; 0.0 0.0 0.0 0.0 0.0 0.0 0.0 0.0 0.0 0.0 0.0 0.0 0.0 0.0 0.0; 0.0 0.0 0.0 0.0 0.0 0.0 28.0 0.0 20.0 14.0 0.0 0.0 16.0 0.0 0.0; 0.0 0.0 27.0 0.0 29.0 0.0 0.0 0.0 0.0 0.0 0.0 14.0 0.0 10.0 17.0]
evol_bb,"[[1.805, 1.9117630565408e7], [6.038, 1.9117630565407995e7]]"
y_bb,[0.0 0.0 0.0 0.0 0.0 34.0 -0.0 -0.0 -0.0 -0.0 -0.0 -0.0 -0.0 -0.0 -0.0; -0.0 -0.0 -0.0 -0.0 -0.0 -0.0 0.0 -0.0 -0.0 -0.0 -0.0 -0.0 -0.0 -0.0 -0.0; -0.0 -0.0 -0.0 -0.0 -0.0 -0.0 -0.0 29.0 20.0 14.0 17.0 -0.0 -0.0 -0.0 -0.0; -0.0 -0.0 -0.0 -0.0 -0.0 -0.0 -0.0 -0.0 -0.0 -0.0 -0.0 26.0 30.0 24.0 31.0;;; 9.0 25.0 0.0 0.0 -0.0 -0.0 -0.0 -0.0 -0.0 -0.0 -0.0 -0.0 -0.0 -0.0 -0.0; -0.0 -0.0 -0.0 0.0 -0.0 -0.0 -0.0 -0.0 -0.0 -0.0 -0.0 -0.0 -0.0 -0.0 -0.0; -0.0 -0.0 24.0 -0.0 21.0 16.0 -0.0 -0.0 -0.0 0.0 -0.0 8.0 -0.0 11.0 -0.0; 25.0 -0.0 -0.0 22.0 0.0 0.0 -0.0 4.0 13.0 13.0 13.0 5.0 13.0 0.0 3.0;;; -0.0 -0.0 -0.0 -0.0 -0.0 -0.0 -0.0 -0.0 -0.0 -0.0 -0.0 -0.0 -0.0 -0.0 -0.0; -0.0 -0.0 -0.0 -0.0 -0.0 -0.0 -0.0 -0.0 -0.0 -0.0 -0.0 -0.0 -0.0 -0.0 -0.0; -0.0 -0.0 -0.0 -0.0 -0.0 -0.0 -0.0 -0.0 -0.0 -0.0 -0.0 -0.0 -0.0 -0.0 -0.0; -0.0 -0.0 -0.0 -0.0 -0.0 -0.0 -0.0 -0.0 -0.0 -0.0 -0.0 -0.0 -0.0 -0.0 -0.0;;; -0.0 -0.0 -0.0 -0.0 -0.0 -0.0 -0.0 -0.0 -0.0 -0.0 -0.0 -0.0 -0.0 -0.0 -0.0; -0.0 -0.0 -0.0 -0.0 -0.0 -0.0 -0.0 -0.0 -0.0 -0.0 -0.0 -0.0 -0.0 -0.0 -0.0; -0.0 -0.0 -0.0 -0.0 -0.0 -0.0 -0.0 -0.0 -0.0 -0.0 -0.0 -0.0 -0.0 -0.0 -0.0; -0.0 -0.0 -0.0 -0.0 -0.0 -0.0 -0.0 -0.0 -0.0 -0.0 -0.0 -0.0 -0.0 -0.0 -0.0]
evol_box,"[[0.499, 0.0], [2.28, 6431.630383611602], [2.44, 293833.2561982684], [2.555, 293833.2561986805], [2.698, 293833.2561986821], [3.071, 5.892662223171373e6], [3.637, 5.892662223171372e6], [4.394, 5.9902609932976365e6], [5.578, 6.857843842195173e6], [7.286, 7.533208231484103e6], [9.835, 8.112421702594144e6], [11.965, 8.402453271894556e6], [12.949, 8.402532506051313e6], [15.932, 8.692053698731542e6], [18.525, 8.692967030160554e6], [20.578, 9.078122290550856e6], [23.683, 9.078122290550852e6], [26.932, 9.078122290550854e6], [30.155, 9.46424329366966e6], [33.993, 9.464243293669654e6], [40.543, 9.465297645880032e6], [45.539, 9.65727155166458e6], [55.739, 9.753411447728183e6], [68.191, 9.753411447728183e6], [98.809, 9.946959966358671e6], [103.301, 9.946959966358598e6], [110.614, 1.0236464561961908e7], [128.289, 1.0332780540086728e7], [147.06, 1.0332780540086728e7], [167.79, 1.0429682261822103e7], [187.541, 1.0622325360907035e7], [196.933, 1.07189243859746e7], [208.417, 1.0720025982201606e7], [219.137, 1.0815363640587576e7], [263.606, 1.0815702306551497e7], [282.898, 1.0911969080235362e7], [335.305, 1.1105463291446345e7], [355.323, 1.110590590440551e7], [456.686, 1.1201648143635176e7], [492.18, 1.1298224542130325e7], [522.87, 1.13947646892195e7], [686.197, 1.1394768226523396e7], [781.101, 1.1780755923628498e7], [1010.735, 1.1492161751384996e7], [1188.527, 1.168463855163353e7], [1418.056, 1.1781688024513131e7], [1461.299, 1.2070843461055018e7], [1546.699, 1.1878219772993736e7], [1789.761, 1.1973809799873132e7], [2229.825, 1.226364833330771e7], [2500.034, 1.1974740176471708e7], [2744.471, 1.2071297450692235e7], [3012.906, 1.2263536307597619e7], [3600.053, 1.2263589647462904e7]]"
y_pb,[[-0.0 -0.0 -0.0 -0.0 -0.0 34.0 -0.0 -0.0 -0.0 -0.0 -0.0 -0.0 -0.0 -0.0 -0.0; -0.0 -0.0 -0.0 -0.0 -0.0 -0.0 0.0 -0.0 -0.0 -0.0 -0.0 -0.0 -0.0 -0.0 -0.0; -0.0 -0.0 -0.0 -0.0 -0.0 -0.0 -0.0 28.999999999999996 20.0 14.0 17.0 -0.0 -0.0 -0.0 -0.0; -0.0 -0.0 -0.0 -0.0 -0.0 -0.0 -0.0 -0.0 -0.0 -0.0 -0.0 26.0 30.0 24.0 31.0;;;]]
x_bb,"[34.0, -0.0, 80.0, 111.0]"
x_box,"[50.0, 0.0, 78.0, 97.0]"
evol_zeta,"[[2.372, 31.0], [2.457, 31.000000000000004], [2.578, 26.0], [2.713, 23.42857142857143], [3.09, 19.133333333333333], [3.66, 17.857142857142858], [4.412, 15.785714285714285], [5.593, 15.2], [7.307, 13.916667566925835], [9.867, 14.799999999999997], [11.98, 13.0], [12.957, 13.0], [15.94, 10.0], [18.543, 16.599999999999998], [20.587, 10.0], [23.696, 10.0], [26.95, 10.0], [30.178, 10.999999999999982], [34.025, 10.26666666666667], [40.551, 10.0], [45.563, 11.599999999999998], [55.769, 12.666666666666668], [68.218, 13.0], [98.832, 13.8], [103.32, 12.692307692307693], [110.637, 12.0], [128.317, 10.363636363636363], [147.088, 9.999999999999977], [167.811, 13.399999999999999], [187.566, 11.400000000000002], [196.949, 11.533333333333331], [208.478, 10.000000000000002], [219.171, 11.857142857142858], [263.621, 12.066666666666668], [282.94, 9.0], [335.352, 8.64285714285714], [355.359, 11.928571428571423], [456.718, 9.53333333333331], [492.22, 9.571428571428573], [522.922, 9.166666666666668], [686.225, 8.000000000900002], [781.127, 8.727272727272725], [1010.795, 8.2], [1188.598, 9.066666666666666], [1418.107, 7.333333333333332], [1461.348, 8.266666666666662], [1546.755, 7.307692307692307], [1789.792, 8.26666666666667], [2229.85, 10.066666666666666], [2500.085, 7.076923076923073], [2744.52, 8.0], [3012.932, 9.0], [3600.068, 0.0]]"
ξ_box,[34.0 29.0 29.0 30.0; 30.0 24.0 20.0 27.0; 28.0 25.0 21.0 27.0; 31.0 22.0 24.0 30.0; 34.0 19.0 26.0 29.0; 39.0 14.0 31.0 34.0; 24.0 33.0 26.0 36.0; 18.0 26.0 29.0 29.0; 9.0 20.0 20.0 20.0; 10.0 14.0 14.0 14.0; 11.0 15.0 15.0 17.0; 22.0 26.0 26.0 14.0; 18.0 30.0 22.0 16.0; 17.0 24.0 24.0 10.0; 24.0 31.0 25.0 17.0]
