first,second
s_box,[0.0 0.0 0.0 15.0 0.0; 0.0 0.0 0.0 2.0 0.0; 0.0 0.0 0.0 0.0 1.0; 0.0 0.0 0.0 8.0 0.0; 0.0 0.0 0.0 0.0 0.0; 0.0 0.0 0.0 0.0 0.0; 0.0 0.0 0.0 0.0 0.0; 20.0 18.0 0.0 0.0 0.0; 0.0 0.0 0.0 0.0 26.0; 0.0 0.0 0.0 0.0 0.0; 0.0 0.0 0.0 0.0 0.0; 19.0 0.0 0.0 0.0 0.0; 27.0 1.0 0.0 31.0 13.0; 0.0 0.0 30.0 10.0 26.0; 0.0 47.0 37.0 0.0 0.0]
x_pb,"[20.0, 17.0, 177.0, -0.0]"
s_bb,[0.0 -0.0 -0.0 -0.0 -0.0; 0.0 -0.0 -0.0 -0.0 -0.0; 0.0 -0.0 -0.0 -0.0 -0.0; 0.0 -0.0 -0.0 -0.0 -0.0; 0.0 -0.0 -0.0 -0.0 -0.0; 0.0 -0.0 -0.0 -0.0 -0.0; 0.0 -0.0 -0.0 -0.0 -0.0; 0.0 -0.0 -0.0 -0.0 -0.0; 0.0 -0.0 -0.0 -0.0 -0.0; 0.0 -0.0 -0.0 -0.0 -0.0; 0.0 -0.0 -0.0 -0.0 -0.0; 0.0 -0.0 -0.0 -0.0 -0.0; 32.0 -0.0 -0.0 -0.0 -0.0; 40.0 -0.0 -0.0 -0.0 -0.0; 47.0 -0.0 -0.0 -0.0 -0.0]
partition_bb,"[[[0.0, 0.0, 0.0, 0.0, 0.0, 3.0, 16.0, 19.0, 26.0, 24.0, 23.0, 19.0, 16.0, 25.0, 47.0], [0.0, 0.0, 0.0, 4.0, 5.0, 31.0, 16.0, 19.0, 26.0, 24.0, 21.0, 19.0, 16.0, 8.0, 28.0], [0.0, 0.0, 0.0, 0.0, 0.0, 0.0, 13.0, 17.0, 23.0, 24.0, 26.0, 30.0, 33.0, 35.0, 13.0], [15.0, 4.0, 1.0, 8.0, 9.0, 31.0, 16.0, 17.0, 10.0, 11.0, 13.0, 17.0, 20.0, 11.0, 33.0], [0.0, 0.0, 0.0, 0.0, 0.0, 2.0, 11.0, 15.0, 22.0, 22.0, 27.0, 28.0, 31.0, 40.0, 18.0], [4.0, 4.0, 1.0, 0.0, 0.0, 4.0, 15.0, 17.0, 24.0, 24.0, 29.0, 30.0, 31.0, 22.0, 0.0], [15.0, 4.0, 1.0, 8.0, 9.0, 31.0, 16.0, 20.0, 14.0, 15.0, 17.0, 21.0, 24.0, 22.0, 0.0]], Vector{Float64}[], Vector{Float64}[], Vector{Float64}[], Vector{Float64}[]]"
y_box,[0.0 3.0 0.0 2.0 3.0 7.0 0.0 0.0 0.0 0.0 0.0 0.0 0.0 0.0 0.0; 0.0 0.0 0.0 0.0 0.0 1.0 0.0 0.0 0.0 0.0 0.0 0.0 0.0 0.0 0.0; 0.0 0.0 0.0 0.0 0.0 21.0 16.0 0.0 26.0 24.0 23.0 6.0 0.0 35.0 47.0; 0.0 0.0 0.0 0.0 0.0 0.0 0.0 0.0 0.0 0.0 0.0 0.0 0.0 0.0 0.0;;; 12.0 2.0 1.0 0.0 0.0 0.0 0.0 0.0 0.0 0.0 0.0 0.0 0.0 0.0 0.0; 0.0 0.0 0.0 0.0 0.0 1.0 0.0 0.0 0.0 0.0 0.0 0.0 0.0 0.0 0.0; 3.0 0.0 0.0 8.0 9.0 9.0 14.0 0.0 25.0 24.0 22.0 26.0 27.0 31.0 0.0; 0.0 0.0 0.0 0.0 0.0 0.0 0.0 0.0 0.0 0.0 0.0 0.0 0.0 0.0 0.0;;; 14.0 1.0 0.0 0.0 0.0 0.0 0.0 0.0 0.0 0.0 0.0 0.0 0.0 0.0 0.0; 0.0 0.0 0.0 0.0 1.0 0.0 0.0 0.0 0.0 0.0 0.0 0.0 0.0 0.0 0.0; 0.0 0.0 0.0 0.0 0.0 27.0 14.0 18.0 25.0 24.0 29.0 27.0 30.0 4.0 0.0; 0.0 0.0 0.0 0.0 0.0 0.0 0.0 0.0 0.0 0.0 0.0 0.0 0.0 0.0 0.0;;; 0.0 0.0 0.0 0.0 9.0 0.0 6.0 0.0 0.0 0.0 0.0 0.0 0.0 0.0 0.0; 0.0 0.0 0.0 0.0 0.0 0.0 1.0 0.0 0.0 0.0 0.0 0.0 0.0 0.0 0.0; 0.0 0.0 1.0 0.0 0.0 29.0 8.0 19.0 26.0 24.0 27.0 28.0 0.0 13.0 23.0; 0.0 0.0 0.0 0.0 0.0 0.0 0.0 0.0 0.0 0.0 0.0 0.0 0.0 0.0 0.0;;; 0.0 0.0 0.0 0.0 0.0 0.0 0.0 0.0 0.0 0.0 0.0 15.0 0.0 0.0 0.0; 0.0 0.0 1.0 0.0 0.0 0.0 0.0 0.0 0.0 0.0 0.0 0.0 0.0 0.0 0.0; 15.0 2.0 0.0 4.0 5.0 31.0 16.0 19.0 0.0 24.0 21.0 4.0 10.0 0.0 47.0; 0.0 0.0 0.0 0.0 0.0 0.0 0.0 0.0 0.0 0.0 0.0 0.0 0.0 0.0 0.0]
evol_bb,"[[9.661, 1.4502977028812416e7]]"
y_bb,[15.0 4.0 1.0 -0.0 -0.0 -0.0 -0.0 -0.0 -0.0 -0.0 -0.0 -0.0 -0.0 -0.0 -0.0; -0.0 -0.0 -0.0 8.0 9.0 -0.0 -0.0 -0.0 -0.0 -0.0 -0.0 -0.0 -0.0 -0.0 -0.0; -0.0 -0.0 -0.0 -0.0 -0.0 31.0 16.0 20.0 26.0 24.0 29.0 30.0 1.0 0.0 -0.0; -0.0 -0.0 -0.0 -0.0 -0.0 -0.0 -0.0 -0.0 -0.0 -0.0 -0.0 -0.0 -0.0 -0.0 0.0;;; -0.0 -0.0 -0.0 -0.0 -0.0 -0.0 -0.0 -0.0 -0.0 -0.0 -0.0 -0.0 -0.0 -0.0 -0.0; -0.0 -0.0 -0.0 -0.0 -0.0 -0.0 -0.0 -0.0 -0.0 -0.0 -0.0 -0.0 -0.0 -0.0 -0.0; -0.0 -0.0 -0.0 -0.0 -0.0 -0.0 -0.0 -0.0 -0.0 -0.0 -0.0 -0.0 -0.0 -0.0 -0.0; -0.0 -0.0 -0.0 -0.0 -0.0 -0.0 -0.0 -0.0 -0.0 -0.0 -0.0 -0.0 -0.0 -0.0 -0.0;;; -0.0 -0.0 -0.0 -0.0 -0.0 -0.0 -0.0 -0.0 -0.0 -0.0 -0.0 -0.0 -0.0 -0.0 -0.0; -0.0 -0.0 -0.0 -0.0 -0.0 -0.0 -0.0 -0.0 -0.0 -0.0 -0.0 -0.0 -0.0 -0.0 -0.0; -0.0 -0.0 -0.0 -0.0 -0.0 -0.0 -0.0 -0.0 -0.0 -0.0 -0.0 -0.0 -0.0 -0.0 -0.0; -0.0 -0.0 -0.0 -0.0 -0.0 -0.0 -0.0 -0.0 -0.0 -0.0 -0.0 -0.0 -0.0 -0.0 -0.0;;; -0.0 -0.0 -0.0 -0.0 -0.0 -0.0 -0.0 -0.0 -0.0 -0.0 -0.0 -0.0 -0.0 -0.0 -0.0; -0.0 -0.0 -0.0 -0.0 -0.0 -0.0 -0.0 -0.0 -0.0 -0.0 -0.0 -0.0 -0.0 -0.0 -0.0; -0.0 -0.0 -0.0 -0.0 -0.0 -0.0 -0.0 -0.0 -0.0 -0.0 -0.0 -0.0 -0.0 -0.0 -0.0; -0.0 -0.0 -0.0 -0.0 -0.0 -0.0 -0.0 -0.0 -0.0 -0.0 -0.0 -0.0 -0.0 -0.0 -0.0;;; -0.0 -0.0 -0.0 -0.0 -0.0 -0.0 -0.0 -0.0 -0.0 -0.0 -0.0 -0.0 -0.0 -0.0 -0.0; -0.0 -0.0 -0.0 -0.0 -0.0 -0.0 -0.0 -0.0 -0.0 -0.0 -0.0 -0.0 -0.0 -0.0 -0.0; -0.0 -0.0 -0.0 -0.0 -0.0 -0.0 -0.0 -0.0 -0.0 -0.0 -0.0 -0.0 -0.0 -0.0 -0.0; -0.0 -0.0 -0.0 -0.0 -0.0 -0.0 -0.0 -0.0 -0.0 -0.0 -0.0 -0.0 -0.0 -0.0 -0.0]
evol_box,"[[0.461, 0.0], [2.216, 495211.2502424434], [2.332, 495211.2502424434], [2.497, 737882.906961318], [2.67, 737882.906961318], [2.884, 737882.906961318], [4.513, 2.5651659748356286e6], [5.217, 3.2964115281498963e6], [6.756, 3.7835765261857403e6], [8.599, 4.6353948464597985e6], [11.413, 4.63635636018516e6], [14.213, 4.63635636018516e6], [16.958, 4.63635636018516e6], [19.544, 5.610596298650207e6], [23.292, 5.731460238740258e6], [30.535, 5.732423321214986e6], [34.908, 5.975498930659835e6], [39.475, 6.098135367225551e6], [46.506, 6.098135367225552e6], [50.564, 6.098155383745986e6], [56.991, 6.219195544065697e6], [61.745, 6.46281105520919e6], [64.985, 6.58463880245915e6], [82.319, 6.829162499544604e6], [94.51, 6.950482549621306e6], [105.998, 6.950924169159787e6], [119.961, 7.072559227029259e6], [180.987, 7.072697013892758e6], [260.124, 7.1942506615743525e6], [318.573, 7.316450080471775e6], [376.687, 7.4373679974259585e6], [435.376, 7.437337602153971e6], [444.055, 7.437355723853409e6], [558.765, 7.438149283428434e6], [702.204, 7.5597047272332255e6], [932.057, 7.681023491925878e6], [957.129, 7.8028512391758375e6], [1257.601, 7.924596896412263e6], [1489.017, 7.925217864989489e6], [1939.012, 8.046666470124189e6], [2899.991, 8.047082129469239e6], [3407.509, 8.168315259866573e6], [3600.038, 8.168578678294463e6]]"
y_pb,[[15.0 4.0 1.0 -0.0 -0.0 -0.0 -0.0 -0.0 -0.0 -0.0 -0.0 -0.0 -0.0 -0.0 -0.0; -0.0 -0.0 -0.0 8.0 9.0 -0.0 -0.0 -0.0 -0.0 -0.0 -0.0 -0.0 -0.0 -0.0 -0.0; -0.0 -0.0 -0.0 -0.0 -0.0 31.0 16.0 20.0 26.0 24.0 28.999999999999996 30.0 1.0 -0.0 -0.0; -0.0 -0.0 -0.0 -0.0 -0.0 -0.0 -0.0 -0.0 -0.0 -0.0 -0.0 -0.0 -0.0 0.0 -0.0;;;]]
x_bb,"[20.0, 17.0, 177.0, 0.0]"
x_box,"[15.0, 1.0, 198.0, 0.0]"
evol_zeta,"[[1.842, 47.0], [2.3, 28.0], [2.369, 24.5], [2.504, 24.75], [2.677, 15.0], [2.891, 15.0], [4.522, 11.0], [5.225, 11.0], [6.777, 15.0], [8.622, 15.0], [11.441, 15.0], [14.245, 14.400000000000002], [16.999, 12.90909090909091], [19.578, 13.000000000000007], [23.315, 13.166666666666668], [30.565, 15.0], [34.939, 10.2], [39.51, 12.09090909090909], [46.542, 11.499999999999998], [50.614, 10.727272727272728], [57.04, 12.000000749675754], [61.762, 11.461542588293847], [65.021, 8.6], [82.362, 12.416666666666668], [94.545, 8.0], [106.022, 7.700000000000003], [120.003, 11.153846153846155], [181.022, 9.0], [260.163, 10.5], [318.619, 7.727275445826011], [376.715, 10.636363636363637], [435.422, 8.500000000000004], [444.086, 9.0], [558.803, 9.7], [702.213, 7.000000000800014], [932.096, 8.0], [957.142, 9.0], [1257.634, 8.0], [1489.059, 8.000000000000004], [1939.053, 7.5], [2900.019, 8.399999999999999], [3407.542, 7.636363636363637], [3600.062, 0.0]]"
ξ_box,[-0.0 15.0 14.0 15.0 15.0; 3.0 2.0 1.0 2.0 2.0; 0.0 1.0 0.0 1.0 1.0; 2.0 8.0 0.0 8.0 4.0; 3.0 9.0 1.0 9.0 5.0; 29.0 10.0 27.0 29.0 31.0; 16.0 14.0 14.0 15.0 16.0; 20.0 18.0 18.0 19.0 18.999999999999996; 26.0 25.0 25.0 26.0 26.0; 24.0 23.999999999999996 24.0 24.0 24.0; 23.0 22.0 29.0 27.000000000000004 21.0; 24.0 26.0 27.0 28.0 19.0; 27.0 28.0 30.0 31.0 17.0; 35.0 31.0 34.0 23.000000000000004 26.0; 47.0 47.0 37.0 23.0 45.0]
