first,second
s_box,[0.0 0.0 0.0 15.0; 0.0 0.0 0.0 0.0; 0.0 0.0 0.0 0.0; 8.0 0.0 0.0 0.0; 0.0 0.0 0.0 9.0; 0.0 0.0 30.0 0.0; 0.0 0.0 0.0 0.0; 0.0 0.0 0.0 0.0; 0.0 0.0 0.0 0.0; 0.0 0.0 0.0 24.0; 0.0 0.0 0.0 0.0; 0.0 0.0 0.0 28.0; 0.0 19.0 0.0 0.0; 22.0 34.0 0.0 0.0; 46.0 24.0 46.0 0.0]
x_pb,"[20.0, 17.0, 177.0, -0.0]"
s_bb,[0.0 -0.0 -0.0 -0.0; 0.0 -0.0 -0.0 -0.0; 0.0 -0.0 -0.0 -0.0; 0.0 -0.0 -0.0 -0.0; 0.0 -0.0 -0.0 -0.0; 0.0 -0.0 -0.0 -0.0; 0.0 -0.0 -0.0 -0.0; 0.0 -0.0 -0.0 -0.0; 0.0 -0.0 -0.0 -0.0; 0.0 -0.0 -0.0 -0.0; 0.0 -0.0 -0.0 -0.0; 0.0 -0.0 -0.0 -0.0; 32.0 -0.0 -0.0 -0.0; 40.0 -0.0 -0.0 -0.0; 47.0 -0.0 -0.0 -0.0]
partition_bb,"[[[0.0, 0.0, 0.0, 0.0, 0.0, 3.0, 16.0, 19.0, 26.0, 24.0, 23.0, 19.0, 16.0, 25.0, 47.0], [0.0, 0.0, 0.0, 4.0, 5.0, 31.0, 16.0, 19.0, 26.0, 24.0, 21.0, 19.0, 16.0, 8.0, 28.0], [0.0, 0.0, 0.0, 0.0, 0.0, 0.0, 13.0, 17.0, 23.0, 24.0, 26.0, 30.0, 33.0, 35.0, 13.0], [15.0, 4.0, 1.0, 8.0, 9.0, 31.0, 16.0, 17.0, 10.0, 11.0, 13.0, 17.0, 20.0, 11.0, 33.0], [0.0, 0.0, 0.0, 0.0, 0.0, 2.0, 11.0, 15.0, 22.0, 22.0, 27.0, 28.0, 31.0, 40.0, 18.0], [4.0, 4.0, 1.0, 0.0, 0.0, 4.0, 15.0, 17.0, 24.0, 24.0, 29.0, 30.0, 31.0, 22.0, 0.0], [15.0, 4.0, 1.0, 8.0, 9.0, 31.0, 16.0, 20.0, 14.0, 15.0, 17.0, 21.0, 24.0, 22.0, 0.0]], Vector{Float64}[], Vector{Float64}[], Vector{Float64}[]]"
y_box,[15.0 0.0 0.0 0.0 0.0 0.0 0.0 0.0 0.0 0.0 0.0 1.0 0.0 0.0 0.0; 0.0 4.0 1.0 0.0 9.0 0.0 0.0 0.0 0.0 0.0 0.0 3.0 0.0 0.0 0.0; 0.0 0.0 0.0 0.0 0.0 31.0 16.0 20.0 26.0 24.0 23.0 15.0 19.0 6.0 1.0; 0.0 0.0 0.0 0.0 0.0 0.0 0.0 0.0 0.0 0.0 0.0 0.0 0.0 0.0 0.0;;; 12.0 3.0 1.0 0.0 0.0 0.0 0.0 0.0 0.0 0.0 0.0 0.0 0.0 0.0 0.0; 0.0 0.0 0.0 8.0 9.0 0.0 0.0 0.0 0.0 0.0 0.0 0.0 0.0 0.0 0.0; 0.0 0.0 0.0 0.0 0.0 26.0 16.0 20.0 26.0 24.0 28.0 30.0 11.0 0.0 0.0; 0.0 0.0 0.0 0.0 0.0 0.0 0.0 0.0 0.0 0.0 0.0 0.0 0.0 0.0 0.0;;; 0.0 0.0 1.0 3.0 4.0 0.0 0.0 0.0 0.0 8.0 0.0 0.0 0.0 0.0 0.0; 15.0 2.0 0.0 0.0 0.0 0.0 0.0 0.0 0.0 0.0 0.0 0.0 0.0 0.0 0.0; 0.0 0.0 0.0 0.0 0.0 0.0 16.0 20.0 19.0 11.0 24.0 25.0 28.0 37.0 1.0; 0.0 0.0 0.0 0.0 0.0 0.0 0.0 0.0 0.0 0.0 0.0 0.0 0.0 0.0 0.0;;; 0.0 0.0 0.0 0.0 0.0 6.0 0.0 0.0 0.0 0.0 0.0 0.0 10.0 0.0 0.0; 0.0 0.0 0.0 0.0 0.0 0.0 0.0 0.0 0.0 0.0 0.0 0.0 17.0 0.0 0.0; 0.0 3.0 1.0 6.0 0.0 14.0 16.0 20.0 26.0 0.0 29.0 2.0 0.0 21.0 43.0; 0.0 0.0 0.0 0.0 0.0 0.0 0.0 0.0 0.0 0.0 0.0 0.0 0.0 0.0 0.0]
evol_bb,"[[6.606, 1.4502977028812416e7]]"
y_bb,[15.0 4.0 1.0 -0.0 -0.0 -0.0 -0.0 -0.0 -0.0 -0.0 -0.0 -0.0 -0.0 -0.0 -0.0; -0.0 -0.0 -0.0 8.0 9.0 -0.0 -0.0 -0.0 -0.0 -0.0 -0.0 -0.0 -0.0 -0.0 -0.0; -0.0 -0.0 -0.0 -0.0 -0.0 31.0 16.0 20.0 26.0 24.0 29.0 30.0 1.0 0.0 -0.0; -0.0 -0.0 -0.0 -0.0 -0.0 -0.0 -0.0 -0.0 -0.0 -0.0 -0.0 -0.0 -0.0 -0.0 0.0;;; -0.0 -0.0 -0.0 -0.0 -0.0 -0.0 -0.0 -0.0 -0.0 -0.0 -0.0 -0.0 -0.0 -0.0 -0.0; -0.0 -0.0 -0.0 -0.0 -0.0 -0.0 -0.0 -0.0 -0.0 -0.0 -0.0 -0.0 -0.0 -0.0 -0.0; -0.0 -0.0 -0.0 -0.0 -0.0 -0.0 -0.0 -0.0 -0.0 -0.0 -0.0 -0.0 -0.0 -0.0 -0.0; -0.0 -0.0 -0.0 -0.0 -0.0 -0.0 -0.0 -0.0 -0.0 -0.0 -0.0 -0.0 -0.0 -0.0 -0.0;;; -0.0 -0.0 -0.0 -0.0 -0.0 -0.0 -0.0 -0.0 -0.0 -0.0 -0.0 -0.0 -0.0 -0.0 -0.0; -0.0 -0.0 -0.0 -0.0 -0.0 -0.0 -0.0 -0.0 -0.0 -0.0 -0.0 -0.0 -0.0 -0.0 -0.0; -0.0 -0.0 -0.0 -0.0 -0.0 -0.0 -0.0 -0.0 -0.0 -0.0 -0.0 -0.0 -0.0 -0.0 -0.0; -0.0 -0.0 -0.0 -0.0 -0.0 -0.0 -0.0 -0.0 -0.0 -0.0 -0.0 -0.0 -0.0 -0.0 -0.0;;; -0.0 -0.0 -0.0 -0.0 -0.0 -0.0 -0.0 -0.0 -0.0 -0.0 -0.0 -0.0 -0.0 -0.0 -0.0; -0.0 -0.0 -0.0 -0.0 -0.0 -0.0 -0.0 -0.0 -0.0 -0.0 -0.0 -0.0 -0.0 -0.0 -0.0; -0.0 -0.0 -0.0 -0.0 -0.0 -0.0 -0.0 -0.0 -0.0 -0.0 -0.0 -0.0 -0.0 -0.0 -0.0; -0.0 -0.0 -0.0 -0.0 -0.0 -0.0 -0.0 -0.0 -0.0 -0.0 -0.0 -0.0 -0.0 -0.0 -0.0]
evol_box,"[[0.529, 0.0], [2.369, 495211.2502424434], [2.485, 495211.2502421178], [2.526, 495211.2502424434], [2.634, 616702.9785229091], [2.913, 3.2964200088723255e6], [3.679, 4.0273498103649085e6], [4.328, 4.0273498103649085e6], [5.226, 5.001535186871012e6], [6.757, 5.001535186871012e6], [8.448, 5.001535186871012e6], [9.634, 5.853897448528849e6], [10.857, 5.854216631841298e6], [13.134, 6.462971843420198e6], [16.712, 6.70672918752474e6], [19.457, 7.072109427224602e6], [22.152, 7.072109427224603e6], [25.575, 7.193556287257746e6], [29.37, 7.437056169014263e6], [34.478, 7.437056169014263e6], [37.4, 7.437606013013221e6], [41.493, 7.803137249181837e6], [54.089, 7.924513850104334e6], [62.599, 7.924536323624326e6], [72.562, 7.924861581157526e6], [97.385, 8.046881373081405e6], [103.994, 8.16862464627808e6], [120.653, 8.168869730600752e6], [136.607, 8.290168519630808e6], [158.383, 8.411735263691466e6], [166.299, 8.411784424715992e6], [174.544, 8.533505894263897e6], [200.954, 8.533505894263897e6], [210.201, 8.534206810725285e6], [250.7, 8.65566612220018e6], [282.38, 8.656213245507892e6], [330.09, 8.777120183392292e6], [392.804, 8.777602935421158e6], [463.9, 8.899087458062828e6], [521.127, 8.899593907048322e6], [676.573, 9.020834396073904e6], [1005.33, 9.020834396073904e6], [1149.305, 9.020834396073904e6], [1238.703, 9.02132486626226e6], [1256.45, 9.142603425142169e6], [2187.674, 9.142841062142026e6], [2285.346, 9.142842945955653e6], [2411.005, 9.142842945955653e6], [2586.164, 9.264467406671673e6], [2743.984, 9.264796663512375e6], [2933.893, 9.264909851603596e6], [3410.74, 9.265172046893911e6], [3600.026, 9.386465031521333e6]]"
y_pb,[[15.0 4.0 1.0 -0.0 -0.0 -0.0 -0.0 -0.0 -0.0 -0.0 -0.0 -0.0 -0.0 -0.0 -0.0; -0.0 -0.0 -0.0 8.0 9.0 -0.0 -0.0 -0.0 -0.0 -0.0 -0.0 -0.0 -0.0 -0.0 -0.0; -0.0 -0.0 -0.0 -0.0 -0.0 31.0 16.0 20.0 26.0 24.0 28.999999999999996 30.0 1.0 -0.0 -0.0; -0.0 -0.0 -0.0 -0.0 -0.0 -0.0 -0.0 -0.0 -0.0 -0.0 -0.0 -0.0 -0.0 0.0 -0.0;;;]]
x_bb,"[20.0, 17.0, 177.0, 0.0]"
x_box,"[16.0, 17.0, 181.0, 0.0]"
evol_zeta,"[[2.462, 28.0], [2.494, 26.833333333333336], [2.533, 24.583333333333336], [2.641, 15.0], [2.916, 15.0], [3.702, 15.0], [4.34, 15.0], [5.257, 11.0], [6.776, 15.0], [8.468, 15.0], [9.655, 10.09090909090909], [10.87, 9.0], [13.15, 8.999999999999986], [16.743, 11.0], [19.475, 9.0], [22.172, 10.200001198321234], [25.598, 9.0], [29.39, 9.0], [34.502, 8.999999999999986], [37.414, 8.000000000900002], [41.525, 8.0], [54.112, 8.0], [62.622, 11.63636353804095], [72.579, 9.0], [97.414, 9.0], [104.011, 8.000000000000135], [120.665, 11.0], [136.613, 9.0], [158.418, 11.636363636363637], [166.316, 8.0], [174.562, 7.0], [200.989, 6.999999999999999], [210.215, 8.0], [250.718, 8.0], [282.413, 6.999999999999999], [330.1, 8.0], [392.823, 7.0], [463.924, 9.3], [521.166, 10.299999999999997], [676.606, 7.0], [1005.352, 7.0], [1149.328, 7.0], [1238.729, 6.0], [1256.468, 8.0], [2187.694, 10.90909090909091], [2285.362, 6.999999999999982], [2411.037, 7.0], [2586.175, 7.0], [2744.012, 7.0], [2933.916, 7.0], [3410.772, 7.0], [3600.04, 0.0]]"
ξ_box,[15.0 12.0 15.0 15.0; 4.0 3.0 2.0 3.0; 1.0 1.0 1.0 1.0; 8.0 8.0 3.0 6.0; 9.0 9.0 4.0 9.0; 31.0 26.0 30.0 20.0; 16.0 16.0 16.0 16.0; 20.0 20.0 20.0 20.0; 26.0 26.0 19.0 26.0; 24.0 24.0 19.0 24.0; 23.0 28.0 24.0 29.0; 19.0 30.0 25.0 30.0; 19.0 30.0 28.0 27.0; 28.0 34.0 37.0 21.0; 47.0 24.0 47.0 43.0]
