first,second
s_box,[39.0; 0.0; 0.0; 0.0; 0.0; 0.0; 16.0; 0.0; 25.0; 2.0; 29.0; 37.0; 0.0; 0.0; 0.0;;]
x_pb,"[52.0, 21.0, 47.0, 123.0]"
s_bb,[39.0; 0.0; 0.0; 0.0; 0.0; 0.0; 16.0; 0.0; 25.0; 2.0; 29.0; 37.0; 0.0; 0.0; 0.0;;]
partition_bb,"[[[0.0, 10.0, 8.0, 12.0, 5.0, 0.0, 6.0, 11.0, 15.0, 16.0, 18.0, 20.0, 37.0, 41.0, 45.0], [39.0, 21.0, 19.0, 12.0, 5.0, 16.0, 16.0, 10.0, 7.0, 3.0, 5.0, 7.0, 24.0, 28.0, 32.0], [20.0, 2.0, 0.0, 0.0, 0.0, 8.0, 11.0, 17.0, 17.0, 27.0, 28.0, 37.0, 18.0, 15.0, 19.0], [0.0, 18.0, 19.0, 12.0, 5.0, 12.0, 16.0, 22.0, 25.0, 27.0, 25.0, 23.0, 4.0, 1.0, 0.0], [3.0, 21.0, 19.0, 12.0, 5.0, 16.0, 16.0, 20.0, 25.0, 27.0, 29.0, 29.0, 10.0, 7.0, 4.0]]]"
y_box,[0.0 21.0 19.0 12.0 -0.0 -0.0 -0.0 -0.0 -0.0 -0.0 -0.0 -0.0 -0.0 -0.0 -0.0; -0.0 -0.0 -0.0 -0.0 5.0 16.0 -0.0 -0.0 -0.0 -0.0 -0.0 -0.0 -0.0 -0.0 -0.0; -0.0 -0.0 -0.0 -0.0 -0.0 -0.0 0.0 22.0 0.0 25.0 0.0 0.0 -0.0 -0.0 -0.0; -0.0 -0.0 -0.0 -0.0 -0.0 -0.0 -0.0 -0.0 -0.0 -0.0 -0.0 -0.0 37.0 41.0 45.0;;;]
evol_bb,"[[0.364, 1.5404580289430872e7]]"
y_bb,[0.0 21.0 19.0 12.0 -0.0 -0.0 -0.0 -0.0 -0.0 -0.0 -0.0 -0.0 -0.0 -0.0 -0.0; -0.0 -0.0 -0.0 -0.0 5.0 16.0 -0.0 -0.0 -0.0 -0.0 -0.0 -0.0 -0.0 -0.0 -0.0; -0.0 -0.0 -0.0 -0.0 -0.0 -0.0 0.0 22.0 0.0 25.0 0.0 0.0 -0.0 -0.0 -0.0; -0.0 -0.0 -0.0 -0.0 -0.0 -0.0 -0.0 -0.0 -0.0 -0.0 -0.0 -0.0 37.0 41.0 45.0;;;]
evol_box,"[[0.703, 0.0], [2.928, 107711.11632772796], [3.03, 1.197052497809979e7], [3.036, 1.530051780819964e7], [3.042, 1.5404580289430872e7]]"
y_pb,[[-0.0 21.0 19.0 12.0 -0.0 -0.0 -0.0 -0.0 -0.0 -0.0 -0.0 -0.0 -0.0 -0.0 -0.0; -0.0 -0.0 -0.0 -0.0 5.0 16.0 -0.0 -0.0 -0.0 -0.0 -0.0 -0.0 -0.0 -0.0 -0.0; -0.0 -0.0 -0.0 -0.0 -0.0 -0.0 -0.0 22.0 -0.0 25.0 -0.0 -0.0 -0.0 -0.0 -0.0; -0.0 -0.0 -0.0 -0.0 -0.0 -0.0 -0.0 -0.0 -0.0 -0.0 -0.0 -0.0 36.99999999999999 41.0 44.99999999999999;;;]]
x_bb,"[52.0, 21.0, 47.0, 123.0]"
x_box,"[52.0, 21.0, 47.0, 123.0]"
evol_zeta,"[[2.4, 45.0], [3.028, 39.0], [3.034, 17.0], [3.04, 1.0], [3.06, 0.0]]"
ξ_box,[39.0; 21.0; 19.0; 12.0; 5.0; 16.0; 16.0; 22.0; 25.0; 27.0; 29.0; 37.0; 37.0; 41.0; 45.0;;]
