first,second
s_box,[0.0; 0.0; 0.0; 22.0; 6.0; 2.0; 2.0; 6.0; 14.0; 7.0; 0.0; 0.0; 0.0; 0.0; 0.0;;]
x_pb,"[46.0, 68.0, -0.0, 108.0]"
s_bb,[0.0; 0.0; 0.0; 22.0; 6.0; 2.0; 2.0; 6.0; 14.0; 7.0; 0.0; 0.0; 0.0; 0.0; 0.0;;]
partition_bb,"[[[46.0, 45.0, 23.0, 22.0, 6.0, 0.0, 0.0, 0.0, 1.0, 4.0, 4.0, 5.0, 8.0, 27.0, 33.0], [7.0, 0.0, 23.0, 22.0, 6.0, 0.0, 2.0, 6.0, 14.0, 15.0, 17.0, 12.0, 9.0, 27.0, 16.0], [34.0, 33.0, 8.0, 0.0, 6.0, 2.0, 2.0, 6.0, 14.0, 15.0, 17.0, 12.0, 9.0, 28.0, 34.0]]]"
y_box,[46.0 -0.0 -0.0 -0.0 -0.0 -0.0 -0.0 -0.0 -0.0 -0.0 -0.0 -0.0 -0.0 -0.0 -0.0; -0.0 45.0 23.0 0.0 -0.0 -0.0 -0.0 -0.0 -0.0 -0.0 -0.0 -0.0 -0.0 -0.0 -0.0; -0.0 -0.0 -0.0 -0.0 0.0 0.0 0.0 -0.0 -0.0 -0.0 -0.0 -0.0 -0.0 -0.0 -0.0; -0.0 -0.0 -0.0 -0.0 -0.0 -0.0 -0.0 0.0 0.0 8.0 17.0 12.0 9.0 28.0 34.0;;;]
evol_bb,"[[0.472, 7.972141519279096e6]]"
y_bb,[46.0 -0.0 -0.0 -0.0 -0.0 -0.0 -0.0 -0.0 -0.0 -0.0 -0.0 -0.0 -0.0 -0.0 -0.0; -0.0 45.0 23.0 0.0 -0.0 -0.0 -0.0 -0.0 -0.0 -0.0 -0.0 -0.0 -0.0 -0.0 -0.0; -0.0 -0.0 -0.0 -0.0 0.0 0.0 0.0 -0.0 -0.0 -0.0 -0.0 -0.0 -0.0 -0.0 -0.0; -0.0 -0.0 -0.0 -0.0 -0.0 -0.0 -0.0 0.0 0.0 8.0 17.0 12.0 9.0 28.0 34.0;;;]
evol_box,"[[0.755, 0.0], [3.464, 273223.9805479964], [3.588, 4.865558141051374e6], [3.596, 6.891570970468288e6], [3.604, 7.161719077994512e6], [3.671, 7.702010838925267e6], [3.715, 7.972141519279096e6]]"
y_pb,[[46.0 -0.0 -0.0 -0.0 -0.0 -0.0 -0.0 -0.0 -0.0 -0.0 -0.0 -0.0 -0.0 -0.0 -0.0; -0.0 44.99999999999999 23.0 -0.0 -0.0 -0.0 -0.0 -0.0 -0.0 -0.0 -0.0 -0.0 -0.0 -0.0 -0.0; -0.0 -0.0 -0.0 -0.0 0.0 -0.0 -0.0 -0.0 -0.0 -0.0 -0.0 -0.0 -0.0 -0.0 -0.0; -0.0 -0.0 -0.0 -0.0 -0.0 -0.0 -0.0 -0.0 -0.0 8.0 17.0 12.0 9.0 28.0 34.0;;;]]
x_bb,"[46.0, 68.0, 0.0, 108.0]"
x_box,"[46.0, 68.0, 0.0, 108.0]"
evol_zeta,"[[2.884, 46.0], [3.586, 13.0], [3.594, 7.0], [3.601, 2.0], [3.669, 2.0], [3.713, 1.0000000002000036], [3.757, 0.0]]"
ξ_box,[46.0; 45.0; 23.0; 22.0; 6.0; 2.0; 2.0; 6.0; 14.0; 15.0; 17.0; 12.0; 9.0; 28.0; 34.0;;]
