first,second
s_box,[0.0 0.0 0.0 0.0; 0.0 17.0 0.0 0.0; 0.0 0.0 3.0 0.0; 0.0 0.0 10.0 18.0; 0.0 19.0 19.0 0.0; 0.0 12.0 27.0 0.0; 0.0 0.0 29.0 17.0; 0.0 0.0 0.0 23.0; 15.0 0.0 0.0 28.0; 26.0 27.0 0.0 0.0; 22.0 0.0 0.0 0.0; 21.0 0.0 0.0 3.0; 19.0 6.0 0.0 0.0; 18.0 36.0 32.0 0.0; 0.0 0.0 0.0 31.0]
x_pb,"[92.0, 61.0, 33.0, 37.0]"
s_bb,[-0.0 30.0 -0.0 -0.0; -0.0 -0.0 -0.0 -0.0; -0.0 -0.0 -0.0 -0.0; -0.0 -0.0 -0.0 -0.0; -0.0 21.0 -0.0 -0.0; -0.0 -0.0 -0.0 -0.0; -0.0 -0.0 -0.0 -0.0; -0.0 -0.0 -0.0 -0.0; 16.0 -0.0 -0.0 -0.0; 27.0 27.0 -0.0 -0.0; 31.0 19.0 -0.0 -0.0; 32.0 -0.0 -0.0 -0.0; 34.0 -0.0 -0.0 -0.0; 37.0 27.0 -0.0 -0.0; 0.0 37.0 -0.0 -0.0]
partition_bb,"[[[0.0, 12.0, 6.0, 18.0, 21.0, 13.0, 13.0, 23.0, 18.0, 8.0, 9.0, 13.0, 14.0, 18.0, 37.0], [30.0, 17.0, 6.0, 12.0, 21.0, 29.0, 30.0, 20.0, 15.0, 0.0, 0.0, 4.0, 5.0, 9.0, 28.0], [0.0, 0.0, 0.0, 6.0, 15.0, 23.0, 22.0, 12.0, 10.0, 27.0, 31.0, 27.0, 26.0, 22.0, 3.0], [2.0, 15.0, 6.0, 0.0, 0.0, 0.0, 0.0, 6.0, 11.0, 27.0, 28.0, 32.0, 33.0, 37.0, 26.0], [0.0, 1.0, 6.0, 12.0, 21.0, 29.0, 21.0, 23.0, 28.0, 21.0, 20.0, 16.0, 15.0, 11.0, 0.0], [0.0, 0.0, 0.0, 0.0, 2.0, 5.0, 13.0, 23.0, 18.0, 27.0, 29.0, 31.0, 34.0, 30.0, 11.0]], [[30.0, 17.0, 6.0, 6.0, 0.0, 0.0, 0.0, 5.0, 10.0, 27.0, 30.0, 28.0, 31.0, 27.0, 8.0], [0.0, 1.0, 6.0, 12.0, 21.0, 29.0, 32.0, 22.0, 17.0, 6.0, 7.0, 11.0, 12.0, 16.0, 35.0], [0.0, 3.0, 6.0, 18.0, 21.0, 29.0, 32.0, 23.0, 28.0, 15.0, 11.0, 15.0, 12.0, 10.0, 0.0], [0.0, 0.0, 6.0, 7.0, 20.0, 24.0, 32.0, 22.0, 17.0, 8.0, 9.0, 13.0, 14.0, 18.0, 37.0]], Vector{Float64}[], Vector{Float64}[]]"
y_box,[30.0 17.0 6.0 18.0 21.0 0.0 0.0 0.0 0.0 0.0 0.0 0.0 0.0 0.0 0.0; 0.0 0.0 0.0 0.0 0.0 28.0 30.0 0.0 0.0 0.0 0.0 0.0 0.0 0.0 0.0; 0.0 0.0 0.0 0.0 0.0 0.0 0.0 23.0 13.0 0.0 0.0 0.0 0.0 0.0 0.0; 0.0 0.0 0.0 0.0 0.0 0.0 0.0 0.0 0.0 0.0 0.0 0.0 0.0 0.0 37.0;;; 30.0 0.0 0.0 18.0 0.0 0.0 0.0 12.0 0.0 0.0 0.0 32.0 0.0 0.0 0.0; 0.0 0.0 6.0 0.0 0.0 0.0 0.0 0.0 11.0 0.0 15.0 0.0 26.0 0.0 0.0; 0.0 0.0 0.0 0.0 0.0 0.0 20.0 0.0 0.0 0.0 16.0 0.0 0.0 0.0 0.0; 0.0 0.0 0.0 0.0 0.0 0.0 0.0 0.0 0.0 0.0 0.0 0.0 0.0 0.0 37.0;;; 26.0 14.0 0.0 0.0 0.0 0.0 0.0 0.0 0.0 0.0 15.0 0.0 0.0 0.0 37.0; 0.0 0.0 0.0 0.0 0.0 0.0 0.0 21.0 0.0 10.0 0.0 27.0 0.0 0.0 0.0; 0.0 0.0 0.0 0.0 0.0 0.0 0.0 0.0 0.0 8.0 0.0 0.0 28.0 0.0 0.0; 0.0 0.0 1.0 0.0 0.0 0.0 0.0 0.0 23.0 4.0 9.0 0.0 0.0 0.0 0.0;;; 0.0 0.0 0.0 0.0 0.0 0.0 1.0 0.0 0.0 27.0 0.0 0.0 30.0 34.0 0.0; 23.0 0.0 0.0 0.0 19.0 0.0 0.0 0.0 0.0 0.0 16.0 0.0 0.0 0.0 0.0; 0.0 17.0 0.0 0.0 0.0 11.0 0.0 0.0 0.0 0.0 8.0 0.0 0.0 0.0 0.0; 0.0 0.0 6.0 0.0 0.0 0.0 0.0 0.0 0.0 0.0 3.0 26.0 2.0 0.0 0.0]
evol_bb,"[[0.894, 1.9378255439534526e7], [1473.46, 1.927004323774062e7], [2851.677, 1.9161819928122655e7]]"
y_bb,[30.0 17.0 6.0 18.0 21.0 0.0 -0.0 -0.0 -0.0 -0.0 -0.0 -0.0 -0.0 -0.0 -0.0; -0.0 -0.0 -0.0 0.0 0.0 29.0 30.0 -0.0 -0.0 -0.0 -0.0 -0.0 -0.0 -0.0 -0.0; -0.0 -0.0 -0.0 -0.0 -0.0 -0.0 -0.0 23.0 12.0 -0.0 -0.0 -0.0 -0.0 -0.0 -0.0; -0.0 -0.0 -0.0 -0.0 -0.0 -0.0 -0.0 -0.0 -0.0 0.0 0.0 0.0 -0.0 0.0 37.0;;; -0.0 -0.0 -0.0 -0.0 -0.0 -0.0 -0.0 -0.0 22.0 0.0 11.0 28.0 31.0 -0.0 -0.0; -0.0 3.0 6.0 18.0 0.0 29.0 3.0 0.0 -0.0 -0.0 -0.0 -0.0 -0.0 -0.0 0.0; -0.0 -0.0 -0.0 -0.0 -0.0 -0.0 29.0 -0.0 6.0 -0.0 -0.0 -0.0 -0.0 -0.0 -0.0; -0.0 14.0 -0.0 0.0 -0.0 -0.0 -0.0 23.0 -0.0 -0.0 -0.0 -0.0 0.0 0.0 -0.0;;; -0.0 -0.0 -0.0 -0.0 -0.0 -0.0 -0.0 -0.0 -0.0 -0.0 -0.0 -0.0 -0.0 -0.0 -0.0; -0.0 -0.0 -0.0 -0.0 -0.0 -0.0 -0.0 -0.0 -0.0 -0.0 -0.0 -0.0 -0.0 -0.0 -0.0; -0.0 -0.0 -0.0 -0.0 -0.0 -0.0 -0.0 -0.0 -0.0 -0.0 -0.0 -0.0 -0.0 -0.0 -0.0; -0.0 -0.0 -0.0 -0.0 -0.0 -0.0 -0.0 -0.0 -0.0 -0.0 -0.0 -0.0 -0.0 -0.0 -0.0;;; -0.0 -0.0 -0.0 -0.0 -0.0 -0.0 -0.0 -0.0 -0.0 -0.0 -0.0 -0.0 -0.0 -0.0 -0.0; -0.0 -0.0 -0.0 -0.0 -0.0 -0.0 -0.0 -0.0 -0.0 -0.0 -0.0 -0.0 -0.0 -0.0 -0.0; -0.0 -0.0 -0.0 -0.0 -0.0 -0.0 -0.0 -0.0 -0.0 -0.0 -0.0 -0.0 -0.0 -0.0 -0.0; -0.0 -0.0 -0.0 -0.0 -0.0 -0.0 -0.0 -0.0 -0.0 -0.0 -0.0 -0.0 -0.0 -0.0 -0.0]
evol_box,"[[0.451, 0.0], [2.045, 6764.842444119509], [2.146, 115541.66041544295], [2.234, 115541.66041544295], [2.332, 115541.66041544221], [2.416, 115541.66041544295], [2.71, 3.5785573592527835e6], [3.148, 3.5785573592527835e6], [3.42, 6.6076337752296245e6], [4.054, 6.607633775229624e6], [5.781, 7.799482707109179e6], [6.518, 7.799482707109179e6], [8.269, 8.015697014798723e6], [9.547, 8.98931882113836e6], [12.434, 9.097529869773053e6], [17.632, 9.205621950856503e6], [19.792, 9.530470568481699e6], [24.29, 9.530470568481699e6], [27.621, 9.854947153189415e6], [36.571, 1.028859136224109e7], [40.722, 1.0396524238714492e7], [60.608, 1.082859525022162e7], [66.659, 1.0828595250221621e7], [72.218, 1.0828595250221621e7], [78.547, 1.0936698339312635e7], [94.949, 1.1154143658096276e7], [132.292, 1.1369604795721035e7], [140.234, 1.1369604795721034e7], [157.609, 1.147863667841111e7], [170.026, 1.1694727651766835e7], [189.738, 1.1695034661133144e7], [217.639, 1.2019604103071522e7], [239.065, 1.2127268927018806e7], [286.137, 1.2127874038694916e7], [324.957, 1.2128148942950329e7], [510.089, 1.2344188840844605e7], [533.091, 1.2343951376615763e7], [564.627, 1.2344219696842805e7], [831.0, 1.2344219696842805e7], [875.906, 1.2560213481600959e7], [1020.068, 1.2560246914981978e7], [1064.033, 1.2560324002435964e7], [1161.238, 1.2668774470352475e7], [1227.36, 1.266910312657696e7], [1398.169, 1.2776777230640117e7], [1507.794, 1.2777117522241972e7], [1677.587, 1.2777288373321816e7], [2225.891, 1.2993041152895479e7], [2523.728, 1.2993822638124086e7], [3479.001, 1.3101143950714491e7], [3600.1, 1.3101143950714491e7]]"
y_pb,[[30.0 17.0 6.0 18.0 21.0 -0.0 -0.0 -0.0 -0.0 -0.0 -0.0 -0.0 -0.0 -0.0 -0.0; -0.0 -0.0 -0.0 -0.0 -0.0 28.999999999999996 32.0 -0.0 -0.0 -0.0 -0.0 -0.0 -0.0 -0.0 -0.0; -0.0 -0.0 -0.0 -0.0 -0.0 -0.0 -0.0 23.0 10.0 -0.0 -0.0 -0.0 -0.0 -0.0 -0.0; -0.0 -0.0 -0.0 -0.0 -0.0 -0.0 -0.0 -0.0 -0.0 -0.0 -0.0 -0.0 -0.0 -0.0 36.99999999999999;;;]]
x_bb,"[92.0, 59.0, 35.0, 37.0]"
x_box,"[92.0, 58.0, 36.0, 37.0]"
evol_zeta,"[[2.122, 30.0], [2.194, 30.0], [2.285, 29.0], [2.356, 30.0], [2.47, 25.0], [2.753, 23.23076923076923], [3.183, 19.272727272727273], [3.456, 18.0], [4.102, 18.0], [5.835, 18.0], [6.572, 17.0], [8.293, 18.0], [9.598, 17.49999988012781], [12.47, 17.23076923076923], [17.65, 15.833333333333336], [19.835, 14.15384615384616], [24.329, 14.333333333333332], [27.684, 15.846153846153847], [36.611, 15.4], [40.789, 14.299999999999997], [60.667, 14.0], [66.747, 13.26666666666667], [72.272, 12.833333333333332], [78.606, 12.153846153846157], [95.057, 13.285714285714288], [132.353, 12.133333333333333], [140.299, 10.2], [157.691, 11.0], [170.085, 10.999999999999991], [189.782, 12.833333333333332], [217.705, 12.166666666666664], [239.08, 11.0], [286.179, 11.59999999999998], [324.984, 13.0], [510.138, 13.466666666666669], [533.162, 11.333333333333307], [564.72, 11.0], [831.059, 9.23076923076923], [876.021, 11.07692307692308], [1020.121, 10.833333333333336], [1064.088, 10.0], [1161.278, 10.538461538461537], [1227.414, 13.066666666666666], [1398.204, 9.0], [1507.851, 10.461538461538462], [1677.639, 10.0], [2225.927, 9.0], [2523.747, 13.0], [3479.06, 10.461538461538462], [3600.116, 0.0]]"
ξ_box,[30.0 30.0 26.0 23.0; 17.0 17.0 14.0 17.0; 6.0 6.0 4.0 6.0; 18.0 18.0 10.0 18.0; 21.0 17.0 19.0 19.0; 28.0 12.0 27.0 11.0; 30.0 20.0 29.0 18.0; 23.0 12.0 21.0 23.0; 28.0 11.0 23.0 28.0; 26.0 27.0 22.0 27.0; 22.0 31.0 24.0 27.0; 21.0 32.0 27.0 29.0; 19.0 32.0 28.0 32.0; 18.0 36.0 32.0 34.0; 37.0 37.0 37.0 31.0]
