first,second
s_box,[0.0; 0.0; 0.0; 0.0; 0.0; 0.0; 0.0; 13.0; 0.0; 0.0; 25.0; 0.0; 41.0; 40.0; 51.0;;]
x_pb,"[150.0, 40.0, 38.0, -0.0]"
s_bb,[0.0; 0.0; 0.0; 0.0; 0.0; 0.0; 0.0; 13.0; 0.0; 0.0; 25.0; 0.0; 41.0; 40.0; 51.0;;]
partition_bb,"[[[0.0, 6.0, 0.0, 0.0, 8.0, 8.0, 0.0, 0.0, 8.0, 11.0, 19.0, 36.0, 41.0, 40.0, 51.0], [34.0, 28.0, 22.0, 20.0, 14.0, 13.0, 7.0, 8.0, 15.0, 11.0, 19.0, 16.0, 13.0, 8.0, 0.0], [0.0, 0.0, 0.0, 0.0, 0.0, 1.0, 2.0, 8.0, 15.0, 19.0, 19.0, 36.0, 41.0, 36.0, 51.0], [14.0, 8.0, 2.0, 0.0, 0.0, 1.0, 7.0, 11.0, 19.0, 19.0, 27.0, 36.0, 41.0, 36.0, 8.0], [13.0, 19.0, 25.0, 23.0, 15.0, 15.0, 7.0, 13.0, 19.0, 19.0, 27.0, 10.0, 0.0, 0.0, 23.0], [25.0, 31.0, 25.0, 23.0, 15.0, 15.0, 7.0, 5.0, 4.0, 0.0, 0.0, 10.0, 36.0, 31.0, 3.0], [0.0, 6.0, 5.0, 7.0, 15.0, 15.0, 7.0, 13.0, 21.0, 17.0, 10.0, 5.0, 31.0, 36.0, 40.0]]]"
y_box,[34.0 31.0 25.0 23.0 15.0 15.0 7.0 0.0 -0.0 -0.0 -0.0 -0.0 -0.0 -0.0 -0.0; -0.0 -0.0 -0.0 -0.0 -0.0 -0.0 -0.0 -0.0 21.0 19.0 -0.0 -0.0 -0.0 -0.0 -0.0; -0.0 -0.0 -0.0 -0.0 -0.0 -0.0 -0.0 -0.0 -0.0 -0.0 2.0 36.0 0.0 0.0 -0.0; -0.0 -0.0 -0.0 -0.0 -0.0 -0.0 -0.0 -0.0 -0.0 -0.0 -0.0 -0.0 -0.0 -0.0 0.0;;;]
evol_bb,"[[0.408, 1.8395344065670405e7]]"
y_bb,[34.0 31.0 25.0 23.0 15.0 15.0 7.0 0.0 -0.0 -0.0 -0.0 -0.0 -0.0 -0.0 -0.0; -0.0 -0.0 -0.0 -0.0 -0.0 -0.0 -0.0 -0.0 21.0 19.0 -0.0 -0.0 -0.0 -0.0 -0.0; -0.0 -0.0 -0.0 -0.0 -0.0 -0.0 -0.0 -0.0 -0.0 -0.0 2.0 36.0 0.0 0.0 -0.0; -0.0 -0.0 -0.0 -0.0 -0.0 -0.0 -0.0 -0.0 -0.0 -0.0 -0.0 -0.0 -0.0 -0.0 0.0;;;]
evol_box,"[[0.616, 0.0], [2.744, 7280.834147637264], [2.843, 1.2120900922291983e7], [2.85, 1.6015318911061253e7], [2.857, 1.709721516184945e7], [2.865, 1.8070811421360884e7], [2.871, 1.8395344065670405e7]]"
y_pb,[[34.0 31.0 24.999999999999996 23.0 15.0 15.0 7.0 -0.0 -0.0 -0.0 -0.0 -0.0 -0.0 -0.0 -0.0; -0.0 -0.0 -0.0 -0.0 -0.0 -0.0 -0.0 -0.0 21.0 19.0 -0.0 -0.0 -0.0 -0.0 -0.0; -0.0 -0.0 -0.0 -0.0 -0.0 -0.0 -0.0 -0.0 -0.0 -0.0 2.0 36.0 -0.0 -0.0 -0.0; -0.0 -0.0 -0.0 -0.0 -0.0 -0.0 -0.0 -0.0 -0.0 -0.0 -0.0 -0.0 -0.0 -0.0 0.0;;;]]
x_bb,"[150.0, 40.0, 38.0, 0.0]"
x_box,"[150.0, 40.0, 38.0, 0.0]"
evol_zeta,"[[2.311, 51.0], [2.842, 34.0], [2.849, 13.0], [2.856, 8.0], [2.863, 3.000000000400007], [2.869, 3.0], [2.903, 0.0]]"
ξ_box,[34.0; 31.0; 25.0; 23.0; 15.0; 15.0; 7.0; 13.0; 21.0; 19.0; 27.0; 36.0; 41.0; 40.0; 51.0;;]
