first,second
s_box,[25.000000165969997 25.00000017223923; 25.0 25.0; 8.0 32.0; 27.0 26.999999374739748; 20.0 20.0; 8.0 7.999999721217238; 2.0 1.9999997560650833; -0.0 -0.0; -0.0 -0.0; -0.0 -0.0; -0.0 -0.0; -0.0 -0.0; -0.0 -0.0; -0.0 -0.0; 23.0 -0.0]
x_pb,"[4.0, -0.0, 70.0, 168.0]"
s_bb,[-0.0 25.0; -0.0 25.0; 38.0 32.0; 1.0 27.0; 20.0 20.0; -0.0 8.0; -0.0 2.0; 19.0 -0.0; -0.0 -0.0; 30.0 0.0; -0.0 -0.0; 29.0 -0.0; -0.0 -0.0; -0.0 -0.0; -0.0 -0.0]
partition_bb,"[[[21.0, 25.0, 38.0, 25.0, 18.0, 6.0, 0.0, 0.0, 1.0, 10.0, 26.0, 23.0, 20.0, 15.0, 14.0], [21.0, 25.0, 38.0, 25.0, 18.0, 6.0, 2.0, 17.0, 21.0, 12.0, 6.0, 9.0, 10.0, 17.0, 18.0], [19.0, 23.0, 36.0, 23.0, 18.0, 6.0, 2.0, 19.0, 21.0, 30.0, 14.0, 11.0, 11.0, 6.0, 4.0], [17.0, 21.0, 34.0, 21.0, 14.0, 2.0, 0.0, 0.0, 0.0, 6.0, 22.0, 25.0, 25.0, 33.0, 31.0], [29.0, 25.0, 36.0, 23.0, 16.0, 4.0, 0.0, 0.0, 1.0, 10.0, 26.0, 23.0, 20.0, 15.0, 14.0], [17.0, 21.0, 34.0, 21.0, 14.0, 2.0, 0.0, 1.0, 3.0, 12.0, 25.0, 28.0, 31.0, 23.0, 23.0], [16.0, 20.0, 33.0, 20.0, 13.0, 1.0, 0.0, 4.0, 6.0, 15.0, 31.0, 28.0, 25.0, 20.0, 19.0], [15.0, 19.0, 32.0, 19.0, 12.0, 0.0, 0.0, 0.0, 0.0, 8.0, 23.0, 26.0, 27.0, 33.0, 35.0], [29.0, 25.0, 38.0, 27.0, 20.0, 8.0, 2.0, 11.0, 9.0, 0.0, 9.0, 12.0, 12.0, 20.0, 20.0], [15.0, 19.0, 32.0, 19.0, 12.0, 0.0, 0.0, 0.0, 1.0, 10.0, 26.0, 29.0, 26.0, 21.0, 20.0], [15.0, 19.0, 32.0, 19.0, 12.0, 0.0, 0.0, 0.0, 0.0, 7.0, 23.0, 26.0, 26.0, 34.0, 32.0]], [[17.0, 21.0, 18.0, 5.0, 12.0, 0.0, 0.0, 0.0, 2.0, 11.0, 26.0, 29.0, 30.0, 36.0, 38.0], [7.0, 11.0, 14.0, 27.0, 20.0, 8.0, 2.0, 0.0, 1.0, 10.0, 26.0, 29.0, 26.0, 32.0, 30.0], [0.0, 2.0, 15.0, 2.0, 0.0, 8.0, 2.0, 19.0, 21.0, 13.0, 26.0, 29.0, 32.0, 37.0, 38.0], [0.0, 4.0, 7.0, 0.0, 0.0, 0.0, 2.0, 19.0, 21.0, 30.0, 26.0, 29.0, 30.0, 36.0, 38.0], [29.0, 25.0, 28.0, 15.0, 8.0, 8.0, 2.0, 6.0, 2.0, 0.0, 16.0, 19.0, 17.0, 23.0, 25.0], [0.0, 0.0, 13.0, 0.0, 0.0, 0.0, 2.0, 5.0, 7.0, 16.0, 32.0, 29.0, 32.0, 36.0, 38.0], [14.0, 18.0, 31.0, 18.0, 11.0, 0.0, 0.0, 0.0, 0.0, 9.0, 25.0, 28.0, 28.0, 36.0, 34.0], [15.0, 19.0, 32.0, 19.0, 12.0, 0.0, 0.0, 2.0, 4.0, 13.0, 26.0, 29.0, 32.0, 24.0, 24.0]]]"
y_box,[3.9999998296550006 -0.0 -0.0 -0.0 -0.0 -0.0 -0.0 -0.0 0.0 -0.0 -0.0 -0.0 -0.0 -0.0 -0.0; -0.0 -0.0 -0.0 -0.0 -0.0 -0.0 -0.0 -0.0 -0.0 -0.0 -0.0 -0.0 -0.0 -0.0 -0.0; -0.0 -0.0 30.0 0.0 -0.0 -0.0 -0.0 19.0 21.0 0.0 -0.0 0.0 -0.0 -0.0 -0.0; -0.0 -0.0 -0.0 -0.0 -0.0 -0.0 -0.0 -0.0 -0.0 30.0 32.0 29.0 32.0 34.00000009787688 11.000000063029027;;; 3.999999825760771 -0.0 -0.0 -0.0 -0.0 -0.0 -0.0 -0.0 -0.0 -0.0 -0.0 -0.0 -0.0 -0.0 -0.0; -0.0 -0.0 -0.0 -0.0 -0.0 0.0 -0.0 -0.0 -0.0 -0.0 -0.0 -0.0 -0.0 -0.0 -0.0; -0.0 -0.0 0.0 -0.0 -0.0 -0.0 2.4060158337715317e-7 19.0 21.0 29.99999975962573 -0.0 -0.0 -0.0 -0.0 -0.0; -0.0 -0.0 -0.0 -0.0 -0.0 -0.0 -0.0 -0.0 -0.0 2.378742691829803e-7 32.0 29.0 31.99999993636496 37.0 38.0]
evol_bb,"[[1.221, 1.8326783039098427e7], [5.138, 1.820043010160708e7], [36.687, 1.807847890336065e7], [45.259, 1.794770519307077e7], [46.393, 1.794766564303225e7], [56.633, 1.7821357072233245e7], [59.632, 1.782135613055645e7], [67.295, 1.7821293177676857e7], [70.984, 1.7695008626840405e7], [71.002, 1.769492071232146e7], [80.039, 1.756854824696607e7]]"
y_bb,[-0.0 -0.0 -0.0 4.0 0.0 0.0 0.0 -0.0 -0.0 -0.0 -0.0 -0.0 -0.0 -0.0 -0.0; -0.0 0.0 -0.0 -0.0 -0.0 -0.0 -0.0 -0.0 -0.0 -0.0 -0.0 -0.0 -0.0 -0.0 -0.0; 13.0 -0.0 0.0 22.0 -0.0 -0.0 -0.0 -0.0 -0.0 -0.0 0.0 0.0 0.0 0.0 35.0; 16.0 25.0 -0.0 -0.0 -0.0 8.0 2.0 -0.0 21.0 -0.0 31.0 -0.0 31.0 34.0 -0.0;;; 4.0 0.0 0.0 -0.0 -0.0 -0.0 -0.0 -0.0 -0.0 -0.0 -0.0 -0.0 -0.0 -0.0 -0.0; -0.0 -0.0 -0.0 0.0 0.0 -0.0 0.0 -0.0 -0.0 -0.0 -0.0 -0.0 -0.0 -0.0 -0.0; -0.0 -0.0 -0.0 -0.0 -0.0 -0.0 -0.0 19.0 21.0 30.0 -0.0 -0.0 -0.0 -0.0 -0.0; -0.0 -0.0 -0.0 -0.0 -0.0 -0.0 -0.0 -0.0 -0.0 -0.0 32.0 29.0 32.0 37.0 38.0]
evol_box,"[[0.435, 0.0], [2.104, 382813.9192662072], [2.198, 382813.91926620714], [2.276, 4.1749264630732597e6], [2.312, 7.333320652163852e6], [2.415, 9.733531264381785e6], [2.581, 1.0239532393609604e7], [2.773, 1.1629082244712679e7], [3.029, 1.1756270030127369e7], [3.25, 1.3398790052458614e7], [3.552, 1.3398818952381572e7], [3.812, 1.428340169483533e7], [4.092, 1.5041118467722256e7], [4.479, 1.529386339843304e7], [4.832, 1.5673141279469028e7], [5.174, 1.5925840825287044e7], [5.642, 1.5925840825287046e7], [5.935, 1.6052205649201166e7], [6.317, 1.6178554918756867e7], [6.611, 1.617865557388008e7], [7.165, 1.6431196058767535e7], [7.763, 1.6431296971524343e7], [9.915, 1.6557586524122925e7], [10.344, 1.6557619613044325e7], [10.767, 1.6557685152064009e7], [11.159, 1.6684008403765135e7], [11.631, 1.6684008403765135e7], [12.026, 1.668408448501717e7], [12.465, 1.6810363015891068e7], [12.936, 1.6936685920189105e7], [13.462, 1.6936703920189105e7], [14.247, 1.6936703920189105e7], [14.812, 1.6936703920189105e7], [15.214, 1.7063058385544498e7], [15.683, 1.718944885089989e7], [16.308, 1.7189528972854573e7], [16.868, 1.7189528972854573e7], [17.34, 1.718956803932107e7], [17.87, 1.7315803316255283e7], [18.515, 1.7315821316255283e7], [19.038, 1.7442175781610675e7], [19.56, 1.7442175781610675e7], [20.305, 1.7442175781610675e7], [21.053, 1.744217578161068e7], [21.501, 1.7442175781610675e7], [21.935, 1.7442175781610675e7], [22.656, 1.7442177091140553e7], [23.408, 1.744221178161068e7], [24.024, 1.7442300574882973e7], [24.67, 1.7568548246965975e7], [25.209, 1.7568548246966068e7], [25.95, 1.756854824696607e7], [26.438, 1.7568548246966068e7], [26.931, 1.756854824696607e7], [27.476, 1.7568548246966068e7], [28.592, 1.7568548246966068e7], [29.95, 1.7568548123661917e7]]"
y_pb,[[4.0 -0.0 -0.0 -0.0 -0.0 -0.0 -0.0 -0.0 -0.0 -0.0 -0.0 -0.0 -0.0 -0.0 -0.0; -0.0 -0.0 -0.0 -0.0 -0.0 -0.0 0.0 -0.0 -0.0 -0.0 -0.0 -0.0 -0.0 -0.0 -0.0; -0.0 -0.0 -0.0 -0.0 -0.0 -0.0 -0.0 19.0 21.0 30.0 -0.0 -0.0 -0.0 -0.0 -0.0; -0.0 -0.0 -0.0 -0.0 -0.0 -0.0 -0.0 -0.0 -0.0 -0.0 32.0 28.999999999999996 32.0 36.99999999999999 38.0;;;]]
x_bb,"[4.0, -0.0, 70.0, 168.0]"
x_box,"[3.999999829030001, -0.0, 70.0, 168.00000017347]"
evol_zeta,"[[1.733, 38.0], [2.188, 22.0], [2.257, 22.0], [2.283, 16.000000000000004], [2.334, 19.0], [2.42, 12.692307692307693], [2.642, 14.0], [2.804, 12.0], [3.085, 17.0], [3.301, 10.000001989480843], [3.559, 8.615384615384613], [3.871, 12.0], [4.097, 7.0], [4.547, 6.0], [4.838, 6.0], [5.225, 6.75], [5.701, 6.0], [5.94, 5.923076923076923], [6.337, 4.0], [6.629, 2.999999999999971], [7.2, 6.0], [7.799, 3.0], [9.923, 2.75], [10.385, 2.0], [10.816, 3.071428571428573], [11.167, 1.9999999999999718], [11.675, 2.0], [12.081, 3.0000000000000027], [12.482, 2.0], [12.961, 2.0], [13.487, 2.6363636363636402], [14.259, 1.9999999999999198], [14.839, 2.0], [15.268, 3.0], [15.732, 2.0], [16.352, 2.0], [16.952, 2.0], [17.397, 1.9999995414594878], [17.935, 1.3636363636363598], [18.575, 1.0], [19.084, 2.615384615384613], [19.573, 2.000000000000003], [20.321, 0.9230769230769198], [21.071, 0.7272727272727266], [21.527, 0.7692307692307653], [21.947, 0.3076923076923066], [22.699, 2.0], [23.431, 2.0], [24.042, 0.18181818181817988], [24.678, 2.0], [25.255, 0.5], [25.959, 2.4166666666666643], [26.474, 1.2499999999999956], [26.935, 0.9166666666666643], [27.496, 0.25], [28.615, 0.4166666666666572], [29.98, 6.227602398212184e-7]]"
ξ_box,[29.0 29.0; 25.0 25.0; 38.0 32.0; 27.0 26.99999937723975; 20.0 20.0; 8.0 7.999999723717238; 2.0 2.0; 19.0 19.0; 21.0 21.0; 30.0 30.0; 32.0 32.0; 29.0 29.0; 32.0 31.999999939698295; 34.00000009954354 37.0; 34.00000006469569 38.0]
