first,second
s_box,[35.0 0.0 0.0 0.0; 19.0 0.0 0.0 0.0; 16.0 14.0 0.0 0.0; 14.0 15.0 0.0 22.0; 19.0 14.0 0.0 23.0; 10.0 16.0 20.0 0.0; 20.0 14.0 0.0 0.0; 0.0 0.0 0.0 25.0; 0.0 25.0 0.0 21.0; 0.0 6.0 24.0 14.0; 0.0 0.0 31.0 0.0; 0.0 28.0 33.0 0.0; 0.0 0.0 7.0 0.0; 0.0 0.0 17.0 27.0; 0.0 0.0 0.0 0.0]
x_pb,"[-0.0, 19.0, 91.0, 80.0]"
s_bb,[35.0 -0.0 -0.0 -0.0; 19.0 -0.0 -0.0 -0.0; 16.0 -0.0 -0.0 -0.0; 34.0 -0.0 -0.0 -0.0; 23.0 -0.0 -0.0 -0.0; 22.0 -0.0 -0.0 -0.0; 20.0 -0.0 -0.0 -0.0; 17.0 -0.0 -0.0 -0.0; 33.0 -0.0 -0.0 -0.0; 0.0 -0.0 -0.0 -0.0; 0.0 -0.0 -0.0 -0.0; 0.0 -0.0 -0.0 -0.0; 0.0 -0.0 -0.0 -0.0; 0.0 -0.0 -0.0 -0.0; 0.0 -0.0 -0.0 -0.0]
partition_bb,"[[[0.0, 0.0, 0.0, 0.0, 11.0, 14.0, 14.0, 36.0, 32.0, 25.0, 23.0, 21.0, 13.0, 6.0, 0.0], [35.0, 19.0, 16.0, 0.0, 0.0, 0.0, 0.0, 0.0, 0.0, 0.0, 0.0, 0.0, 0.0, 0.0, 0.0], [34.0, 18.0, 16.0, 34.0, 22.0, 19.0, 19.0, 0.0, 0.0, 0.0, 7.0, 5.0, 0.0, 0.0, 0.0], [0.0, 0.0, 0.0, 12.0, 0.0, 0.0, 0.0, 22.0, 26.0, 18.0, 18.0, 20.0, 29.0, 27.0, 19.0], [0.0, 0.0, 0.0, 0.0, 0.0, 0.0, 0.0, 19.0, 23.0, 25.0, 32.0, 34.0, 27.0, 20.0, 12.0], [5.0, 2.0, 0.0, 0.0, 2.0, 3.0, 5.0, 11.0, 14.0, 20.0, 23.0, 25.0, 34.0, 27.0, 19.0], [3.0, 19.0, 16.0, 11.0, 19.0, 22.0, 20.0, 11.0, 8.0, 0.0, 7.0, 9.0, 14.0, 11.0, 19.0], [0.0, 16.0, 16.0, 11.0, 23.0, 20.0, 20.0, 0.0, 0.0, 0.0, 2.0, 0.0, 7.0, 0.0, 0.0], [0.0, 12.0, 9.0, 0.0, 4.0, 7.0, 7.0, 29.0, 33.0, 25.0, 24.0, 22.0, 13.0, 6.0, 0.0]], Vector{Float64}[], Vector{Float64}[], Vector{Float64}[]]"
y_box,[0.0 0.0 0.0 0.0 0.0 0.0 0.0 0.0 0.0 0.0 0.0 0.0 0.0 0.0 0.0; 0.0 0.0 0.0 0.0 0.0 12.0 0.0 36.0 0.0 0.0 0.0 0.0 0.0 0.0 0.0; 0.0 0.0 0.0 0.0 0.0 0.0 0.0 0.0 32.0 25.0 23.0 21.0 0.0 0.0 0.0; 0.0 0.0 0.0 0.0 0.0 0.0 0.0 0.0 0.0 0.0 0.0 0.0 13.0 10.0 18.0;;; 0.0 0.0 0.0 0.0 0.0 0.0 0.0 0.0 0.0 0.0 0.0 0.0 0.0 0.0 0.0; 28.0 17.0 0.0 0.0 0.0 0.0 0.0 3.0 0.0 0.0 0.0 0.0 0.0 0.0 0.0; 0.0 0.0 0.0 0.0 0.0 0.0 0.0 25.0 0.0 13.0 26.0 0.0 0.0 18.0 19.0; 0.0 0.0 0.0 0.0 0.0 0.0 0.0 0.0 0.0 0.0 0.0 0.0 32.0 9.0 0.0;;; 0.0 0.0 0.0 0.0 0.0 0.0 0.0 0.0 0.0 0.0 0.0 0.0 0.0 0.0 0.0; 0.0 11.0 0.0 0.0 0.0 0.0 0.0 24.0 13.0 0.0 0.0 0.0 0.0 0.0 0.0; 17.0 0.0 8.0 25.0 23.0 0.0 20.0 8.0 0.0 0.0 0.0 0.0 0.0 0.0 0.0; 0.0 0.0 0.0 0.0 0.0 0.0 0.0 0.0 15.0 0.0 0.0 0.0 17.0 0.0 9.0;;; 0.0 0.0 0.0 0.0 0.0 0.0 0.0 0.0 0.0 0.0 0.0 0.0 0.0 0.0 0.0; 0.0 0.0 16.0 12.0 0.0 0.0 20.0 0.0 0.0 0.0 0.0 0.0 0.0 0.0 0.0; 35.0 0.0 0.0 0.0 0.0 0.0 0.0 0.0 0.0 0.0 12.0 13.0 22.0 0.0 19.0; 0.0 19.0 0.0 0.0 0.0 20.0 0.0 0.0 1.0 0.0 1.0 0.0 0.0 0.0 0.0]
evol_bb,"[[205.284, 2.4148013118931487e7]]"
y_bb,[0.0 0.0 0.0 0.0 -0.0 -0.0 -0.0 -0.0 -0.0 -0.0 -0.0 -0.0 -0.0 -0.0 -0.0; -0.0 -0.0 -0.0 -0.0 0.0 0.0 0.0 19.0 -0.0 -0.0 -0.0 -0.0 -0.0 -0.0 -0.0; -0.0 -0.0 -0.0 -0.0 -0.0 -0.0 -0.0 -0.0 0.0 25.0 32.0 34.0 -0.0 -0.0 -0.0; -0.0 -0.0 -0.0 -0.0 -0.0 -0.0 -0.0 -0.0 -0.0 -0.0 -0.0 -0.0 34.0 27.0 19.0;;; -0.0 -0.0 -0.0 -0.0 -0.0 -0.0 -0.0 -0.0 -0.0 -0.0 -0.0 -0.0 -0.0 -0.0 -0.0; -0.0 -0.0 -0.0 -0.0 -0.0 -0.0 -0.0 -0.0 -0.0 -0.0 -0.0 -0.0 -0.0 -0.0 -0.0; -0.0 -0.0 -0.0 -0.0 -0.0 -0.0 -0.0 -0.0 -0.0 -0.0 -0.0 -0.0 -0.0 -0.0 -0.0; -0.0 -0.0 -0.0 -0.0 -0.0 -0.0 -0.0 -0.0 -0.0 -0.0 -0.0 -0.0 -0.0 -0.0 -0.0;;; -0.0 -0.0 -0.0 -0.0 -0.0 -0.0 -0.0 -0.0 -0.0 -0.0 -0.0 -0.0 -0.0 -0.0 -0.0; -0.0 -0.0 -0.0 -0.0 -0.0 -0.0 -0.0 -0.0 -0.0 -0.0 -0.0 -0.0 -0.0 -0.0 -0.0; -0.0 -0.0 -0.0 -0.0 -0.0 -0.0 -0.0 -0.0 -0.0 -0.0 -0.0 -0.0 -0.0 -0.0 -0.0; -0.0 -0.0 -0.0 -0.0 -0.0 -0.0 -0.0 -0.0 -0.0 -0.0 -0.0 -0.0 -0.0 -0.0 -0.0;;; -0.0 -0.0 -0.0 -0.0 -0.0 -0.0 -0.0 -0.0 -0.0 -0.0 -0.0 -0.0 -0.0 -0.0 -0.0; -0.0 -0.0 -0.0 -0.0 -0.0 -0.0 -0.0 -0.0 -0.0 -0.0 -0.0 -0.0 -0.0 -0.0 -0.0; -0.0 -0.0 -0.0 -0.0 -0.0 -0.0 -0.0 -0.0 -0.0 -0.0 -0.0 -0.0 -0.0 -0.0 -0.0; -0.0 -0.0 -0.0 -0.0 -0.0 -0.0 -0.0 -0.0 -0.0 -0.0 -0.0 -0.0 -0.0 -0.0 -0.0]
evol_box,"[[0.527, 0.0], [2.223, 553741.5164621809], [2.375, 554796.3911828994], [2.461, 554955.9607583109], [2.541, 554892.4922544196], [3.082, 5.405510672191612e6], [4.586, 6.507700541955082e6], [6.165, 7.168740805000806e6], [7.229, 8.051703912420135e6], [9.88, 8.051703912420167e6], [13.263, 8.051703912420166e6], [16.726, 8.382064945290675e6], [24.82, 9.704614287025476e6], [32.83, 1.0035024386162816e7], [38.249, 1.0477015399319028e7], [45.267, 1.0917805719374647e7], [52.675, 1.1248506164731892e7], [58.224, 1.124850616473189e7], [66.26, 1.1248506164731892e7], [79.29, 1.1688906183632031e7], [89.831, 1.1909760379370056e7], [102.296, 1.2241199947074585e7], [118.345, 1.2241199947074585e7], [136.063, 1.2461795189398807e7], [151.901, 1.2461795189398836e7], [168.585, 1.246179518939884e7], [198.945, 1.2461795189398842e7], [210.876, 1.2791737707944533e7], [222.376, 1.3012036658816725e7], [239.88, 1.3342833094864639e7], [311.738, 1.3784919209618624e7], [720.445, 1.3784919209618624e7], [806.006, 1.3893985053733712e7], [832.204, 1.4005080129446581e7], [977.222, 1.4005142902227502e7], [1357.008, 1.4224830774489172e7], [1927.773, 1.4335050737478921e7], [2467.007, 1.4556359783521907e7], [3085.616, 1.4665944942306928e7], [3600.041, 1.4666414393936073e7]]"
y_pb,[[-0.0 -0.0 0.0 -0.0 -0.0 -0.0 -0.0 -0.0 -0.0 -0.0 -0.0 -0.0 -0.0 -0.0 -0.0; -0.0 -0.0 -0.0 -0.0 -0.0 -0.0 -0.0 19.0 -0.0 -0.0 -0.0 -0.0 -0.0 -0.0 -0.0; -0.0 -0.0 -0.0 -0.0 -0.0 -0.0 -0.0 -0.0 -0.0 24.999999999999996 32.0 34.0 -0.0 -0.0 -0.0; -0.0 -0.0 -0.0 -0.0 -0.0 -0.0 -0.0 -0.0 -0.0 -0.0 -0.0 -0.0 34.0 27.0 19.0;;;]]
x_bb,"[0.0, 19.0, 91.0, 80.0]"
x_box,"[0.0, 48.0, 101.0, 41.0]"
evol_zeta,"[[2.311, 35.0], [2.397, 23.0], [2.485, 23.0], [2.586, 23.000000000000007], [3.119, 22.916666666666664], [4.622, 22.727272727272727], [6.187, 21.923076923076923], [7.268, 19.307692307692307], [9.938, 19.0], [13.314, 15.66666666666667], [16.793, 14.666666666666673], [24.845, 19.538461538461565], [32.879, 14.166666666666668], [38.295, 13.23076923076923], [45.298, 14.083333333333348], [52.719, 13.75], [58.264, 13.0], [66.312, 12.545454545454543], [79.341, 13.23076923076923], [89.847, 12.5], [102.328, 12.18181818181818], [118.38, 12.0], [136.089, 13.18181998810637], [151.926, 13.818181818181818], [168.622, 13.083333333333336], [198.976, 12.0], [210.927, 11.999999999999993], [222.424, 12.0], [239.936, 10.214285714285714], [311.811, 10.181818181818173], [720.489, 10.214285714285715], [806.049, 10.916666666666668], [832.259, 10.0], [977.26, 10.0], [1357.046, 10.384615384615387], [1927.851, 9.666666666666664], [2467.037, 11.307692307692307], [3085.68, 11.285714285714286], [3600.059, 0.0]]"
ξ_box,[35.0 28.0 17.0 35.0; 19.0 17.0 11.0 19.0; 16.0 14.0 8.0 16.0; 14.0 15.0 25.0 34.0; 19.0 14.0 23.0 23.0; 22.0 16.0 20.0 20.0; 20.0 14.0 20.0 20.0; 36.0 28.0 32.0 25.0; 32.0 25.0 28.0 22.0; 25.0 19.0 24.0 14.0; 23.0 26.0 31.0 13.0; 21.0 28.0 33.0 13.0; 13.0 32.0 24.0 22.0; 10.0 27.0 17.0 27.0; 18.0 19.0 9.0 19.0]
