first,second
s_box,[-0.0 -0.0 -0.0; 0.0 -0.0 5.136124823009672e-6; 35.0 -0.0 -0.0; 34.0 33.999992067014524 32.0; 22.0 32.99999338917879 39.0; -0.0 36.999993389178776 27.0; 28.0 3.0 -0.0; -0.0 -0.0 0.0; -0.0 -0.0 0.0; -0.0 -0.0 2.000008798803292; -0.0 -0.0 -0.0; -0.0 -0.0 -0.0; -0.0 -0.0 -0.0; 19.0 22.0 29.0; 26.0 35.0 35.0]
x_pb,"[152.0, 87.0, -0.0, 36.0]"
s_bb,[0.0 -0.0 -0.0; 0.0 -0.0 -0.0; 0.0 -0.0 -0.0; 42.0 -0.0 -0.0; 41.0 -0.0 -0.0; 38.0 -0.0 -0.0; 38.0 -0.0 -0.0; 4.0 -0.0 -0.0; 0.0 -0.0 -0.0; 0.0 -0.0 -0.0; 0.0 -0.0 -0.0; 0.0 -0.0 -0.0; 0.0 -0.0 -0.0; 31.0 -0.0 -0.0; 35.0 -0.0 -0.0]
partition_bb,"[[[59.0, 43.0, 40.0, 32.0, 31.0, 22.0, 20.0, 18.0, 13.0, 0.0, 0.0, 0.0, 0.0, 0.0, 0.0], [49.0, 33.0, 30.0, 22.0, 21.0, 12.0, 10.0, 9.0, 3.0, 0.0, 5.0, 10.0, 11.0, 31.0, 35.0], [16.0, 32.0, 29.0, 17.0, 16.0, 11.0, 9.0, 7.0, 12.0, 27.0, 5.0, 14.0, 16.0, 31.0, 35.0], [0.0, 15.0, 18.0, 26.0, 27.0, 36.0, 38.0, 35.0, 29.0, 16.0, 5.0, 15.0, 15.0, 0.0, 0.0], [13.0, 25.0, 28.0, 40.0, 41.0, 32.0, 30.0, 28.0, 23.0, 10.0, 5.0, 0.0, 0.0, 0.0, 0.0], [27.0, 43.0, 46.0, 34.0, 33.0, 28.0, 26.0, 24.0, 19.0, 4.0, 0.0, 0.0, 0.0, 0.0, 0.0], [31.0, 47.0, 44.0, 32.0, 31.0, 26.0, 24.0, 22.0, 17.0, 2.0, 0.0, 0.0, 0.0, 0.0, 0.0], [9.0, 25.0, 28.0, 28.0, 29.0, 38.0, 36.0, 34.0, 29.0, 14.0, 5.0, 2.0, 0.0, 0.0, 0.0], [15.0, 27.0, 30.0, 42.0, 41.0, 32.0, 30.0, 28.0, 23.0, 8.0, 5.0, 0.0, 0.0, 0.0, 0.0]], Vector{Float64}[], Vector{Float64}[]]"
y_box,[59.0 44.0 8.0 -0.0 -0.0 -0.0 -0.0 -0.0 -0.0 -0.0 0.0 0.0 -0.0 -0.0 -0.0; -0.0 -0.0 -0.0 -0.0 13.0 27.0 -0.0 31.0 28.0 27.0 -0.0 -0.0 -0.0 -0.0 -0.0; -0.0 -0.0 -0.0 -0.0 -0.0 -0.0 -0.0 -0.0 -0.0 -0.0 -0.0 -0.0 -0.0 -0.0 -0.0; -0.0 -0.0 -0.0 -0.0 -0.0 -0.0 -0.0 -0.0 -0.0 -0.0 5.0 15.0 15.0 3.0 -0.0;;; 35.0 39.0 37.0 -0.0 -0.0 -0.0 -0.0 -0.0 -0.0 -0.0 -0.0 -0.0 -0.0 -0.0 -0.0; -0.0 -0.0 -0.0 -0.0 -0.0 -0.0 34.99999412371884 34.99999412371449 29.0 27.0 -0.0 -0.0 -0.0 -0.0 -0.0; -0.0 -0.0 -0.0 -0.0 -0.0 -0.0 -0.0 -0.0 -0.0 -0.0 -0.0 -0.0 -0.0 -0.0 -0.0; -0.0 -0.0 -0.0 -0.0 -0.0 -0.0 -0.0 -0.0 -0.0 -0.0 5.0 11.0 13.0 9.0 -0.0;;; 46.0 30.99999486220851 28.000005135083182 6.0 -0.0 -0.0 -0.0 -0.0 -0.0 -0.0 -0.0 -0.0 -0.0 -0.0 -0.0; -0.0 -0.0 -0.0 -0.0 -0.0 4.000004400547483 33.00000440054749 35.0 29.0 24.99999119953004 -0.0 -0.0 -0.0 -0.0 -0.0; -0.0 -0.0 -0.0 -0.0 -0.0 -0.0 -0.0 -0.0 -0.0 -0.0 -0.0 -0.0 -0.0 -0.0 -0.0; -0.0 -0.0 -0.0 -0.0 -0.0 -0.0 -0.0 -0.0 -0.0 -0.0 5.0 15.0 16.0 2.0 -0.0]
evol_bb,"[[61.599, 2.8945220755180184e7]]"
y_bb,[59.0 47.0 46.0 0.0 -0.0 -0.0 -0.0 -0.0 -0.0 -0.0 -0.0 -0.0 -0.0 -0.0 -0.0; -0.0 -0.0 -0.0 -0.0 0.0 0.0 0.0 31.0 29.0 27.0 -0.0 -0.0 -0.0 -0.0 -0.0; -0.0 -0.0 -0.0 -0.0 -0.0 -0.0 -0.0 -0.0 -0.0 -0.0 -0.0 -0.0 -0.0 -0.0 -0.0; -0.0 -0.0 -0.0 -0.0 -0.0 -0.0 -0.0 -0.0 -0.0 -0.0 5.0 15.0 16.0 0.0 0.0;;; -0.0 -0.0 -0.0 -0.0 -0.0 -0.0 -0.0 -0.0 -0.0 -0.0 -0.0 -0.0 -0.0 -0.0 -0.0; -0.0 -0.0 -0.0 -0.0 -0.0 -0.0 -0.0 -0.0 -0.0 -0.0 -0.0 -0.0 -0.0 -0.0 -0.0; -0.0 -0.0 -0.0 -0.0 -0.0 -0.0 -0.0 -0.0 -0.0 -0.0 -0.0 -0.0 -0.0 -0.0 -0.0; -0.0 -0.0 -0.0 -0.0 -0.0 -0.0 -0.0 -0.0 -0.0 -0.0 -0.0 -0.0 -0.0 -0.0 -0.0;;; -0.0 -0.0 -0.0 -0.0 -0.0 -0.0 -0.0 -0.0 -0.0 -0.0 -0.0 -0.0 -0.0 -0.0 -0.0; -0.0 -0.0 -0.0 -0.0 -0.0 -0.0 -0.0 -0.0 -0.0 -0.0 -0.0 -0.0 -0.0 -0.0 -0.0; -0.0 -0.0 -0.0 -0.0 -0.0 -0.0 -0.0 -0.0 -0.0 -0.0 -0.0 -0.0 -0.0 -0.0 -0.0; -0.0 -0.0 -0.0 -0.0 -0.0 -0.0 -0.0 -0.0 -0.0 -0.0 -0.0 -0.0 -0.0 -0.0 -0.0]
evol_box,"[[0.501, 0.0], [2.131, 386772.5596589096], [2.232, 387518.79138450284], [2.311, 387514.34663301246], [2.441, 7.715879323561299e6], [2.614, 7.715879323561299e6], [2.773, 9.358151117397305e6], [3.163, 1.2643915077619225e7], [3.744, 1.277022409940551e7], [4.409, 1.3149211080997791e7], [5.33, 1.3401747154613556e7], [6.304, 1.4412725403961333e7], [7.77, 1.466573933465863e7], [8.408, 1.5423903297903884e7], [10.591, 1.5928894982040068e7], [11.492, 1.6055750766420512e7], [14.226, 1.6687452726327948e7], [17.89, 1.6814023605718482e7], [21.294, 1.6940351686454948e7], [25.436, 1.706650161053242e7], [34.771, 1.7319634782171823e7], [42.786, 1.7698109497015566e7], [49.049, 1.769841089145051e7], [54.539, 1.7951086222182963e7], [62.476, 1.8077739238247648e7], [70.138, 1.8203631801847797e7], [77.794, 1.8203813579475675e7], [84.888, 1.820390883062718e7], [90.776, 1.8204106250396557e7], [96.281, 1.8204168364609633e7], [108.286, 1.8582930975541856e7], [115.623, 1.8583003294818744e7], [127.225, 1.85831960811332e7], [141.611, 1.8709576653736323e7], [156.837, 1.8835662091300488e7], [161.417, 1.883590699286337e7], [176.812, 1.9088407022011273e7], [197.59, 1.90884710520168e7], [211.676, 1.9088651421607733e7], [221.751, 1.9088661825938463e7], [246.536, 1.9214571620311238e7], [255.782, 1.9214836931844734e7], [279.21, 1.9341217713740982e7], [327.448, 1.946754357106586e7], [385.819, 1.946781144586868e7], [445.802, 1.9593733632415876e7], [465.451, 1.959418466658466e7], [483.268, 1.9720292223006546e7], [529.308, 1.9720400098375622e7], [628.725, 1.9846656373318415e7], [713.316, 1.984686205761678e7], [722.731, 1.997283452214307e7], [796.157, 1.9972990658607773e7], [864.979, 2.0099218178952035e7], [980.825, 2.0099233751211155e7], [1068.836, 2.0099607250238217e7], [1093.97, 2.0099609887051914e7], [1108.586, 2.0225598274958953e7], [1140.81, 2.035199597106267e7], [1279.907, 2.0352186043078355e7], [1386.257, 2.0352251440524764e7], [1541.442, 2.035234157114977e7], [1739.943, 2.0352356265129298e7], [1888.101, 2.047830647791223e7], [2032.674, 2.0478719777356688e7], [2206.52, 2.0604822042351212e7], [2475.325, 2.0604920667080242e7], [2775.167, 2.0731058477200605e7], [2907.855, 2.073106653033348e7], [3242.893, 2.0731321446973346e7], [3600.092, 2.0731469298975214e7]]"
y_pb,[[59.0 47.0 46.0 -0.0 -0.0 -0.0 -0.0 -0.0 -0.0 -0.0 -0.0 -0.0 -0.0 -0.0 -0.0; -0.0 -0.0 -0.0 -0.0 -0.0 -0.0 -0.0 31.0 28.999999999999996 27.0 -0.0 -0.0 -0.0 -0.0 -0.0; -0.0 -0.0 -0.0 -0.0 -0.0 -0.0 -0.0 -0.0 -0.0 -0.0 0.0 -0.0 -0.0 -0.0 -0.0; -0.0 -0.0 -0.0 -0.0 -0.0 -0.0 -0.0 -0.0 -0.0 -0.0 5.0 15.0 16.0 -0.0 -0.0;;;]]
x_bb,"[152.0, 87.0, 0.0, 36.0]"
x_box,"[111.0, 126.0, -0.0, 38.0]"
evol_zeta,"[[1.781, 58.66666666666667], [2.212, 35.0], [2.274, 29.0], [2.321, 29.0], [2.452, 27.0], [2.631, 21.833333333333336], [2.833, 17.416666666666664], [3.177, 15.92307692307692], [3.782, 17.599999999999994], [4.48, 14.75], [5.388, 13.083333333333336], [6.359, 11.999999999999957], [7.812, 14.4], [8.439, 15.153846153846152], [10.649, 12.06666666666667], [11.551, 11.0], [14.249, 14.0], [17.91, 12.0], [21.328, 13.0], [25.472, 10.999999999999998], [34.847, 11.153846153846153], [42.83, 11.714285714285715], [49.071, 12.083333333333329], [54.583, 10.999999999999996], [62.5, 10.99999999999999], [70.16, 11.384615384615387], [77.81, 11.0], [84.915, 11.307692307692307], [90.814, 11.18181818181818], [96.307, 11.285714285714286], [108.31, 10.0], [115.681, 11.0], [127.253, 10.999999999999996], [141.696, 8.36363636363636], [156.869, 11.846153846153847], [161.473, 10.999999999999998], [176.868, 9.153846153846153], [197.629, 11.0], [211.742, 8.0], [221.774, 8.181818181818182], [246.547, 9.909090909090907], [255.855, 7.5], [279.251, 11.0], [327.508, 8.571428571428573], [385.852, 7.916666666666667], [445.831, 7.27272727272727], [465.505, 9.0], [483.319, 8.272727272727273], [529.326, 8.000000000900002], [628.794, 7.571428571428569], [713.351, 7.363636363636364], [722.754, 9.454545454545453], [796.204, 10.0], [865.05, 7.142857142857149], [980.854, 6.799999999999997], [1068.916, 6.416666666666664], [1094.014, 11.999999999999993], [1108.624, 7.285714285714285], [1140.856, 8.461538461538463], [1279.955, 9.749999999999995], [1386.292, 8.615384615384613], [1541.474, 5.916666666666648], [1739.984, 6.299999999999997], [1888.127, 7.357142857142852], [2032.723, 9.100000000000001], [2206.552, 5.75], [2475.375, 5.85714285714284], [2775.236, 6.866666666666667], [2907.919, 5.636365647480439], [3242.953, 5.428571428571431], [3600.109, 0.0]]"
ξ_box,[59.0 35.0 46.0; 44.0 39.0 31.0; 43.0 37.0 28.00000513674985; 34.0 33.99999207201452 38.0; 35.0 32.99999339417879 39.0; 27.0 36.99999339417877 31.00000440221415; 28.0 37.99999412704785 33.00000440221415; 31.0 34.999994128714484 35.0; 28.0 29.0 29.0; 27.0 27.0 27.0; 5.0 5.0 5.0; 15.0 11.0 15.0; 15.0 13.0 16.0; 22.0 31.0 31.0; 26.0 35.0 35.0]
