first,second
s_box,[0.0 3.0 3.0; 0.0 10.0 10.0; 0.0 2.0 2.0; 9.0 11.0 11.0; 13.0 16.0 16.0; 21.0 25.0 13.0; 0.0 0.0 0.0; 0.0 12.0 0.0; 0.0 0.0 0.0; 0.0 0.0 0.0; 0.0 0.0 22.0; 6.0 0.0 0.0; 13.0 13.0 13.0; 12.0 0.0 2.0; 19.0 0.0 0.0]
x_pb,"[17.0, -0.0, -0.0, 178.0]"
s_bb,[-0.0 -0.0 -0.0; -0.0 -0.0 -0.0; 0.0 -0.0 -0.0; 11.0 -0.0 -0.0; 16.0 -0.0 -0.0; 25.0 -0.0 -0.0; -0.0 6.0 -0.0; -0.0 -0.0 -0.0; -0.0 -0.0 -0.0; 0.0 -0.0 -0.0; 0.0 -0.0 -0.0; 11.0 -0.0 -0.0; 13.0 -0.0 -0.0; 12.0 -0.0 -0.0; 25.0 -0.0 -0.0]
partition_bb,"[[[0.0, 0.0, 0.0, 0.0, 4.0, 16.0, 19.0, 26.0, 34.0, 39.0, 21.0, 21.0, 12.0, 11.0, 0.0], [0.0, 0.0, 0.0, 0.0, 5.0, 12.0, 27.0, 34.0, 26.0, 21.0, 14.0, 8.0, 11.0, 12.0, 25.0], [3.0, 10.0, 4.0, 11.0, 16.0, 3.0, 7.0, 0.0, 8.0, 13.0, 16.0, 22.0, 13.0, 12.0, 25.0], [0.0, 0.0, 4.0, 11.0, 12.0, 25.0, 12.0, 19.0, 27.0, 22.0, 22.0, 16.0, 13.0, 12.0, 0.0], [0.0, 0.0, 0.0, 0.0, 5.0, 18.0, 31.0, 34.0, 33.0, 33.0, 15.0, 15.0, 6.0, 5.0, 0.0], [0.0, 0.0, 0.0, 4.0, 9.0, 16.0, 31.0, 38.0, 30.0, 25.0, 18.0, 12.0, 9.0, 9.0, 4.0], [0.0, 0.0, 0.0, 1.0, 7.0, 14.0, 22.0, 29.0, 37.0, 32.0, 19.0, 19.0, 10.0, 9.0, 0.0]], [[0.0, 0.0, 0.0, 4.0, 9.0, 16.0, 31.0, 38.0, 30.0, 25.0, 18.0, 12.0, 9.0, 9.0, 0.0]], Vector{Float64}[]]"
y_box,[2.0 9.0 2.0 0.0 0.0 0.0 0.0 0.0 0.0 0.0 0.0 0.0 0.0 0.0 0.0; 0.0 0.0 0.0 0.0 0.0 0.0 0.0 0.0 0.0 0.0 0.0 0.0 0.0 0.0 0.0; 0.0 0.0 0.0 0.0 0.0 0.0 0.0 0.0 0.0 0.0 0.0 0.0 0.0 0.0 0.0; 0.0 0.0 0.0 0.0 0.0 0.0 31.0 38.0 36.0 39.0 22.0 16.0 0.0 0.0 0.0;;; 0.0 0.0 0.0 0.0 0.0 0.0 0.0 0.0 0.0 0.0 13.0 0.0 0.0 0.0 0.0; 0.0 0.0 0.0 0.0 0.0 0.0 0.0 0.0 0.0 0.0 0.0 0.0 0.0 0.0 0.0; 0.0 0.0 0.0 0.0 0.0 0.0 0.0 0.0 0.0 0.0 0.0 0.0 0.0 0.0 0.0; 0.0 0.0 2.0 0.0 0.0 0.0 31.0 21.0 35.0 35.0 4.0 17.0 0.0 12.0 25.0;;; 0.0 0.0 2.0 0.0 0.0 11.0 0.0 0.0 0.0 0.0 0.0 0.0 0.0 0.0 0.0; 0.0 0.0 0.0 0.0 0.0 0.0 0.0 0.0 0.0 0.0 0.0 0.0 0.0 0.0 0.0; 0.0 0.0 0.0 0.0 0.0 0.0 0.0 0.0 0.0 0.0 0.0 0.0 0.0 0.0 0.0; 0.0 0.0 0.0 0.0 0.0 1.0 31.0 29.0 33.0 30.0 0.0 22.0 0.0 10.0 25.0]
evol_bb,"[[4.028, 1.4477943243833344e7], [12.735, 1.4477943243833343e7]]"
y_bb,[3.0 10.0 4.0 0.0 -0.0 -0.0 -0.0 -0.0 -0.0 -0.0 -0.0 -0.0 -0.0 -0.0 -0.0; -0.0 -0.0 -0.0 -0.0 0.0 0.0 -0.0 -0.0 -0.0 -0.0 -0.0 -0.0 -0.0 -0.0 -0.0; -0.0 -0.0 -0.0 -0.0 -0.0 -0.0 -0.0 -0.0 -0.0 -0.0 -0.0 -0.0 -0.0 -0.0 -0.0; -0.0 -0.0 -0.0 -0.0 -0.0 -0.0 31.0 38.0 37.0 39.0 22.0 11.0 0.0 0.0 0.0;;; -0.0 -0.0 -0.0 -0.0 -0.0 16.0 -0.0 -0.0 -0.0 -0.0 -0.0 -0.0 -0.0 1.0 -0.0; -0.0 -0.0 -0.0 -0.0 -0.0 -0.0 -0.0 -0.0 -0.0 -0.0 -0.0 -0.0 -0.0 -0.0 -0.0; -0.0 -0.0 -0.0 -0.0 -0.0 0.0 -0.0 0.0 -0.0 0.0 -0.0 -0.0 -0.0 -0.0 -0.0; -0.0 -0.0 -0.0 4.0 9.0 0.0 25.0 38.0 30.0 25.0 18.0 12.0 9.0 8.0 -0.0;;; -0.0 -0.0 -0.0 -0.0 -0.0 -0.0 -0.0 -0.0 -0.0 -0.0 -0.0 -0.0 -0.0 -0.0 -0.0; -0.0 -0.0 -0.0 -0.0 -0.0 -0.0 -0.0 -0.0 -0.0 -0.0 -0.0 -0.0 -0.0 -0.0 -0.0; -0.0 -0.0 -0.0 -0.0 -0.0 -0.0 -0.0 -0.0 -0.0 -0.0 -0.0 -0.0 -0.0 -0.0 -0.0; -0.0 -0.0 -0.0 -0.0 -0.0 -0.0 -0.0 -0.0 -0.0 -0.0 -0.0 -0.0 -0.0 -0.0 -0.0]
evol_box,"[[0.436, 0.0], [2.064, 1.0301101868700009e6], [2.167, 1.0301101868700009e6], [2.194, 1.0301101868700009e6], [2.357, 4.488316209987402e6], [2.529, 4.488316209987417e6], [2.901, 5.000627119584429e6], [3.123, 5.1286175222456865e6], [3.59, 5.897049616897959e6], [3.81, 7.1778380598215405e6], [4.172, 7.17783805982154e6], [5.042, 7.9461362491406035e6], [5.534, 8.330420370955788e6], [6.258, 8.458396146335177e6], [7.063, 8.458416593263485e6], [7.93, 8.586668077354982e6], [8.412, 9.226875814776514e6], [9.675, 9.354957819757698e6], [12.291, 9.355209198551606e6], [13.664, 9.611240420767626e6], [15.168, 9.739393170543376e6], [15.882, 9.867318648056503e6], [17.25, 1.0251510027970891e7], [18.273, 1.0251537100780006e7], [22.057, 1.0251537100780005e7], [33.953, 1.050765597105646e7], [40.152, 1.050765597105646e7], [43.381, 1.0507655971056454e7], [48.9, 1.0507656746589405e7], [53.623, 1.0635520516155876e7], [67.59, 1.0635699934117688e7], [75.143, 1.0635699934117688e7], [78.972, 1.0763832393248802e7], [82.957, 1.07638323932488e7], [86.106, 1.0763839123325866e7], [87.9, 1.0891901986000009e7], [129.117, 1.101990552681075e7], [134.176, 1.1019981687619865e7], [139.555, 1.1147854532716477e7], [144.128, 1.1147886005048312e7], [178.816, 1.1147990242281398e7], [219.893, 1.1148044522787925e7], [224.662, 1.1275930774761695e7], [333.062, 1.1276109897973128e7], [340.19, 1.1276109897973126e7], [347.127, 1.1276117425912334e7], [353.774, 1.1276144858807798e7], [488.282, 1.1404111793210573e7], [553.516, 1.1404113275622314e7], [562.256, 1.1404190465873495e7], [575.7, 1.1404203259090189e7], [581.745, 1.1532113456637872e7], [590.442, 1.1532205636040388e7], [602.163, 1.153225440397788e7], [611.183, 1.1532266816207854e7], [778.029, 1.1532266816207854e7], [788.434, 1.1532266816207854e7], [799.97, 1.1532266816207854e7], [844.942, 1.1532266816207854e7], [852.941, 1.1532266816207854e7], [864.337, 1.1532266816207854e7], [880.338, 1.166026463735615e7], [895.415, 1.166026463735615e7], [996.002, 1.1660268097707659e7], [1193.27, 1.1660268097707659e7], [1315.705, 1.1660275365802284e7], [1495.048, 1.1660288023922909e7], [1572.017, 1.166028970364068e7], [1980.689, 1.166033919077728e7], [3002.272, 1.1788275649161477e7], [3127.503, 1.1788288106890582e7], [3163.686, 1.1788352919444729e7], [3548.614, 1.1788370328154966e7], [3600.031, 1.1916361851383371e7]]"
y_pb,[[3.0 10.0 4.0 -0.0 -0.0 -0.0 -0.0 -0.0 -0.0 -0.0 -0.0 -0.0 -0.0 -0.0 -0.0; -0.0 -0.0 -0.0 -0.0 0.0 -0.0 -0.0 -0.0 -0.0 -0.0 -0.0 -0.0 -0.0 -0.0 -0.0; -0.0 -0.0 -0.0 -0.0 0.0 -0.0 -0.0 -0.0 -0.0 -0.0 -0.0 -0.0 -0.0 -0.0 -0.0; -0.0 -0.0 -0.0 -0.0 -0.0 -0.0 31.0 38.0 36.99999999999999 39.0 22.0 11.0 -0.0 -0.0 -0.0;;;]]
x_bb,"[17.0, 0.0, 0.0, 178.0]"
x_box,"[13.0, 0.0, 0.0, 182.0]"
evol_zeta,"[[2.152, 25.0], [2.174, 16.0], [2.202, 16.0], [2.364, 12.0], [2.538, 12.0], [2.908, 12.0], [3.13, 12.0], [3.593, 11.0], [3.814, 10.0], [4.179, 10.0], [5.082, 10.0], [5.54, 12.0], [6.301, 9.0], [7.07, 10.0], [7.969, 9.0], [8.446, 9.0], [9.704, 8.99999999999999], [12.312, 10.0], [13.686, 9.0], [15.18, 10.0], [15.916, 7.272727273554551], [17.261, 6.909090909090909], [18.283, 10.0], [22.077, 10.0], [33.977, 7.230769230769231], [40.178, 6.538461538461535], [43.406, 6.0], [48.909, 6.0], [53.656, 7.153846153846153], [67.633, 7.000000000000001], [75.169, 7.0], [78.999, 7.2142857142857135], [82.966, 6.0], [86.137, 8.454545454545453], [87.94, 5.818181818181818], [129.155, 5.0], [134.201, 6.545454545454543], [139.583, 6.076923076923077], [144.141, 4.800000011201263], [178.828, 5.0], [219.909, 6.9166666666666625], [224.694, 6.0], [333.084, 6.636363636363641], [340.201, 5.1666666666666625], [347.142, 6.7692307692307665], [353.801, 5.000000000000005], [488.313, 5.0], [553.558, 5.0], [562.271, 4.9090909090909065], [575.739, 6.916666666666671], [581.789, 5.0], [590.451, 4.500000493951383], [602.207, 5.538461538461538], [611.224, 6.0], [778.051, 6.333333333333332], [788.465, 3.9999999999999996], [800.017, 5.0], [844.968, 5.25], [852.968, 5.307692307692307], [864.361, 4.999999999999998], [880.367, 4.666666666666671], [895.441, 4.25], [996.027, 5.0], [1193.275, 5.0], [1315.716, 4.818181818181815], [1495.06, 6.2727272727272725], [1572.03, 3.3636363636363633], [1980.706, 5.416666666666668], [3002.29, 4.250000000000003], [3127.533, 5.0], [3163.713, 6.0], [3548.629, 5.0], [3600.046, 0.0]]"
ξ_box,[2.0 3.0 3.0; 9.0 10.0 10.0; 2.0 4.0 4.0; 9.0 11.0 11.0; 13.0 16.0 16.0; 21.0 25.0 25.0; 31.0 31.0 31.0; 38.0 33.0 29.0; 36.0 35.0 33.0; 39.0 35.0 30.0; 22.0 17.0 22.0; 22.0 17.0 22.0; 13.0 13.0 13.0; 12.0 12.0 12.0; 19.0 25.0 25.0]
