first,second
s_box,[0.0 0.0 0.0 0.0 0.0; 0.0 0.0 38.0 0.0 0.0; 0.0 16.0 0.0 1.0 0.0; 13.0 25.0 0.0 29.0 17.0; 18.0 17.0 19.0 19.0 19.0; 23.0 0.0 0.0 0.0 0.0; 0.0 0.0 2.0 0.0 0.0; 0.0 3.0 0.0 0.0 4.0; 5.0 0.0 0.0 0.0 5.0; 0.0 0.0 0.0 10.0 0.0; 0.0 0.0 0.0 0.0 0.0; 0.0 0.0 0.0 0.0 0.0; 0.0 0.0 0.0 0.0 0.0; 0.0 0.0 0.0 0.0 0.0; 0.0 0.0 0.0 0.0 16.0]
x_pb,"[92.0, -0.0, 23.0, 56.0]"
s_bb,[3.0 -0.0 -0.0 -0.0 -0.0; 0.0 -0.0 -0.0 -0.0 -0.0; 36.0 -0.0 -0.0 -0.0 -0.0; 29.0 -0.0 -0.0 -0.0 -0.0; 19.0 -0.0 -0.0 -0.0 -0.0; 0.0 -0.0 -0.0 -0.0 -0.0; 15.0 -0.0 -0.0 -0.0 -0.0; 4.0 -0.0 -0.0 -0.0 -0.0; 5.0 -0.0 -0.0 -0.0 -0.0; 0.0 -0.0 -0.0 -0.0 -0.0; 0.0 -0.0 -0.0 -0.0 -0.0; 0.0 -0.0 -0.0 -0.0 -0.0; 0.0 -0.0 -0.0 -0.0 -0.0; 0.0 -0.0 -0.0 -0.0 -0.0; 0.0 -0.0 -0.0 -0.0 -0.0]
partition_bb,"[[[50.0, 43.0, 31.0, 24.0, 14.0, 10.0, 1.0, 0.0, 0.0, 0.0, 0.0, 0.0, 0.0, 0.0, 0.0], [43.0, 36.0, 24.0, 17.0, 17.0, 5.0, 0.0, 0.0, 0.0, 0.0, 0.0, 0.0, 5.0, 8.0, 17.0], [35.0, 28.0, 16.0, 23.0, 19.0, 23.0, 15.0, 4.0, 0.0, 0.0, 0.0, 0.0, 0.0, 0.0, 9.0], [45.0, 38.0, 26.0, 19.0, 17.0, 5.0, 0.0, 0.0, 5.0, 10.0, 3.0, 5.0, 0.0, 0.0, 0.0], [17.0, 24.0, 36.0, 29.0, 19.0, 15.0, 12.0, 1.0, 0.0, 0.0, 3.0, 5.0, 6.0, 0.0, 5.0], [0.0, 5.0, 17.0, 21.0, 11.0, 23.0, 14.0, 4.0, 5.0, 0.0, 3.0, 5.0, 8.0, 13.0, 17.0], [38.0, 45.0, 33.0, 26.0, 16.0, 12.0, 3.0, 0.0, 0.0, 0.0, 0.0, 0.0, 0.0, 0.0, 0.0]], Vector{Float64}[], Vector{Float64}[], Vector{Float64}[], Vector{Float64}[]]"
y_box,[29.0 21.0 33.0 0.0 0.0 0.0 0.0 4.0 0.0 10.0 1.0 0.0 0.0 0.0 0.0; 0.0 0.0 0.0 0.0 0.0 0.0 0.0 0.0 0.0 0.0 0.0 0.0 0.0 0.0 0.0; 0.0 22.0 0.0 0.0 0.0 0.0 15.0 0.0 0.0 0.0 0.0 0.0 0.0 0.0 0.0; 21.0 0.0 0.0 15.0 0.0 0.0 0.0 0.0 0.0 0.0 0.0 0.0 0.0 0.0 0.0;;; 46.0 40.0 12.0 0.0 0.0 0.0 0.0 0.0 0.0 0.0 0.0 0.0 0.0 0.0 0.0; 0.0 0.0 0.0 0.0 0.0 0.0 0.0 0.0 0.0 0.0 0.0 0.0 0.0 0.0 0.0; 0.0 0.0 0.0 0.0 0.0 23.0 14.0 0.0 0.0 0.0 0.0 0.0 0.0 0.0 0.0; 0.0 0.0 0.0 0.0 0.0 0.0 0.0 1.0 0.0 0.0 3.0 1.0 5.0 9.0 17.0;;; 45.0 0.0 4.0 19.0 0.0 0.0 4.0 0.0 0.0 0.0 0.0 0.0 0.0 12.0 14.0; 0.0 0.0 0.0 0.0 0.0 0.0 0.0 0.0 0.0 0.0 0.0 0.0 0.0 0.0 0.0; 0.0 0.0 0.0 0.0 0.0 17.0 5.0 0.0 5.0 10.0 0.0 0.0 0.0 0.0 0.0; 0.0 0.0 22.0 0.0 0.0 0.0 0.0 0.0 0.0 0.0 2.0 4.0 8.0 0.0 0.0;;; 29.0 34.0 35.0 0.0 0.0 0.0 0.0 0.0 0.0 0.0 0.0 0.0 0.0 0.0 0.0; 0.0 0.0 0.0 0.0 0.0 0.0 0.0 0.0 0.0 0.0 0.0 0.0 0.0 0.0 0.0; 0.0 0.0 0.0 0.0 0.0 13.0 11.0 0.0 0.0 0.0 0.0 0.0 0.0 13.0 0.0; 2.0 0.0 0.0 0.0 0.0 3.0 0.0 0.0 5.0 0.0 3.0 5.0 8.0 0.0 10.0;;; 30.0 23.0 33.0 12.0 0.0 0.0 0.0 0.0 0.0 0.0 0.0 0.0 0.0 0.0 0.0; 0.0 0.0 0.0 0.0 0.0 0.0 0.0 0.0 0.0 0.0 0.0 0.0 0.0 0.0 0.0; 0.0 0.0 0.0 0.0 0.0 22.0 15.0 0.0 0.0 0.0 0.0 0.0 0.0 0.0 0.0; 0.0 0.0 0.0 0.0 0.0 0.0 0.0 0.0 0.0 10.0 3.0 4.0 7.0 11.0 1.0]
evol_bb,"[[10.017, 1.2997843404006222e7]]"
y_bb,[47.0 45.0 0.0 0.0 -0.0 -0.0 -0.0 -0.0 -0.0 -0.0 -0.0 -0.0 -0.0 -0.0 -0.0; -0.0 -0.0 -0.0 -0.0 -0.0 -0.0 -0.0 -0.0 -0.0 -0.0 -0.0 -0.0 -0.0 -0.0 -0.0; -0.0 -0.0 -0.0 -0.0 0.0 23.0 0.0 0.0 -0.0 -0.0 -0.0 -0.0 -0.0 -0.0 -0.0; -0.0 -0.0 -0.0 -0.0 -0.0 -0.0 -0.0 -0.0 0.0 10.0 3.0 5.0 8.0 13.0 17.0;;; -0.0 -0.0 -0.0 -0.0 -0.0 -0.0 -0.0 -0.0 -0.0 -0.0 -0.0 -0.0 -0.0 -0.0 -0.0; -0.0 -0.0 -0.0 -0.0 -0.0 -0.0 -0.0 -0.0 -0.0 -0.0 -0.0 -0.0 -0.0 -0.0 -0.0; -0.0 -0.0 -0.0 -0.0 -0.0 -0.0 -0.0 -0.0 -0.0 -0.0 -0.0 -0.0 -0.0 -0.0 -0.0; -0.0 -0.0 -0.0 -0.0 -0.0 -0.0 -0.0 -0.0 -0.0 -0.0 -0.0 -0.0 -0.0 -0.0 -0.0;;; -0.0 -0.0 -0.0 -0.0 -0.0 -0.0 -0.0 -0.0 -0.0 -0.0 -0.0 -0.0 -0.0 -0.0 -0.0; -0.0 -0.0 -0.0 -0.0 -0.0 -0.0 -0.0 -0.0 -0.0 -0.0 -0.0 -0.0 -0.0 -0.0 -0.0; -0.0 -0.0 -0.0 -0.0 -0.0 -0.0 -0.0 -0.0 -0.0 -0.0 -0.0 -0.0 -0.0 -0.0 -0.0; -0.0 -0.0 -0.0 -0.0 -0.0 -0.0 -0.0 -0.0 -0.0 -0.0 -0.0 -0.0 -0.0 -0.0 -0.0;;; -0.0 -0.0 -0.0 -0.0 -0.0 -0.0 -0.0 -0.0 -0.0 -0.0 -0.0 -0.0 -0.0 -0.0 -0.0; -0.0 -0.0 -0.0 -0.0 -0.0 -0.0 -0.0 -0.0 -0.0 -0.0 -0.0 -0.0 -0.0 -0.0 -0.0; -0.0 -0.0 -0.0 -0.0 -0.0 -0.0 -0.0 -0.0 -0.0 -0.0 -0.0 -0.0 -0.0 -0.0 -0.0; -0.0 -0.0 -0.0 -0.0 -0.0 -0.0 -0.0 -0.0 -0.0 -0.0 -0.0 -0.0 -0.0 -0.0 -0.0;;; -0.0 -0.0 -0.0 -0.0 -0.0 -0.0 -0.0 -0.0 -0.0 -0.0 -0.0 -0.0 -0.0 -0.0 -0.0; -0.0 -0.0 -0.0 -0.0 -0.0 -0.0 -0.0 -0.0 -0.0 -0.0 -0.0 -0.0 -0.0 -0.0 -0.0; -0.0 -0.0 -0.0 -0.0 -0.0 -0.0 -0.0 -0.0 -0.0 -0.0 -0.0 -0.0 -0.0 -0.0 -0.0; -0.0 -0.0 -0.0 -0.0 -0.0 -0.0 -0.0 -0.0 -0.0 -0.0 -0.0 -0.0 -0.0 -0.0 -0.0]
evol_box,"[[0.488, 0.0], [2.362, 238046.93491263184], [2.459, 238046.93491263184], [2.514, 238046.93491263094], [2.642, 238046.93491263184], [2.981, 355085.43830768764], [4.05, 2.696074980402358e6], [6.075, 2.696074980402358e6], [8.061, 2.9302769697692255e6], [10.414, 3.515660822146179e6], [14.193, 3.515660822146179e6], [17.173, 3.5156608221461787e6], [19.368, 3.7498751309628487e6], [21.94, 3.749685562184003e6], [24.905, 3.749685562184003e6], [43.575, 3.866958752213064e6], [50.971, 3.8670147468794705e6], [56.379, 4.569462466089607e6], [61.444, 4.569862979251386e6], [67.233, 4.803198750571879e6], [75.468, 4.920458398144483e6], [99.315, 4.920506998417908e6], [113.229, 5.0375828924524365e6], [128.197, 5.388569688751686e6], [149.253, 5.388569688751686e6], [167.646, 5.622712610926902e6], [186.229, 5.622712610926903e6], [209.447, 5.622982503935578e6], [254.063, 5.739984106629812e6], [292.831, 5.974112842106349e6], [354.186, 5.974112811565264e6], [440.174, 5.97411284210635e6], [472.98, 5.9741408303968115e6], [533.121, 6.091263913446816e6], [612.836, 6.207968757031794e6], [966.399, 6.55920968332839e6], [1523.813, 6.676260756756265e6], [1873.716, 6.676597768371872e6], [2424.814, 6.793296421408962e6], [2668.218, 6.79363112441588e6], [3168.855, 7.027461383089287e6], [3600.132, 7.144662753416093e6]]"
y_pb,[[47.00000000000001 44.99999999999999 -0.0 -0.0 -0.0 -0.0 -0.0 -0.0 -0.0 -0.0 -0.0 -0.0 -0.0 -0.0 -0.0; -0.0 -0.0 0.0 -0.0 -0.0 -0.0 -0.0 -0.0 -0.0 -0.0 -0.0 -0.0 -0.0 -0.0 -0.0; -0.0 -0.0 -0.0 -0.0 -0.0 23.0 -0.0 -0.0 -0.0 -0.0 -0.0 -0.0 -0.0 -0.0 -0.0; -0.0 -0.0 -0.0 -0.0 -0.0 -0.0 -0.0 -0.0 -0.0 10.0 3.0 5.0 8.0 13.0 17.0;;;]]
x_bb,"[92.0, 0.0, 23.0, 56.0]"
x_box,"[98.0, 0.0, 37.0, 36.0]"
evol_zeta,"[[1.931, 49.714285714285715], [2.438, 17.0], [2.469, 17.0], [2.575, 17.0], [2.663, 15.727272727272727], [3.016, 15.272727272727273], [4.079, 14.0], [6.102, 12.636363636363637], [8.113, 14.0], [10.46, 12.625], [14.217, 12.90909090909091], [17.198, 11.888888888888888], [19.402, 10.88888888888889], [21.949, 10.25], [24.911, 10.0], [43.603, 10.444444444444438], [50.984, 10.0], [56.42, 10.0], [61.455, 10.0], [67.255, 10.0], [75.492, 10.0], [99.335, 9.0], [113.284, 10.0], [128.237, 9.0], [149.307, 9.999999999999998], [167.684, 9.999999999999998], [186.263, 8.999999999999988], [209.471, 10.0], [254.09, 10.0], [292.865, 10.0], [354.297, 9.333333333333332], [440.217, 10.0], [473.007, 10.0], [533.168, 9.285714285714285], [612.878, 8.0], [966.424, 10.0], [1523.863, 8.461538461538462], [1873.772, 7.999999999999993], [2424.822, 10.0], [2668.255, 10.0], [3168.886, 9.0], [3600.148, 0.0]]"
ξ_box,[50.0 46.0 45.0 31.0 30.0; 43.0 40.0 38.0 34.0 23.0; 33.0 28.0 26.0 36.0 33.0; 28.0 25.0 19.0 29.0 29.0; 18.0 17.0 19.0 19.0 19.0; 23.0 23.0 17.0 16.0 22.0; 15.0 14.0 11.0 11.0 15.0; 4.0 4.0 0.0 -0.0 4.0; 5.0 0.0 5.0 5.0 5.0; 10.0 0.0 10.0 10.0 10.0; 1.0 3.0 2.0 3.0 3.0; -0.0 1.0 4.0 5.0 4.0; -0.0 5.0 8.0 8.0 7.0; 0.0 9.0 12.0 13.0 11.0; 0.0 17.0 14.0 10.0 17.0]
