first,second
s_box,[44.0; 27.0; 0.0; 16.0; 13.0; 17.0; 16.0; 22.0; 1.0; 31.0; 38.0; 42.0; 0.0; 0.0; 0.0;;]
x_pb,"[29.0, -0.0, 30.0, -0.0, 66.0, 133.0, -0.0, -0.0]"
s_bb,[44.0; 27.0; 0.0; 16.0; 13.0; 17.0; 16.0; 22.0; 1.0; 31.0; 38.0; 42.0; 0.0; 0.0; 0.0;;]
partition_bb,"[[[0.0, 0.0, 0.0, 0.0, 0.0, 0.0, 1.0, 2.0, 16.0, 16.0, 17.0, 27.0, 50.0, 64.0, 68.0], [44.0, 27.0, 27.0, 14.0, 11.0, 15.0, 16.0, 7.0, 1.0, 1.0, 0.0, 1.0, 24.0, 38.0, 34.0], [33.0, 25.0, 16.0, 13.0, 10.0, 12.0, 13.0, 22.0, 24.0, 26.0, 38.0, 28.0, 0.0, 0.0, 0.0], [0.0, 0.0, 0.0, 0.0, 0.0, 3.0, 4.0, 5.0, 19.0, 19.0, 20.0, 30.0, 66.0, 52.0, 48.0], [6.0, 23.0, 14.0, 10.0, 13.0, 17.0, 16.0, 17.0, 27.0, 29.0, 32.0, 42.0, 6.0, 5.0, 1.0], [12.0, 27.0, 29.0, 16.0, 13.0, 15.0, 16.0, 17.0, 31.0, 29.0, 32.0, 22.0, 0.0, 0.0, 0.0], [0.0, 0.0, 0.0, 5.0, 5.0, 15.0, 16.0, 17.0, 29.0, 31.0, 27.0, 18.0, 24.0, 38.0, 34.0], [0.0, 0.0, 0.0, 0.0, 0.0, 1.0, 2.0, 3.0, 17.0, 17.0, 18.0, 28.0, 51.0, 65.0, 61.0]]]"
y_box,[0.0 0.0 29.0 0.0 0.0 -0.0 -0.0 -0.0 -0.0 -0.0 -0.0 -0.0 -0.0 -0.0 -0.0; -0.0 -0.0 -0.0 -0.0 -0.0 0.0 0.0 -0.0 -0.0 -0.0 -0.0 -0.0 -0.0 -0.0 -0.0; -0.0 -0.0 -0.0 -0.0 -0.0 -0.0 -0.0 0.0 30.0 0.0 0.0 -0.0 -0.0 -0.0 -0.0; -0.0 -0.0 -0.0 -0.0 -0.0 -0.0 -0.0 -0.0 -0.0 -0.0 -0.0 0.0 -0.0 -0.0 -0.0; -0.0 -0.0 -0.0 -0.0 -0.0 -0.0 -0.0 -0.0 -0.0 -0.0 -0.0 -0.0 66.0 -0.0 -0.0; -0.0 -0.0 -0.0 -0.0 -0.0 -0.0 -0.0 -0.0 -0.0 -0.0 -0.0 -0.0 -0.0 65.0 68.0; -0.0 -0.0 -0.0 -0.0 -0.0 -0.0 -0.0 -0.0 -0.0 -0.0 -0.0 -0.0 -0.0 -0.0 -0.0; -0.0 -0.0 -0.0 -0.0 -0.0 -0.0 -0.0 -0.0 -0.0 -0.0 -0.0 -0.0 -0.0 -0.0 -0.0;;;]
evol_bb,"[[0.38, 3.2951640290525883e7]]"
y_bb,[0.0 0.0 29.0 0.0 0.0 -0.0 -0.0 -0.0 -0.0 -0.0 -0.0 -0.0 -0.0 -0.0 -0.0; -0.0 -0.0 -0.0 -0.0 -0.0 0.0 0.0 -0.0 -0.0 -0.0 -0.0 -0.0 -0.0 -0.0 -0.0; -0.0 -0.0 -0.0 -0.0 -0.0 -0.0 -0.0 0.0 30.0 0.0 0.0 -0.0 -0.0 -0.0 -0.0; -0.0 -0.0 -0.0 -0.0 -0.0 -0.0 -0.0 -0.0 -0.0 -0.0 -0.0 0.0 -0.0 -0.0 -0.0; -0.0 -0.0 -0.0 -0.0 -0.0 -0.0 -0.0 -0.0 -0.0 -0.0 -0.0 -0.0 66.0 -0.0 -0.0; -0.0 -0.0 -0.0 -0.0 -0.0 -0.0 -0.0 -0.0 -0.0 -0.0 -0.0 -0.0 -0.0 65.0 68.0; -0.0 -0.0 -0.0 -0.0 -0.0 -0.0 -0.0 -0.0 -0.0 -0.0 -0.0 -0.0 -0.0 -0.0 -0.0; -0.0 -0.0 -0.0 -0.0 -0.0 -0.0 -0.0 -0.0 -0.0 -0.0 -0.0 -0.0 -0.0 -0.0 -0.0;;;]
evol_box,"[[0.46, 0.0], [2.01, 373150.44101464434], [2.096, 2.061116309824709e7], [2.113, 2.739844985459763e7], [2.128, 2.96196975053512e7], [2.14, 3.2581425541283898e7], [2.149, 3.2828237210375942e7], [2.155, 3.2951640290525883e7]]"
y_pb,[[-0.0 -0.0 29.0 -0.0 -0.0 -0.0 -0.0 -0.0 -0.0 -0.0 -0.0 -0.0 -0.0 -0.0 -0.0; -0.0 -0.0 -0.0 -0.0 -0.0 0.0 -0.0 -0.0 -0.0 -0.0 -0.0 -0.0 -0.0 -0.0 -0.0; -0.0 -0.0 -0.0 -0.0 -0.0 -0.0 -0.0 -0.0 30.0 -0.0 -0.0 -0.0 -0.0 -0.0 -0.0; -0.0 -0.0 -0.0 -0.0 -0.0 -0.0 -0.0 -0.0 -0.0 -0.0 -0.0 -0.0 0.0 -0.0 -0.0; -0.0 -0.0 -0.0 -0.0 -0.0 -0.0 -0.0 -0.0 -0.0 -0.0 -0.0 -0.0 66.0 -0.0 -0.0; -0.0 -0.0 -0.0 -0.0 -0.0 -0.0 -0.0 -0.0 -0.0 -0.0 -0.0 -0.0 -0.0 65.00000000000001 68.00000000000001; -0.0 -0.0 -0.0 -0.0 -0.0 -0.0 -0.0 -0.0 -0.0 -0.0 -0.0 -0.0 -0.0 -0.0 0.0; -0.0 -0.0 -0.0 -0.0 -0.0 -0.0 -0.0 -0.0 -0.0 -0.0 -0.0 -0.0 -0.0 -0.0 0.0;;;]]
x_bb,"[29.0, 0.0, 30.0, 0.0, 66.0, 133.0, 0.0, 0.0]"
x_box,"[29.0, 0.0, 30.0, 0.0, 66.0, 133.0, 0.0, 0.0]"
evol_zeta,"[[1.688, 67.66666666666666], [2.093, 44.0], [2.111, 21.0], [2.126, 15.199999999999989], [2.138, 12.0], [2.147, 2.0], [2.153, 0.5], [2.162, 0.0]]"
ξ_box,[44.0; 27.0; 29.0; 16.0; 13.0; 17.0; 16.0; 22.0; 31.0; 31.0; 38.0; 42.0; 66.0; 65.0; 68.0;;]
