first,second
s_box,[13.0; 0.0; 0.0; 0.0; 0.0; 0.0; 15.0; 33.0; 0.0; 0.0; 0.0; 0.0; 0.0; 17.0; 6.0;;]
x_pb,"[-0.0, 29.0, 94.0, 87.0, 29.0, -0.0, -0.0, -0.0]"
s_bb,[13.0; 0.0; 0.0; 0.0; 0.0; 0.0; 15.0; 33.0; 0.0; 0.0; 0.0; 0.0; 0.0; 17.0; 6.0;;]
partition_bb,"[[[0.0, 3.0, 11.0, 20.0, 21.0, 28.0, 31.0, 33.0, 22.0, 16.0, 19.0, 19.0, 14.0, 2.0, 0.0], [0.0, 6.0, 10.0, 20.0, 28.0, 25.0, 28.0, 26.0, 16.0, 10.0, 10.0, 10.0, 29.0, 17.0, 6.0], [13.0, 6.0, 23.0, 13.0, 21.0, 14.0, 15.0, 17.0, 27.0, 22.0, 19.0, 19.0, 21.0, 9.0, 0.0], [0.0, 6.0, 10.0, 20.0, 23.0, 30.0, 27.0, 25.0, 27.0, 22.0, 19.0, 19.0, 1.0, 0.0, 0.0]]]"
y_box,[0.0 -0.0 -0.0 -0.0 -0.0 -0.0 -0.0 -0.0 -0.0 -0.0 -0.0 -0.0 -0.0 -0.0 -0.0; -0.0 6.0 23.0 -0.0 -0.0 -0.0 -0.0 -0.0 -0.0 -0.0 -0.0 -0.0 -0.0 -0.0 -0.0; -0.0 -0.0 -0.0 20.0 28.0 30.0 16.0 -0.0 -0.0 -0.0 -0.0 -0.0 -0.0 -0.0 -0.0; -0.0 -0.0 -0.0 -0.0 -0.0 -0.0 -0.0 0.0 27.0 22.0 19.0 19.0 -0.0 -0.0 -0.0; -0.0 -0.0 -0.0 -0.0 -0.0 -0.0 -0.0 -0.0 -0.0 -0.0 -0.0 -0.0 29.0 -0.0 -0.0; -0.0 -0.0 -0.0 -0.0 -0.0 -0.0 -0.0 -0.0 -0.0 -0.0 -0.0 -0.0 -0.0 -0.0 -0.0; -0.0 -0.0 -0.0 -0.0 -0.0 -0.0 -0.0 -0.0 -0.0 -0.0 -0.0 -0.0 -0.0 -0.0 -0.0; -0.0 -0.0 -0.0 -0.0 -0.0 -0.0 -0.0 -0.0 -0.0 -0.0 -0.0 -0.0 -0.0 0.0 0.0;;;]
evol_bb,"[[0.388, 9.925906180485088e6]]"
y_bb,[0.0 -0.0 -0.0 -0.0 -0.0 -0.0 -0.0 -0.0 -0.0 -0.0 -0.0 -0.0 -0.0 -0.0 -0.0; -0.0 6.0 23.0 -0.0 -0.0 -0.0 -0.0 -0.0 -0.0 -0.0 -0.0 -0.0 -0.0 -0.0 -0.0; -0.0 -0.0 -0.0 20.0 28.0 30.0 16.0 -0.0 -0.0 -0.0 -0.0 -0.0 -0.0 -0.0 -0.0; -0.0 -0.0 -0.0 -0.0 -0.0 -0.0 -0.0 0.0 27.0 22.0 19.0 19.0 -0.0 -0.0 -0.0; -0.0 -0.0 -0.0 -0.0 -0.0 -0.0 -0.0 -0.0 -0.0 -0.0 -0.0 -0.0 29.0 -0.0 -0.0; -0.0 -0.0 -0.0 -0.0 -0.0 -0.0 -0.0 -0.0 -0.0 -0.0 -0.0 -0.0 -0.0 -0.0 -0.0; -0.0 -0.0 -0.0 -0.0 -0.0 -0.0 -0.0 -0.0 -0.0 -0.0 -0.0 -0.0 -0.0 -0.0 -0.0; -0.0 -0.0 -0.0 -0.0 -0.0 -0.0 -0.0 -0.0 -0.0 -0.0 -0.0 -0.0 -0.0 0.0 0.0;;;]
evol_box,"[[0.698, 0.0], [2.925, 2456.1330145039265], [3.023, 5.5548592247075e6], [3.03, 7.090675945543681e6], [3.037, 9.925906180485088e6]]"
y_pb,[[-0.0 0.0 -0.0 -0.0 -0.0 -0.0 -0.0 -0.0 -0.0 -0.0 -0.0 -0.0 -0.0 -0.0 -0.0; -0.0 6.0 23.000000000000004 -0.0 -0.0 -0.0 -0.0 -0.0 -0.0 -0.0 -0.0 -0.0 -0.0 -0.0 -0.0; -0.0 -0.0 -0.0 20.000000000000004 28.000000000000004 30.0 16.0 -0.0 -0.0 -0.0 -0.0 -0.0 -0.0 -0.0 -0.0; -0.0 -0.0 -0.0 -0.0 -0.0 -0.0 -0.0 -0.0 27.0 22.0 19.0 19.0 -0.0 -0.0 -0.0; -0.0 -0.0 -0.0 -0.0 -0.0 -0.0 -0.0 -0.0 -0.0 -0.0 -0.0 -0.0 29.0 -0.0 -0.0; -0.0 -0.0 -0.0 -0.0 -0.0 -0.0 -0.0 -0.0 -0.0 -0.0 -0.0 -0.0 0.0 -0.0 -0.0; -0.0 -0.0 -0.0 -0.0 -0.0 -0.0 -0.0 -0.0 -0.0 -0.0 -0.0 -0.0 -0.0 0.0 -0.0; -0.0 -0.0 -0.0 -0.0 -0.0 -0.0 -0.0 -0.0 -0.0 -0.0 -0.0 -0.0 -0.0 -0.0 0.0;;;]]
x_bb,"[0.0, 29.0, 94.0, 87.0, 29.0, 0.0, 0.0, 0.0]"
x_box,"[0.0, 29.0, 94.0, 87.0, 29.0, 0.0, 0.0, 0.0]"
evol_zeta,"[[2.45, 33.0], [3.021, 15.0], [3.028, 13.0], [3.035, 12.0], [3.052, 0.0]]"
ξ_box,[13.0; 6.0; 23.0; 20.0; 28.0; 30.0; 31.0; 33.0; 27.0; 22.0; 19.0; 19.0; 29.0; 17.0; 6.0;;]
