first,second
s_box,[0.0; 0.0; 0.0; 0.0; 0.0; 0.0; 14.0; 5.0; 0.0; 0.0; 18.0; 2.0; 13.0; 0.0; 0.0;;]
x_pb,"[14.0, 20.0, 39.0, -0.0, -0.0, 32.0, -0.0, 51.0]"
s_bb,[0.0; 0.0; 0.0; 0.0; 0.0; 0.0; 14.0; 5.0; 0.0; 0.0; 18.0; 2.0; 13.0; 0.0; 0.0;;]
partition_bb,"[[[0.0, 0.0, 4.0, 6.0, 3.0, 5.0, 5.0, 5.0, 8.0, 10.0, 7.0, 6.0, 6.0, 11.0, 26.0], [14.0, 20.0, 15.0, 11.0, 5.0, 5.0, 14.0, 5.0, 0.0, 8.0, 18.0, 11.0, 13.0, 16.0, 1.0], [5.0, 4.0, 4.0, 3.0, 5.0, 8.0, 3.0, 5.0, 18.0, 14.0, 7.0, 9.0, 8.0, 11.0, 22.0]]]"
y_box,[14.0 -0.0 -0.0 -0.0 -0.0 -0.0 -0.0 -0.0 -0.0 -0.0 -0.0 -0.0 -0.0 -0.0 -0.0; -0.0 20.0 -0.0 -0.0 -0.0 -0.0 -0.0 -0.0 -0.0 -0.0 -0.0 -0.0 -0.0 -0.0 -0.0; -0.0 -0.0 15.0 11.0 5.0 8.0 0.0 -0.0 -0.0 -0.0 -0.0 -0.0 -0.0 -0.0 -0.0; -0.0 -0.0 -0.0 -0.0 -0.0 -0.0 -0.0 -0.0 -0.0 -0.0 -0.0 -0.0 -0.0 -0.0 -0.0; -0.0 -0.0 -0.0 -0.0 -0.0 -0.0 -0.0 0.0 -0.0 -0.0 -0.0 -0.0 -0.0 -0.0 -0.0; -0.0 -0.0 -0.0 -0.0 -0.0 -0.0 -0.0 -0.0 18.0 14.0 -0.0 -0.0 -0.0 -0.0 -0.0; -0.0 -0.0 -0.0 -0.0 -0.0 -0.0 -0.0 -0.0 -0.0 -0.0 0.0 -0.0 -0.0 -0.0 -0.0; -0.0 -0.0 -0.0 -0.0 -0.0 -0.0 -0.0 -0.0 -0.0 -0.0 -0.0 9.0 -0.0 16.0 26.0;;;]
evol_bb,"[[0.249, 6.410062078884454e6]]"
y_bb,[14.0 -0.0 -0.0 -0.0 -0.0 -0.0 -0.0 -0.0 -0.0 -0.0 -0.0 -0.0 -0.0 -0.0 -0.0; -0.0 20.0 -0.0 -0.0 -0.0 -0.0 -0.0 -0.0 -0.0 -0.0 -0.0 -0.0 -0.0 -0.0 -0.0; -0.0 -0.0 15.0 11.0 5.0 8.0 0.0 -0.0 -0.0 -0.0 -0.0 -0.0 -0.0 -0.0 -0.0; -0.0 -0.0 -0.0 -0.0 -0.0 -0.0 -0.0 -0.0 -0.0 -0.0 -0.0 -0.0 -0.0 -0.0 -0.0; -0.0 -0.0 -0.0 -0.0 -0.0 -0.0 -0.0 0.0 -0.0 -0.0 -0.0 -0.0 -0.0 -0.0 -0.0; -0.0 -0.0 -0.0 -0.0 -0.0 -0.0 -0.0 -0.0 18.0 14.0 -0.0 -0.0 -0.0 -0.0 -0.0; -0.0 -0.0 -0.0 -0.0 -0.0 -0.0 -0.0 -0.0 -0.0 -0.0 0.0 -0.0 -0.0 -0.0 -0.0; -0.0 -0.0 -0.0 -0.0 -0.0 -0.0 -0.0 -0.0 -0.0 -0.0 -0.0 9.0 -0.0 16.0 26.0;;;]
evol_box,"[[0.441, 0.0], [1.935, 1131.3188987275216], [2.004, 4.315075185314558e6], [2.008, 5.9171364816561425e6], [2.013, 6.410062078884454e6]]"
y_pb,[[14.000000000000002 -0.0 -0.0 -0.0 -0.0 -0.0 -0.0 -0.0 -0.0 -0.0 -0.0 -0.0 -0.0 -0.0 -0.0; -0.0 20.000000000000004 -0.0 -0.0 -0.0 -0.0 -0.0 -0.0 -0.0 -0.0 -0.0 -0.0 -0.0 -0.0 -0.0; -0.0 -0.0 15.0 11.0 5.000000000000001 8.0 -0.0 -0.0 -0.0 -0.0 -0.0 -0.0 -0.0 -0.0 -0.0; -0.0 -0.0 -0.0 -0.0 -0.0 -0.0 -0.0 0.0 -0.0 -0.0 -0.0 -0.0 -0.0 -0.0 -0.0; -0.0 -0.0 -0.0 -0.0 -0.0 -0.0 -0.0 0.0 -0.0 -0.0 -0.0 -0.0 -0.0 -0.0 -0.0; -0.0 -0.0 -0.0 -0.0 -0.0 -0.0 -0.0 -0.0 18.0 14.000000000000002 -0.0 -0.0 -0.0 -0.0 -0.0; -0.0 -0.0 -0.0 -0.0 -0.0 -0.0 -0.0 -0.0 -0.0 -0.0 0.0 -0.0 -0.0 -0.0 -0.0; -0.0 -0.0 -0.0 -0.0 -0.0 -0.0 -0.0 -0.0 -0.0 -0.0 -0.0 -0.0 9.0 16.0 26.0;;;]]
x_bb,"[14.0, 20.0, 39.0, 0.0, 0.0, 32.0, 0.0, 51.0]"
x_box,"[14.0, 20.0, 39.0, 0.0, 0.0, 32.0, 0.0, 51.0]"
evol_zeta,"[[1.628, 26.0], [2.003, 20.0], [2.007, 10.0], [2.011, 4.0], [2.014, 0.0]]"
ξ_box,[14.0; 20.0; 15.0; 11.0; 5.0; 8.0; 14.0; 5.0; 18.0; 14.0; 18.0; 11.0; 13.0; 16.0; 26.0;;]
