first,second
s_box,[47.0; 0.0; 42.0; 4.0; 0.0; 0.0; 29.0; 18.0; 14.0; 5.0; 8.0; 0.0; 0.0; 20.0; 15.0;;]
x_pb,"[-0.0, -0.0, 43.0, 83.0, -0.0, -0.0, 54.0, -0.0]"
s_bb,[47.0; 0.0; 42.0; 4.0; 0.0; 0.0; 29.0; 18.0; 14.0; 5.0; 8.0; 0.0; 0.0; 20.0; 15.0;;]
partition_bb,"[[[47.0, 39.0, 29.0, 26.0, 20.0, 11.0, 8.0, 0.0, 0.0, 0.0, 0.0, 0.0, 0.0, 0.0, 0.0], [0.0, 2.0, 3.0, 15.0, 23.0, 32.0, 29.0, 17.0, 14.0, 5.0, 8.0, 7.0, 5.0, 5.0, 15.0], [27.0, 19.0, 9.0, 6.0, 0.0, 9.0, 12.0, 10.0, 14.0, 5.0, 3.0, 16.0, 18.0, 20.0, 15.0], [10.0, 16.0, 17.0, 29.0, 37.0, 28.0, 25.0, 14.0, 10.0, 1.0, 0.0, 0.0, 0.0, 0.0, 0.0], [22.0, 32.0, 42.0, 30.0, 25.0, 16.0, 13.0, 2.0, 0.0, 0.0, 0.0, 0.0, 0.0, 0.0, 0.0], [17.0, 25.0, 26.0, 38.0, 30.0, 21.0, 18.0, 7.0, 3.0, 0.0, 0.0, 0.0, 0.0, 0.0, 0.0], [33.0, 43.0, 33.0, 30.0, 22.0, 13.0, 10.0, 0.0, 0.0, 0.0, 0.0, 0.0, 0.0, 0.0, 0.0], [28.0, 18.0, 8.0, 20.0, 12.0, 21.0, 24.0, 18.0, 14.0, 5.0, 8.0, 0.0, 2.0, 4.0, 0.0]]]"
y_box,[0.0 -0.0 -0.0 -0.0 -0.0 -0.0 -0.0 -0.0 -0.0 -0.0 -0.0 -0.0 -0.0 -0.0 -0.0; -0.0 -0.0 -0.0 -0.0 -0.0 -0.0 -0.0 -0.0 -0.0 -0.0 -0.0 -0.0 -0.0 -0.0 -0.0; -0.0 43.0 0.0 -0.0 -0.0 -0.0 -0.0 -0.0 -0.0 -0.0 -0.0 -0.0 -0.0 -0.0 -0.0; -0.0 -0.0 -0.0 34.0 37.0 32.0 0.0 -0.0 -0.0 -0.0 -0.0 -0.0 -0.0 -0.0 -0.0; -0.0 -0.0 -0.0 -0.0 -0.0 -0.0 -0.0 0.0 -0.0 -0.0 -0.0 -0.0 -0.0 -0.0 -0.0; -0.0 -0.0 -0.0 -0.0 -0.0 -0.0 -0.0 -0.0 0.0 -0.0 -0.0 -0.0 -0.0 -0.0 -0.0; -0.0 -0.0 -0.0 -0.0 -0.0 -0.0 -0.0 -0.0 -0.0 0.0 0.0 16.0 18.0 -0.0 -0.0; -0.0 -0.0 -0.0 -0.0 -0.0 -0.0 -0.0 -0.0 -0.0 -0.0 -0.0 -0.0 -0.0 -0.0 0.0;;;]
evol_bb,"[[0.301, 2.3876093594592817e7]]"
y_bb,[0.0 -0.0 -0.0 -0.0 -0.0 -0.0 -0.0 -0.0 -0.0 -0.0 -0.0 -0.0 -0.0 -0.0 -0.0; -0.0 -0.0 -0.0 -0.0 -0.0 -0.0 -0.0 -0.0 -0.0 -0.0 -0.0 -0.0 -0.0 -0.0 -0.0; -0.0 43.0 0.0 -0.0 -0.0 -0.0 -0.0 -0.0 -0.0 -0.0 -0.0 -0.0 -0.0 -0.0 -0.0; -0.0 -0.0 -0.0 34.0 37.0 32.0 0.0 -0.0 -0.0 -0.0 -0.0 -0.0 -0.0 -0.0 -0.0; -0.0 -0.0 -0.0 -0.0 -0.0 -0.0 -0.0 0.0 -0.0 -0.0 -0.0 -0.0 -0.0 -0.0 -0.0; -0.0 -0.0 -0.0 -0.0 -0.0 -0.0 -0.0 -0.0 0.0 -0.0 -0.0 -0.0 -0.0 -0.0 -0.0; -0.0 -0.0 -0.0 -0.0 -0.0 -0.0 -0.0 -0.0 -0.0 0.0 0.0 16.0 18.0 -0.0 -0.0; -0.0 -0.0 -0.0 -0.0 -0.0 -0.0 -0.0 -0.0 -0.0 -0.0 -0.0 -0.0 -0.0 -0.0 0.0;;;]
evol_box,"[[0.432, 0.0], [1.891, 1935.986048716666], [1.963, 1.430279160461228e7], [1.971, 1.867581350991113e7], [1.979, 2.0684953964268725e7], [1.987, 2.233962130243673e7], [1.994, 2.3285145495675594e7], [2.001, 2.375790307043796e7], [2.009, 2.3876093594592817e7]]"
y_pb,[[0.0 -0.0 -0.0 -0.0 -0.0 -0.0 -0.0 -0.0 -0.0 -0.0 -0.0 -0.0 -0.0 -0.0 -0.0; -0.0 0.0 -0.0 -0.0 -0.0 -0.0 -0.0 -0.0 -0.0 -0.0 -0.0 -0.0 -0.0 -0.0 -0.0; -0.0 43.00000000000001 -0.0 -0.0 -0.0 -0.0 -0.0 -0.0 -0.0 -0.0 -0.0 -0.0 -0.0 -0.0 -0.0; -0.0 -0.0 -0.0 14.0 37.00000000000001 32.0 -0.0 -0.0 -0.0 -0.0 -0.0 -0.0 -0.0 -0.0 -0.0; -0.0 -0.0 -0.0 -0.0 -0.0 -0.0 -0.0 0.0 -0.0 -0.0 -0.0 -0.0 -0.0 -0.0 -0.0; -0.0 -0.0 -0.0 -0.0 -0.0 -0.0 -0.0 -0.0 -0.0 -0.0 -0.0 0.0 -0.0 -0.0 -0.0; -0.0 -0.0 -0.0 -0.0 -0.0 -0.0 -0.0 -0.0 -0.0 -0.0 -0.0 16.0 18.0 20.000000000000004 -0.0; -0.0 -0.0 -0.0 -0.0 -0.0 -0.0 -0.0 -0.0 -0.0 -0.0 -0.0 -0.0 -0.0 -0.0 0.0;;;]]
x_bb,"[0.0, 0.0, 43.0, 103.0, 0.0, 0.0, 34.0, 0.0]"
x_box,"[0.0, 0.0, 43.0, 103.0, 0.0, 0.0, 34.0, 0.0]"
evol_zeta,"[[1.584, 47.0], [1.961, 21.0], [1.969, 15.0], [1.977, 13.299999999999997], [1.985, 13.0], [1.992, 7.444444444444443], [1.999, 3.4285714285714306], [2.007, 1.0], [2.012, 0.0]]"
ξ_box,[47.0; 43.0; 42.0; 38.0; 37.0; 32.0; 29.0; 18.0; 14.0; 5.0; 8.0; 16.0; 18.0; 20.0; 15.0;;]
