first,second
s_box,[8.0; 2.0; 5.0; 17.0; 17.0; 0.0; 0.0; 0.0; 0.0; 0.0; 0.0; 0.0; 0.0; 2.0; 20.0;;]
x_pb,"[-0.0, -0.0, -0.0, 26.0, 35.0, 23.0, 48.0, 72.0]"
s_bb,[8.0; 2.0; 5.0; 17.0; 17.0; 0.0; 0.0; 0.0; 0.0; 0.0; 0.0; 0.0; 0.0; 2.0; 20.0;;]
partition_bb,"[[[2.0, 2.0, 5.0, 8.0, 15.0, 8.0, 2.0, 12.0, 23.0, 18.0, 14.0, 29.0, 24.0, 21.0, 20.0], [8.0, 2.0, 5.0, 17.0, 17.0, 26.0, 23.0, 12.0, 21.0, 26.0, 22.0, 5.0, 0.0, 0.0, 0.0]]]"
y_box,[0.0 0.0 0.0 0.0 -0.0 -0.0 -0.0 -0.0 -0.0 -0.0 -0.0 -0.0 -0.0 -0.0 -0.0; -0.0 -0.0 -0.0 -0.0 0.0 -0.0 -0.0 -0.0 -0.0 -0.0 -0.0 -0.0 -0.0 -0.0 -0.0; -0.0 -0.0 -0.0 -0.0 -0.0 -0.0 -0.0 -0.0 -0.0 -0.0 -0.0 -0.0 -0.0 -0.0 -0.0; -0.0 -0.0 -0.0 -0.0 -0.0 26.0 -0.0 -0.0 -0.0 -0.0 -0.0 -0.0 -0.0 -0.0 -0.0; -0.0 -0.0 -0.0 -0.0 -0.0 -0.0 23.0 12.0 -0.0 -0.0 -0.0 -0.0 -0.0 -0.0 -0.0; -0.0 -0.0 -0.0 -0.0 -0.0 -0.0 -0.0 -0.0 23.0 -0.0 -0.0 -0.0 -0.0 -0.0 -0.0; -0.0 -0.0 -0.0 -0.0 -0.0 -0.0 -0.0 -0.0 -0.0 26.0 22.0 -0.0 -0.0 -0.0 -0.0; -0.0 -0.0 -0.0 -0.0 -0.0 -0.0 -0.0 -0.0 -0.0 -0.0 -0.0 29.0 24.0 19.0 0.0;;;]
evol_bb,"[[0.255, 8.083421238639107e6]]"
y_bb,[0.0 0.0 0.0 0.0 -0.0 -0.0 -0.0 -0.0 -0.0 -0.0 -0.0 -0.0 -0.0 -0.0 -0.0; -0.0 -0.0 -0.0 -0.0 -0.0 -0.0 -0.0 -0.0 -0.0 -0.0 -0.0 -0.0 -0.0 -0.0 -0.0; -0.0 -0.0 -0.0 -0.0 0.0 -0.0 -0.0 -0.0 -0.0 -0.0 -0.0 -0.0 -0.0 -0.0 -0.0; -0.0 -0.0 -0.0 -0.0 -0.0 26.0 -0.0 -0.0 -0.0 -0.0 -0.0 -0.0 -0.0 -0.0 -0.0; -0.0 -0.0 -0.0 -0.0 -0.0 -0.0 23.0 12.0 -0.0 -0.0 -0.0 -0.0 -0.0 -0.0 -0.0; -0.0 -0.0 -0.0 -0.0 -0.0 -0.0 -0.0 -0.0 23.0 -0.0 -0.0 -0.0 -0.0 -0.0 -0.0; -0.0 -0.0 -0.0 -0.0 -0.0 -0.0 -0.0 -0.0 -0.0 26.0 22.0 -0.0 -0.0 -0.0 -0.0; -0.0 -0.0 -0.0 -0.0 -0.0 -0.0 -0.0 -0.0 -0.0 -0.0 -0.0 29.0 24.0 19.0 0.0;;;]
evol_box,"[[0.462, 0.0], [1.996, 3176.724049372999], [2.072, 5.8072405515515655e6], [2.076, 6.717691611711302e6], [2.081, 7.855798744144385e6], [2.085, 8.083421238639107e6]]"
y_pb,[[-0.0 -0.0 0.0 -0.0 -0.0 -0.0 -0.0 -0.0 -0.0 -0.0 -0.0 -0.0 -0.0 -0.0 -0.0; -0.0 -0.0 -0.0 -0.0 0.0 -0.0 -0.0 -0.0 -0.0 -0.0 -0.0 -0.0 -0.0 -0.0 -0.0; -0.0 -0.0 -0.0 -0.0 -0.0 0.0 -0.0 -0.0 -0.0 -0.0 -0.0 -0.0 -0.0 -0.0 -0.0; -0.0 -0.0 -0.0 -0.0 -0.0 26.0 -0.0 -0.0 -0.0 -0.0 -0.0 -0.0 -0.0 -0.0 -0.0; -0.0 -0.0 -0.0 -0.0 -0.0 -0.0 23.000000000000004 12.0 -0.0 -0.0 -0.0 -0.0 -0.0 -0.0 -0.0; -0.0 -0.0 -0.0 -0.0 -0.0 -0.0 -0.0 -0.0 23.000000000000004 -0.0 -0.0 -0.0 -0.0 -0.0 -0.0; -0.0 -0.0 -0.0 -0.0 -0.0 -0.0 -0.0 -0.0 -0.0 26.0 22.0 -0.0 -0.0 -0.0 -0.0; -0.0 -0.0 -0.0 -0.0 -0.0 -0.0 -0.0 -0.0 -0.0 -0.0 -0.0 29.0 24.0 19.0 -0.0;;;]]
x_bb,"[0.0, 0.0, 0.0, 26.0, 35.0, 23.0, 48.0, 72.0]"
x_box,"[0.0, 0.0, 0.0, 26.0, 35.0, 23.0, 48.0, 72.0]"
evol_zeta,"[[1.67, 29.0], [2.07, 21.0], [2.075, 8.0], [2.079, 5.000000000600011], [2.084, 2.0], [2.088, 0.0]]"
ξ_box,[8.0; 2.0; 5.0; 17.0; 17.0; 26.0; 23.0; 12.0; 23.0; 26.0; 22.0; 29.0; 24.0; 21.0; 20.0;;]
