first,second
s_box,[-0.0 20.0; 19.0 19.0; 17.0 17.0; -0.0 2.0; 23.0 -0.0; 16.0 -0.0; 11.0 -0.0; -0.0 -0.0; -0.0 -0.0; 10.0 -0.0; -0.0 -0.0; -0.0 39.0; -0.0 -0.0; -0.0 -0.0; -0.0 -0.0]
x_pb,"[97.0, -0.0, 94.0, -0.0, -0.0, -0.0, -0.0, 64.0]"
s_bb,[20.0 -0.0; 19.0 -0.0; 17.0 17.0; 2.0 -0.0; -0.0 -0.0; -0.0 16.0; -0.0 -0.0; -0.0 -0.0; -0.0 -0.0; -0.0 26.0; -0.0 -0.0; 39.0 13.0; -0.0 -0.0; -0.0 -0.0; -0.0 -0.0]
partition_bb,"[[[5.0, 14.0, 12.0, 14.0, 11.0, 11.0, 11.0, 15.0, 24.0, 26.0, 41.0, 30.0, 21.0, 15.0, 7.0], [20.0, 19.0, 17.0, 9.0, 14.0, 6.0, 11.0, 22.0, 20.0, 26.0, 27.0, 20.0, 7.0, 15.0, 23.0], [20.0, 19.0, 17.0, 25.0, 15.0, 7.0, 11.0, 12.0, 0.0, 0.0, 11.0, 0.0, 0.0, 0.0, 0.0], [4.0, 4.0, 6.0, 14.0, 24.0, 16.0, 11.0, 8.0, 20.0, 26.0, 35.0, 39.0, 26.0, 15.0, 7.0], [9.0, 11.0, 13.0, 10.0, 8.0, 7.0, 11.0, 15.0, 27.0, 23.0, 31.0, 20.0, 11.0, 15.0, 16.0], [6.0, 15.0, 13.0, 18.0, 15.0, 7.0, 11.0, 23.0, 27.0, 26.0, 39.0, 28.0, 19.0, 8.0, 0.0]], [[20.0, 19.0, 17.0, 18.0, 8.0, 16.0, 11.0, 1.0, 13.0, 17.0, 28.0, 39.0, 26.0, 15.0, 7.0], [20.0, 19.0, 17.0, 25.0, 24.0, 16.0, 11.0, 7.0, 6.0, 0.0, 0.0, 0.0, 0.0, 0.0, 0.0], [6.0, 15.0, 17.0, 9.0, 8.0, 16.0, 11.0, 23.0, 21.0, 23.0, 38.0, 27.0, 21.0, 15.0, 7.0], [20.0, 19.0, 17.0, 9.0, 6.0, 7.0, 11.0, 23.0, 20.0, 26.0, 30.0, 19.0, 26.0, 15.0, 7.0]]]"
y_box,[-0.0 -0.0 -0.0 14.0 -0.0 -0.0 -0.0 -0.0 19.0 -0.0 41.0 -0.0 -0.0 -0.0 -0.0; -0.0 -0.0 -0.0 -0.0 -0.0 -0.0 11.0 -0.0 12.0 -0.0 -0.0 -0.0 -0.0 -0.0 -0.0; -0.0 -0.0 -0.0 -0.0 -0.0 -0.0 -0.0 23.0 -0.0 11.0 -0.0 24.0 19.0 15.0 2.0; -0.0 -0.0 -0.0 -0.0 -0.0 -0.0 -0.0 -0.0 -0.0 -0.0 -0.0 -0.0 -0.0 -0.0 -0.0; -0.0 -0.0 -0.0 -0.0 -0.0 -0.0 -0.0 -0.0 -0.0 -0.0 -0.0 -0.0 -0.0 -0.0 -0.0; -0.0 -0.0 -0.0 -0.0 -0.0 -0.0 -0.0 -0.0 -0.0 -0.0 -0.0 -0.0 -0.0 -0.0 -0.0; -0.0 -0.0 -0.0 -0.0 -0.0 -0.0 -0.0 -0.0 -0.0 -0.0 -0.0 -0.0 -0.0 -0.0 0.0; 20.0 -0.0 17.0 -0.0 24.0 3.0 -0.0 -0.0 -0.0 -0.0 -0.0 -0.0 -0.0 -0.0 -0.0;;; 0.0 0.0 0.0 23.0 24.0 16.0 11.0 0.0 -0.0 -0.0 -0.0 -0.0 -0.0 -0.0 -0.0; -0.0 -0.0 -0.0 -0.0 -0.0 -0.0 -0.0 23.0 -0.0 -0.0 -0.0 -0.0 -0.0 -0.0 -0.0; -0.0 -0.0 -0.0 -0.0 -0.0 -0.0 -0.0 -0.0 27.0 26.0 41.0 -0.0 -0.0 -0.0 -0.0; -0.0 -0.0 -0.0 -0.0 -0.0 -0.0 -0.0 -0.0 -0.0 -0.0 0.0 -0.0 -0.0 -0.0 -0.0; -0.0 -0.0 -0.0 -0.0 -0.0 -0.0 -0.0 -0.0 -0.0 -0.0 -0.0 0.0 -0.0 -0.0 -0.0; -0.0 -0.0 -0.0 -0.0 -0.0 -0.0 -0.0 -0.0 -0.0 -0.0 -0.0 0.0 -0.0 -0.0 -0.0; -0.0 -0.0 -0.0 -0.0 -0.0 -0.0 -0.0 -0.0 -0.0 -0.0 -0.0 -0.0 -0.0 -0.0 -0.0; -0.0 -0.0 -0.0 -0.0 -0.0 -0.0 -0.0 -0.0 -0.0 -0.0 -0.0 -0.0 26.0 15.0 23.0]
evol_bb,"[[1.024, 1.229392571798772e7], [1.28, 1.2286176419789765e7], [1.411, 1.2286176419789761e7], [6.755, 1.228617641978976e7]]"
y_bb,[0.0 -0.0 0.0 23.0 24.0 16.0 11.0 23.0 -0.0 -0.0 -0.0 -0.0 -0.0 -0.0 -0.0; -0.0 -0.0 -0.0 -0.0 -0.0 -0.0 -0.0 0.0 0.0 -0.0 -0.0 -0.0 -0.0 -0.0 -0.0; -0.0 -0.0 -0.0 -0.0 -0.0 -0.0 -0.0 -0.0 27.0 26.0 41.0 -0.0 -0.0 -0.0 -0.0; -0.0 -0.0 -0.0 -0.0 -0.0 -0.0 -0.0 -0.0 -0.0 -0.0 -0.0 -0.0 -0.0 -0.0 -0.0; -0.0 -0.0 -0.0 -0.0 -0.0 -0.0 -0.0 -0.0 -0.0 -0.0 -0.0 0.0 -0.0 -0.0 -0.0; -0.0 -0.0 -0.0 -0.0 -0.0 -0.0 -0.0 -0.0 -0.0 -0.0 -0.0 -0.0 -0.0 -0.0 -0.0; -0.0 -0.0 -0.0 -0.0 -0.0 -0.0 -0.0 -0.0 -0.0 -0.0 -0.0 -0.0 -0.0 -0.0 -0.0; -0.0 -0.0 -0.0 -0.0 -0.0 -0.0 -0.0 -0.0 -0.0 -0.0 -0.0 -0.0 26.0 15.0 23.0;;; 20.0 19.0 0.0 25.0 24.0 0.0 -0.0 -0.0 -0.0 0.0 6.0 3.0 -0.0 -0.0 -0.0; -0.0 -0.0 -0.0 -0.0 -0.0 -0.0 -0.0 -0.0 -0.0 -0.0 -0.0 -0.0 -0.0 -0.0 -0.0; -0.0 -0.0 -0.0 -0.0 -0.0 -0.0 11.0 23.0 21.0 -0.0 32.0 -0.0 -0.0 -0.0 7.0; -0.0 -0.0 -0.0 -0.0 -0.0 -0.0 -0.0 -0.0 0.0 -0.0 -0.0 -0.0 -0.0 -0.0 -0.0; -0.0 -0.0 -0.0 -0.0 -0.0 -0.0 -0.0 -0.0 0.0 -0.0 -0.0 -0.0 -0.0 -0.0 -0.0; -0.0 -0.0 -0.0 -0.0 -0.0 -0.0 -0.0 -0.0 -0.0 -0.0 -0.0 -0.0 -0.0 -0.0 0.0; -0.0 -0.0 -0.0 -0.0 -0.0 -0.0 -0.0 -0.0 0.0 -0.0 -0.0 -0.0 -0.0 -0.0 -0.0; -0.0 -0.0 -0.0 -0.0 -0.0 -0.0 -0.0 -0.0 -0.0 -0.0 -0.0 23.0 26.0 15.0 -0.0]
evol_box,"[[0.461, 0.0], [2.009, 260886.5797419656], [2.094, 260886.5797419656], [2.113, 260886.57974196557], [2.139, 4.057979746463664e6], [2.215, 5.450897976583528e6], [2.331, 7.855755453750973e6], [2.438, 8.108741647576205e6], [2.526, 8.868278314762734e6], [2.705, 8.994899108954608e6], [2.855, 9.501345516083185e6], [2.984, 1.0260784332303181e7], [3.096, 1.0513917973625662e7], [3.226, 1.0640508539328823e7], [3.476, 1.08936941158994e7], [3.674, 1.1146916769021602e7], [3.878, 1.1400086175072275e7], [4.069, 1.1526637085719433e7], [4.209, 1.1526642505725738e7], [4.428, 1.1653233449969733e7], [4.663, 1.1779838397598669e7], [4.915, 1.1906406752754599e7], [5.186, 1.1906407429446038e7], [5.417, 1.1906412172760904e7], [5.639, 1.1906412172760902e7], [5.838, 1.190642279522712e7], [6.082, 1.1906426855161764e7], [6.344, 1.2159586530778041e7], [6.554, 1.2159586530778043e7], [6.907, 1.2159586530778041e7], [7.207, 1.2159586530778043e7], [7.444, 1.215958653077804e7], [7.756, 1.215958653077804e7], [8.034, 1.215958653077804e7], [8.343, 1.215958653077804e7], [8.609, 1.2159586530777931e7], [8.924, 1.215959157589627e7], [9.132, 1.2159591575896267e7], [9.395, 1.215959157589627e7], [9.661, 1.2159591600317623e7], [9.888, 1.2286176419789763e7]]"
y_pb,[[-0.0 -0.0 -0.0 23.0 24.0 16.0 11.0 23.000000000000004 -0.0 -0.0 -0.0 -0.0 -0.0 -0.0 -0.0; -0.0 -0.0 -0.0 -0.0 -0.0 -0.0 -0.0 0.0 -0.0 -0.0 -0.0 -0.0 -0.0 -0.0 -0.0; -0.0 -0.0 -0.0 -0.0 -0.0 -0.0 -0.0 -0.0 27.0 26.0 41.0 -0.0 -0.0 -0.0 -0.0; -0.0 -0.0 -0.0 -0.0 -0.0 -0.0 -0.0 -0.0 -0.0 -0.0 0.0 -0.0 -0.0 -0.0 -0.0; -0.0 -0.0 -0.0 -0.0 -0.0 -0.0 -0.0 -0.0 -0.0 -0.0 -0.0 0.0 -0.0 -0.0 -0.0; -0.0 -0.0 -0.0 -0.0 -0.0 -0.0 -0.0 -0.0 -0.0 -0.0 -0.0 0.0 -0.0 -0.0 -0.0; -0.0 -0.0 -0.0 -0.0 -0.0 -0.0 -0.0 -0.0 -0.0 -0.0 -0.0 0.0 -0.0 -0.0 -0.0; -0.0 -0.0 -0.0 -0.0 -0.0 -0.0 -0.0 -0.0 -0.0 -0.0 -0.0 -0.0 26.0 15.0 23.000000000000004;;;]]
x_bb,"[97.0, 0.0, 94.0, 0.0, 0.0, 0.0, 0.0, 64.0]"
x_box,"[74.0, 23.0, 94.0, 0.0, 0.0, -0.0, 0.0, 64.0]"
evol_zeta,"[[1.677, 41.0], [2.083, 16.0], [2.102, 16.0], [2.118, 16.0], [2.144, 13.0], [2.222, 15.0], [2.364, 10.0], [2.443, 10.0], [2.561, 9.0], [2.756, 10.0], [2.859, 8.0], [2.988, 10.0], [3.1, 9.0], [3.256, 7.0], [3.481, 5.0], [3.68, 3.0], [3.882, 4.0], [4.074, 6.0], [4.216, 3.0], [4.432, 3.0], [4.67, 3.0], [4.918, 3.0], [5.193, 3.0], [5.45, 2.0], [5.642, 2.0], [5.84, 2.0], [6.088, 3.0], [6.351, 1.0], [6.562, 1.0], [6.94, 1.0], [7.209, 1.0], [7.451, 1.0], [7.762, 1.0], [8.036, 1.0], [8.346, 1.0], [8.611, 1.0], [8.93, 1.0], [9.137, 0.6000000000000014], [9.413, 1.0], [9.664, 0.9999998120752025], [9.903, 0.0]]"
ξ_box,[20.0 20.0; 19.0 19.0; 17.0 17.0; 14.0 25.0; 24.0 24.0; 16.0 16.0; 11.0 11.0; 23.0 23.0; 27.0 27.0; 21.0 26.0; 13.0 41.0; 24.0 39.0; 19.0 26.0; 8.0 15.0; 0.0 23.0]
