first,second
s_box,[0.0; 6.0; 0.0; 20.0; 12.0; 8.0; 3.0; 0.0; 0.0; 0.0; 0.0; 0.0; 40.0; 33.0; 0.0;;]
x_pb,"[52.0, -0.0, 1.0, 20.0, 29.0, 31.0, -0.0, 50.0]"
s_bb,[0.0; 6.0; 0.0; 20.0; 12.0; 8.0; 3.0; 0.0; 0.0; 0.0; 0.0; 0.0; 40.0; 33.0; 0.0;;]
partition_bb,"[[[0.0, 0.0, 0.0, 0.0, 0.0, 4.0, 0.0, 0.0, 0.0, 0.0, 13.0, 21.0, 29.0, 33.0, 50.0], [25.0, 13.0, 12.0, 6.0, 2.0, 0.0, 0.0, 1.0, 0.0, 10.0, 8.0, 15.0, 20.0, 23.0, 16.0], [15.0, 11.0, 2.0, 8.0, 2.0, 4.0, 0.0, 1.0, 4.0, 16.0, 29.0, 21.0, 12.0, 25.0, 33.0], [25.0, 13.0, 14.0, 20.0, 9.0, 6.0, 3.0, 1.0, 4.0, 0.0, 2.0, 3.0, 29.0, 33.0, 16.0], [13.0, 9.0, 0.0, 1.0, 12.0, 8.0, 3.0, 1.0, 4.0, 9.0, 13.0, 14.0, 40.0, 33.0, 19.0], [0.0, 0.0, 0.0, 1.0, 12.0, 8.0, 3.0, 1.0, 4.0, 16.0, 29.0, 31.0, 20.0, 33.0, 16.0], [25.0, 18.0, 15.0, 9.0, 4.0, 8.0, 3.0, 1.0, 4.0, 0.0, 0.0, 0.0, 21.0, 17.0, 0.0]]]"
y_box,[25.0 12.0 15.0 0.0 -0.0 -0.0 -0.0 -0.0 -0.0 -0.0 -0.0 -0.0 -0.0 -0.0 -0.0; -0.0 -0.0 -0.0 -0.0 0.0 -0.0 -0.0 -0.0 -0.0 -0.0 -0.0 -0.0 -0.0 -0.0 -0.0; -0.0 -0.0 -0.0 -0.0 0.0 0.0 0.0 1.0 -0.0 -0.0 -0.0 -0.0 -0.0 -0.0 -0.0; -0.0 -0.0 -0.0 -0.0 -0.0 -0.0 -0.0 -0.0 4.0 16.0 -0.0 -0.0 -0.0 -0.0 -0.0; -0.0 -0.0 -0.0 -0.0 -0.0 -0.0 -0.0 -0.0 -0.0 -0.0 29.0 -0.0 -0.0 -0.0 -0.0; -0.0 -0.0 -0.0 -0.0 -0.0 -0.0 -0.0 -0.0 -0.0 -0.0 -0.0 31.0 0.0 -0.0 -0.0; -0.0 -0.0 -0.0 -0.0 -0.0 -0.0 -0.0 -0.0 -0.0 -0.0 -0.0 -0.0 -0.0 -0.0 -0.0; -0.0 -0.0 -0.0 -0.0 -0.0 -0.0 -0.0 -0.0 -0.0 -0.0 -0.0 -0.0 -0.0 0.0 50.0;;;]
evol_bb,"[[0.291, 1.4676156824379746e7]]"
y_bb,[25.0 12.0 15.0 0.0 0.0 -0.0 -0.0 -0.0 -0.0 -0.0 -0.0 -0.0 -0.0 -0.0 -0.0; -0.0 -0.0 -0.0 -0.0 -0.0 -0.0 -0.0 -0.0 -0.0 -0.0 -0.0 -0.0 -0.0 -0.0 -0.0; -0.0 -0.0 -0.0 -0.0 0.0 0.0 0.0 1.0 -0.0 -0.0 -0.0 -0.0 -0.0 -0.0 -0.0; -0.0 -0.0 -0.0 -0.0 -0.0 -0.0 -0.0 -0.0 4.0 16.0 -0.0 -0.0 -0.0 -0.0 -0.0; -0.0 -0.0 -0.0 -0.0 -0.0 -0.0 -0.0 -0.0 -0.0 -0.0 29.0 -0.0 -0.0 -0.0 -0.0; -0.0 -0.0 -0.0 -0.0 -0.0 -0.0 -0.0 -0.0 -0.0 -0.0 -0.0 31.0 0.0 -0.0 -0.0; -0.0 -0.0 -0.0 -0.0 -0.0 -0.0 -0.0 -0.0 -0.0 -0.0 -0.0 -0.0 -0.0 -0.0 -0.0; -0.0 -0.0 -0.0 -0.0 -0.0 -0.0 -0.0 -0.0 -0.0 -0.0 -0.0 -0.0 -0.0 0.0 50.0;;;]
evol_box,"[[0.501, 0.0], [2.118, 1788.8978495280355], [2.197, 4.33201203398357e6], [2.21, 8.180916961933566e6], [2.215, 1.202996550039794e7], [2.22, 1.3473358505650578e7], [2.224, 1.4676156824379746e7]]"
y_pb,[[25.000000000000004 12.0 15.0 -0.0 -0.0 -0.0 -0.0 -0.0 -0.0 -0.0 -0.0 -0.0 -0.0 -0.0 -0.0; -0.0 -0.0 -0.0 -0.0 0.0 -0.0 -0.0 -0.0 -0.0 -0.0 -0.0 -0.0 -0.0 -0.0 -0.0; -0.0 -0.0 -0.0 -0.0 -0.0 -0.0 -0.0 1.0 -0.0 -0.0 -0.0 -0.0 -0.0 -0.0 -0.0; -0.0 -0.0 -0.0 -0.0 -0.0 -0.0 -0.0 -0.0 4.0 16.0 -0.0 -0.0 -0.0 -0.0 -0.0; -0.0 -0.0 -0.0 -0.0 -0.0 -0.0 -0.0 -0.0 -0.0 -0.0 29.0 -0.0 -0.0 -0.0 -0.0; -0.0 -0.0 -0.0 -0.0 -0.0 -0.0 -0.0 -0.0 -0.0 -0.0 -0.0 31.000000000000004 -0.0 -0.0 -0.0; -0.0 -0.0 -0.0 -0.0 -0.0 -0.0 -0.0 -0.0 -0.0 -0.0 -0.0 -0.0 0.0 -0.0 -0.0; -0.0 -0.0 -0.0 -0.0 -0.0 -0.0 -0.0 -0.0 -0.0 -0.0 -0.0 -0.0 -0.0 -0.0 50.00000000000001;;;]]
x_bb,"[52.0, 0.0, 1.0, 20.0, 29.0, 31.0, 0.0, 50.0]"
x_box,"[52.0, 0.0, 1.0, 20.0, 29.0, 31.0, 0.0, 50.0]"
evol_zeta,"[[1.781, 50.0], [2.195, 25.0], [2.208, 16.0], [2.213, 12.0], [2.218, 11.0], [2.223, 10.0], [2.252, 0.0]]"
ξ_box,[25.0; 18.0; 15.0; 20.0; 12.0; 8.0; 3.0; 1.0; 4.0; 16.0; 29.0; 31.0; 40.0; 33.0; 50.0;;]
