first,second
s_box,[-0.0 -0.0; -0.0 -0.0; -0.0 31.0; -0.0 -0.0; -0.0 -0.0; -0.0 -0.0; 0.0 -0.0; 12.0 -0.0; 15.0 -0.0; 13.0 -0.0; 0.0 -0.0; -0.0 -0.0; 4.0 -0.0; 0.0 -0.0; 0.0 -0.0]
x_pb,"[77.0, 73.0, 22.0, -0.0, -0.0, 30.0, -0.0, 16.0]"
s_bb,[-0.0 0.0; -0.0 -0.0; -0.0 -0.0; -0.0 -0.0; -0.0 -0.0; 15.0 -0.0; 7.0 -0.0; -0.0 12.0; -0.0 15.0; 6.0 13.0; -0.0 0.0; -0.0 -0.0; -0.0 4.0; 4.0 -0.0; 8.0 0.0]
partition_bb,"[[[26.0, 20.0, 31.0, 43.0, 30.0, 15.0, 7.0, 12.0, 2.0, 0.0, 2.0, 10.0, 8.0, 0.0, 8.0], [14.0, 20.0, 23.0, 35.0, 30.0, 15.0, 7.0, 12.0, 15.0, 13.0, 8.0, 10.0, 8.0, 0.0, 8.0], [26.0, 20.0, 31.0, 43.0, 30.0, 15.0, 7.0, 2.0, 2.0, 5.0, 8.0, 14.0, 12.0, 4.0, 0.0]], [[21.0, 20.0, 31.0, 19.0, 30.0, 15.0, 7.0, 2.0, 10.0, 13.0, 8.0, 14.0, 12.0, 4.0, 12.0], [26.0, 20.0, 31.0, 43.0, 30.0, 15.0, 7.0, 12.0, 10.0, 7.0, 3.0, 0.0, 0.0, 4.0, 12.0], [14.0, 20.0, 22.0, 19.0, 30.0, 15.0, 7.0, 12.0, 15.0, 12.0, 8.0, 9.0, 12.0, 4.0, 12.0]]]"
y_box,[26.0 20.0 31.0 -0.0 -0.0 -0.0 -0.0 -0.0 -0.0 -0.0 -0.0 -0.0 -0.0 -0.0 -0.0; -0.0 -0.0 -0.0 43.0 30.0 -0.0 -0.0 -0.0 -0.0 -0.0 -0.0 -0.0 -0.0 -0.0 -0.0; -0.0 -0.0 -0.0 -0.0 -0.0 15.0 7.0 0.0 -0.0 -0.0 -0.0 -0.0 -0.0 -0.0 -0.0; -0.0 -0.0 -0.0 -0.0 -0.0 0.0 -0.0 0.0 -0.0 -0.0 -0.0 -0.0 -0.0 -0.0 -0.0; -0.0 -0.0 -0.0 -0.0 -0.0 -0.0 -0.0 -0.0 0.0 -0.0 -0.0 -0.0 -0.0 -0.0 -0.0; -0.0 -0.0 -0.0 -0.0 -0.0 -0.0 -0.0 -0.0 -0.0 0.0 8.0 14.0 8.0 -0.0 -0.0; -0.0 -0.0 -0.0 -0.0 -0.0 -0.0 -0.0 -0.0 -0.0 -0.0 -0.0 -0.0 -0.0 0.0 -0.0; -0.0 -0.0 -0.0 -0.0 -0.0 -0.0 -0.0 -0.0 -0.0 -0.0 -0.0 -0.0 -0.0 4.0 12.0;;; 26.0 20.0 -0.0 31.0 -0.0 -0.0 -0.0 -0.0 -0.0 -0.0 -0.0 -0.0 -0.0 -0.0 -0.0; -0.0 -0.0 -0.0 12.0 28.0 15.0 -0.0 5.0 -0.0 13.0 -0.0 -0.0 -0.0 -0.0 -0.0; -0.0 -0.0 -0.0 -0.0 2.0 -0.0 -0.0 -0.0 15.0 -0.0 -0.0 1.0 4.0 0.0 -0.0; -0.0 -0.0 -0.0 -0.0 -0.0 -0.0 -0.0 -0.0 -0.0 -0.0 -0.0 -0.0 -0.0 -0.0 -0.0; -0.0 -0.0 -0.0 -0.0 -0.0 0.0 -0.0 -0.0 -0.0 -0.0 -0.0 -0.0 -0.0 -0.0 -0.0; -0.0 -0.0 -0.0 -0.0 -0.0 -0.0 7.0 -0.0 0.0 0.0 8.0 -0.0 -0.0 -0.0 -0.0; -0.0 -0.0 -0.0 -0.0 0.0 -0.0 -0.0 -0.0 -0.0 -0.0 -0.0 -0.0 -0.0 -0.0 -0.0; -0.0 -0.0 -0.0 -0.0 -0.0 -0.0 -0.0 -0.0 -0.0 -0.0 -0.0 -0.0 -0.0 -0.0 0.0]
evol_bb,"[[0.327, 5.440129222990323e6], [0.5, 5.440129222990322e6], [0.572, 5.440129222990321e6]]"
y_bb,[0.0 -0.0 0.0 33.0 30.0 -0.0 -0.0 -0.0 -0.0 -0.0 -0.0 14.0 -0.0 -0.0 -0.0; -0.0 -0.0 31.0 -0.0 -0.0 -0.0 -0.0 -0.0 15.0 7.0 8.0 -0.0 12.0 -0.0 -0.0; -0.0 -0.0 -0.0 10.0 0.0 -0.0 -0.0 12.0 -0.0 -0.0 -0.0 -0.0 -0.0 -0.0 -0.0; -0.0 -0.0 -0.0 -0.0 -0.0 -0.0 -0.0 -0.0 -0.0 -0.0 -0.0 -0.0 0.0 -0.0 -0.0; -0.0 -0.0 -0.0 -0.0 -0.0 -0.0 -0.0 -0.0 -0.0 -0.0 -0.0 -0.0 -0.0 -0.0 0.0; 26.0 4.0 -0.0 -0.0 -0.0 -0.0 -0.0 -0.0 -0.0 -0.0 -0.0 -0.0 -0.0 0.0 -0.0; -0.0 -0.0 -0.0 -0.0 -0.0 -0.0 -0.0 -0.0 -0.0 -0.0 -0.0 -0.0 -0.0 -0.0 0.0; -0.0 16.0 -0.0 -0.0 -0.0 0.0 0.0 0.0 0.0 -0.0 -0.0 -0.0 -0.0 -0.0 0.0;;; 26.0 20.0 31.0 -0.0 -0.0 -0.0 -0.0 -0.0 -0.0 -0.0 -0.0 -0.0 -0.0 -0.0 -0.0; -0.0 0.0 -0.0 43.0 30.0 -0.0 -0.0 -0.0 -0.0 -0.0 -0.0 -0.0 -0.0 -0.0 -0.0; -0.0 -0.0 -0.0 -0.0 0.0 15.0 7.0 0.0 -0.0 -0.0 -0.0 -0.0 -0.0 -0.0 -0.0; -0.0 -0.0 -0.0 -0.0 -0.0 -0.0 -0.0 -0.0 -0.0 -0.0 -0.0 -0.0 -0.0 -0.0 -0.0; -0.0 -0.0 -0.0 -0.0 -0.0 -0.0 -0.0 -0.0 0.0 -0.0 -0.0 -0.0 -0.0 -0.0 -0.0; -0.0 -0.0 -0.0 -0.0 -0.0 -0.0 -0.0 -0.0 -0.0 0.0 8.0 14.0 8.0 -0.0 -0.0; -0.0 -0.0 -0.0 -0.0 -0.0 -0.0 -0.0 -0.0 -0.0 -0.0 -0.0 0.0 0.0 0.0 -0.0; -0.0 -0.0 -0.0 -0.0 -0.0 -0.0 -0.0 -0.0 -0.0 -0.0 -0.0 -0.0 -0.0 4.0 12.0]
evol_box,"[[0.402, 0.0], [1.902, 3640.979667641688], [2.01, 3686.3919265748063], [2.041, 3.2161820030811173e6], [2.154, 4.204607390889186e6], [2.212, 4.451691539331193e6], [2.334, 4.451691539331193e6], [2.401, 4.451691539331193e6], [2.487, 4.6988224526459975e6], [2.577, 4.945937643660478e6], [2.722, 5.1930179120391635e6], [2.811, 5.1930179120391635e6], [2.932, 5.193042127151185e6], [3.036, 5.193042127151185e6], [3.134, 5.193042233540989e6], [3.246, 5.316573567514744e6], [3.351, 5.316573567514743e6], [3.481, 5.316573567514743e6], [3.619, 5.316573567514743e6], [3.723, 5.316573567514743e6], [3.886, 5.440129222990321e6]]"
y_pb,[[26.0 20.000000000000004 31.000000000000004 -0.0 -0.0 -0.0 -0.0 -0.0 -0.0 -0.0 -0.0 -0.0 -0.0 -0.0 -0.0; -0.0 -0.0 -0.0 43.00000000000001 30.0 -0.0 -0.0 -0.0 -0.0 -0.0 -0.0 -0.0 -0.0 -0.0 -0.0; -0.0 -0.0 -0.0 -0.0 -0.0 15.0 7.000000000000001 -0.0 -0.0 -0.0 -0.0 -0.0 -0.0 -0.0 -0.0; -0.0 -0.0 -0.0 -0.0 -0.0 -0.0 -0.0 0.0 -0.0 -0.0 -0.0 -0.0 -0.0 -0.0 -0.0; -0.0 -0.0 -0.0 -0.0 -0.0 -0.0 -0.0 -0.0 0.0 -0.0 -0.0 -0.0 -0.0 -0.0 -0.0; -0.0 -0.0 -0.0 -0.0 -0.0 -0.0 -0.0 -0.0 -0.0 -0.0 8.0 14.000000000000002 8.0 -0.0 -0.0; -0.0 -0.0 -0.0 -0.0 -0.0 -0.0 -0.0 -0.0 -0.0 -0.0 -0.0 -0.0 0.0 -0.0 -0.0; -0.0 -0.0 -0.0 -0.0 -0.0 -0.0 -0.0 -0.0 -0.0 -0.0 -0.0 -0.0 -0.0 4.0 12.0;;;]]
x_bb,"[77.0, 73.0, 22.0, 0.0, -0.0, 30.0, -0.0, 16.0]"
x_box,"[77.0, 73.0, 22.0, 0.0, 0.0, 30.0, -0.0, 16.0]"
evol_zeta,"[[1.587, 43.0], [1.982, 13.0], [2.023, 12.000000000000039], [2.065, 4.0], [2.175, 4.0], [2.235, 4.0], [2.339, 4.0], [2.413, 4.0], [2.49, 4.0], [2.578, 3.0], [2.725, 2.0], [2.814, 2.0], [2.935, 2.0], [3.037, 2.0], [3.137, 2.0], [3.249, 1.0], [3.354, 1.0], [3.484, 1.0], [3.622, 1.0], [3.728, 1.0], [3.889, 0.0]]"
ξ_box,[26.0 26.0; 20.0 20.0; 31.0 31.0; 43.0 43.0; 30.0 30.0; 15.0 15.0; 7.0 7.0; 12.0 5.0; 15.0 15.0; 13.0 13.0; 8.0 8.0; 14.0 1.0; 12.0 4.0; 4.0 0.0; 12.0 0.0]
