first,second
s_box,[-0.0 -0.0; 30.0 -0.0; -0.0 -0.0; -0.0 -0.0; -0.0 -0.0; -0.0 17.0; 9.0 9.0; 6.0 6.0; -0.0 10.0; 18.0 18.0; 31.0 31.0; -0.0 32.0; -0.0 -0.0; -0.0 -0.0; -0.0 -0.0]
x_pb,"[125.0, 1.0, -0.0, -0.0, -0.0, -0.0, 51.0, 39.0]"
s_bb,[-0.0 -0.0; -0.0 0.0; -0.0 -0.0; -0.0 -0.0; -0.0 -0.0; 18.0 17.0; 9.0 9.0; -0.0 6.0; -0.0 10.0; -0.0 18.0; -0.0 31.0; -0.0 32.0; -0.0 -0.0; 33.0 -0.0; 34.0 -0.0]
partition_bb,"[[[15.0, 22.0, 20.0, 13.0, 16.0, 18.0, 9.0, 6.0, 10.0, 18.0, 5.0, 4.0, 16.0, 35.0, 12.0], [30.0, 24.0, 28.0, 21.0, 16.0, 9.0, 4.0, 6.0, 10.0, 14.0, 1.0, 0.0, 16.0, 5.0, 28.0], [30.0, 30.0, 26.0, 21.0, 12.0, 12.0, 3.0, 0.0, 0.0, 6.0, 19.0, 20.0, 16.0, 23.0, 0.0], [30.0, 24.0, 20.0, 16.0, 7.0, 0.0, 4.0, 6.0, 10.0, 17.0, 4.0, 3.0, 11.0, 30.0, 34.0]], [[23.0, 30.0, 28.0, 21.0, 16.0, 9.0, 0.0, 0.0, 0.0, 0.0, 0.0, 0.0, 16.0, 35.0, 39.0], [6.0, 13.0, 16.0, 9.0, 0.0, 3.0, 4.0, 6.0, 10.0, 18.0, 31.0, 32.0, 16.0, 16.0, 39.0], [24.0, 17.0, 14.0, 8.0, 11.0, 18.0, 9.0, 6.0, 10.0, 16.0, 27.0, 26.0, 0.0, 3.0, 21.0], [30.0, 25.0, 21.0, 16.0, 7.0, 0.0, 9.0, 6.0, 10.0, 15.0, 28.0, 29.0, 0.0, 0.0, 0.0]]]"
y_box,[26.0 -0.0 28.0 21.0 16.0 18.0 -0.0 -0.0 -0.0 -0.0 -0.0 0.0 16.0 -0.0 -0.0; -0.0 -0.0 -0.0 -0.0 -0.0 -0.0 -0.0 -0.0 -0.0 -0.0 -0.0 -0.0 1.0 -0.0 -0.0; -0.0 -0.0 -0.0 -0.0 -0.0 -0.0 -0.0 -0.0 -0.0 -0.0 -0.0 -0.0 -0.0 0.0 -0.0; -0.0 -0.0 -0.0 -0.0 -0.0 -0.0 -0.0 -0.0 -0.0 -0.0 -0.0 -0.0 0.0 -0.0 -0.0; 0.0 -0.0 -0.0 -0.0 -0.0 -0.0 -0.0 -0.0 -0.0 -0.0 -0.0 -0.0 -0.0 -0.0 -0.0; -0.0 -0.0 -0.0 -0.0 0.0 -0.0 -0.0 -0.0 -0.0 -0.0 -0.0 -0.0 -0.0 -0.0 -0.0; -0.0 -0.0 -0.0 -0.0 -0.0 -0.0 -0.0 -0.0 -0.0 -0.0 -0.0 -0.0 16.0 -0.0 35.0; -0.0 -0.0 -0.0 -0.0 -0.0 -0.0 -0.0 -0.0 -0.0 -0.0 -0.0 -0.0 -0.0 35.0 4.0;;; 30.0 30.0 28.0 21.0 16.0 -0.0 -0.0 -0.0 -0.0 -0.0 -0.0 -0.0 -0.0 -0.0 -0.0; -0.0 -0.0 -0.0 -0.0 -0.0 1.0 -0.0 0.0 0.0 -0.0 -0.0 -0.0 -0.0 -0.0 -0.0; -0.0 -0.0 -0.0 -0.0 -0.0 -0.0 -0.0 -0.0 -0.0 0.0 -0.0 -0.0 -0.0 -0.0 -0.0; -0.0 -0.0 -0.0 -0.0 -0.0 -0.0 -0.0 -0.0 -0.0 -0.0 -0.0 -0.0 -0.0 -0.0 -0.0; -0.0 -0.0 -0.0 -0.0 -0.0 -0.0 -0.0 -0.0 -0.0 -0.0 0.0 0.0 -0.0 -0.0 -0.0; -0.0 -0.0 -0.0 -0.0 -0.0 -0.0 -0.0 -0.0 -0.0 -0.0 -0.0 -0.0 0.0 -0.0 -0.0; -0.0 -0.0 -0.0 -0.0 -0.0 -0.0 -0.0 -0.0 -0.0 -0.0 -0.0 -0.0 16.0 35.0 -0.0; -0.0 -0.0 -0.0 -0.0 -0.0 -0.0 -0.0 -0.0 -0.0 -0.0 -0.0 -0.0 -0.0 -0.0 39.0]
evol_bb,"[[0.449, 1.5532271144630052e7], [0.646, 1.553227114463005e7], [1.863, 1.5532271144630048e7]]"
y_bb,[30.0 24.0 0.0 -0.0 -0.0 0.0 0.0 -0.0 10.0 18.0 19.0 20.0 4.0 -0.0 0.0; -0.0 -0.0 -0.0 -0.0 -0.0 -0.0 -0.0 -0.0 -0.0 -0.0 -0.0 -0.0 1.0 -0.0 -0.0; -0.0 -0.0 -0.0 -0.0 -0.0 -0.0 -0.0 -0.0 -0.0 -0.0 -0.0 -0.0 0.0 -0.0 -0.0; 0.0 -0.0 -0.0 -0.0 -0.0 -0.0 -0.0 -0.0 -0.0 -0.0 -0.0 -0.0 -0.0 -0.0 -0.0; -0.0 -0.0 0.0 -0.0 -0.0 -0.0 -0.0 -0.0 -0.0 -0.0 -0.0 -0.0 -0.0 -0.0 -0.0; -0.0 -0.0 -0.0 -0.0 0.0 -0.0 -0.0 0.0 0.0 -0.0 -0.0 -0.0 -0.0 -0.0 -0.0; 0.0 6.0 -0.0 21.0 16.0 -0.0 -0.0 6.0 -0.0 0.0 0.0 0.0 -0.0 2.0 -0.0; -0.0 -0.0 28.0 -0.0 -0.0 -0.0 -0.0 -0.0 -0.0 -0.0 -0.0 -0.0 11.0 -0.0 -0.0;;; 30.0 30.0 28.0 21.0 16.0 -0.0 -0.0 -0.0 -0.0 -0.0 -0.0 -0.0 -0.0 -0.0 -0.0; -0.0 -0.0 -0.0 -0.0 0.0 1.0 0.0 0.0 0.0 -0.0 -0.0 -0.0 -0.0 -0.0 -0.0; -0.0 -0.0 -0.0 -0.0 -0.0 -0.0 -0.0 -0.0 0.0 0.0 -0.0 -0.0 -0.0 -0.0 -0.0; -0.0 -0.0 -0.0 -0.0 -0.0 -0.0 -0.0 -0.0 -0.0 0.0 -0.0 -0.0 -0.0 -0.0 -0.0; -0.0 -0.0 -0.0 -0.0 -0.0 -0.0 -0.0 -0.0 -0.0 -0.0 0.0 0.0 -0.0 -0.0 -0.0; -0.0 -0.0 -0.0 -0.0 -0.0 -0.0 -0.0 -0.0 -0.0 -0.0 -0.0 -0.0 0.0 -0.0 -0.0; -0.0 -0.0 -0.0 -0.0 -0.0 -0.0 -0.0 -0.0 -0.0 -0.0 -0.0 -0.0 16.0 35.0 -0.0; -0.0 -0.0 -0.0 -0.0 -0.0 -0.0 -0.0 -0.0 -0.0 -0.0 -0.0 -0.0 -0.0 -0.0 39.0]
evol_box,"[[0.586, 0.0], [2.444, 129329.1770582271], [2.551, 257237.9149807078], [2.632, 9.094073176418845e6], [2.788, 9.094073176418845e6], [2.844, 9.7246113511269e6], [3.017, 1.0356361748847852e7], [3.192, 1.187092446901068e7], [3.307, 1.1997178181827372e7], [3.459, 1.2628435749845965e7], [3.695, 1.262843574984611e7], [3.847, 1.3385969022810996e7], [4.044, 1.3385969022810996e7], [4.224, 1.389099871550389e7], [4.398, 1.3890998715503894e7], [4.633, 1.414352980026266e7], [4.789, 1.4143529800262664e7], [5.024, 1.4269734016463123e7], [5.184, 1.4396072635181876e7], [5.407, 1.4648506150977928e7], [5.621, 1.4648506150977924e7], [5.823, 1.4774757480226846e7], [6.021, 1.4901002580546588e7], [6.25, 1.4901002580546588e7], [6.51, 1.490100258054659e7], [6.765, 1.4901002580546584e7], [7.07, 1.490105014256145e7], [7.396, 1.5027256293363275e7], [7.691, 1.5153511577046363e7], [7.949, 1.5153511577046365e7], [8.281, 1.5153510047924729e7], [8.564, 1.5153518618676923e7], [8.895, 1.5153532649093824e7], [9.232, 1.5153532649093822e7], [9.508, 1.5153532649093824e7], [9.871, 1.5153535843670823e7], [10.139, 1.5279763718996665e7], [10.405, 1.5279763718996666e7], [10.831, 1.5406019002679747e7], [11.181, 1.5406017469465422e7], [11.391, 1.5406019002679748e7], [11.813, 1.5406023346594702e7], [12.014, 1.5406026044310309e7], [12.268, 1.5406026044310305e7], [12.564, 1.540602604431031e7], [12.844, 1.5406026044310307e7], [13.135, 1.5406026044310309e7], [13.39, 1.540602604431031e7], [13.667, 1.5406026044310307e7], [14.381, 1.5532271144630052e7]]"
y_pb,[[30.0 30.0 28.000000000000004 21.0 16.0 -0.0 -0.0 -0.0 -0.0 -0.0 -0.0 -0.0 -0.0 -0.0 -0.0; -0.0 -0.0 -0.0 -0.0 -0.0 1.0 -0.0 -0.0 -0.0 -0.0 -0.0 -0.0 -0.0 -0.0 -0.0; -0.0 -0.0 -0.0 -0.0 -0.0 -0.0 -0.0 -0.0 -0.0 0.0 -0.0 -0.0 -0.0 -0.0 -0.0; -0.0 -0.0 -0.0 -0.0 -0.0 -0.0 -0.0 -0.0 -0.0 -0.0 -0.0 0.0 -0.0 -0.0 -0.0; -0.0 -0.0 -0.0 -0.0 -0.0 -0.0 -0.0 -0.0 -0.0 -0.0 -0.0 0.0 -0.0 -0.0 -0.0; -0.0 -0.0 -0.0 -0.0 -0.0 -0.0 -0.0 -0.0 -0.0 -0.0 -0.0 -0.0 0.0 -0.0 -0.0; -0.0 -0.0 -0.0 -0.0 -0.0 -0.0 -0.0 -0.0 -0.0 -0.0 -0.0 -0.0 16.0 35.0 -0.0; -0.0 -0.0 -0.0 -0.0 -0.0 -0.0 -0.0 -0.0 -0.0 -0.0 -0.0 -0.0 -0.0 -0.0 39.0;;;]]
x_bb,"[125.0, 1.0, -0.0, -0.0, 0.0, -0.0, 51.0, 39.0]"
x_box,"[125.0, 1.0, 0.0, 0.0, 0.0, -0.0, 51.0, 39.0]"
evol_zeta,"[[2.049, 39.0], [2.532, 32.0], [2.556, 30.0], [2.667, 19.0], [2.806, 10.0], [2.877, 10.0], [3.02, 9.0], [3.204, 9.0], [3.343, 8.0], [3.464, 8.000000000900002], [3.698, 8.0], [3.854, 7.000000000000028], [4.051, 7.0], [4.246, 5.0], [4.4, 5.0], [4.646, 4.0], [4.832, 4.0], [5.04, 5.000000000600011], [5.191, 7.0], [5.413, 4.0], [5.653, 2.0], [5.854, 5.0], [6.027, 5.0], [6.259, 5.0], [6.538, 5.0], [6.768, 5.0], [7.122, 2.0], [7.439, 2.0], [7.732, 1.0], [7.955, 1.0], [8.288, 1.0], [8.57, 1.0], [8.959, 1.0], [9.238, 1.0000000002000036], [9.554, 1.0], [9.878, 3.0], [10.145, 2.0], [10.436, 1.0000000002000036], [10.848, 1.0], [11.187, 0.9999997067746165], [11.418, 1.0006365372111126], [11.815, 1.0], [12.041, 1.0000966663444488], [12.284, 1.0], [12.615, 1.0], [12.853, 1.0], [13.144, 1.0], [13.394, 1.0], [13.674, 0.8333333333333321], [14.39, 0.0]]"
ξ_box,[23.0 30.0; 30.0 30.0; 28.0 28.0; 21.0 21.0; 16.0 16.0; 9.0 18.0; 9.0 9.0; 0.0 6.0; 0.0 10.0; 0.0 18.0; 31.0 31.0; 0.0 32.0; 16.0 16.0; 35.0 35.0; 39.0 39.0]
