first,second
s_box,[0.0; 0.0; 0.0; 0.0; 0.0; 0.0; 0.0; 0.0; 0.0; 0.0; 0.0; 2.0; 8.0; 4.0; 0.0;;]
x_pb,"[32.0, 23.0, -0.0, 36.0, -0.0, -0.0, 74.0, 18.0]"
s_bb,[0.0; 0.0; 0.0; 0.0; 0.0; 0.0; 0.0; 0.0; 0.0; 0.0; 0.0; 2.0; 8.0; 4.0; 0.0;;]
partition_bb,"[[[18.0, 12.0, 7.0, 0.0, 8.0, 23.0, 9.0, 4.0, 9.0, 3.0, 8.0, 0.0, 0.0, 0.0, 4.0], [19.0, 13.0, 11.0, 1.0, 11.0, 23.0, 9.0, 4.0, 23.0, 17.0, 15.0, 7.0, 8.0, 4.0, 18.0], [19.0, 13.0, 9.0, 1.0, 8.0, 23.0, 9.0, 4.0, 11.0, 17.0, 22.0, 14.0, 8.0, 4.0, 18.0]]]"
y_box,[19.0 13.0 -0.0 -0.0 -0.0 -0.0 -0.0 -0.0 -0.0 -0.0 -0.0 -0.0 -0.0 -0.0 -0.0; -0.0 -0.0 11.0 1.0 11.0 -0.0 -0.0 -0.0 -0.0 -0.0 -0.0 -0.0 -0.0 -0.0 -0.0; -0.0 -0.0 -0.0 -0.0 -0.0 -0.0 -0.0 -0.0 -0.0 -0.0 -0.0 -0.0 -0.0 -0.0 -0.0; -0.0 -0.0 -0.0 -0.0 -0.0 23.0 9.0 4.0 -0.0 -0.0 -0.0 -0.0 -0.0 -0.0 -0.0; -0.0 -0.0 -0.0 -0.0 -0.0 -0.0 -0.0 -0.0 -0.0 -0.0 -0.0 -0.0 -0.0 -0.0 -0.0; -0.0 -0.0 -0.0 -0.0 -0.0 -0.0 -0.0 -0.0 -0.0 -0.0 -0.0 -0.0 -0.0 -0.0 -0.0; -0.0 -0.0 -0.0 -0.0 -0.0 -0.0 -0.0 -0.0 23.0 17.0 22.0 12.0 -0.0 -0.0 -0.0; -0.0 -0.0 -0.0 -0.0 -0.0 -0.0 -0.0 -0.0 -0.0 -0.0 -0.0 -0.0 -0.0 -0.0 18.0;;;]
evol_bb,"[[0.39, 1.893800845099473e6]]"
y_bb,[19.0 13.0 -0.0 -0.0 -0.0 -0.0 -0.0 -0.0 -0.0 -0.0 -0.0 -0.0 -0.0 -0.0 -0.0; -0.0 -0.0 11.0 1.0 11.0 -0.0 -0.0 -0.0 -0.0 -0.0 -0.0 -0.0 -0.0 -0.0 -0.0; -0.0 -0.0 -0.0 -0.0 -0.0 -0.0 -0.0 -0.0 -0.0 -0.0 -0.0 -0.0 -0.0 -0.0 -0.0; -0.0 -0.0 -0.0 -0.0 -0.0 23.0 9.0 4.0 -0.0 -0.0 -0.0 -0.0 -0.0 -0.0 -0.0; -0.0 -0.0 -0.0 -0.0 -0.0 -0.0 -0.0 -0.0 -0.0 -0.0 -0.0 -0.0 -0.0 -0.0 -0.0; -0.0 -0.0 -0.0 -0.0 -0.0 -0.0 -0.0 -0.0 -0.0 -0.0 -0.0 -0.0 -0.0 -0.0 -0.0; -0.0 -0.0 -0.0 -0.0 -0.0 -0.0 -0.0 -0.0 23.0 17.0 22.0 12.0 -0.0 -0.0 -0.0; -0.0 -0.0 -0.0 -0.0 -0.0 -0.0 -0.0 -0.0 -0.0 -0.0 -0.0 -0.0 -0.0 -0.0 18.0;;;]
evol_box,"[[0.619, 0.0], [2.805, 1248.7782765228208], [2.9, 2649.582661988866], [2.905, 3144.140303181066], [2.91, 543473.189183014], [2.916, 1.2186226740983862e6], [2.921, 1.6237413222299195e6], [2.953, 1.758772052035623e6], [2.957, 1.893800845099473e6]]"
y_pb,[[19.0 13.0 -0.0 -0.0 -0.0 -0.0 -0.0 -0.0 -0.0 -0.0 -0.0 -0.0 -0.0 -0.0 -0.0; -0.0 -0.0 11.0 1.0 11.0 -0.0 -0.0 -0.0 -0.0 -0.0 -0.0 -0.0 -0.0 -0.0 -0.0; -0.0 -0.0 -0.0 -0.0 0.0 -0.0 -0.0 -0.0 -0.0 -0.0 -0.0 -0.0 -0.0 -0.0 -0.0; -0.0 -0.0 -0.0 -0.0 -0.0 23.000000000000004 9.0 4.0 -0.0 -0.0 -0.0 -0.0 -0.0 -0.0 -0.0; -0.0 -0.0 -0.0 -0.0 -0.0 -0.0 -0.0 0.0 -0.0 -0.0 -0.0 -0.0 -0.0 -0.0 -0.0; -0.0 -0.0 -0.0 -0.0 -0.0 -0.0 -0.0 -0.0 0.0 -0.0 -0.0 -0.0 -0.0 -0.0 -0.0; -0.0 -0.0 -0.0 -0.0 -0.0 -0.0 -0.0 -0.0 23.000000000000004 17.000000000000004 22.0 12.0 -0.0 -0.0 -0.0; -0.0 -0.0 -0.0 -0.0 -0.0 -0.0 -0.0 -0.0 -0.0 -0.0 -0.0 -0.0 -0.0 -0.0 18.0;;;]]
x_bb,"[32.0, 23.0, 0.0, 36.0, 0.0, 0.0, 74.0, 18.0]"
x_box,"[32.0, 23.0, 0.0, 36.0, 0.0, 0.0, 74.0, 18.0]"
evol_zeta,"[[2.347, 23.0], [2.898, 14.0], [2.903, 14.0], [2.908, 14.0], [2.914, 4.0], [2.919, 3.0], [2.95, 1.0000000002000036], [2.955, 1.0], [2.96, 0.0]]"
ξ_box,[19.0; 13.0; 11.0; 1.0; 11.0; 23.0; 9.0; 4.0; 23.0; 17.0; 22.0; 14.0; 8.0; 4.0; 18.0;;]
