first,second
s_box,[-0.0 -0.0; -0.0 -0.0; -0.0 -0.0; -0.0 -0.0; 10.0 -0.0; 1.0 -0.0; 4.0 -0.0; 4.0 -0.0; 12.0 -0.0; 22.0 -0.0; -0.0 8.0; -0.0 -0.0; -0.0 44.0; -0.0 -0.0; -0.0 -0.0]
x_pb,"[22.0, 2.0, -0.0, -0.0, 28.0, -0.0, 50.0, 108.0]"
s_bb,[0.0 5.0; -0.0 7.0; -0.0 -0.0; -0.0 -0.0; 10.0 -0.0; 1.0 1.0; 4.0 -0.0; 4.0 -0.0; 12.0 13.0; 22.0 -0.0; 0.0 -0.0; 0.0 -0.0; 0.0 26.0; -0.0 -0.0; -0.0 -0.0]
partition_bb,"[[[0.0, 0.0, 0.0, 0.0, 0.0, 0.0, 0.0, 0.0, 7.0, 23.0, 24.0, 50.0, 44.0, 35.0, 29.0], [5.0, 7.0, 10.0, 2.0, 9.0, 0.0, 0.0, 0.0, 0.0, 16.0, 17.0, 43.0, 41.0, 32.0, 29.0], [1.0, 0.0, 0.0, 0.0, 10.0, 1.0, 1.0, 4.0, 9.0, 16.0, 17.0, 43.0, 44.0, 35.0, 29.0], [0.0, 0.0, 0.0, 0.0, 0.0, 0.0, 3.0, 0.0, 7.0, 23.0, 24.0, 50.0, 44.0, 35.0, 29.0], [0.0, 0.0, 0.0, 0.0, 0.0, 0.0, 0.0, 0.0, 9.0, 25.0, 24.0, 50.0, 44.0, 35.0, 29.0], [0.0, 0.0, 0.0, 0.0, 0.0, 1.0, 4.0, 1.0, 6.0, 22.0, 23.0, 49.0, 43.0, 34.0, 28.0], [0.0, 0.0, 0.0, 0.0, 0.0, 0.0, 1.0, 1.0, 10.0, 22.0, 23.0, 49.0, 43.0, 34.0, 28.0], [0.0, 0.0, 0.0, 0.0, 0.0, 0.0, 2.0, 2.0, 11.0, 22.0, 23.0, 49.0, 43.0, 34.0, 28.0], [0.0, 0.0, 0.0, 0.0, 0.0, 0.0, 1.0, 1.0, 10.0, 26.0, 24.0, 49.0, 43.0, 34.0, 28.0], [0.0, 0.0, 0.0, 0.0, 0.0, 0.0, 3.0, 3.0, 12.0, 22.0, 23.0, 49.0, 43.0, 34.0, 28.0]], [[5.0, 7.0, 10.0, 2.0, 10.0, 1.0, 4.0, 4.0, 13.0, 26.0, 24.0, 28.0, 34.0, 25.0, 19.0], [5.0, 3.0, 9.0, 2.0, 10.0, 1.0, 4.0, 4.0, 13.0, 10.0, 11.0, 34.0, 40.0, 35.0, 29.0], [0.0, 0.0, 0.0, 0.0, 0.0, 1.0, 4.0, 4.0, 13.0, 21.0, 22.0, 48.0, 42.0, 33.0, 27.0], [2.0, 0.0, 0.0, 0.0, 0.0, 0.0, 0.0, 0.0, 9.0, 25.0, 23.0, 43.0, 44.0, 35.0, 29.0]]]"
y_box,[5.0 7.0 10.0 -0.0 -0.0 -0.0 -0.0 -0.0 -0.0 -0.0 -0.0 -0.0 -0.0 -0.0 -0.0; -0.0 -0.0 0.0 2.0 0.0 -0.0 -0.0 -0.0 -0.0 -0.0 -0.0 -0.0 -0.0 -0.0 -0.0; -0.0 -0.0 -0.0 -0.0 0.0 0.0 -0.0 0.0 -0.0 -0.0 -0.0 -0.0 -0.0 -0.0 -0.0; -0.0 -0.0 -0.0 -0.0 -0.0 -0.0 -0.0 -0.0 0.0 -0.0 -0.0 -0.0 -0.0 -0.0 -0.0; -0.0 -0.0 -0.0 -0.0 -0.0 -0.0 -0.0 -0.0 -0.0 4.0 24.0 -0.0 -0.0 -0.0 -0.0; -0.0 -0.0 -0.0 -0.0 -0.0 -0.0 -0.0 -0.0 -0.0 -0.0 0.0 -0.0 -0.0 -0.0 -0.0; -0.0 -0.0 -0.0 -0.0 -0.0 -0.0 -0.0 -0.0 -0.0 -0.0 -0.0 50.0 -0.0 -0.0 -0.0; -0.0 -0.0 -0.0 -0.0 -0.0 -0.0 -0.0 -0.0 -0.0 -0.0 -0.0 -0.0 44.0 35.0 29.0;;; 5.0 7.0 10.0 -0.0 0.0 -0.0 -0.0 -0.0 -0.0 -0.0 -0.0 -0.0 -0.0 -0.0 -0.0; -0.0 -0.0 -0.0 0.0 2.0 -0.0 -0.0 -0.0 -0.0 -0.0 -0.0 -0.0 -0.0 -0.0 -0.0; -0.0 -0.0 -0.0 -0.0 -0.0 -0.0 -0.0 -0.0 -0.0 -0.0 0.0 -0.0 -0.0 -0.0 -0.0; -0.0 -0.0 -0.0 -0.0 -0.0 -0.0 -0.0 -0.0 -0.0 -0.0 -0.0 -0.0 -0.0 -0.0 -0.0; -0.0 -0.0 -0.0 -0.0 -0.0 1.0 -0.0 -0.0 -0.0 26.0 1.0 -0.0 -0.0 -0.0 -0.0; -0.0 -0.0 -0.0 -0.0 -0.0 -0.0 -0.0 -0.0 -0.0 -0.0 -0.0 -0.0 -0.0 -0.0 -0.0; -0.0 -0.0 -0.0 2.0 8.0 0.0 4.0 4.0 -0.0 -0.0 15.0 17.0 -0.0 -0.0 -0.0; -0.0 -0.0 -0.0 -0.0 -0.0 -0.0 -0.0 -0.0 13.0 0.0 -0.0 31.0 -0.0 35.0 29.0]
evol_bb,"[[0.267, 6.315972880855819e6], [2.962, 6.199045111174204e6], [3.34, 6.199045111174203e6], [5.516, 6.199041276915738e6]]"
y_bb,[5.0 7.0 10.0 -0.0 -0.0 -0.0 -0.0 -0.0 -0.0 -0.0 -0.0 -0.0 -0.0 -0.0 -0.0; -0.0 -0.0 0.0 2.0 0.0 -0.0 -0.0 -0.0 -0.0 -0.0 -0.0 -0.0 -0.0 -0.0 -0.0; -0.0 -0.0 -0.0 -0.0 0.0 -0.0 -0.0 -0.0 0.0 -0.0 -0.0 -0.0 -0.0 -0.0 -0.0; -0.0 -0.0 -0.0 -0.0 -0.0 -0.0 -0.0 -0.0 0.0 -0.0 -0.0 -0.0 -0.0 -0.0 -0.0; -0.0 -0.0 -0.0 -0.0 -0.0 -0.0 -0.0 -0.0 -0.0 4.0 24.0 -0.0 -0.0 -0.0 -0.0; -0.0 -0.0 -0.0 -0.0 -0.0 -0.0 -0.0 -0.0 -0.0 -0.0 0.0 -0.0 -0.0 -0.0 -0.0; -0.0 -0.0 -0.0 -0.0 -0.0 -0.0 -0.0 -0.0 -0.0 -0.0 -0.0 50.0 -0.0 -0.0 -0.0; -0.0 -0.0 -0.0 -0.0 -0.0 -0.0 -0.0 -0.0 -0.0 -0.0 -0.0 -0.0 44.0 35.0 29.0;;; -0.0 -0.0 -0.0 -0.0 0.0 0.0 -0.0 4.0 -0.0 0.0 18.0 -0.0 -0.0 -0.0 -0.0; -0.0 -0.0 -0.0 -0.0 -0.0 -0.0 -0.0 -0.0 -0.0 -0.0 2.0 -0.0 -0.0 -0.0 -0.0; -0.0 -0.0 -0.0 -0.0 -0.0 -0.0 -0.0 -0.0 -0.0 -0.0 -0.0 -0.0 -0.0 -0.0 -0.0; -0.0 -0.0 0.0 -0.0 -0.0 -0.0 -0.0 -0.0 -0.0 -0.0 -0.0 0.0 -0.0 -0.0 -0.0; -0.0 -0.0 -0.0 0.0 -0.0 -0.0 0.0 -0.0 -0.0 26.0 -0.0 -0.0 2.0 -0.0 -0.0; -0.0 -0.0 -0.0 -0.0 -0.0 -0.0 -0.0 0.0 -0.0 -0.0 -0.0 -0.0 -0.0 -0.0 -0.0; 0.0 -0.0 10.0 -0.0 -0.0 -0.0 -0.0 -0.0 -0.0 -0.0 4.0 36.0 -0.0 -0.0 -0.0; -0.0 -0.0 -0.0 2.0 10.0 -0.0 4.0 0.0 -0.0 -0.0 -0.0 12.0 16.0 35.0 29.0]
evol_box,"[[0.464, 0.0], [2.003, 235692.293218832], [2.093, 235692.293218832], [2.115, 1.2880299179136495e6], [2.167, 1.8726254784028772e6], [2.206, 1.8726812162362114e6], [2.264, 3.1588731217437694e6], [2.413, 3.3927864468621626e6], [2.492, 4.328135613874441e6], [2.589, 4.795862029634764e6], [2.774, 5.029764625460606e6], [2.893, 5.38054587924793e6], [3.039, 5.38054587924793e6], [3.133, 5.61441301911946e6], [3.242, 5.731334032447745e6], [3.36, 5.731334032447745e6], [3.448, 5.7313340324477125e6], [3.561, 5.731334032447745e6], [3.744, 5.848256224334461e6], [3.856, 5.848256224334461e6], [4.023, 5.848256224334462e6], [4.119, 5.848256224334408e6], [4.287, 5.84826180212936e6], [4.458, 5.848261802129359e6], [4.601, 5.848261802129359e6], [4.74, 5.9651867829135265e6], [4.918, 5.965187989670286e6], [5.031, 6.08211455259514e6], [5.198, 6.082115619317161e6], [5.351, 6.08211561931716e6], [5.537, 6.082117341492589e6], [5.707, 6.08211734149259e6], [5.881, 6.08211734149259e6], [6.021, 6.0821173414925e6], [6.166, 6.08211734149259e6], [6.333, 6.08211734149259e6], [6.469, 6.082117341492587e6], [6.68, 6.082121366375886e6], [6.846, 6.199041276915738e6]]"
y_pb,[[5.000000000000001 7.000000000000001 10.000000000000002 -0.0 -0.0 -0.0 -0.0 -0.0 -0.0 -0.0 -0.0 -0.0 -0.0 -0.0 -0.0; -0.0 -0.0 -0.0 2.0 -0.0 -0.0 -0.0 -0.0 -0.0 -0.0 -0.0 -0.0 -0.0 -0.0 -0.0; -0.0 -0.0 -0.0 -0.0 -0.0 -0.0 -0.0 -0.0 0.0 -0.0 -0.0 -0.0 -0.0 -0.0 -0.0; -0.0 -0.0 -0.0 -0.0 -0.0 -0.0 -0.0 -0.0 0.0 -0.0 -0.0 -0.0 -0.0 -0.0 -0.0; -0.0 -0.0 -0.0 -0.0 -0.0 -0.0 -0.0 -0.0 -0.0 4.0 24.0 -0.0 -0.0 -0.0 -0.0; -0.0 -0.0 -0.0 -0.0 -0.0 -0.0 -0.0 -0.0 -0.0 -0.0 0.0 -0.0 -0.0 -0.0 -0.0; -0.0 -0.0 -0.0 -0.0 -0.0 -0.0 -0.0 -0.0 -0.0 -0.0 -0.0 50.00000000000001 -0.0 -0.0 -0.0; -0.0 -0.0 -0.0 -0.0 -0.0 -0.0 -0.0 -0.0 -0.0 -0.0 -0.0 -0.0 44.0 35.0 29.0;;;]]
x_bb,"[22.0, 2.0, 0.0, -0.0, 28.0, -0.0, 50.0, 108.0]"
x_box,"[22.0, 2.0, -0.0, 0.0, 28.0, 0.0, 50.0, 108.0]"
evol_zeta,"[[1.682, 49.71428571428571], [2.08, 10.0], [2.096, 10.0], [2.119, 10.0], [2.183, 10.0], [2.208, 10.0], [2.294, 7.0], [2.417, 7.0], [2.498, 6.000000000000001], [2.592, 10.0], [2.777, 8.5], [2.912, 2.0], [3.047, 2.0], [3.147, 2.0], [3.257, 3.9000000000000004], [3.363, 3.5555555555555554], [3.451, 2.7777777777777786], [3.574, 2.0], [3.75, 2.0], [3.859, 2.0], [4.03, 2.0], [4.121, 2.0], [4.29, 3.2499999999999947], [4.46, 2.75], [4.608, 2.222222222222207], [4.758, 1.0], [4.923, 1.0], [5.033, 1.0], [5.203, 1.0], [5.367, 1.0], [5.553, 1.2000000000000028], [5.714, 0.666666666666667], [5.884, 1.142857142857146], [6.028, 0.44444444444444287], [6.173, 0.3333333333333242], [6.342, 0.22222222222221072], [6.485, 0.3333333333333286], [6.697, 0.22222208085315387], [6.853, 0.0]]"
ξ_box,[5.0 5.0; 7.0 7.0; 10.0 10.0; 2.0 2.0; 10.0 10.0; 1.0 1.0; 4.0 4.0; 4.0 4.0; 12.0 13.0; 26.0 26.0; 24.0 24.0; 50.0 48.0; 44.0 44.0; 35.0 35.0; 29.0 29.0]
