first,second
s_box,[-0.0 -0.0; -0.0 -0.0; -0.0 -0.0; -0.0 -0.0; -0.0 -0.0; -0.0 -0.0; -0.0 -0.0; -0.0 -0.0; -0.0 -0.0; -0.0 -0.0; -0.0 -0.0; -0.0 2.0; 8.0 8.0; -0.0 4.0; -0.0 0.0]
x_pb,"[32.0, 23.0, -0.0, 36.0, -0.0, -0.0, 74.0, 18.0]"
s_bb,[-0.0 -0.0; -0.0 -0.0; -0.0 -0.0; -0.0 -0.0; -0.0 -0.0; -0.0 -0.0; 9.0 -0.0; -0.0 -0.0; -0.0 -0.0; -0.0 -0.0; -0.0 -0.0; -0.0 2.0; -0.0 8.0; -0.0 4.0; 3.0 0.0]
partition_bb,"[[[18.0, 12.0, 7.0, 0.0, 8.0, 23.0, 9.0, 4.0, 9.0, 3.0, 8.0, 0.0, 0.0, 0.0, 4.0], [7.0, 7.0, 11.0, 1.0, 11.0, 23.0, 9.0, 4.0, 23.0, 17.0, 22.0, 14.0, 8.0, 4.0, 18.0]], [[19.0, 13.0, 11.0, 1.0, 3.0, 18.0, 9.0, 4.0, 23.0, 17.0, 22.0, 14.0, 8.0, 4.0, 18.0], [19.0, 13.0, 11.0, 1.0, 11.0, 23.0, 9.0, 4.0, 10.0, 16.0, 22.0, 14.0, 8.0, 4.0, 18.0]]]"
y_box,[19.0 13.0 -0.0 -0.0 -0.0 0.0 -0.0 -0.0 -0.0 -0.0 -0.0 -0.0 -0.0 -0.0 -0.0; 0.0 -0.0 11.0 1.0 11.0 -0.0 -0.0 -0.0 -0.0 -0.0 -0.0 -0.0 -0.0 -0.0 -0.0; -0.0 -0.0 -0.0 -0.0 -0.0 -0.0 -0.0 0.0 -0.0 -0.0 -0.0 -0.0 -0.0 -0.0 -0.0; -0.0 -0.0 -0.0 -0.0 -0.0 -0.0 -0.0 2.0 -0.0 -0.0 12.0 -0.0 -0.0 4.0 18.0; -0.0 -0.0 -0.0 -0.0 -0.0 -0.0 -0.0 -0.0 -0.0 -0.0 0.0 -0.0 -0.0 -0.0 -0.0; -0.0 -0.0 -0.0 -0.0 -0.0 -0.0 -0.0 0.0 -0.0 -0.0 -0.0 -0.0 -0.0 -0.0 -0.0; -0.0 -0.0 -0.0 -0.0 -0.0 19.0 5.0 -0.0 21.0 0.0 9.0 14.0 6.0 -0.0 -0.0; -0.0 -0.0 -0.0 -0.0 -0.0 -0.0 -0.0 -0.0 -0.0 17.0 1.0 -0.0 -0.0 -0.0 -0.0;;; 19.0 13.0 -0.0 -0.0 -0.0 -0.0 -0.0 -0.0 -0.0 -0.0 -0.0 -0.0 -0.0 -0.0 -0.0; 0.0 -0.0 11.0 1.0 11.0 -0.0 -0.0 -0.0 -0.0 -0.0 -0.0 -0.0 -0.0 -0.0 -0.0; -0.0 -0.0 -0.0 -0.0 0.0 -0.0 -0.0 -0.0 -0.0 -0.0 -0.0 -0.0 -0.0 -0.0 -0.0; -0.0 -0.0 -0.0 -0.0 -0.0 23.0 9.0 4.0 -0.0 -0.0 -0.0 -0.0 -0.0 -0.0 -0.0; -0.0 -0.0 -0.0 -0.0 -0.0 0.0 0.0 0.0 -0.0 -0.0 -0.0 -0.0 -0.0 -0.0 -0.0; -0.0 -0.0 -0.0 -0.0 -0.0 -0.0 -0.0 -0.0 -0.0 0.0 -0.0 -0.0 -0.0 -0.0 -0.0; -0.0 -0.0 -0.0 -0.0 -0.0 -0.0 -0.0 -0.0 23.0 17.0 22.0 12.0 -0.0 -0.0 -0.0; -0.0 -0.0 -0.0 -0.0 -0.0 -0.0 -0.0 -0.0 -0.0 -0.0 -0.0 -0.0 0.0 -0.0 18.0]
evol_bb,"[[0.313, 1.893800845099473e6], [0.384, 1.8938008450994727e6]]"
y_bb,[-0.0 -0.0 -0.0 -0.0 -0.0 -0.0 -0.0 -0.0 -0.0 -0.0 18.0 14.0 0.0 -0.0 -0.0; 15.0 -0.0 -0.0 0.0 -0.0 -0.0 0.0 -0.0 -0.0 -0.0 -0.0 -0.0 8.0 -0.0 -0.0; -0.0 -0.0 -0.0 -0.0 -0.0 -0.0 -0.0 -0.0 -0.0 -0.0 -0.0 -0.0 -0.0 -0.0 -0.0; 1.0 12.0 -0.0 -0.0 -0.0 0.0 -0.0 -0.0 -0.0 -0.0 4.0 -0.0 -0.0 4.0 15.0; -0.0 -0.0 0.0 -0.0 0.0 -0.0 -0.0 -0.0 0.0 -0.0 -0.0 -0.0 -0.0 -0.0 -0.0; -0.0 -0.0 -0.0 -0.0 -0.0 -0.0 -0.0 -0.0 -0.0 0.0 -0.0 -0.0 -0.0 -0.0 -0.0; 2.0 -0.0 -0.0 1.0 11.0 23.0 -0.0 0.0 23.0 14.0 -0.0 0.0 -0.0 0.0 -0.0; -0.0 -0.0 11.0 -0.0 -0.0 -0.0 -0.0 4.0 -0.0 3.0 -0.0 -0.0 -0.0 -0.0 -0.0;;; 19.0 13.0 -0.0 -0.0 -0.0 -0.0 -0.0 -0.0 -0.0 -0.0 -0.0 -0.0 -0.0 -0.0 -0.0; 0.0 0.0 11.0 1.0 11.0 -0.0 -0.0 -0.0 -0.0 -0.0 -0.0 -0.0 -0.0 -0.0 -0.0; -0.0 -0.0 -0.0 -0.0 0.0 -0.0 -0.0 -0.0 -0.0 -0.0 -0.0 -0.0 -0.0 -0.0 -0.0; -0.0 -0.0 -0.0 -0.0 -0.0 23.0 9.0 4.0 -0.0 -0.0 -0.0 -0.0 -0.0 -0.0 -0.0; -0.0 -0.0 -0.0 -0.0 -0.0 -0.0 -0.0 -0.0 -0.0 -0.0 -0.0 -0.0 -0.0 -0.0 -0.0; -0.0 -0.0 -0.0 -0.0 -0.0 -0.0 -0.0 -0.0 -0.0 0.0 -0.0 -0.0 -0.0 -0.0 -0.0; -0.0 -0.0 -0.0 -0.0 -0.0 -0.0 -0.0 -0.0 23.0 17.0 22.0 12.0 -0.0 -0.0 -0.0; -0.0 -0.0 -0.0 -0.0 -0.0 -0.0 -0.0 -0.0 -0.0 -0.0 -0.0 -0.0 -0.0 -0.0 18.0]
evol_box,"[[0.541, 0.0], [2.297, 1248.7782765228208], [2.393, 2230.1183219100676], [2.408, 2230.1183219100676], [2.423, 273134.19533607253], [2.447, 273134.19533607253], [2.472, 273134.19533607253], [2.53, 408498.79534373], [2.562, 1.7587647740067742e6], [2.64, 1.893800845099473e6]]"
y_pb,[[19.0 13.0 -0.0 -0.0 -0.0 -0.0 -0.0 -0.0 -0.0 -0.0 -0.0 -0.0 -0.0 -0.0 -0.0; -0.0 -0.0 11.0 1.0 11.0 -0.0 -0.0 -0.0 -0.0 -0.0 -0.0 -0.0 -0.0 -0.0 -0.0; -0.0 -0.0 -0.0 -0.0 0.0 -0.0 -0.0 -0.0 -0.0 -0.0 -0.0 -0.0 -0.0 -0.0 -0.0; -0.0 -0.0 -0.0 -0.0 -0.0 23.000000000000004 9.0 4.0 -0.0 -0.0 -0.0 -0.0 -0.0 -0.0 -0.0; -0.0 -0.0 -0.0 -0.0 -0.0 -0.0 -0.0 0.0 -0.0 -0.0 -0.0 -0.0 -0.0 -0.0 -0.0; -0.0 -0.0 -0.0 -0.0 -0.0 -0.0 -0.0 -0.0 0.0 -0.0 -0.0 -0.0 -0.0 -0.0 -0.0; -0.0 -0.0 -0.0 -0.0 -0.0 -0.0 -0.0 -0.0 23.000000000000004 17.000000000000004 22.0 12.0 -0.0 -0.0 -0.0; -0.0 -0.0 -0.0 -0.0 -0.0 -0.0 -0.0 -0.0 -0.0 -0.0 -0.0 -0.0 -0.0 -0.0 18.0;;;]]
x_bb,"[32.0, 23.0, 0.0, 36.0, 0.0, 0.0, 74.0, 18.0]"
x_box,"[32.0, 23.0, 0.0, 36.0, 0.0, 0.0, 74.0, 18.0]"
evol_zeta,"[[1.927, 23.0], [2.383, 14.0], [2.396, 14.0], [2.411, 14.0], [2.434, 4.0], [2.448, 4.0], [2.5, 4.0], [2.531, 4.0], [2.565, 1.0], [2.643, -0.0]]"
ξ_box,[19.0 19.0; 13.0 13.0; 11.0 11.0; 1.0 1.0; 11.0 11.0; 19.0 23.0; 5.0 9.0; 2.0 4.0; 21.0 23.0; 17.0 17.0; 22.0 22.0; 14.0 14.0; 8.0 8.0; 4.0 4.0; 18.0 18.0]
