first,second
s_box,[0.0; 0.0; 0.0; 0.0; 0.0; 0.0; 0.0; 22.0; 15.0; 17.0; 5.0; 10.0; 1.0; 0.0; 0.0;;]
x_pb,"[23.0, 16.0, 5.0, 112.0, -0.0, 6.0, -0.0, 52.0]"
s_bb,[0.0; 0.0; 0.0; 0.0; 0.0; 0.0; 0.0; 22.0; 15.0; 17.0; 5.0; 10.0; 1.0; 0.0; 0.0;;]
partition_bb,"[[[23.0, 16.0, 5.0, 26.0, 26.0, 27.0, 21.0, 11.0, 7.0, 4.0, 0.0, 0.0, 1.0, 17.0, 35.0], [7.0, 5.0, 5.0, 21.0, 18.0, 17.0, 15.0, 10.0, 12.0, 17.0, 7.0, 6.0, 1.0, 17.0, 27.0], [9.0, 16.0, 5.0, 26.0, 28.0, 28.0, 26.0, 22.0, 15.0, 17.0, 11.0, 10.0, 1.0, 0.0, 0.0], [0.0, 4.0, 5.0, 25.0, 23.0, 24.0, 30.0, 17.0, 15.0, 17.0, 11.0, 10.0, 1.0, 0.0, 0.0]]]"
y_box,[23.0 -0.0 -0.0 -0.0 -0.0 -0.0 -0.0 -0.0 -0.0 -0.0 -0.0 -0.0 -0.0 -0.0 -0.0; -0.0 16.0 -0.0 -0.0 -0.0 -0.0 -0.0 -0.0 -0.0 -0.0 -0.0 -0.0 -0.0 -0.0 -0.0; -0.0 -0.0 5.0 -0.0 -0.0 -0.0 -0.0 -0.0 -0.0 -0.0 -0.0 -0.0 -0.0 -0.0 -0.0; -0.0 -0.0 -0.0 26.0 28.0 28.0 30.0 0.0 -0.0 -0.0 -0.0 -0.0 -0.0 -0.0 -0.0; -0.0 -0.0 -0.0 -0.0 -0.0 -0.0 -0.0 -0.0 -0.0 -0.0 -0.0 -0.0 -0.0 -0.0 -0.0; -0.0 -0.0 -0.0 -0.0 -0.0 -0.0 -0.0 0.0 0.0 0.0 6.0 0.0 -0.0 -0.0 -0.0; -0.0 -0.0 -0.0 -0.0 -0.0 -0.0 -0.0 -0.0 -0.0 -0.0 -0.0 -0.0 -0.0 -0.0 -0.0; -0.0 -0.0 -0.0 -0.0 -0.0 -0.0 -0.0 -0.0 -0.0 -0.0 -0.0 -0.0 0.0 17.0 35.0;;;]
evol_bb,"[[0.299, 8.500621128462989e6]]"
y_bb,[23.0 -0.0 -0.0 -0.0 -0.0 -0.0 -0.0 -0.0 -0.0 -0.0 -0.0 -0.0 -0.0 -0.0 -0.0; -0.0 16.0 -0.0 -0.0 -0.0 -0.0 -0.0 -0.0 -0.0 -0.0 -0.0 -0.0 -0.0 -0.0 -0.0; -0.0 -0.0 5.0 -0.0 -0.0 -0.0 -0.0 -0.0 -0.0 -0.0 -0.0 -0.0 -0.0 -0.0 -0.0; -0.0 -0.0 -0.0 26.0 28.0 28.0 30.0 -0.0 -0.0 -0.0 -0.0 -0.0 -0.0 -0.0 -0.0; -0.0 -0.0 -0.0 -0.0 -0.0 -0.0 -0.0 0.0 -0.0 -0.0 -0.0 -0.0 -0.0 -0.0 -0.0; -0.0 -0.0 -0.0 -0.0 -0.0 -0.0 -0.0 0.0 0.0 0.0 6.0 0.0 -0.0 -0.0 -0.0; -0.0 -0.0 -0.0 -0.0 -0.0 -0.0 -0.0 -0.0 -0.0 -0.0 -0.0 -0.0 -0.0 -0.0 -0.0; -0.0 -0.0 -0.0 -0.0 -0.0 -0.0 -0.0 -0.0 -0.0 -0.0 -0.0 -0.0 0.0 17.0 35.0;;;]
evol_box,"[[0.464, 0.0], [1.984, 609736.5661698551], [2.065, 4.37307607302814e6], [2.079, 6.072678379451616e6], [2.092, 7.165241117402455e6], [2.109, 8.3792275721963495e6], [2.167, 8.500621128462989e6]]"
y_pb,[[23.000000000000004 -0.0 -0.0 -0.0 -0.0 -0.0 -0.0 -0.0 -0.0 -0.0 -0.0 -0.0 -0.0 -0.0 -0.0; -0.0 16.0 -0.0 -0.0 -0.0 -0.0 -0.0 -0.0 -0.0 -0.0 -0.0 -0.0 -0.0 -0.0 -0.0; -0.0 -0.0 5.000000000000001 -0.0 -0.0 -0.0 -0.0 -0.0 -0.0 -0.0 -0.0 -0.0 -0.0 -0.0 -0.0; -0.0 -0.0 -0.0 26.0 28.000000000000004 28.000000000000004 30.0 -0.0 -0.0 -0.0 -0.0 -0.0 -0.0 -0.0 -0.0; -0.0 -0.0 -0.0 -0.0 -0.0 -0.0 0.0 -0.0 -0.0 -0.0 -0.0 -0.0 -0.0 -0.0 -0.0; -0.0 -0.0 -0.0 -0.0 -0.0 -0.0 -0.0 -0.0 -0.0 -0.0 6.0 -0.0 -0.0 -0.0 -0.0; -0.0 -0.0 -0.0 -0.0 -0.0 -0.0 -0.0 -0.0 -0.0 -0.0 0.0 -0.0 -0.0 -0.0 -0.0; -0.0 -0.0 -0.0 -0.0 -0.0 -0.0 -0.0 -0.0 -0.0 -0.0 -0.0 -0.0 -0.0 17.000000000000004 35.0;;;]]
x_bb,"[23.0, 16.0, 5.0, 112.0, 0.0, 6.0, 0.0, 52.0]"
x_box,"[23.0, 16.0, 5.0, 112.0, 0.0, 6.0, 0.0, 52.0]"
evol_zeta,"[[1.662, 35.0], [2.063, 13.0], [2.077, 11.0], [2.09, 9.0], [2.107, 4.0], [2.165, 1.0], [2.17, 0.0]]"
ξ_box,[23.0; 16.0; 5.0; 26.0; 28.0; 28.0; 30.0; 22.0; 15.0; 17.0; 11.0; 10.0; 1.0; 17.0; 35.0;;]
