first,second
s_box,[0.0; 0.0; 13.0; 28.0; 20.0; 21.0; 12.0; 0.0; 0.0; 0.0; 0.0; 0.0; 0.0; 0.0; 0.0;;]
x_pb,"[7.0, 15.0, -0.0, -0.0, 37.0, 94.0, -0.0, 35.0]"
s_bb,[0.0; 0.0; 13.0; 28.0; 20.0; 21.0; 12.0; 0.0; 0.0; 0.0; 0.0; 0.0; 0.0; 0.0; 0.0;;]
partition_bb,"[[[0.0, 0.0, 0.0, 0.0, 0.0, 0.0, 0.0, 0.0, 9.0, 13.0, 18.0, 23.0, 25.0, 28.0, 35.0], [0.0, 4.0, 28.0, 28.0, 20.0, 17.0, 10.0, 3.0, 0.0, 0.0, 8.0, 13.0, 15.0, 18.0, 25.0], [3.0, 4.0, 28.0, 20.0, 9.0, 12.0, 0.0, 5.0, 14.0, 10.0, 18.0, 18.0, 17.0, 13.0, 20.0], [3.0, 0.0, 1.0, 13.0, 20.0, 16.0, 12.0, 5.0, 14.0, 18.0, 13.0, 18.0, 19.0, 23.0, 16.0], [0.0, 4.0, 28.0, 28.0, 20.0, 21.0, 9.0, 5.0, 14.0, 10.0, 0.0, 0.0, 0.0, 0.0, 7.0]]]"
y_box,[3.0 4.0 -0.0 -0.0 -0.0 -0.0 -0.0 -0.0 -0.0 -0.0 -0.0 -0.0 -0.0 -0.0 -0.0; -0.0 -0.0 15.0 0.0 0.0 -0.0 -0.0 -0.0 -0.0 -0.0 -0.0 -0.0 -0.0 -0.0 -0.0; -0.0 -0.0 -0.0 -0.0 -0.0 0.0 -0.0 -0.0 -0.0 -0.0 -0.0 -0.0 -0.0 -0.0 -0.0; -0.0 -0.0 -0.0 -0.0 -0.0 -0.0 -0.0 -0.0 -0.0 -0.0 -0.0 -0.0 -0.0 -0.0 -0.0; -0.0 -0.0 -0.0 -0.0 -0.0 -0.0 0.0 5.0 14.0 18.0 -0.0 -0.0 -0.0 -0.0 -0.0; -0.0 -0.0 -0.0 -0.0 -0.0 -0.0 -0.0 -0.0 -0.0 -0.0 18.0 -0.0 -0.0 28.0 -0.0; -0.0 -0.0 -0.0 -0.0 -0.0 -0.0 -0.0 -0.0 -0.0 -0.0 -0.0 23.0 25.0 -0.0 0.0; -0.0 -0.0 -0.0 -0.0 -0.0 -0.0 -0.0 -0.0 -0.0 -0.0 -0.0 -0.0 -0.0 -0.0 35.0;;;]
evol_bb,"[[0.302, 1.1993878182088647e7]]"
y_bb,[3.0 4.0 -0.0 -0.0 -0.0 -0.0 -0.0 -0.0 -0.0 -0.0 -0.0 -0.0 -0.0 -0.0 -0.0; -0.0 -0.0 15.0 0.0 0.0 -0.0 -0.0 -0.0 -0.0 -0.0 -0.0 -0.0 -0.0 -0.0 -0.0; -0.0 -0.0 -0.0 -0.0 -0.0 0.0 -0.0 -0.0 -0.0 -0.0 -0.0 -0.0 -0.0 -0.0 -0.0; -0.0 -0.0 -0.0 -0.0 -0.0 -0.0 -0.0 -0.0 -0.0 -0.0 -0.0 -0.0 -0.0 -0.0 -0.0; -0.0 -0.0 -0.0 -0.0 -0.0 -0.0 0.0 5.0 14.0 18.0 -0.0 -0.0 -0.0 -0.0 -0.0; -0.0 -0.0 -0.0 -0.0 -0.0 -0.0 -0.0 -0.0 -0.0 -0.0 18.0 -0.0 25.0 -0.0 -0.0; -0.0 -0.0 -0.0 -0.0 -0.0 -0.0 -0.0 -0.0 -0.0 -0.0 -0.0 23.0 -0.0 28.0 0.0; -0.0 -0.0 -0.0 -0.0 -0.0 -0.0 -0.0 -0.0 -0.0 -0.0 -0.0 -0.0 -0.0 -0.0 35.0;;;]
evol_box,"[[0.583, 0.0], [2.476, 2327.881180010009], [2.578, 9.315200975983862e6], [2.584, 1.084586656119686e7], [2.59, 1.1611237059713755e7], [2.596, 1.1993878182088647e7]]"
y_pb,[[3.0 4.0 -0.0 -0.0 -0.0 -0.0 -0.0 -0.0 -0.0 -0.0 -0.0 -0.0 -0.0 -0.0 -0.0; -0.0 -0.0 15.0 -0.0 -0.0 -0.0 -0.0 -0.0 -0.0 -0.0 -0.0 -0.0 -0.0 -0.0 -0.0; -0.0 -0.0 -0.0 -0.0 -0.0 0.0 -0.0 -0.0 -0.0 -0.0 -0.0 -0.0 -0.0 -0.0 -0.0; -0.0 -0.0 -0.0 -0.0 -0.0 0.0 -0.0 -0.0 -0.0 -0.0 -0.0 -0.0 -0.0 -0.0 -0.0; -0.0 -0.0 -0.0 -0.0 -0.0 -0.0 -0.0 5.000000000000001 14.000000000000002 18.0 -0.0 -0.0 -0.0 -0.0 -0.0; -0.0 -0.0 -0.0 -0.0 -0.0 -0.0 -0.0 -0.0 -0.0 -0.0 18.0 23.000000000000004 25.000000000000004 28.000000000000004 -0.0; -0.0 -0.0 -0.0 -0.0 -0.0 -0.0 -0.0 -0.0 -0.0 -0.0 -0.0 -0.0 0.0 -0.0 -0.0; -0.0 -0.0 -0.0 -0.0 -0.0 -0.0 -0.0 -0.0 -0.0 -0.0 -0.0 -0.0 -0.0 -0.0 35.0;;;]]
x_bb,"[7.0, 15.0, 0.0, 0.0, 37.0, 43.0, 51.0, 35.0]"
x_box,"[7.0, 15.0, 0.0, 0.0, 37.0, 46.0, 48.0, 35.0]"
evol_zeta,"[[2.059, 35.0], [2.575, 28.0], [2.582, 5.000000000600011], [2.588, 4.0], [2.594, 3.0], [2.611, 0.0]]"
ξ_box,[3.0; 4.0; 28.0; 28.0; 20.0; 21.0; 12.0; 5.0; 14.0; 18.0; 18.0; 23.0; 25.0; 28.0; 35.0;;]
