first,second
s_box,[49.0; 46.0; 0.0; 0.0; 0.0; 11.0; 0.0; 0.0; 0.0; 17.0; 11.0; 13.0; 0.0; 0.0; 0.0;;]
x_pb,"[0.0, -0.0, 80.0, 20.0, 51.0, -0.0, -0.0, 43.0]"
s_bb,[49.0; 46.0; 0.0; 0.0; 0.0; 11.0; 0.0; 0.0; 0.0; 17.0; 11.0; 13.0; 0.0; 0.0; 0.0;;]
partition_bb,"[[[49.0, 46.0, 34.0, 29.0, 19.0, 10.0, 10.0, 4.0, 0.0, 0.0, 0.0, 0.0, 0.0, 0.0, 0.0], [32.0, 29.0, 17.0, 12.0, 8.0, 3.0, 5.0, 2.0, 1.0, 3.0, 6.0, 3.0, 8.0, 9.0, 26.0], [32.0, 29.0, 17.0, 18.0, 8.0, 6.0, 9.0, 10.0, 20.0, 7.0, 3.0, 3.0, 6.0, 5.0, 0.0], [25.0, 28.0, 32.0, 26.0, 9.0, 0.0, 3.0, 0.0, 0.0, 4.0, 11.0, 13.0, 8.0, 9.0, 26.0], [23.0, 20.0, 32.0, 26.0, 9.0, 0.0, 0.0, 0.0, 10.0, 17.0, 11.0, 5.0, 8.0, 9.0, 26.0], [28.0, 31.0, 43.0, 37.0, 20.0, 11.0, 14.0, 8.0, 3.0, 0.0, 0.0, 0.0, 0.0, 0.0, 0.0], [43.0, 40.0, 29.0, 23.0, 13.0, 11.0, 14.0, 17.0, 7.0, 0.0, 0.0, 0.0, 0.0, 0.0, 0.0]]]"
y_box,[0.0 -0.0 -0.0 -0.0 -0.0 -0.0 -0.0 -0.0 -0.0 -0.0 -0.0 -0.0 -0.0 -0.0 -0.0; -0.0 0.0 -0.0 -0.0 -0.0 -0.0 -0.0 -0.0 -0.0 -0.0 -0.0 -0.0 -0.0 -0.0 -0.0; -0.0 -0.0 43.0 37.0 -0.0 -0.0 -0.0 -0.0 -0.0 -0.0 -0.0 -0.0 -0.0 -0.0 -0.0; -0.0 -0.0 -0.0 -0.0 20.0 -0.0 -0.0 -0.0 -0.0 -0.0 -0.0 -0.0 -0.0 -0.0 -0.0; -0.0 -0.0 -0.0 -0.0 -0.0 0.0 14.0 17.0 20.0 -0.0 -0.0 -0.0 -0.0 -0.0 -0.0; -0.0 -0.0 -0.0 -0.0 -0.0 -0.0 -0.0 -0.0 -0.0 0.0 0.0 -0.0 -0.0 -0.0 -0.0; -0.0 -0.0 -0.0 -0.0 -0.0 -0.0 -0.0 -0.0 -0.0 -0.0 -0.0 -0.0 -0.0 -0.0 -0.0; -0.0 -0.0 -0.0 -0.0 -0.0 -0.0 -0.0 -0.0 -0.0 -0.0 -0.0 -0.0 8.0 9.0 26.0;;;]
evol_bb,"[[0.365, 1.923166594573877e7]]"
y_bb,[0.0 -0.0 -0.0 -0.0 -0.0 -0.0 -0.0 -0.0 -0.0 -0.0 -0.0 -0.0 -0.0 -0.0 -0.0; -0.0 0.0 -0.0 -0.0 -0.0 -0.0 -0.0 -0.0 -0.0 -0.0 -0.0 -0.0 -0.0 -0.0 -0.0; -0.0 -0.0 43.0 37.0 -0.0 -0.0 -0.0 -0.0 -0.0 -0.0 -0.0 -0.0 -0.0 -0.0 -0.0; -0.0 -0.0 -0.0 -0.0 20.0 -0.0 -0.0 -0.0 -0.0 -0.0 -0.0 -0.0 -0.0 -0.0 -0.0; -0.0 -0.0 -0.0 -0.0 -0.0 0.0 14.0 17.0 20.0 -0.0 -0.0 -0.0 -0.0 -0.0 -0.0; -0.0 -0.0 -0.0 -0.0 -0.0 -0.0 -0.0 -0.0 -0.0 0.0 0.0 -0.0 -0.0 -0.0 -0.0; -0.0 -0.0 -0.0 -0.0 -0.0 -0.0 -0.0 -0.0 -0.0 -0.0 -0.0 -0.0 -0.0 -0.0 -0.0; -0.0 -0.0 -0.0 -0.0 -0.0 -0.0 -0.0 -0.0 -0.0 -0.0 -0.0 -0.0 8.0 9.0 26.0;;;]
evol_box,"[[0.508, 0.0], [2.515, 917840.0359737669], [2.622, 8.112550799675819e6], [2.629, 1.4129901988212695e7], [2.636, 1.556888530986726e7], [2.644, 1.779268663029063e7], [2.651, 1.870839928331893e7], [2.657, 1.923166594573877e7]]"
y_pb,[[0.0 -0.0 -0.0 -0.0 -0.0 -0.0 -0.0 -0.0 -0.0 -0.0 -0.0 -0.0 -0.0 -0.0 -0.0; -0.0 0.0 -0.0 -0.0 -0.0 -0.0 -0.0 -0.0 -0.0 -0.0 -0.0 -0.0 -0.0 -0.0 -0.0; -0.0 -0.0 43.00000000000001 37.00000000000001 -0.0 -0.0 -0.0 -0.0 -0.0 -0.0 -0.0 -0.0 -0.0 -0.0 -0.0; -0.0 -0.0 -0.0 -0.0 20.000000000000004 -0.0 -0.0 -0.0 -0.0 -0.0 -0.0 -0.0 -0.0 -0.0 -0.0; -0.0 -0.0 -0.0 -0.0 -0.0 -0.0 14.000000000000002 17.000000000000004 20.000000000000004 -0.0 -0.0 -0.0 -0.0 -0.0 -0.0; -0.0 -0.0 -0.0 -0.0 -0.0 -0.0 -0.0 -0.0 -0.0 -0.0 0.0 -0.0 -0.0 -0.0 -0.0; -0.0 -0.0 -0.0 -0.0 -0.0 -0.0 -0.0 -0.0 -0.0 -0.0 -0.0 0.0 -0.0 -0.0 -0.0; -0.0 -0.0 -0.0 -0.0 -0.0 -0.0 -0.0 -0.0 -0.0 -0.0 -0.0 -0.0 8.0 9.0 26.0;;;]]
x_bb,"[0.0, 0.0, 80.0, 20.0, 51.0, 0.0, 0.0, 43.0]"
x_box,"[0.0, 0.0, 80.0, 20.0, 51.0, 0.0, 0.0, 43.0]"
evol_zeta,"[[2.046, 48.125], [2.62, 26.0], [2.626, 16.0], [2.634, 10.0], [2.642, 9.0], [2.649, 4.0], [2.655, 4.0], [2.661, 0.0]]"
ξ_box,[49.0; 46.0; 43.0; 37.0; 20.0; 11.0; 14.0; 17.0; 20.0; 17.0; 11.0; 13.0; 8.0; 9.0; 26.0;;]
