first,second
s_box,[-0.0 -0.0; -0.0 -0.0; -0.0 -0.0; -0.0 -0.0; -0.0 -0.0; 0.0 -0.0; 16.0 -0.0; -0.0 -0.0; 31.0 -0.0; 7.0 18.0; -0.0 -0.0; -0.0 8.0; -0.0 -0.0; -0.0 27.0; -0.0 -0.0]
x_pb,"[48.0, 14.0, -0.0, -0.0, 23.0, 12.0, 75.0, 34.0]"
s_bb,[-0.0 -0.0; -0.0 -0.0; -0.0 -0.0; -0.0 -0.0; -0.0 -0.0; -0.0 -0.0; 16.0 -0.0; -0.0 -0.0; 31.0 -0.0; 7.0 -0.0; -0.0 -0.0; -0.0 -0.0; -0.0 -0.0; -0.0 -0.0; -0.0 -0.0]
partition_bb,"[[[0.0, 0.0, 0.0, 0.0, 0.0, 4.0, 16.0, 23.0, 31.0, 19.0, 10.0, 15.0, 22.0, 27.0, 34.0], [20.0, 16.0, 12.0, 1.0, 0.0, 0.0, 16.0, 17.0, 31.0, 19.0, 10.0, 16.0, 16.0, 21.0, 12.0], [9.0, 5.0, 9.0, 1.0, 5.0, 8.0, 16.0, 22.0, 20.0, 2.0, 10.0, 16.0, 22.0, 27.0, 34.0]], [[20.0, 16.0, 12.0, 1.0, 0.0, 0.0, 16.0, 19.0, 5.0, 0.0, 0.0, 6.0, 12.0, 15.0, 24.0]]]"
y_box,[20.0 16.0 12.0 0.0 -0.0 -0.0 -0.0 -0.0 -0.0 -0.0 -0.0 -0.0 -0.0 -0.0 -0.0; -0.0 -0.0 -0.0 1.0 5.0 8.0 -0.0 -0.0 -0.0 -0.0 -0.0 -0.0 -0.0 -0.0 -0.0; -0.0 -0.0 -0.0 -0.0 -0.0 -0.0 0.0 -0.0 -0.0 -0.0 -0.0 -0.0 -0.0 -0.0 -0.0; -0.0 -0.0 -0.0 -0.0 -0.0 -0.0 0.0 -0.0 -0.0 -0.0 -0.0 -0.0 -0.0 -0.0 -0.0; -0.0 -0.0 -0.0 -0.0 -0.0 -0.0 0.0 23.0 0.0 -0.0 -0.0 -0.0 -0.0 -0.0 -0.0; -0.0 -0.0 -0.0 -0.0 -0.0 -0.0 -0.0 -0.0 -0.0 12.0 -0.0 -0.0 -0.0 -0.0 -0.0; -0.0 -0.0 -0.0 -0.0 -0.0 -0.0 -0.0 -0.0 -0.0 -0.0 10.0 16.0 22.0 27.0 -0.0; -0.0 -0.0 -0.0 -0.0 -0.0 -0.0 -0.0 -0.0 -0.0 -0.0 -0.0 -0.0 -0.0 -0.0 34.0;;; 1.0 -0.0 -0.0 1.0 5.0 -0.0 -0.0 -0.0 -0.0 19.0 10.0 12.0 -0.0 -0.0 -0.0; 3.0 6.0 4.0 -0.0 -0.0 1.0 -0.0 -0.0 -0.0 -0.0 -0.0 -0.0 -0.0 -0.0 -0.0; -0.0 -0.0 -0.0 -0.0 -0.0 -0.0 -0.0 -0.0 -0.0 -0.0 -0.0 -0.0 -0.0 -0.0 -0.0; -0.0 -0.0 -0.0 -0.0 -0.0 -0.0 -0.0 -0.0 -0.0 -0.0 -0.0 -0.0 -0.0 -0.0 -0.0; 6.0 -0.0 -0.0 -0.0 -0.0 -0.0 16.0 1.0 -0.0 -0.0 -0.0 -0.0 -0.0 -0.0 -0.0; -0.0 -0.0 -0.0 -0.0 5.0 7.0 -0.0 -0.0 -0.0 -0.0 -0.0 -0.0 -0.0 -0.0 -0.0; -0.0 -0.0 -0.0 -0.0 -0.0 -0.0 -0.0 22.0 31.0 -0.0 0.0 -0.0 22.0 0.0 -0.0; -0.0 -0.0 -0.0 -0.0 -0.0 -0.0 -0.0 -0.0 -0.0 -0.0 -0.0 -0.0 0.0 -0.0 34.0]
evol_bb,"[[0.404, 7.067590432068535e6]]"
y_bb,[20.0 16.0 12.0 -0.0 -0.0 -0.0 -0.0 -0.0 -0.0 -0.0 -0.0 -0.0 -0.0 -0.0 -0.0; -0.0 0.0 -0.0 1.0 5.0 8.0 -0.0 -0.0 -0.0 -0.0 -0.0 -0.0 -0.0 -0.0 -0.0; -0.0 -0.0 -0.0 -0.0 -0.0 -0.0 -0.0 0.0 -0.0 -0.0 -0.0 -0.0 -0.0 -0.0 -0.0; -0.0 -0.0 -0.0 -0.0 -0.0 -0.0 -0.0 0.0 -0.0 -0.0 -0.0 -0.0 -0.0 -0.0 -0.0; -0.0 -0.0 -0.0 -0.0 -0.0 -0.0 -0.0 23.0 0.0 -0.0 -0.0 -0.0 -0.0 -0.0 -0.0; -0.0 -0.0 -0.0 -0.0 -0.0 -0.0 -0.0 -0.0 -0.0 12.0 -0.0 -0.0 -0.0 -0.0 -0.0; -0.0 -0.0 -0.0 -0.0 -0.0 -0.0 -0.0 -0.0 -0.0 -0.0 10.0 16.0 22.0 27.0 -0.0; -0.0 -0.0 -0.0 -0.0 -0.0 -0.0 -0.0 -0.0 -0.0 -0.0 -0.0 -0.0 -0.0 -0.0 34.0;;; 10.0 -0.0 -0.0 -0.0 -0.0 -0.0 16.0 19.0 -0.0 -0.0 -0.0 -0.0 -0.0 -0.0 3.0; -0.0 9.0 -0.0 1.0 -0.0 -0.0 -0.0 -0.0 -0.0 -0.0 -0.0 4.0 -0.0 -0.0 -0.0; -0.0 -0.0 -0.0 -0.0 -0.0 -0.0 -0.0 -0.0 0.0 -0.0 -0.0 -0.0 -0.0 -0.0 -0.0; -0.0 -0.0 -0.0 -0.0 -0.0 -0.0 -0.0 -0.0 -0.0 -0.0 -0.0 -0.0 -0.0 -0.0 -0.0; -0.0 -0.0 -0.0 -0.0 -0.0 -0.0 0.0 0.0 -0.0 -0.0 -0.0 2.0 -0.0 -0.0 21.0; -0.0 7.0 -0.0 -0.0 -0.0 -0.0 -0.0 -0.0 5.0 -0.0 -0.0 -0.0 -0.0 -0.0 -0.0; 10.0 -0.0 12.0 -0.0 -0.0 -0.0 -0.0 -0.0 -0.0 -0.0 -0.0 -0.0 12.0 0.0 -0.0; -0.0 -0.0 0.0 0.0 -0.0 -0.0 -0.0 -0.0 -0.0 -0.0 -0.0 -0.0 -0.0 15.0 -0.0]
evol_box,"[[0.466, 0.0], [2.037, 3170.8966533797793], [2.132, 3340.5004809414136], [2.153, 3653.6418725432945], [2.178, 1.0497117955422234e6], [2.392, 4.974337174261874e6], [2.497, 5.105217548491247e6], [2.644, 5.628505641644733e6], [2.857, 5.759322106756405e6], [2.97, 5.759339390788577e6], [3.097, 5.759339390788052e6], [3.272, 6.282625637844837e6], [3.423, 6.283533373646901e6], [3.662, 6.5442982534839995e6], [3.82, 6.6751129558003e6], [4.051, 6.805937741305758e6], [4.346, 6.805937741305759e6], [4.49, 6.805950944246776e6], [4.67, 6.805950944246777e6], [4.842, 6.936764688157656e6], [4.991, 7.067590432068536e6]]"
y_pb,[[20.000000000000004 16.0 12.0 -0.0 -0.0 -0.0 -0.0 -0.0 -0.0 -0.0 -0.0 -0.0 -0.0 -0.0 -0.0; -0.0 -0.0 -0.0 1.0 5.000000000000001 8.0 -0.0 -0.0 -0.0 -0.0 -0.0 -0.0 -0.0 -0.0 -0.0; -0.0 -0.0 -0.0 -0.0 -0.0 -0.0 -0.0 0.0 -0.0 -0.0 -0.0 -0.0 -0.0 -0.0 -0.0; -0.0 -0.0 -0.0 -0.0 -0.0 -0.0 -0.0 0.0 -0.0 -0.0 -0.0 -0.0 -0.0 -0.0 -0.0; -0.0 -0.0 -0.0 -0.0 -0.0 -0.0 -0.0 23.000000000000004 -0.0 -0.0 -0.0 -0.0 -0.0 -0.0 -0.0; -0.0 -0.0 -0.0 -0.0 -0.0 -0.0 -0.0 -0.0 -0.0 12.0 -0.0 -0.0 -0.0 -0.0 -0.0; -0.0 -0.0 -0.0 -0.0 -0.0 -0.0 -0.0 -0.0 -0.0 -0.0 10.000000000000002 16.0 22.0 27.0 -0.0; -0.0 -0.0 -0.0 -0.0 -0.0 -0.0 -0.0 -0.0 -0.0 -0.0 -0.0 -0.0 -0.0 -0.0 34.00000000000001;;;]]
x_bb,"[48.0, 14.0, -0.0, 0.0, 23.0, 12.0, 75.0, 34.0]"
x_box,"[48.0, 14.0, 0.0, 0.0, 23.0, 12.0, 75.0, 34.0]"
evol_zeta,"[[1.708, 34.0], [2.113, 20.0], [2.136, 20.0], [2.157, 12.0], [2.206, 12.0], [2.397, 6.0], [2.527, 7.0], [2.661, 4.0], [2.873, 4.0], [2.974, 5.0], [3.102, 5.0], [3.276, 3.0], [3.428, 3.0], [3.692, 2.0], [3.862, 2.0], [4.055, 2.0], [4.348, 2.0], [4.523, 2.0], [4.672, 2.0], [4.848, 1.0], [5.033, 0.0]]"
ξ_box,[20.0 10.0; 16.0 6.0; 12.0 4.0; 1.0 1.0; 5.0 5.0; 8.0 8.0; 16.0 16.0; 23.0 23.0; 31.0 9.0; 19.0 19.0; 10.0 10.0; 16.0 16.0; 22.0 22.0; 27.0 27.0; 34.0 34.0]
