first,second
s_box,[19.0 -0.0; 39.0 11.0; 27.0 -0.0; -0.0 5.0; -0.0 8.0; -0.0 12.0; -0.0 -0.0; -0.0 -0.0; 0.0 -0.0; -0.0 -0.0; -0.0 16.0; -0.0 14.0; -0.0 18.0; -0.0 -0.0; 33.0 33.0]
x_pb,"[26.0, -0.0, -0.0, -0.0, 39.0, 30.0, 76.0, 38.0]"
s_bb,[19.0 -0.0; 39.0 18.0; 27.0 27.0; -0.0 -0.0; -0.0 -0.0; -0.0 12.0; -0.0 -0.0; -0.0 -0.0; 0.0 28.0; -0.0 18.0; -0.0 -0.0; -0.0 14.0; -0.0 -0.0; -0.0 -0.0; 33.0 -0.0]
partition_bb,"[[[0.0, 0.0, 0.0, 0.0, 0.0, 1.0, 9.0, 26.0, 28.0, 18.0, 16.0, 14.0, 18.0, 20.0, 33.0], [33.0, 17.0, 0.0, 0.0, 0.0, 0.0, 0.0, 0.0, 0.0, 10.0, 12.0, 14.0, 18.0, 20.0, 33.0], [29.0, 10.0, 27.0, 5.0, 8.0, 12.0, 14.0, 17.0, 15.0, 5.0, 6.0, 8.0, 12.0, 14.0, 27.0], [16.0, 35.0, 18.0, 0.0, 0.0, 0.0, 0.0, 17.0, 12.0, 10.0, 12.0, 14.0, 18.0, 20.0, 33.0], [40.0, 21.0, 4.0, 4.0, 4.0, 5.0, 13.0, 30.0, 25.0, 18.0, 16.0, 14.0, 10.0, 8.0, 0.0], [45.0, 26.0, 9.0, 5.0, 3.0, 4.0, 12.0, 29.0, 24.0, 17.0, 15.0, 13.0, 9.0, 7.0, 0.0], [18.0, 37.0, 20.0, 4.0, 4.0, 5.0, 13.0, 30.0, 25.0, 18.0, 16.0, 14.0, 10.0, 8.0, 0.0], [19.0, 38.0, 21.0, 3.0, 3.0, 4.0, 12.0, 29.0, 24.0, 17.0, 15.0, 13.0, 9.0, 7.0, 0.0], [20.0, 39.0, 22.0, 4.0, 4.0, 4.0, 12.0, 29.0, 24.0, 17.0, 15.0, 13.0, 9.0, 7.0, 0.0]], [[45.0, 40.0, 27.0, 5.0, 8.0, 12.0, 14.0, 21.0, 19.0, 9.0, 7.0, 5.0, 1.0, 0.0, 0.0], [21.0, 40.0, 23.0, 5.0, 5.0, 5.0, 0.0, 13.0, 8.0, 10.0, 12.0, 14.0, 16.0, 14.0, 23.0], [43.0, 24.0, 7.0, 5.0, 2.0, 0.0, 8.0, 9.0, 4.0, 10.0, 12.0, 14.0, 18.0, 20.0, 33.0], [42.0, 23.0, 6.0, 2.0, 0.0, 0.0, 6.0, 23.0, 28.0, 18.0, 16.0, 14.0, 16.0, 14.0, 1.0], [21.0, 40.0, 23.0, 5.0, 5.0, 4.0, 11.0, 28.0, 23.0, 16.0, 14.0, 12.0, 8.0, 6.0, 0.0]]]"
y_box,[26.0 -0.0 -0.0 -0.0 -0.0 -0.0 -0.0 -0.0 -0.0 -0.0 -0.0 -0.0 -0.0 -0.0 -0.0; 0.0 -0.0 -0.0 -0.0 -0.0 -0.0 -0.0 -0.0 -0.0 -0.0 -0.0 -0.0 -0.0 -0.0 -0.0; -0.0 -0.0 -0.0 -0.0 -0.0 -0.0 -0.0 -0.0 -0.0 -0.0 -0.0 -0.0 -0.0 -0.0 -0.0; -0.0 -0.0 -0.0 -0.0 -0.0 -0.0 -0.0 -0.0 -0.0 -0.0 -0.0 -0.0 -0.0 -0.0 -0.0; -0.0 -0.0 -0.0 5.0 8.0 12.0 14.0 -0.0 -0.0 -0.0 -0.0 -0.0 -0.0 -0.0 -0.0; -0.0 -0.0 -0.0 -0.0 -0.0 0.0 -0.0 30.0 -0.0 -0.0 -0.0 -0.0 -0.0 -0.0 -0.0; -0.0 -0.0 -0.0 -0.0 -0.0 -0.0 -0.0 0.0 28.0 18.0 16.0 14.0 0.0 0.0 -0.0; -0.0 -0.0 -0.0 -0.0 -0.0 -0.0 -0.0 -0.0 -0.0 -0.0 -0.0 -0.0 18.0 20.0 0.0;;; 6.0 20.0 -0.0 -0.0 -0.0 -0.0 -0.0 -0.0 -0.0 -0.0 -0.0 -0.0 -0.0 -0.0 -0.0; -0.0 -0.0 -0.0 -0.0 -0.0 -0.0 -0.0 -0.0 -0.0 -0.0 -0.0 -0.0 -0.0 -0.0 -0.0; -0.0 0.0 -0.0 -0.0 -0.0 -0.0 -0.0 -0.0 -0.0 -0.0 -0.0 -0.0 -0.0 -0.0 -0.0; 0.0 -0.0 -0.0 -0.0 -0.0 -0.0 -0.0 -0.0 -0.0 -0.0 -0.0 -0.0 -0.0 -0.0 -0.0; 39.0 -0.0 0.0 -0.0 -0.0 -0.0 -0.0 -0.0 -0.0 -0.0 -0.0 -0.0 -0.0 -0.0 -0.0; -0.0 3.0 27.0 -0.0 -0.0 -0.0 -0.0 -0.0 -0.0 -0.0 -0.0 -0.0 -0.0 -0.0 -0.0; -0.0 6.0 -0.0 -0.0 -0.0 -0.0 14.0 -0.0 28.0 8.0 -0.0 -0.0 -0.0 20.0 -0.0; -0.0 -0.0 -0.0 -0.0 -0.0 -0.0 -0.0 28.0 -0.0 10.0 -0.0 -0.0 -0.0 -0.0 -0.0]
evol_bb,"[[0.363, 1.3738167106347077e7], [11.022, 1.362274901906418e7], [14.17, 1.3622749019064179e7], [15.092, 1.3622746137714855e7]]"
y_bb,[26.0 -0.0 -0.0 -0.0 -0.0 -0.0 -0.0 -0.0 -0.0 -0.0 -0.0 -0.0 -0.0 -0.0 -0.0; 0.0 -0.0 -0.0 -0.0 -0.0 -0.0 -0.0 -0.0 -0.0 -0.0 -0.0 -0.0 -0.0 -0.0 -0.0; -0.0 0.0 -0.0 -0.0 -0.0 -0.0 -0.0 -0.0 -0.0 -0.0 -0.0 -0.0 -0.0 -0.0 -0.0; -0.0 -0.0 0.0 0.0 0.0 -0.0 -0.0 -0.0 -0.0 -0.0 -0.0 -0.0 -0.0 -0.0 -0.0; -0.0 -0.0 -0.0 5.0 8.0 12.0 14.0 -0.0 -0.0 -0.0 -0.0 -0.0 -0.0 -0.0 -0.0; -0.0 -0.0 -0.0 -0.0 -0.0 0.0 -0.0 30.0 -0.0 -0.0 -0.0 -0.0 -0.0 -0.0 -0.0; -0.0 -0.0 -0.0 -0.0 -0.0 -0.0 -0.0 0.0 28.0 18.0 16.0 14.0 0.0 0.0 -0.0; -0.0 -0.0 -0.0 -0.0 -0.0 -0.0 -0.0 -0.0 -0.0 0.0 0.0 0.0 18.0 20.0 0.0;;; 0.0 -0.0 -0.0 -0.0 -0.0 -0.0 -0.0 -0.0 -0.0 -0.0 -0.0 -0.0 -0.0 -0.0 26.0; -0.0 -0.0 -0.0 -0.0 -0.0 -0.0 -0.0 -0.0 -0.0 -0.0 -0.0 -0.0 -0.0 -0.0 -0.0; -0.0 -0.0 -0.0 -0.0 -0.0 -0.0 -0.0 0.0 -0.0 -0.0 -0.0 -0.0 -0.0 -0.0 -0.0; 0.0 -0.0 -0.0 -0.0 -0.0 -0.0 -0.0 -0.0 -0.0 -0.0 -0.0 -0.0 -0.0 -0.0 -0.0; -0.0 -0.0 -0.0 5.0 8.0 0.0 6.0 -0.0 -0.0 -0.0 0.0 -0.0 -0.0 20.0 -0.0; -0.0 -0.0 -0.0 -0.0 -0.0 -0.0 -0.0 28.0 -0.0 -0.0 -0.0 0.0 2.0 -0.0 0.0; 45.0 -0.0 -0.0 -0.0 -0.0 -0.0 8.0 -0.0 -0.0 -0.0 16.0 -0.0 -0.0 -0.0 7.0; -0.0 22.0 -0.0 -0.0 -0.0 -0.0 -0.0 -0.0 0.0 -0.0 -0.0 -0.0 16.0 -0.0 -0.0]
evol_box,"[[0.586, 0.0], [2.533, 465596.9599600234], [2.648, 465596.9599600234], [2.678, 8.89059529226357e6], [2.786, 8.89059529226357e6], [2.876, 9.352396426959999e6], [2.998, 1.0852711494107414e7], [3.144, 1.1083598841161449e7], [3.427, 1.119903426633514e7], [3.529, 1.1545263350027177e7], [3.672, 1.1545263350027177e7], [3.817, 1.1891500211797398e7], [3.978, 1.2006960877315428e7], [4.202, 1.2237703707401544e7], [4.428, 1.2583966613298206e7], [4.576, 1.2930240495366786e7], [4.735, 1.293024049536667e7], [4.891, 1.3045650487827087e7], [5.114, 1.3045668228692738e7], [5.293, 1.3161062263185954e7], [5.505, 1.3391904200450419e7], [5.772, 1.3391904200450415e7], [5.976, 1.3391912844498383e7], [6.18, 1.3391913393723749e7], [6.382, 1.3391913393723749e7], [6.659, 1.3391913393723749e7], [6.976, 1.339191339372363e7], [7.245, 1.3391913393723745e7], [7.528, 1.3391921941316077e7], [7.806, 1.3507325169082636e7], [8.154, 1.3507331114856401e7], [8.462, 1.3622746137714855e7], [8.725, 1.3622746137714764e7], [9.086, 1.3622746137714855e7], [9.412, 1.3622746137714855e7]]"
y_pb,[[26.0 -0.0 -0.0 -0.0 -0.0 -0.0 -0.0 -0.0 -0.0 -0.0 -0.0 -0.0 -0.0 -0.0 -0.0; 0.0 -0.0 -0.0 -0.0 -0.0 -0.0 -0.0 -0.0 -0.0 -0.0 -0.0 -0.0 -0.0 -0.0 -0.0; -0.0 0.0 -0.0 -0.0 -0.0 -0.0 -0.0 -0.0 -0.0 -0.0 -0.0 -0.0 -0.0 -0.0 -0.0; -0.0 -0.0 0.0 -0.0 -0.0 -0.0 -0.0 -0.0 -0.0 -0.0 -0.0 -0.0 -0.0 -0.0 -0.0; -0.0 -0.0 -0.0 5.000000000000001 8.0 12.0 14.000000000000002 -0.0 -0.0 -0.0 -0.0 -0.0 -0.0 -0.0 -0.0; -0.0 -0.0 -0.0 -0.0 -0.0 -0.0 -0.0 30.0 -0.0 -0.0 -0.0 -0.0 -0.0 -0.0 -0.0; -0.0 -0.0 -0.0 -0.0 -0.0 -0.0 -0.0 -0.0 28.000000000000004 18.0 16.0 14.000000000000002 -0.0 -0.0 -0.0; -0.0 -0.0 -0.0 -0.0 -0.0 -0.0 -0.0 -0.0 -0.0 -0.0 -0.0 -0.0 18.0 20.000000000000004 -0.0;;;]]
x_bb,"[26.0, 0.0, 0.0, 0.0, 39.0, 30.0, 76.0, 38.0]"
x_box,"[26.0, 0.0, 0.0, 0.0, 39.0, 30.0, 76.0, 38.0]"
evol_zeta,"[[2.118, 45.0], [2.628, 33.0], [2.656, 25.0], [2.684, 12.0], [2.793, 9.0], [2.893, 9.0], [3.016, 9.0], [3.153, 9.0], [3.438, 6.999999999999952], [3.545, 6.785714285714285], [3.678, 5.2857142857142865], [3.823, 5.000000000600011], [3.992, 5.000000000600011], [4.236, 5.0], [4.435, 7.0], [4.621, 5.0], [4.742, 4.0], [4.905, 3.0], [5.12, 4.0], [5.297, 3.0], [5.514, 3.0], [5.78, 1.0000000002000036], [5.984, 3.0], [6.2, 3.0], [6.419, 3.0], [6.675, 3.0], [7.003, 1.7142857142857153], [7.253, 3.0000000000000284], [7.549, 1.0], [7.828, 1.0], [8.212, 0.5714285714285694], [8.472, 1.0000000000000002], [8.735, 1.0], [9.097, 0.5], [9.422, 0.0]]"
ξ_box,[45.0 45.0; 39.0 40.0; 27.0 27.0; 5.0 5.0; 8.0 8.0; 12.0 12.0; 14.0 14.0; 30.0 28.0; 28.0 28.0; 18.0 18.0; 16.0 16.0; 14.0 14.0; 18.0 18.0; 20.0 20.0; 33.0 33.0]
