first,second
s_box,[0.0; 0.0; 0.0; 0.0; 0.0; 0.0; 16.0; 0.0; 31.0; 7.0; 0.0; 0.0; 0.0; 0.0; 0.0;;]
x_pb,"[48.0, 14.0, -0.0, -0.0, 23.0, 12.0, 75.0, 34.0]"
s_bb,[0.0; 0.0; 0.0; 0.0; 0.0; 0.0; 16.0; 0.0; 31.0; 7.0; 0.0; 0.0; 0.0; 0.0; 0.0;;]
partition_bb,"[[[0.0, 0.0, 0.0, 0.0, 0.0, 4.0, 16.0, 23.0, 31.0, 19.0, 10.0, 15.0, 22.0, 27.0, 34.0], [20.0, 16.0, 12.0, 1.0, 5.0, 0.0, 16.0, 19.0, 27.0, 9.0, 0.0, 6.0, 0.0, 0.0, 9.0], [0.0, 4.0, 0.0, 0.0, 0.0, 8.0, 16.0, 23.0, 31.0, 19.0, 10.0, 15.0, 22.0, 27.0, 34.0], [20.0, 16.0, 12.0, 1.0, 5.0, 8.0, 16.0, 23.0, 9.0, 19.0, 10.0, 16.0, 22.0, 17.0, 10.0]]]"
y_box,[20.0 16.0 12.0 -0.0 -0.0 -0.0 -0.0 -0.0 -0.0 -0.0 -0.0 -0.0 -0.0 -0.0 -0.0; -0.0 -0.0 -0.0 1.0 5.0 8.0 -0.0 -0.0 -0.0 -0.0 -0.0 -0.0 -0.0 -0.0 -0.0; -0.0 -0.0 -0.0 -0.0 -0.0 -0.0 -0.0 -0.0 -0.0 -0.0 -0.0 -0.0 -0.0 -0.0 -0.0; -0.0 -0.0 -0.0 -0.0 -0.0 -0.0 -0.0 -0.0 -0.0 -0.0 -0.0 -0.0 -0.0 -0.0 -0.0; -0.0 -0.0 -0.0 -0.0 -0.0 -0.0 0.0 23.0 0.0 -0.0 -0.0 -0.0 -0.0 -0.0 -0.0; -0.0 -0.0 -0.0 -0.0 -0.0 -0.0 -0.0 -0.0 -0.0 12.0 -0.0 -0.0 -0.0 -0.0 -0.0; -0.0 -0.0 -0.0 -0.0 -0.0 -0.0 -0.0 -0.0 -0.0 -0.0 10.0 16.0 22.0 27.0 -0.0; -0.0 -0.0 -0.0 -0.0 -0.0 -0.0 -0.0 -0.0 -0.0 -0.0 -0.0 -0.0 -0.0 -0.0 34.0;;;]
evol_bb,"[[0.266, 7.067590432068536e6]]"
y_bb,[20.0 16.0 12.0 -0.0 -0.0 -0.0 -0.0 -0.0 -0.0 -0.0 -0.0 -0.0 -0.0 -0.0 -0.0; -0.0 -0.0 -0.0 1.0 5.0 8.0 -0.0 -0.0 -0.0 -0.0 -0.0 -0.0 -0.0 -0.0 -0.0; -0.0 -0.0 -0.0 -0.0 -0.0 -0.0 -0.0 -0.0 -0.0 -0.0 -0.0 -0.0 -0.0 -0.0 -0.0; -0.0 -0.0 -0.0 -0.0 -0.0 -0.0 -0.0 -0.0 -0.0 -0.0 -0.0 -0.0 -0.0 -0.0 -0.0; -0.0 -0.0 -0.0 -0.0 -0.0 -0.0 0.0 23.0 0.0 -0.0 -0.0 -0.0 -0.0 -0.0 -0.0; -0.0 -0.0 -0.0 -0.0 -0.0 -0.0 -0.0 -0.0 -0.0 12.0 -0.0 -0.0 -0.0 -0.0 -0.0; -0.0 -0.0 -0.0 -0.0 -0.0 -0.0 -0.0 -0.0 -0.0 -0.0 10.0 16.0 22.0 27.0 -0.0; -0.0 -0.0 -0.0 -0.0 -0.0 -0.0 -0.0 -0.0 -0.0 -0.0 -0.0 -0.0 -0.0 -0.0 34.0;;;]
evol_box,"[[0.468, 0.0], [1.988, 3170.8966534178035], [2.064, 6.41345361356947e6], [2.069, 6.936765646563078e6], [2.074, 7.067590432068536e6]]"
y_pb,[[20.000000000000004 16.0 12.0 -0.0 -0.0 -0.0 -0.0 -0.0 -0.0 -0.0 -0.0 -0.0 -0.0 -0.0 -0.0; -0.0 -0.0 -0.0 1.0 5.000000000000001 8.0 -0.0 -0.0 -0.0 -0.0 -0.0 -0.0 -0.0 -0.0 -0.0; -0.0 -0.0 -0.0 -0.0 -0.0 -0.0 -0.0 0.0 -0.0 -0.0 -0.0 -0.0 -0.0 -0.0 -0.0; -0.0 -0.0 -0.0 -0.0 -0.0 -0.0 -0.0 0.0 -0.0 -0.0 -0.0 -0.0 -0.0 -0.0 -0.0; -0.0 -0.0 -0.0 -0.0 -0.0 -0.0 -0.0 23.000000000000004 -0.0 -0.0 -0.0 -0.0 -0.0 -0.0 -0.0; -0.0 -0.0 -0.0 -0.0 -0.0 -0.0 -0.0 -0.0 -0.0 12.0 -0.0 -0.0 -0.0 -0.0 -0.0; -0.0 -0.0 -0.0 -0.0 -0.0 -0.0 -0.0 -0.0 -0.0 -0.0 10.000000000000002 16.0 22.0 27.0 -0.0; -0.0 -0.0 -0.0 -0.0 -0.0 -0.0 -0.0 -0.0 -0.0 -0.0 -0.0 -0.0 -0.0 -0.0 34.00000000000001;;;]]
x_bb,"[48.0, 14.0, 0.0, 0.0, 23.0, 12.0, 75.0, 34.0]"
x_box,"[48.0, 14.0, 0.0, 0.0, 23.0, 12.0, 75.0, 34.0]"
evol_zeta,"[[1.672, 34.0], [2.062, 20.0], [2.067, 4.0], [2.072, 1.0], [2.102, 0.0]]"
ξ_box,[20.0; 16.0; 12.0; 1.0; 5.0; 8.0; 16.0; 23.0; 31.0; 19.0; 10.0; 16.0; 22.0; 27.0; 34.0;;]
