first,second
s_box,[-0.0 -0.0; -0.0 -0.0; -0.0 -0.0; -0.0 -0.0; -0.0 20.0; 24.0 -0.0; 22.0 22.0; 13.0 13.0; 8.0 8.0; 1.0 -0.0; 0.0 -0.0; -0.0 -0.0; -0.0 -0.0; -0.0 -0.0; -0.0 -0.0]
x_pb,"[64.0, -0.0, 4.0, -0.0, 30.0, 38.0, 34.0, 40.0]"
s_bb,[0.0 -0.0; 0.0 -0.0; 0.0 -0.0; 0.0 -0.0; 0.0 -0.0; 24.0 -0.0; 22.0 -0.0; 13.0 -0.0; 8.0 -0.0; 1.0 -0.0; 0.0 -0.0; 0.0 -0.0; 0.0 -0.0; 0.0 -0.0; 0.0 -0.0]
partition_bb,"[[[15.0, 6.0, 3.0, 2.0, 3.0, 11.0, 22.0, 13.0, 8.0, 1.0, 4.0, 16.0, 33.0, 34.0, 40.0], [15.0, 6.0, 9.0, 10.0, 20.0, 28.0, 10.0, 1.0, 8.0, 1.0, 9.0, 0.0, 14.0, 20.0, 24.0], [9.0, 0.0, 4.0, 7.0, 14.0, 22.0, 4.0, 0.0, 8.0, 1.0, 9.0, 21.0, 38.0, 34.0, 40.0], [3.0, 6.0, 10.0, 13.0, 8.0, 12.0, 4.0, 3.0, 3.0, 1.0, 9.0, 21.0, 16.0, 22.0, 24.0]], Vector{Float64}[]]"
y_box,[15.0 6.0 10.0 13.0 20.0 -0.0 -0.0 -0.0 -0.0 -0.0 -0.0 -0.0 -0.0 -0.0 -0.0; -0.0 -0.0 -0.0 -0.0 -0.0 -0.0 -0.0 -0.0 -0.0 -0.0 -0.0 -0.0 -0.0 -0.0 -0.0; -0.0 -0.0 -0.0 -0.0 -0.0 4.0 0.0 -0.0 -0.0 -0.0 -0.0 -0.0 -0.0 -0.0 -0.0; -0.0 -0.0 -0.0 -0.0 -0.0 -0.0 0.0 0.0 0.0 0.0 -0.0 -0.0 -0.0 -0.0 -0.0; -0.0 -0.0 -0.0 -0.0 -0.0 -0.0 -0.0 -0.0 -0.0 -0.0 9.0 21.0 -0.0 -0.0 -0.0; -0.0 -0.0 -0.0 -0.0 -0.0 -0.0 -0.0 -0.0 -0.0 -0.0 -0.0 -0.0 38.0 -0.0 -0.0; -0.0 -0.0 -0.0 -0.0 -0.0 -0.0 -0.0 -0.0 -0.0 -0.0 -0.0 -0.0 -0.0 34.0 -0.0; -0.0 -0.0 -0.0 -0.0 -0.0 -0.0 -0.0 -0.0 -0.0 -0.0 -0.0 -0.0 -0.0 -0.0 40.0;;; 5.0 6.0 0.0 0.0 20.0 -0.0 -0.0 13.0 8.0 -0.0 9.0 -0.0 -0.0 -0.0 -0.0; -0.0 -0.0 -0.0 -0.0 -0.0 -0.0 -0.0 0.0 -0.0 -0.0 -0.0 -0.0 -0.0 -0.0 -0.0; -0.0 -0.0 -0.0 -0.0 -0.0 -0.0 -0.0 -0.0 -0.0 -0.0 -0.0 4.0 -0.0 -0.0 -0.0; -0.0 -0.0 -0.0 -0.0 -0.0 -0.0 -0.0 -0.0 -0.0 -0.0 -0.0 -0.0 -0.0 -0.0 -0.0; -0.0 -0.0 -0.0 -0.0 -0.0 -0.0 -0.0 -0.0 -0.0 1.0 -0.0 -0.0 8.0 21.0 -0.0; -0.0 -0.0 -0.0 -0.0 -0.0 -0.0 -0.0 -0.0 -0.0 -0.0 -0.0 17.0 6.0 -0.0 15.0; -0.0 -0.0 -0.0 -0.0 -0.0 28.0 -0.0 -0.0 -0.0 1.0 -0.0 -0.0 5.0 -0.0 -0.0; -0.0 -0.0 10.0 13.0 8.0 -0.0 -0.0 -0.0 -0.0 1.0 -0.0 -0.0 8.0 -0.0 -0.0]
evol_bb,"[[0.332, 8.569268816891178e6]]"
y_bb,[15.0 6.0 10.0 13.0 20.0 -0.0 -0.0 -0.0 -0.0 -0.0 -0.0 -0.0 -0.0 -0.0 -0.0; -0.0 -0.0 -0.0 -0.0 -0.0 -0.0 -0.0 -0.0 -0.0 -0.0 -0.0 -0.0 -0.0 -0.0 -0.0; -0.0 -0.0 -0.0 -0.0 -0.0 4.0 0.0 -0.0 -0.0 -0.0 -0.0 -0.0 -0.0 -0.0 -0.0; -0.0 -0.0 -0.0 -0.0 -0.0 -0.0 -0.0 0.0 0.0 0.0 -0.0 -0.0 -0.0 -0.0 -0.0; -0.0 -0.0 -0.0 -0.0 -0.0 -0.0 -0.0 -0.0 -0.0 -0.0 9.0 21.0 -0.0 -0.0 -0.0; -0.0 -0.0 -0.0 -0.0 -0.0 -0.0 -0.0 -0.0 -0.0 -0.0 -0.0 -0.0 38.0 -0.0 -0.0; -0.0 -0.0 -0.0 -0.0 -0.0 -0.0 -0.0 -0.0 -0.0 -0.0 -0.0 -0.0 -0.0 34.0 -0.0; -0.0 -0.0 -0.0 -0.0 -0.0 -0.0 -0.0 -0.0 -0.0 -0.0 -0.0 -0.0 -0.0 -0.0 40.0;;; -0.0 -0.0 -0.0 -0.0 -0.0 -0.0 -0.0 -0.0 -0.0 -0.0 -0.0 -0.0 -0.0 -0.0 -0.0; -0.0 -0.0 -0.0 -0.0 -0.0 -0.0 -0.0 -0.0 -0.0 -0.0 -0.0 -0.0 -0.0 -0.0 -0.0; -0.0 -0.0 -0.0 -0.0 -0.0 -0.0 -0.0 -0.0 -0.0 -0.0 -0.0 -0.0 -0.0 -0.0 -0.0; -0.0 -0.0 -0.0 -0.0 -0.0 -0.0 -0.0 -0.0 -0.0 -0.0 -0.0 -0.0 -0.0 -0.0 -0.0; -0.0 -0.0 -0.0 -0.0 -0.0 -0.0 -0.0 -0.0 -0.0 -0.0 -0.0 -0.0 -0.0 -0.0 -0.0; -0.0 -0.0 -0.0 -0.0 -0.0 -0.0 -0.0 -0.0 -0.0 -0.0 -0.0 -0.0 -0.0 -0.0 -0.0; -0.0 -0.0 -0.0 -0.0 -0.0 -0.0 -0.0 -0.0 -0.0 -0.0 -0.0 -0.0 -0.0 -0.0 -0.0; -0.0 -0.0 -0.0 -0.0 -0.0 -0.0 -0.0 -0.0 -0.0 -0.0 -0.0 -0.0 -0.0 -0.0 -0.0]
evol_box,"[[0.476, 0.0], [2.08, 128690.36988482659], [2.174, 254380.35319569375], [2.217, 4.159546603417862e6], [2.252, 5.1678132233238565e6], [2.317, 7.05752520674532e6], [2.419, 7.05752520674532e6], [2.521, 7.183498753413951e6], [2.607, 7.435429246524919e6], [2.711, 7.939308500680705e6], [2.816, 8.065300563922798e6], [2.932, 8.0653005639228e6], [3.039, 8.065316198314613e6], [3.141, 8.065316198314611e6], [3.263, 8.317284690406988e6], [3.387, 8.317284690406989e6], [3.547, 8.443276753649084e6], [3.692, 8.443276753649084e6], [3.838, 8.443276753649084e6], [3.979, 8.443276753649084e6], [4.134, 8.443276753649082e6], [4.319, 8.443293315344816e6], [4.467, 8.569268816891178e6]]"
y_pb,[[15.0 6.0 10.000000000000002 13.0 20.000000000000004 -0.0 -0.0 -0.0 -0.0 -0.0 -0.0 -0.0 -0.0 -0.0 -0.0; -0.0 -0.0 -0.0 -0.0 -0.0 0.0 -0.0 -0.0 -0.0 -0.0 -0.0 -0.0 -0.0 -0.0 -0.0; -0.0 -0.0 -0.0 -0.0 -0.0 4.0 -0.0 -0.0 -0.0 -0.0 -0.0 -0.0 -0.0 -0.0 -0.0; -0.0 -0.0 -0.0 -0.0 -0.0 -0.0 -0.0 -0.0 0.0 -0.0 -0.0 -0.0 -0.0 -0.0 -0.0; -0.0 -0.0 -0.0 -0.0 -0.0 -0.0 -0.0 -0.0 -0.0 -0.0 9.0 21.0 -0.0 -0.0 -0.0; -0.0 -0.0 -0.0 -0.0 -0.0 -0.0 -0.0 -0.0 -0.0 -0.0 -0.0 -0.0 38.0 -0.0 -0.0; -0.0 -0.0 -0.0 -0.0 -0.0 -0.0 -0.0 -0.0 -0.0 -0.0 -0.0 -0.0 -0.0 34.00000000000001 -0.0; -0.0 -0.0 -0.0 -0.0 -0.0 -0.0 -0.0 -0.0 -0.0 -0.0 -0.0 -0.0 -0.0 -0.0 40.00000000000001;;;]]
x_bb,"[64.0, 0.0, 4.0, 0.0, 30.0, 38.0, 34.0, 40.0]"
x_box,"[64.0, 0.0, 4.0, 0.0, 30.0, 38.0, 34.0, 40.0]"
evol_zeta,"[[1.738, 40.0], [2.156, 17.0], [2.175, 15.0], [2.221, 13.0], [2.256, 5.000000000600011], [2.325, 5.0], [2.424, 5.0], [2.525, 5.0], [2.61, 5.0], [2.717, 5.0], [2.822, 4.0], [2.935, 4.0], [3.044, 2.0], [3.146, 2.0], [3.267, 2.0], [3.39, 2.0], [3.555, 1.0], [3.695, 1.0], [3.847, 1.0], [3.981, 1.0], [4.136, 1.0], [4.322, 0.9230767901000307], [4.47, 0.0]]"
ξ_box,[15.0 5.0; 6.0 6.0; 10.0 10.0; 13.0 13.0; 20.0 20.0; 28.0 24.0; 22.0 22.0; 13.0 13.0; 8.0 8.0; 1.0 1.0; 9.0 9.0; 21.0 21.0; 38.0 27.0; 34.0 21.0; 40.0 15.0]
