first,second
s_box,[0.0; 30.0; 43.0; 39.0; 0.0; 0.0; 0.0; 0.0; 0.0; 0.0; 0.0; 0.0; 0.0; 21.0; 0.0;;]
x_pb,"[68.0, -0.0, -0.0, 64.0, 29.0, 40.0, 26.0, 29.0]"
s_bb,[0.0; 30.0; 43.0; 39.0; 0.0; 0.0; 0.0; 0.0; 0.0; 0.0; 0.0; 0.0; 0.0; 21.0; 0.0;;]
partition_bb,"[[[53.0, 42.0, 39.0, 32.0, 30.0, 26.0, 25.0, 7.0, 7.0, 2.0, 0.0, 0.0, 0.0, 0.0, 0.0], [35.0, 24.0, 21.0, 14.0, 19.0, 25.0, 24.0, 11.0, 6.0, 1.0, 2.0, 11.0, 13.0, 21.0, 29.0], [40.0, 35.0, 34.0, 30.0, 25.0, 16.0, 12.0, 11.0, 12.0, 17.0, 2.0, 0.0, 0.0, 8.0, 16.0], [32.0, 43.0, 42.0, 39.0, 34.0, 24.0, 22.0, 11.0, 4.0, 3.0, 2.0, 0.0, 0.0, 0.0, 0.0], [22.0, 33.0, 36.0, 29.0, 34.0, 25.0, 29.0, 11.0, 12.0, 17.0, 2.0, 0.0, 0.0, 8.0, 0.0], [26.0, 37.0, 36.0, 29.0, 34.0, 30.0, 26.0, 11.0, 10.0, 15.0, 2.0, 0.0, 0.0, 0.0, 0.0], [34.0, 45.0, 42.0, 35.0, 33.0, 26.0, 22.0, 10.0, 6.0, 5.0, 0.0, 0.0, 0.0, 0.0, 0.0], [29.0, 40.0, 43.0, 36.0, 34.0, 25.0, 21.0, 11.0, 5.0, 4.0, 0.0, 0.0, 0.0, 0.0, 0.0]]]"
y_box,[53.0 15.0 0.0 -0.0 -0.0 -0.0 -0.0 -0.0 -0.0 -0.0 -0.0 -0.0 -0.0 -0.0 -0.0; -0.0 -0.0 -0.0 -0.0 -0.0 -0.0 -0.0 -0.0 -0.0 -0.0 -0.0 -0.0 -0.0 -0.0 -0.0; -0.0 -0.0 -0.0 -0.0 -0.0 -0.0 -0.0 -0.0 -0.0 -0.0 -0.0 -0.0 -0.0 -0.0 -0.0; -0.0 -0.0 -0.0 0.0 34.0 30.0 -0.0 -0.0 -0.0 -0.0 -0.0 -0.0 -0.0 -0.0 -0.0; -0.0 -0.0 -0.0 -0.0 -0.0 -0.0 29.0 -0.0 -0.0 -0.0 -0.0 -0.0 -0.0 -0.0 -0.0; -0.0 -0.0 -0.0 -0.0 -0.0 -0.0 -0.0 11.0 12.0 17.0 -0.0 -0.0 -0.0 -0.0 -0.0; -0.0 -0.0 -0.0 -0.0 -0.0 -0.0 -0.0 -0.0 -0.0 -0.0 2.0 11.0 13.0 -0.0 -0.0; -0.0 -0.0 -0.0 -0.0 -0.0 -0.0 -0.0 -0.0 -0.0 -0.0 -0.0 -0.0 -0.0 0.0 29.0;;;]
evol_bb,"[[0.293, 1.7233388478922248e7]]"
y_bb,[53.0 15.0 0.0 -0.0 -0.0 -0.0 -0.0 -0.0 -0.0 -0.0 -0.0 -0.0 -0.0 -0.0 -0.0; -0.0 -0.0 -0.0 -0.0 -0.0 -0.0 -0.0 -0.0 -0.0 -0.0 -0.0 -0.0 -0.0 -0.0 -0.0; -0.0 -0.0 -0.0 -0.0 -0.0 -0.0 -0.0 -0.0 -0.0 -0.0 -0.0 -0.0 -0.0 -0.0 -0.0; -0.0 -0.0 -0.0 0.0 34.0 30.0 -0.0 -0.0 -0.0 -0.0 -0.0 -0.0 -0.0 -0.0 -0.0; -0.0 -0.0 -0.0 -0.0 -0.0 -0.0 29.0 -0.0 -0.0 -0.0 -0.0 -0.0 -0.0 -0.0 -0.0; -0.0 -0.0 -0.0 -0.0 -0.0 -0.0 -0.0 11.0 12.0 17.0 -0.0 -0.0 -0.0 -0.0 -0.0; -0.0 -0.0 -0.0 -0.0 -0.0 -0.0 -0.0 -0.0 -0.0 -0.0 2.0 11.0 13.0 -0.0 -0.0; -0.0 -0.0 -0.0 -0.0 -0.0 -0.0 -0.0 -0.0 -0.0 -0.0 -0.0 -0.0 -0.0 0.0 29.0;;;]
evol_box,"[[0.467, 0.0], [1.936, 909758.6386194889], [2.007, 1.179215387237116e7], [2.014, 1.4383184877758246e7], [2.02, 1.5290083438789193e7], [2.027, 1.5808284188069325e7], [2.034, 1.6326489917891301e7], [2.04, 1.684471766705184e7], [2.048, 1.7233388478922248e7]]"
y_pb,[[53.00000000000001 15.0 -0.0 -0.0 -0.0 -0.0 -0.0 -0.0 -0.0 -0.0 -0.0 -0.0 -0.0 -0.0 -0.0; -0.0 0.0 -0.0 -0.0 -0.0 -0.0 -0.0 -0.0 -0.0 -0.0 -0.0 -0.0 -0.0 -0.0 -0.0; -0.0 0.0 -0.0 -0.0 -0.0 -0.0 -0.0 -0.0 -0.0 -0.0 -0.0 -0.0 -0.0 -0.0 -0.0; -0.0 -0.0 -0.0 -0.0 34.00000000000001 30.0 -0.0 -0.0 -0.0 -0.0 -0.0 -0.0 -0.0 -0.0 -0.0; -0.0 -0.0 -0.0 -0.0 -0.0 -0.0 29.0 -0.0 -0.0 -0.0 -0.0 -0.0 -0.0 -0.0 -0.0; -0.0 -0.0 -0.0 -0.0 -0.0 -0.0 -0.0 11.0 12.0 17.000000000000004 -0.0 -0.0 -0.0 -0.0 -0.0; -0.0 -0.0 -0.0 -0.0 -0.0 -0.0 -0.0 -0.0 -0.0 -0.0 2.0 11.0 13.0 -0.0 -0.0; -0.0 -0.0 -0.0 -0.0 -0.0 -0.0 -0.0 -0.0 -0.0 -0.0 -0.0 -0.0 -0.0 -0.0 29.0;;;]]
x_bb,"[68.0, 0.0, 0.0, 64.0, 29.0, 40.0, 26.0, 29.0]"
x_box,"[68.0, 0.0, 0.0, 64.0, 29.0, 40.0, 26.0, 29.0]"
evol_zeta,"[[1.629, 52.3], [2.005, 29.0], [2.013, 7.0], [2.018, 7.0], [2.025, 4.0], [2.032, 4.0], [2.038, 4.0], [2.046, 2.799999999999997], [2.053, 0.0]]"
ξ_box,[53.0; 45.0; 43.0; 39.0; 34.0; 30.0; 29.0; 11.0; 12.0; 17.0; 2.0; 11.0; 13.0; 21.0; 29.0;;]
