first,second
s_box,[0.0; 0.0; 0.0; 0.0; 26.0; 33.0; 33.0; 26.0; 36.0; 42.0; 42.0; 37.0; 0.0; 0.0; 0.0;;]
x_pb,"[52.0, 60.0, -0.0, -0.0, -0.0, -0.0, 1.0, 122.0]"
s_bb,[0.0; 0.0; 0.0; 0.0; 26.0; 33.0; 33.0; 26.0; 36.0; 42.0; 42.0; 37.0; 0.0; 0.0; 0.0;;]
partition_bb,"[[[4.0, 0.0, 0.0, 8.0, 16.0, 9.0, 9.0, 1.0, 11.0, 18.0, 18.0, 22.0, 35.0, 40.0, 47.0], [20.0, 24.0, 26.0, 34.0, 26.0, 21.0, 21.0, 13.0, 3.0, 0.0, 0.0, 0.0, 7.0, 14.0, 28.0], [0.0, 2.0, 4.0, 5.0, 11.0, 18.0, 18.0, 26.0, 36.0, 28.0, 28.0, 32.0, 19.0, 12.0, 0.0], [0.0, 0.0, 0.0, 8.0, 0.0, 0.0, 0.0, 2.0, 12.0, 40.0, 42.0, 38.0, 31.0, 38.0, 24.0], [8.0, 12.0, 14.0, 20.0, 26.0, 33.0, 33.0, 25.0, 15.0, 14.0, 12.0, 10.0, 11.0, 4.0, 0.0], [28.0, 24.0, 22.0, 14.0, 8.0, 1.0, 1.0, 0.0, 10.0, 12.0, 14.0, 16.0, 29.0, 36.0, 22.0], [13.0, 9.0, 7.0, 0.0, 0.0, 0.0, 0.0, 4.0, 14.0, 42.0, 40.0, 38.0, 25.0, 18.0, 26.0]]]"
y_box,[28.0 24.0 -0.0 -0.0 -0.0 -0.0 -0.0 -0.0 -0.0 -0.0 -0.0 -0.0 -0.0 -0.0 -0.0; -0.0 -0.0 26.0 34.0 0.0 -0.0 -0.0 -0.0 -0.0 -0.0 -0.0 -0.0 -0.0 -0.0 -0.0; -0.0 -0.0 -0.0 -0.0 -0.0 0.0 -0.0 -0.0 -0.0 -0.0 -0.0 -0.0 -0.0 -0.0 -0.0; -0.0 -0.0 -0.0 -0.0 -0.0 -0.0 -0.0 0.0 0.0 -0.0 -0.0 -0.0 -0.0 -0.0 -0.0; -0.0 -0.0 -0.0 -0.0 -0.0 -0.0 -0.0 -0.0 -0.0 -0.0 -0.0 -0.0 -0.0 -0.0 -0.0; -0.0 -0.0 -0.0 -0.0 -0.0 -0.0 -0.0 -0.0 -0.0 -0.0 -0.0 -0.0 -0.0 -0.0 -0.0; -0.0 -0.0 -0.0 -0.0 -0.0 -0.0 -0.0 -0.0 -0.0 0.0 0.0 1.0 -0.0 -0.0 -0.0; -0.0 -0.0 -0.0 -0.0 -0.0 -0.0 -0.0 -0.0 -0.0 -0.0 -0.0 -0.0 35.0 40.0 47.0;;;]
evol_bb,"[[0.318, 3.3873066643406674e7]]"
y_bb,[28.0 24.0 -0.0 -0.0 -0.0 -0.0 -0.0 -0.0 -0.0 -0.0 -0.0 -0.0 -0.0 -0.0 -0.0; -0.0 -0.0 26.0 34.0 0.0 -0.0 -0.0 -0.0 -0.0 -0.0 -0.0 -0.0 -0.0 -0.0 -0.0; -0.0 -0.0 -0.0 -0.0 -0.0 0.0 -0.0 -0.0 -0.0 -0.0 -0.0 -0.0 -0.0 -0.0 -0.0; -0.0 -0.0 -0.0 -0.0 -0.0 -0.0 -0.0 0.0 0.0 -0.0 -0.0 -0.0 -0.0 -0.0 -0.0; -0.0 -0.0 -0.0 -0.0 -0.0 -0.0 -0.0 -0.0 -0.0 -0.0 -0.0 -0.0 -0.0 -0.0 -0.0; -0.0 -0.0 -0.0 -0.0 -0.0 -0.0 -0.0 -0.0 -0.0 -0.0 -0.0 -0.0 -0.0 -0.0 -0.0; -0.0 -0.0 -0.0 -0.0 -0.0 -0.0 -0.0 -0.0 -0.0 0.0 0.0 1.0 -0.0 -0.0 -0.0; -0.0 -0.0 -0.0 -0.0 -0.0 -0.0 -0.0 -0.0 -0.0 -0.0 -0.0 -0.0 35.0 40.0 47.0;;;]
evol_box,"[[0.402, 0.0], [1.973, 372999.9211766327], [2.06, 1.9216419471961062e7], [2.09, 2.6852736657755014e7], [2.096, 3.214885635072765e7], [2.103, 3.3626733535603434e7], [2.109, 3.3873066643406674e7]]"
y_pb,[[28.000000000000004 24.0 -0.0 -0.0 -0.0 -0.0 -0.0 -0.0 -0.0 -0.0 -0.0 -0.0 -0.0 -0.0 -0.0; -0.0 -0.0 26.0 34.00000000000001 -0.0 -0.0 -0.0 -0.0 -0.0 -0.0 -0.0 -0.0 -0.0 -0.0 -0.0; -0.0 -0.0 -0.0 -0.0 -0.0 0.0 -0.0 -0.0 -0.0 -0.0 -0.0 -0.0 -0.0 -0.0 -0.0; -0.0 -0.0 -0.0 -0.0 -0.0 -0.0 -0.0 -0.0 0.0 -0.0 -0.0 -0.0 -0.0 -0.0 -0.0; -0.0 -0.0 -0.0 -0.0 -0.0 -0.0 -0.0 -0.0 -0.0 -0.0 -0.0 0.0 -0.0 -0.0 -0.0; -0.0 -0.0 -0.0 -0.0 -0.0 -0.0 -0.0 -0.0 -0.0 -0.0 -0.0 0.0 -0.0 -0.0 -0.0; -0.0 -0.0 -0.0 -0.0 -0.0 -0.0 -0.0 -0.0 -0.0 -0.0 -0.0 1.0 -0.0 -0.0 -0.0; -0.0 -0.0 -0.0 -0.0 -0.0 -0.0 -0.0 -0.0 -0.0 -0.0 -0.0 -0.0 35.0 40.00000000000001 47.0;;;]]
x_bb,"[52.0, 60.0, 0.0, 0.0, 0.0, 0.0, 1.0, 122.0]"
x_box,"[52.0, 60.0, 0.0, 0.0, 0.0, 0.0, 1.0, 122.0]"
evol_zeta,"[[1.653, 47.0], [2.057, 26.0], [2.088, 24.0], [2.094, 16.0], [2.101, 8.0], [2.107, 2.0], [2.132, 0.0]]"
ξ_box,[28.0; 24.0; 26.0; 34.0; 26.0; 33.0; 33.0; 26.0; 36.0; 42.0; 42.0; 38.0; 35.0; 40.0; 47.0;;]
