first,second
s_box,[16.0; 0.0; 31.0; 22.0; 14.0; 16.0; 19.0; 24.0; 0.0; 28.0;;]
x_pb,"[28.0, -0.0, 0.0, -0.0, -0.0, -0.0, 26.0, 1.0]"
s_bb,[16.0; 0.0; 31.0; 22.0; 14.0; 16.0; 19.0; 24.0; 0.0; 28.0;;]
partition_bb,"[[[3.0, 15.0, 31.0, 4.0, 2.0, 1.0, 0.0, 0.0, 0.0, 0.0], [0.0, 0.0, 0.0, 0.0, 0.0, 0.0, 0.0, 7.0, 21.0, 29.0], [0.0, 0.0, 0.0, 5.0, 13.0, 15.0, 19.0, 3.0, 0.0, 0.0], [0.0, 0.0, 0.0, 2.0, 4.0, 5.0, 8.0, 24.0, 10.0, 2.0], [0.0, 0.0, 0.0, 22.0, 14.0, 12.0, 8.0, 0.0, 0.0, 0.0], [16.0, 3.0, 0.0, 0.0, 0.0, 0.0, 0.0, 0.0, 0.0, 0.0], [15.0, 28.0, 12.0, 0.0, 0.0, 0.0, 0.0, 0.0, 0.0, 0.0], [0.0, 0.0, 0.0, 0.0, 0.0, 0.0, 1.0, 12.0, 26.0, 18.0], [0.0, 0.0, 0.0, 6.0, 14.0, 16.0, 18.0, 2.0, 0.0, 0.0]]]"
y_box,[0.0 28.0 -0.0 -0.0 -0.0 -0.0 -0.0 -0.0 -0.0 -0.0; -0.0 -0.0 -0.0 -0.0 -0.0 -0.0 -0.0 -0.0 -0.0 -0.0; -0.0 -0.0 0.0 -0.0 -0.0 -0.0 -0.0 -0.0 -0.0 -0.0; -0.0 -0.0 -0.0 -0.0 -0.0 -0.0 -0.0 -0.0 -0.0 -0.0; -0.0 -0.0 -0.0 0.0 0.0 0.0 0.0 -0.0 -0.0 -0.0; -0.0 -0.0 -0.0 -0.0 -0.0 -0.0 -0.0 0.0 -0.0 -0.0; -0.0 -0.0 -0.0 -0.0 -0.0 -0.0 -0.0 -0.0 26.0 -0.0; -0.0 -0.0 -0.0 -0.0 -0.0 -0.0 -0.0 -0.0 -0.0 1.0;;;]
evol_bb,"[[0.389, 1.925755682079942e7]]"
y_bb,[0.0 28.0 -0.0 -0.0 -0.0 -0.0 -0.0 -0.0 -0.0 -0.0; -0.0 -0.0 -0.0 -0.0 -0.0 -0.0 -0.0 -0.0 -0.0 -0.0; -0.0 -0.0 0.0 -0.0 -0.0 -0.0 -0.0 -0.0 -0.0 -0.0; -0.0 -0.0 -0.0 -0.0 -0.0 -0.0 -0.0 -0.0 -0.0 -0.0; -0.0 -0.0 -0.0 0.0 0.0 0.0 0.0 -0.0 -0.0 -0.0; -0.0 -0.0 -0.0 -0.0 -0.0 -0.0 -0.0 0.0 -0.0 -0.0; -0.0 -0.0 -0.0 -0.0 -0.0 -0.0 -0.0 -0.0 26.0 -0.0; -0.0 -0.0 -0.0 -0.0 -0.0 -0.0 -0.0 -0.0 -0.0 1.0;;;]
evol_box,"[[0.394, 0.0], [1.914, 113913.76057269525], [2.0, 6.57045522953288e6], [2.019, 1.1667984042595146e7], [2.038, 1.3593717149752004e7], [2.058, 1.5632728674976911e7], [2.076, 1.846464281170547e7], [2.096, 1.9030999984663323e7], [2.116, 1.9144278402731374e7], [2.139, 1.925755682079942e7]]"
y_pb,[[-0.0 28.000000000000004 -0.0 -0.0 -0.0 -0.0 -0.0 -0.0 -0.0 -0.0; -0.0 -0.0 0.0 -0.0 -0.0 -0.0 -0.0 -0.0 -0.0 -0.0; -0.0 -0.0 -0.0 -0.0 -0.0 -0.0 -0.0 -0.0 -0.0 -0.0; -0.0 -0.0 -0.0 0.0 -0.0 -0.0 -0.0 -0.0 -0.0 -0.0; -0.0 -0.0 -0.0 0.0 -0.0 -0.0 -0.0 -0.0 -0.0 -0.0; -0.0 -0.0 -0.0 -0.0 -0.0 -0.0 -0.0 0.0 -0.0 -0.0; -0.0 -0.0 -0.0 -0.0 -0.0 -0.0 -0.0 -0.0 26.0 -0.0; -0.0 -0.0 -0.0 -0.0 -0.0 -0.0 -0.0 -0.0 -0.0 1.0;;;]]
x_bb,"[28.0, 0.0, 0.0, 0.0, 0.0, 0.0, 26.0, 1.0]"
x_box,"[28.0, 0.0, 0.0, 0.0, 0.0, 0.0, 26.0, 1.0]"
evol_zeta,"[[1.571, 30.833333333333332], [1.999, 28.33333333333333], [2.017, 19.0], [2.037, 17.0], [2.056, 16.75], [2.075, 13.0], [2.094, 4.500000000000001], [2.115, 1.0], [2.138, 1.0], [2.141, 0.0]]"
ξ_box,[16.0; 28.0; 31.0; 22.0; 14.0; 16.0; 19.0; 24.0; 26.0; 29.0;;]
