first,second
s_box,[3.0; 0.0; 18.0; 17.0; 7.0; 10.0; 4.0; 19.0; 13.0; 6.0;;]
x_pb,"[-0.0, 34.0, -0.0, -0.0, -0.0, -0.0, -0.0, 0.0]"
s_bb,[3.0; 0.0; 18.0; 17.0; 7.0; 10.0; 4.0; 19.0; 13.0; 6.0;;]
partition_bb,"[[[11.0, 23.0, 0.0, 0.0, 0.0, 0.0, 0.0, 0.0, 0.0, 0.0], [0.0, 0.0, 0.0, 0.0, 0.0, 0.0, 3.0, 19.0, 11.0, 4.0], [0.0, 0.0, 18.0, 9.0, 5.0, 2.0, 0.0, 0.0, 0.0, 0.0], [0.0, 0.0, 0.0, 0.0, 7.0, 10.0, 0.0, 0.0, 0.0, 0.0], [0.0, 0.0, 8.0, 17.0, 7.0, 4.0, 0.0, 0.0, 0.0, 0.0], [14.0, 2.0, 0.0, 0.0, 0.0, 0.0, 0.0, 0.0, 0.0, 0.0], [0.0, 0.0, 0.0, 0.0, 0.0, 0.0, 0.0, 0.0, 0.0, 6.0], [0.0, 10.0, 0.0, 0.0, 0.0, 0.0, 0.0, 5.0, 13.0, 6.0], [0.0, 12.0, 13.0, 5.0, 0.0, 0.0, 4.0, 0.0, 0.0, 0.0]]]"
y_box,[-0.0 -0.0 -0.0 -0.0 -0.0 -0.0 -0.0 -0.0 -0.0 -0.0; 11.0 23.0 -0.0 -0.0 -0.0 -0.0 -0.0 -0.0 -0.0 -0.0; -0.0 -0.0 0.0 -0.0 -0.0 -0.0 -0.0 -0.0 -0.0 -0.0; -0.0 -0.0 -0.0 -0.0 -0.0 -0.0 -0.0 -0.0 -0.0 -0.0; -0.0 -0.0 -0.0 0.0 0.0 0.0 -0.0 -0.0 -0.0 -0.0; -0.0 -0.0 -0.0 -0.0 -0.0 -0.0 0.0 -0.0 -0.0 -0.0; -0.0 -0.0 -0.0 -0.0 -0.0 -0.0 -0.0 -0.0 -0.0 -0.0; -0.0 -0.0 -0.0 -0.0 -0.0 -0.0 -0.0 -0.0 0.0 0.0;;;]
evol_bb,"[[0.281, 1.17451993328485e7]]"
y_bb,[-0.0 -0.0 -0.0 -0.0 -0.0 -0.0 -0.0 -0.0 -0.0 -0.0; 11.0 23.0 -0.0 -0.0 -0.0 -0.0 -0.0 -0.0 -0.0 -0.0; -0.0 -0.0 0.0 -0.0 -0.0 -0.0 -0.0 -0.0 -0.0 -0.0; -0.0 -0.0 -0.0 -0.0 -0.0 -0.0 -0.0 -0.0 -0.0 -0.0; -0.0 -0.0 -0.0 0.0 0.0 0.0 -0.0 -0.0 -0.0 -0.0; -0.0 -0.0 -0.0 -0.0 -0.0 -0.0 0.0 -0.0 -0.0 -0.0; -0.0 -0.0 -0.0 -0.0 -0.0 -0.0 -0.0 -0.0 -0.0 -0.0; -0.0 -0.0 -0.0 -0.0 -0.0 -0.0 -0.0 -0.0 0.0 0.0;;;]
evol_box,"[[0.425, 0.0], [2.072, 185.53975315279473], [2.148, 4.480242347428698e6], [2.153, 8.597051305833254e6], [2.158, 9.807877470069887e6], [2.162, 1.0776538401459193e7], [2.166, 1.1139786250730183e7], [2.17, 1.17451993328485e7]]"
y_pb,[[0.0 -0.0 -0.0 -0.0 -0.0 -0.0 -0.0 -0.0 -0.0 -0.0; 11.0 23.000000000000004 -0.0 -0.0 -0.0 -0.0 -0.0 -0.0 -0.0 -0.0; -0.0 0.0 -0.0 -0.0 -0.0 -0.0 -0.0 -0.0 -0.0 -0.0; -0.0 -0.0 -0.0 0.0 -0.0 -0.0 -0.0 -0.0 -0.0 -0.0; -0.0 -0.0 -0.0 0.0 -0.0 -0.0 -0.0 -0.0 -0.0 -0.0; -0.0 -0.0 -0.0 -0.0 -0.0 -0.0 0.0 -0.0 -0.0 -0.0; -0.0 -0.0 -0.0 -0.0 -0.0 -0.0 -0.0 0.0 -0.0 -0.0; -0.0 -0.0 -0.0 -0.0 -0.0 -0.0 -0.0 -0.0 -0.0 0.0;;;]]
x_bb,"[0.0, 34.0, 0.0, 0.0, 0.0, 0.0, 0.0, 0.0]"
x_box,"[0.0, 34.0, 0.0, 0.0, 0.0, 0.0, 0.0, 0.0]"
evol_zeta,"[[1.702, 23.0], [2.145, 18.25], [2.151, 18.0], [2.156, 8.0], [2.161, 7.5], [2.164, 3.0], [2.168, 2.0], [2.171, 0.0]]"
ξ_box,[14.0; 23.0; 18.0; 17.0; 7.0; 10.0; 4.0; 19.0; 13.0; 6.0;;]
