first,second
s_box,[32.0; 31.0; 26.0; 23.0; 21.0; 0.0; 0.0; 17.0; 34.0; 38.0;;]
x_pb,"[0.0, -0.0, -0.0, 26.0, 24.0, 8.0, -0.0, -0.0]"
s_bb,[32.0; 31.0; 26.0; 23.0; 21.0; 0.0; 0.0; 17.0; 34.0; 38.0;;]
partition_bb,"[[[0.0, 0.0, 0.0, 0.0, 0.0, 0.0, 0.0, 0.0, 21.0, 38.0], [32.0, 25.0, 3.0, 0.0, 0.0, 0.0, 0.0, 0.0, 0.0, 0.0], [0.0, 0.0, 0.0, 0.0, 0.0, 26.0, 18.0, 14.0, 0.0, 0.0], [0.0, 0.0, 16.0, 23.0, 19.0, 0.0, 0.0, 0.0, 0.0, 0.0], [0.0, 0.0, 0.0, 0.0, 0.0, 0.0, 3.0, 7.0, 34.0, 17.0], [0.0, 0.0, 0.0, 0.0, 0.0, 13.0, 20.0, 25.0, 0.0, 0.0], [0.0, 0.0, 26.0, 19.0, 15.0, 0.0, 0.0, 0.0, 0.0, 0.0], [24.0, 31.0, 4.0, 1.0, 1.0, 0.0, 0.0, 0.0, 0.0, 0.0], [0.0, 0.0, 0.0, 0.0, 0.0, 16.0, 24.0, 19.0, 0.0, 0.0], [0.0, 0.0, 15.0, 22.0, 21.0, 0.0, 0.0, 0.0, 0.0, 0.0]]]"
y_box,[0.0 -0.0 -0.0 -0.0 -0.0 -0.0 -0.0 -0.0 -0.0 -0.0; -0.0 0.0 0.0 0.0 -0.0 -0.0 -0.0 -0.0 -0.0 -0.0; -0.0 -0.0 -0.0 -0.0 -0.0 -0.0 -0.0 -0.0 -0.0 -0.0; -0.0 -0.0 -0.0 -0.0 0.0 26.0 -0.0 -0.0 -0.0 -0.0; -0.0 -0.0 -0.0 -0.0 -0.0 -0.0 24.0 -0.0 -0.0 -0.0; -0.0 -0.0 -0.0 -0.0 -0.0 -0.0 -0.0 8.0 -0.0 -0.0; -0.0 -0.0 -0.0 -0.0 -0.0 -0.0 -0.0 -0.0 0.0 -0.0; -0.0 -0.0 -0.0 -0.0 -0.0 -0.0 -0.0 -0.0 -0.0 0.0;;;]
evol_bb,"[[0.322, 2.7913118833928503e7]]"
y_bb,[0.0 -0.0 -0.0 -0.0 -0.0 -0.0 -0.0 -0.0 -0.0 -0.0; -0.0 0.0 0.0 0.0 -0.0 -0.0 -0.0 -0.0 -0.0 -0.0; -0.0 -0.0 -0.0 -0.0 -0.0 -0.0 -0.0 -0.0 -0.0 -0.0; -0.0 -0.0 -0.0 -0.0 0.0 26.0 -0.0 -0.0 -0.0 -0.0; -0.0 -0.0 -0.0 -0.0 -0.0 -0.0 24.0 -0.0 -0.0 -0.0; -0.0 -0.0 -0.0 -0.0 -0.0 -0.0 -0.0 8.0 -0.0 -0.0; -0.0 -0.0 -0.0 -0.0 -0.0 -0.0 -0.0 -0.0 0.0 -0.0; -0.0 -0.0 -0.0 -0.0 -0.0 -0.0 -0.0 -0.0 -0.0 0.0;;;]
evol_box,"[[0.453, 0.0], [2.202, 126362.20392421265], [2.284, 7.670258682685891e6], [2.291, 1.4962545671097888e7], [2.296, 2.187790719454697e7], [2.302, 2.3512447190998573e7], [2.308, 2.5146982866483074e7], [2.314, 2.6404321325291995e7], [2.32, 2.7158724400577348e7], [2.324, 2.766165114216672e7], [2.33, 2.7913118833928503e7]]"
y_pb,[[-0.0 -0.0 -0.0 -0.0 -0.0 -0.0 -0.0 -0.0 -0.0 -0.0; -0.0 0.0 -0.0 -0.0 -0.0 -0.0 -0.0 -0.0 -0.0 -0.0; -0.0 -0.0 -0.0 -0.0 -0.0 0.0 -0.0 -0.0 -0.0 -0.0; -0.0 -0.0 -0.0 -0.0 -0.0 26.0 -0.0 -0.0 -0.0 -0.0; -0.0 -0.0 -0.0 -0.0 -0.0 -0.0 24.0 -0.0 -0.0 -0.0; -0.0 -0.0 -0.0 -0.0 -0.0 -0.0 -0.0 8.0 -0.0 -0.0; -0.0 -0.0 -0.0 -0.0 -0.0 -0.0 -0.0 -0.0 -0.0 0.0; -0.0 -0.0 -0.0 -0.0 -0.0 -0.0 -0.0 -0.0 -0.0 0.0;;;]]
x_bb,"[0.0, 0.0, 0.0, 26.0, 24.0, 8.0, 0.0, 0.0]"
x_box,"[0.0, 0.0, 0.0, 26.0, 24.0, 8.0, 0.0, 0.0]"
evol_zeta,"[[1.807, 37.5], [2.282, 31.333333333333343], [2.289, 26.0], [2.295, 23.0], [2.301, 12.25], [2.306, 11.0], [2.312, 9.333333333333336], [2.319, 5.399999999999999], [2.323, 3.6666666666666643], [2.328, 2.0], [2.332, 0.0]]"
ξ_box,[32.0; 31.0; 26.0; 23.0; 21.0; 26.0; 24.0; 25.0; 34.0; 38.0;;]
