first,second
s_box,[0.0; 0.0; 0.0; 5.0; 29.0; 25.0; 21.0; 22.0; 22.0; 0.0;;]
x_pb,"[13.0, 11.0, -0.0, 19.0, -0.0, -0.0, -0.0, 16.0]"
s_bb,[0.0; 0.0; 0.0; 5.0; 29.0; 25.0; 21.0; 22.0; 22.0; 0.0;;]
partition_bb,"[[[0.0, 0.0, 0.0, 14.0, 29.0, 14.0, 3.0, 2.0, 0.0, 0.0], [0.0, 0.0, 0.0, 0.0, 0.0, 2.0, 13.0, 14.0, 22.0, 9.0], [13.0, 1.0, 0.0, 0.0, 0.0, 0.0, 11.0, 14.0, 6.0, 16.0], [0.0, 0.0, 0.0, 0.0, 10.0, 25.0, 12.0, 9.0, 5.0, 0.0], [13.0, 1.0, 10.0, 0.0, 0.0, 0.0, 10.0, 7.0, 3.0, 16.0], [13.0, 1.0, 10.0, 24.0, 9.0, 0.0, 0.0, 0.0, 0.0, 2.0], [0.0, 0.0, 0.0, 0.0, 0.0, 8.0, 21.0, 18.0, 12.0, 0.0], [0.0, 0.0, 0.0, 0.0, 0.0, 6.0, 19.0, 22.0, 14.0, 2.0]]]"
y_box,[13.0 -0.0 -0.0 -0.0 -0.0 -0.0 -0.0 -0.0 -0.0 -0.0; -0.0 1.0 10.0 -0.0 -0.0 -0.0 -0.0 -0.0 -0.0 -0.0; -0.0 -0.0 -0.0 -0.0 -0.0 -0.0 -0.0 -0.0 -0.0 -0.0; -0.0 -0.0 -0.0 19.0 0.0 -0.0 -0.0 -0.0 -0.0 -0.0; -0.0 -0.0 -0.0 -0.0 -0.0 0.0 0.0 0.0 -0.0 -0.0; -0.0 -0.0 -0.0 -0.0 -0.0 -0.0 -0.0 -0.0 0.0 -0.0; -0.0 -0.0 -0.0 -0.0 -0.0 -0.0 -0.0 -0.0 -0.0 -0.0; -0.0 -0.0 -0.0 -0.0 -0.0 -0.0 -0.0 -0.0 -0.0 16.0;;;]
evol_bb,"[[0.293, 1.5400910068100981e7]]"
y_bb,[13.0 -0.0 -0.0 -0.0 -0.0 -0.0 -0.0 -0.0 -0.0 -0.0; -0.0 1.0 10.0 -0.0 -0.0 -0.0 -0.0 -0.0 -0.0 -0.0; -0.0 -0.0 -0.0 -0.0 -0.0 -0.0 -0.0 -0.0 -0.0 -0.0; -0.0 -0.0 -0.0 19.0 0.0 -0.0 -0.0 -0.0 -0.0 -0.0; -0.0 -0.0 -0.0 -0.0 -0.0 0.0 0.0 0.0 -0.0 -0.0; -0.0 -0.0 -0.0 -0.0 -0.0 -0.0 -0.0 -0.0 0.0 -0.0; -0.0 -0.0 -0.0 -0.0 -0.0 -0.0 -0.0 -0.0 -0.0 -0.0; -0.0 -0.0 -0.0 -0.0 -0.0 -0.0 -0.0 -0.0 -0.0 16.0;;;]
evol_box,"[[0.487, 0.0], [2.199, 373390.8458136705], [2.284, 6.955658241890495e6], [2.289, 9.812048679087605e6], [2.294, 1.117822033740877e7], [2.3, 1.2420172631293613e7], [2.305, 1.3910541713098522e7], [2.309, 1.4904120374166014e7], [2.312, 1.5400910068100981e7]]"
y_pb,[[13.0 -0.0 -0.0 -0.0 -0.0 -0.0 -0.0 -0.0 -0.0 -0.0; -0.0 1.0 10.000000000000002 -0.0 -0.0 -0.0 -0.0 -0.0 -0.0 -0.0; -0.0 -0.0 0.0 -0.0 -0.0 -0.0 -0.0 -0.0 -0.0 -0.0; -0.0 -0.0 -0.0 19.0 -0.0 -0.0 -0.0 -0.0 -0.0 -0.0; -0.0 -0.0 -0.0 -0.0 -0.0 -0.0 0.0 -0.0 -0.0 -0.0; -0.0 -0.0 -0.0 -0.0 -0.0 -0.0 -0.0 -0.0 0.0 -0.0; -0.0 -0.0 -0.0 -0.0 -0.0 -0.0 -0.0 -0.0 0.0 -0.0; -0.0 -0.0 -0.0 -0.0 -0.0 -0.0 -0.0 -0.0 -0.0 16.0;;;]]
x_bb,"[13.0, 11.0, 0.0, 19.0, 0.0, 0.0, 0.0, 16.0]"
x_box,"[13.0, 11.0, 0.0, 19.0, 0.0, 0.0, 0.0, 16.0]"
evol_zeta,"[[1.738, 28.4], [2.282, 21.8], [2.288, 13.0], [2.293, 10.600000000000001], [2.298, 10.0], [2.303, 8.0], [2.307, 8.0], [2.311, 3.1999999999999993], [2.316, 0.0]]"
ξ_box,[13.0; 1.0; 10.0; 24.0; 29.0; 25.0; 21.0; 22.0; 22.0; 16.0;;]
