first,second
s_box,[31.0; 12.0; 26.0; 0.0; 22.0; 10.0; 17.0; 18.0; 19.0; 26.0;;]
x_pb,"[0.0, -0.0, 39.0, 0.0, -0.0, -0.0, -0.0, 9.0]"
s_bb,[31.0; 12.0; 26.0; 0.0; 22.0; 10.0; 17.0; 18.0; 19.0; 26.0;;]
partition_bb,"[[[0.0, 0.0, 10.0, 39.0, 0.0, 0.0, 0.0, 0.0, 0.0, 0.0], [31.0, 12.0, 5.0, 0.0, 0.0, 0.0, 0.0, 0.0, 0.0, 0.0], [0.0, 0.0, 0.0, 0.0, 0.0, 0.0, 4.0, 7.0, 11.0, 26.0], [0.0, 0.0, 0.0, 0.0, 22.0, 16.0, 8.0, 5.0, 1.0, 0.0], [0.0, 12.0, 26.0, 0.0, 6.0, 0.0, 1.0, 4.0, 0.0, 0.0], [0.0, 0.0, 0.0, 0.0, 1.0, 3.0, 15.0, 18.0, 12.0, 0.0], [0.0, 0.0, 0.0, 0.0, 0.0, 0.0, 12.0, 13.0, 19.0, 4.0], [0.0, 5.0, 0.0, 0.0, 13.0, 19.0, 7.0, 4.0, 0.0, 0.0], [0.0, 0.0, 0.0, 0.0, 3.0, 5.0, 17.0, 14.0, 10.0, 0.0]]]"
y_box,[0.0 0.0 -0.0 -0.0 -0.0 -0.0 -0.0 -0.0 -0.0 -0.0; -0.0 -0.0 0.0 -0.0 -0.0 -0.0 -0.0 -0.0 -0.0 -0.0; -0.0 -0.0 -0.0 39.0 -0.0 -0.0 -0.0 -0.0 -0.0 -0.0; -0.0 -0.0 -0.0 -0.0 -0.0 -0.0 -0.0 -0.0 -0.0 -0.0; -0.0 -0.0 -0.0 -0.0 -0.0 -0.0 -0.0 -0.0 -0.0 -0.0; -0.0 -0.0 -0.0 -0.0 0.0 -0.0 -0.0 -0.0 -0.0 -0.0; -0.0 -0.0 -0.0 -0.0 -0.0 9.0 0.0 -0.0 -0.0 -0.0; -0.0 -0.0 -0.0 -0.0 -0.0 -0.0 -0.0 0.0 -0.0 0.0;;;]
evol_bb,"[[0.294, 2.1633180981246118e7]]"
y_bb,[0.0 0.0 -0.0 -0.0 -0.0 -0.0 -0.0 -0.0 -0.0 -0.0; -0.0 -0.0 0.0 -0.0 -0.0 -0.0 -0.0 -0.0 -0.0 -0.0; -0.0 -0.0 -0.0 39.0 -0.0 -0.0 -0.0 -0.0 -0.0 -0.0; -0.0 -0.0 -0.0 -0.0 -0.0 -0.0 -0.0 -0.0 -0.0 -0.0; -0.0 -0.0 -0.0 -0.0 -0.0 -0.0 -0.0 -0.0 -0.0 -0.0; -0.0 -0.0 -0.0 -0.0 0.0 -0.0 -0.0 -0.0 -0.0 -0.0; -0.0 -0.0 -0.0 -0.0 -0.0 9.0 0.0 -0.0 -0.0 -0.0; -0.0 -0.0 -0.0 -0.0 -0.0 -0.0 -0.0 0.0 -0.0 0.0;;;]
evol_box,"[[0.408, 0.0], [1.985, 119648.8728245642], [2.061, 5.8565581644817e6], [2.066, 1.0995912299859907e7], [2.071, 1.6015746958491603e7], [2.076, 1.7928064923684627e7], [2.081, 2.0198942507351346e7], [2.086, 2.1035581617123295e7], [2.09, 2.139414123559699e7], [2.094, 2.1633180981246118e7]]"
y_pb,[[-0.0 -0.0 -0.0 -0.0 -0.0 -0.0 -0.0 -0.0 -0.0 -0.0; -0.0 -0.0 0.0 -0.0 -0.0 -0.0 -0.0 -0.0 -0.0 -0.0; -0.0 -0.0 -0.0 39.0 -0.0 -0.0 -0.0 -0.0 -0.0 -0.0; -0.0 -0.0 -0.0 -0.0 -0.0 -0.0 -0.0 -0.0 -0.0 -0.0; -0.0 -0.0 -0.0 -0.0 0.0 -0.0 -0.0 -0.0 -0.0 -0.0; -0.0 -0.0 -0.0 -0.0 0.0 -0.0 -0.0 -0.0 -0.0 -0.0; -0.0 -0.0 -0.0 -0.0 -0.0 0.0 -0.0 -0.0 -0.0 -0.0; -0.0 -0.0 -0.0 -0.0 -0.0 -0.0 -0.0 -0.0 9.0 -0.0;;;]]
x_bb,"[0.0, 0.0, 39.0, 0.0, 0.0, 0.0, 9.0, 0.0]"
x_box,"[0.0, 0.0, 39.0, 0.0, 0.0, 0.0, 9.0, 0.0]"
evol_zeta,"[[1.635, 38.5], [2.06, 31.0], [2.065, 26.0], [2.07, 21.200000000000003], [2.075, 16.0], [2.08, 10.8], [2.085, 7.0], [2.089, 3.0], [2.092, 1.8000000000000007], [2.098, 0.0]]"
ξ_box,[31.0; 12.0; 26.0; 39.0; 22.0; 19.0; 17.0; 18.0; 19.0; 26.0;;]
