first,second
s_box,[34.0; 14.0; 20.0; 20.0; 20.0; 28.0; 30.0; 27.0; 2.0; 0.0;;]
x_pb,"[0.0, -0.0, -0.0, -0.0, -0.0, -0.0, -0.0, 48.0]"
s_bb,[34.0; 14.0; 20.0; 20.0; 20.0; 28.0; 30.0; 27.0; 2.0; 0.0;;]
partition_bb,"[[[34.0, 11.0, 4.0, 0.0, 0.0, 0.0, 0.0, 0.0, 0.0, 0.0], [0.0, 0.0, 0.0, 0.0, 0.0, 9.0, 30.0, 11.0, 0.0, 0.0], [0.0, 0.0, 0.0, 0.0, 0.0, 0.0, 0.0, 0.0, 23.0, 25.0], [0.0, 2.0, 8.0, 17.0, 20.0, 1.0, 0.0, 0.0, 0.0, 0.0], [0.0, 0.0, 0.0, 6.0, 9.0, 28.0, 7.0, 2.0, 0.0, 0.0], [0.0, 0.0, 0.0, 0.0, 0.0, 1.0, 8.0, 27.0, 0.0, 0.0], [0.0, 13.0, 20.0, 8.0, 8.0, 0.0, 0.0, 0.0, 0.0, 0.0], [0.0, 3.0, 8.0, 20.0, 17.0, 0.0, 0.0, 0.0, 0.0, 0.0], [0.0, 0.0, 0.0, 0.0, 0.0, 0.0, 0.0, 0.0, 25.0, 23.0], [0.0, 14.0, 7.0, 0.0, 0.0, 0.0, 0.0, 0.0, 0.0, 0.0]]]"
y_box,[0.0 -0.0 -0.0 -0.0 -0.0 -0.0 -0.0 -0.0 -0.0 -0.0; -0.0 0.0 0.0 -0.0 -0.0 -0.0 -0.0 -0.0 -0.0 -0.0; -0.0 -0.0 -0.0 -0.0 -0.0 -0.0 -0.0 -0.0 -0.0 -0.0; -0.0 -0.0 -0.0 0.0 0.0 0.0 -0.0 -0.0 -0.0 -0.0; -0.0 -0.0 -0.0 -0.0 -0.0 -0.0 0.0 0.0 -0.0 -0.0; -0.0 -0.0 -0.0 -0.0 -0.0 -0.0 -0.0 -0.0 -0.0 -0.0; -0.0 -0.0 -0.0 -0.0 -0.0 -0.0 -0.0 -0.0 -0.0 -0.0; -0.0 -0.0 -0.0 -0.0 -0.0 -0.0 -0.0 -0.0 23.0 25.0;;;]
evol_bb,"[[0.309, 2.3420442520834185e7]]"
y_bb,[0.0 -0.0 -0.0 -0.0 -0.0 -0.0 -0.0 -0.0 -0.0 -0.0; -0.0 0.0 0.0 -0.0 -0.0 -0.0 -0.0 -0.0 -0.0 -0.0; -0.0 -0.0 -0.0 -0.0 -0.0 -0.0 -0.0 -0.0 -0.0 -0.0; -0.0 -0.0 -0.0 0.0 0.0 0.0 -0.0 -0.0 -0.0 -0.0; -0.0 -0.0 -0.0 -0.0 -0.0 -0.0 0.0 0.0 -0.0 -0.0; -0.0 -0.0 -0.0 -0.0 -0.0 -0.0 -0.0 -0.0 -0.0 -0.0; -0.0 -0.0 -0.0 -0.0 -0.0 -0.0 -0.0 -0.0 -0.0 -0.0; -0.0 -0.0 -0.0 -0.0 -0.0 -0.0 -0.0 -0.0 23.0 25.0;;;]
evol_box,"[[0.443, 0.0], [2.166, 120550.3446660065], [2.25, 6.125756419398163e6], [2.256, 1.1890446857348444e7], [2.263, 1.6814715838628814e7], [2.267, 1.909669414702703e7], [2.272, 2.1018360090941325e7], [2.276, 2.2699817791866325e7], [2.282, 2.3060130156350255e7], [2.286, 2.330033839933954e7], [2.289, 2.3420442520834185e7]]"
y_pb,[[0.0 -0.0 -0.0 -0.0 -0.0 -0.0 -0.0 -0.0 -0.0 -0.0; -0.0 0.0 -0.0 -0.0 -0.0 -0.0 -0.0 -0.0 -0.0 -0.0; -0.0 -0.0 -0.0 0.0 -0.0 -0.0 -0.0 -0.0 -0.0 -0.0; -0.0 -0.0 -0.0 -0.0 0.0 -0.0 -0.0 -0.0 -0.0 -0.0; -0.0 -0.0 -0.0 -0.0 -0.0 -0.0 -0.0 0.0 -0.0 -0.0; -0.0 -0.0 -0.0 -0.0 -0.0 -0.0 -0.0 -0.0 0.0 -0.0; -0.0 -0.0 -0.0 -0.0 -0.0 -0.0 -0.0 -0.0 0.0 -0.0; -0.0 -0.0 -0.0 -0.0 -0.0 -0.0 -0.0 -0.0 23.0 25.000000000000004;;;]]
x_bb,"[0.0, 0.0, 0.0, 0.0, 0.0, 0.0, 0.0, 48.0]"
x_box,"[0.0, 0.0, 0.0, 0.0, 0.0, 0.0, 0.0, 48.0]"
evol_zeta,"[[1.78, 33.66666666666667], [2.248, 29.33333333333333], [2.255, 25.0], [2.261, 20.0], [2.266, 18.2], [2.27, 16.0], [2.275, 11.75], [2.281, 3.0], [2.284, 2.0], [2.288, 1.0], [2.291, 0.0]]"
ξ_box,[34.0; 14.0; 20.0; 20.0; 20.0; 28.0; 30.0; 27.0; 25.0; 25.0;;]
