first,second
s_box,[0.0; 0.0; 0.0; 33.0; 3.0; 22.0; 22.0; 25.0; 31.0; 37.0;;]
x_pb,"[19.0, 24.0, -0.0, 22.0, -0.0, -0.0, -0.0, -0.0]"
s_bb,[0.0; 0.0; 0.0; 33.0; 3.0; 22.0; 22.0; 25.0; 31.0; 37.0;;]
partition_bb,"[[[0.0, 0.0, 0.0, 0.0, 0.0, 0.0, 0.0, 6.0, 24.0, 37.0], [1.0, 9.0, 14.0, 33.0, 5.0, 5.0, 2.0, 0.0, 0.0, 0.0], [0.0, 0.0, 0.0, 0.0, 13.0, 19.0, 22.0, 12.0, 0.0, 0.0], [0.0, 0.0, 0.0, 0.0, 6.0, 12.0, 15.0, 25.0, 7.0, 0.0], [0.0, 0.0, 0.0, 0.0, 25.0, 19.0, 16.0, 6.0, 0.0, 0.0], [4.0, 8.0, 24.0, 5.0, 0.0, 0.0, 0.0, 1.0, 19.0, 6.0], [0.0, 0.0, 0.0, 0.0, 0.0, 0.0, 3.0, 13.0, 31.0, 18.0], [4.0, 15.0, 24.0, 5.0, 0.0, 0.0, 0.0, 0.0, 2.0, 15.0], [0.0, 0.0, 0.0, 0.0, 16.0, 22.0, 19.0, 9.0, 0.0, 0.0]]]"
y_box,[4.0 15.0 -0.0 -0.0 -0.0 -0.0 -0.0 -0.0 -0.0 -0.0; -0.0 -0.0 24.0 -0.0 -0.0 -0.0 -0.0 -0.0 -0.0 -0.0; -0.0 -0.0 -0.0 0.0 -0.0 -0.0 -0.0 -0.0 -0.0 -0.0; -0.0 -0.0 -0.0 -0.0 22.0 -0.0 -0.0 -0.0 -0.0 -0.0; -0.0 -0.0 -0.0 -0.0 -0.0 0.0 0.0 0.0 -0.0 -0.0; -0.0 -0.0 -0.0 -0.0 -0.0 -0.0 -0.0 -0.0 -0.0 -0.0; -0.0 -0.0 -0.0 -0.0 -0.0 -0.0 -0.0 -0.0 -0.0 -0.0; -0.0 -0.0 -0.0 -0.0 -0.0 -0.0 -0.0 -0.0 0.0 0.0;;;]
evol_bb,"[[0.344, 1.9482079689998314e7]]"
y_bb,[4.0 15.0 -0.0 -0.0 -0.0 -0.0 -0.0 -0.0 -0.0 -0.0; -0.0 -0.0 24.0 -0.0 -0.0 -0.0 -0.0 -0.0 -0.0 -0.0; -0.0 -0.0 -0.0 0.0 -0.0 -0.0 -0.0 -0.0 -0.0 -0.0; -0.0 -0.0 -0.0 -0.0 22.0 -0.0 -0.0 -0.0 -0.0 -0.0; -0.0 -0.0 -0.0 -0.0 -0.0 0.0 0.0 0.0 -0.0 -0.0; -0.0 -0.0 -0.0 -0.0 -0.0 -0.0 -0.0 -0.0 -0.0 -0.0; -0.0 -0.0 -0.0 -0.0 -0.0 -0.0 -0.0 -0.0 -0.0 -0.0; -0.0 -0.0 -0.0 -0.0 -0.0 -0.0 -0.0 -0.0 0.0 0.0;;;]
evol_box,"[[0.39, 0.0], [2.067, 226327.1516653973], [2.15, 7.99602801267521e6], [2.163, 1.3401224848426037e7], [2.17, 1.554081382764611e7], [2.184, 1.7680320549602464e7], [2.197, 1.846859017352565e7], [2.21, 1.9144249851174094e7], [2.223, 1.9482079689998314e7]]"
y_pb,[[4.0 15.0 -0.0 -0.0 -0.0 -0.0 -0.0 -0.0 -0.0 -0.0; -0.0 -0.0 24.0 -0.0 -0.0 -0.0 -0.0 -0.0 -0.0 -0.0; -0.0 -0.0 -0.0 0.0 -0.0 -0.0 -0.0 -0.0 -0.0 -0.0; -0.0 -0.0 -0.0 -0.0 22.0 -0.0 -0.0 -0.0 -0.0 -0.0; -0.0 -0.0 -0.0 -0.0 -0.0 -0.0 0.0 -0.0 -0.0 -0.0; -0.0 -0.0 -0.0 -0.0 -0.0 -0.0 -0.0 0.0 -0.0 -0.0; -0.0 -0.0 -0.0 -0.0 -0.0 -0.0 -0.0 0.0 -0.0 -0.0; -0.0 -0.0 -0.0 -0.0 -0.0 -0.0 -0.0 -0.0 -0.0 0.0;;;]]
x_bb,"[19.0, 24.0, 0.0, 22.0, 0.0, 0.0, 0.0, 0.0]"
x_box,"[19.0, 24.0, 0.0, 22.0, 0.0, 0.0, 0.0, 0.0]"
evol_zeta,"[[1.735, 36.333333333333336], [2.149, 32.42857142857143], [2.162, 19.75], [2.168, 19.0], [2.182, 10.0], [2.196, 7.0], [2.208, 5.75], [2.222, 2.75], [2.236, 0.0]]"
ξ_box,[4.0; 15.0; 24.0; 33.0; 25.0; 22.0; 22.0; 25.0; 31.0; 37.0;;]
