first,second
s_box,[23.0; 0.0; 15.0; 8.0; 19.0; 18.0; 13.0; 6.0; 14.0; 17.0;;]
x_pb,"[-0.0, -0.0, 29.0, -0.0, -0.0, -0.0, 11.0, -0.0]"
s_bb,[23.0; 0.0; 15.0; 8.0; 19.0; 18.0; 13.0; 6.0; 14.0; 17.0;;]
partition_bb,"[[[8.0, 29.0, 3.0, 0.0, 0.0, 0.0, 0.0, 0.0, 0.0, 0.0], [0.0, 0.0, 0.0, 0.0, 19.0, 16.0, 5.0, 2.0, 0.0, 0.0], [0.0, 0.0, 0.0, 0.0, 0.0, 0.0, 0.0, 3.0, 14.0, 17.0], [23.0, 2.0, 0.0, 0.0, 0.0, 0.0, 0.0, 0.0, 0.0, 0.0], [0.0, 0.0, 0.0, 0.0, 0.0, 2.0, 12.0, 17.0, 6.0, 3.0], [0.0, 17.0, 15.0, 8.0, 0.0, 0.0, 0.0, 0.0, 0.0, 0.0], [0.0, 0.0, 0.0, 0.0, 15.0, 18.0, 6.0, 3.0, 0.0, 0.0], [0.0, 18.0, 0.0, 0.0, 0.0, 1.0, 13.0, 8.0, 0.0, 0.0]]]"
y_box,[0.0 -0.0 -0.0 -0.0 -0.0 -0.0 -0.0 -0.0 -0.0 -0.0; -0.0 -0.0 -0.0 -0.0 -0.0 -0.0 -0.0 -0.0 -0.0 -0.0; -0.0 29.0 -0.0 -0.0 -0.0 -0.0 -0.0 -0.0 -0.0 -0.0; -0.0 -0.0 0.0 0.0 -0.0 -0.0 -0.0 -0.0 -0.0 -0.0; -0.0 -0.0 -0.0 -0.0 0.0 0.0 -0.0 -0.0 -0.0 -0.0; -0.0 -0.0 -0.0 -0.0 -0.0 -0.0 0.0 -0.0 -0.0 -0.0; -0.0 -0.0 -0.0 -0.0 -0.0 -0.0 -0.0 11.0 0.0 -0.0; -0.0 -0.0 -0.0 -0.0 -0.0 -0.0 -0.0 -0.0 -0.0 0.0;;;]
evol_bb,"[[0.281, 1.6291950400882013e7]]"
y_bb,[0.0 -0.0 -0.0 -0.0 -0.0 -0.0 -0.0 -0.0 -0.0 -0.0; -0.0 -0.0 -0.0 -0.0 -0.0 -0.0 -0.0 -0.0 -0.0 -0.0; -0.0 29.0 -0.0 -0.0 -0.0 -0.0 -0.0 -0.0 -0.0 -0.0; -0.0 -0.0 0.0 0.0 -0.0 -0.0 -0.0 -0.0 -0.0 -0.0; -0.0 -0.0 -0.0 -0.0 0.0 0.0 -0.0 -0.0 -0.0 -0.0; -0.0 -0.0 -0.0 -0.0 -0.0 -0.0 0.0 -0.0 -0.0 -0.0; -0.0 -0.0 -0.0 -0.0 -0.0 -0.0 -0.0 11.0 0.0 -0.0; -0.0 -0.0 -0.0 -0.0 -0.0 -0.0 -0.0 -0.0 -0.0 0.0;;;]
evol_box,"[[0.401, 0.0], [1.924, 171.13513519021453], [2.005, 5.144927161970149e6], [2.017, 9.799730167061511e6], [2.029, 1.1882143430561338e7], [2.041, 1.4454526933088047e7], [2.053, 1.592446570732322e7], [2.065, 1.6169455503029082e7], [2.079, 1.6291950400882013e7]]"
y_pb,[[0.0 -0.0 -0.0 -0.0 -0.0 -0.0 -0.0 -0.0 -0.0 -0.0; -0.0 0.0 -0.0 -0.0 -0.0 -0.0 -0.0 -0.0 -0.0 -0.0; -0.0 29.0 -0.0 -0.0 -0.0 -0.0 -0.0 -0.0 -0.0 -0.0; -0.0 -0.0 0.0 -0.0 -0.0 -0.0 -0.0 -0.0 -0.0 -0.0; -0.0 -0.0 -0.0 -0.0 0.0 -0.0 -0.0 -0.0 -0.0 -0.0; -0.0 -0.0 -0.0 -0.0 -0.0 -0.0 0.0 -0.0 -0.0 -0.0; -0.0 -0.0 -0.0 -0.0 -0.0 -0.0 -0.0 11.0 -0.0 -0.0; -0.0 -0.0 -0.0 -0.0 -0.0 -0.0 -0.0 0.0 -0.0 -0.0;;;]]
x_bb,"[0.0, 0.0, 29.0, 0.0, 0.0, 0.0, 11.0, 0.0]"
x_box,"[0.0, 0.0, 29.0, 0.0, 0.0, 0.0, 11.0, 0.0]"
evol_zeta,"[[1.588, 29.0], [2.003, 18.5], [2.015, 17.0], [2.028, 15.0], [2.04, 14.0], [2.051, 12.0], [2.064, 1.5], [2.077, 1.0], [2.08, 0.0]]"
ξ_box,[23.0; 29.0; 15.0; 8.0; 19.0; 18.0; 13.0; 17.0; 14.0; 17.0;;]
