first,second
s_box,[31.0; 3.0; 17.0; 23.0; 20.0; 19.0; 21.0; 1.0; 0.0; 24.0;;]
x_pb,"[-0.0, -0.0, -0.0, -0.0, -0.0, -0.0, 23.0, 22.0]"
s_bb,[31.0; 3.0; 17.0; 23.0; 20.0; 19.0; 21.0; 1.0; 0.0; 24.0;;]
partition_bb,"[[[31.0, 3.0, 1.0, 10.0, 0.0, 0.0, 0.0, 0.0, 0.0, 0.0], [0.0, 0.0, 0.0, 0.0, 0.0, 0.0, 0.0, 4.0, 17.0, 24.0], [0.0, 0.0, 0.0, 0.0, 9.0, 13.0, 21.0, 3.0, 0.0, 0.0], [0.0, 0.0, 0.0, 0.0, 0.0, 0.0, 6.0, 24.0, 11.0, 4.0], [0.0, 0.0, 17.0, 8.0, 4.0, 8.0, 0.0, 0.0, 8.0, 1.0], [0.0, 0.0, 14.0, 23.0, 4.0, 4.0, 0.0, 0.0, 0.0, 0.0], [0.0, 0.0, 0.0, 1.0, 20.0, 16.0, 8.0, 0.0, 0.0, 0.0], [0.0, 0.0, 0.0, 0.0, 0.0, 0.0, 0.0, 9.0, 22.0, 15.0], [0.0, 0.0, 0.0, 0.0, 15.0, 19.0, 11.0, 0.0, 0.0, 0.0]]]"
y_box,[0.0 -0.0 -0.0 -0.0 -0.0 -0.0 -0.0 -0.0 -0.0 -0.0; -0.0 -0.0 0.0 -0.0 -0.0 -0.0 -0.0 -0.0 -0.0 -0.0; -0.0 -0.0 -0.0 -0.0 -0.0 -0.0 -0.0 -0.0 -0.0 -0.0; -0.0 -0.0 -0.0 0.0 -0.0 -0.0 -0.0 -0.0 -0.0 -0.0; -0.0 -0.0 -0.0 -0.0 -0.0 -0.0 -0.0 -0.0 -0.0 -0.0; -0.0 -0.0 -0.0 -0.0 0.0 0.0 0.0 -0.0 -0.0 -0.0; -0.0 -0.0 -0.0 -0.0 -0.0 -0.0 -0.0 23.0 -0.0 -0.0; -0.0 -0.0 -0.0 -0.0 -0.0 -0.0 -0.0 -0.0 22.0 0.0;;;]
evol_bb,"[[0.362, 1.982014989500444e7]]"
y_bb,[0.0 -0.0 -0.0 -0.0 -0.0 -0.0 -0.0 -0.0 -0.0 -0.0; -0.0 -0.0 0.0 -0.0 -0.0 -0.0 -0.0 -0.0 -0.0 -0.0; -0.0 -0.0 -0.0 -0.0 -0.0 -0.0 -0.0 -0.0 -0.0 -0.0; -0.0 -0.0 -0.0 0.0 -0.0 -0.0 -0.0 -0.0 -0.0 -0.0; -0.0 -0.0 -0.0 -0.0 -0.0 -0.0 -0.0 -0.0 -0.0 -0.0; -0.0 -0.0 -0.0 -0.0 0.0 0.0 0.0 -0.0 -0.0 -0.0; -0.0 -0.0 -0.0 -0.0 -0.0 -0.0 -0.0 23.0 -0.0 -0.0; -0.0 -0.0 -0.0 -0.0 -0.0 -0.0 -0.0 -0.0 22.0 0.0;;;]
evol_box,"[[0.509, 0.0], [2.452, 1106.552683051221], [2.549, 5.609899049107174e6], [2.556, 1.096991416102617e7], [2.562, 1.3462940931930866e7], [2.568, 1.5457365159621654e7], [2.575, 1.707783484462042e7], [2.582, 1.882295604384986e7], [2.588, 1.944619535231242e7], [2.593, 1.982014989500444e7]]"
y_pb,[[-0.0 0.0 -0.0 -0.0 -0.0 -0.0 -0.0 -0.0 -0.0 -0.0; -0.0 -0.0 0.0 -0.0 -0.0 -0.0 -0.0 -0.0 -0.0 -0.0; -0.0 -0.0 0.0 -0.0 -0.0 -0.0 -0.0 -0.0 -0.0 -0.0; -0.0 -0.0 -0.0 0.0 -0.0 -0.0 -0.0 -0.0 -0.0 -0.0; -0.0 -0.0 -0.0 0.0 -0.0 -0.0 -0.0 -0.0 -0.0 -0.0; -0.0 -0.0 -0.0 -0.0 -0.0 -0.0 -0.0 0.0 -0.0 -0.0; -0.0 -0.0 -0.0 -0.0 -0.0 -0.0 -0.0 23.0 -0.0 -0.0; -0.0 -0.0 -0.0 -0.0 -0.0 -0.0 -0.0 -0.0 22.0 -0.0;;;]]
x_bb,"[0.0, 0.0, 0.0, 0.0, 0.0, 0.0, 23.0, 22.0]"
x_box,"[0.0, 0.0, 0.0, 0.0, 0.0, 0.0, 23.0, 22.0]"
evol_zeta,"[[2.005, 31.0], [2.547, 24.000000002500002], [2.554, 20.75], [2.56, 20.0], [2.567, 16.000000000000014], [2.573, 13.0], [2.58, 11.0], [2.586, 4.666666666666668], [2.591, 3.0], [2.596, 0.0]]"
ξ_box,[31.0; 3.0; 17.0; 23.0; 20.0; 19.0; 21.0; 24.0; 22.0; 24.0;;]
