first,second
s_box,[0.0; 0.0; 21.0; 21.0; 18.0; 15.0; 21.0; 24.0; 28.0; 37.0;;]
x_pb,"[49.0, -0.0, 3.0, -0.0, -0.0, -0.0, -0.0, -0.0]"
s_bb,[0.0; 0.0; 21.0; 21.0; 18.0; 15.0; 21.0; 24.0; 28.0; 37.0;;]
partition_bb,"[[[0.0, 0.0, 0.0, 0.0, 0.0, 0.0, 0.0, 5.0, 11.0, 37.0], [25.0, 23.0, 4.0, 2.0, 0.0, 0.0, 0.0, 0.0, 0.0, 0.0], [0.0, 2.0, 3.0, 0.0, 0.0, 17.0, 21.0, 9.0, 1.0, 0.0], [0.0, 0.0, 18.0, 21.0, 14.0, 0.0, 0.0, 0.0, 0.0, 0.0], [0.0, 0.0, 0.0, 0.0, 0.0, 3.0, 3.0, 20.0, 28.0, 2.0], [0.0, 0.0, 9.0, 11.0, 18.0, 0.0, 4.0, 0.0, 0.0, 0.0], [0.0, 0.0, 0.0, 0.0, 0.0, 7.0, 7.0, 24.0, 16.0, 0.0], [0.0, 2.0, 21.0, 18.0, 12.0, 0.0, 0.0, 0.0, 0.0, 0.0], [0.0, 0.0, 0.0, 0.0, 0.0, 18.0, 14.0, 8.0, 0.0, 0.0], [22.0, 24.0, 5.0, 3.0, 0.0, 0.0, 0.0, 0.0, 0.0, 0.0]]]"
y_box,[25.0 24.0 -0.0 -0.0 -0.0 -0.0 -0.0 -0.0 -0.0 -0.0; -0.0 -0.0 0.0 0.0 -0.0 -0.0 -0.0 -0.0 -0.0 -0.0; -0.0 -0.0 -0.0 -0.0 -0.0 3.0 0.0 -0.0 -0.0 -0.0; -0.0 -0.0 -0.0 -0.0 -0.0 -0.0 -0.0 -0.0 -0.0 -0.0; -0.0 -0.0 -0.0 -0.0 -0.0 -0.0 -0.0 0.0 0.0 -0.0; -0.0 -0.0 -0.0 -0.0 -0.0 -0.0 -0.0 -0.0 -0.0 -0.0; -0.0 -0.0 -0.0 -0.0 -0.0 -0.0 -0.0 -0.0 -0.0 0.0; -0.0 -0.0 -0.0 -0.0 -0.0 -0.0 -0.0 -0.0 -0.0 -0.0;;;]
evol_bb,"[[0.299, 2.0467593944001533e7]]"
y_bb,[25.0 24.0 -0.0 -0.0 -0.0 -0.0 -0.0 -0.0 -0.0 -0.0; -0.0 -0.0 0.0 0.0 -0.0 -0.0 -0.0 -0.0 -0.0 -0.0; -0.0 -0.0 -0.0 -0.0 -0.0 3.0 0.0 -0.0 -0.0 -0.0; -0.0 -0.0 -0.0 -0.0 -0.0 -0.0 -0.0 -0.0 -0.0 -0.0; -0.0 -0.0 -0.0 -0.0 -0.0 -0.0 -0.0 0.0 0.0 -0.0; -0.0 -0.0 -0.0 -0.0 -0.0 -0.0 -0.0 -0.0 -0.0 -0.0; -0.0 -0.0 -0.0 -0.0 -0.0 -0.0 -0.0 -0.0 -0.0 0.0; -0.0 -0.0 -0.0 -0.0 -0.0 -0.0 -0.0 -0.0 -0.0 -0.0;;;]
evol_box,"[[0.411, 0.0], [2.021, 111570.36675057851], [2.1, 6.085107635832161e6], [2.106, 1.0289218125209367e7], [2.112, 1.5489041199122556e7], [2.117, 1.8144270002822906e7], [2.123, 1.9471884404673085e7], [2.128, 1.9914422538623143e7], [2.133, 2.0246326139085688e7], [2.139, 2.03569606725732e7], [2.142, 2.0467593944001533e7]]"
y_pb,[[25.000000000000004 24.0 -0.0 -0.0 -0.0 -0.0 -0.0 -0.0 -0.0 -0.0; -0.0 -0.0 -0.0 -0.0 0.0 -0.0 -0.0 -0.0 -0.0 -0.0; -0.0 -0.0 -0.0 -0.0 -0.0 3.0 -0.0 -0.0 -0.0 -0.0; -0.0 -0.0 -0.0 -0.0 -0.0 -0.0 -0.0 -0.0 0.0 -0.0; -0.0 -0.0 -0.0 -0.0 -0.0 -0.0 -0.0 -0.0 0.0 -0.0; -0.0 -0.0 -0.0 -0.0 -0.0 -0.0 -0.0 -0.0 0.0 -0.0; -0.0 -0.0 -0.0 -0.0 -0.0 -0.0 -0.0 -0.0 0.0 -0.0; -0.0 -0.0 -0.0 -0.0 -0.0 -0.0 -0.0 -0.0 -0.0 0.0;;;]]
x_bb,"[49.0, 0.0, 3.0, 0.0, 0.0, 0.0, 0.0, 0.0]"
x_box,"[49.0, 0.0, 3.0, 0.0, 0.0, 0.0, 0.0, 0.0]"
evol_zeta,"[[1.66, 36.666666666666664], [2.098, 24.5], [2.104, 21.0], [2.111, 18.666666666666657], [2.116, 18.5], [2.121, 11.2], [2.127, 4.0], [2.132, 2.75], [2.137, 1.0], [2.141, 0.5], [2.147, 0.0]]"
ξ_box,[25.0; 24.0; 21.0; 21.0; 18.0; 18.0; 21.0; 24.0; 28.0; 37.0;;]
