first,second
s_box,[23.0; 3.0; 16.0; 16.0; 16.0; 0.0; 18.0; 0.0; 19.0; 20.0;;]
x_pb,"[-0.0, -0.0, -0.0, 1.0, 19.0, -0.0, 20.0, -0.0]"
s_bb,[23.0; 3.0; 16.0; 16.0; 16.0; 0.0; 18.0; 0.0; 19.0; 20.0;;]
partition_bb,"[[[23.0, 3.0, 11.0, 4.0, 0.0, 0.0, 0.0, 0.0, 0.0, 0.0], [0.0, 0.0, 0.0, 0.0, 0.0, 0.0, 10.0, 20.0, 6.0, 4.0], [0.0, 0.0, 1.0, 8.0, 13.0, 19.0, 0.0, 0.0, 0.0, 0.0], [0.0, 0.0, 0.0, 0.0, 0.0, 0.0, 1.0, 4.0, 16.0, 20.0], [0.0, 0.0, 0.0, 0.0, 0.0, 0.0, 18.0, 18.0, 4.0, 2.0], [0.0, 0.0, 9.0, 16.0, 11.0, 5.0, 0.0, 0.0, 0.0, 0.0], [0.0, 0.0, 17.0, 10.0, 10.0, 4.0, 0.0, 0.0, 0.0, 0.0], [0.0, 0.0, 4.0, 11.0, 16.0, 10.0, 0.0, 0.0, 0.0, 0.0], [0.0, 0.0, 0.0, 0.0, 0.0, 0.0, 3.0, 5.0, 19.0, 15.0]]]"
y_box,[0.0 0.0 -0.0 -0.0 -0.0 -0.0 -0.0 -0.0 -0.0 -0.0; -0.0 -0.0 -0.0 -0.0 -0.0 -0.0 -0.0 -0.0 -0.0 -0.0; -0.0 -0.0 -0.0 -0.0 -0.0 -0.0 -0.0 -0.0 -0.0 -0.0; -0.0 -0.0 1.0 0.0 -0.0 -0.0 -0.0 -0.0 -0.0 -0.0; -0.0 -0.0 -0.0 -0.0 0.0 19.0 -0.0 -0.0 -0.0 -0.0; -0.0 -0.0 -0.0 -0.0 -0.0 -0.0 -0.0 -0.0 -0.0 -0.0; -0.0 -0.0 -0.0 -0.0 -0.0 -0.0 0.0 20.0 0.0 -0.0; -0.0 -0.0 -0.0 -0.0 -0.0 -0.0 -0.0 -0.0 -0.0 0.0;;;]
evol_bb,"[[0.269, 1.6038561256344954e7]]"
y_bb,[0.0 0.0 -0.0 -0.0 -0.0 -0.0 -0.0 -0.0 -0.0 -0.0; -0.0 -0.0 -0.0 -0.0 -0.0 -0.0 -0.0 -0.0 -0.0 -0.0; -0.0 -0.0 -0.0 -0.0 -0.0 -0.0 -0.0 -0.0 -0.0 -0.0; -0.0 -0.0 1.0 0.0 -0.0 -0.0 -0.0 -0.0 -0.0 -0.0; -0.0 -0.0 -0.0 -0.0 0.0 19.0 -0.0 -0.0 -0.0 -0.0; -0.0 -0.0 -0.0 -0.0 -0.0 -0.0 -0.0 -0.0 -0.0 -0.0; -0.0 -0.0 -0.0 -0.0 -0.0 -0.0 0.0 20.0 0.0 -0.0; -0.0 -0.0 -0.0 -0.0 -0.0 -0.0 -0.0 -0.0 -0.0 0.0;;;]
evol_box,"[[0.388, 0.0], [1.914, 123016.08931377367], [1.988, 5.019965083868116e6], [1.994, 9.427364390421206e6], [1.999, 1.26105332517919e7], [2.004, 1.3589969824521344e7], [2.009, 1.4569406397250788e7], [2.015, 1.530398382679787e7], [2.019, 1.5671272541571414e7], [2.024, 1.6038561256344954e7]]"
y_pb,[[-0.0 0.0 -0.0 -0.0 -0.0 -0.0 -0.0 -0.0 -0.0 -0.0; -0.0 0.0 -0.0 -0.0 -0.0 -0.0 -0.0 -0.0 -0.0 -0.0; -0.0 0.0 -0.0 -0.0 -0.0 -0.0 -0.0 -0.0 -0.0 -0.0; -0.0 -0.0 1.0 -0.0 -0.0 -0.0 -0.0 -0.0 -0.0 -0.0; -0.0 -0.0 -0.0 -0.0 -0.0 19.0 -0.0 -0.0 -0.0 -0.0; -0.0 -0.0 -0.0 -0.0 -0.0 -0.0 0.0 -0.0 -0.0 -0.0; -0.0 -0.0 -0.0 -0.0 -0.0 -0.0 -0.0 20.000000000000004 -0.0 -0.0; -0.0 -0.0 -0.0 -0.0 -0.0 -0.0 -0.0 -0.0 -0.0 0.0;;;]]
x_bb,"[0.0, 0.0, 0.0, 1.0, 19.0, 0.0, 20.0, 0.0]"
x_box,"[0.0, 0.0, 0.0, 1.0, 19.0, 0.0, 20.0, 0.0]"
evol_zeta,"[[1.57, 23.0], [1.987, 20.0], [1.992, 18.750000000000004], [1.997, 15.75], [2.003, 8.0], [2.008, 7.75], [2.013, 6.0], [2.018, 2.75], [2.022, 2.5], [2.028, 0.0]]"
ξ_box,[23.0; 3.0; 17.0; 16.0; 16.0; 19.0; 18.0; 20.0; 19.0; 20.0;;]
