first,second
s_box,[0.0; 0.0; 0.0; 3.0; 8.0; 13.0; 13.0; 14.0; 1.0; 6.0;;]
x_pb,"[26.0, -0.0, -0.0, 1.0, -0.0, -0.0, -0.0, -0.0]"
s_bb,[0.0; 0.0; 0.0; 3.0; 8.0; 13.0; 13.0; 14.0; 1.0; 6.0;;]
partition_bb,"[[[0.0, 0.0, 0.0, 0.0, 0.0, 5.0, 7.0, 15.0, 0.0, 0.0], [0.0, 1.0, 13.0, 3.0, 0.0, 0.0, 1.0, 9.0, 1.0, 0.0], [12.0, 1.0, 0.0, 3.0, 0.0, 8.0, 4.0, 0.0, 0.0, 0.0], [1.0, 1.0, 13.0, 3.0, 8.0, 0.0, 0.0, 0.0, 1.0, 0.0], [0.0, 0.0, 0.0, 0.0, 0.0, 11.0, 9.0, 1.0, 1.0, 6.0], [0.0, 0.0, 0.0, 0.0, 0.0, 9.0, 13.0, 5.0, 0.0, 0.0], [0.0, 0.0, 0.0, 0.0, 2.0, 13.0, 9.0, 3.0, 0.0, 0.0]]]"
y_box,[12.0 1.0 13.0 0.0 -0.0 -0.0 -0.0 -0.0 -0.0 -0.0; -0.0 -0.0 -0.0 -0.0 0.0 0.0 -0.0 -0.0 -0.0 -0.0; -0.0 -0.0 -0.0 -0.0 -0.0 -0.0 0.0 -0.0 -0.0 -0.0; -0.0 -0.0 -0.0 -0.0 -0.0 -0.0 -0.0 1.0 -0.0 -0.0; -0.0 -0.0 -0.0 -0.0 -0.0 -0.0 -0.0 -0.0 -0.0 -0.0; -0.0 -0.0 -0.0 -0.0 -0.0 -0.0 -0.0 -0.0 -0.0 -0.0; -0.0 -0.0 -0.0 -0.0 -0.0 -0.0 -0.0 -0.0 0.0 0.0; -0.0 -0.0 -0.0 -0.0 -0.0 -0.0 -0.0 -0.0 -0.0 -0.0;;;]
evol_bb,"[[0.263, 7.053643856778625e6]]"
y_bb,[12.0 1.0 13.0 0.0 -0.0 -0.0 -0.0 -0.0 -0.0 -0.0; -0.0 -0.0 -0.0 -0.0 0.0 0.0 -0.0 -0.0 -0.0 -0.0; -0.0 -0.0 -0.0 -0.0 -0.0 -0.0 0.0 -0.0 -0.0 -0.0; -0.0 -0.0 -0.0 -0.0 -0.0 -0.0 -0.0 1.0 -0.0 -0.0; -0.0 -0.0 -0.0 -0.0 -0.0 -0.0 -0.0 -0.0 -0.0 -0.0; -0.0 -0.0 -0.0 -0.0 -0.0 -0.0 -0.0 -0.0 -0.0 -0.0; -0.0 -0.0 -0.0 -0.0 -0.0 -0.0 -0.0 -0.0 0.0 0.0; -0.0 -0.0 -0.0 -0.0 -0.0 -0.0 -0.0 -0.0 -0.0 -0.0;;;]
evol_box,"[[0.37, 0.0], [1.87, 949.5280417113164], [1.945, 2.1897350858881874e6], [1.948, 4.499919517700501e6], [1.952, 5.472766884968358e6], [1.956, 6.567220173144696e6], [1.959, 7.053643856778625e6]]"
y_pb,[[12.0 1.0 13.0 -0.0 -0.0 -0.0 -0.0 -0.0 -0.0 -0.0; -0.0 -0.0 -0.0 -0.0 -0.0 -0.0 -0.0 0.0 -0.0 -0.0; -0.0 -0.0 -0.0 -0.0 -0.0 -0.0 -0.0 0.0 -0.0 -0.0; -0.0 -0.0 -0.0 -0.0 -0.0 -0.0 -0.0 1.0 -0.0 -0.0; -0.0 -0.0 -0.0 -0.0 -0.0 -0.0 -0.0 0.0 -0.0 -0.0; -0.0 -0.0 -0.0 -0.0 -0.0 -0.0 -0.0 0.0 -0.0 -0.0; -0.0 -0.0 -0.0 -0.0 -0.0 -0.0 -0.0 0.0 -0.0 -0.0; -0.0 -0.0 -0.0 -0.0 -0.0 -0.0 -0.0 -0.0 -0.0 0.0;;;]]
x_bb,"[26.0, 0.0, 0.0, 1.0, 0.0, 0.0, 0.0, 0.0]"
x_box,"[26.0, 0.0, 0.0, 1.0, 0.0, 0.0, 0.0, 0.0]"
evol_zeta,"[[1.51, 15.0], [1.943, 13.0], [1.947, 12.0], [1.951, 6.0], [1.954, 6.0], [1.957, 4.0], [1.96, 0.0]]"
ξ_box,[12.0; 1.0; 13.0; 3.0; 8.0; 13.0; 13.0; 15.0; 1.0; 6.0;;]
