first,second
s_box,[0.0; 1.0; 25.0; 27.0; 15.0; 17.0; 19.0; 19.0; 19.0; 22.0;;]
x_pb,"[48.0, -0.0, 0.0, -0.0, -0.0, -0.0, -0.0, -0.0]"
s_bb,[0.0; 1.0; 25.0; 27.0; 15.0; 17.0; 19.0; 19.0; 19.0; 22.0;;]
partition_bb,"[[[1.0, 3.0, 17.0, 27.0, 0.0, 0.0, 0.0, 0.0, 0.0, 0.0], [25.0, 21.0, 4.0, 0.0, 0.0, 0.0, 0.0, 0.0, 0.0, 0.0], [0.0, 0.0, 0.0, 0.0, 0.0, 0.0, 2.0, 10.0, 17.0, 22.0], [0.0, 0.0, 0.0, 0.0, 7.0, 7.0, 19.0, 11.0, 4.0, 0.0], [3.0, 7.0, 0.0, 0.0, 15.0, 17.0, 5.0, 0.0, 0.0, 0.0], [0.0, 0.0, 0.0, 0.0, 1.0, 1.0, 11.0, 19.0, 12.0, 7.0], [4.0, 6.0, 25.0, 15.0, 0.0, 0.0, 0.0, 0.0, 0.0, 0.0], [20.0, 24.0, 5.0, 0.0, 0.0, 0.0, 0.0, 0.0, 0.0, 0.0], [0.0, 0.0, 0.0, 0.0, 0.0, 0.0, 4.0, 12.0, 19.0, 14.0]]]"
y_box,[25.0 23.0 -0.0 -0.0 -0.0 -0.0 -0.0 -0.0 -0.0 -0.0; -0.0 -0.0 0.0 -0.0 -0.0 -0.0 -0.0 -0.0 -0.0 -0.0; -0.0 -0.0 -0.0 0.0 -0.0 -0.0 -0.0 -0.0 -0.0 -0.0; -0.0 -0.0 -0.0 -0.0 0.0 0.0 0.0 -0.0 -0.0 -0.0; -0.0 -0.0 -0.0 -0.0 -0.0 -0.0 -0.0 -0.0 -0.0 -0.0; -0.0 -0.0 -0.0 -0.0 -0.0 -0.0 -0.0 -0.0 -0.0 -0.0; -0.0 -0.0 -0.0 -0.0 -0.0 -0.0 -0.0 -0.0 -0.0 -0.0; -0.0 -0.0 -0.0 -0.0 -0.0 -0.0 -0.0 0.0 0.0 0.0;;;]
evol_bb,"[[0.278, 2.02859901099671e7]]"
y_bb,[25.0 23.0 -0.0 -0.0 -0.0 -0.0 -0.0 -0.0 -0.0 -0.0; -0.0 -0.0 0.0 -0.0 -0.0 -0.0 -0.0 -0.0 -0.0 -0.0; -0.0 -0.0 -0.0 0.0 -0.0 -0.0 -0.0 -0.0 -0.0 -0.0; -0.0 -0.0 -0.0 -0.0 0.0 0.0 0.0 -0.0 -0.0 -0.0; -0.0 -0.0 -0.0 -0.0 -0.0 -0.0 -0.0 -0.0 -0.0 -0.0; -0.0 -0.0 -0.0 -0.0 -0.0 -0.0 -0.0 -0.0 -0.0 -0.0; -0.0 -0.0 -0.0 -0.0 -0.0 -0.0 -0.0 -0.0 -0.0 -0.0; -0.0 -0.0 -0.0 -0.0 -0.0 -0.0 -0.0 0.0 0.0 0.0;;;]
evol_box,"[[0.385, 0.0], [1.879, 481.1936174420789], [1.95, 5.195425506461242e6], [1.956, 1.1503777113656264e7], [1.96, 1.5461958514249215e7], [1.966, 1.7688435552082755e7], [1.971, 1.8677980902230993e7], [1.977, 1.966752625237923e7], [1.982, 2.003860377243004e7], [1.987, 2.02859901099671e7]]"
y_pb,[[25.000000000000004 23.0 -0.0 -0.0 -0.0 -0.0 -0.0 -0.0 -0.0 -0.0; -0.0 0.0 -0.0 -0.0 -0.0 -0.0 -0.0 -0.0 -0.0 -0.0; -0.0 -0.0 -0.0 0.0 -0.0 -0.0 -0.0 -0.0 -0.0 -0.0; -0.0 -0.0 -0.0 -0.0 -0.0 0.0 -0.0 -0.0 -0.0 -0.0; -0.0 -0.0 -0.0 -0.0 -0.0 0.0 -0.0 -0.0 -0.0 -0.0; -0.0 -0.0 -0.0 -0.0 -0.0 0.0 -0.0 -0.0 -0.0 -0.0; -0.0 -0.0 -0.0 -0.0 -0.0 -0.0 -0.0 -0.0 -0.0 0.0; -0.0 -0.0 -0.0 -0.0 -0.0 -0.0 -0.0 -0.0 -0.0 0.0;;;]]
x_bb,"[48.0, 0.0, 0.0, 0.0, 0.0, 0.0, 0.0, 0.0]"
x_box,"[48.0, 0.0, 0.0, 0.0, 0.0, 0.0, 0.0, 0.0]"
evol_zeta,"[[1.551, 27.0], [1.949, 23.333333333333332], [1.955, 21.25], [1.959, 17.0], [1.964, 10.0], [1.97, 7.500000000850008], [1.976, 7.5], [1.981, 2.6666666666666643], [1.986, 1.7500000000000036], [1.99, 0.0]]"
ξ_box,[25.0; 24.0; 25.0; 27.0; 15.0; 17.0; 19.0; 19.0; 19.0; 22.0;;]
