first,second
s_box,[27.0; 26.0; 24.0; 25.0; 18.0; 20.0; 20.0; 20.0; 0.0; 0.0;;]
x_pb,"[-0.0, 4.0, -0.0, -0.0, -0.0, -0.0, -0.0, 52.0]"
s_bb,[27.0; 26.0; 24.0; 25.0; 18.0; 20.0; 20.0; 20.0; 0.0; 0.0;;]
partition_bb,"[[[31.0, 14.0, 11.0, 0.0, 0.0, 0.0, 0.0, 0.0, 0.0, 0.0], [0.0, 0.0, 0.0, 0.0, 0.0, 3.0, 4.0, 8.0, 14.0, 29.0], [0.0, 7.0, 14.0, 25.0, 11.0, 0.0, 0.0, 0.0, 0.0, 0.0], [0.0, 0.0, 0.0, 0.0, 0.0, 20.0, 18.0, 14.0, 4.0, 0.0], [9.0, 26.0, 13.0, 8.0, 0.0, 0.0, 0.0, 0.0, 0.0, 0.0], [4.0, 11.0, 24.0, 13.0, 5.0, 0.0, 0.0, 0.0, 0.0, 0.0], [0.0, 0.0, 0.0, 0.0, 0.0, 7.0, 8.0, 12.0, 23.0, 8.0], [0.0, 8.0, 15.0, 4.0, 18.0, 0.0, 0.0, 0.0, 11.0, 0.0], [0.0, 0.0, 0.0, 0.0, 0.0, 14.0, 16.0, 20.0, 9.0, 0.0], [0.0, 0.0, 0.0, 0.0, 0.0, 18.0, 20.0, 16.0, 5.0, 0.0]]]"
y_box,[-0.0 -0.0 -0.0 -0.0 -0.0 -0.0 -0.0 -0.0 -0.0 -0.0; 4.0 -0.0 -0.0 -0.0 -0.0 -0.0 -0.0 -0.0 -0.0 -0.0; -0.0 0.0 -0.0 -0.0 -0.0 -0.0 -0.0 -0.0 -0.0 -0.0; -0.0 -0.0 -0.0 -0.0 -0.0 -0.0 -0.0 -0.0 -0.0 -0.0; -0.0 -0.0 0.0 0.0 0.0 -0.0 -0.0 -0.0 -0.0 -0.0; -0.0 -0.0 -0.0 -0.0 -0.0 -0.0 -0.0 -0.0 -0.0 -0.0; -0.0 -0.0 -0.0 -0.0 -0.0 0.0 0.0 0.0 -0.0 -0.0; -0.0 -0.0 -0.0 -0.0 -0.0 -0.0 -0.0 -0.0 23.0 29.0;;;]
evol_bb,"[[0.344, 2.3929014253614586e7]]"
y_bb,[-0.0 -0.0 -0.0 -0.0 -0.0 -0.0 -0.0 -0.0 -0.0 -0.0; 4.0 -0.0 -0.0 -0.0 -0.0 -0.0 -0.0 -0.0 -0.0 -0.0; -0.0 0.0 -0.0 -0.0 -0.0 -0.0 -0.0 -0.0 -0.0 -0.0; -0.0 -0.0 -0.0 -0.0 -0.0 -0.0 -0.0 -0.0 -0.0 -0.0; -0.0 -0.0 0.0 0.0 0.0 -0.0 -0.0 -0.0 -0.0 -0.0; -0.0 -0.0 -0.0 -0.0 -0.0 -0.0 -0.0 -0.0 -0.0 -0.0; -0.0 -0.0 -0.0 -0.0 -0.0 0.0 0.0 0.0 -0.0 -0.0; -0.0 -0.0 -0.0 -0.0 -0.0 -0.0 -0.0 -0.0 23.0 29.0;;;]
evol_box,"[[0.473, 0.0], [2.351, 1328.7552316537465], [2.445, 7.71085450453167e6], [2.452, 1.2895361424191438e7], [2.459, 1.7813996194125064e7], [2.467, 1.940922909248191e7], [2.473, 2.073858984111262e7], [2.479, 2.193497313066852e7], [2.486, 2.2865525654710017e7], [2.491, 2.3663142103888445e7], [2.499, 2.3929014253614586e7]]"
y_pb,[[0.0 -0.0 -0.0 -0.0 -0.0 -0.0 -0.0 -0.0 -0.0 -0.0; 4.0 -0.0 -0.0 -0.0 -0.0 -0.0 -0.0 -0.0 -0.0 -0.0; 0.0 -0.0 -0.0 -0.0 -0.0 -0.0 -0.0 -0.0 -0.0 -0.0; -0.0 -0.0 0.0 -0.0 -0.0 -0.0 -0.0 -0.0 -0.0 -0.0; -0.0 -0.0 -0.0 -0.0 0.0 -0.0 -0.0 -0.0 -0.0 -0.0; -0.0 -0.0 -0.0 -0.0 -0.0 0.0 -0.0 -0.0 -0.0 -0.0; -0.0 -0.0 -0.0 -0.0 -0.0 0.0 -0.0 -0.0 -0.0 -0.0; -0.0 -0.0 -0.0 -0.0 -0.0 -0.0 -0.0 -0.0 23.000000000000004 29.0;;;]]
x_bb,"[0.0, 4.0, 0.0, 0.0, 0.0, 0.0, 0.0, 52.0]"
x_box,"[0.0, 4.0, 0.0, 0.0, 0.0, 0.0, 0.0, 52.0]"
evol_zeta,"[[1.915, 31.0], [2.444, 28.6], [2.45, 24.75], [2.457, 17.0], [2.465, 12.0], [2.471, 9.799999999999999], [2.477, 8.600000000000001], [2.484, 7.0], [2.489, 5.25], [2.497, 1.25], [2.504, 0.0]]"
ξ_box,[31.0; 26.0; 24.0; 25.0; 18.0; 20.0; 20.0; 20.0; 23.0; 29.0;;]
