first,second
s_box,[31.0; 31.0; 21.0; 13.0; 27.0; 27.0; 26.0; 13.0; 0.0; 0.0;;]
x_pb,"[-0.0, -0.0, -0.0, -0.0, -0.0, -0.0, 35.0, 29.0]"
s_bb,[31.0; 31.0; 21.0; 13.0; 27.0; 27.0; 26.0; 13.0; 0.0; 0.0;;]
partition_bb,"[[[31.0, 28.0, 3.0, 2.0, 0.0, 0.0, 0.0, 0.0, 0.0, 0.0], [0.0, 0.0, 0.0, 0.0, 0.0, 0.0, 1.0, 17.0, 17.0, 29.0], [0.0, 0.0, 0.0, 5.0, 14.0, 27.0, 17.0, 1.0, 1.0, 0.0], [0.0, 2.0, 21.0, 13.0, 4.0, 0.0, 0.0, 12.0, 12.0, 0.0], [0.0, 0.0, 10.0, 12.0, 27.0, 14.0, 4.0, 0.0, 0.0, 0.0], [0.0, 0.0, 0.0, 0.0, 3.0, 16.0, 26.0, 10.0, 10.0, 0.0], [0.0, 0.0, 0.0, 0.0, 0.0, 0.0, 8.0, 24.0, 23.0, 12.0], [28.0, 31.0, 3.0, 2.0, 0.0, 0.0, 0.0, 0.0, 0.0, 0.0], [0.0, 0.0, 0.0, 0.0, 0.0, 0.0, 8.0, 23.0, 24.0, 12.0]]]"
y_box,[0.0 -0.0 -0.0 -0.0 -0.0 -0.0 -0.0 -0.0 -0.0 -0.0; -0.0 0.0 0.0 0.0 -0.0 -0.0 -0.0 -0.0 -0.0 -0.0; -0.0 -0.0 -0.0 -0.0 -0.0 -0.0 -0.0 -0.0 -0.0 -0.0; -0.0 -0.0 -0.0 -0.0 -0.0 -0.0 -0.0 -0.0 -0.0 -0.0; -0.0 -0.0 -0.0 -0.0 0.0 0.0 -0.0 -0.0 -0.0 -0.0; -0.0 -0.0 -0.0 -0.0 -0.0 -0.0 -0.0 -0.0 -0.0 -0.0; -0.0 -0.0 -0.0 -0.0 -0.0 -0.0 0.0 11.0 24.0 -0.0; -0.0 -0.0 -0.0 -0.0 -0.0 -0.0 -0.0 -0.0 -0.0 29.0;;;]
evol_bb,"[[0.404, 2.0053990393633433e7]]"
y_bb,[0.0 -0.0 -0.0 -0.0 -0.0 -0.0 -0.0 -0.0 -0.0 -0.0; -0.0 0.0 0.0 0.0 -0.0 -0.0 -0.0 -0.0 -0.0 -0.0; -0.0 -0.0 -0.0 -0.0 -0.0 -0.0 -0.0 -0.0 -0.0 -0.0; -0.0 -0.0 -0.0 -0.0 -0.0 -0.0 -0.0 -0.0 -0.0 -0.0; -0.0 -0.0 -0.0 -0.0 0.0 0.0 -0.0 -0.0 -0.0 -0.0; -0.0 -0.0 -0.0 -0.0 -0.0 -0.0 -0.0 -0.0 -0.0 -0.0; -0.0 -0.0 -0.0 -0.0 -0.0 -0.0 0.0 11.0 24.0 -0.0; -0.0 -0.0 -0.0 -0.0 -0.0 -0.0 -0.0 -0.0 -0.0 29.0;;;]
evol_box,"[[0.403, 0.0], [1.943, 1015.3581945883457], [2.027, 6.791036958835621e6], [2.047, 1.3157260329092119e7], [2.065, 1.5915957122869935e7], [2.083, 1.7295305519758843e7], [2.103, 1.8250239025297318e7], [2.124, 1.9629576074455343e7], [2.133, 1.9947887242968168e7], [2.155, 2.0053990393633433e7]]"
y_pb,[[0.0 -0.0 -0.0 -0.0 -0.0 -0.0 -0.0 -0.0 -0.0 -0.0; -0.0 0.0 -0.0 -0.0 -0.0 -0.0 -0.0 -0.0 -0.0 -0.0; -0.0 0.0 -0.0 -0.0 -0.0 -0.0 -0.0 -0.0 -0.0 -0.0; -0.0 -0.0 -0.0 0.0 -0.0 -0.0 -0.0 -0.0 -0.0 -0.0; -0.0 -0.0 -0.0 -0.0 -0.0 0.0 -0.0 -0.0 -0.0 -0.0; -0.0 -0.0 -0.0 -0.0 -0.0 0.0 -0.0 -0.0 -0.0 -0.0; -0.0 -0.0 -0.0 -0.0 -0.0 -0.0 -0.0 11.0 24.0 -0.0; -0.0 -0.0 -0.0 -0.0 -0.0 -0.0 -0.0 -0.0 -0.0 29.0;;;]]
x_bb,"[0.0, 0.0, 0.0, 0.0, 0.0, 0.0, 35.0, 29.0]"
x_box,"[0.0, 0.0, 0.0, 0.0, 0.0, 0.0, 35.0, 29.0]"
evol_zeta,"[[1.603, 31.0], [2.026, 29.0], [2.045, 26.833333333333336], [2.064, 18.0], [2.082, 12.399999999999999], [2.102, 8.8], [2.123, 6.250000000725009], [2.132, 3.0], [2.153, 0.25], [2.174, 0.0]]"
ξ_box,[31.0; 31.0; 21.0; 13.0; 27.0; 27.0; 26.0; 24.0; 24.0; 29.0;;]
