first,second
s_box,[29.0; 29.0; 25.0; 0.0; 0.0; 0.0; 0.0; 5.0; 28.0; 29.0;;]
x_pb,"[-0.0, -0.0, -0.0, 5.0, -0.0, -0.0, 47.0, 3.0]"
s_bb,[29.0; 29.0; 25.0; 0.0; 0.0; 0.0; 0.0; 5.0; 28.0; 29.0;;]
partition_bb,"[[[29.0, 25.0, 1.0, 0.0, 0.0, 0.0, 0.0, 0.0, 0.0, 0.0], [0.0, 0.0, 0.0, 0.0, 0.0, 0.0, 0.0, 1.0, 25.0, 29.0], [13.0, 9.0, 25.0, 5.0, 0.0, 0.0, 0.0, 3.0, 0.0, 0.0], [0.0, 0.0, 4.0, 0.0, 21.0, 11.0, 11.0, 8.0, 0.0, 0.0], [0.0, 0.0, 0.0, 0.0, 21.0, 15.0, 11.0, 8.0, 0.0, 0.0], [25.0, 29.0, 3.0, 0.0, 0.0, 0.0, 0.0, 0.0, 0.0, 0.0], [0.0, 0.0, 0.0, 0.0, 0.0, 1.0, 2.0, 4.0, 28.0, 24.0]]]"
y_box,[0.0 0.0 -0.0 -0.0 -0.0 -0.0 -0.0 -0.0 -0.0 -0.0; -0.0 -0.0 -0.0 -0.0 -0.0 -0.0 -0.0 -0.0 -0.0 -0.0; -0.0 -0.0 -0.0 -0.0 -0.0 -0.0 -0.0 -0.0 -0.0 -0.0; -0.0 -0.0 0.0 5.0 -0.0 -0.0 -0.0 -0.0 -0.0 -0.0; -0.0 -0.0 -0.0 -0.0 -0.0 -0.0 -0.0 -0.0 -0.0 -0.0; -0.0 -0.0 -0.0 -0.0 -0.0 -0.0 -0.0 -0.0 -0.0 -0.0; -0.0 -0.0 -0.0 -0.0 21.0 15.0 11.0 -0.0 -0.0 -0.0; -0.0 -0.0 -0.0 -0.0 -0.0 -0.0 -0.0 3.0 0.0 0.0;;;]
evol_bb,"[[0.298, 1.6295261955884004e7]]"
y_bb,[0.0 0.0 -0.0 -0.0 -0.0 -0.0 -0.0 -0.0 -0.0 -0.0; -0.0 -0.0 -0.0 -0.0 -0.0 -0.0 -0.0 -0.0 -0.0 -0.0; -0.0 -0.0 -0.0 -0.0 -0.0 -0.0 -0.0 -0.0 -0.0 -0.0; -0.0 -0.0 0.0 5.0 -0.0 -0.0 -0.0 -0.0 -0.0 -0.0; -0.0 -0.0 -0.0 -0.0 -0.0 -0.0 -0.0 -0.0 -0.0 -0.0; -0.0 -0.0 -0.0 -0.0 -0.0 -0.0 -0.0 -0.0 -0.0 -0.0; -0.0 -0.0 -0.0 -0.0 21.0 15.0 11.0 -0.0 -0.0 -0.0; -0.0 -0.0 -0.0 -0.0 -0.0 -0.0 -0.0 3.0 0.0 0.0;;;]
evol_box,"[[0.43, 0.0], [2.035, 1986.5253883197424], [2.11, 6.182128100007927e6], [2.114, 9.66566531723388e6], [2.117, 1.5059114649786528e7], [2.122, 1.5508610190488415e7], [2.127, 1.595812548500018e7], [2.131, 1.6295261955884004e7]]"
y_pb,[[-0.0 -0.0 0.0 -0.0 -0.0 -0.0 -0.0 -0.0 -0.0 -0.0; -0.0 -0.0 0.0 -0.0 -0.0 -0.0 -0.0 -0.0 -0.0 -0.0; -0.0 -0.0 0.0 -0.0 -0.0 -0.0 -0.0 -0.0 -0.0 -0.0; -0.0 -0.0 -0.0 5.000000000000001 -0.0 -0.0 -0.0 -0.0 -0.0 -0.0; -0.0 -0.0 -0.0 0.0 -0.0 -0.0 -0.0 -0.0 -0.0 -0.0; -0.0 -0.0 -0.0 -0.0 0.0 -0.0 -0.0 -0.0 -0.0 -0.0; -0.0 -0.0 -0.0 -0.0 21.0 15.0 11.0 -0.0 -0.0 -0.0; -0.0 -0.0 -0.0 -0.0 -0.0 -0.0 -0.0 3.0 -0.0 -0.0;;;]]
x_bb,"[0.0, 0.0, 0.0, 5.0, 0.0, 0.0, 47.0, 3.0]"
x_box,"[0.0, 0.0, 0.0, 5.0, 0.0, 0.0, 47.0, 3.0]"
evol_zeta,"[[1.648, 29.0], [2.109, 29.00000000000004], [2.112, 24.0], [2.116, 21.0], [2.121, 4.0], [2.126, 3.3333333333333455], [2.13, 2.1999999999999993], [2.135, 0.0]]"
ξ_box,[29.0; 29.0; 25.0; 5.0; 21.0; 15.0; 11.0; 8.0; 28.0; 29.0;;]
