first,second
s_box,[0.0; 0.0; 9.0; 5.0; 15.0; 14.0; 16.0; 20.0; 3.0; 6.0;;]
x_pb,"[5.0, 12.0, -0.0, -0.0, 9.0, -0.0, -0.0, 0.0]"
s_bb,[0.0; 0.0; 9.0; 5.0; 15.0; 14.0; 16.0; 20.0; 3.0; 6.0;;]
partition_bb,"[[[0.0, 0.0, 0.0, 0.0, 0.0, 0.0, 5.0, 20.0, 3.0, 0.0], [3.0, 0.0, 18.0, 5.0, 0.0, 0.0, 0.0, 0.0, 0.0, 0.0], [0.0, 0.0, 0.0, 0.0, 15.0, 11.0, 2.0, 0.0, 0.0, 0.0], [5.0, 12.0, 0.0, 5.0, 0.0, 1.0, 0.0, 0.0, 3.0, 0.0], [0.0, 0.0, 0.0, 0.0, 3.0, 6.0, 16.0, 1.0, 0.0, 0.0], [0.0, 0.0, 0.0, 0.0, 0.0, 0.0, 0.0, 15.0, 3.0, 6.0], [0.0, 0.0, 0.0, 0.0, 10.0, 14.0, 4.0, 0.0, 0.0, 0.0]]]"
y_box,[5.0 -0.0 -0.0 -0.0 -0.0 -0.0 -0.0 -0.0 -0.0 -0.0; -0.0 12.0 -0.0 -0.0 -0.0 -0.0 -0.0 -0.0 -0.0 -0.0; -0.0 -0.0 -0.0 -0.0 -0.0 -0.0 -0.0 -0.0 -0.0 -0.0; -0.0 -0.0 -0.0 -0.0 -0.0 -0.0 -0.0 -0.0 -0.0 -0.0; -0.0 -0.0 9.0 0.0 -0.0 -0.0 -0.0 -0.0 -0.0 -0.0; -0.0 -0.0 -0.0 -0.0 0.0 -0.0 -0.0 -0.0 -0.0 -0.0; -0.0 -0.0 -0.0 -0.0 -0.0 0.0 0.0 -0.0 -0.0 -0.0; -0.0 -0.0 -0.0 -0.0 -0.0 -0.0 -0.0 0.0 0.0 0.0;;;]
evol_bb,"[[0.34, 1.1177543172627617e7]]"
y_bb,[5.0 -0.0 -0.0 -0.0 -0.0 -0.0 -0.0 -0.0 -0.0 -0.0; -0.0 12.0 -0.0 -0.0 -0.0 -0.0 -0.0 -0.0 -0.0 -0.0; -0.0 -0.0 -0.0 -0.0 -0.0 -0.0 -0.0 -0.0 -0.0 -0.0; -0.0 -0.0 -0.0 -0.0 -0.0 -0.0 -0.0 -0.0 -0.0 -0.0; -0.0 -0.0 9.0 0.0 -0.0 -0.0 -0.0 -0.0 -0.0 -0.0; -0.0 -0.0 -0.0 -0.0 0.0 -0.0 -0.0 -0.0 -0.0 -0.0; -0.0 -0.0 -0.0 -0.0 -0.0 0.0 0.0 -0.0 -0.0 -0.0; -0.0 -0.0 -0.0 -0.0 -0.0 -0.0 -0.0 0.0 0.0 0.0;;;]
evol_box,"[[0.501, 0.0], [2.489, 254593.81635664502], [2.584, 3.5567387537971134e6], [2.59, 6.859134702886628e6], [2.596, 8.764243978578111e6], [2.601, 1.0161417196185721e7], [2.605, 1.0796495931461906e7], [2.61, 1.1177543172627617e7]]"
y_pb,[[5.000000000000001 -0.0 -0.0 -0.0 -0.0 -0.0 -0.0 -0.0 -0.0 -0.0; -0.0 12.0 -0.0 -0.0 -0.0 -0.0 -0.0 -0.0 -0.0 -0.0; -0.0 -0.0 0.0 -0.0 -0.0 -0.0 -0.0 -0.0 -0.0 -0.0; -0.0 -0.0 0.0 -0.0 -0.0 -0.0 -0.0 -0.0 -0.0 -0.0; -0.0 -0.0 9.0 -0.0 -0.0 -0.0 -0.0 -0.0 -0.0 -0.0; -0.0 -0.0 -0.0 -0.0 0.0 -0.0 -0.0 -0.0 -0.0 -0.0; -0.0 -0.0 -0.0 -0.0 -0.0 0.0 -0.0 -0.0 -0.0 -0.0; -0.0 -0.0 -0.0 -0.0 -0.0 -0.0 -0.0 -0.0 -0.0 -0.0;;;]]
x_bb,"[5.0, 12.0, 0.0, 0.0, 9.0, 0.0, 0.0, 0.0]"
x_box,"[5.0, 12.0, 0.0, 0.0, 9.0, 0.0, 0.0, 0.0]"
evol_zeta,"[[2.052, 19.333333333333332], [2.581, 18.0], [2.589, 14.333333333333329], [2.594, 12.0], [2.599, 11.0], [2.603, 5.0], [2.608, 2.333333333333334], [2.613, 1.000017846308765e-10]]"
ξ_box,[5.0; 12.0; 18.0; 5.0; 15.0; 14.0; 16.0; 20.0; 3.0; 6.0;;]
