first,second
s_box,[34.0 26.0; 31.0 24.0; 23.0 23.0; 5.0 5.0; -0.0 -0.0; 8.0 12.0; 6.0 18.0; -0.0 0.0; -0.0 -0.0; -0.0 -0.0]
x_pb,"[-0.0, 0.0, -0.0, -0.0, -0.0, 18.0, 5.0, 36.0]"
s_bb,[34.0 26.0; 31.0 24.0; -0.0 23.0; -0.0 5.0; 13.0 -0.0; -0.0 12.0; 17.0 18.0; -0.0 -0.0; 12.0 -0.0; -0.0 -0.0]
partition_bb,"[[[34.0, 20.0, 5.0, 0.0, 0.0, 0.0, 0.0, 0.0, 0.0, 0.0], [6.0, 20.0, 23.0, 5.0, 0.0, 0.0, 0.0, 5.0, 0.0, 0.0], [29.0, 15.0, 0.0, 0.0, 0.0, 0.0, 15.0, 2.0, 0.0, 0.0], [27.0, 13.0, 0.0, 0.0, 13.0, 9.0, 0.0, 0.0, 0.0, 0.0], [17.0, 31.0, 12.0, 0.0, 0.0, 0.0, 0.0, 0.0, 0.0, 0.0], [12.0, 26.0, 7.0, 0.0, 0.0, 0.0, 0.0, 0.0, 8.0, 6.0], [0.0, 4.0, 23.0, 5.0, 4.0, 0.0, 0.0, 0.0, 11.0, 13.0], [0.0, 9.0, 23.0, 5.0, 9.0, 13.0, 0.0, 0.0, 0.0, 0.0], [27.0, 13.0, 0.0, 0.0, 0.0, 1.0, 16.0, 3.0, 0.0, 0.0], [27.0, 13.0, 0.0, 0.0, 0.0, 0.0, 0.0, 0.0, 12.0, 10.0], [27.0, 13.0, 0.0, 0.0, 0.0, 2.0, 17.0, 4.0, 0.0, 0.0]], [[13.0, 0.0, 0.0, 5.0, 0.0, 0.0, 0.0, 5.0, 17.0, 19.0], [0.0, 0.0, 19.0, 1.0, 0.0, 0.0, 0.0, 5.0, 17.0, 19.0], [14.0, 0.0, 16.0, 0.0, 0.0, 4.0, 18.0, 5.0, 0.0, 2.0], [4.0, 18.0, 0.0, 0.0, 0.0, 3.0, 18.0, 5.0, 5.0, 7.0], [0.0, 0.0, 0.0, 5.0, 17.0, 13.0, 0.0, 0.0, 11.0, 13.0], [26.0, 12.0, 0.0, 0.0, 0.0, 0.0, 0.0, 0.0, 12.0, 10.0], [10.0, 24.0, 5.0, 0.0, 0.0, 0.0, 0.0, 0.0, 10.0, 12.0], [0.0, 4.0, 23.0, 5.0, 17.0, 13.0, 0.0, 0.0, 0.0, 0.0]]]"
y_box,[-0.0 -0.0 -0.0 -0.0 -0.0 -0.0 -0.0 -0.0 -0.0 -0.0; -0.0 -0.0 -0.0 -0.0 -0.0 -0.0 -0.0 -0.0 -0.0 -0.0; -0.0 -0.0 -0.0 -0.0 -0.0 -0.0 -0.0 -0.0 -0.0 -0.0; -0.0 -0.0 -0.0 -0.0 -0.0 -0.0 -0.0 -0.0 -0.0 -0.0; -0.0 -0.0 -0.0 -0.0 -0.0 -0.0 -0.0 -0.0 -0.0 -0.0; -0.0 -0.0 -0.0 -0.0 13.0 5.0 -0.0 -0.0 -0.0 -0.0; -0.0 -0.0 -0.0 -0.0 -0.0 -0.0 5.0 0.0 -0.0 -0.0; -0.0 -0.0 -0.0 -0.0 -0.0 -0.0 6.0 5.0 12.0 13.0;;; -0.0 -0.0 -0.0 -0.0 -0.0 -0.0 -0.0 -0.0 -0.0 -0.0; -0.0 -0.0 -0.0 -0.0 -0.0 -0.0 -0.0 -0.0 -0.0 -0.0; -0.0 -0.0 -0.0 -0.0 -0.0 -0.0 -0.0 -0.0 -0.0 -0.0; -0.0 -0.0 -0.0 -0.0 -0.0 -0.0 -0.0 -0.0 -0.0 -0.0; -0.0 -0.0 -0.0 -0.0 -0.0 -0.0 -0.0 -0.0 -0.0 -0.0; -0.0 -0.0 -0.0 -0.0 17.0 1.0 -0.0 -0.0 -0.0 -0.0; -0.0 -0.0 -0.0 -0.0 -0.0 -0.0 -0.0 5.0 -0.0 -0.0; -0.0 -0.0 -0.0 -0.0 -0.0 -0.0 -0.0 -0.0 17.0 19.0]
evol_bb,"[[0.624, 1.353039604551135e7], [13.58, 1.342039604551135e7], [25.56, 1.320039604551135e7], [32.996, 1.287039604551135e7], [52.145, 1.276039604551135e7], [77.87, 1.265039604551135e7], [99.514, 1.254039604551135e7], [110.812, 1.2210543240353748e7], [110.828, 1.221039604551135e7], [128.375, 1.210055550469127e7], [142.582, 1.199039604551135e7], [148.638, 1.188039604551135e7]]"
y_bb,[-0.0 -0.0 0.0 0.0 -0.0 -0.0 -0.0 -0.0 -0.0 -0.0; -0.0 -0.0 -0.0 -0.0 -0.0 -0.0 -0.0 -0.0 -0.0 0.0; -0.0 -0.0 -0.0 -0.0 -0.0 -0.0 -0.0 -0.0 -0.0 0.0; -0.0 -0.0 -0.0 0.0 0.0 -0.0 -0.0 -0.0 -0.0 -0.0; 0.0 -0.0 -0.0 -0.0 -0.0 -0.0 -0.0 -0.0 -0.0 0.0; -0.0 0.0 -0.0 -0.0 -0.0 5.0 0.0 5.0 0.0 8.0; -0.0 -0.0 -0.0 -0.0 -0.0 -0.0 -0.0 0.0 -0.0 5.0; -0.0 -0.0 23.0 5.0 -0.0 8.0 -0.0 -0.0 -0.0 -0.0;;; 0.0 0.0 -0.0 -0.0 -0.0 -0.0 -0.0 -0.0 -0.0 -0.0; -0.0 -0.0 -0.0 -0.0 -0.0 -0.0 -0.0 -0.0 -0.0 -0.0; -0.0 -0.0 -0.0 0.0 -0.0 -0.0 -0.0 -0.0 -0.0 -0.0; -0.0 -0.0 -0.0 0.0 -0.0 -0.0 -0.0 -0.0 -0.0 -0.0; -0.0 -0.0 -0.0 0.0 -0.0 -0.0 -0.0 -0.0 -0.0 -0.0; -0.0 -0.0 -0.0 -0.0 17.0 1.0 -0.0 -0.0 -0.0 -0.0; -0.0 -0.0 -0.0 -0.0 -0.0 -0.0 0.0 5.0 -0.0 -0.0; -0.0 -0.0 -0.0 -0.0 -0.0 -0.0 -0.0 -0.0 17.0 19.0]
evol_box,"[[0.57, 0.0], [2.768, 1097.4177558524534], [2.911, 2385.181467992845], [2.931, 2.2004550096374974e6], [2.956, 4.510416131013745e6], [2.988, 4.510416131013745e6], [3.095, 6.0508455485614035e6], [3.254, 7.040451595661407e6], [3.371, 7.150700556473605e6], [3.479, 7.590642050033143e6], [3.615, 8.470416131013745e6], [3.823, 8.910416131013744e6], [3.932, 9.020766985204436e6], [4.194, 9.570398846610244e6], [4.376, 1.0010772659470193e7], [4.606, 1.012039604551135e7], [4.827, 1.0230766985204436e7], [5.023, 1.034039604551135e7], [5.243, 1.0340619514082775e7], [5.513, 1.0670398846610244e7], [5.711, 1.089039604551128e7], [5.902, 1.089039604551135e7], [6.145, 1.1000534128580745e7], [6.472, 1.111039604551135e7], [6.772, 1.1110587229562031e7], [7.067, 1.122053890949642e7], [7.328, 1.133039604551135e7], [7.59, 1.133039604551135e7], [7.876, 1.133039604551135e7], [8.102, 1.133039604551135e7], [8.356, 1.133039604551135e7], [8.648, 1.1440396045511322e7], [9.053, 1.1440533110098353e7], [9.33, 1.155039604551135e7], [9.688, 1.155039604551135e7], [10.102, 1.155039604551135e7], [10.487, 1.155052779152105e7], [10.819, 1.1550530607992027e7], [11.073, 1.1550533142062053e7], [11.354, 1.1550569891949505e7], [11.705, 1.1660396045511348e7], [12.05, 1.166039604551135e7], [12.485, 1.166039604551135e7], [12.926, 1.1660520380821373e7], [13.32, 1.177039604549363e7], [13.716, 1.177039604551135e7], [14.095, 1.177039604551135e7], [14.477, 1.177039604551135e7], [14.882, 1.177039604551135e7], [15.265, 1.177039604551135e7], [15.631, 1.177039604551135e7], [16.022, 1.177039604551135e7], [16.461, 1.1770503907149471e7], [17.777, 1.177050811648385e7], [18.195, 1.177052835174083e7], [18.591, 1.177053088041587e7], [18.943, 1.1770530880415874e7], [19.37, 1.177053075818065e7], [19.709, 1.1770543908685416e7], [20.067, 1.188039604551135e7], [20.398, 1.188039604551135e7], [20.832, 1.1880396045511352e7], [21.229, 1.188039604551135e7], [21.631, 1.188039604551135e7], [22.187, 1.188039604551135e7], [22.658, 1.1880396045511326e7], [23.059, 1.188039604551135e7], [23.411, 1.188039604551135e7]]"
y_pb,[[0.0 -0.0 -0.0 -0.0 -0.0 -0.0 -0.0 -0.0 -0.0 -0.0; -0.0 -0.0 -0.0 -0.0 -0.0 -0.0 -0.0 -0.0 -0.0 -0.0; -0.0 -0.0 -0.0 0.0 -0.0 -0.0 -0.0 -0.0 -0.0 -0.0; -0.0 -0.0 -0.0 0.0 -0.0 -0.0 -0.0 -0.0 -0.0 -0.0; -0.0 -0.0 -0.0 0.0 -0.0 -0.0 -0.0 -0.0 -0.0 -0.0; -0.0 -0.0 -0.0 -0.0 17.000000000000004 1.0 -0.0 -0.0 -0.0 -0.0; -0.0 -0.0 -0.0 -0.0 -0.0 -0.0 -0.0 5.000000000000001 -0.0 -0.0; -0.0 -0.0 -0.0 -0.0 -0.0 -0.0 -0.0 -0.0 17.000000000000004 19.0;;;]]
x_bb,"[0.0, 0.0, -0.0, -0.0, -0.0, 18.0, 5.0, 36.0]"
x_box,"[-0.0, -0.0, -0.0, -0.0, -0.0, 18.0, 5.0, 36.0]"
evol_zeta,"[[2.237, 34.0], [2.874, 19.0], [2.918, 18.599999999999998], [2.938, 17.999999999999932], [2.964, 18.0], [2.994, 18.0], [3.099, 17.0], [3.283, 17.4], [3.376, 17.0], [3.509, 17.0], [3.633, 15.75], [3.827, 11.600000000000001], [3.939, 10.666666666666698], [4.201, 10.0], [4.392, 9.75], [4.612, 9.6], [4.844, 9.600000000000003], [5.039, 8.75], [5.25, 8.0], [5.52, 5.0], [5.718, 8.0], [5.905, 5.800000000000001], [6.152, 4.999999999999999], [6.49, 3.1999999999999984], [6.779, 4.0], [7.073, 4.0], [7.338, 3.0], [7.597, 6.749999999999994], [7.879, 3.25], [8.109, 7.0], [8.361, 5.25], [8.656, 3.75], [9.061, 5.0], [9.375, 2.25], [9.695, 2.0], [10.117, 4.4], [10.508, 3.666666666666668], [10.823, 3.400000000440002], [11.106, 1.750004411792787], [11.362, 2.8000000431993435], [11.716, 1.8000000000000016], [12.056, 1.25], [12.494, 4.0], [12.939, 1.0], [13.329, 0.4999999999999982], [13.726, 0.75], [14.105, 1.25], [14.485, 1.0], [14.885, 0.6000000000000014], [15.275, 0.5999999999999965], [15.641, 0.25000000012500045], [16.032, 0.25], [16.47, 3.333333333333332], [17.786, 1.0], [18.215, 3.399999999999994], [18.601, 1.0], [18.952, 0.5999999999999996], [19.38, 0.1999998908724816], [19.718, 0.1999999999999893], [20.075, 2.75], [20.406, 2.25], [20.837, 1.25], [21.234, 0.75], [21.636, 0.25], [22.196, 0.25], [22.667, 0.25], [23.068, 0.1999999999999993], [23.42, 0.0]]"
ξ_box,[34.0 26.0; 31.0 24.0; 23.0 23.0; 5.0 5.0; 13.0 17.0; 13.0 13.0; 17.0 18.0; 5.0 5.0; 12.0 17.0; 13.0 19.0]
