first,second
s_box,[24.0; 8.0; 0.0; 0.0; 30.0; 33.0; 32.0; 35.0; 29.0; 30.0;;]
x_pb,"[60.0, -0.0, -0.0, -0.0, -0.0, -0.0, -0.0, 0.0]"
s_bb,[24.0; 8.0; 0.0; 0.0; 30.0; 33.0; 32.0; 35.0; 29.0; 30.0;;]
partition_bb,"[[[0.0, 0.0, 0.0, 0.0, 0.0, 1.0, 6.0, 35.0, 10.0, 8.0], [0.0, 0.0, 0.0, 0.0, 1.0, 33.0, 28.0, 0.0, 0.0, 0.0], [0.0, 3.0, 10.0, 20.0, 30.0, 0.0, 0.0, 0.0, 0.0, 0.0], [24.0, 21.0, 14.0, 4.0, 0.0, 0.0, 0.0, 0.0, 0.0, 0.0], [0.0, 0.0, 0.0, 0.0, 0.0, 0.0, 0.0, 3.0, 28.0, 30.0], [12.0, 15.0, 22.0, 12.0, 2.0, 0.0, 0.0, 0.0, 0.0, 0.0], [4.0, 7.0, 14.0, 24.0, 14.0, 0.0, 0.0, 0.0, 0.0, 0.0], [0.0, 0.0, 0.0, 0.0, 0.0, 27.0, 32.0, 3.0, 0.0, 0.0], [0.0, 0.0, 0.0, 0.0, 0.0, 0.0, 0.0, 4.0, 29.0, 27.0], [19.0, 22.0, 15.0, 5.0, 0.0, 0.0, 0.0, 0.0, 0.0, 0.0]]]"
y_box,[-0.0 14.0 22.0 24.0 0.0 -0.0 -0.0 -0.0 -0.0 -0.0; -0.0 -0.0 -0.0 -0.0 -0.0 -0.0 -0.0 -0.0 -0.0 -0.0; -0.0 -0.0 -0.0 -0.0 -0.0 -0.0 -0.0 -0.0 -0.0 -0.0; -0.0 -0.0 -0.0 -0.0 -0.0 0.0 0.0 -0.0 -0.0 -0.0; -0.0 -0.0 -0.0 -0.0 -0.0 -0.0 -0.0 -0.0 -0.0 -0.0; -0.0 -0.0 -0.0 -0.0 -0.0 -0.0 -0.0 -0.0 -0.0 -0.0; -0.0 -0.0 -0.0 -0.0 -0.0 -0.0 -0.0 -0.0 -0.0 -0.0; -0.0 -0.0 -0.0 -0.0 -0.0 -0.0 -0.0 0.0 0.0 0.0;;;]
evol_bb,"[[0.398, 2.6414382787855174e7]]"
y_bb,[-0.0 14.0 22.0 24.0 0.0 -0.0 -0.0 -0.0 -0.0 -0.0; -0.0 -0.0 -0.0 -0.0 -0.0 -0.0 -0.0 -0.0 -0.0 -0.0; -0.0 -0.0 -0.0 -0.0 -0.0 -0.0 -0.0 -0.0 -0.0 -0.0; -0.0 -0.0 -0.0 -0.0 -0.0 0.0 0.0 -0.0 -0.0 -0.0; -0.0 -0.0 -0.0 -0.0 -0.0 -0.0 -0.0 -0.0 -0.0 -0.0; -0.0 -0.0 -0.0 -0.0 -0.0 -0.0 -0.0 -0.0 -0.0 -0.0; -0.0 -0.0 -0.0 -0.0 -0.0 -0.0 -0.0 -0.0 -0.0 -0.0; -0.0 -0.0 -0.0 -0.0 -0.0 -0.0 -0.0 0.0 0.0 0.0;;;]
evol_box,"[[0.533, 0.0], [2.665, 1334.0672509179296], [2.768, 6.574911133750728e6], [2.777, 1.3984534079770269e7], [2.785, 1.94823038088105e7], [2.791, 2.4263098721793067e7], [2.8, 2.521919278844871e7], [2.808, 2.569726355090779e7], [2.816, 2.6175343042206045e7], [2.823, 2.629486291503061e7], [2.828, 2.6414382787855174e7]]"
y_pb,[[-0.0 14.0 22.0 24.0 -0.0 -0.0 -0.0 -0.0 -0.0 -0.0; -0.0 -0.0 -0.0 -0.0 0.0 -0.0 -0.0 -0.0 -0.0 -0.0; -0.0 -0.0 -0.0 -0.0 -0.0 0.0 -0.0 -0.0 -0.0 -0.0; -0.0 -0.0 -0.0 -0.0 -0.0 -0.0 0.0 -0.0 -0.0 -0.0; -0.0 -0.0 -0.0 -0.0 -0.0 -0.0 -0.0 0.0 -0.0 -0.0; -0.0 -0.0 -0.0 -0.0 -0.0 -0.0 -0.0 0.0 -0.0 -0.0; -0.0 -0.0 -0.0 -0.0 -0.0 -0.0 -0.0 -0.0 0.0 -0.0; -0.0 -0.0 -0.0 -0.0 -0.0 -0.0 -0.0 -0.0 0.0 -0.0;;;]]
x_bb,"[60.0, 0.0, 0.0, 0.0, 0.0, 0.0, 0.0, 0.0]"
x_box,"[60.0, 0.0, 0.0, 0.0, 0.0, 0.0, 0.0, 0.0]"
evol_zeta,"[[2.184, 35.0], [2.766, 31.333333333333336], [2.775, 28.25], [2.783, 23.25], [2.79, 21.666666666666664], [2.798, 7.399999999999999], [2.806, 3.4000000000000012], [2.814, 3.333333333333332], [2.821, 1.0], [2.826, 0.75], [2.834, 0.0]]"
ξ_box,[24.0; 22.0; 22.0; 24.0; 30.0; 33.0; 32.0; 35.0; 29.0; 30.0;;]
