first,second
s_box,[1.0 21.0 0.0 5.0; 2.0 20.0 0.0 6.0; 13.0 0.0 9.0 17.0; 21.0 0.0 12.0 6.0; 4.0 15.0 15.0 0.0; 14.0 12.0 30.0 21.0; 0.0 2.0 0.0 5.0; 6.0 0.0 0.0 24.0; 0.0 13.0 0.0 0.0; 21.0 0.0 17.0 0.0]
x_pb,"[-0.0, -0.0, -0.0, -0.0, -0.0, 27.0, 0.0, 22.0]"
s_bb,[21.0 -0.0 -0.0 -0.0; 21.0 -0.0 -0.0 -0.0; 20.0 -0.0 -0.0 -0.0; 21.0 -0.0 -0.0 -0.0; 15.0 -0.0 -0.0 -0.0; 30.0 -0.0 -0.0 -0.0; 25.0 -0.0 -0.0 -0.0; 24.0 -0.0 -0.0 -0.0; 0.0 -0.0 -0.0 -0.0; 16.0 -0.0 -0.0 -0.0]
partition_bb,"[[[0.0, 0.0, 0.0, 0.0, 0.0, 0.0, 0.0, 0.0, 11.0, 38.0], [0.0, 0.0, 0.0, 2.0, 8.0, 30.0, 10.0, 1.0, 0.0, 0.0], [0.0, 0.0, 0.0, 0.0, 0.0, 0.0, 15.0, 24.0, 12.0, 0.0], [21.0, 20.0, 9.0, 0.0, 0.0, 0.0, 0.0, 0.0, 0.0, 0.0], [0.0, 0.0, 10.0, 21.0, 15.0, 0.0, 3.0, 0.0, 0.0, 0.0], [0.0, 0.0, 0.0, 0.0, 0.0, 0.0, 7.0, 15.0, 27.0, 0.0], [8.0, 9.0, 20.0, 9.0, 3.0, 0.0, 0.0, 0.0, 0.0, 0.0], [0.0, 0.0, 0.0, 0.0, 0.0, 5.0, 25.0, 16.0, 5.0, 0.0], [20.0, 21.0, 10.0, 0.0, 0.0, 0.0, 0.0, 0.0, 0.0, 0.0]], Vector{Float64}[], Vector{Float64}[], Vector{Float64}[]]"
y_box,[0.0 0.0 0.0 0.0 0.0 0.0 0.0 0.0 0.0 0.0; 0.0 0.0 0.0 0.0 0.0 0.0 0.0 0.0 0.0 0.0; 0.0 0.0 0.0 0.0 0.0 0.0 0.0 0.0 0.0 0.0; 0.0 0.0 0.0 0.0 11.0 0.0 0.0 0.0 0.0 0.0; 0.0 0.0 0.0 0.0 0.0 0.0 0.0 0.0 0.0 0.0; 0.0 0.0 0.0 0.0 0.0 0.0 0.0 0.0 18.0 0.0; 0.0 0.0 0.0 0.0 0.0 0.0 0.0 0.0 0.0 0.0; 0.0 0.0 0.0 0.0 0.0 0.0 0.0 0.0 0.0 17.0;;; 0.0 0.0 0.0 0.0 0.0 0.0 0.0 0.0 0.0 0.0; 0.0 0.0 0.0 0.0 0.0 0.0 0.0 0.0 0.0 0.0; 0.0 0.0 0.0 0.0 0.0 0.0 0.0 0.0 0.0 0.0; 0.0 0.0 0.0 0.0 0.0 0.0 11.0 0.0 0.0 0.0; 0.0 0.0 0.0 0.0 0.0 0.0 0.0 0.0 0.0 0.0; 0.0 0.0 13.0 8.0 0.0 0.0 0.0 0.0 0.0 0.0; 0.0 0.0 0.0 0.0 0.0 0.0 0.0 0.0 0.0 0.0; 0.0 0.0 0.0 1.0 0.0 0.0 0.0 4.0 0.0 12.0;;; 0.0 0.0 0.0 0.0 0.0 0.0 0.0 0.0 0.0 0.0; 0.0 0.0 0.0 0.0 0.0 0.0 0.0 0.0 0.0 0.0; 0.0 0.0 0.0 0.0 0.0 0.0 0.0 0.0 0.0 0.0; 0.0 0.0 1.0 0.0 0.0 0.0 10.0 0.0 0.0 0.0; 0.0 0.0 0.0 0.0 0.0 0.0 0.0 0.0 0.0 0.0; 0.0 0.0 0.0 1.0 0.0 0.0 0.0 14.0 6.0 0.0; 0.0 0.0 0.0 0.0 0.0 0.0 0.0 0.0 0.0 0.0; 0.0 0.0 0.0 0.0 0.0 0.0 0.0 4.0 0.0 13.0;;; 0.0 0.0 0.0 0.0 0.0 0.0 0.0 0.0 0.0 0.0; 0.0 0.0 0.0 0.0 0.0 0.0 0.0 0.0 0.0 0.0; 0.0 0.0 0.0 0.0 0.0 0.0 0.0 0.0 0.0 0.0; 0.0 0.0 0.0 0.0 0.0 0.0 11.0 0.0 0.0 0.0; 0.0 0.0 0.0 0.0 0.0 0.0 0.0 0.0 0.0 0.0; 0.0 0.0 0.0 0.0 0.0 0.0 0.0 0.0 21.0 0.0; 0.0 0.0 0.0 0.0 0.0 0.0 0.0 0.0 0.0 0.0; 0.0 0.0 0.0 0.0 0.0 0.0 0.0 0.0 0.0 17.0]
evol_bb,"[[147.293, 2.167299719841891e7]]"
y_bb,[0.0 -0.0 -0.0 -0.0 -0.0 -0.0 -0.0 -0.0 -0.0 -0.0; -0.0 -0.0 -0.0 -0.0 -0.0 -0.0 -0.0 -0.0 -0.0 -0.0; -0.0 -0.0 -0.0 -0.0 -0.0 0.0 -0.0 -0.0 -0.0 -0.0; -0.0 -0.0 -0.0 -0.0 -0.0 -0.0 0.0 -0.0 -0.0 -0.0; -0.0 -0.0 -0.0 -0.0 -0.0 -0.0 -0.0 -0.0 -0.0 -0.0; -0.0 -0.0 -0.0 -0.0 -0.0 -0.0 -0.0 -0.0 27.0 -0.0; -0.0 -0.0 -0.0 -0.0 -0.0 -0.0 -0.0 -0.0 -0.0 -0.0; -0.0 -0.0 -0.0 -0.0 -0.0 -0.0 -0.0 -0.0 -0.0 22.0;;; -0.0 -0.0 -0.0 -0.0 -0.0 -0.0 -0.0 -0.0 -0.0 -0.0; -0.0 -0.0 -0.0 -0.0 -0.0 -0.0 -0.0 -0.0 -0.0 -0.0; -0.0 -0.0 -0.0 -0.0 -0.0 -0.0 -0.0 -0.0 -0.0 -0.0; -0.0 -0.0 -0.0 -0.0 -0.0 -0.0 -0.0 -0.0 -0.0 -0.0; -0.0 -0.0 -0.0 -0.0 -0.0 -0.0 -0.0 -0.0 -0.0 -0.0; -0.0 -0.0 -0.0 -0.0 -0.0 -0.0 -0.0 -0.0 -0.0 -0.0; -0.0 -0.0 -0.0 -0.0 -0.0 -0.0 -0.0 -0.0 -0.0 -0.0; -0.0 -0.0 -0.0 -0.0 -0.0 -0.0 -0.0 -0.0 -0.0 -0.0;;; -0.0 -0.0 -0.0 -0.0 -0.0 -0.0 -0.0 -0.0 -0.0 -0.0; -0.0 -0.0 -0.0 -0.0 -0.0 -0.0 -0.0 -0.0 -0.0 -0.0; -0.0 -0.0 -0.0 -0.0 -0.0 -0.0 -0.0 -0.0 -0.0 -0.0; -0.0 -0.0 -0.0 -0.0 -0.0 -0.0 -0.0 -0.0 -0.0 -0.0; -0.0 -0.0 -0.0 -0.0 -0.0 -0.0 -0.0 -0.0 -0.0 -0.0; -0.0 -0.0 -0.0 -0.0 -0.0 -0.0 -0.0 -0.0 -0.0 -0.0; -0.0 -0.0 -0.0 -0.0 -0.0 -0.0 -0.0 -0.0 -0.0 -0.0; -0.0 -0.0 -0.0 -0.0 -0.0 -0.0 -0.0 -0.0 -0.0 -0.0;;; -0.0 -0.0 -0.0 -0.0 -0.0 -0.0 -0.0 -0.0 -0.0 -0.0; -0.0 -0.0 -0.0 -0.0 -0.0 -0.0 -0.0 -0.0 -0.0 -0.0; -0.0 -0.0 -0.0 -0.0 -0.0 -0.0 -0.0 -0.0 -0.0 -0.0; -0.0 -0.0 -0.0 -0.0 -0.0 -0.0 -0.0 -0.0 -0.0 -0.0; -0.0 -0.0 -0.0 -0.0 -0.0 -0.0 -0.0 -0.0 -0.0 -0.0; -0.0 -0.0 -0.0 -0.0 -0.0 -0.0 -0.0 -0.0 -0.0 -0.0; -0.0 -0.0 -0.0 -0.0 -0.0 -0.0 -0.0 -0.0 -0.0 -0.0; -0.0 -0.0 -0.0 -0.0 -0.0 -0.0 -0.0 -0.0 -0.0 -0.0]
evol_box,"[[0.411, 0.0], [2.024, 304.95572720893074], [2.118, 225135.36047425985], [2.154, 225135.36047425985], [2.329, 225327.07201457807], [2.489, 2.8077690832187105e6], [2.949, 3.48140759586523e6], [3.684, 4.3799880370216e6], [4.372, 4.380221739962064e6], [5.398, 4.492068966700977e6], [6.459, 5.165785651482009e6], [10.699, 5.727312027488166e6], [14.483, 5.727501944026766e6], [19.55, 6.064150202760254e6], [27.602, 6.176473424006743e6], [34.62, 6.625610983499508e6], [39.424, 6.7379293264717925e6], [45.962, 6.850192574983092e6], [51.845, 7.074822480487714e6], [55.905, 7.0748458964804e6], [66.374, 7.299425414255158e6], [74.409, 7.2994418790203985e6], [83.932, 7.299448684648834e6], [93.378, 7.411705249414829e6], [104.609, 7.41170726744511e6], [116.263, 7.636550060608545e6], [129.953, 7.74854662545542e6], [154.295, 7.8608547240334e6], [168.803, 7.860859486443089e6], [180.895, 7.973178518158248e6], [226.101, 8.310090018128356e6], [272.931, 8.3100248281350825e6], [306.615, 8.422319084444122e6], [360.806, 8.422319084444122e6], [438.437, 8.422319084444122e6], [488.979, 8.534658629908733e6], [621.965, 8.646958642669806e6], [727.586, 8.871503030814745e6], [885.934, 8.983802049533473e6], [1032.516, 8.983836600282867e6], [1154.532, 8.984000701372113e6], [1538.143, 9.096155522891182e6], [1857.344, 9.20837195747292e6], [2198.908, 9.208420954201667e6], [2952.592, 9.320666213781958e6], [3523.122, 9.320715826258305e6], [3600.036, 9.432975696586832e6]]"
y_pb,[[-0.0 0.0 -0.0 -0.0 -0.0 -0.0 -0.0 -0.0 -0.0 -0.0; -0.0 -0.0 -0.0 0.0 -0.0 -0.0 -0.0 -0.0 -0.0 -0.0; -0.0 -0.0 -0.0 -0.0 -0.0 0.0 -0.0 -0.0 -0.0 -0.0; -0.0 -0.0 -0.0 -0.0 -0.0 -0.0 0.0 -0.0 -0.0 -0.0; -0.0 -0.0 -0.0 -0.0 -0.0 -0.0 -0.0 0.0 -0.0 -0.0; -0.0 -0.0 -0.0 -0.0 -0.0 -0.0 -0.0 -0.0 27.0 -0.0; -0.0 -0.0 -0.0 -0.0 -0.0 -0.0 -0.0 -0.0 -0.0 -0.0; -0.0 -0.0 -0.0 -0.0 -0.0 -0.0 -0.0 -0.0 -0.0 22.0;;;]]
x_bb,"[0.0, 0.0, 0.0, 0.0, 0.0, 27.0, 0.0, 22.0]"
x_box,"[0.0, 0.0, 0.0, 11.0, 0.0, 21.0, 0.0, 17.0]"
evol_zeta,"[[2.101, 29.6], [2.131, 22.75], [2.166, 22.333333333333332], [2.348, 20.666666666666664], [2.502, 20.25], [2.964, 19.0], [3.699, 17.5], [4.394, 16.6], [5.467, 15.833333349392248], [6.477, 16.599999999999998], [10.786, 14.6], [14.511, 15.0], [19.57, 14.5], [27.629, 13.75], [34.697, 13.833333333333325], [39.447, 14.0], [45.991, 15.333333333333334], [51.865, 15.25], [55.97, 13.571428571428571], [66.445, 13.25], [74.514, 13.142857144271431], [84.001, 13.399999827162413], [93.407, 13.0], [104.649, 13.200000000000001], [116.301, 12.857142857142856], [130.014, 12.333333333333332], [154.338, 12.285714285714286], [168.859, 11.749999999999998], [180.951, 11.0], [226.14, 12.5], [272.967, 12.428571428571427], [306.687, 11.428571428571429], [360.84, 12.428571428571429], [438.473, 11.749999999999998], [489.054, 11.2], [622.053, 11.2], [727.612, 11.666666666666666], [885.971, 10.833333333333332], [1032.55, 10.8], [1154.575, 10.00000000110001], [1538.172, 11.75], [1857.443, 10.0], [2198.943, 11.2], [2952.666, 11.2], [3523.154, 10.8], [3600.052, 0.0]]"
ξ_box,[1.0 21.0 -0.0 5.0; 2.0 20.0 -0.0 6.0; 13.0 13.0 10.0 17.0; 21.0 9.0 13.0 6.0; 15.0 15.0 15.0 0.0; 14.0 12.0 30.0 21.0; 0.0 13.0 10.0 16.0; 6.0 4.0 18.0 24.0; 18.0 13.0 6.0 21.0; 38.0 12.0 30.0 17.0]
