first,second
s_box,[50.0; 23.0; 21.0; 18.0; 18.0; 8.0; 10.0; 16.0; 10.0; 0.0;;]
x_pb,"[-0.0, -0.0, -0.0, -0.0, -0.0, -0.0, 21.0, 29.0]"
s_bb,[50.0; 23.0; 21.0; 18.0; 18.0; 8.0; 10.0; 16.0; 10.0; 0.0;;]
partition_bb,"[[[50.0, 1.0, 0.0, 0.0, 0.0, 0.0, 0.0, 0.0, 0.0, 0.0], [0.0, 0.0, 0.0, 0.0, 0.0, 0.0, 0.0, 1.0, 31.0, 20.0], [0.0, 23.0, 12.0, 10.0, 6.0, 0.0, 0.0, 0.0, 0.0, 0.0], [0.0, 0.0, 0.0, 0.0, 4.0, 8.0, 10.0, 16.0, 0.0, 11.0], [0.0, 1.0, 6.0, 14.0, 18.0, 8.0, 7.0, 2.0, 0.0, 0.0], [0.0, 0.0, 0.0, 0.0, 0.0, 0.0, 0.0, 0.0, 18.0, 29.0], [0.0, 10.0, 21.0, 13.0, 9.0, 0.0, 0.0, 0.0, 0.0, 0.0], [0.0, 5.0, 10.0, 18.0, 14.0, 4.0, 3.0, 0.0, 0.0, 0.0]]]"
y_box,[0.0 -0.0 -0.0 -0.0 -0.0 -0.0 -0.0 -0.0 -0.0 -0.0; -0.0 -0.0 -0.0 -0.0 -0.0 -0.0 -0.0 -0.0 -0.0 -0.0; -0.0 -0.0 -0.0 -0.0 -0.0 -0.0 -0.0 -0.0 -0.0 -0.0; -0.0 -0.0 -0.0 -0.0 -0.0 -0.0 -0.0 -0.0 -0.0 -0.0; -0.0 0.0 0.0 0.0 0.0 0.0 0.0 -0.0 -0.0 -0.0; -0.0 -0.0 -0.0 -0.0 -0.0 -0.0 -0.0 0.0 -0.0 -0.0; -0.0 -0.0 -0.0 -0.0 -0.0 -0.0 -0.0 -0.0 21.0 -0.0; -0.0 -0.0 -0.0 -0.0 -0.0 -0.0 -0.0 -0.0 -0.0 29.0;;;]
evol_bb,"[[0.284, 2.3131074026174344e7]]"
y_bb,[0.0 -0.0 -0.0 -0.0 -0.0 -0.0 -0.0 -0.0 -0.0 -0.0; -0.0 -0.0 -0.0 -0.0 -0.0 -0.0 -0.0 -0.0 -0.0 -0.0; -0.0 -0.0 -0.0 -0.0 -0.0 -0.0 -0.0 -0.0 -0.0 -0.0; -0.0 -0.0 -0.0 -0.0 -0.0 -0.0 -0.0 -0.0 -0.0 -0.0; -0.0 0.0 0.0 0.0 0.0 0.0 0.0 -0.0 -0.0 -0.0; -0.0 -0.0 -0.0 -0.0 -0.0 -0.0 -0.0 0.0 -0.0 -0.0; -0.0 -0.0 -0.0 -0.0 -0.0 -0.0 -0.0 -0.0 21.0 -0.0; -0.0 -0.0 -0.0 -0.0 -0.0 -0.0 -0.0 -0.0 -0.0 29.0;;;]
evol_box,"[[0.419, 0.0], [2.078, 134881.58603366808], [2.156, 7.045871967742759e6], [2.161, 1.3692675710896308e7], [2.164, 1.807956618137765e7], [2.17, 2.0206543379186783e7], [2.175, 2.140290505295442e7], [2.178, 2.259932972672206e7], [2.183, 2.3131074026174344e7]]"
y_pb,[[0.0 -0.0 -0.0 -0.0 -0.0 -0.0 -0.0 -0.0 -0.0 -0.0; -0.0 -0.0 0.0 -0.0 -0.0 -0.0 -0.0 -0.0 -0.0 -0.0; -0.0 -0.0 0.0 -0.0 -0.0 -0.0 -0.0 -0.0 -0.0 -0.0; -0.0 -0.0 0.0 -0.0 -0.0 -0.0 -0.0 -0.0 -0.0 -0.0; -0.0 -0.0 0.0 -0.0 -0.0 -0.0 -0.0 -0.0 -0.0 -0.0; -0.0 -0.0 -0.0 -0.0 -0.0 -0.0 -0.0 -0.0 0.0 -0.0; -0.0 -0.0 -0.0 -0.0 -0.0 -0.0 -0.0 -0.0 21.0 -0.0; -0.0 -0.0 -0.0 -0.0 -0.0 -0.0 -0.0 -0.0 -0.0 29.0;;;]]
x_bb,"[0.0, 0.0, 0.0, 0.0, 0.0, 0.0, 21.0, 29.0]"
x_box,"[0.0, 0.0, 0.0, 0.0, 0.0, 0.0, 21.0, 29.0]"
evol_zeta,"[[1.718, 49.5], [2.154, 30.333333333333332], [2.159, 21.75], [2.163, 15.0], [2.168, 11.142857142857146], [2.173, 9.000000000000014], [2.177, 8.25], [2.181, 3.3333333333333335], [2.186, 0.0]]"
ξ_box,[50.0; 23.0; 21.0; 18.0; 18.0; 8.0; 10.0; 16.0; 31.0; 29.0;;]
