first,second
s_box,[-0.0 -0.0; 0.0 1.0; -0.0 6.0; 3.0 3.0; 7.0 8.0; 13.0 11.0; 13.0 10.0; 7.0 4.0; 1.0 1.0; 6.0 6.0]
x_pb,"[26.0, -0.0, -0.0, 1.0, -0.0, -0.0, -0.0, -0.0]"
s_bb,[-0.0 -0.0; -0.0 1.0; -0.0 6.0; 3.0 3.0; 7.0 3.0; 13.0 11.0; 13.0 10.0; 7.0 9.0; 1.0 1.0; 6.0 6.0]
partition_bb,"[[[0.0, 0.0, 0.0, 0.0, 0.0, 5.0, 7.0, 15.0, 0.0, 0.0], [0.0, 0.0, 0.0, 0.0, 0.0, 9.0, 13.0, 5.0, 0.0, 0.0], [5.0, 0.0, 0.0, 0.0, 0.0, 8.0, 12.0, 4.0, 0.0, 0.0], [0.0, 0.0, 0.0, 0.0, 0.0, 8.0, 12.0, 4.0, 0.0, 5.0], [0.0, 0.0, 5.0, 0.0, 0.0, 8.0, 12.0, 4.0, 0.0, 0.0], [0.0, 0.0, 0.0, 0.0, 5.0, 8.0, 12.0, 4.0, 0.0, 0.0], [0.0, 0.0, 0.0, 0.0, 2.0, 13.0, 11.0, 3.0, 0.0, 0.0], [0.0, 0.0, 9.0, 0.0, 0.0, 7.0, 11.0, 3.0, 0.0, 0.0], [9.0, 0.0, 0.0, 0.0, 0.0, 7.0, 11.0, 3.0, 0.0, 0.0], [0.0, 1.0, 0.0, 3.0, 0.0, 4.0, 6.0, 14.0, 0.0, 0.0], [0.0, 0.0, 0.0, 2.0, 7.0, 2.0, 4.0, 12.0, 0.0, 0.0], [0.0, 0.0, 0.0, 0.0, 0.0, 5.0, 7.0, 15.0, 1.0, 0.0], [0.0, 0.0, 0.0, 0.0, 0.0, 3.0, 5.0, 13.0, 1.0, 6.0]], [[0.0, 1.0, 13.0, 2.0, 0.0, 0.0, 2.0, 10.0, 0.0, 0.0], [12.0, 1.0, 0.0, 3.0, 4.0, 0.0, 0.0, 0.0, 1.0, 6.0], [11.0, 0.0, 0.0, 0.0, 0.0, 11.0, 7.0, 1.0, 0.0, 0.0], [0.0, 1.0, 13.0, 3.0, 8.0, 0.0, 2.0, 0.0, 0.0, 0.0], [0.0, 0.0, 0.0, 3.0, 8.0, 6.0, 10.0, 2.0, 0.0, 0.0], [0.0, 0.0, 11.0, 0.0, 0.0, 2.0, 4.0, 12.0, 0.0, 0.0]]]"
y_box,[9.0 1.0 9.0 0.0 -0.0 -0.0 -0.0 -0.0 -0.0 -0.0; -0.0 -0.0 -0.0 -0.0 -0.0 -0.0 -0.0 -0.0 -0.0 -0.0; -0.0 -0.0 -0.0 -0.0 -0.0 -0.0 0.0 0.0 -0.0 -0.0; -0.0 -0.0 -0.0 -0.0 -0.0 -0.0 -0.0 8.0 -0.0 -0.0; -0.0 -0.0 -0.0 -0.0 -0.0 -0.0 -0.0 0.0 -0.0 -0.0; -0.0 -0.0 -0.0 -0.0 -0.0 -0.0 -0.0 -0.0 -0.0 -0.0; -0.0 -0.0 -0.0 -0.0 -0.0 -0.0 -0.0 -0.0 0.0 0.0; -0.0 -0.0 -0.0 -0.0 -0.0 -0.0 -0.0 -0.0 -0.0 0.0;;; 12.0 0.0 7.0 -0.0 -0.0 -0.0 -0.0 -0.0 -0.0 -0.0; -0.0 -0.0 -0.0 -0.0 -0.0 -0.0 -0.0 0.0 -0.0 -0.0; -0.0 -0.0 -0.0 -0.0 -0.0 -0.0 -0.0 -0.0 -0.0 -0.0; -0.0 -0.0 -0.0 0.0 -0.0 -0.0 -0.0 8.0 -0.0 -0.0; -0.0 -0.0 -0.0 -0.0 -0.0 -0.0 -0.0 -0.0 -0.0 -0.0; -0.0 -0.0 -0.0 -0.0 -0.0 -0.0 -0.0 0.0 -0.0 -0.0; -0.0 -0.0 -0.0 -0.0 -0.0 -0.0 -0.0 0.0 -0.0 0.0; -0.0 -0.0 -0.0 -0.0 -0.0 -0.0 -0.0 -0.0 -0.0 -0.0]
evol_bb,"[[1.003, 7.0536438567786245e6], [16.489, 6.932037935870143e6], [17.668, 6.811404150578435e6], [25.22, 6.688826094053178e6], [25.233, 6.567220173144696e6], [56.354, 6.567220173144695e6], [57.665, 6.445618673786149e6], [67.378, 6.4456142522362145e6], [78.302, 6.324030439077403e6], [83.622, 6.324017174427601e6], [90.753, 6.324008331327732e6], [91.927, 6.202502112981197e6], [91.961, 6.080896192072715e6]]"
y_bb,[9.0 1.0 9.0 0.0 -0.0 -0.0 -0.0 -0.0 -0.0 -0.0; -0.0 -0.0 -0.0 -0.0 -0.0 0.0 -0.0 -0.0 -0.0 -0.0; -0.0 -0.0 -0.0 -0.0 -0.0 0.0 0.0 -0.0 -0.0 -0.0; -0.0 -0.0 -0.0 -0.0 -0.0 -0.0 -0.0 8.0 -0.0 -0.0; -0.0 -0.0 -0.0 -0.0 -0.0 -0.0 -0.0 0.0 -0.0 -0.0; -0.0 -0.0 -0.0 -0.0 -0.0 -0.0 -0.0 0.0 -0.0 -0.0; -0.0 -0.0 -0.0 -0.0 -0.0 -0.0 -0.0 -0.0 0.0 0.0; -0.0 -0.0 -0.0 -0.0 -0.0 -0.0 -0.0 -0.0 -0.0 0.0;;; 12.0 0.0 7.0 -0.0 -0.0 -0.0 -0.0 -0.0 -0.0 -0.0; -0.0 -0.0 0.0 0.0 -0.0 -0.0 -0.0 -0.0 -0.0 -0.0; -0.0 -0.0 -0.0 -0.0 -0.0 -0.0 -0.0 -0.0 -0.0 -0.0; -0.0 -0.0 -0.0 -0.0 5.0 0.0 0.0 3.0 -0.0 -0.0; -0.0 -0.0 -0.0 -0.0 -0.0 -0.0 -0.0 0.0 -0.0 -0.0; -0.0 -0.0 -0.0 -0.0 -0.0 -0.0 -0.0 0.0 -0.0 -0.0; -0.0 -0.0 -0.0 -0.0 -0.0 -0.0 -0.0 0.0 -0.0 -0.0; -0.0 -0.0 -0.0 -0.0 -0.0 -0.0 -0.0 0.0 -0.0 0.0]
evol_box,"[[0.412, 0.0], [2.012, 949.5280417113147], [2.104, 122450.7663998144], [2.148, 1.946523244071223e6], [2.167, 1.946523244071223e6], [2.189, 3.040648466798716e6], [2.242, 3.648678071341126e6], [2.343, 3.6486869144409946e6], [2.374, 3.770283992249608e6], [2.415, 3.891889913158091e6], [2.463, 4.500026769326089e6], [2.616, 4.6215254386089835e6], [2.824, 4.986446031410143e6], [2.977, 4.986448665372964e6], [3.127, 5.108277187691757e6], [3.272, 5.2295550431513935e6], [3.441, 5.229662294777041e6], [3.691, 5.472766884968357e6], [3.95, 5.472766884968354e6], [4.177, 5.59437280587684e6], [4.433, 5.59437280587684e6], [4.647, 5.594377227426774e6], [4.786, 5.715978726785321e6], [4.954, 5.715978625448897e6], [5.126, 5.837584647693804e6], [5.312, 5.8375846476938035e6], [5.584, 5.8375846476938035e6], [5.824, 5.837687477769518e6], [6.048, 5.959194990152221e6], [6.308, 5.959225941001759e6], [6.517, 5.959272584964492e6], [6.713, 5.959297820227933e6], [6.919, 6.080796489510768e6], [7.173, 6.080796489510769e6], [7.443, 6.080796489510769e6], [7.666, 6.080796489510768e6], [7.965, 6.080796489510767e6], [8.227, 6.080896192072716e6]]"
y_pb,[[12.0 1.0 13.0 -0.0 -0.0 -0.0 -0.0 -0.0 -0.0 -0.0; -0.0 -0.0 -0.0 -0.0 -0.0 -0.0 -0.0 0.0 -0.0 -0.0; -0.0 -0.0 -0.0 -0.0 -0.0 -0.0 -0.0 0.0 -0.0 -0.0; -0.0 -0.0 -0.0 -0.0 -0.0 -0.0 -0.0 1.0 -0.0 -0.0; -0.0 -0.0 -0.0 -0.0 -0.0 -0.0 -0.0 0.0 -0.0 -0.0; -0.0 -0.0 -0.0 -0.0 -0.0 -0.0 -0.0 0.0 -0.0 -0.0; -0.0 -0.0 -0.0 -0.0 -0.0 -0.0 -0.0 0.0 -0.0 -0.0; -0.0 -0.0 -0.0 -0.0 -0.0 -0.0 -0.0 -0.0 -0.0 0.0;;;]]
x_bb,"[19.0, 0.0, 0.0, 8.0, -0.0, -0.0, 0.0, -0.0]"
x_box,"[19.0, 0.0, 0.0, 8.0, 0.0, 0.0, 0.0, 0.0]"
evol_zeta,"[[1.661, 15.0], [2.094, 13.0], [2.133, 12.0], [2.152, 12.0], [2.172, 11.2], [2.218, 10.25], [2.247, 7.0], [2.347, 8.0], [2.381, 8.75], [2.421, 8.000000000000004], [2.468, 6.0], [2.644, 6.0], [2.837, 5.2], [2.983, 5.33333333333333], [3.131, 4.5], [3.277, 3.999999999999996], [3.469, 5.5], [3.722, 4.499999999999999], [3.954, 3.0], [4.207, 3.25], [4.438, 4.0], [4.65, 3.8000000000000007], [4.795, 2.1999999999999993], [4.961, 4.0], [5.139, 3.0], [5.316, 2.5000000000000004], [5.591, 2.0], [5.843, 2.1999999999999993], [6.079, 3.75], [6.314, 2.5], [6.524, 2.999999999999999], [6.719, 1.0000000002000036], [6.932, 3.0], [7.176, 2.666666666666668], [7.45, 1.0], [7.681, 0.3999999999999997], [7.977, 0.25], [8.24, 0.0]]"
ξ_box,[9.0 12.0; 1.0 1.0; 9.0 13.0; 3.0 3.0; 7.0 8.0; 13.0 11.0; 13.0 10.0; 15.0 12.0; 1.0 1.0; 6.0 6.0]
