first,second
s_box,[0.0; 5.0; 10.0; 11.0; 1.0; 5.0; 12.0; 24.0; 22.0; 25.0;;]
x_pb,"[41.0, -0.0, 0.0, -0.0, -0.0, -0.0, -0.0, -0.0]"
s_bb,[0.0; 5.0; 10.0; 11.0; 1.0; 5.0; 12.0; 24.0; 22.0; 25.0;;]
partition_bb,"[[[26.0, 14.0, 1.0, 0.0, 0.0, 0.0, 0.0, 0.0, 0.0, 0.0], [0.0, 0.0, 0.0, 0.0, 0.0, 0.0, 0.0, 0.0, 17.0, 25.0], [0.0, 0.0, 0.0, 0.0, 0.0, 0.0, 10.0, 24.0, 7.0, 0.0], [0.0, 8.0, 10.0, 11.0, 0.0, 4.0, 0.0, 0.0, 8.0, 0.0], [8.0, 20.0, 7.0, 6.0, 0.0, 0.0, 0.0, 0.0, 0.0, 0.0], [0.0, 0.0, 0.0, 0.0, 0.0, 0.0, 0.0, 5.0, 22.0, 14.0], [0.0, 12.0, 7.0, 8.0, 1.0, 1.0, 12.0, 0.0, 0.0, 0.0], [0.0, 0.0, 0.0, 0.0, 1.0, 5.0, 0.0, 3.0, 20.0, 12.0]]]"
y_box,[26.0 15.0 -0.0 -0.0 -0.0 -0.0 -0.0 -0.0 -0.0 -0.0; -0.0 -0.0 -0.0 -0.0 -0.0 -0.0 -0.0 -0.0 -0.0 -0.0; -0.0 -0.0 -0.0 -0.0 -0.0 0.0 -0.0 -0.0 -0.0 -0.0; -0.0 -0.0 -0.0 -0.0 -0.0 -0.0 -0.0 -0.0 -0.0 -0.0; -0.0 -0.0 -0.0 -0.0 -0.0 -0.0 -0.0 -0.0 -0.0 -0.0; -0.0 -0.0 -0.0 -0.0 -0.0 -0.0 -0.0 -0.0 -0.0 -0.0; -0.0 -0.0 -0.0 -0.0 -0.0 -0.0 -0.0 -0.0 -0.0 -0.0; -0.0 -0.0 -0.0 -0.0 -0.0 -0.0 -0.0 -0.0 -0.0 -0.0;;;]
evol_bb,"[[0.253, 1.5532049366591921e7]]"
y_bb,[26.0 15.0 -0.0 -0.0 -0.0 -0.0 -0.0 -0.0 -0.0 -0.0; -0.0 -0.0 -0.0 -0.0 -0.0 -0.0 -0.0 -0.0 -0.0 -0.0; -0.0 -0.0 -0.0 -0.0 -0.0 0.0 -0.0 -0.0 -0.0 -0.0; -0.0 -0.0 -0.0 -0.0 -0.0 -0.0 -0.0 -0.0 -0.0 -0.0; -0.0 -0.0 -0.0 -0.0 -0.0 -0.0 -0.0 -0.0 -0.0 -0.0; -0.0 -0.0 -0.0 -0.0 -0.0 -0.0 -0.0 -0.0 -0.0 -0.0; -0.0 -0.0 -0.0 -0.0 -0.0 -0.0 -0.0 -0.0 -0.0 -0.0; -0.0 -0.0 -0.0 -0.0 -0.0 -0.0 -0.0 -0.0 -0.0 -0.0;;;]
evol_box,"[[0.384, 0.0], [1.887, 245.5336608501459], [1.957, 5.6727332876415495e6], [1.962, 1.0264747660441356e7], [1.965, 1.2965932585617714e7], [1.97, 1.377627916522729e7], [1.974, 1.4586634642780196e7], [1.979, 1.5261930874074286e7], [1.983, 1.5532049366591921e7]]"
y_pb,[[26.0 15.0 -0.0 -0.0 -0.0 -0.0 -0.0 -0.0 -0.0 -0.0; -0.0 -0.0 -0.0 0.0 -0.0 -0.0 -0.0 -0.0 -0.0 -0.0; -0.0 -0.0 -0.0 -0.0 0.0 -0.0 -0.0 -0.0 -0.0 -0.0; -0.0 -0.0 -0.0 -0.0 -0.0 -0.0 0.0 -0.0 -0.0 -0.0; -0.0 -0.0 -0.0 -0.0 -0.0 -0.0 -0.0 -0.0 -0.0 0.0; -0.0 -0.0 -0.0 -0.0 -0.0 -0.0 -0.0 -0.0 -0.0 0.0; -0.0 -0.0 -0.0 -0.0 -0.0 -0.0 -0.0 -0.0 -0.0 0.0; -0.0 -0.0 -0.0 -0.0 -0.0 -0.0 -0.0 -0.0 -0.0 0.0;;;]]
x_bb,"[41.0, 0.0, 0.0, 0.0, 0.0, 0.0, 0.0, 0.0]"
x_box,"[41.0, 0.0, 0.0, 0.0, 0.0, 0.0, 0.0, 0.0]"
evol_zeta,"[[1.558, 26.0], [1.956, 24.5], [1.96, 24.0], [1.964, 11.0], [1.968, 6.0], [1.973, 5.0], [1.977, 5.0], [1.981, 2.0], [1.985, 0.0]]"
ξ_box,[26.0; 20.0; 10.0; 11.0; 1.0; 5.0; 12.0; 24.0; 22.0; 25.0;;]
