first,second
s_box,[41.0; 28.0; 24.0; 24.0; 26.0; 27.0; 22.0; 0.0; 27.0; 0.0;;]
x_pb,"[-0.0, -0.0, -0.0, -0.0, 3.0, -0.0, 26.0, 29.0]"
s_bb,[41.0; 28.0; 24.0; 24.0; 26.0; 27.0; 22.0; 0.0; 27.0; 0.0;;]
partition_bb,"[[[41.0, 10.0, 9.0, 0.0, 0.0, 0.0, 0.0, 0.0, 0.0, 0.0], [0.0, 0.0, 0.0, 0.0, 0.0, 0.0, 1.0, 10.0, 15.0, 29.0], [0.0, 0.0, 0.0, 0.0, 0.0, 27.0, 19.0, 7.0, 5.0, 0.0], [0.0, 2.0, 10.0, 22.0, 26.0, 0.0, 0.0, 0.0, 0.0, 0.0], [0.0, 28.0, 20.0, 8.0, 4.0, 0.0, 0.0, 0.0, 0.0, 0.0], [0.0, 0.0, 0.0, 0.0, 0.0, 6.0, 14.0, 26.0, 8.0, 7.0], [0.0, 0.0, 0.0, 0.0, 0.0, 5.0, 8.0, 9.0, 27.0, 13.0], [0.0, 0.0, 0.0, 0.0, 0.0, 17.0, 25.0, 13.0, 6.0, 0.0], [0.0, 16.0, 24.0, 10.0, 8.0, 0.0, 0.0, 0.0, 0.0, 0.0], [0.0, 4.0, 10.0, 24.0, 20.0, 0.0, 0.0, 0.0, 0.0, 0.0]]]"
y_box,[0.0 0.0 0.0 -0.0 -0.0 -0.0 -0.0 -0.0 -0.0 -0.0; -0.0 -0.0 -0.0 -0.0 -0.0 -0.0 -0.0 -0.0 -0.0 -0.0; -0.0 -0.0 -0.0 -0.0 -0.0 -0.0 -0.0 -0.0 -0.0 -0.0; -0.0 -0.0 -0.0 0.0 0.0 -0.0 -0.0 -0.0 -0.0 -0.0; -0.0 -0.0 -0.0 -0.0 -0.0 0.0 3.0 -0.0 -0.0 -0.0; -0.0 -0.0 -0.0 -0.0 -0.0 -0.0 -0.0 -0.0 -0.0 -0.0; -0.0 -0.0 -0.0 -0.0 -0.0 -0.0 -0.0 26.0 -0.0 -0.0; -0.0 -0.0 -0.0 -0.0 -0.0 -0.0 -0.0 -0.0 0.0 29.0;;;]
evol_bb,"[[0.316, 2.8962286739336967e7]]"
y_bb,[0.0 0.0 0.0 -0.0 -0.0 -0.0 -0.0 -0.0 -0.0 -0.0; -0.0 -0.0 -0.0 -0.0 -0.0 -0.0 -0.0 -0.0 -0.0 -0.0; -0.0 -0.0 -0.0 -0.0 -0.0 -0.0 -0.0 -0.0 -0.0 -0.0; -0.0 -0.0 -0.0 0.0 0.0 -0.0 -0.0 -0.0 -0.0 -0.0; -0.0 -0.0 -0.0 -0.0 -0.0 0.0 3.0 -0.0 -0.0 -0.0; -0.0 -0.0 -0.0 -0.0 -0.0 -0.0 -0.0 -0.0 -0.0 -0.0; -0.0 -0.0 -0.0 -0.0 -0.0 -0.0 -0.0 26.0 -0.0 -0.0; -0.0 -0.0 -0.0 -0.0 -0.0 -0.0 -0.0 -0.0 0.0 29.0;;;]
evol_box,"[[0.488, 0.0], [2.122, 265420.4902835632], [2.205, 7.538544194644428e6], [2.212, 1.3489541773028413e7], [2.218, 1.996959493639058e7], [2.225, 2.367248245831181e7], [2.23, 2.5788383149118766e7], [2.236, 2.7375334944227867e7], [2.242, 2.816881084178242e7], [2.248, 2.8697794773485452e7], [2.252, 2.8962286739336967e7]]"
y_pb,[[0.0 -0.0 -0.0 -0.0 -0.0 -0.0 -0.0 -0.0 -0.0 -0.0; -0.0 -0.0 0.0 -0.0 -0.0 -0.0 -0.0 -0.0 -0.0 -0.0; -0.0 -0.0 -0.0 -0.0 0.0 -0.0 -0.0 -0.0 -0.0 -0.0; -0.0 -0.0 -0.0 -0.0 0.0 -0.0 -0.0 -0.0 -0.0 -0.0; -0.0 -0.0 -0.0 -0.0 -0.0 -0.0 3.0 -0.0 -0.0 -0.0; -0.0 -0.0 -0.0 -0.0 -0.0 -0.0 -0.0 0.0 -0.0 -0.0; -0.0 -0.0 -0.0 -0.0 -0.0 -0.0 -0.0 26.0 -0.0 -0.0; -0.0 -0.0 -0.0 -0.0 -0.0 -0.0 -0.0 -0.0 -0.0 29.0;;;]]
x_bb,"[0.0, 0.0, 0.0, 0.0, 3.0, 0.0, 26.0, 29.0]"
x_box,"[0.0, 0.0, 0.0, 0.0, 3.0, 0.0, 26.0, 29.0]"
evol_zeta,"[[2.204, 29.0], [2.21, 27.0], [2.217, 25.5], [2.223, 17.5], [2.229, 15.399999999999999], [2.234, 11.200000000000003], [2.241, 5.25], [2.246, 4.0], [2.25, 2.0], [2.254, 0.0]]"
ξ_box,[41.0; 28.0; 24.0; 24.0; 26.0; 27.0; 25.0; 26.0; 27.0; 29.0;;]
